0.698333 0.00629371 0.0862672 0.0155397 0.00141259 0.0022201 0.189934 
0.795004 0.00774126 0.0661411 0.0204843 0.00236591 0.00204955 0.106214 
0.759058 0.007144 0.0741495 0.0172512 0.00143175 0.00215707 0.138808 
0.791066 0.00778625 0.0652146 0.0160028 0.00195669 0.0022801 0.115694 
0.779189 0.00689835 0.0708344 0.0218374 0.00121538 0.00187263 0.118153 
0.78372 0.00829071 0.066617 0.0205327 0.0014482 0.0016486 0.117743 
0.781071 0.00699038 0.0696053 0.0237598 0.00153786 0.00198509 0.115051 
0.766692 0.00870343 0.0660818 0.0210797 0.00150024 0.00227607 0.133666 
0.754458 0.00789163 0.0758076 0.029136 0.0019699 0.0013622 0.129375 
0.807236 0.00801494 0.0785983 0.0236567 0.00168192 0.00148498 0.079327 
0.765251 0.00823949 0.0726193 0.0311364 0.0023551 0.00160726 0.118791 
0.744331 0.00899663 0.0738294 0.0218478 0.00178036 0.00132611 0.147889 
0.769478 0.00900915 0.0689111 0.0206213 0.00246976 0.00162118 0.12789 
0.767059 0.0079898 0.0750889 0.0198147 0.00164371 0.00155781 0.126846 
0.778899 0.00655785 0.0775699 0.0222611 0.00223685 0.00118422 0.111291 
0.80532 0.00721443 0.0637579 0.0370012 0.00274713 0.00126776 0.0826915 
0.763572 0.00774927 0.0664068 0.0356558 0.00280089 0.00131991 0.122496 
0.769376 0.00762673 0.0663194 0.0323354 0.00203875 0.00157423 0.12073 
0.812783 0.00942876 0.0579872 0.0289865 0.00217135 0.00207412 0.0865685 
0.860198 0.0120156 0.0474401 0.00933033 0.00152459 0.00372342 0.0657677 
0.778679 0.0308476 0.0401881 0.00208245 0.00478616 0.0164791 0.126938 
0.844559 0.0205623 0.0420229 0.00516808 0.00231542 0.00705329 0.0783192 
0.871678 0.0240305 0.0324456 0.0465616 0.00245324 0.00251645 0.0203146 
0.866266 0.0166621 0.0417955 0.0379089 0.00201247 0.00253231 0.0328224 
0.871551 0.0153831 0.0384452 0.0368453 0.00241429 0.00237245 0.0329888 
0.867964 0.0275838 0.0243577 0.0515758 0.00393163 0.00313522 0.0214523 
0.866031 0.0233477 0.0330823 0.0465246 0.00215203 0.00190892 0.0269537 
0.858874 0.0225761 0.0338495 0.0409433 0.00208409 0.00222254 0.03945 
0.856191 0.0187249 0.0373817 0.0481232 0.00137983 0.0024033 0.0357965 
0.819835 0.0197581 0.0389213 0.0818309 0.00166099 0.00187635 0.0361175 
0.831806 0.0158365 0.0470594 0.0555378 0.00162654 0.00135309 0.0467805 
0.814727 0.0222069 0.0382747 0.0730534 0.00174573 0.00228607 0.0477056 
0.809125 0.0287035 0.0330141 0.0927528 0.00216472 0.00158102 0.0326584 
0.819583 0.0238923 0.028976 0.0964145 0.0026261 0.00151632 0.0269922 
0.818378 0.0158398 0.0381785 0.0820794 0.00197369 0.00180708 0.0417433 
0.833934 0.0189516 0.0368627 0.0617708 0.0016158 0.00206823 0.0447967 
0.815832 0.0226954 0.0322626 0.0839972 0.00209408 0.00197337 0.0411451 
0.826517 0.0243009 0.0333819 0.0652946 0.00201001 0.00215072 0.0463445 
0.817882 0.0226164 0.0395187 0.0610334 0.00225044 0.0016183 0.0550804 
0.826379 0.0336691 0.0329618 0.074462 0.00197635 0.00202743 0.0285242 
0.763789 0.137104 0.0188185 0.0446841 0.00474526 0.00514159 0.0257176 
0.365294 0.479844 0.00933604 0.00661741 0.01209 0.0641685 0.0626502 
0.246537 0.626815 0.00451172 0.00759474 0.0291365 0.0112251 0.0741798 
0.424276 0.477426 0.00596411 0.0202478 0.0174129 0.0120545 0.042619 
0.366574 0.55401 0.00544087 0.0265194 0.0123155 0.00713235 0.0280078 
0.317904 0.60887 0.00470405 0.0163507 0.014014 0.0115782 0.0265785 
0.450734 0.46204 0.00847226 0.0269566 0.0110244 0.012014 0.0287588 
0.543195 0.326525 0.0102208 0.0544434 0.0170922 0.0202977 0.0282256 
0.473274 0.40607 0.0099433 0.0485852 0.0130837 0.0188283 0.0302157 
0.501515 0.341728 0.0108747 0.0813669 0.0152791 0.0151893 0.0340475 
0.578866 0.275363 0.0117996 0.0774073 0.0134634 0.0109728 0.0321284 
0.550347 0.320565 0.0116847 0.0660855 0.0113025 0.0119405 0.0280745 
0.564435 0.278389 0.0115457 0.0858594 0.0192103 0.00934528 0.0312147 
0.531105 0.322573 0.0114217 0.0737632 0.0180523 0.00908804 0.0339973 
0.525962 0.346597 0.0117479 0.0548125 0.0152905 0.00994757 0.0356424 
0.51482 0.341806 0.0115654 0.0724026 0.0177994 0.00918561 0.0324212 
0.559237 0.291055 0.0130662 0.0818506 0.0155544 0.00811385 0.0311226 
0.606874 0.245095 0.0148883 0.0700738 0.0153864 0.00810174 0.0395805 
0.593443 0.260858 0.0157759 0.0734096 0.00982762 0.00754982 0.0391368 
0.54603 0.307767 0.014178 0.0816752 0.0093011 0.00642423 0.0346239 
0.634567 0.209312 0.0163197 0.0929612 0.00842853 0.00653814 0.0318734 
0.607331 0.242046 0.0130859 0.0881787 0.0148633 0.00602851 0.0284669 
0.636883 0.21281 0.015061 0.0857667 0.0101495 0.00741551 0.0319137 
0.666666 0.18122 0.0159732 0.0941413 0.00850817 0.00545554 0.0280352 
0.632463 0.242414 0.0141368 0.0672843 0.00994155 0.00650768 0.0272517 
0.644446 0.209166 0.0161455 0.0962284 0.00691745 0.00591654 0.02118 
0.618923 0.224983 0.0177731 0.1022 0.00484596 0.00752938 0.0237455 
0.62038 0.21998 0.0181048 0.107608 0.00521097 0.00722734 0.0214899 
0.63254 0.248617 0.0166526 0.0592635 0.00562578 0.0109064 0.0263939 
0.595486 0.291401 0.0170222 0.0526372 0.00518591 0.0121262 0.0261418 
0.652313 0.218956 0.0189504 0.0666748 0.00467282 0.00833594 0.030097 
0.67338 0.178038 0.020929 0.0877773 0.00453272 0.00692388 0.028419 
0.762024 0.118216 0.0190772 0.0534375 0.00573142 0.00703923 0.0344741 
0.803926 0.0561388 0.0266906 0.0764888 0.00292195 0.00346454 0.0303697 
0.811636 0.0591909 0.0205378 0.0793412 0.00381984 0.00328649 0.0221878 
0.79107 0.0621906 0.0233287 0.0860086 0.00345852 0.00370133 0.0302426 
0.821399 0.0467701 0.0330516 0.0544371 0.00235323 0.00294238 0.0390468 
0.75933 0.0295043 0.0368827 0.148662 0.00229272 0.00402904 0.0192986 
0.579084 0.0174115 0.13788 0.169447 0.00471346 0.0366766 0.0547872 
0.54449 0.0194857 0.193605 0.00709556 0.00271032 0.219986 0.0126272 
0.644507 0.0351661 0.123682 0.00575233 0.0115772 0.155328 0.023988 
0.694886 0.0195464 0.16527 0.012979 0.00833962 0.0727709 0.026209 
0.799513 0.00525246 0.115081 0.0347983 0.00110382 0.00446775 0.0397841 
0.824951 0.00630678 0.113216 0.00904443 0.00112881 0.00781052 0.0375419 
0.737336 0.00708537 0.156644 0.013107 0.0010158 0.0438657 0.0409462 
0.752085 0.00924856 0.131844 0.00900495 0.00149246 0.0561919 0.0401333 
0.795111 0.00947203 0.136572 0.0130254 0.0022849 0.0171363 0.0263984 
0.779197 0.00736047 0.144306 0.0105375 0.00228227 0.0192748 0.0370424 
0.800496 0.00814037 0.13087 0.0117069 0.00324486 0.0147294 0.0308121 
0.843984 0.010548 0.0902865 0.0115718 0.00379093 0.0145719 0.0252473 
0.859201 0.0123475 0.0823988 0.00764562 0.00228796 0.00943749 0.0266812 
0.861921 0.0131705 0.0745519 0.00738513 0.00177777 0.0106687 0.0305245 
0.857019 0.0137346 0.0741452 0.0152497 0.00140739 0.00798746 0.0304568 
0.872525 0.0162995 0.0619628 0.00911023 0.0012319 0.0122069 0.0266641 
0.877677 0.0185936 0.049026 0.0158117 0.00153867 0.0133687 0.0239845 
0.879127 0.018931 0.047276 0.0148931 0.00148646 0.0136137 0.0246729 
0.874584 0.0202322 0.045298 0.0259859 0.00232231 0.00918995 0.0223878 
0.870397 0.0250765 0.0433502 0.0268118 0.00205765 0.00967332 0.0226335 
0.87361 0.0294301 0.0372935 0.0263897 0.00261587 0.00917355 0.0214869 
0.844852 0.0402865 0.038825 0.0450123 0.00279182 0.00953424 0.0186985 
0.856747 0.0352825 0.0393555 0.0296748 0.0021183 0.0139365 0.022885 
0.858628 0.042579 0.037491 0.0279712 0.00276741 0.0102115 0.0203515 
0.851763 0.0316016 0.0404087 0.0434558 0.00247449 0.00876775 0.0215284 
0.867162 0.0254116 0.0404977 0.0350349 0.00291567 0.0086066 0.0203719 
0.865954 0.0221512 0.0397685 0.0382708 0.00516605 0.0057255 0.0229639 
0.864606 0.0233467 0.0394258 0.0402679 0.00383181 0.00663404 0.0218877 
0.866325 0.0290909 0.0341558 0.0392639 0.00338868 0.00862473 0.0191514 
0.877418 0.0237519 0.035154 0.0247415 0.0033104 0.0113806 0.0242438 
0.872258 0.0203637 0.0396751 0.0372502 0.00248147 0.00649945 0.0214716 
0.8745 0.0172189 0.0487315 0.0282793 0.00195714 0.006276 0.0230374 
0.847146 0.0244331 0.0447048 0.0518445 0.00219496 0.0097295 0.0199474 
0.852643 0.0212762 0.0459443 0.0516398 0.00300988 0.0059607 0.0195259 
0.824395 0.0163487 0.0487189 0.0860355 0.00346495 0.0043318 0.0167046 
0.834457 0.0167869 0.0562518 0.0616003 0.0034074 0.00376284 0.0237338 
0.833115 0.00926199 0.0642971 0.0504076 0.00207257 0.00190333 0.0389427 
0.843108 0.0107344 0.0577243 0.0346525 0.00189535 0.00277538 0.0491104 
0.827027 0.0113196 0.0533322 0.0491687 0.00190411 0.00367797 0.0535707 
0.842514 0.0151922 0.0421584 0.0644583 0.0021628 0.00215833 0.0313561 
0.836942 0.0132145 0.0432044 0.0557837 0.0019777 0.00287158 0.0460063 
0.795656 0.0116467 0.048587 0.0992187 0.00252831 0.00265433 0.0397085 
0.817626 0.00966977 0.0605803 0.072479 0.00194009 0.00268118 0.0350235 
0.798742 0.0100497 0.0635579 0.084998 0.00154812 0.00305168 0.0380523 
0.812876 0.00933181 0.0638334 0.0689314 0.00163874 0.0027684 0.0406207 
0.793574 0.00929424 0.0704323 0.0747501 0.00167908 0.0028542 0.0474161 
0.798045 0.0102606 0.0650397 0.0836596 0.00158798 0.0030231 0.0383836 
0.808572 0.00987521 0.0673653 0.0631933 0.00161725 0.00326096 0.0461157 
0.77431 0.00920379 0.0718257 0.0814161 0.00180386 0.00284138 0.0585991 
0.79041 0.0101251 0.0736127 0.0573131 0.00142323 0.00296814 0.0641473 
0.833115 0.00926199 0.0642971 0.0504076 0.00207257 0.00190333 0.0389427 
0.843108 0.0107344 0.0577243 0.0346525 0.00189535 0.00277538 0.0491104 
0.827027 0.0113196 0.0533322 0.0491687 0.00190411 0.00367797 0.0535707 
0.842514 0.0151922 0.0421584 0.0644583 0.0021628 0.00215833 0.0313561 
0.836942 0.0132145 0.0432044 0.0557837 0.0019777 0.00287158 0.0460063 
0.795656 0.0116467 0.048587 0.0992187 0.00252831 0.00265433 0.0397085 
0.817626 0.00966977 0.0605803 0.072479 0.00194009 0.00268118 0.0350235 
0.798742 0.0100497 0.0635579 0.084998 0.00154812 0.00305168 0.0380523 
0.812876 0.00933181 0.0638334 0.0689314 0.00163874 0.0027684 0.0406207 
0.793574 0.00929424 0.0704323 0.0747501 0.00167908 0.0028542 0.0474161 
0.798045 0.0102606 0.0650397 0.0836596 0.00158798 0.0030231 0.0383836 
0.808572 0.00987521 0.0673653 0.0631933 0.00161725 0.00326096 0.0461157 
0.77431 0.00920379 0.0718257 0.0814161 0.00180386 0.00284138 0.0585991 
0.79041 0.0101251 0.0736127 0.0573131 0.00142323 0.00296814 0.0641473 
0.553523 0.249172 0.0133299 0.150745 0.00685236 0.00533984 0.0210386 
0.606411 0.201435 0.0127923 0.14405 0.00761812 0.00452166 0.0231719 
0.558109 0.188755 0.0114791 0.206371 0.0086283 0.00594558 0.0207124 
0.59843 0.165598 0.0132451 0.187452 0.00759041 0.00569274 0.021992 
0.627903 0.134012 0.0136162 0.192463 0.0075175 0.00470525 0.0197837 
0.648668 0.102199 0.0155744 0.202415 0.00728312 0.00431066 0.0195505 
0.725585 0.112478 0.0171418 0.109538 0.00693498 0.0048857 0.0234365 
0.736428 0.0939315 0.0191059 0.113617 0.0056109 0.00450743 0.0267993 
0.782129 0.0781752 0.020494 0.0859476 0.00515586 0.0031531 0.0249448 
0.765677 0.106907 0.0151552 0.0763494 0.00680602 0.00408611 0.0250196 
0.769236 0.080709 0.0191771 0.0936702 0.00392044 0.00355065 0.0297368 
0.782754 0.0635623 0.0243053 0.0997458 0.00298025 0.00252525 0.0241272 
0.827917 0.0471763 0.0229166 0.07275 0.00329127 0.00248943 0.0234595 
0.823894 0.0432421 0.0240199 0.0711532 0.0026851 0.00236637 0.0326396 
0.843819 0.0311459 0.0302376 0.041586 0.00171057 0.00303918 0.0484613 
0.871266 0.0111843 0.0503824 0.0364346 0.00358548 0.00118875 0.0259585 
0.867638 0.0121132 0.0505975 0.0338112 0.00254579 0.00156459 0.0317302 
0.853853 0.0113002 0.0619038 0.0323534 0.00300245 0.00130604 0.0362807 
0.851833 0.0128059 0.0550838 0.0480432 0.00339858 0.00108349 0.0277525 
0.87159 0.0115614 0.0499769 0.0352973 0.00396274 0.00125225 0.0263597 
0.858173 0.012017 0.0517512 0.0392516 0.00230844 0.00152241 0.034976 
0.85124 0.0116159 0.052392 0.049628 0.00205956 0.00148432 0.0315801 
0.85065 0.0105012 0.0568107 0.0460307 0.00186347 0.00183539 0.032309 
0.842205 0.0106379 0.0502441 0.0602759 0.00304097 0.00173672 0.0318598 
0.845015 0.0113444 0.0456412 0.058928 0.00366214 0.00200929 0.0334003 
0.855502 0.0114217 0.047041 0.0522383 0.00235191 0.001976 0.0294691 
0.862283 0.0118256 0.042451 0.0278706 0.00478748 0.00226858 0.0485139 
0.825958 0.0345682 0.0360754 0.00439367 0.00877439 0.0102168 0.0800137 
0.872744 0.0236807 0.0365353 0.010629 0.0052908 0.00292594 0.0481943 
0.869685 0.0235827 0.0382572 0.00850779 0.0049615 0.00399087 0.0510149 
0.852714 0.0342813 0.0338911 0.00416228 0.00618385 0.0121384 0.0566295 
0.882436 0.0273258 0.0331439 0.0115897 0.00525242 0.00393431 0.0363176 
0.887576 0.0262037 0.0306539 0.0172347 0.0048864 0.00293954 0.0305054 
0.89036 0.0285179 0.027777 0.0176536 0.00489637 0.00361706 0.0271784 
0.884516 0.0258252 0.0284332 0.0267288 0.0039412 0.00310804 0.0274477 
0.875076 0.0200728 0.0378587 0.0265957 0.00293181 0.00201754 0.0354475 
0.862862 0.0276834 0.0302671 0.0442204 0.00410381 0.00263813 0.0282256 
0.866515 0.0197705 0.0356028 0.043979 0.00284121 0.00194306 0.0293489 
0.850356 0.0196148 0.0295361 0.0700266 0.00463632 0.00204359 0.0237866 
0.857662 0.0197568 0.0333169 0.0637996 0.00332006 0.0015012 0.0206434 
0.827159 0.0169973 0.0341476 0.0917273 0.00443519 0.00158918 0.0239445 
0.79877 0.019597 0.0368883 0.105619 0.00379489 0.00197445 0.0333569 
0.856714 0.0194353 0.0371323 0.0573539 0.00326453 0.00137501 0.0247249 
0.843039 0.0140821 0.0430877 0.0597897 0.00244504 0.00146497 0.0360916 
0.820732 0.0147445 0.0484659 0.0544601 0.00233105 0.00160495 0.0576611 
0.841655 0.01431 0.0434373 0.0539494 0.00251337 0.00167561 0.0424589 
0.847107 0.0134216 0.0431345 0.0387595 0.00320764 0.00154876 0.052821 
0.846027 0.014026 0.0440772 0.0519732 0.00322741 0.00124653 0.039423 
0.834312 0.0161552 0.0454709 0.0586351 0.00191116 0.00178154 0.0417345 
0.856071 0.0157009 0.044834 0.0330427 0.00198942 0.00149357 0.0468686 
0.845019 0.0147551 0.046547 0.0415878 0.00180513 0.00148841 0.0487976 
0.840617 0.0120388 0.0573563 0.0405493 0.00204062 0.00124554 0.0461527 
0.843072 0.0123485 0.0536916 0.0318192 0.00166923 0.00170339 0.055696 
0.830728 0.0107877 0.0569862 0.0309737 0.00149084 0.00180755 0.0672264 
0.868714 0.015235 0.0434803 0.0221039 0.0018652 0.00211259 0.0464889 
0.900365 0.0179629 0.0304033 0.0204687 0.00175168 0.00345562 0.0255933 
0.880812 0.0146748 0.0364448 0.0349477 0.00186839 0.0023886 0.0288642 
0.821013 0.00861086 0.0589253 0.0230842 0.0022922 0.00204773 0.0840272 
0.815627 0.00802631 0.0604184 0.0298449 0.00202079 0.00229487 0.0817675 
0.813607 0.00883277 0.062074 0.0362276 0.00205921 0.00197565 0.0752234 
0.808741 0.00786868 0.0675101 0.0257245 0.002172 0.00195523 0.0860281 
0.777643 0.00830061 0.065707 0.0255364 0.00237446 0.0019814 0.118457 
0.750967 0.00722823 0.0774982 0.0186838 0.00182112 0.00158119 0.14222 
0.799015 0.00803419 0.0644715 0.0272097 0.00267477 0.00167821 0.0969165 
0.825967 0.00944917 0.061593 0.026505 0.00218358 0.00140184 0.0729 
0.80905 0.00886942 0.061892 0.0319662 0.00244784 0.00188878 0.0838856 
0.842449 0.00918025 0.0567372 0.0214764 0.002093 0.00155187 0.066512 
0.785394 0.00898608 0.0615037 0.0451429 0.00272743 0.00178566 0.0944607 
0.828444 0.00849786 0.0664962 0.0280705 0.00177325 0.00151706 0.0652015 
0.80525 0.00903874 0.0609975 0.0384349 0.00254548 0.00159576 0.0821374 
0.716325 0.00719541 0.0812944 0.0182033 0.00188784 0.00179317 0.1733 
0.811714 0.00824277 0.0600162 0.0214381 0.00303015 0.00156092 0.0939983 
0.81859 0.00901905 0.06011 0.0335021 0.00243841 0.00174889 0.0745915 
0.839325 0.00926658 0.0588779 0.0209411 0.00178702 0.00230734 0.0674953 
0.823997 0.00906759 0.0620912 0.0263728 0.00213993 0.00172282 0.0746091 
0.787169 0.00875874 0.0657339 0.027875 0.0027207 0.00154538 0.106197 
0.791544 0.00882404 0.0675766 0.0224534 0.00199567 0.00154384 0.106063 
0.750699 0.00829111 0.0713716 0.0154598 0.00158981 0.00218967 0.150399 
0.739009 0.00815169 0.0715173 0.0281496 0.00171579 0.00177933 0.149678 
0.805617 0.00844109 0.0677181 0.0271184 0.00153182 0.00190076 0.0876725 
0.807173 0.00805594 0.0678671 0.0247857 0.00150633 0.00221201 0.0884003 
0.783873 0.00768303 0.0669854 0.0355272 0.00242655 0.00179314 0.101712 
0.795164 0.0079051 0.0621401 0.0353657 0.00297537 0.00172774 0.0947218 
0.688243 0.00802559 0.0760153 0.0370128 0.00299302 0.00145568 0.186255 
0.733664 0.00768921 0.0814825 0.0293337 0.00173399 0.00145483 0.144642 
0.788755 0.00760302 0.0743167 0.0256708 0.00207054 0.00180348 0.0997809 
0.758462 0.00795795 0.0698258 0.0313159 0.0020459 0.00185204 0.12854 
0.795167 0.00845791 0.0623288 0.03449 0.00221421 0.00206147 0.0952802 
0.814856 0.00758993 0.070092 0.017199 0.00163894 0.00209474 0.0865293 
0.779492 0.00757281 0.0766227 0.0243692 0.0018266 0.00170008 0.108417 
0.798231 0.00755154 0.0687748 0.0215266 0.00197903 0.00188316 0.100054 
0.719329 0.00727276 0.0816284 0.0222507 0.00156252 0.00174381 0.166213 
0.788249 0.00762635 0.0690321 0.0216809 0.00195309 0.0018832 0.109575 
0.781127 0.0074552 0.0681463 0.0206885 0.00208813 0.0020847 0.118411 
0.753924 0.00752882 0.0761038 0.0310555 0.00209363 0.00191308 0.127381 
0.777988 0.00754683 0.0733563 0.0301565 0.00191432 0.00182311 0.107215 
0.774381 0.00830133 0.0667941 0.0459671 0.00204447 0.00219757 0.100315 
0.781058 0.00848982 0.0622347 0.0336167 0.00190128 0.00218161 0.110518 
0.703142 0.0077296 0.0852579 0.0339552 0.00124544 0.00165004 0.16702 
0.766404 0.00725177 0.0729591 0.0404968 0.00263146 0.00123737 0.10902 
0.820858 0.00745974 0.0665334 0.0391543 0.00217949 0.00141352 0.0624018 
0.761749 0.00880892 0.064051 0.0316201 0.00227561 0.00164931 0.129846 
0.727071 0.00913873 0.0630824 0.029226 0.00244832 0.00198098 0.167052 
0.776892 0.00870573 0.0692834 0.0466333 0.0018941 0.00159554 0.094996 
0.789844 0.00863526 0.0646802 0.0233124 0.00165177 0.00171082 0.110165 
0.751406 0.00815798 0.0768301 0.0288193 0.0020481 0.00138336 0.131355 
0.789141 0.00830392 0.0745327 0.0336512 0.00163176 0.00119964 0.0915397 
0.761669 0.00800865 0.0718578 0.0306162 0.00185979 0.00150582 0.124483 
0.788293 0.0080596 0.0656923 0.0351973 0.00182052 0.00195818 0.0989787 
0.769012 0.00717095 0.0737433 0.0292807 0.00137368 0.00220612 0.117213 
0.736004 0.00746821 0.07558 0.0217066 0.00162215 0.00229654 0.155323 
0.745247 0.0074469 0.08451 0.0267037 0.00146659 0.00152942 0.133096 
0.728566 0.00856336 0.0745016 0.0354689 0.00160611 0.00185193 0.149442 
0.765755 0.00858672 0.067049 0.0316045 0.00177237 0.00187488 0.123358 
0.709928 0.00755202 0.0735497 0.0278939 0.00169083 0.00249975 0.176886 
0.724115 0.008702 0.0675659 0.042393 0.00216804 0.00204272 0.153013 
0.820985 0.011205 0.0610957 0.0536977 0.00134612 0.00200903 0.0496618 
0.804038 0.00327138 0.153082 0.0142261 4.69757E-4 0.00239583 0.0225177 
0.763858 0.0112898 0.0800671 0.00168655 6.38905E-4 0.112236 0.0302228 
0.522121 0.0296842 0.0362539 0.00349939 0.00157766 0.360697 0.0461668 
0.691577 0.0103371 0.121019 0.00506942 0.00137186 0.129903 0.0407226 
0.704611 0.0153746 0.118269 0.00246854 7.66156E-4 0.139773 0.0187383 
0.518826 0.016259 0.0876658 0.00465249 0.00145498 0.330465 0.0406772 
0.638563 0.0129663 0.122259 0.0510227 0.00467193 0.100109 0.0704082 
0.786688 0.0100101 0.116186 0.0279139 0.00122733 0.022732 0.035242 
0.768922 0.0084731 0.162889 0.0229006 5.68116E-4 0.0073993 0.0288481 
0.698213 0.00606883 0.202359 0.0351958 8.38701E-4 0.0120675 0.0452578 
0.543702 0.00626716 0.21367 0.00976148 0.00115482 0.16804 0.0574036 
0.441494 0.00893535 0.198491 0.0120609 0.00113966 0.290443 0.0474369 
0.717622 0.0103166 0.144046 0.0113298 0.00155986 0.0563897 0.058736 
0.810648 0.0104951 0.0814576 0.0150929 0.00197757 0.0162092 0.0641195 
0.859343 0.0147746 0.0614568 0.0111435 0.00213798 0.0136705 0.0374735 
0.868343 0.015237 0.0555395 0.0130189 0.00238377 0.0120266 0.0334509 
0.855871 0.0149555 0.0557707 0.0381336 0.003488 0.00599056 0.0257903 
0.861074 0.012937 0.0579467 0.0326138 0.00345219 0.00631557 0.0256602 
0.864634 0.0146209 0.0500309 0.0399811 0.00333504 0.00537288 0.0220247 
0.85945 0.0136071 0.0532101 0.032527 0.00311345 0.00752338 0.0305685 
0.866573 0.015292 0.0459843 0.0288299 0.003387 0.0072948 0.0326388 
0.875666 0.0162876 0.0468531 0.0328895 0.00374848 0.00540601 0.019149 
0.874718 0.0179195 0.0435072 0.032536 0.00325633 0.00410796 0.0239546 
0.861995 0.0166289 0.0449387 0.0432486 0.00272417 0.00451291 0.0259521 
0.873828 0.0182208 0.0467185 0.0343229 0.00210509 0.00383748 0.0209669 
0.874059 0.0191002 0.0447292 0.0325193 0.00258556 0.00325151 0.023755 
0.891312 0.0177989 0.0430297 0.0164331 0.00259192 0.00345149 0.0253831 
0.876848 0.0196519 0.0398118 0.0400724 0.00334352 0.00299243 0.01728 
0.867282 0.0192754 0.0425309 0.0437239 0.0029778 0.00324205 0.020968 
0.867528 0.018142 0.0494249 0.0346601 0.00166126 0.00467089 0.0239129 
0.856903 0.0219228 0.0433296 0.0534995 0.00188524 0.00449524 0.0179643 
0.842063 0.0175271 0.0508681 0.0589075 0.00225789 0.00377801 0.0245982 
0.845971 0.0218011 0.0455455 0.0616613 0.00225002 0.00345856 0.0193127 
0.853463 0.0182173 0.0494878 0.047962 0.00285331 0.00334024 0.0246765 
0.844824 0.0157162 0.0581456 0.0494757 0.00250143 0.00328467 0.0260527 
0.83459 0.0138558 0.0588768 0.0473695 0.00240044 0.00318762 0.0397194 
0.854008 0.0114207 0.0608295 0.032775 0.00160091 0.00326898 0.036097 
0.826623 0.0122407 0.0606854 0.0571273 0.00448842 0.00200697 0.0368282 
0.783799 0.0135584 0.059145 0.107301 0.0031322 0.00216016 0.0309042 
0.856653 0.0116584 0.055885 0.0504793 0.00231163 0.00188327 0.021129 
0.878751 0.0117639 0.0506153 0.0307278 0.00247305 0.00187538 0.0237932 
0.855936 0.0127523 0.0574654 0.0421927 0.00214507 0.00174131 0.0277675 
0.84838 0.0137455 0.0624258 0.0417057 0.00141904 0.00177179 0.0305524 
0.850334 0.0107879 0.0674469 0.0321946 0.00146365 0.00149219 0.0362807 
0.839227 0.0138615 0.0593275 0.0599758 0.00163758 0.00171055 0.0242605 
0.861583 0.0122124 0.0519611 0.0403292 0.00193492 0.00224922 0.0297306 
0.850799 0.0128541 0.0562237 0.0464847 0.00226754 0.0018612 0.02951 
0.836057 0.0114339 0.0648022 0.0455466 0.0016426 0.0018324 0.0386849 
0.864225 0.0113867 0.0577876 0.034088 0.00158785 0.00193859 0.0289863 
0.841136 0.0104893 0.0634879 0.0391605 0.00154676 0.00223046 0.0419489 
0.85486 0.0121468 0.058344 0.0334928 0.0011978 0.00262851 0.0373303 
0.859058 0.0114655 0.0558047 0.0315197 0.00148931 0.00250684 0.038156 
0.842639 0.0109431 0.057214 0.0405397 0.00185872 0.00203567 0.0447696 
0.823992 0.0102763 0.0655876 0.05244 0.00245828 0.00162277 0.0436234 
0.799384 0.00989137 0.0704016 0.0741398 0.00224078 0.00178127 0.0421608 
0.83064 0.0103822 0.06704 0.0503958 0.00188721 0.00205486 0.0375994 
0.819427 0.00950839 0.0655406 0.0641859 0.00234005 0.00185527 0.0371429 
0.814298 0.0101346 0.0671088 0.0630262 0.00227888 0.00208056 0.0410733 
0.821535 0.0102349 0.0585302 0.0698021 0.00267249 0.00204716 0.0351782 
0.807203 0.0126367 0.0651616 0.0701158 0.00168607 0.00256268 0.0406337 
0.840081 0.010556 0.0565505 0.0539134 0.0022357 0.0024726 0.0341904 
0.810587 0.0104905 0.0607603 0.0863121 0.00246757 0.0016368 0.027746 
0.803541 0.012729 0.064158 0.0877254 0.00213338 0.00199767 0.0277153 
0.828806 0.010251 0.0766439 0.0507268 0.00166601 0.00140564 0.0305011 
0.804709 0.00952509 0.0732522 0.0834882 0.00236808 0.00134407 0.0253138 
0.837961 0.01095 0.0688816 0.0538991 0.00191561 0.001521 0.024872 
0.818979 0.0120301 0.0654965 0.0741673 0.00204 0.00160787 0.0256794 
0.830621 0.00935797 0.0720309 0.0545798 0.00203604 0.00133264 0.0300415 
0.802245 0.00937257 0.0865094 0.0490378 0.00146158 0.00169688 0.0496766 
0.819166 0.00942571 0.0825627 0.0377209 0.0012483 0.0016313 0.0482453 
0.821073 0.010456 0.0795933 0.0523229 0.00139043 0.00161777 0.033547 
0.827997 0.00993735 0.0759786 0.0516678 0.00107022 0.00212485 0.0312242 
0.845353 0.0102585 0.0658569 0.0482948 0.0012913 0.00189589 0.0270499 
0.831315 0.00903774 0.0730985 0.0528242 0.00159516 0.00163102 0.0304978 
0.856516 0.0107392 0.0595974 0.0451001 0.00131708 0.00228038 0.0244498 
0.851164 0.00932581 0.0693398 0.0328877 0.00113408 0.00202489 0.0341238 
0.842761 0.00982025 0.0683951 0.0522371 0.00127739 0.00169962 0.02381 
0.85133 0.0113393 0.0626782 0.0460623 0.0014853 0.00207201 0.0250329 
0.828702 0.00987383 0.0707036 0.0527624 0.00120548 0.00247356 0.0342795 
0.823613 0.00984108 0.0793978 0.043702 0.00111032 0.00208234 0.0402534 
0.842858 0.00863949 0.07481 0.0368769 0.00107232 0.00208891 0.0336539 
0.815907 0.00896792 0.0773481 0.05083 0.00115486 0.00219359 0.0435985 
0.847877 0.00946078 0.0683145 0.0438787 0.00123316 0.00168583 0.02755 
0.850937 0.0104339 0.0610111 0.0475985 0.00133433 0.00210632 0.0265786 
0.854714 0.0102227 0.0685379 0.0335327 0.00110035 0.00257723 0.0293152 
0.837441 0.00879935 0.0782535 0.0315288 0.00105084 0.00267647 0.0402499 
0.861953 0.0092598 0.0721325 0.0218809 9.08825E-4 0.00223817 0.0316264 
0.85303 0.00949978 0.0756985 0.0244966 9.99715E-4 0.00155867 0.034717 
0.853344 0.00975906 0.0735794 0.0272369 9.51778E-4 0.00175034 0.0333783 
0.865388 0.00888746 0.0683449 0.0241765 9.79597E-4 0.0016141 0.0306096 
0.848258 0.00905718 0.0687033 0.0302079 0.00100473 0.00210301 0.040666 
0.852354 0.00771487 0.0772119 0.0172779 0.00102779 0.00149114 0.0429226 
0.82623 0.00990278 0.0627216 0.0656138 0.00192946 0.00201943 0.031583 
0.834628 0.00919873 0.0705137 0.0499577 0.00135533 0.00172914 0.0326171 
0.862705 0.00863409 0.0734711 0.0203948 0.00102899 0.00172308 0.0320427 
0.868159 0.0100245 0.0591004 0.0279093 0.00120805 0.00226954 0.0313295 
0.888065 0.0118066 0.0489696 0.0232557 0.00141509 0.00204745 0.0244405 
0.877361 0.00974115 0.0544135 0.0311778 0.00135512 0.00223273 0.0237188 
0.874301 0.0100522 0.0537247 0.0406044 0.00168838 0.00165423 0.0179749 
0.883147 0.0142981 0.0545142 0.0302395 0.00138782 0.00165821 0.0147552 
0.814542 0.0470931 0.0330069 0.089016 0.00196669 0.00291718 0.0114578 
0.556768 0.238164 0.0163156 0.16071 0.00697168 0.00567391 0.0153973 
0.323134 0.531236 0.00559727 0.102897 0.0192867 0.00466093 0.0131878 
0.208377 0.640042 0.00261532 0.0630959 0.069524 0.00498717 0.0113583 
0.117568 0.731207 0.00177383 0.0577937 0.0787517 0.00472479 0.00818142 
0.0867075 0.724015 0.00157082 0.0678177 0.109452 0.00522714 0.00520978 
0.0500728 0.745285 0.00112229 0.0631322 0.130807 0.00558194 0.00399918 
0.0559695 0.670516 0.00119329 0.0623236 0.198927 0.00710415 0.00396608 
0.0365797 0.661101 0.00109892 0.0587768 0.232169 0.00744715 0.00282716 
0.017731 0.927191 2.60992E-4 0.0198551 0.0300767 0.00345562 0.00142948 
0.0218432 0.892563 3.3993E-4 0.023634 0.0564257 0.00332606 0.00186836 
0.0304807 0.749342 0.00180516 0.0571985 0.152181 0.00505874 0.00393398 
0.0408904 0.881088 9.30745E-4 0.0488874 0.0200791 0.00334589 0.00477813 
0.0226091 0.951754 4.34785E-4 0.0156642 0.00558502 0.00172637 0.00222687 
0.0154499 0.938302 3.68578E-4 0.0195543 0.022615 0.00195118 0.00175946 
0.0429707 0.639003 0.00268392 0.0608864 0.242337 0.00664017 0.0054788 
0.0458246 0.611979 0.00474998 0.0870134 0.234365 0.00870523 0.00736289 
0.0175503 0.877801 5.15594E-4 0.0219151 0.0770041 0.00335704 0.00185639 
0.0186693 0.817172 8.18332E-4 0.0297014 0.127139 0.0043685 0.00213145 
0.00869072 0.974177 1.91516E-4 0.00832499 0.00578997 0.00140242 0.00142315 
0.0102241 0.970729 1.51557E-4 0.00795268 0.00813497 0.00175176 0.00105591 
0.01418 0.936242 1.61779E-4 0.0126661 0.0319638 0.00302167 0.0017644 
0.0148022 0.888622 2.18366E-4 0.0189641 0.0711139 0.00403479 0.00224469 
0.0119971 0.94417 2.13226E-4 0.0135618 0.0232053 0.00394092 0.00291183 
0.0128215 0.945963 2.34918E-4 0.0133383 0.0203928 0.0043742 0.00287519 
0.0159081 0.929721 2.61928E-4 0.0151363 0.0303285 0.0053892 0.00325473 
0.022966 0.936488 3.19511E-4 0.0174925 0.015828 0.00377728 0.0031291 
0.0283008 0.905384 3.63686E-4 0.0203211 0.0366022 0.00547504 0.00355309 
0.0569171 0.88843 8.26672E-4 0.0294548 0.0125068 0.00622038 0.00564409 
0.0942119 0.831627 0.00153137 0.0501823 0.0104542 0.00532957 0.00666335 
0.138331 0.796014 0.00275086 0.0397087 0.00507087 0.00911317 0.00901143 
0.211704 0.712568 0.00482311 0.0412454 0.00431408 0.0121471 0.0131984 
0.426298 0.442391 0.0111803 0.0758521 0.00779793 0.0105561 0.0259237 
0.495135 0.383117 0.0140939 0.0593899 0.00663342 0.0118653 0.0297649 
0.516183 0.32171 0.0165945 0.103927 0.00509134 0.0157304 0.0207634 
0.494738 0.296647 0.0198368 0.149789 0.00525636 0.0132343 0.0204985 
0.444801 0.322548 0.0160723 0.182776 0.00667091 0.0107459 0.0163859 
0.424862 0.327658 0.018662 0.184249 0.00672587 0.0183065 0.0195357 
0.37229 0.305192 0.0181553 0.266521 0.00711133 0.0121774 0.0185535 
0.407853 0.299398 0.0179224 0.239716 0.00650218 0.0107395 0.0178678 
0.521661 0.209236 0.0155632 0.220462 0.00813507 0.00651894 0.0184238 
0.515814 0.232154 0.0165726 0.202807 0.00800912 0.00638655 0.0182568 
0.568534 0.19865 0.0168973 0.178769 0.00864801 0.0055331 0.0229682 
0.526783 0.221433 0.0155519 0.198912 0.0102082 0.00533561 0.0217768 
0.5837 0.206597 0.0172445 0.164876 0.00653989 0.00387295 0.0171693 
0.555773 0.234893 0.0167945 0.163947 0.00681515 0.00466034 0.0171171 
0.56556 0.222495 0.0170829 0.160147 0.00715971 0.0064286 0.0211275 
0.582624 0.219752 0.0151005 0.152097 0.00711765 0.00562194 0.0176872 
0.59769 0.17713 0.0150242 0.179361 0.00877614 0.00398486 0.0180343 
0.579838 0.209745 0.0154937 0.160838 0.00860292 0.00402964 0.0214534 
0.626359 0.186875 0.0168813 0.135656 0.00750621 0.00450137 0.0222212 
0.605918 0.128505 0.0203429 0.208824 0.00582917 0.00637839 0.0242031 
0.596453 0.162545 0.0195639 0.189616 0.00609366 0.00507768 0.0206501 
0.641205 0.171857 0.0209295 0.128852 0.00544044 0.00886077 0.0228558 
0.657629 0.137124 0.0200414 0.149733 0.00635983 0.00848885 0.0206232 
0.663987 0.103921 0.0200682 0.18131 0.00491721 0.00736059 0.0184358 
0.674879 0.102948 0.0245925 0.160693 0.00399432 0.0088342 0.0240582 
0.69423 0.0995396 0.0248419 0.151851 0.00395627 0.006905 0.0186759 
0.701355 0.118245 0.0220486 0.122724 0.004852 0.00963013 0.0211461 
0.73485 0.105642 0.023234 0.0925407 0.00568232 0.0109293 0.027121 
0.756967 0.111135 0.0247719 0.0649272 0.00441455 0.0129358 0.0248487 
0.743932 0.0882357 0.0260682 0.103516 0.00497337 0.00875803 0.0245169 
0.782311 0.0725659 0.0320381 0.0780782 0.00353599 0.00626906 0.0252018 
0.78633 0.0800137 0.026909 0.0703979 0.0036855 0.0102581 0.0224061 
0.778729 0.0687348 0.0258553 0.101745 0.00433158 0.00486084 0.0157433 
0.798617 0.0632126 0.0270581 0.0794986 0.00404501 0.00670888 0.0208601 
0.805951 0.043391 0.030381 0.0880809 0.00287555 0.00440668 0.0249141 
0.831118 0.0389747 0.0286568 0.0635918 0.00316619 0.00285078 0.0316422 
0.813198 0.030117 0.0340043 0.0869256 0.00276392 0.0022907 0.0307001 
0.80677 0.0231801 0.0378901 0.0951518 0.0026525 0.0020419 0.0323139 
0.823484 0.0258885 0.0324499 0.0791161 0.00349726 0.0021552 0.0334085 
0.819384 0.0177609 0.0484049 0.0407042 0.00194174 0.00213315 0.0696709 
0.821379 0.0192146 0.041098 0.0690529 0.00236878 0.00195253 0.0449341 
0.8278 0.0155588 0.0508603 0.0454487 0.0018627 0.00185377 0.0566155 
0.828001 0.0154817 0.051348 0.0425649 0.00178261 0.00232726 0.0584942 
0.824504 0.017928 0.0458559 0.0465209 0.00239172 0.00256393 0.0602352 
0.8561 0.0191881 0.0381645 0.0355696 0.00231108 0.00248812 0.0461787 
0.850994 0.0172115 0.0433077 0.0351585 0.00243583 0.00240325 0.048489 
0.826622 0.0146318 0.0446333 0.0328984 0.0028659 0.00194046 0.0764076 
0.840927 0.0214686 0.0440387 0.0362579 0.0020113 0.00220479 0.0530912 
0.808462 0.0196862 0.0561873 0.0588459 0.00156884 0.0015871 0.053663 
0.809982 0.017155 0.0484519 0.0605548 0.00251029 0.00162945 0.0597168 
0.801882 0.0136197 0.056906 0.0693389 0.00216831 0.00144095 0.0546445 
0.742731 0.013012 0.070175 0.105805 0.0017942 0.00156902 0.0649137 
0.799109 0.0102369 0.0621 0.0552922 0.00163404 0.0021355 0.0694922 
0.806477 0.0116305 0.0645572 0.057333 0.00172687 0.00164993 0.0566257 
0.747895 0.0151328 0.0745475 0.0692254 0.00130867 0.00203158 0.0898593 
0.787156 0.0125538 0.0689424 0.0411412 0.00111132 0.00212774 0.0869676 
0.746237 0.0120435 0.0693746 0.0398966 0.00131897 0.00232733 0.128802 
0.780015 0.0128708 0.0671623 0.0350918 0.00168352 0.00215838 0.101018 
0.809813 0.0154292 0.0513112 0.0690007 0.0023352 0.00226843 0.0498418 
0.802037 0.0186698 0.0529267 0.0659708 0.00205349 0.00238591 0.0559564 
0.824282 0.0158683 0.0453219 0.0333694 0.00224265 0.00297273 0.0759434 
0.817384 0.0170864 0.0461451 0.0574292 0.00307858 0.00201081 0.0568657 
0.838068 0.0167119 0.0455103 0.0418974 0.00285936 0.00209288 0.0528607 
0.84821 0.0172582 0.0428911 0.0446691 0.00241344 0.00227366 0.0422841 
0.835188 0.0256811 0.0401577 0.0467554 0.00228769 0.00362429 0.0463059 
0.817007 0.0239801 0.0429117 0.065864 0.00227228 0.00322405 0.044741 
0.839509 0.0229121 0.0404655 0.060097 0.00228628 0.00309626 0.0316336 
0.840091 0.0272823 0.0376016 0.0615778 0.00237412 0.00272436 0.0283493 
0.816538 0.0270566 0.0345722 0.0924913 0.00333779 0.0024064 0.0235976 
0.830151 0.0216784 0.035138 0.0794107 0.00297897 0.0025488 0.0280943 
0.822914 0.0209125 0.0384916 0.0797063 0.00248236 0.00245704 0.0330362 
0.820774 0.0322646 0.0322865 0.0813897 0.00417872 0.00232893 0.0267776 
0.802353 0.025495 0.0391586 0.0966381 0.00266899 0.00252429 0.0311624 
0.809896 0.0262472 0.0381025 0.092791 0.0025948 0.00252064 0.0278479 
0.820016 0.0250079 0.0370943 0.0785646 0.00228687 0.00279949 0.0342312 
0.862933 0.0436932 0.028697 0.0143608 0.00491708 0.00633564 0.0390634 
0.863754 0.0323723 0.0268522 0.0321623 0.00440868 0.00485568 0.0355948 
0.84781 0.0279454 0.0336084 0.0509447 0.00254621 0.00442983 0.0327157 
0.832564 0.0263007 0.0321834 0.0759941 0.0033524 0.00244475 0.0271602 
0.849038 0.0297284 0.0307767 0.0524563 0.00467493 0.00273083 0.0305946 
0.842897 0.0231286 0.0344945 0.0447334 0.00367527 0.00333229 0.0477386 
0.86677 0.0255447 0.0306296 0.0325378 0.00291957 0.00313762 0.0384604 
0.868626 0.0247954 0.0310228 0.0334275 0.00396318 0.00227568 0.0358897 
0.869698 0.0233504 0.0353371 0.0283129 0.00298161 0.00286415 0.0374556 
0.862206 0.0218545 0.0333881 0.0437753 0.00375051 0.00192463 0.0331014 
0.840389 0.0191136 0.0394094 0.0505843 0.00301822 0.00191213 0.0455737 
0.828141 0.0225362 0.0425402 0.0671353 0.00246909 0.00230649 0.0348718 
0.842862 0.0206296 0.0459678 0.0596256 0.0023353 0.0016652 0.0269145 
0.860064 0.0285089 0.036451 0.0439941 0.00347655 0.0024948 0.025011 
0.867601 0.0246292 0.039108 0.0415831 0.00224986 0.00252343 0.022305 
0.85244 0.0244589 0.039501 0.0433137 0.00259177 0.00330884 0.0343861 
0.862944 0.0204889 0.0423938 0.0403345 0.00195461 0.00253261 0.0293518 
0.85472 0.022155 0.0483078 0.0371948 0.0017276 0.00270307 0.0331919 
0.833115 0.00926199 0.0642971 0.0504076 0.00207257 0.00190333 0.0389427 
0.843108 0.0107344 0.0577243 0.0346525 0.00189535 0.00277538 0.0491104 
0.827027 0.0113196 0.0533322 0.0491687 0.00190411 0.00367797 0.0535707 
0.842514 0.0151922 0.0421584 0.0644583 0.0021628 0.00215833 0.0313561 
0.836942 0.0132145 0.0432044 0.0557837 0.0019777 0.00287158 0.0460063 
0.795656 0.0116467 0.048587 0.0992187 0.00252831 0.00265433 0.0397085 
0.817626 0.00966977 0.0605803 0.072479 0.00194009 0.00268118 0.0350235 
0.798742 0.0100497 0.0635579 0.084998 0.00154812 0.00305168 0.0380523 
0.812876 0.00933181 0.0638334 0.0689314 0.00163874 0.0027684 0.0406207 
0.793574 0.00929424 0.0704323 0.0747501 0.00167908 0.0028542 0.0474161 
0.798045 0.0102606 0.0650397 0.0836596 0.00158798 0.0030231 0.0383836 
0.808572 0.00987521 0.0673653 0.0631933 0.00161725 0.00326096 0.0461157 
0.77431 0.00920379 0.0718257 0.0814161 0.00180386 0.00284138 0.0585991 
0.79041 0.0101251 0.0736127 0.0573131 0.00142323 0.00296814 0.0641473 
0.553523 0.249172 0.0133299 0.150745 0.00685236 0.00533984 0.0210386 
0.606411 0.201435 0.0127923 0.14405 0.00761812 0.00452166 0.0231719 
0.558109 0.188755 0.0114791 0.206371 0.0086283 0.00594558 0.0207124 
0.59843 0.165598 0.0132451 0.187452 0.00759041 0.00569274 0.021992 
0.627903 0.134012 0.0136162 0.192463 0.0075175 0.00470525 0.0197837 
0.648668 0.102199 0.0155744 0.202415 0.00728312 0.00431066 0.0195505 
0.725585 0.112478 0.0171418 0.109538 0.00693498 0.0048857 0.0234365 
0.736428 0.0939315 0.0191059 0.113617 0.0056109 0.00450743 0.0267993 
0.782129 0.0781752 0.020494 0.0859476 0.00515586 0.0031531 0.0249448 
0.765677 0.106907 0.0151552 0.0763494 0.00680602 0.00408611 0.0250196 
0.769236 0.080709 0.0191771 0.0936702 0.00392044 0.00355065 0.0297368 
0.782754 0.0635623 0.0243053 0.0997458 0.00298025 0.00252525 0.0241272 
0.827917 0.0471763 0.0229166 0.07275 0.00329127 0.00248943 0.0234595 
0.823894 0.0432421 0.0240199 0.0711532 0.0026851 0.00236637 0.0326396 
0.843819 0.0311459 0.0302376 0.041586 0.00171057 0.00303918 0.0484613 
0.0159081 0.929721 2.61928E-4 0.0151363 0.0303285 0.0053892 0.00325473 
0.022966 0.936488 3.19511E-4 0.0174925 0.015828 0.00377728 0.0031291 
0.0283008 0.905384 3.63686E-4 0.0203211 0.0366022 0.00547504 0.00355309 
0.0569171 0.88843 8.26672E-4 0.0294548 0.0125068 0.00622038 0.00564409 
0.0942119 0.831627 0.00153137 0.0501823 0.0104542 0.00532957 0.00666335 
0.138331 0.796014 0.00275086 0.0397087 0.00507087 0.00911317 0.00901143 
0.211704 0.712568 0.00482311 0.0412454 0.00431408 0.0121471 0.0131984 
0.426298 0.442391 0.0111803 0.0758521 0.00779793 0.0105561 0.0259237 
0.495135 0.383117 0.0140939 0.0593899 0.00663342 0.0118653 0.0297649 
0.516183 0.32171 0.0165945 0.103927 0.00509134 0.0157304 0.0207634 
0.494738 0.296647 0.0198368 0.149789 0.00525636 0.0132343 0.0204985 
0.444801 0.322548 0.0160723 0.182776 0.00667091 0.0107459 0.0163859 
0.424862 0.327658 0.018662 0.184249 0.00672587 0.0183065 0.0195357 
0.37229 0.305192 0.0181553 0.266521 0.00711133 0.0121774 0.0185535 
0.407853 0.299398 0.0179224 0.239716 0.00650218 0.0107395 0.0178678 
0.521661 0.209236 0.0155632 0.220462 0.00813507 0.00651894 0.0184238 
0.515814 0.232154 0.0165726 0.202807 0.00800912 0.00638655 0.0182568 
0.568534 0.19865 0.0168973 0.178769 0.00864801 0.0055331 0.0229682 
0.526783 0.221433 0.0155519 0.198912 0.0102082 0.00533561 0.0217768 
0.5837 0.206597 0.0172445 0.164876 0.00653989 0.00387295 0.0171693 
0.555773 0.234893 0.0167945 0.163947 0.00681515 0.00466034 0.0171171 
0.56556 0.222495 0.0170829 0.160147 0.00715971 0.0064286 0.0211275 
0.582624 0.219752 0.0151005 0.152097 0.00711765 0.00562194 0.0176872 
0.59769 0.17713 0.0150242 0.179361 0.00877614 0.00398486 0.0180343 
0.579838 0.209745 0.0154937 0.160838 0.00860292 0.00402964 0.0214534 
0.626359 0.186875 0.0168813 0.135656 0.00750621 0.00450137 0.0222212 
0.605918 0.128505 0.0203429 0.208824 0.00582917 0.00637839 0.0242031 
0.596453 0.162545 0.0195639 0.189616 0.00609366 0.00507768 0.0206501 
0.641205 0.171857 0.0209295 0.128852 0.00544044 0.00886077 0.0228558 
0.657629 0.137124 0.0200414 0.149733 0.00635983 0.00848885 0.0206232 
0.663987 0.103921 0.0200682 0.18131 0.00491721 0.00736059 0.0184358 
0.674879 0.102948 0.0245925 0.160693 0.00399432 0.0088342 0.0240582 
0.69423 0.0995396 0.0248419 0.151851 0.00395627 0.006905 0.0186759 
0.701355 0.118245 0.0220486 0.122724 0.004852 0.00963013 0.0211461 
0.73485 0.105642 0.023234 0.0925407 0.00568232 0.0109293 0.027121 
0.756967 0.111135 0.0247719 0.0649272 0.00441455 0.0129358 0.0248487 
0.743932 0.0882357 0.0260682 0.103516 0.00497337 0.00875803 0.0245169 
0.782311 0.0725659 0.0320381 0.0780782 0.00353599 0.00626906 0.0252018 
0.78633 0.0800137 0.026909 0.0703979 0.0036855 0.0102581 0.0224061 
0.778729 0.0687348 0.0258553 0.101745 0.00433158 0.00486084 0.0157433 
0.798617 0.0632126 0.0270581 0.0794986 0.00404501 0.00670888 0.0208601 
0.805951 0.043391 0.030381 0.0880809 0.00287555 0.00440668 0.0249141 
0.831118 0.0389747 0.0286568 0.0635918 0.00316619 0.00285078 0.0316422 
0.813198 0.030117 0.0340043 0.0869256 0.00276392 0.0022907 0.0307001 
0.80677 0.0231801 0.0378901 0.0951518 0.0026525 0.0020419 0.0323139 
0.823484 0.0258885 0.0324499 0.0791161 0.00349726 0.0021552 0.0334085 
0.819384 0.0177609 0.0484049 0.0407042 0.00194174 0.00213315 0.0696709 
0.821379 0.0192146 0.041098 0.0690529 0.00236878 0.00195253 0.0449341 
0.8278 0.0155588 0.0508603 0.0454487 0.0018627 0.00185377 0.0566155 
0.828001 0.0154817 0.051348 0.0425649 0.00178261 0.00232726 0.0584942 
0.824504 0.017928 0.0458559 0.0465209 0.00239172 0.00256393 0.0602352 
