0.850937 0.0104339 0.0610111 0.0475985 0.00133433 0.00210632 0.0265786 
0.854714 0.0102227 0.0685379 0.0335327 0.00110035 0.00257723 0.0293152 
0.837441 0.00879935 0.0782535 0.0315288 0.00105084 0.00267647 0.0402499 
0.861953 0.0092598 0.0721325 0.0218809 9.08825E-4 0.00223817 0.0316264 
0.85303 0.00949978 0.0756985 0.0244966 9.99715E-4 0.00155867 0.034717 
0.853344 0.00975906 0.0735794 0.0272369 9.51778E-4 0.00175034 0.0333783 
0.865388 0.00888746 0.0683449 0.0241765 9.79597E-4 0.0016141 0.0306096 
0.848258 0.00905718 0.0687033 0.0302079 0.00100473 0.00210301 0.040666 
0.852354 0.00771487 0.0772119 0.0172779 0.00102779 0.00149114 0.0429226 
0.82623 0.00990278 0.0627216 0.0656138 0.00192946 0.00201943 0.031583 
0.834628 0.00919873 0.0705137 0.0499577 0.00135533 0.00172914 0.0326171 
0.862705 0.00863409 0.0734711 0.0203948 0.00102899 0.00172308 0.0320427 
0.868159 0.0100245 0.0591004 0.0279093 0.00120805 0.00226954 0.0313295 
0.888065 0.0118066 0.0489696 0.0232557 0.00141509 0.00204745 0.0244405 
0.877361 0.00974115 0.0544135 0.0311778 0.00135512 0.00223273 0.0237188 
0.874301 0.0100522 0.0537247 0.0406044 0.00168838 0.00165423 0.0179749 
0.883147 0.0142981 0.0545142 0.0302395 0.00138782 0.00165821 0.0147552 
0.814542 0.0470931 0.0330069 0.089016 0.00196669 0.00291718 0.0114578 
0.556768 0.238164 0.0163156 0.16071 0.00697168 0.00567391 0.0153973 
0.323134 0.531236 0.00559727 0.102897 0.0192867 0.00466093 0.0131878 
0.208377 0.640042 0.00261532 0.0630959 0.069524 0.00498717 0.0113583 
0.117568 0.731207 0.00177383 0.0577937 0.0787517 0.00472479 0.00818142 
0.0867075 0.724015 0.00157082 0.0678177 0.109452 0.00522714 0.00520978 
0.0500728 0.745285 0.00112229 0.0631322 0.130807 0.00558194 0.00399918 
0.0559695 0.670516 0.00119329 0.0623236 0.198927 0.00710415 0.00396608 
0.0365797 0.661101 0.00109892 0.0587768 0.232169 0.00744715 0.00282716 
0.017731 0.927191 2.60992E-4 0.0198551 0.0300767 0.00345562 0.00142948 
0.0218432 0.892563 3.3993E-4 0.023634 0.0564257 0.00332606 0.00186836 
0.0304807 0.749342 0.00180516 0.0571985 0.152181 0.00505874 0.00393398 
0.0408904 0.881088 9.30745E-4 0.0488874 0.0200791 0.00334589 0.00477813 
0.0226091 0.951754 4.34785E-4 0.0156642 0.00558502 0.00172637 0.00222687 
0.0154499 0.938302 3.68578E-4 0.0195543 0.022615 0.00195118 0.00175946 
0.0429707 0.639003 0.00268392 0.0608864 0.242337 0.00664017 0.0054788 
0.0458246 0.611979 0.00474998 0.0870134 0.234365 0.00870523 0.00736289 
0.0175503 0.877801 5.15594E-4 0.0219151 0.0770041 0.00335704 0.00185639 
0.0186693 0.817172 8.18332E-4 0.0297014 0.127139 0.0043685 0.00213145 
0.00869072 0.974177 1.91516E-4 0.00832499 0.00578997 0.00140242 0.00142315 
0.0102241 0.970729 1.51557E-4 0.00795268 0.00813497 0.00175176 0.00105591 
0.01418 0.936242 1.61779E-4 0.0126661 0.0319638 0.00302167 0.0017644 
0.0148022 0.888622 2.18366E-4 0.0189641 0.0711139 0.00403479 0.00224469 
0.0119971 0.94417 2.13226E-4 0.0135618 0.0232053 0.00394092 0.00291183 
0.0128215 0.945963 2.34918E-4 0.0133383 0.0203928 0.0043742 0.00287519 
0.81564 0.00663367 0.0802566 0.0215152 9.51333E-4 0.001474 0.0735288 
0.834211 0.00739904 0.0681102 0.0294144 0.00130362 0.00171966 0.0578421 
0.849911 0.0123289 0.0559028 0.0449013 0.00113661 0.00197048 0.0338488 
0.845936 0.00997783 0.0653026 0.0444612 0.00112025 0.0016041 0.0315977 
0.851184 0.0103461 0.0515447 0.0284304 0.00167431 0.00206335 0.0547568 
0.861143 0.00981683 0.0531017 0.0379336 0.00131757 0.00147506 0.035212 
0.832207 0.00914067 0.06133 0.0463387 0.00112668 0.00204637 0.0478103 
0.817934 0.00942942 0.0653196 0.0621827 0.0013126 0.00155845 0.0422637 
0.845676 0.00989772 0.0594156 0.0345827 0.00113822 0.00187918 0.0474102 
0.818984 0.00831292 0.0649391 0.0356001 0.00148808 0.00226232 0.0684136 
0.827601 0.00668956 0.0754898 0.0273672 0.00164147 0.00119931 0.0600119 
0.778049 0.00719641 0.0761758 0.0489381 0.0016372 0.00177182 0.0862321 
0.782472 0.00606905 0.0870893 0.0322043 0.00182048 0.00125363 0.0890916 
0.797195 0.00626314 0.0770687 0.0380681 0.00190633 0.00123232 0.0782659 
0.743328 0.00655037 0.0853548 0.0300833 0.00200924 0.00131022 0.131364 
0.773613 0.00713898 0.0757853 0.0398022 0.00281908 0.0013597 0.099482 
0.792432 0.00702668 0.0746971 0.0342187 0.00189019 0.00145075 0.0882843 
0.77515 0.00702188 0.0749837 0.0367902 0.00175005 0.00154124 0.102763 
0.776254 0.00710349 0.073916 0.0398752 0.00166229 0.00161496 0.0995745 
0.807039 0.00838894 0.0637221 0.0458972 0.00184992 0.00167053 0.0714324 
0.810265 0.00941603 0.0735052 0.0384095 0.00101562 0.00175351 0.0656352 
0.819894 0.00775141 0.0694322 0.0319083 8.94515E-4 0.0029725 0.0671473 
0.830329 0.00865602 0.0698287 0.0357094 9.03114E-4 0.00241674 0.0521574 
0.807689 0.00897215 0.0669021 0.0289363 0.00100358 0.00287035 0.083626 
0.844404 0.00864212 0.0629827 0.0321986 0.0011932 0.0021086 0.0484706 
0.818803 0.00918682 0.0678505 0.0412541 0.00127722 0.00155296 0.0600759 
0.825495 0.00736311 0.0714943 0.0278944 0.00105631 0.00193622 0.0647611 
0.798799 0.00721306 0.0686141 0.0404922 0.00174548 0.00226477 0.0808715 
0.846669 0.00725433 0.0629503 0.0256431 0.00152319 0.00177668 0.0541829 
0.828899 0.00626811 0.0711822 0.0179925 0.0016181 0.00174712 0.0722932 
0.832845 0.00675877 0.0773677 0.0347806 0.00143668 0.0011556 0.0456561 
0.793846 0.00695824 0.0715026 0.0377317 0.00154441 0.0018636 0.086553 
0.789878 0.00840508 0.0807827 0.0512176 0.00113936 0.00174404 0.0668329 
0.756224 0.00761212 0.0847424 0.0363949 9.54418E-4 0.00295632 0.111115 
0.787653 0.008844 0.0673856 0.0519651 0.00151216 0.00189593 0.0807445 
0.812519 0.00795716 0.0745803 0.0395975 0.00125887 0.00175356 0.0623332 
0.792363 0.00733277 0.0753125 0.0630665 0.00174989 0.00159658 0.0585785 
0.812105 0.0106511 0.0595479 0.063146 0.00169351 0.00221308 0.050643 
0.815145 0.0102257 0.0606775 0.0617289 0.00129359 0.00236635 0.0485626 
0.848347 0.010101 0.052228 0.0505914 0.00177809 0.00190739 0.0350472 
0.867196 0.0096012 0.0578542 0.0291862 0.00131603 0.00169417 0.0331522 
0.851273 0.00894471 0.0579098 0.0343948 0.00151014 0.00249188 0.0434753 
0.863292 0.00944811 0.0657908 0.035439 0.00176189 0.00128063 0.0229878 
0.82805 0.00957637 0.0678482 0.0639289 0.0024402 0.00128892 0.0268676 
0.81627 0.00866617 0.0718563 0.0682478 0.00206329 0.0014022 0.0314938 
0.818263 0.00972302 0.0745674 0.0658046 0.00183738 0.00121829 0.0285862 
0.826147 0.0102765 0.0709304 0.0610214 0.0017307 0.00119503 0.0286987 
0.819934 0.00833592 0.0796262 0.0549546 0.00195057 0.00132645 0.0338721 
0.820423 0.0101604 0.0744158 0.060031 0.00207624 0.00143295 0.0314606 
0.838951 0.0106073 0.0684873 0.0455853 0.00182414 0.00163518 0.0329098 
0.829117 0.00794966 0.083831 0.0256395 0.0014256 0.00154918 0.0504875 
0.816491 0.00822457 0.0856931 0.038137 0.00175052 0.00142037 0.0482839 
0.837521 0.00926373 0.0765737 0.0409036 0.00208346 0.00150724 0.0321472 
0.851708 0.00927257 0.0732655 0.0304895 0.00195243 0.00123656 0.0320753 
0.833642 0.00941051 0.0764455 0.0242505 0.00144814 0.00163847 0.0531649 
0.839115 0.00993722 0.070989 0.0394552 0.00180902 0.00170956 0.0369846 
0.814042 0.00908739 0.0834443 0.0375861 0.00293935 0.00144956 0.0514513 
0.838792 0.00852276 0.0811042 0.0221003 0.0021406 0.00175245 0.045588 
0.822056 0.00909738 0.0813616 0.0258361 0.00212815 0.00159509 0.0579254 
0.832909 0.00956768 0.0832806 0.0220889 0.00177394 0.00197622 0.0484032 
0.827795 0.00933222 0.0867484 0.0304486 0.00197876 0.00197131 0.0417252 
0.829435 0.00774621 0.082029 0.0361179 0.00279979 0.00159719 0.0402746 
0.815536 0.00807308 0.0793373 0.0573477 0.00269174 0.00148568 0.0355289 
0.844569 0.00957311 0.0770559 0.031959 0.00179323 0.00153076 0.033519 
0.862366 0.0119175 0.0693472 0.0170443 0.00148701 0.0018533 0.0359848 
0.855452 0.00945711 0.0708001 0.0323779 0.00209201 0.00159164 0.0282292 
0.849328 0.00713259 0.0776611 0.0292506 0.00223893 0.00136206 0.0330272 
0.831018 0.00734828 0.0871027 0.0241012 0.00145281 0.00172654 0.0472504 
0.858656 0.00940214 0.0717819 0.0281905 0.00193141 0.0019121 0.028126 
0.761051 0.00999067 0.0762774 0.120604 0.00167114 0.00193632 0.0284691 
0.804711 0.00886339 0.0718541 0.0825169 0.00191482 0.00136747 0.0287726 
0.773458 0.00685235 0.10035 0.0685328 0.00140045 0.0017537 0.0476519 
0.797944 0.00709063 0.0845663 0.0698194 0.00210215 0.00114346 0.0373342 
0.815964 0.00767654 0.0834214 0.0547076 0.00197399 0.00112527 0.035131 
0.807702 0.00685207 0.0835369 0.0432114 0.00209506 0.00153808 0.0550641 
0.805957 0.0089368 0.0704602 0.0292574 0.00172501 0.00189147 0.0817717 
0.82581 0.0103588 0.0641453 0.0233334 0.00217997 0.0020719 0.072101 
0.797245 0.0104629 0.0752432 0.0190171 0.00166089 0.00161274 0.094758 
0.821753 0.00979258 0.06217 0.0354071 0.00207887 0.00139529 0.0674031 
0.83425 0.0132239 0.063587 0.0433898 0.0018621 0.00139819 0.0422887 
0.820673 0.0111963 0.0667103 0.0452368 0.00192798 0.00132672 0.0529289 
0.812791 0.0109697 0.0705341 0.0474212 0.00174806 0.00106827 0.0554675 
0.79497 0.00870948 0.0821103 0.0762356 0.00162539 0.00119044 0.0351586 
0.807916 0.00993708 0.0715538 0.0712936 0.00151927 0.00165139 0.0361287 
