0.864636 0.00997344 0.0640914 0.0342734 0.00141884 0.00140059 0.0242064 
0.868329 0.00893295 0.0732983 0.0178468 9.18623E-4 0.00161983 0.0290541 
0.875436 0.0109107 0.0620955 0.0242928 0.00126985 0.00173301 0.0242622 
0.850106 0.0104943 0.0736595 0.0336682 0.00110245 0.00147019 0.029499 
0.857024 0.0102514 0.0692696 0.0289786 0.00134972 0.00193244 0.0311946 
0.870795 0.0122491 0.0608319 0.0341704 0.00156416 0.00165563 0.0187341 
0.877636 0.0105009 0.0568279 0.0286735 0.00155782 0.00164139 0.0231621 
0.870474 0.00827124 0.0726126 0.019217 0.0010934 0.00166924 0.0266626 
0.880704 0.00959359 0.0624117 0.0165796 0.00107879 0.00208136 0.027551 
0.883525 0.0100897 0.0551171 0.0203483 0.00163746 0.00161535 0.0276666 
0.86849 0.010498 0.0550261 0.0274027 0.00193248 0.00219794 0.0344527 
0.855615 0.00851275 0.0627648 0.0236669 0.00139483 0.00236781 0.0456775 
0.851152 0.0075379 0.0808708 0.0147974 9.00321E-4 0.00236243 0.0423789 
0.870865 0.0103382 0.0628304 0.0149859 0.00106761 0.00231819 0.0375943 
0.851165 0.00971068 0.0714867 0.0183371 0.00124863 0.00188215 0.0461701 
0.846231 0.00835759 0.068467 0.0209561 0.0020053 0.00164003 0.0523432 
0.874836 0.0144875 0.0437287 0.0137429 0.00231285 0.00335519 0.0475371 
0.845841 0.0311565 0.0416028 0.00248542 0.00231704 0.0106577 0.0659397 
0.8781 0.0290625 0.0413435 0.00534752 0.00250801 0.00571427 0.0379244 
0.881531 0.0265654 0.0358306 0.0117422 0.00316945 0.0040866 0.0370749 
0.881016 0.0190898 0.0450272 0.0111584 0.00266864 0.00267605 0.0383635 
0.872497 0.0181484 0.0485844 0.0155696 0.00312444 0.00239124 0.0396847 
0.862346 0.0124331 0.050733 0.0312974 0.002278 0.00268221 0.0382302 
0.864339 0.0123941 0.0519879 0.0298512 0.00143092 0.00315768 0.036839 
0.861951 0.0128748 0.0621445 0.0286654 9.95178E-4 0.00284498 0.0305244 
0.841836 0.0101151 0.0617443 0.0193614 0.00150228 0.00358379 0.0618571 
0.8645 0.00840825 0.0551786 0.0259672 0.00104794 0.00327239 0.0416255 
0.833884 0.00869014 0.054319 0.0261069 0.00121816 0.00344602 0.0723355 
0.80774 0.00746663 0.0600628 0.0201484 0.00135983 0.00241932 0.100803 
0.739739 0.00872897 0.0658584 0.0192089 0.00128181 0.00276612 0.162417 
0.773857 0.00869958 0.0636277 0.0168611 0.00125405 0.00217948 0.133521 
0.752454 0.00868814 0.0633039 0.0268779 0.00157228 0.00194813 0.145155 
0.768324 0.00791522 0.0643709 0.0340753 0.00152254 0.00166479 0.122127 
0.775216 0.00809056 0.0602665 0.027841 0.00196269 0.00152036 0.125103 
0.784737 0.00992001 0.0580357 0.0384706 0.00181075 0.00153857 0.105487 
0.788893 0.00981969 0.0585049 0.0405653 0.00232521 0.00116169 0.0987301 
0.749627 0.00803459 0.0674832 0.0534156 0.00262458 0.00110443 0.117711 
0.801379 0.00693773 0.0717129 0.0437874 0.00166632 0.00162908 0.0728875 
0.822204 0.00858985 0.0641465 0.0249137 0.00181299 0.00149627 0.0768367 
0.840273 0.00808258 0.0646589 0.0272197 0.00227903 0.00150513 0.0559817 
0.786706 0.00690912 0.0789345 0.0257843 0.00147172 0.00178277 0.0984114 
0.761836 0.00672977 0.0769774 0.0223294 0.00197692 0.00175237 0.128398 
0.799668 0.00709239 0.0744533 0.0233167 0.00170722 0.00162681 0.0921353 
0.781088 0.00786491 0.0773565 0.0234527 0.00145406 0.00156506 0.107218 
0.71898 0.00576377 0.0917667 0.0193616 0.00154104 0.00137025 0.161216 
0.766687 0.00646177 0.0987662 0.051798 0.00121653 0.00120392 0.0738669 
0.776312 0.00635798 0.0918846 0.0349718 0.00102763 0.00148604 0.0879597 
0.747568 0.0059484 0.08983 0.0305552 9.89451E-4 0.00153607 0.123573 
0.773062 0.00732275 0.0886917 0.0271183 8.80522E-4 0.00155468 0.10137 
0.815236 0.00746635 0.0741766 0.0324334 0.00119388 0.00142011 0.0680735 
0.75837 0.00722878 0.0873106 0.0281568 8.38637E-4 0.00156574 0.11653 
0.81647 0.00770607 0.0809959 0.0273074 9.19145E-4 0.00114541 0.0654564 
0.803978 0.00797227 0.0746821 0.0320784 0.00103407 0.00167226 0.0785825 
0.756831 0.00602832 0.0932967 0.0341755 8.8435E-4 0.00203938 0.106745 
0.749871 0.00624443 0.0900492 0.0268597 0.00102487 0.001581 0.12437 
0.760346 0.00707084 0.0845304 0.0246389 7.87262E-4 0.00193497 0.120691 
0.785112 0.00625073 0.0879251 0.0181932 0.0010183 0.00212426 0.099376 
0.808435 0.00642492 0.0804227 0.0104817 0.00102076 0.00237686 0.0908382 
0.776322 0.00556352 0.0972059 0.0127997 0.00119871 0.00211578 0.104794 
0.833921 0.0078084 0.0812971 0.0145538 0.00132349 0.00222392 0.0588728 
0.808828 0.00581367 0.084619 0.0146509 0.00138106 0.00185509 0.0828522 
0.825247 0.00613228 0.0842924 0.0124244 0.00116089 0.001683 0.06906 
0.838328 0.00966498 0.0660787 0.0190086 0.00233523 0.00187512 0.0627099 
0.841649 0.0104482 0.0611969 0.016767 0.00195849 0.00197372 0.0660072 
0.81455 0.00717805 0.070811 0.0223838 0.00165697 0.00151798 0.0819022 
0.837616 0.0092806 0.0509508 0.0456454 0.00637477 0.0014619 0.0486702 
0.855368 0.0106187 0.0512355 0.0331679 0.00315803 0.00156333 0.0448887 
0.768694 0.0340829 0.0522061 0.003722 0.0129743 0.0151012 0.113219 
0.797921 0.0156002 0.0515344 0.00476566 0.00376904 0.00447935 0.121931 
0.878434 0.0173525 0.0369788 0.017774 0.00470062 0.00285062 0.041909 
0.819302 0.00725095 0.0661996 0.022933 0.00238625 0.00126753 0.0806609 
0.84353 0.00927808 0.0586682 0.0248916 0.00287652 0.0016482 0.0591073 
0.810242 0.0101094 0.0635651 0.0207444 0.00169749 0.00179098 0.0918509 
0.821896 0.00939317 0.0619192 0.0127706 0.0013523 0.00191535 0.0907537 
0.791968 0.00975426 0.0539175 0.0195113 0.00199453 0.00222542 0.120629 
0.802795 0.00933208 0.0554069 0.0189089 0.00183553 0.00218891 0.109533 
0.793283 0.00844884 0.05745 0.0184628 0.00214984 0.00245439 0.117751 
0.79273 0.00872849 0.057141 0.0263816 0.00226049 0.00173354 0.111025 
0.814834 0.0092721 0.057104 0.0231996 0.00160492 0.00186621 0.0921194 
0.800208 0.00956789 0.0517948 0.0277837 0.00215195 0.00189199 0.106602 
0.812737 0.00884629 0.05044 0.023567 0.0018449 0.00226707 0.100298 
0.838309 0.00890682 0.0555727 0.0226387 0.0011708 0.00173959 0.0716623 
0.77734 0.00787968 0.0648571 0.0231815 0.00108351 0.00174434 0.123914 
0.820859 0.00886507 0.057781 0.0356434 0.00107925 0.00199369 0.0737789 
0.829779 0.00807614 0.0538007 0.025377 0.00135878 0.00180974 0.0797983 
0.808733 0.00873657 0.0544562 0.0178724 0.00120794 0.00258063 0.106413 
0.841473 0.0098765 0.0639425 0.0225254 0.00125658 0.00155163 0.0593743 
0.822282 0.0119882 0.0760301 0.0133772 0.00150037 0.00118421 0.0736376 
0.79614 0.0097745 0.0999769 0.0157304 0.00137205 9.31465E-4 0.0760752 
0.861213 0.0113528 0.0664757 0.019257 0.00160397 0.00125886 0.0388384 
0.868116 0.00911592 0.0750533 0.0150788 8.4419E-4 0.00209604 0.0296962 
0.861063 0.00876426 0.0651234 0.0253876 9.80631E-4 0.00209721 0.0365841 
0.829259 0.00968534 0.0718188 0.024812 6.58671E-4 0.00499701 0.058769 
0.835637 0.0089957 0.0662297 0.0255561 8.08561E-4 0.00244008 0.0603327 
0.845056 0.0103229 0.0563823 0.0204576 9.44577E-4 0.00321578 0.0636206 
0.848073 0.0105796 0.0606256 0.0264778 0.00101621 0.00234662 0.0508816 
0.84224 0.0103028 0.0658802 0.0266071 9.00146E-4 0.00232933 0.0517406 
0.786683 0.0100234 0.0786921 0.0168646 6.03058E-4 0.00268997 0.104443 
0.698333 0.00629371 0.0862672 0.0155397 0.00141259 0.0022201 0.189934 
0.795004 0.00774126 0.0661411 0.0204843 0.00236591 0.00204955 0.106214 
0.759058 0.007144 0.0741495 0.0172512 0.00143175 0.00215707 0.138808 
0.791066 0.00778625 0.0652146 0.0160028 0.00195669 0.0022801 0.115694 
0.779189 0.00689835 0.0708344 0.0218374 0.00121538 0.00187263 0.118153 
0.78372 0.00829071 0.066617 0.0205327 0.0014482 0.0016486 0.117743 
0.781071 0.00699038 0.0696053 0.0237598 0.00153786 0.00198509 0.115051 
0.766692 0.00870343 0.0660818 0.0210797 0.00150024 0.00227607 0.133666 
0.754458 0.00789163 0.0758076 0.029136 0.0019699 0.0013622 0.129375 
0.807236 0.00801494 0.0785983 0.0236567 0.00168192 0.00148498 0.079327 
0.765251 0.00823949 0.0726193 0.0311364 0.0023551 0.00160726 0.118791 
0.744331 0.00899663 0.0738294 0.0218478 0.00178036 0.00132611 0.147889 
0.769478 0.00900915 0.0689111 0.0206213 0.00246976 0.00162118 0.12789 
0.767059 0.0079898 0.0750889 0.0198147 0.00164371 0.00155781 0.126846 
0.778899 0.00655785 0.0775699 0.0222611 0.00223685 0.00118422 0.111291 
0.80532 0.00721443 0.0637579 0.0370012 0.00274713 0.00126776 0.0826915 
0.763572 0.00774927 0.0664068 0.0356558 0.00280089 0.00131991 0.122496 
0.769376 0.00762673 0.0663194 0.0323354 0.00203875 0.00157423 0.12073 
0.812783 0.00942876 0.0579872 0.0289865 0.00217135 0.00207412 0.0865685 
0.860198 0.0120156 0.0474401 0.00933033 0.00152459 0.00372342 0.0657677 
0.778679 0.0308476 0.0401881 0.00208245 0.00478616 0.0164791 0.126938 
0.844559 0.0205623 0.0420229 0.00516808 0.00231542 0.00705329 0.0783192 
0.871678 0.0240305 0.0324456 0.0465616 0.00245324 0.00251645 0.0203146 
0.866266 0.0166621 0.0417955 0.0379089 0.00201247 0.00253231 0.0328224 
0.871551 0.0153831 0.0384452 0.0368453 0.00241429 0.00237245 0.0329888 
0.867964 0.0275838 0.0243577 0.0515758 0.00393163 0.00313522 0.0214523 
0.866031 0.0233477 0.0330823 0.0465246 0.00215203 0.00190892 0.0269537 
0.858874 0.0225761 0.0338495 0.0409433 0.00208409 0.00222254 0.03945 
0.856191 0.0187249 0.0373817 0.0481232 0.00137983 0.0024033 0.0357965 
0.819835 0.0197581 0.0389213 0.0818309 0.00166099 0.00187635 0.0361175 
0.831806 0.0158365 0.0470594 0.0555378 0.00162654 0.00135309 0.0467805 
0.814727 0.0222069 0.0382747 0.0730534 0.00174573 0.00228607 0.0477056 
0.809125 0.0287035 0.0330141 0.0927528 0.00216472 0.00158102 0.0326584 
0.819583 0.0238923 0.028976 0.0964145 0.0026261 0.00151632 0.0269922 
0.818378 0.0158398 0.0381785 0.0820794 0.00197369 0.00180708 0.0417433 
0.833934 0.0189516 0.0368627 0.0617708 0.0016158 0.00206823 0.0447967 
0.815832 0.0226954 0.0322626 0.0839972 0.00209408 0.00197337 0.0411451 
0.826517 0.0243009 0.0333819 0.0652946 0.00201001 0.00215072 0.0463445 
0.817882 0.0226164 0.0395187 0.0610334 0.00225044 0.0016183 0.0550804 
0.826379 0.0336691 0.0329618 0.074462 0.00197635 0.00202743 0.0285242 
0.763789 0.137104 0.0188185 0.0446841 0.00474526 0.00514159 0.0257176 
0.365294 0.479844 0.00933604 0.00661741 0.01209 0.0641685 0.0626502 
0.246537 0.626815 0.00451172 0.00759474 0.0291365 0.0112251 0.0741798 
0.424276 0.477426 0.00596411 0.0202478 0.0174129 0.0120545 0.042619 
0.366574 0.55401 0.00544087 0.0265194 0.0123155 0.00713235 0.0280078 
0.317904 0.60887 0.00470405 0.0163507 0.014014 0.0115782 0.0265785 
0.450734 0.46204 0.00847226 0.0269566 0.0110244 0.012014 0.0287588 
0.543195 0.326525 0.0102208 0.0544434 0.0170922 0.0202977 0.0282256 
0.473274 0.40607 0.0099433 0.0485852 0.0130837 0.0188283 0.0302157 
0.501515 0.341728 0.0108747 0.0813669 0.0152791 0.0151893 0.0340475 
0.578866 0.275363 0.0117996 0.0774073 0.0134634 0.0109728 0.0321284 
0.550347 0.320565 0.0116847 0.0660855 0.0113025 0.0119405 0.0280745 
0.564435 0.278389 0.0115457 0.0858594 0.0192103 0.00934528 0.0312147 
0.531105 0.322573 0.0114217 0.0737632 0.0180523 0.00908804 0.0339973 
0.525962 0.346597 0.0117479 0.0548125 0.0152905 0.00994757 0.0356424 
0.51482 0.341806 0.0115654 0.0724026 0.0177994 0.00918561 0.0324212 
0.559237 0.291055 0.0130662 0.0818506 0.0155544 0.00811385 0.0311226 
0.606874 0.245095 0.0148883 0.0700738 0.0153864 0.00810174 0.0395805 
0.593443 0.260858 0.0157759 0.0734096 0.00982762 0.00754982 0.0391368 
0.54603 0.307767 0.014178 0.0816752 0.0093011 0.00642423 0.0346239 
0.634567 0.209312 0.0163197 0.0929612 0.00842853 0.00653814 0.0318734 
0.607331 0.242046 0.0130859 0.0881787 0.0148633 0.00602851 0.0284669 
0.636883 0.21281 0.015061 0.0857667 0.0101495 0.00741551 0.0319137 
0.666666 0.18122 0.0159732 0.0941413 0.00850817 0.00545554 0.0280352 
0.632463 0.242414 0.0141368 0.0672843 0.00994155 0.00650768 0.0272517 
0.644446 0.209166 0.0161455 0.0962284 0.00691745 0.00591654 0.02118 
0.618923 0.224983 0.0177731 0.1022 0.00484596 0.00752938 0.0237455 
0.62038 0.21998 0.0181048 0.107608 0.00521097 0.00722734 0.0214899 
0.63254 0.248617 0.0166526 0.0592635 0.00562578 0.0109064 0.0263939 
0.595486 0.291401 0.0170222 0.0526372 0.00518591 0.0121262 0.0261418 
0.652313 0.218956 0.0189504 0.0666748 0.00467282 0.00833594 0.030097 
0.67338 0.178038 0.020929 0.0877773 0.00453272 0.00692388 0.028419 
0.762024 0.118216 0.0190772 0.0534375 0.00573142 0.00703923 0.0344741 
0.803926 0.0561388 0.0266906 0.0764888 0.00292195 0.00346454 0.0303697 
0.811636 0.0591909 0.0205378 0.0793412 0.00381984 0.00328649 0.0221878 
0.79107 0.0621906 0.0233287 0.0860086 0.00345852 0.00370133 0.0302426 
0.821399 0.0467701 0.0330516 0.0544371 0.00235323 0.00294238 0.0390468 
0.75933 0.0295043 0.0368827 0.148662 0.00229272 0.00402904 0.0192986 
0.579084 0.0174115 0.13788 0.169447 0.00471346 0.0366766 0.0547872 
0.54449 0.0194857 0.193605 0.00709556 0.00271032 0.219986 0.0126272 
0.644507 0.0351661 0.123682 0.00575233 0.0115772 0.155328 0.023988 
0.694886 0.0195464 0.16527 0.012979 0.00833962 0.0727709 0.026209 
0.799513 0.00525246 0.115081 0.0347983 0.00110382 0.00446775 0.0397841 
0.824951 0.00630678 0.113216 0.00904443 0.00112881 0.00781052 0.0375419 
0.737336 0.00708537 0.156644 0.013107 0.0010158 0.0438657 0.0409462 
0.752085 0.00924856 0.131844 0.00900495 0.00149246 0.0561919 0.0401333 
0.795111 0.00947203 0.136572 0.0130254 0.0022849 0.0171363 0.0263984 
0.779197 0.00736047 0.144306 0.0105375 0.00228227 0.0192748 0.0370424 
0.800496 0.00814037 0.13087 0.0117069 0.00324486 0.0147294 0.0308121 
0.843984 0.010548 0.0902865 0.0115718 0.00379093 0.0145719 0.0252473 
0.859201 0.0123475 0.0823988 0.00764562 0.00228796 0.00943749 0.0266812 
0.861921 0.0131705 0.0745519 0.00738513 0.00177777 0.0106687 0.0305245 
0.857019 0.0137346 0.0741452 0.0152497 0.00140739 0.00798746 0.0304568 
0.872525 0.0162995 0.0619628 0.00911023 0.0012319 0.0122069 0.0266641 
0.877677 0.0185936 0.049026 0.0158117 0.00153867 0.0133687 0.0239845 
0.879127 0.018931 0.047276 0.0148931 0.00148646 0.0136137 0.0246729 
0.874584 0.0202322 0.045298 0.0259859 0.00232231 0.00918995 0.0223878 
0.870397 0.0250765 0.0433502 0.0268118 0.00205765 0.00967332 0.0226335 
0.87361 0.0294301 0.0372935 0.0263897 0.00261587 0.00917355 0.0214869 
0.844852 0.0402865 0.038825 0.0450123 0.00279182 0.00953424 0.0186985 
0.856747 0.0352825 0.0393555 0.0296748 0.0021183 0.0139365 0.022885 
0.858628 0.042579 0.037491 0.0279712 0.00276741 0.0102115 0.0203515 
0.851763 0.0316016 0.0404087 0.0434558 0.00247449 0.00876775 0.0215284 
0.867162 0.0254116 0.0404977 0.0350349 0.00291567 0.0086066 0.0203719 
0.865954 0.0221512 0.0397685 0.0382708 0.00516605 0.0057255 0.0229639 
0.864606 0.0233467 0.0394258 0.0402679 0.00383181 0.00663404 0.0218877 
0.866325 0.0290909 0.0341558 0.0392639 0.00338868 0.00862473 0.0191514 
0.877418 0.0237519 0.035154 0.0247415 0.0033104 0.0113806 0.0242438 
0.872258 0.0203637 0.0396751 0.0372502 0.00248147 0.00649945 0.0214716 
0.8745 0.0172189 0.0487315 0.0282793 0.00195714 0.006276 0.0230374 
0.847146 0.0244331 0.0447048 0.0518445 0.00219496 0.0097295 0.0199474 
0.852643 0.0212762 0.0459443 0.0516398 0.00300988 0.0059607 0.0195259 
0.824395 0.0163487 0.0487189 0.0860355 0.00346495 0.0043318 0.0167046 
0.834457 0.0167869 0.0562518 0.0616003 0.0034074 0.00376284 0.0237338 
0.853246 0.0467981 0.0395547 0.0115693 0.0106726 0.013097 0.0250621 
0.855724 0.0271044 0.0459414 0.0252577 0.00628296 0.00698501 0.0327043 
0.84949 0.0233095 0.0371829 0.0477225 0.00478718 0.00470135 0.0328067 
0.854638 0.0217875 0.037327 0.0457349 0.00483983 0.00501531 0.0306578 
0.856319 0.0249312 0.0414176 0.0325848 0.00235268 0.007716 0.0346792 
0.846543 0.0233671 0.0450033 0.0432878 0.00207842 0.0156965 0.0240232 
0.860402 0.0192557 0.048546 0.0363472 0.00141867 0.00769222 0.0263386 
0.860274 0.0158051 0.0504892 0.0368295 0.0016455 0.0082805 0.0266763 
0.698333 0.00629371 0.0862672 0.0155397 0.00141259 0.0022201 0.189934 
0.795004 0.00774126 0.0661411 0.0204843 0.00236591 0.00204955 0.106214 
0.759058 0.007144 0.0741495 0.0172512 0.00143175 0.00215707 0.138808 
0.791066 0.00778625 0.0652146 0.0160028 0.00195669 0.0022801 0.115694 
0.779189 0.00689835 0.0708344 0.0218374 0.00121538 0.00187263 0.118153 
0.78372 0.00829071 0.066617 0.0205327 0.0014482 0.0016486 0.117743 
0.781071 0.00699038 0.0696053 0.0237598 0.00153786 0.00198509 0.115051 
0.766692 0.00870343 0.0660818 0.0210797 0.00150024 0.00227607 0.133666 
0.754458 0.00789163 0.0758076 0.029136 0.0019699 0.0013622 0.129375 
0.807236 0.00801494 0.0785983 0.0236567 0.00168192 0.00148498 0.079327 
0.765251 0.00823949 0.0726193 0.0311364 0.0023551 0.00160726 0.118791 
0.744331 0.00899663 0.0738294 0.0218478 0.00178036 0.00132611 0.147889 
0.769478 0.00900915 0.0689111 0.0206213 0.00246976 0.00162118 0.12789 
0.767059 0.0079898 0.0750889 0.0198147 0.00164371 0.00155781 0.126846 
0.778899 0.00655785 0.0775699 0.0222611 0.00223685 0.00118422 0.111291 
0.80532 0.00721443 0.0637579 0.0370012 0.00274713 0.00126776 0.0826915 
0.763572 0.00774927 0.0664068 0.0356558 0.00280089 0.00131991 0.122496 
0.769376 0.00762673 0.0663194 0.0323354 0.00203875 0.00157423 0.12073 
0.812783 0.00942876 0.0579872 0.0289865 0.00217135 0.00207412 0.0865685 
0.860198 0.0120156 0.0474401 0.00933033 0.00152459 0.00372342 0.0657677 
0.778679 0.0308476 0.0401881 0.00208245 0.00478616 0.0164791 0.126938 
0.844559 0.0205623 0.0420229 0.00516808 0.00231542 0.00705329 0.0783192 
0.871678 0.0240305 0.0324456 0.0465616 0.00245324 0.00251645 0.0203146 
0.866266 0.0166621 0.0417955 0.0379089 0.00201247 0.00253231 0.0328224 
0.871551 0.0153831 0.0384452 0.0368453 0.00241429 0.00237245 0.0329888 
0.867964 0.0275838 0.0243577 0.0515758 0.00393163 0.00313522 0.0214523 
0.866031 0.0233477 0.0330823 0.0465246 0.00215203 0.00190892 0.0269537 
0.858874 0.0225761 0.0338495 0.0409433 0.00208409 0.00222254 0.03945 
0.856191 0.0187249 0.0373817 0.0481232 0.00137983 0.0024033 0.0357965 
0.819835 0.0197581 0.0389213 0.0818309 0.00166099 0.00187635 0.0361175 
0.831806 0.0158365 0.0470594 0.0555378 0.00162654 0.00135309 0.0467805 
0.814727 0.0222069 0.0382747 0.0730534 0.00174573 0.00228607 0.0477056 
0.809125 0.0287035 0.0330141 0.0927528 0.00216472 0.00158102 0.0326584 
0.819583 0.0238923 0.028976 0.0964145 0.0026261 0.00151632 0.0269922 
0.818378 0.0158398 0.0381785 0.0820794 0.00197369 0.00180708 0.0417433 
0.833934 0.0189516 0.0368627 0.0617708 0.0016158 0.00206823 0.0447967 
0.815832 0.0226954 0.0322626 0.0839972 0.00209408 0.00197337 0.0411451 
0.826517 0.0243009 0.0333819 0.0652946 0.00201001 0.00215072 0.0463445 
0.817882 0.0226164 0.0395187 0.0610334 0.00225044 0.0016183 0.0550804 
0.826379 0.0336691 0.0329618 0.074462 0.00197635 0.00202743 0.0285242 
0.763789 0.137104 0.0188185 0.0446841 0.00474526 0.00514159 0.0257176 
0.365294 0.479844 0.00933604 0.00661741 0.01209 0.0641685 0.0626502 
0.246537 0.626815 0.00451172 0.00759474 0.0291365 0.0112251 0.0741798 
0.424276 0.477426 0.00596411 0.0202478 0.0174129 0.0120545 0.042619 
0.366574 0.55401 0.00544087 0.0265194 0.0123155 0.00713235 0.0280078 
0.317904 0.60887 0.00470405 0.0163507 0.014014 0.0115782 0.0265785 
0.450734 0.46204 0.00847226 0.0269566 0.0110244 0.012014 0.0287588 
0.543195 0.326525 0.0102208 0.0544434 0.0170922 0.0202977 0.0282256 
0.473274 0.40607 0.0099433 0.0485852 0.0130837 0.0188283 0.0302157 
0.501515 0.341728 0.0108747 0.0813669 0.0152791 0.0151893 0.0340475 
0.578866 0.275363 0.0117996 0.0774073 0.0134634 0.0109728 0.0321284 
0.550347 0.320565 0.0116847 0.0660855 0.0113025 0.0119405 0.0280745 
0.564435 0.278389 0.0115457 0.0858594 0.0192103 0.00934528 0.0312147 
0.531105 0.322573 0.0114217 0.0737632 0.0180523 0.00908804 0.0339973 
0.525962 0.346597 0.0117479 0.0548125 0.0152905 0.00994757 0.0356424 
0.51482 0.341806 0.0115654 0.0724026 0.0177994 0.00918561 0.0324212 
0.559237 0.291055 0.0130662 0.0818506 0.0155544 0.00811385 0.0311226 
0.606874 0.245095 0.0148883 0.0700738 0.0153864 0.00810174 0.0395805 
0.593443 0.260858 0.0157759 0.0734096 0.00982762 0.00754982 0.0391368 
0.54603 0.307767 0.014178 0.0816752 0.0093011 0.00642423 0.0346239 
0.634567 0.209312 0.0163197 0.0929612 0.00842853 0.00653814 0.0318734 
0.607331 0.242046 0.0130859 0.0881787 0.0148633 0.00602851 0.0284669 
0.636883 0.21281 0.015061 0.0857667 0.0101495 0.00741551 0.0319137 
0.666666 0.18122 0.0159732 0.0941413 0.00850817 0.00545554 0.0280352 
0.632463 0.242414 0.0141368 0.0672843 0.00994155 0.00650768 0.0272517 
0.644446 0.209166 0.0161455 0.0962284 0.00691745 0.00591654 0.02118 
0.618923 0.224983 0.0177731 0.1022 0.00484596 0.00752938 0.0237455 
0.62038 0.21998 0.0181048 0.107608 0.00521097 0.00722734 0.0214899 
0.63254 0.248617 0.0166526 0.0592635 0.00562578 0.0109064 0.0263939 
0.595486 0.291401 0.0170222 0.0526372 0.00518591 0.0121262 0.0261418 
0.652313 0.218956 0.0189504 0.0666748 0.00467282 0.00833594 0.030097 
0.67338 0.178038 0.020929 0.0877773 0.00453272 0.00692388 0.028419 
0.762024 0.118216 0.0190772 0.0534375 0.00573142 0.00703923 0.0344741 
0.803926 0.0561388 0.0266906 0.0764888 0.00292195 0.00346454 0.0303697 
0.811636 0.0591909 0.0205378 0.0793412 0.00381984 0.00328649 0.0221878 
0.79107 0.0621906 0.0233287 0.0860086 0.00345852 0.00370133 0.0302426 
0.821399 0.0467701 0.0330516 0.0544371 0.00235323 0.00294238 0.0390468 
0.75933 0.0295043 0.0368827 0.148662 0.00229272 0.00402904 0.0192986 
0.579084 0.0174115 0.13788 0.169447 0.00471346 0.0366766 0.0547872 
0.54449 0.0194857 0.193605 0.00709556 0.00271032 0.219986 0.0126272 
0.644507 0.0351661 0.123682 0.00575233 0.0115772 0.155328 0.023988 
0.694886 0.0195464 0.16527 0.012979 0.00833962 0.0727709 0.026209 
0.799513 0.00525246 0.115081 0.0347983 0.00110382 0.00446775 0.0397841 
0.824951 0.00630678 0.113216 0.00904443 0.00112881 0.00781052 0.0375419 
0.737336 0.00708537 0.156644 0.013107 0.0010158 0.0438657 0.0409462 
0.752085 0.00924856 0.131844 0.00900495 0.00149246 0.0561919 0.0401333 
0.795111 0.00947203 0.136572 0.0130254 0.0022849 0.0171363 0.0263984 
0.779197 0.00736047 0.144306 0.0105375 0.00228227 0.0192748 0.0370424 
0.800496 0.00814037 0.13087 0.0117069 0.00324486 0.0147294 0.0308121 
0.843984 0.010548 0.0902865 0.0115718 0.00379093 0.0145719 0.0252473 
0.859201 0.0123475 0.0823988 0.00764562 0.00228796 0.00943749 0.0266812 
0.861921 0.0131705 0.0745519 0.00738513 0.00177777 0.0106687 0.0305245 
0.857019 0.0137346 0.0741452 0.0152497 0.00140739 0.00798746 0.0304568 
0.872525 0.0162995 0.0619628 0.00911023 0.0012319 0.0122069 0.0266641 
0.877677 0.0185936 0.049026 0.0158117 0.00153867 0.0133687 0.0239845 
0.879127 0.018931 0.047276 0.0148931 0.00148646 0.0136137 0.0246729 
0.874584 0.0202322 0.045298 0.0259859 0.00232231 0.00918995 0.0223878 
0.870397 0.0250765 0.0433502 0.0268118 0.00205765 0.00967332 0.0226335 
0.87361 0.0294301 0.0372935 0.0263897 0.00261587 0.00917355 0.0214869 
0.844852 0.0402865 0.038825 0.0450123 0.00279182 0.00953424 0.0186985 
0.856747 0.0352825 0.0393555 0.0296748 0.0021183 0.0139365 0.022885 
0.858628 0.042579 0.037491 0.0279712 0.00276741 0.0102115 0.0203515 
0.851763 0.0316016 0.0404087 0.0434558 0.00247449 0.00876775 0.0215284 
0.867162 0.0254116 0.0404977 0.0350349 0.00291567 0.0086066 0.0203719 
0.865954 0.0221512 0.0397685 0.0382708 0.00516605 0.0057255 0.0229639 
0.864606 0.0233467 0.0394258 0.0402679 0.00383181 0.00663404 0.0218877 
0.866325 0.0290909 0.0341558 0.0392639 0.00338868 0.00862473 0.0191514 
0.877418 0.0237519 0.035154 0.0247415 0.0033104 0.0113806 0.0242438 
0.872258 0.0203637 0.0396751 0.0372502 0.00248147 0.00649945 0.0214716 
0.8745 0.0172189 0.0487315 0.0282793 0.00195714 0.006276 0.0230374 
0.847146 0.0244331 0.0447048 0.0518445 0.00219496 0.0097295 0.0199474 
0.852643 0.0212762 0.0459443 0.0516398 0.00300988 0.0059607 0.0195259 
0.824395 0.0163487 0.0487189 0.0860355 0.00346495 0.0043318 0.0167046 
0.834457 0.0167869 0.0562518 0.0616003 0.0034074 0.00376284 0.0237338 
0.833115 0.00926199 0.0642971 0.0504076 0.00207257 0.00190333 0.0389427 
0.843108 0.0107344 0.0577243 0.0346525 0.00189535 0.00277538 0.0491104 
0.827027 0.0113196 0.0533322 0.0491687 0.00190411 0.00367797 0.0535707 
0.842514 0.0151922 0.0421584 0.0644583 0.0021628 0.00215833 0.0313561 
0.836942 0.0132145 0.0432044 0.0557837 0.0019777 0.00287158 0.0460063 
0.795656 0.0116467 0.048587 0.0992187 0.00252831 0.00265433 0.0397085 
0.817626 0.00966977 0.0605803 0.072479 0.00194009 0.00268118 0.0350235 
0.798742 0.0100497 0.0635579 0.084998 0.00154812 0.00305168 0.0380523 
0.812876 0.00933181 0.0638334 0.0689314 0.00163874 0.0027684 0.0406207 
0.793574 0.00929424 0.0704323 0.0747501 0.00167908 0.0028542 0.0474161 
0.798045 0.0102606 0.0650397 0.0836596 0.00158798 0.0030231 0.0383836 
0.808572 0.00987521 0.0673653 0.0631933 0.00161725 0.00326096 0.0461157 
0.77431 0.00920379 0.0718257 0.0814161 0.00180386 0.00284138 0.0585991 
0.79041 0.0101251 0.0736127 0.0573131 0.00142323 0.00296814 0.0641473 
0.833115 0.00926199 0.0642971 0.0504076 0.00207257 0.00190333 0.0389427 
0.843108 0.0107344 0.0577243 0.0346525 0.00189535 0.00277538 0.0491104 
0.827027 0.0113196 0.0533322 0.0491687 0.00190411 0.00367797 0.0535707 
0.842514 0.0151922 0.0421584 0.0644583 0.0021628 0.00215833 0.0313561 
0.836942 0.0132145 0.0432044 0.0557837 0.0019777 0.00287158 0.0460063 
0.795656 0.0116467 0.048587 0.0992187 0.00252831 0.00265433 0.0397085 
0.817626 0.00966977 0.0605803 0.072479 0.00194009 0.00268118 0.0350235 
0.798742 0.0100497 0.0635579 0.084998 0.00154812 0.00305168 0.0380523 
0.812876 0.00933181 0.0638334 0.0689314 0.00163874 0.0027684 0.0406207 
0.793574 0.00929424 0.0704323 0.0747501 0.00167908 0.0028542 0.0474161 
0.798045 0.0102606 0.0650397 0.0836596 0.00158798 0.0030231 0.0383836 
0.808572 0.00987521 0.0673653 0.0631933 0.00161725 0.00326096 0.0461157 
0.77431 0.00920379 0.0718257 0.0814161 0.00180386 0.00284138 0.0585991 
0.79041 0.0101251 0.0736127 0.0573131 0.00142323 0.00296814 0.0641473 
0.717622 0.0103166 0.144046 0.0113298 0.00155986 0.0563897 0.058736 
0.810648 0.0104951 0.0814576 0.0150929 0.00197757 0.0162092 0.0641195 
0.859343 0.0147746 0.0614568 0.0111435 0.00213798 0.0136705 0.0374735 
0.868343 0.015237 0.0555395 0.0130189 0.00238377 0.0120266 0.0334509 
0.855871 0.0149555 0.0557707 0.0381336 0.003488 0.00599056 0.0257903 
0.861074 0.012937 0.0579467 0.0326138 0.00345219 0.00631557 0.0256602 
0.864634 0.0146209 0.0500309 0.0399811 0.00333504 0.00537288 0.0220247 
0.85945 0.0136071 0.0532101 0.032527 0.00311345 0.00752338 0.0305685 
0.866573 0.015292 0.0459843 0.0288299 0.003387 0.0072948 0.0326388 
0.875666 0.0162876 0.0468531 0.0328895 0.00374848 0.00540601 0.019149 
0.874718 0.0179195 0.0435072 0.032536 0.00325633 0.00410796 0.0239546 
0.861995 0.0166289 0.0449387 0.0432486 0.00272417 0.00451291 0.0259521 
0.873828 0.0182208 0.0467185 0.0343229 0.00210509 0.00383748 0.0209669 
0.874059 0.0191002 0.0447292 0.0325193 0.00258556 0.00325151 0.023755 
0.891312 0.0177989 0.0430297 0.0164331 0.00259192 0.00345149 0.0253831 
0.876848 0.0196519 0.0398118 0.0400724 0.00334352 0.00299243 0.01728 
0.867282 0.0192754 0.0425309 0.0437239 0.0029778 0.00324205 0.020968 
0.867528 0.018142 0.0494249 0.0346601 0.00166126 0.00467089 0.0239129 
0.856903 0.0219228 0.0433296 0.0534995 0.00188524 0.00449524 0.0179643 
0.842063 0.0175271 0.0508681 0.0589075 0.00225789 0.00377801 0.0245982 
0.845971 0.0218011 0.0455455 0.0616613 0.00225002 0.00345856 0.0193127 
0.853463 0.0182173 0.0494878 0.047962 0.00285331 0.00334024 0.0246765 
0.844824 0.0157162 0.0581456 0.0494757 0.00250143 0.00328467 0.0260527 
0.83459 0.0138558 0.0588768 0.0473695 0.00240044 0.00318762 0.0397194 
0.854008 0.0114207 0.0608295 0.032775 0.00160091 0.00326898 0.036097 
0.826623 0.0122407 0.0606854 0.0571273 0.00448842 0.00200697 0.0368282 
0.783799 0.0135584 0.059145 0.107301 0.0031322 0.00216016 0.0309042 
0.856653 0.0116584 0.055885 0.0504793 0.00231163 0.00188327 0.021129 
0.878751 0.0117639 0.0506153 0.0307278 0.00247305 0.00187538 0.0237932 
0.855936 0.0127523 0.0574654 0.0421927 0.00214507 0.00174131 0.0277675 
0.84838 0.0137455 0.0624258 0.0417057 0.00141904 0.00177179 0.0305524 
0.850334 0.0107879 0.0674469 0.0321946 0.00146365 0.00149219 0.0362807 
0.839227 0.0138615 0.0593275 0.0599758 0.00163758 0.00171055 0.0242605 
0.861583 0.0122124 0.0519611 0.0403292 0.00193492 0.00224922 0.0297306 
0.850799 0.0128541 0.0562237 0.0464847 0.00226754 0.0018612 0.02951 
0.836057 0.0114339 0.0648022 0.0455466 0.0016426 0.0018324 0.0386849 
0.864225 0.0113867 0.0577876 0.034088 0.00158785 0.00193859 0.0289863 
0.841136 0.0104893 0.0634879 0.0391605 0.00154676 0.00223046 0.0419489 
0.85486 0.0121468 0.058344 0.0334928 0.0011978 0.00262851 0.0373303 
0.859058 0.0114655 0.0558047 0.0315197 0.00148931 0.00250684 0.038156 
0.842639 0.0109431 0.057214 0.0405397 0.00185872 0.00203567 0.0447696 
0.823992 0.0102763 0.0655876 0.05244 0.00245828 0.00162277 0.0436234 
0.799384 0.00989137 0.0704016 0.0741398 0.00224078 0.00178127 0.0421608 
0.83064 0.0103822 0.06704 0.0503958 0.00188721 0.00205486 0.0375994 
0.819427 0.00950839 0.0655406 0.0641859 0.00234005 0.00185527 0.0371429 
0.814298 0.0101346 0.0671088 0.0630262 0.00227888 0.00208056 0.0410733 
0.821535 0.0102349 0.0585302 0.0698021 0.00267249 0.00204716 0.0351782 
0.807203 0.0126367 0.0651616 0.0701158 0.00168607 0.00256268 0.0406337 
0.840081 0.010556 0.0565505 0.0539134 0.0022357 0.0024726 0.0341904 
0.810587 0.0104905 0.0607603 0.0863121 0.00246757 0.0016368 0.027746 
0.803541 0.012729 0.064158 0.0877254 0.00213338 0.00199767 0.0277153 
0.828806 0.010251 0.0766439 0.0507268 0.00166601 0.00140564 0.0305011 
0.804709 0.00952509 0.0732522 0.0834882 0.00236808 0.00134407 0.0253138 
0.837961 0.01095 0.0688816 0.0538991 0.00191561 0.001521 0.024872 
0.818979 0.0120301 0.0654965 0.0741673 0.00204 0.00160787 0.0256794 
0.830621 0.00935797 0.0720309 0.0545798 0.00203604 0.00133264 0.0300415 
0.802245 0.00937257 0.0865094 0.0490378 0.00146158 0.00169688 0.0496766 
0.819166 0.00942571 0.0825627 0.0377209 0.0012483 0.0016313 0.0482453 
0.821073 0.010456 0.0795933 0.0523229 0.00139043 0.00161777 0.033547 
0.827997 0.00993735 0.0759786 0.0516678 0.00107022 0.00212485 0.0312242 
0.845353 0.0102585 0.0658569 0.0482948 0.0012913 0.00189589 0.0270499 
0.831315 0.00903774 0.0730985 0.0528242 0.00159516 0.00163102 0.0304978 
0.856516 0.0107392 0.0595974 0.0451001 0.00131708 0.00228038 0.0244498 
0.851164 0.00932581 0.0693398 0.0328877 0.00113408 0.00202489 0.0341238 
0.842761 0.00982025 0.0683951 0.0522371 0.00127739 0.00169962 0.02381 
0.85133 0.0113393 0.0626782 0.0460623 0.0014853 0.00207201 0.0250329 
0.828702 0.00987383 0.0707036 0.0527624 0.00120548 0.00247356 0.0342795 
0.823613 0.00984108 0.0793978 0.043702 0.00111032 0.00208234 0.0402534 
0.842858 0.00863949 0.07481 0.0368769 0.00107232 0.00208891 0.0336539 
0.815907 0.00896792 0.0773481 0.05083 0.00115486 0.00219359 0.0435985 
0.847877 0.00946078 0.0683145 0.0438787 0.00123316 0.00168583 0.02755 
0.833115 0.00926199 0.0642971 0.0504076 0.00207257 0.00190333 0.0389427 
0.843108 0.0107344 0.0577243 0.0346525 0.00189535 0.00277538 0.0491104 
0.827027 0.0113196 0.0533322 0.0491687 0.00190411 0.00367797 0.0535707 
0.842514 0.0151922 0.0421584 0.0644583 0.0021628 0.00215833 0.0313561 
0.836942 0.0132145 0.0432044 0.0557837 0.0019777 0.00287158 0.0460063 
0.795656 0.0116467 0.048587 0.0992187 0.00252831 0.00265433 0.0397085 
0.817626 0.00966977 0.0605803 0.072479 0.00194009 0.00268118 0.0350235 
0.798742 0.0100497 0.0635579 0.084998 0.00154812 0.00305168 0.0380523 
0.812876 0.00933181 0.0638334 0.0689314 0.00163874 0.0027684 0.0406207 
0.793574 0.00929424 0.0704323 0.0747501 0.00167908 0.0028542 0.0474161 
0.798045 0.0102606 0.0650397 0.0836596 0.00158798 0.0030231 0.0383836 
0.808572 0.00987521 0.0673653 0.0631933 0.00161725 0.00326096 0.0461157 
0.77431 0.00920379 0.0718257 0.0814161 0.00180386 0.00284138 0.0585991 
0.79041 0.0101251 0.0736127 0.0573131 0.00142323 0.00296814 0.0641473 
0.866361 0.00866104 0.0583524 0.0241385 0.00191908 0.00160911 0.0389584 
0.837969 0.00883445 0.054311 0.0250535 0.00154073 0.00245332 0.0698377 
0.867524 0.00949918 0.0518211 0.0225809 0.00134703 0.0020866 0.0451414 
0.808342 0.0112043 0.0560791 0.0219238 0.00135992 0.00351644 0.0975739 
0.832749 0.00916228 0.0644293 0.0178897 0.00104551 0.0020772 0.0726475 
0.812415 0.0100705 0.0599068 0.0150148 0.00115193 0.00252156 0.0989198 
0.846974 0.00924218 0.0595035 0.024344 0.00132261 0.00170677 0.0569066 
0.846314 0.00965169 0.0593723 0.0421596 0.00129176 0.0023295 0.0388814 
0.852174 0.00848493 0.0586081 0.0202527 0.00157635 0.00247251 0.0564311 
0.849299 0.010089 0.0600767 0.0366706 0.00136181 0.00223707 0.0402661 
0.842124 0.00876512 0.0629564 0.0165433 0.00136872 0.00224289 0.0660001 
0.852985 0.0109031 0.0533552 0.0134937 9.87155E-4 0.00318456 0.0650913 
0.858419 0.0120559 0.0553216 0.0224936 0.00100915 0.00235768 0.0483432 
0.855709 0.00970075 0.0614096 0.0223893 8.82886E-4 0.00258975 0.0473191 
0.861932 0.0105096 0.0679176 0.026384 7.71087E-4 0.00233649 0.0301494 
0.868789 0.0109379 0.0557854 0.024555 0.00130243 0.00252861 0.0361015 
0.874382 0.011246 0.0581562 0.0214184 8.33487E-4 0.00283751 0.0311267 
0.868405 0.0126452 0.0514918 0.0165301 9.53732E-4 0.00364036 0.0463336 
0.865561 0.00930179 0.0648907 0.0181616 8.93289E-4 0.00217205 0.0390197 
0.874325 0.00987579 0.0576125 0.0210131 0.00107512 0.00197242 0.0341259 
0.847542 0.00884063 0.0604767 0.0412668 0.00131089 0.00207328 0.03849 
0.854121 0.00689008 0.0746157 0.0181253 9.76605E-4 0.00236925 0.0429017 
0.831211 0.00790688 0.0752988 0.024174 0.00103158 0.00277833 0.0575996 
0.841039 0.00845499 0.0714727 0.0226719 0.00121768 0.00187154 0.0532724 
0.839966 0.00844628 0.0630296 0.0302026 0.00113241 0.00235526 0.0548677 
0.849013 0.00929905 0.0699654 0.0181461 7.2699E-4 0.00297582 0.0498732 
0.856665 0.0106409 0.0583468 0.0378535 0.00123722 0.00218032 0.0330762 
0.856211 0.00810224 0.0671908 0.0374134 0.00119265 0.00165969 0.0282306 
0.866703 0.00968095 0.0533023 0.0283946 0.00130337 0.00384441 0.036771 
0.848852 0.00710877 0.0673045 0.0406541 0.00128573 0.00205159 0.0327436 
0.83722 0.00776605 0.0672573 0.0496175 0.00145713 0.00240443 0.0342778 
0.846493 0.00845601 0.0674492 0.0339862 0.00124251 0.0021913 0.0401813 
0.831201 0.00815966 0.0678471 0.0560994 0.00138798 0.00217746 0.0331275 
0.842954 0.00837381 0.0652923 0.0280763 0.00120823 0.00233045 0.0517648 
0.840821 0.00850208 0.0746416 0.0278274 0.00104158 0.00207891 0.045087 
0.850007 0.00816717 0.0715396 0.0321977 0.0013437 0.00164682 0.0350984 
0.869015 0.00922269 0.0623669 0.0265682 0.00132809 0.00199205 0.0295067 
0.866646 0.00966781 0.0619765 0.0214286 0.00112207 0.00184251 0.0373163 
0.829824 0.00745033 0.0832016 0.0330832 8.75877E-4 0.00244073 0.0431241 
0.843876 0.00917625 0.0628435 0.020286 0.00113852 0.00231746 0.0603622 
0.827431 0.00845316 0.0646123 0.0189488 0.00121369 0.00214875 0.0771924 
0.839468 0.00852426 0.0716496 0.0154736 9.48382E-4 0.00194875 0.0619869 
0.839406 0.00961728 0.0643835 0.0194734 0.00106903 0.00245335 0.0635978 
0.826242 0.00714982 0.070994 0.0249701 0.0013997 0.00172168 0.0675225 
0.841145 0.00919569 0.0624539 0.0318126 0.00140486 0.00172581 0.0522618 
0.82298 0.00866103 0.0691588 0.0235153 0.00113367 0.00177849 0.0727729 
0.814614 0.00895741 0.0693744 0.0267866 0.0010687 0.00280809 0.0763912 
0.822739 0.00822326 0.0763003 0.0262752 0.00117013 0.00155834 0.0637338 
0.852362 0.0113174 0.0549612 0.0358444 0.00139784 0.00230245 0.0418148 
0.876981 0.0121862 0.0491989 0.0241096 0.00146864 0.00237303 0.0336823 
0.854515 0.0109282 0.0526808 0.0296794 0.00138279 0.00287364 0.0479403 
0.862271 0.0102757 0.0623343 0.0227724 0.001133 0.00200776 0.0392056 
0.847999 0.0109586 0.0568975 0.0224591 0.00127782 0.00254454 0.057863 
0.827675 0.0092452 0.069709 0.0189794 9.47009E-4 0.00240957 0.0710351 
0.863883 0.0131155 0.0494352 0.0308246 0.00154593 0.00270139 0.0384943 
0.830611 0.0103624 0.0695762 0.0323921 9.64448E-4 0.0020668 0.0540272 
0.843675 0.00921446 0.0662709 0.0286275 0.0010769 0.00179698 0.0493381 
0.839286 0.00986444 0.0618432 0.0380863 0.00127514 0.00227325 0.0473722 
0.843981 0.0102851 0.06051 0.0394985 0.00134718 0.00205965 0.0423183 
0.842155 0.00996144 0.0596907 0.0412248 0.00147521 0.00173627 0.0437566 
0.834077 0.0077014 0.0641227 0.0301854 0.00139073 0.00166132 0.060861 
0.849078 0.00854847 0.0593377 0.0122442 0.0011948 0.00245741 0.067139 
0.84218 0.00848516 0.0568816 0.0291188 0.00159767 0.00168949 0.0600477 
0.84173 0.00929133 0.0522406 0.0291171 0.00190856 0.0024119 0.0633004 
0.842708 0.00956212 0.0661485 0.0387695 0.00135292 0.00136789 0.0400906 
0.844678 0.010421 0.0612807 0.0301505 0.00123233 0.0016024 0.0506352 
0.857814 0.0109587 0.055469 0.0333176 0.00139741 0.00150838 0.0395349 
0.844933 0.0102891 0.0648054 0.0427366 0.00120688 0.00158868 0.0344407 
0.861062 0.0111584 0.0500161 0.0389036 0.00184732 0.00170283 0.0353099 
0.840718 0.00815123 0.0662762 0.0409791 0.00116307 0.00167303 0.0410393 
0.790355 0.00886865 0.0686674 0.0598626 0.00143037 0.00220616 0.0686101 
0.855725 0.00948574 0.0552447 0.0336576 0.00133066 0.00198204 0.042574 
0.815765 0.0108433 0.0568864 0.0540514 0.00174261 0.00291857 0.0577924 
0.832557 0.0117879 0.0611285 0.0527843 0.00116611 0.00223788 0.0383381 
0.836537 0.0105298 0.0613345 0.0451316 0.00151511 0.00162687 0.0433254 
0.828742 0.0108624 0.0617972 0.0530438 0.00151641 0.0014976 0.0425406 
0.83063 0.0117614 0.0598124 0.0494594 0.00135382 0.00180654 0.0451768 
0.851385 0.0130386 0.0490571 0.059477 0.0016379 0.00154558 0.023859 
0.835425 0.0107715 0.0489441 0.0691721 0.00234948 0.00191216 0.0314259 
0.853458 0.0114312 0.0510273 0.0568818 0.00192873 0.00137378 0.0238993 
0.8568 0.0114771 0.045482 0.0498864 0.00218551 0.00230372 0.0318652 
0.862909 0.0116822 0.0461932 0.0517309 0.00201866 0.00168656 0.0237791 
0.836557 0.0105302 0.0554957 0.0519008 0.00238323 0.0013222 0.041811 
0.846912 0.0142087 0.0448815 0.0513213 0.00255777 0.00173388 0.038385 
0.825384 0.014257 0.0547559 0.0598083 0.00151935 0.00210118 0.0421743 
0.838647 0.012691 0.056048 0.048295 0.00126981 0.00184278 0.0412062 
0.829196 0.0103341 0.0680681 0.0416172 0.00105676 0.00216182 0.0475663 
0.837241 0.0101464 0.0680268 0.0393039 0.00110573 0.00189071 0.0422849 
0.8421 0.00955626 0.0626929 0.0416779 0.00134259 0.00187532 0.0407546 
0.842695 0.0123633 0.0565676 0.0514534 0.00166542 0.00176444 0.0334905 
0.829108 0.0108959 0.051469 0.0720196 0.00236271 0.00161176 0.0325333 
0.847494 0.0112059 0.0472486 0.0594637 0.00254104 0.00198255 0.030064 
0.86922 0.0117053 0.045438 0.0360198 0.00187713 0.00258707 0.0331526 
0.855462 0.0114308 0.0459776 0.0438316 0.00320271 0.00271976 0.0373751 
0.831939 0.0115301 0.0546727 0.0683043 0.00195277 0.00289415 0.0287068 
0.835841 0.0096507 0.0650886 0.0507352 0.00137518 0.00215253 0.0351569 
0.827421 0.0109355 0.0642563 0.0563438 0.00116525 0.0027673 0.0371112 
0.812497 0.0135554 0.0616007 0.0703314 0.00119914 0.00223051 0.0385855 
0.829783 0.0099021 0.0674678 0.0491074 0.00109524 0.00207958 0.0405648 
0.837941 0.0124229 0.0548392 0.0624528 0.00129523 0.00209794 0.0289508 
0.845188 0.0125437 0.0588097 0.0528243 0.00111979 0.00173075 0.0277833 
0.847596 0.00922135 0.0628049 0.0353258 0.00108592 0.0021777 0.0417883 
0.837667 0.012422 0.0506086 0.0655663 0.00133907 0.00243639 0.0299607 
0.843734 0.0135009 0.0513945 0.0563798 0.00153498 0.00208772 0.0313684 
0.847999 0.0113206 0.0532567 0.0504778 0.00140619 0.00200851 0.0335316 
0.821049 0.00994011 0.0645179 0.0632245 0.00155119 0.00211349 0.0376038 
0.833579 0.0094752 0.0685374 0.0499112 0.00123544 0.00212134 0.0351407 
0.840963 0.00856111 0.0640993 0.0483659 0.00129377 0.00207498 0.034642 
0.817335 0.00972463 0.0589354 0.0551057 0.00184793 0.00231383 0.0547378 
0.846646 0.00933992 0.0627353 0.0407528 0.0014668 0.00140803 0.0376513 
0.807198 0.00859411 0.0691873 0.0507699 0.00195406 0.001938 0.0603592 
0.829767 0.00998893 0.0557191 0.0584567 0.00212149 0.00167934 0.0422674 
0.816243 0.0101911 0.0542234 0.07255 0.00251948 0.00170118 0.042572 
0.819805 0.00961356 0.0655429 0.0610481 0.00192909 0.00117243 0.0408886 
0.833115 0.00926199 0.0642971 0.0504076 0.00207257 0.00190333 0.0389427 
