0.801651 0.00740202 0.0572346 0.0484799 0.00303867 0.00212381 0.0800696 
0.83851 0.00764747 0.0517976 0.0342163 0.0031092 0.00216592 0.0625532 
0.849341 0.00865063 0.051588 0.0304609 0.00245635 0.00322323 0.0542802 
0.825247 0.00801356 0.0612377 0.0459743 0.00175659 0.00251357 0.0552572 
0.837312 0.00715682 0.0639845 0.031752 0.00173508 0.00206354 0.0559963 
0.838949 0.00853729 0.0569718 0.0595763 0.00188792 0.00207834 0.031999 
0.852799 0.00911819 0.0539945 0.0509827 0.00221487 0.00140692 0.0294836 
0.855936 0.00971961 0.0589948 0.041336 0.00219192 0.00150618 0.0303152 
0.827735 0.0091099 0.0467789 0.0827021 0.00295323 0.00167329 0.029048 
0.817696 0.00909284 0.0523955 0.0688673 0.00364056 0.00170679 0.0466009 
0.817112 0.00868023 0.0556871 0.0677787 0.00345599 0.00159719 0.0456883 
0.828603 0.00884745 0.0510926 0.0656314 0.00347041 0.00150179 0.0408534 
0.841975 0.00972039 0.0538362 0.043412 0.00259366 0.00153165 0.0469314 
0.822738 0.0079335 0.0704875 0.0307515 0.00195166 0.00164399 0.0644937 
0.833763 0.00907777 0.0804844 0.0234107 0.00121925 0.00190927 0.0501355 
0.859855 0.0261358 0.0471722 0.00344147 0.004615 0.00920587 0.0495745 
0.871532 0.0189539 0.0529104 0.00697282 0.00362585 0.00405453 0.0419505 
0.846634 0.0107684 0.0670744 0.0178912 0.00268652 0.00235537 0.0525904 
0.8378 0.0116524 0.0623696 0.0283261 0.00343019 0.0019098 0.054512 
0.822374 0.0110619 0.0647608 0.0606499 0.00167194 0.00174387 0.037738 
0.720286 0.00911905 0.0741276 0.15953 0.00216591 0.00142168 0.0333505 
0.76848 0.00851565 0.0869047 0.0814341 0.00209439 0.00155031 0.0510209 
0.874578 0.0216572 0.0435674 0.00904491 0.00712465 0.00348147 0.0405459 
0.864438 0.0181767 0.0565599 0.00586569 0.00345572 0.004054 0.0474496 
0.859666 0.0148026 0.0536093 0.0190279 0.00612417 0.00235036 0.0444193 
0.847131 0.0119179 0.05963 0.0412936 0.00331844 0.00162771 0.0350817 
0.802142 0.00837298 0.0682149 0.0648394 0.00350156 0.001424 0.0515052 
0.755729 0.00806502 0.0640229 0.125174 0.00368275 0.0014282 0.0418979 
0.817947 0.00868461 0.0546064 0.0854224 0.00310783 0.00132751 0.0289042 
0.801191 0.00779916 0.0740703 0.0688844 0.00240511 0.00132535 0.0443247 
0.798968 0.00813736 0.0740161 0.0657508 0.00230944 0.00121791 0.0496008 
0.805331 0.00952623 0.0549572 0.0931888 0.00499773 0.00130733 0.0306914 
0.833151 0.0110971 0.0550335 0.0694173 0.00234236 0.00145185 0.0275071 
0.799271 0.0093863 0.0596096 0.0873922 0.00378034 0.00140377 0.039157 
0.78791 0.00728258 0.0751348 0.0846457 0.00242597 0.0014389 0.0411624 
0.721349 0.00765069 0.0642885 0.172334 0.00312024 0.00121729 0.030041 
0.770988 0.0072944 0.0688583 0.0989916 0.00268364 9.40117E-4 0.0502436 
0.778856 0.0088488 0.0683054 0.0778804 0.00170983 0.00116738 0.0632322 
0.766344 0.00769436 0.068642 0.104543 0.00199431 0.0017441 0.0490379 
0.757554 0.00792266 0.0720603 0.11032 0.00216047 0.00129749 0.0486846 
0.760651 0.00832558 0.0504956 0.147456 0.00398182 7.84933E-4 0.0283053 
0.739428 0.00725407 0.0668552 0.132345 0.00317733 0.00101319 0.0499269 
0.706069 0.00759037 0.0776362 0.144322 0.00269663 0.00101103 0.0606748 
0.754364 0.00808702 0.0651067 0.144444 0.00288108 6.29391E-4 0.0244884 
0.845659 0.0112174 0.0541285 0.0355198 0.00296908 0.00129844 0.0492082 
0.850199 0.0123625 0.0461431 0.0459551 0.00429929 0.00104654 0.0399945 
0.822185 0.0120313 0.0605972 0.0660849 0.00249571 9.68179E-4 0.0356377 
0.837601 0.012193 0.0504212 0.0663002 0.00227672 9.95637E-4 0.0302121 
0.784114 0.0104031 0.0497499 0.124759 0.00284998 0.00100389 0.0271203 
0.553523 0.249172 0.0133299 0.150745 0.00685236 0.00533984 0.0210386 
0.606411 0.201435 0.0127923 0.14405 0.00761812 0.00452166 0.0231719 
0.558109 0.188755 0.0114791 0.206371 0.0086283 0.00594558 0.0207124 
0.59843 0.165598 0.0132451 0.187452 0.00759041 0.00569274 0.021992 
0.627903 0.134012 0.0136162 0.192463 0.0075175 0.00470525 0.0197837 
0.648668 0.102199 0.0155744 0.202415 0.00728312 0.00431066 0.0195505 
0.725585 0.112478 0.0171418 0.109538 0.00693498 0.0048857 0.0234365 
0.736428 0.0939315 0.0191059 0.113617 0.0056109 0.00450743 0.0267993 
0.782129 0.0781752 0.020494 0.0859476 0.00515586 0.0031531 0.0249448 
0.765677 0.106907 0.0151552 0.0763494 0.00680602 0.00408611 0.0250196 
0.769236 0.080709 0.0191771 0.0936702 0.00392044 0.00355065 0.0297368 
0.782754 0.0635623 0.0243053 0.0997458 0.00298025 0.00252525 0.0241272 
0.827917 0.0471763 0.0229166 0.07275 0.00329127 0.00248943 0.0234595 
0.823894 0.0432421 0.0240199 0.0711532 0.0026851 0.00236637 0.0326396 
0.843819 0.0311459 0.0302376 0.041586 0.00171057 0.00303918 0.0484613 
0.821013 0.00861086 0.0589253 0.0230842 0.0022922 0.00204773 0.0840272 
0.815627 0.00802631 0.0604184 0.0298449 0.00202079 0.00229487 0.0817675 
0.813607 0.00883277 0.062074 0.0362276 0.00205921 0.00197565 0.0752234 
0.808741 0.00786868 0.0675101 0.0257245 0.002172 0.00195523 0.0860281 
0.777643 0.00830061 0.065707 0.0255364 0.00237446 0.0019814 0.118457 
0.750967 0.00722823 0.0774982 0.0186838 0.00182112 0.00158119 0.14222 
0.799015 0.00803419 0.0644715 0.0272097 0.00267477 0.00167821 0.0969165 
0.825967 0.00944917 0.061593 0.026505 0.00218358 0.00140184 0.0729 
0.80905 0.00886942 0.061892 0.0319662 0.00244784 0.00188878 0.0838856 
0.842449 0.00918025 0.0567372 0.0214764 0.002093 0.00155187 0.066512 
0.785394 0.00898608 0.0615037 0.0451429 0.00272743 0.00178566 0.0944607 
0.828444 0.00849786 0.0664962 0.0280705 0.00177325 0.00151706 0.0652015 
0.80525 0.00903874 0.0609975 0.0384349 0.00254548 0.00159576 0.0821374 
0.716325 0.00719541 0.0812944 0.0182033 0.00188784 0.00179317 0.1733 
0.553523 0.249172 0.0133299 0.150745 0.00685236 0.00533984 0.0210386 
0.606411 0.201435 0.0127923 0.14405 0.00761812 0.00452166 0.0231719 
0.558109 0.188755 0.0114791 0.206371 0.0086283 0.00594558 0.0207124 
0.59843 0.165598 0.0132451 0.187452 0.00759041 0.00569274 0.021992 
0.627903 0.134012 0.0136162 0.192463 0.0075175 0.00470525 0.0197837 
0.648668 0.102199 0.0155744 0.202415 0.00728312 0.00431066 0.0195505 
0.725585 0.112478 0.0171418 0.109538 0.00693498 0.0048857 0.0234365 
0.736428 0.0939315 0.0191059 0.113617 0.0056109 0.00450743 0.0267993 
0.782129 0.0781752 0.020494 0.0859476 0.00515586 0.0031531 0.0249448 
0.765677 0.106907 0.0151552 0.0763494 0.00680602 0.00408611 0.0250196 
0.769236 0.080709 0.0191771 0.0936702 0.00392044 0.00355065 0.0297368 
0.782754 0.0635623 0.0243053 0.0997458 0.00298025 0.00252525 0.0241272 
0.827917 0.0471763 0.0229166 0.07275 0.00329127 0.00248943 0.0234595 
0.823894 0.0432421 0.0240199 0.0711532 0.0026851 0.00236637 0.0326396 
0.843819 0.0311459 0.0302376 0.041586 0.00171057 0.00303918 0.0484613 
0.870454 0.00998695 0.0507051 0.0296633 0.0017571 0.00227622 0.0351572 
0.86142 0.0082651 0.0644154 0.0264965 0.00118417 0.00169978 0.0365193 
0.846786 0.00918422 0.0619518 0.0257764 0.00129881 0.00214375 0.0528592 
0.857637 0.0100674 0.0687307 0.0163055 7.94353E-4 0.00212472 0.0443408 
0.845751 0.00882535 0.0677879 0.0319533 0.00103471 0.0021881 0.0424596 
0.831364 0.0076137 0.066952 0.0261667 0.00120779 0.00225977 0.0644362 
0.852112 0.00838487 0.0653585 0.0357805 0.00127179 0.00170551 0.0353871 
0.820334 0.00871305 0.0745365 0.0478153 0.00106529 0.00170264 0.0458327 
0.806636 0.00644765 0.0738868 0.0346012 0.0011918 0.00202813 0.0752082 
0.780277 0.00679941 0.0819536 0.0421243 0.00125624 0.00185789 0.0857312 
0.8175 0.00647753 0.0745651 0.0205561 0.00140214 0.001717 0.0777821 
0.799218 0.00701001 0.0761368 0.0251882 0.001486 0.00186634 0.0890948 
0.769209 0.00602297 0.0872127 0.0180703 0.00144309 0.00142872 0.116613 
0.798866 0.00613441 0.084183 0.020964 0.00101305 0.00130151 0.0875379 
0.810759 0.00652644 0.0732422 0.0121836 0.00128044 0.00156759 0.0944408 
0.553523 0.249172 0.0133299 0.150745 0.00685236 0.00533984 0.0210386 
0.606411 0.201435 0.0127923 0.14405 0.00761812 0.00452166 0.0231719 
0.558109 0.188755 0.0114791 0.206371 0.0086283 0.00594558 0.0207124 
0.59843 0.165598 0.0132451 0.187452 0.00759041 0.00569274 0.021992 
0.627903 0.134012 0.0136162 0.192463 0.0075175 0.00470525 0.0197837 
0.648668 0.102199 0.0155744 0.202415 0.00728312 0.00431066 0.0195505 
0.725585 0.112478 0.0171418 0.109538 0.00693498 0.0048857 0.0234365 
0.736428 0.0939315 0.0191059 0.113617 0.0056109 0.00450743 0.0267993 
0.782129 0.0781752 0.020494 0.0859476 0.00515586 0.0031531 0.0249448 
0.765677 0.106907 0.0151552 0.0763494 0.00680602 0.00408611 0.0250196 
0.769236 0.080709 0.0191771 0.0936702 0.00392044 0.00355065 0.0297368 
0.782754 0.0635623 0.0243053 0.0997458 0.00298025 0.00252525 0.0241272 
0.827917 0.0471763 0.0229166 0.07275 0.00329127 0.00248943 0.0234595 
0.823894 0.0432421 0.0240199 0.0711532 0.0026851 0.00236637 0.0326396 
0.843819 0.0311459 0.0302376 0.041586 0.00171057 0.00303918 0.0484613 
0.841845 0.0106467 0.06635 0.0541885 0.00282183 0.00129098 0.0228567 
0.852972 0.0107719 0.0704955 0.0352098 0.00175523 0.00132312 0.027472 
0.842101 0.0120205 0.0809362 0.0295558 0.00141681 0.0013527 0.0326173 
0.856375 0.0109251 0.0756671 0.0238418 0.00147387 0.00119307 0.0305239 
0.839089 0.010082 0.0797613 0.0415852 0.0017835 0.00125084 0.0264478 
0.820903 0.0120753 0.0755943 0.0601992 0.00159403 0.00115449 0.0284795 
0.82171 0.012372 0.0797688 0.0488852 0.00155022 0.0012904 0.0344239 
0.829713 0.0117989 0.0667829 0.0591416 0.00239163 0.00123421 0.028938 
0.836251 0.0105207 0.0600046 0.0645085 0.00269603 0.0014494 0.0245696 
0.840305 0.0118336 0.0600572 0.0632547 0.00216719 0.00132142 0.0210606 
0.811157 0.00954016 0.0708075 0.0803094 0.00181683 0.00138174 0.024987 
0.772152 0.00896196 0.0859272 0.100758 0.00184813 0.00126849 0.0290842 
0.828762 0.0103055 0.0664938 0.0670884 0.00246243 0.00134926 0.023539 
0.762757 0.00915723 0.0800301 0.121465 0.00225905 0.00110902 0.0232226 
0.796485 0.0106944 0.0568308 0.101413 0.00340186 0.0017108 0.0294642 
0.817554 0.00939947 0.0656573 0.0708048 0.00265431 0.00163642 0.0322938 
0.806029 0.00939951 0.0693391 0.077485 0.00216425 0.00163487 0.0339485 
0.848008 0.0119486 0.0560349 0.0527964 0.00244363 0.00153783 0.0272308 
0.835314 0.0109239 0.060124 0.0553704 0.00299682 0.00164569 0.033625 
0.819781 0.0099761 0.0737941 0.0622734 0.00260706 0.00132891 0.0302395 
0.819874 0.0118386 0.0650748 0.0698678 0.00232887 0.00149574 0.02952 
0.827985 0.0118086 0.0708366 0.0575025 0.00220664 0.00140611 0.0282542 
0.818297 0.00838501 0.0799305 0.0535713 0.00209231 0.00120748 0.0365167 
0.837047 0.00802136 0.0822055 0.038683 0.0016924 0.00103492 0.0313162 
0.861598 0.0091588 0.0593336 0.0429133 0.00212479 0.00110715 0.0237646 
0.852856 0.00799424 0.0638863 0.03796 0.00149568 0.00126826 0.0345392 
0.853984 0.00911137 0.0637021 0.0334876 0.00151369 0.00147618 0.036725 
0.846158 0.00864898 0.0749138 0.0331706 0.00155825 0.00142495 0.0341258 
