0.811714 0.00824277 0.0600162 0.0214381 0.00303015 0.00156092 0.0939983 
0.81859 0.00901905 0.06011 0.0335021 0.00243841 0.00174889 0.0745915 
0.839325 0.00926658 0.0588779 0.0209411 0.00178702 0.00230734 0.0674953 
0.823997 0.00906759 0.0620912 0.0263728 0.00213993 0.00172282 0.0746091 
0.787169 0.00875874 0.0657339 0.027875 0.0027207 0.00154538 0.106197 
0.791544 0.00882404 0.0675766 0.0224534 0.00199567 0.00154384 0.106063 
0.750699 0.00829111 0.0713716 0.0154598 0.00158981 0.00218967 0.150399 
0.739009 0.00815169 0.0715173 0.0281496 0.00171579 0.00177933 0.149678 
0.805617 0.00844109 0.0677181 0.0271184 0.00153182 0.00190076 0.0876725 
0.807173 0.00805594 0.0678671 0.0247857 0.00150633 0.00221201 0.0884003 
0.783873 0.00768303 0.0669854 0.0355272 0.00242655 0.00179314 0.101712 
0.795164 0.0079051 0.0621401 0.0353657 0.00297537 0.00172774 0.0947218 
0.688243 0.00802559 0.0760153 0.0370128 0.00299302 0.00145568 0.186255 
0.733664 0.00768921 0.0814825 0.0293337 0.00173399 0.00145483 0.144642 
0.788755 0.00760302 0.0743167 0.0256708 0.00207054 0.00180348 0.0997809 
0.758462 0.00795795 0.0698258 0.0313159 0.0020459 0.00185204 0.12854 
0.795167 0.00845791 0.0623288 0.03449 0.00221421 0.00206147 0.0952802 
0.814856 0.00758993 0.070092 0.017199 0.00163894 0.00209474 0.0865293 
0.779492 0.00757281 0.0766227 0.0243692 0.0018266 0.00170008 0.108417 
0.798231 0.00755154 0.0687748 0.0215266 0.00197903 0.00188316 0.100054 
0.719329 0.00727276 0.0816284 0.0222507 0.00156252 0.00174381 0.166213 
0.788249 0.00762635 0.0690321 0.0216809 0.00195309 0.0018832 0.109575 
0.781127 0.0074552 0.0681463 0.0206885 0.00208813 0.0020847 0.118411 
0.753924 0.00752882 0.0761038 0.0310555 0.00209363 0.00191308 0.127381 
0.777988 0.00754683 0.0733563 0.0301565 0.00191432 0.00182311 0.107215 
0.774381 0.00830133 0.0667941 0.0459671 0.00204447 0.00219757 0.100315 
0.781058 0.00848982 0.0622347 0.0336167 0.00190128 0.00218161 0.110518 
0.703142 0.0077296 0.0852579 0.0339552 0.00124544 0.00165004 0.16702 
0.766404 0.00725177 0.0729591 0.0404968 0.00263146 0.00123737 0.10902 
0.820858 0.00745974 0.0665334 0.0391543 0.00217949 0.00141352 0.0624018 
0.761749 0.00880892 0.064051 0.0316201 0.00227561 0.00164931 0.129846 
0.727071 0.00913873 0.0630824 0.029226 0.00244832 0.00198098 0.167052 
0.776892 0.00870573 0.0692834 0.0466333 0.0018941 0.00159554 0.094996 
0.789844 0.00863526 0.0646802 0.0233124 0.00165177 0.00171082 0.110165 
0.751406 0.00815798 0.0768301 0.0288193 0.0020481 0.00138336 0.131355 
0.789141 0.00830392 0.0745327 0.0336512 0.00163176 0.00119964 0.0915397 
0.761669 0.00800865 0.0718578 0.0306162 0.00185979 0.00150582 0.124483 
0.788293 0.0080596 0.0656923 0.0351973 0.00182052 0.00195818 0.0989787 
0.769012 0.00717095 0.0737433 0.0292807 0.00137368 0.00220612 0.117213 
0.736004 0.00746821 0.07558 0.0217066 0.00162215 0.00229654 0.155323 
0.745247 0.0074469 0.08451 0.0267037 0.00146659 0.00152942 0.133096 
0.728566 0.00856336 0.0745016 0.0354689 0.00160611 0.00185193 0.149442 
0.765755 0.00858672 0.067049 0.0316045 0.00177237 0.00187488 0.123358 
0.709928 0.00755202 0.0735497 0.0278939 0.00169083 0.00249975 0.176886 
0.724115 0.008702 0.0675659 0.042393 0.00216804 0.00204272 0.153013 
0.820985 0.011205 0.0610957 0.0536977 0.00134612 0.00200903 0.0496618 
0.804038 0.00327138 0.153082 0.0142261 4.69757E-4 0.00239583 0.0225177 
0.763858 0.0112898 0.0800671 0.00168655 6.38905E-4 0.112236 0.0302228 
0.522121 0.0296842 0.0362539 0.00349939 0.00157766 0.360697 0.0461668 
0.691577 0.0103371 0.121019 0.00506942 0.00137186 0.129903 0.0407226 
0.704611 0.0153746 0.118269 0.00246854 7.66156E-4 0.139773 0.0187383 
0.518826 0.016259 0.0876658 0.00465249 0.00145498 0.330465 0.0406772 
0.638563 0.0129663 0.122259 0.0510227 0.00467193 0.100109 0.0704082 
0.786688 0.0100101 0.116186 0.0279139 0.00122733 0.022732 0.035242 
0.768922 0.0084731 0.162889 0.0229006 5.68116E-4 0.0073993 0.0288481 
0.698213 0.00606883 0.202359 0.0351958 8.38701E-4 0.0120675 0.0452578 
0.543702 0.00626716 0.21367 0.00976148 0.00115482 0.16804 0.0574036 
0.441494 0.00893535 0.198491 0.0120609 0.00113966 0.290443 0.0474369 
0.7519 0.0112017 0.0611655 0.0121239 0.00151327 0.0027288 0.159367 
0.796779 0.0113422 0.0559962 0.0110692 0.00201677 0.00221195 0.120585 
0.718143 0.012894 0.0630415 0.011074 0.001952 0.00255253 0.190343 
0.834804 0.0108765 0.0530825 0.0208689 0.00203457 0.00206808 0.0762655 
0.817942 0.011415 0.0584233 0.0283754 0.00194663 0.00200956 0.0798876 
0.812937 0.0112403 0.0646255 0.0190991 0.00211344 0.0024649 0.0875202 
0.832183 0.0118047 0.0604845 0.0275342 0.00187088 0.00185129 0.0642715 
0.807336 0.0103422 0.0668671 0.0268953 0.00281143 0.00185681 0.0838912 
0.804875 0.0101645 0.0661351 0.0354033 0.00204507 0.00200582 0.0793712 
0.801374 0.00973137 0.0674072 0.0151693 0.00219068 0.00193002 0.102198 
0.825823 0.0122093 0.0533231 0.0187925 0.00219141 0.00250693 0.0851534 
0.801584 0.00979038 0.0642842 0.0240756 0.00196349 0.00212646 0.0961763 
0.795724 0.00936709 0.0609231 0.0184338 0.00203096 0.00206664 0.111454 
0.841276 0.0126604 0.0538794 0.0314367 0.00190701 0.00181546 0.0570254 
0.83041 0.0131949 0.0524468 0.0368375 0.00216853 0.00166344 0.0632789 
0.826308 0.0118992 0.0543598 0.0408148 0.00166523 0.00164484 0.0633077 
0.824881 0.0105538 0.0485144 0.0360377 0.00261762 0.00195051 0.0754452 
0.844788 0.0102629 0.0536214 0.0254367 0.00238739 0.00177473 0.0617289 
0.813501 0.00907917 0.0653904 0.0205454 0.0021119 0.00196032 0.0874115 
0.839153 0.00776251 0.065536 0.0204136 0.00236039 0.00152013 0.0632543 
0.814736 0.0106357 0.0664064 0.0474766 0.0019277 0.0017264 0.0570908 
0.84996 0.0121621 0.0532944 0.0303861 0.00258877 0.00213339 0.0494757 
0.844785 0.0121401 0.051953 0.0315944 0.00233801 0.00200677 0.0551831 
0.850741 0.0122098 0.0515553 0.0325035 0.00223158 0.0021807 0.0485777 
0.83628 0.012601 0.0580757 0.0419584 0.00234016 0.00159613 0.0471485 
0.845165 0.0113858 0.0541892 0.0384763 0.00259593 0.00139001 0.0467974 
0.838643 0.0106266 0.0565566 0.0326281 0.00228485 0.00163593 0.0576247 
0.807237 0.0100368 0.0683747 0.0198156 0.00154865 0.00176886 0.0912188 
0.793196 0.00907423 0.0692685 0.0340917 0.00187622 0.00161625 0.0908774 
0.809511 0.0105182 0.0741126 0.0258526 0.00138291 0.00149596 0.0771273 
0.80959 0.00856494 0.0699971 0.0268114 0.0016684 0.00131308 0.0820547 
0.815917 0.00893025 0.0696285 0.0289738 0.00161771 0.00162931 0.0733031 
0.81053 0.00823846 0.06945 0.0220085 0.00229927 0.00153055 0.0859429 
0.821055 0.00996379 0.0610156 0.02988 0.00190294 0.00152649 0.0746561 
0.749861 0.0121175 0.0600806 0.0319556 0.00171277 0.00184188 0.142431 
0.789761 0.0124933 0.0517707 0.0272283 0.0021415 0.00169241 0.114912 
0.839478 0.0144133 0.0456529 0.0273145 0.00185382 0.00177764 0.0695101 
0.8497 0.0150852 0.0445101 0.0316678 0.00140723 0.00227211 0.0553572 
0.828724 0.0148288 0.0437277 0.0294523 0.00171005 0.00187562 0.0796818 
0.86529 0.0175359 0.0394962 0.0314532 0.00156984 0.00221279 0.0424418 
0.867576 0.0152435 0.0424758 0.0262255 0.00153938 0.00145475 0.0454854 
0.858103 0.0161894 0.0424326 0.0315981 0.00183125 0.00172688 0.0481191 
0.831378 0.0116881 0.0439762 0.0340066 0.00219716 0.00265916 0.0740953 
0.850839 0.0119491 0.0468769 0.0331179 0.00146845 0.00201068 0.0537377 
0.861898 0.0123434 0.0433311 0.0349401 0.0015728 0.0025637 0.0433505 
0.829626 0.0105755 0.0488372 0.0462171 0.00160713 0.00311163 0.0600253 
0.830465 0.0130845 0.0510534 0.0670042 0.00143322 0.00201507 0.0349445 
0.857328 0.0143105 0.0387881 0.0491892 0.00190173 0.00234498 0.0361376 
0.834264 0.0115483 0.0507845 0.0329461 0.00129077 0.00232208 0.0668442 
0.84021 0.0144691 0.0502064 0.0271744 0.00111218 0.00320719 0.063621 
0.84208 0.0115632 0.0528649 0.0254073 0.0013055 0.00213979 0.0646398 
0.844616 0.0126211 0.0562993 0.0291854 0.00136188 0.00194615 0.0539704 
0.833428 0.0108934 0.0584731 0.0210583 0.00110807 0.00237314 0.0726664 
0.857185 0.0132147 0.0526477 0.0271015 0.00111624 0.00244773 0.0462875 
0.856475 0.0119575 0.0514749 0.0240452 0.00119587 0.00240355 0.0524483 
0.868997 0.0128836 0.0574271 0.0243225 9.99258E-4 0.00192702 0.0334436 
0.838352 0.011795 0.0604733 0.0204382 0.00123736 0.00195706 0.065747 
0.847785 0.00984717 0.066929 0.0141017 8.57145E-4 0.0022247 0.0582551 
0.862234 0.01092 0.0589832 0.0142597 9.1045E-4 0.00214462 0.0505482 
0.837599 0.0124481 0.0613968 0.0172969 7.97846E-4 0.00299822 0.0674629 
0.87393 0.0144229 0.0488788 0.0114401 8.37197E-4 0.00335649 0.0471344 
0.87414 0.0143096 0.0499475 0.0155699 7.74911E-4 0.00311631 0.0421417 
0.867528 0.011098 0.0478837 0.0304926 0.00117045 0.0031612 0.0386661 
0.871094 0.0104201 0.0555332 0.0193568 8.50721E-4 0.00269708 0.0400485 
0.850888 0.0112579 0.063063 0.022498 8.05221E-4 0.00206153 0.0494266 
0.864182 0.0116839 0.0615034 0.020837 9.11489E-4 0.00204446 0.038838 
0.847109 0.0110262 0.0614332 0.0207748 0.00102049 0.00249992 0.0561359 
0.865059 0.0100448 0.0611963 0.0263418 0.00116309 0.00160179 0.0345935 
0.856091 0.0109893 0.0575371 0.0183001 0.0010685 0.00266168 0.0533527 
0.85283 0.0119643 0.0537139 0.0179131 0.00104066 0.00266986 0.0598687 
0.873249 0.0125646 0.0475829 0.0169736 0.00107443 0.0027889 0.0457671 
0.884639 0.0126621 0.0473853 0.0209655 0.00129958 0.00246793 0.0305802 
0.854681 0.0116085 0.0557541 0.0369631 0.00181105 0.00169076 0.0374914 
0.875235 0.0121518 0.0461598 0.0352706 0.0017271 0.00210244 0.0273533 
0.884167 0.0119383 0.0446045 0.0193126 0.00138953 0.0029657 0.0356227 
0.864739 0.0115455 0.0585636 0.0179051 0.00134766 0.00168946 0.0442091 
0.882239 0.0150374 0.049252 0.0174642 0.00117713 0.00180594 0.033024 
0.859121 0.0113847 0.0602934 0.0166769 0.00143401 0.00145982 0.0496303 
0.866549 0.00971029 0.0603244 0.017846 8.92892E-4 0.00228967 0.0423873 
0.867266 0.00971273 0.0638598 0.0203769 0.00111843 0.00169268 0.0359737 
0.88944 0.0120983 0.0513491 0.0167221 0.00116543 0.00198931 0.0272355 
0.859539 0.0102956 0.0622441 0.0169481 0.00100248 0.00269392 0.0472767 
0.882486 0.00996579 0.0584286 0.0196869 8.92146E-4 0.00232919 0.0262116 
0.880854 0.0103733 0.0529487 0.0218241 0.00145237 0.00193881 0.0306091 
0.893005 0.0141264 0.0387951 0.0224292 0.00226091 0.00252346 0.0268598 
0.83041 0.0131949 0.0524468 0.0368375 0.00216853 0.00166344 0.0632789 
0.826308 0.0118992 0.0543598 0.0408148 0.00166523 0.00164484 0.0633077 
0.824881 0.0105538 0.0485144 0.0360377 0.00261762 0.00195051 0.0754452 
0.844788 0.0102629 0.0536214 0.0254367 0.00238739 0.00177473 0.0617289 
0.813501 0.00907917 0.0653904 0.0205454 0.0021119 0.00196032 0.0874115 
0.839153 0.00776251 0.065536 0.0204136 0.00236039 0.00152013 0.0632543 
0.814736 0.0106357 0.0664064 0.0474766 0.0019277 0.0017264 0.0570908 
0.84996 0.0121621 0.0532944 0.0303861 0.00258877 0.00213339 0.0494757 
0.844785 0.0121401 0.051953 0.0315944 0.00233801 0.00200677 0.0551831 
0.850741 0.0122098 0.0515553 0.0325035 0.00223158 0.0021807 0.0485777 
0.83628 0.012601 0.0580757 0.0419584 0.00234016 0.00159613 0.0471485 
0.845165 0.0113858 0.0541892 0.0384763 0.00259593 0.00139001 0.0467974 
0.838643 0.0106266 0.0565566 0.0326281 0.00228485 0.00163593 0.0576247 
0.807237 0.0100368 0.0683747 0.0198156 0.00154865 0.00176886 0.0912188 
0.793196 0.00907423 0.0692685 0.0340917 0.00187622 0.00161625 0.0908774 
0.809511 0.0105182 0.0741126 0.0258526 0.00138291 0.00149596 0.0771273 
0.80959 0.00856494 0.0699971 0.0268114 0.0016684 0.00131308 0.0820547 
0.815917 0.00893025 0.0696285 0.0289738 0.00161771 0.00162931 0.0733031 
0.81053 0.00823846 0.06945 0.0220085 0.00229927 0.00153055 0.0859429 
0.821055 0.00996379 0.0610156 0.02988 0.00190294 0.00152649 0.0746561 
0.749861 0.0121175 0.0600806 0.0319556 0.00171277 0.00184188 0.142431 
0.789761 0.0124933 0.0517707 0.0272283 0.0021415 0.00169241 0.114912 
0.839478 0.0144133 0.0456529 0.0273145 0.00185382 0.00177764 0.0695101 
0.8497 0.0150852 0.0445101 0.0316678 0.00140723 0.00227211 0.0553572 
0.828724 0.0148288 0.0437277 0.0294523 0.00171005 0.00187562 0.0796818 
0.86529 0.0175359 0.0394962 0.0314532 0.00156984 0.00221279 0.0424418 
0.867576 0.0152435 0.0424758 0.0262255 0.00153938 0.00145475 0.0454854 
0.858103 0.0161894 0.0424326 0.0315981 0.00183125 0.00172688 0.0481191 
0.831378 0.0116881 0.0439762 0.0340066 0.00219716 0.00265916 0.0740953 
0.850839 0.0119491 0.0468769 0.0331179 0.00146845 0.00201068 0.0537377 
0.861898 0.0123434 0.0433311 0.0349401 0.0015728 0.0025637 0.0433505 
0.829626 0.0105755 0.0488372 0.0462171 0.00160713 0.00311163 0.0600253 
0.830465 0.0130845 0.0510534 0.0670042 0.00143322 0.00201507 0.0349445 
0.857328 0.0143105 0.0387881 0.0491892 0.00190173 0.00234498 0.0361376 
0.834264 0.0115483 0.0507845 0.0329461 0.00129077 0.00232208 0.0668442 
0.84021 0.0144691 0.0502064 0.0271744 0.00111218 0.00320719 0.063621 
0.84208 0.0115632 0.0528649 0.0254073 0.0013055 0.00213979 0.0646398 
0.844616 0.0126211 0.0562993 0.0291854 0.00136188 0.00194615 0.0539704 
0.833428 0.0108934 0.0584731 0.0210583 0.00110807 0.00237314 0.0726664 
0.857185 0.0132147 0.0526477 0.0271015 0.00111624 0.00244773 0.0462875 
0.856475 0.0119575 0.0514749 0.0240452 0.00119587 0.00240355 0.0524483 
0.868997 0.0128836 0.0574271 0.0243225 9.99258E-4 0.00192702 0.0334436 
0.838352 0.011795 0.0604733 0.0204382 0.00123736 0.00195706 0.065747 
0.847785 0.00984717 0.066929 0.0141017 8.57145E-4 0.0022247 0.0582551 
0.862234 0.01092 0.0589832 0.0142597 9.1045E-4 0.00214462 0.0505482 
0.837599 0.0124481 0.0613968 0.0172969 7.97846E-4 0.00299822 0.0674629 
0.87393 0.0144229 0.0488788 0.0114401 8.37197E-4 0.00335649 0.0471344 
0.87414 0.0143096 0.0499475 0.0155699 7.74911E-4 0.00311631 0.0421417 
0.867528 0.011098 0.0478837 0.0304926 0.00117045 0.0031612 0.0386661 
0.871094 0.0104201 0.0555332 0.0193568 8.50721E-4 0.00269708 0.0400485 
0.850888 0.0112579 0.063063 0.022498 8.05221E-4 0.00206153 0.0494266 
0.864182 0.0116839 0.0615034 0.020837 9.11489E-4 0.00204446 0.038838 
0.847109 0.0110262 0.0614332 0.0207748 0.00102049 0.00249992 0.0561359 
0.865059 0.0100448 0.0611963 0.0263418 0.00116309 0.00160179 0.0345935 
0.856091 0.0109893 0.0575371 0.0183001 0.0010685 0.00266168 0.0533527 
0.85283 0.0119643 0.0537139 0.0179131 0.00104066 0.00266986 0.0598687 
0.873249 0.0125646 0.0475829 0.0169736 0.00107443 0.0027889 0.0457671 
0.884639 0.0126621 0.0473853 0.0209655 0.00129958 0.00246793 0.0305802 
0.854681 0.0116085 0.0557541 0.0369631 0.00181105 0.00169076 0.0374914 
0.875235 0.0121518 0.0461598 0.0352706 0.0017271 0.00210244 0.0273533 
0.884167 0.0119383 0.0446045 0.0193126 0.00138953 0.0029657 0.0356227 
0.864739 0.0115455 0.0585636 0.0179051 0.00134766 0.00168946 0.0442091 
0.882239 0.0150374 0.049252 0.0174642 0.00117713 0.00180594 0.033024 
0.859121 0.0113847 0.0602934 0.0166769 0.00143401 0.00145982 0.0496303 
0.866549 0.00971029 0.0603244 0.017846 8.92892E-4 0.00228967 0.0423873 
0.867266 0.00971273 0.0638598 0.0203769 0.00111843 0.00169268 0.0359737 
0.88944 0.0120983 0.0513491 0.0167221 0.00116543 0.00198931 0.0272355 
0.859539 0.0102956 0.0622441 0.0169481 0.00100248 0.00269392 0.0472767 
0.882486 0.00996579 0.0584286 0.0196869 8.92146E-4 0.00232919 0.0262116 
0.880854 0.0103733 0.0529487 0.0218241 0.00145237 0.00193881 0.0306091 
0.893005 0.0141264 0.0387951 0.0224292 0.00226091 0.00252346 0.0268598 
0.856473 0.00929169 0.0748372 0.0266526 0.00166971 0.00128672 0.0297891 
0.856956 0.00994127 0.0698244 0.0303783 0.0017856 0.00151344 0.0296009 
0.86249 0.0121498 0.0610345 0.0335324 0.00313494 0.00138906 0.0262695 
0.847594 0.0105405 0.0640395 0.0382892 0.00245467 0.00157146 0.0355109 
0.831974 0.0116285 0.0556063 0.0419333 0.00359419 0.00170874 0.0535554 
0.842417 0.0115212 0.0542567 0.036132 0.00397425 0.00119711 0.0505013 
0.829892 0.00967545 0.0736579 0.0356439 0.00217851 0.00116625 0.0477857 
0.839628 0.00935806 0.0583551 0.0517243 0.00277811 0.001618 0.0365389 
0.841548 0.0133497 0.0592321 0.0523672 0.00265739 0.00147793 0.0293677 
0.824945 0.00985855 0.0721062 0.0592114 0.00252069 9.78654E-4 0.0303798 
0.831147 0.0105591 0.0631067 0.0617314 0.00302107 9.90423E-4 0.0294439 
0.811065 0.0109446 0.0659859 0.0669422 0.00316033 0.0014592 0.0404429 
0.841541 0.00843308 0.066067 0.0377895 0.00215023 0.00123722 0.042782 
0.822852 0.00794595 0.0822148 0.0356192 0.00200357 0.00148944 0.0478752 
0.808893 0.00795829 0.0683136 0.055617 0.00326318 0.00138452 0.0545708 
0.805202 0.008503 0.0732388 0.0627122 0.00262824 0.00125353 0.0464626 
0.795576 0.00846504 0.0788056 0.0629333 0.00243257 0.00152961 0.0502581 
0.830558 0.00988525 0.0672362 0.0513531 0.00232135 0.00142298 0.0372228 
0.820746 0.00826407 0.0815943 0.0412981 0.00190312 0.00134458 0.0448499 
0.804463 0.00942231 0.0730837 0.0536062 0.00223476 0.00141862 0.055771 
0.822084 0.00853673 0.0690709 0.0532302 0.00315163 0.00114827 0.0427784 
0.831051 0.0108309 0.0775125 0.0380187 0.00220751 0.00136515 0.0390139 
0.839281 0.0105504 0.0629468 0.0400969 0.00262404 0.00154376 0.042957 
0.854472 0.00969844 0.0610056 0.0268711 0.00307246 0.00175001 0.0431306 
0.839906 0.00874053 0.0630092 0.0385331 0.00299669 0.00131813 0.0454962 
0.835726 0.0099262 0.0601978 0.0276686 0.00218649 0.00130305 0.0629921 
0.827477 0.00967147 0.0635254 0.0497563 0.00306352 0.00111631 0.0453897 
0.790963 0.00862252 0.080411 0.0452489 0.00179651 0.00113958 0.071818 
0.821473 0.00989977 0.068903 0.0405015 0.00250806 0.00101602 0.0556983 
0.807022 0.00823672 0.0727431 0.0293158 0.00180075 0.00127401 0.0796078 
0.805676 0.00843982 0.0724795 0.0385831 0.00240459 0.00112794 0.0712894 
0.795556 0.00880445 0.0708734 0.0504136 0.00206335 9.7906E-4 0.0713107 
0.789664 0.00787532 0.0700847 0.0326602 0.00266008 0.00120685 0.0958488 
0.751341 0.00861573 0.081202 0.0352545 0.00217991 0.00104483 0.120362 
0.791309 0.00768746 0.070893 0.044544 0.0028802 0.00101379 0.0816722 
0.811714 0.00995594 0.0594133 0.027074 0.00164418 0.001552 0.088646 
0.800728 0.00800401 0.0716649 0.0473829 0.00205618 0.00105845 0.0691058 
0.797855 0.00793578 0.0708375 0.0523996 0.00169052 0.00128305 0.0679985 
0.84184 0.0100728 0.057304 0.0404248 0.00159133 0.00182774 0.0469391 
0.822622 0.00767379 0.0642686 0.0443911 0.0020436 0.00125369 0.057747 
0.785182 0.00926618 0.0575399 0.0709004 0.0033588 0.00136333 0.0723896 
0.818752 0.00917058 0.0614999 0.0384155 0.0027529 0.00123184 0.0681772 
0.792633 0.00911771 0.0745236 0.0286444 0.00191679 0.00131749 0.0918466 
0.765356 0.00794816 0.0785989 0.0542081 0.00232708 0.00129683 0.0902648 
0.78337 0.00758319 0.0703379 0.0325886 0.00280015 0.00132109 0.101999 
0.807784 0.00782825 0.0683917 0.0299297 0.0028587 0.00127508 0.081933 
0.826703 0.00817291 0.070138 0.0406883 0.00223279 0.00114754 0.0509174 
0.822465 0.00798392 0.0798517 0.0290283 0.0015958 0.00117178 0.0579033 
0.83215 0.00802853 0.0742474 0.0282818 0.00188389 0.00112585 0.0542831 
0.834091 0.00779112 0.0691687 0.0289276 0.00248129 0.00117282 0.0563676 
0.824221 0.0109605 0.0821086 0.0525163 0.00127402 0.00132698 0.0275929 
0.849912 0.0121565 0.0698297 0.0398245 0.00155087 0.00142087 0.0253056 
0.862368 0.0134374 0.0541638 0.0433938 0.00269197 0.00153796 0.0224066 
0.843709 0.0130059 0.0643513 0.0536493 0.00181736 0.00137042 0.0220965 
0.84255 0.0105344 0.0692649 0.050836 0.00196029 0.00116424 0.0236904 
0.843987 0.00847882 0.0848192 0.0208239 0.00126633 0.00138811 0.039237 
0.853069 0.00867268 0.0761436 0.0369638 0.00179363 9.17741E-4 0.0224397 
