0.877891 0.015774 0.0441903 0.0210474 0.00461033 0.00283042 0.0336564 
0.872383 0.0144392 0.0455188 0.0228352 0.00584647 0.00346438 0.0355129 
0.858284 0.0139036 0.0431319 0.0392118 0.00690936 0.00350592 0.0350532 
0.864494 0.0242569 0.03817 0.0418382 0.00555916 0.00342418 0.0222579 
0.866172 0.0295515 0.0341454 0.0343081 0.00831859 0.00440458 0.0230995 
0.830992 0.0519799 0.0408242 0.018955 0.00868542 0.0299663 0.0185971 
0.870019 0.0255693 0.0483535 0.0213957 0.00602786 0.01201 0.0166246 
0.864236 0.0290875 0.0453575 0.0306009 0.00456498 0.00534949 0.020804 
0.863193 0.0310213 0.0356636 0.0394596 0.00416572 0.00766693 0.0188297 
0.874384 0.0408697 0.0327053 0.0231564 0.00676232 0.00628629 0.015836 
0.871038 0.0364488 0.0340337 0.0245368 0.0076771 0.00742523 0.0188401 
0.859506 0.0303074 0.0354773 0.0409304 0.0104143 0.00567279 0.0176916 
0.877213 0.0286484 0.0378125 0.0217582 0.004085 0.00817209 0.0223108 
0.861152 0.0355724 0.041953 0.0234706 0.00508648 0.00821172 0.0245534 
0.872855 0.0182179 0.0497678 0.0152572 0.00287821 0.00804715 0.0329766 
0.880635 0.0229013 0.0417618 0.0142213 0.00386101 0.00588767 0.0307317 
0.877389 0.0226986 0.0423149 0.0228531 0.00305932 0.00551793 0.026167 
0.875413 0.0244987 0.039667 0.0283715 0.00373056 0.00515505 0.0231642 
0.884285 0.0187963 0.0371097 0.021396 0.00540334 0.00753438 0.0254751 
0.886676 0.0211229 0.0356956 0.0316011 0.00325969 0.00562776 0.0160171 
0.883293 0.0189348 0.0425535 0.0172189 0.00378559 0.00792626 0.0262884 
0.886036 0.0255353 0.0343449 0.0201578 0.00546254 0.00907629 0.0193866 
0.877333 0.0207676 0.0353664 0.0320575 0.0058654 0.00597515 0.0226349 
0.866244 0.0233971 0.0407797 0.0363456 0.00410135 0.00436496 0.0247674 
0.884386 0.0131672 0.0482421 0.0139847 0.00272107 0.00477689 0.0327217 
0.881132 0.0175164 0.040492 0.0179174 0.00340828 0.00710755 0.0324261 
0.871296 0.011195 0.0593432 0.012004 0.00286734 0.00545957 0.0378352 
0.889121 0.0109975 0.0544387 0.0137455 0.00258018 0.00325996 0.0258569 
0.885651 0.0205806 0.0408604 0.022277 0.00590644 0.00352936 0.0211954 
0.877077 0.0203521 0.0444492 0.0134404 0.00365657 0.00388197 0.0371428 
0.858729 0.0275582 0.0273662 0.0397224 0.0032496 0.0195573 0.0238174 
0.879987 0.0193556 0.0321012 0.0215941 0.00193655 0.0204906 0.0245354 
0.871623 0.0196864 0.0342851 0.0269676 0.00390557 0.0159597 0.0275724 
0.858238 0.0148442 0.0348045 0.0343961 0.00537656 0.01603 0.0363107 
0.892149 0.0179888 0.0311617 0.015469 0.00461307 0.0117391 0.0268796 
0.873753 0.018726 0.0336272 0.0273035 0.00652995 0.0110009 0.0290592 
0.803343 0.0217384 0.0357875 0.0939674 0.0068286 0.013755 0.0245804 
0.828194 0.0160656 0.0384769 0.077136 0.00699828 0.00874764 0.024382 
0.855914 0.0198365 0.0264174 0.0615022 0.0117134 0.00790693 0.0167098 
0.875379 0.0174197 0.033842 0.0370509 0.0076331 0.00679161 0.0218835 
0.855379 0.0245242 0.0254182 0.0481934 0.0207287 0.00624215 0.0195142 
0.851146 0.0186961 0.0271137 0.0535468 0.0207609 0.00684099 0.0218952 
0.847737 0.0252916 0.0247681 0.060983 0.015921 0.00679479 0.0185047 
0.848889 0.0394107 0.02391 0.0504635 0.0113247 0.0085686 0.0174338 
0.858353 0.0475619 0.0302003 0.0221317 0.00814664 0.00757485 0.0260313 
0.864107 0.0330117 0.0314596 0.0367048 0.00722141 0.0043946 0.023101 
0.859862 0.0244828 0.0374144 0.0409376 0.00592805 0.0042377 0.0271371 
0.86471 0.0225087 0.0325299 0.0401033 0.00625928 0.00489206 0.028997 
0.848145 0.0391017 0.0268122 0.0454254 0.0100128 0.00689212 0.0236105 
0.862199 0.0283595 0.0333401 0.0425888 0.00485444 0.00425455 0.0244035 
0.868231 0.0349441 0.0270401 0.0293385 0.00845335 0.00335887 0.0286342 
0.879765 0.0225985 0.0317849 0.0333307 0.00472492 0.00369521 0.0241009 
0.877872 0.0230299 0.0356003 0.0217779 0.00369015 0.00296735 0.0350623 
0.875579 0.0235423 0.0342932 0.0237538 0.00377014 0.00354876 0.0355124 
0.866258 0.0378994 0.0304281 0.0309407 0.0046809 0.00339265 0.0264003 
0.856246 0.0415363 0.0272203 0.0424306 0.00851109 0.00395229 0.0201039 
0.836458 0.0325057 0.0279197 0.0638519 0.00945233 0.00348816 0.0263241 
0.853501 0.0331344 0.0278205 0.0419303 0.00641463 0.00402071 0.0331788 
0.855549 0.0300552 0.0310915 0.0479942 0.00524607 0.00396203 0.026102 
0.866633 0.0301295 0.0315631 0.0308849 0.00485405 0.00637681 0.0295582 
0.858729 0.0275582 0.0273662 0.0397224 0.0032496 0.0195573 0.0238174 
0.879987 0.0193556 0.0321012 0.0215941 0.00193655 0.0204906 0.0245354 
0.871623 0.0196864 0.0342851 0.0269676 0.00390557 0.0159597 0.0275724 
0.858238 0.0148442 0.0348045 0.0343961 0.00537656 0.01603 0.0363107 
0.892149 0.0179888 0.0311617 0.015469 0.00461307 0.0117391 0.0268796 
0.873753 0.018726 0.0336272 0.0273035 0.00652995 0.0110009 0.0290592 
0.803343 0.0217384 0.0357875 0.0939674 0.0068286 0.013755 0.0245804 
0.828194 0.0160656 0.0384769 0.077136 0.00699828 0.00874764 0.024382 
0.855914 0.0198365 0.0264174 0.0615022 0.0117134 0.00790693 0.0167098 
0.875379 0.0174197 0.033842 0.0370509 0.0076331 0.00679161 0.0218835 
0.855379 0.0245242 0.0254182 0.0481934 0.0207287 0.00624215 0.0195142 
0.851146 0.0186961 0.0271137 0.0535468 0.0207609 0.00684099 0.0218952 
0.847737 0.0252916 0.0247681 0.060983 0.015921 0.00679479 0.0185047 
0.848889 0.0394107 0.02391 0.0504635 0.0113247 0.0085686 0.0174338 
0.858353 0.0475619 0.0302003 0.0221317 0.00814664 0.00757485 0.0260313 
0.864107 0.0330117 0.0314596 0.0367048 0.00722141 0.0043946 0.023101 
0.859862 0.0244828 0.0374144 0.0409376 0.00592805 0.0042377 0.0271371 
0.86471 0.0225087 0.0325299 0.0401033 0.00625928 0.00489206 0.028997 
0.848145 0.0391017 0.0268122 0.0454254 0.0100128 0.00689212 0.0236105 
0.862199 0.0283595 0.0333401 0.0425888 0.00485444 0.00425455 0.0244035 
0.868231 0.0349441 0.0270401 0.0293385 0.00845335 0.00335887 0.0286342 
0.879765 0.0225985 0.0317849 0.0333307 0.00472492 0.00369521 0.0241009 
0.877872 0.0230299 0.0356003 0.0217779 0.00369015 0.00296735 0.0350623 
0.875579 0.0235423 0.0342932 0.0237538 0.00377014 0.00354876 0.0355124 
0.866258 0.0378994 0.0304281 0.0309407 0.0046809 0.00339265 0.0264003 
0.856246 0.0415363 0.0272203 0.0424306 0.00851109 0.00395229 0.0201039 
0.836458 0.0325057 0.0279197 0.0638519 0.00945233 0.00348816 0.0263241 
0.853501 0.0331344 0.0278205 0.0419303 0.00641463 0.00402071 0.0331788 
0.855549 0.0300552 0.0310915 0.0479942 0.00524607 0.00396203 0.026102 
0.866633 0.0301295 0.0315631 0.0308849 0.00485405 0.00637681 0.0295582 
0.809063 0.0276342 0.0271307 0.0885446 0.0124224 0.00586078 0.0293443 
0.807091 0.0383593 0.0237711 0.0866005 0.0109495 0.00720935 0.0260191 
0.841784 0.0228114 0.0339878 0.0421611 0.00475063 0.0077206 0.0467848 
0.795942 0.0221807 0.0320094 0.0913386 0.00590196 0.00667536 0.045952 
0.805626 0.0236798 0.0300925 0.0847432 0.00622972 0.00656787 0.0430614 
0.842837 0.0261001 0.0297436 0.0472587 0.00538039 0.00489399 0.0437863 
0.806257 0.0224018 0.0343145 0.067263 0.00450664 0.00758116 0.0576763 
0.803627 0.0303767 0.0263465 0.0878989 0.00675829 0.00695806 0.0380341 
0.808612 0.0266824 0.0275193 0.0899606 0.00420863 0.00820535 0.0348118 
0.792871 0.02728 0.0278049 0.0997689 0.00581097 0.00947021 0.036994 
0.850595 0.0308563 0.0273147 0.0462897 0.00384684 0.00923223 0.0318656 
0.846581 0.0298631 0.0264828 0.0578229 0.00359987 0.0109543 0.0246963 
0.871916 0.0263242 0.0219124 0.0472265 0.00543132 0.00773189 0.0194582 
0.880061 0.0213321 0.0247625 0.0407128 0.0047915 0.0084597 0.0198804 
0.888697 0.0254841 0.0231863 0.0320803 0.00528608 0.00573859 0.0195276 
0.870219 0.0226677 0.0251802 0.0306274 0.00451805 0.00853318 0.0382547 
0.845891 0.022254 0.0318659 0.0273391 0.00297371 0.00785641 0.0618194 
0.845748 0.0299363 0.0202093 0.0648075 0.0110265 0.00737617 0.020896 
0.848797 0.0250651 0.0259227 0.0614064 0.00478892 0.0070312 0.0269883 
0.832126 0.0345707 0.0236992 0.0704289 0.00502315 0.00549478 0.0286569 
0.835164 0.0261675 0.0314671 0.070793 0.00296507 0.00770742 0.0257359 
0.844768 0.0278806 0.026027 0.0608187 0.00522514 0.00867582 0.0266051 
0.818226 0.0277818 0.0301351 0.0724612 0.00471156 0.0106325 0.036052 
0.863216 0.0305261 0.0265012 0.0383674 0.00352445 0.00700862 0.0308562 
0.853845 0.0259829 0.0257882 0.0577353 0.00459531 0.0064185 0.0256346 
0.872413 0.0304108 0.0249601 0.035079 0.00646314 0.00620419 0.02447 
0.817029 0.0269439 0.0243223 0.0805581 0.00823118 0.00879975 0.034116 
0.832971 0.0256421 0.0261124 0.0587018 0.00594795 0.0112927 0.0393322 
0.832693 0.023455 0.0326379 0.0588028 0.00347382 0.00817201 0.0407657 
0.833915 0.0214663 0.0285729 0.0781908 0.00752515 0.00486565 0.0254645 
0.854169 0.0445839 0.0205597 0.0491046 0.00819586 0.00528986 0.0180973 
0.850675 0.034306 0.027286 0.0405511 0.00356484 0.00778179 0.0358354 
0.830061 0.048904 0.0201224 0.0564389 0.00839419 0.00822904 0.0278501 
0.852787 0.026976 0.0281647 0.044518 0.00541567 0.0102959 0.0318426 
0.875959 0.0273561 0.0245925 0.0326189 0.00588298 0.00777083 0.02582 
0.853171 0.0260503 0.0282723 0.0470651 0.00752979 0.00517406 0.032737 
0.814387 0.0286027 0.0302302 0.0791299 0.00767184 0.00688138 0.0330971 
0.846445 0.0206672 0.0322583 0.0495423 0.00634145 0.00822093 0.036525 
0.84813 0.024759 0.0274509 0.059148 0.00715622 0.0103452 0.0230103 
0.823582 0.0252486 0.0324682 0.070948 0.00511683 0.00749918 0.0351372 
0.821581 0.0410812 0.0254204 0.0655408 0.00934455 0.00706607 0.029966 
0.814476 0.0326377 0.0319976 0.0787956 0.0038628 0.00692759 0.0313024 
0.841146 0.0272945 0.0224658 0.0608896 0.011009 0.00941174 0.0277836 
0.831699 0.0383032 0.0241651 0.0525748 0.0088484 0.0128054 0.0316042 
0.862136 0.0289979 0.025916 0.0249651 0.00596278 0.0111235 0.0408988 
0.858729 0.0275582 0.0273662 0.0397224 0.0032496 0.0195573 0.0238174 
0.879987 0.0193556 0.0321012 0.0215941 0.00193655 0.0204906 0.0245354 
0.871623 0.0196864 0.0342851 0.0269676 0.00390557 0.0159597 0.0275724 
0.858238 0.0148442 0.0348045 0.0343961 0.00537656 0.01603 0.0363107 
0.892149 0.0179888 0.0311617 0.015469 0.00461307 0.0117391 0.0268796 
0.873753 0.018726 0.0336272 0.0273035 0.00652995 0.0110009 0.0290592 
0.803343 0.0217384 0.0357875 0.0939674 0.0068286 0.013755 0.0245804 
0.828194 0.0160656 0.0384769 0.077136 0.00699828 0.00874764 0.024382 
0.855914 0.0198365 0.0264174 0.0615022 0.0117134 0.00790693 0.0167098 
0.875379 0.0174197 0.033842 0.0370509 0.0076331 0.00679161 0.0218835 
0.855379 0.0245242 0.0254182 0.0481934 0.0207287 0.00624215 0.0195142 
0.851146 0.0186961 0.0271137 0.0535468 0.0207609 0.00684099 0.0218952 
0.847737 0.0252916 0.0247681 0.060983 0.015921 0.00679479 0.0185047 
0.848889 0.0394107 0.02391 0.0504635 0.0113247 0.0085686 0.0174338 
0.858353 0.0475619 0.0302003 0.0221317 0.00814664 0.00757485 0.0260313 
0.864107 0.0330117 0.0314596 0.0367048 0.00722141 0.0043946 0.023101 
0.859862 0.0244828 0.0374144 0.0409376 0.00592805 0.0042377 0.0271371 
0.86471 0.0225087 0.0325299 0.0401033 0.00625928 0.00489206 0.028997 
0.848145 0.0391017 0.0268122 0.0454254 0.0100128 0.00689212 0.0236105 
0.862199 0.0283595 0.0333401 0.0425888 0.00485444 0.00425455 0.0244035 
0.868231 0.0349441 0.0270401 0.0293385 0.00845335 0.00335887 0.0286342 
0.879765 0.0225985 0.0317849 0.0333307 0.00472492 0.00369521 0.0241009 
0.877872 0.0230299 0.0356003 0.0217779 0.00369015 0.00296735 0.0350623 
0.875579 0.0235423 0.0342932 0.0237538 0.00377014 0.00354876 0.0355124 
0.866258 0.0378994 0.0304281 0.0309407 0.0046809 0.00339265 0.0264003 
0.856246 0.0415363 0.0272203 0.0424306 0.00851109 0.00395229 0.0201039 
0.836458 0.0325057 0.0279197 0.0638519 0.00945233 0.00348816 0.0263241 
0.853501 0.0331344 0.0278205 0.0419303 0.00641463 0.00402071 0.0331788 
0.855549 0.0300552 0.0310915 0.0479942 0.00524607 0.00396203 0.026102 
0.866633 0.0301295 0.0315631 0.0308849 0.00485405 0.00637681 0.0295582 
0.843524 0.0152768 0.0297109 0.0266329 0.007656 0.00872095 0.0684789 
0.815397 0.0233102 0.0241631 0.0803274 0.00882637 0.00825969 0.0397163 
0.734183 0.0186373 0.0253533 0.177305 0.0112804 0.00462147 0.0286196 
0.82368 0.0250062 0.0218538 0.0583566 0.0067521 0.00911712 0.055234 
0.81849 0.0359499 0.0200836 0.0485577 0.0096743 0.00811583 0.0591289 
0.801608 0.0236219 0.0237581 0.0543908 0.0162933 0.00917755 0.0711505 
0.80626 0.0346551 0.022037 0.0517966 0.00833271 0.00727229 0.0696464 
0.773095 0.0328633 0.018007 0.118909 0.00848264 0.00686039 0.0417818 
0.723104 0.0325995 0.0172815 0.166023 0.00958012 0.010508 0.0409032 
0.794042 0.0270253 0.0185813 0.0942176 0.0127806 0.0073357 0.0460178 
0.817465 0.0274129 0.0182499 0.0785576 0.00936393 0.00865278 0.0402982 
0.816427 0.0258256 0.0168883 0.0852736 0.0180321 0.00597211 0.0315815 
0.769124 0.0196718 0.0222069 0.119834 0.0159862 0.00629754 0.0468797 
0.799721 0.0181703 0.025344 0.085138 0.0117966 0.0034419 0.0563878 
0.818507 0.0225535 0.0267724 0.0276925 0.00755218 0.00719265 0.0897298 
0.784726 0.0203754 0.031406 0.0689762 0.00454317 0.00526996 0.0847035 
0.80563 0.0217229 0.0247995 0.0641648 0.00717789 0.00887285 0.0676319 
0.772284 0.019745 0.0333337 0.05973 0.00416959 0.00662352 0.104114 
0.831065 0.0194196 0.0248838 0.0429026 0.00534561 0.00958738 0.0667958 
0.838728 0.0242837 0.0216454 0.0492584 0.00624434 0.00941176 0.0504289 
0.770178 0.0185117 0.0317849 0.0639349 0.00592269 0.00678301 0.102885 
0.809688 0.0234218 0.0195411 0.0886192 0.00956006 0.00734338 0.0418266 
0.792454 0.0263919 0.0233104 0.0835334 0.00968022 0.00831065 0.0563194 
0.738079 0.0257943 0.0194802 0.156623 0.0134304 0.00850268 0.0380913 
0.792598 0.0208718 0.0247605 0.0898567 0.0115756 0.00463337 0.0557039 
0.820232 0.0240846 0.0195987 0.0827289 0.0092864 0.00862351 0.0354463 
0.827645 0.0218049 0.0235437 0.0653274 0.00779057 0.010456 0.0434325 
0.843686 0.0209426 0.0206221 0.0629411 0.0115593 0.00942278 0.0308264 
0.827838 0.0184194 0.0265807 0.0435357 0.00711294 0.0129062 0.0636068 
0.814529 0.0245666 0.0204036 0.0843051 0.0110356 0.00997893 0.0351814 
0.858729 0.0275582 0.0273662 0.0397224 0.0032496 0.0195573 0.0238174 
0.879987 0.0193556 0.0321012 0.0215941 0.00193655 0.0204906 0.0245354 
0.871623 0.0196864 0.0342851 0.0269676 0.00390557 0.0159597 0.0275724 
0.858238 0.0148442 0.0348045 0.0343961 0.00537656 0.01603 0.0363107 
0.892149 0.0179888 0.0311617 0.015469 0.00461307 0.0117391 0.0268796 
0.873753 0.018726 0.0336272 0.0273035 0.00652995 0.0110009 0.0290592 
0.803343 0.0217384 0.0357875 0.0939674 0.0068286 0.013755 0.0245804 
0.828194 0.0160656 0.0384769 0.077136 0.00699828 0.00874764 0.024382 
0.855914 0.0198365 0.0264174 0.0615022 0.0117134 0.00790693 0.0167098 
0.875379 0.0174197 0.033842 0.0370509 0.0076331 0.00679161 0.0218835 
0.855379 0.0245242 0.0254182 0.0481934 0.0207287 0.00624215 0.0195142 
0.851146 0.0186961 0.0271137 0.0535468 0.0207609 0.00684099 0.0218952 
0.847737 0.0252916 0.0247681 0.060983 0.015921 0.00679479 0.0185047 
0.848889 0.0394107 0.02391 0.0504635 0.0113247 0.0085686 0.0174338 
0.858353 0.0475619 0.0302003 0.0221317 0.00814664 0.00757485 0.0260313 
0.864107 0.0330117 0.0314596 0.0367048 0.00722141 0.0043946 0.023101 
0.859862 0.0244828 0.0374144 0.0409376 0.00592805 0.0042377 0.0271371 
0.86471 0.0225087 0.0325299 0.0401033 0.00625928 0.00489206 0.028997 
0.848145 0.0391017 0.0268122 0.0454254 0.0100128 0.00689212 0.0236105 
0.862199 0.0283595 0.0333401 0.0425888 0.00485444 0.00425455 0.0244035 
0.868231 0.0349441 0.0270401 0.0293385 0.00845335 0.00335887 0.0286342 
0.879765 0.0225985 0.0317849 0.0333307 0.00472492 0.00369521 0.0241009 
0.877872 0.0230299 0.0356003 0.0217779 0.00369015 0.00296735 0.0350623 
0.875579 0.0235423 0.0342932 0.0237538 0.00377014 0.00354876 0.0355124 
0.866258 0.0378994 0.0304281 0.0309407 0.0046809 0.00339265 0.0264003 
0.856246 0.0415363 0.0272203 0.0424306 0.00851109 0.00395229 0.0201039 
0.836458 0.0325057 0.0279197 0.0638519 0.00945233 0.00348816 0.0263241 
0.853501 0.0331344 0.0278205 0.0419303 0.00641463 0.00402071 0.0331788 
0.855549 0.0300552 0.0310915 0.0479942 0.00524607 0.00396203 0.026102 
0.866633 0.0301295 0.0315631 0.0308849 0.00485405 0.00637681 0.0295582 
0.827385 0.0260313 0.0319915 0.0744766 0.00759751 0.00958832 0.0229297 
0.832366 0.0289711 0.0243669 0.07649 0.0108426 0.00953875 0.0174242 
0.855429 0.0260117 0.0275257 0.0524917 0.00798874 0.00920969 0.0213438 
0.840863 0.0189319 0.0387926 0.0595971 0.00555628 0.00815058 0.0281091 
0.855532 0.0226421 0.0339356 0.0315882 0.00570714 0.00865256 0.0419426 
0.867314 0.0277535 0.0318135 0.0298909 0.00600606 0.00722393 0.0299984 
0.861864 0.0207695 0.0297196 0.0461218 0.00863644 0.00873336 0.0241553 
0.831599 0.0138348 0.0404953 0.0542891 0.00642986 0.0133529 0.0399994 
0.835376 0.0167236 0.0391221 0.0607061 0.00478909 0.00759183 0.0356907 
0.819635 0.0319798 0.0254975 0.0816069 0.0100967 0.00934374 0.0218401 
0.861526 0.0269898 0.0334123 0.0308827 0.00425055 0.0105003 0.0324379 
0.858849 0.0299169 0.0236947 0.0456008 0.00855236 0.0113485 0.0220378 
0.844074 0.0204462 0.0298542 0.0510356 0.00774592 0.0109888 0.0358552 
0.869837 0.0166972 0.0309384 0.0289161 0.00628876 0.00798862 0.0393343 
0.860297 0.023092 0.0272161 0.052198 0.00737887 0.00751201 0.0223057 
0.824715 0.0194729 0.0383632 0.0572662 0.0048972 0.0091491 0.0461367 
0.849984 0.0187428 0.0334576 0.0362601 0.00564285 0.0134326 0.0424796 
0.859003 0.0211505 0.032145 0.0276017 0.00462406 0.0076504 0.0478248 
0.803022 0.0367457 0.0249703 0.0826728 0.00986707 0.00883042 0.0338912 
0.840963 0.0300603 0.0207577 0.0623474 0.0139395 0.00906834 0.0228642 
0.847433 0.0218285 0.0279833 0.0506147 0.00874421 0.00916828 0.0342278 
0.859291 0.0288041 0.025023 0.0385434 0.00799308 0.00820938 0.0321361 
0.875016 0.0325458 0.0219463 0.035193 0.00917648 0.00596027 0.0201624 
0.816257 0.0299265 0.0216784 0.0713556 0.021938 0.00821014 0.0306347 
0.851456 0.026438 0.0214023 0.054815 0.0132487 0.0069245 0.025716 
0.862381 0.0206833 0.0295468 0.0385217 0.00767564 0.00751717 0.0336746 
0.843916 0.0253252 0.0303857 0.0367964 0.00798739 0.00721026 0.0483789 
0.843659 0.0372724 0.0208796 0.0438651 0.0228792 0.00578794 0.0256573 
0.87383 0.0230919 0.0312664 0.0373861 0.00434932 0.00512816 0.0249482 
0.885465 0.0165547 0.0302492 0.0228746 0.00386011 0.00632017 0.0346764 
0.795163 0.0171138 0.041658 0.0138674 0.00234717 0.00596964 0.123881 
0.841607 0.0208397 0.0305561 0.0284782 0.003664 0.00570015 0.0691553 
0.804396 0.0208155 0.0370871 0.0315047 0.0043396 0.00307347 0.0987836 
0.828958 0.0220724 0.029521 0.0540274 0.00428489 0.00396295 0.0571737 
0.849139 0.0267351 0.0326245 0.0317371 0.00796665 0.00260177 0.0491961 
0.836599 0.0391373 0.0242486 0.0398921 0.023454 0.0038246 0.0328443 
0.842486 0.0381365 0.029049 0.0318294 0.0146184 0.00361719 0.0402631 
0.851254 0.0379626 0.0314818 0.0304054 0.00626327 0.00377765 0.0388552 
0.820873 0.0377579 0.029921 0.0603728 0.00808197 0.00279866 0.0401948 
0.830756 0.0332151 0.0336161 0.0480704 0.00535489 0.00397733 0.0450098 
0.816338 0.0480774 0.0281593 0.0645114 0.00881883 0.00233413 0.031761 
0.812847 0.0408012 0.0243628 0.0634194 0.0121619 0.00210223 0.0443055 
0.83059 0.0374866 0.0187897 0.0625274 0.014114 0.00233383 0.0341584 
0.834446 0.038204 0.0254975 0.0644298 0.00498423 0.0025055 0.0299331 
0.818908 0.0517266 0.0179944 0.083375 0.00869449 0.00297838 0.0163232 
0.864506 0.0321842 0.0236077 0.0518872 0.00462992 0.00297373 0.020211 
0.846488 0.0376399 0.0204642 0.0613904 0.0125461 0.00326643 0.0182046 
0.841983 0.031006 0.0294033 0.0656675 0.00466995 0.00264236 0.0246279 
0.876091 0.0240757 0.0237848 0.0398405 0.00538013 0.00274342 0.0280847 
0.83991 0.0184068 0.0310553 0.0594655 0.00491201 0.00289921 0.0433509 
0.810001 0.042499 0.0187358 0.0904326 0.0080319 0.00360848 0.0266907 
0.826674 0.020627 0.0246742 0.0815625 0.0180775 0.00174718 0.0266376 
0.772092 0.0251024 0.0322553 0.0998916 0.0102273 0.00182698 0.0586044 
0.797792 0.0208327 0.0310132 0.0903196 0.00558846 0.00266246 0.0517914 
0.713519 0.0160896 0.0310672 0.155962 0.0125399 0.00279296 0.0680301 
0.787342 0.0206319 0.03217 0.0779413 0.0082506 0.00648927 0.067175 
0.803883 0.0185678 0.0285113 0.0709741 0.0150593 0.00376965 0.0592347 
0.823703 0.0193658 0.0249754 0.0818016 0.0128192 0.00258892 0.0347458 
0.805826 0.0186604 0.0217261 0.0808585 0.0254801 0.00301689 0.0444321 
0.821487 0.0185709 0.0248969 0.0798325 0.0124382 0.00431056 0.0384634 
0.80884 0.0164747 0.0314934 0.0598631 0.0165507 0.00374292 0.0630347 
0.789182 0.0140506 0.0282409 0.120524 0.0188294 0.00322636 0.025947 
0.787505 0.0197003 0.02988 0.107834 0.0129631 0.00326477 0.0388531 
0.740165 0.0211433 0.0241444 0.16028 0.019286 0.00348948 0.0314913 
0.793084 0.0158234 0.0326052 0.0954617 0.0164315 0.00391729 0.0426772 
0.788404 0.0146093 0.041343 0.0523358 0.00873368 0.0031145 0.0914596 
0.812212 0.0144638 0.0354913 0.062037 0.00912497 0.00341578 0.0632553 
0.796084 0.0160702 0.0290235 0.0874357 0.0183751 0.00330425 0.049707 
0.785454 0.016276 0.0311753 0.11565 0.0118286 0.00207854 0.0375376 
0.835029 0.0156523 0.0306568 0.07515 0.0122792 0.003582 0.0276507 
0.842051 0.0159711 0.0295076 0.0526981 0.00929771 0.00325031 0.0472239 
0.823703 0.0204109 0.0258606 0.0618549 0.0217703 0.00316726 0.0432329 
0.830843 0.0185748 0.0309214 0.0518542 0.015107 0.00231415 0.0503851 
0.805529 0.017961 0.0341348 0.0808477 0.00960454 0.00443779 0.0474855 
0.795163 0.0171138 0.041658 0.0138674 0.00234717 0.00596964 0.123881 
0.841607 0.0208397 0.0305561 0.0284782 0.003664 0.00570015 0.0691553 
0.804396 0.0208155 0.0370871 0.0315047 0.0043396 0.00307347 0.0987836 
0.828958 0.0220724 0.029521 0.0540274 0.00428489 0.00396295 0.0571737 
0.849139 0.0267351 0.0326245 0.0317371 0.00796665 0.00260177 0.0491961 
0.836599 0.0391373 0.0242486 0.0398921 0.023454 0.0038246 0.0328443 
0.842486 0.0381365 0.029049 0.0318294 0.0146184 0.00361719 0.0402631 
0.851254 0.0379626 0.0314818 0.0304054 0.00626327 0.00377765 0.0388552 
0.820873 0.0377579 0.029921 0.0603728 0.00808197 0.00279866 0.0401948 
0.830756 0.0332151 0.0336161 0.0480704 0.00535489 0.00397733 0.0450098 
0.816338 0.0480774 0.0281593 0.0645114 0.00881883 0.00233413 0.031761 
0.812847 0.0408012 0.0243628 0.0634194 0.0121619 0.00210223 0.0443055 
0.83059 0.0374866 0.0187897 0.0625274 0.014114 0.00233383 0.0341584 
0.834446 0.038204 0.0254975 0.0644298 0.00498423 0.0025055 0.0299331 
0.818908 0.0517266 0.0179944 0.083375 0.00869449 0.00297838 0.0163232 
0.864506 0.0321842 0.0236077 0.0518872 0.00462992 0.00297373 0.020211 
0.846488 0.0376399 0.0204642 0.0613904 0.0125461 0.00326643 0.0182046 
0.841983 0.031006 0.0294033 0.0656675 0.00466995 0.00264236 0.0246279 
0.876091 0.0240757 0.0237848 0.0398405 0.00538013 0.00274342 0.0280847 
0.83991 0.0184068 0.0310553 0.0594655 0.00491201 0.00289921 0.0433509 
0.810001 0.042499 0.0187358 0.0904326 0.0080319 0.00360848 0.0266907 
0.826674 0.020627 0.0246742 0.0815625 0.0180775 0.00174718 0.0266376 
0.772092 0.0251024 0.0322553 0.0998916 0.0102273 0.00182698 0.0586044 
0.797792 0.0208327 0.0310132 0.0903196 0.00558846 0.00266246 0.0517914 
0.713519 0.0160896 0.0310672 0.155962 0.0125399 0.00279296 0.0680301 
0.787342 0.0206319 0.03217 0.0779413 0.0082506 0.00648927 0.067175 
0.803883 0.0185678 0.0285113 0.0709741 0.0150593 0.00376965 0.0592347 
0.823703 0.0193658 0.0249754 0.0818016 0.0128192 0.00258892 0.0347458 
0.805826 0.0186604 0.0217261 0.0808585 0.0254801 0.00301689 0.0444321 
0.821487 0.0185709 0.0248969 0.0798325 0.0124382 0.00431056 0.0384634 
0.80884 0.0164747 0.0314934 0.0598631 0.0165507 0.00374292 0.0630347 
0.789182 0.0140506 0.0282409 0.120524 0.0188294 0.00322636 0.025947 
0.787505 0.0197003 0.02988 0.107834 0.0129631 0.00326477 0.0388531 
0.740165 0.0211433 0.0241444 0.16028 0.019286 0.00348948 0.0314913 
0.793084 0.0158234 0.0326052 0.0954617 0.0164315 0.00391729 0.0426772 
0.788404 0.0146093 0.041343 0.0523358 0.00873368 0.0031145 0.0914596 
0.812212 0.0144638 0.0354913 0.062037 0.00912497 0.00341578 0.0632553 
0.796084 0.0160702 0.0290235 0.0874357 0.0183751 0.00330425 0.049707 
0.785454 0.016276 0.0311753 0.11565 0.0118286 0.00207854 0.0375376 
0.835029 0.0156523 0.0306568 0.07515 0.0122792 0.003582 0.0276507 
0.842051 0.0159711 0.0295076 0.0526981 0.00929771 0.00325031 0.0472239 
0.823703 0.0204109 0.0258606 0.0618549 0.0217703 0.00316726 0.0432329 
0.830843 0.0185748 0.0309214 0.0518542 0.015107 0.00231415 0.0503851 
0.805529 0.017961 0.0341348 0.0808477 0.00960454 0.00443779 0.0474855 
0.835876 0.0173978 0.0347944 0.0588986 0.0103244 0.00416296 0.0385459 
0.777025 0.0178062 0.0318931 0.119535 0.0114441 0.00593409 0.0363627 
0.869104 0.0226229 0.0267269 0.039966 0.00808409 0.00514462 0.0283515 
0.82626 0.0164879 0.0347385 0.0651755 0.00890476 0.00407974 0.0443537 
0.826672 0.019064 0.0309655 0.0711382 0.0106816 0.0063434 0.0351358 
0.79715 0.01668 0.0299727 0.101635 0.01611 0.00482426 0.0336282 
0.788552 0.0278679 0.0269391 0.107522 0.0180128 0.00321338 0.0278936 
0.824092 0.0230296 0.0300986 0.0718235 0.0130066 0.00427526 0.0336747 
0.774272 0.0232711 0.0318146 0.104595 0.0183575 0.00652969 0.0411602 
0.816415 0.0235533 0.0321194 0.0696802 0.0150116 0.00493249 0.0382877 
0.757014 0.0208051 0.0397681 0.113562 0.013024 0.00444259 0.0513834 
0.787838 0.0181338 0.0295355 0.120247 0.0118951 0.00389739 0.0284534 
0.819435 0.0214508 0.0281523 0.0764206 0.0192553 0.00412154 0.0311648 
0.745321 0.0235372 0.0273807 0.153833 0.0223601 0.00360102 0.0239666 
0.750828 0.0164795 0.0325536 0.13366 0.0217702 0.0053959 0.0393122 
0.787154 0.0159381 0.0333647 0.09546 0.01922 0.00697545 0.0418882 
0.751739 0.0226334 0.0258032 0.141747 0.0231485 0.00490847 0.0300197 
0.788707 0.0162866 0.0343228 0.0970576 0.0134134 0.00660241 0.0436103 
0.790606 0.022108 0.0320886 0.074597 0.0177475 0.00640034 0.0564524 
0.809614 0.0233124 0.0217826 0.0814102 0.0218667 0.0068281 0.0351865 
0.802187 0.0217609 0.0258181 0.11169 0.0110182 0.00397704 0.0235487 
0.808111 0.0179834 0.0292932 0.0860095 0.0110243 0.00480257 0.0427756 
0.816227 0.0274477 0.0197444 0.0979339 0.0133311 0.00462158 0.0206941 
0.810525 0.0259969 0.0209875 0.089148 0.0167285 0.00536001 0.0312543 
0.823178 0.017693 0.0260634 0.0830969 0.0120776 0.00428093 0.0336097 
0.827105 0.0244276 0.0303435 0.0481257 0.00410319 0.00502338 0.0608722 
0.774753 0.0223289 0.0350851 0.056033 0.00463532 0.00437883 0.102786 
0.824912 0.0235759 0.024561 0.0739337 0.00991444 0.00605425 0.0370489 
0.801249 0.0296447 0.0180645 0.10049 0.0209004 0.00569338 0.0239576 
0.800748 0.0264575 0.0183109 0.107051 0.0197447 0.00399563 0.0236924 
0.81583 0.0218745 0.0205664 0.0834768 0.0238069 0.00421096 0.030234 
0.840991 0.0214015 0.02104 0.065579 0.0201305 0.00420899 0.0266487 
0.834679 0.0287661 0.0192894 0.0576532 0.0202974 0.00649215 0.032823 
0.819643 0.0183514 0.0269519 0.0773998 0.0107702 0.0036556 0.0432285 
0.802854 0.0215314 0.0263371 0.088429 0.0118849 0.00460504 0.0443588 
0.784547 0.0236461 0.0190421 0.119643 0.0209729 0.00440039 0.0277492 
0.827088 0.0266452 0.0226637 0.0832828 0.00851842 0.00291913 0.028883 
0.755857 0.0174657 0.0328959 0.120363 0.00789543 0.00323259 0.0622911 
0.79172 0.0219643 0.0328732 0.0520568 0.0049508 0.00485748 0.0915769 
0.833837 0.0231357 0.0296302 0.0369426 0.00562296 0.00528949 0.0655416 
0.832569 0.0286391 0.0252381 0.0357114 0.0113538 0.00547124 0.0610173 
0.809795 0.0194134 0.0235822 0.0989964 0.0159021 0.00267686 0.0296338 
0.838376 0.0164778 0.0301793 0.0564118 0.00783684 0.00391018 0.0468085 
0.84675 0.0139665 0.0314357 0.0654396 0.00793849 0.00394493 0.0305245 
0.831893 0.0124886 0.0338871 0.0774695 0.00652782 0.00341617 0.0343179 
0.856169 0.0212779 0.0235096 0.0540173 0.00810625 0.00368515 0.0332347 
0.763936 0.0221702 0.0214379 0.125424 0.0267043 0.0037076 0.0366199 
0.803068 0.01803 0.0289975 0.110167 0.00912416 0.00400356 0.0266101 
0.804227 0.0129352 0.0348147 0.0926283 0.0086694 0.00721226 0.0395132 
0.82868 0.0185545 0.02992 0.0808457 0.00897993 0.00478798 0.0282324 
0.805741 0.0221766 0.0291418 0.100924 0.00846605 0.00546575 0.0280853 
0.769003 0.0126958 0.0305667 0.144219 0.0148583 0.00346182 0.025195 
0.77306 0.0160266 0.0304103 0.122523 0.0196906 0.00480891 0.0334812 
0.742653 0.0184891 0.0258392 0.150846 0.0247421 0.00659677 0.0308336 
0.777585 0.0213824 0.0213629 0.113338 0.0327293 0.00703383 0.0265677 
0.824504 0.0248056 0.0223513 0.0797923 0.0155073 0.00451023 0.0285292 
0.835693 0.0264495 0.0253076 0.066725 0.0125242 0.0052102 0.0280904 
0.814325 0.0195755 0.034101 0.079603 0.00957625 0.00281373 0.0400054 
0.781973 0.0134065 0.0339089 0.13072 0.0109492 0.00283082 0.0262116 
0.714099 0.0155397 0.0416042 0.172314 0.00762362 0.00316967 0.0456493 
0.728048 0.0216733 0.0240158 0.188065 0.0167556 0.00442331 0.0170188 
0.825098 0.0242054 0.0286379 0.0437516 0.0144224 0.00494302 0.0589421 
0.803569 0.0211544 0.0280773 0.0832535 0.0146926 0.00441961 0.0448337 
0.796224 0.0322273 0.0222737 0.102001 0.013535 0.00588806 0.0278509 
0.767947 0.0276014 0.0213825 0.132206 0.0175697 0.00542317 0.0278708 
0.72479 0.022773 0.0230265 0.203558 0.00988308 0.00349247 0.012477 
0.790091 0.0283398 0.0223156 0.122358 0.00997262 0.00453441 0.0223891 
0.786287 0.0294123 0.0176812 0.139154 0.0120493 0.00279187 0.0126249 
0.830271 0.0261711 0.0274773 0.0916453 0.00683242 0.00220381 0.0153988 
0.800242 0.0207117 0.0233769 0.12458 0.00969975 0.00300452 0.0183855 
0.761752 0.0165513 0.0305024 0.150405 0.00939604 0.00267392 0.0287186 
0.783162 0.0190713 0.0262864 0.115867 0.0121676 0.00340184 0.0400439 
0.804527 0.0191824 0.0327357 0.0951747 0.00550238 0.00486217 0.0380153 
0.769424 0.0154626 0.0342909 0.135221 0.00813232 0.00297983 0.0344894 
0.795148 0.0145998 0.0397754 0.112563 0.00787765 0.00217802 0.0278575 
0.833116 0.0168706 0.0292334 0.0822617 0.00990905 0.0030126 0.0255962 
0.792125 0.0133807 0.0384893 0.112657 0.00923473 0.00413589 0.0299773 
0.762351 0.0193801 0.036755 0.135541 0.00674647 0.00516754 0.0340584 
0.757582 0.0186976 0.0280673 0.159547 0.0147405 0.00343231 0.0179333 
0.774991 0.0170241 0.0286573 0.126908 0.0218915 0.00529446 0.0252333 
0.749748 0.0198068 0.0297569 0.140578 0.0227285 0.00690285 0.0304788 
0.779123 0.0225507 0.0222715 0.132469 0.0235217 0.00381685 0.0162472 
0.655323 0.0184425 0.0257148 0.254161 0.0185 0.00632237 0.0215354 
0.705094 0.0244136 0.023954 0.200038 0.0190125 0.00444124 0.0230462 
0.71142 0.0220617 0.0297517 0.166962 0.0244453 0.00645181 0.0389072 
0.728173 0.0227349 0.0342638 0.165763 0.0113525 0.00386638 0.033846 
0.689265 0.0182021 0.0242656 0.21936 0.0262693 0.00409615 0.0185421 
0.742687 0.0147888 0.0414017 0.119398 0.0133974 0.00639359 0.0619335 
0.694866 0.0152047 0.0311196 0.204797 0.0219656 0.00544044 0.0266064 
0.704996 0.0179867 0.0248987 0.19904 0.0274049 0.0039573 0.0217167 
0.615903 0.0175966 0.0216407 0.291305 0.0330802 0.00416457 0.0163096 
0.676106 0.0170217 0.0250884 0.226073 0.0289582 0.0040635 0.0226892 
0.544913 0.0160731 0.0188024 0.362577 0.0404365 0.00297567 0.0142224 
0.70716 0.0224051 0.0317181 0.177599 0.0223146 0.00452374 0.0342802 
0.689464 0.0190524 0.0291109 0.222054 0.0134985 0.00342598 0.0233942 
0.676524 0.032162 0.0196651 0.238647 0.015396 0.0039494 0.0136562 
0.671286 0.0230779 0.0302198 0.234375 0.0141616 0.00482239 0.0220576 
0.733044 0.0246827 0.0312152 0.165294 0.0127685 0.00480062 0.0281949 
0.705368 0.0195249 0.03202 0.18785 0.0198027 0.00465863 0.0307757 
0.700681 0.0312406 0.0213285 0.203707 0.0232508 0.00328484 0.0165071 
0.777761 0.0260084 0.0263151 0.131708 0.014798 0.00316016 0.0202487 
0.721093 0.0285044 0.0231945 0.181405 0.0223912 0.00419648 0.0192151 
0.686882 0.023227 0.0198728 0.22658 0.0246132 0.00269804 0.0161273 
0.618345 0.0202601 0.0261722 0.286633 0.0192218 0.00360867 0.0257589 
0.695917 0.0264926 0.0259891 0.197953 0.0225075 0.00462322 0.0265183 
0.627476 0.0158487 0.0486386 0.245679 0.00896102 0.00369545 0.0497013 
0.787617 0.0225894 0.0382245 0.0978859 0.00730607 0.003604 0.0427729 
0.751408 0.0214819 0.031975 0.150234 0.0105655 0.00420579 0.0301291 
0.753658 0.029747 0.0287835 0.132093 0.0171708 0.00388725 0.0346603 
0.782961 0.0241586 0.0297436 0.120082 0.016654 0.00402898 0.0223719 
0.737499 0.0184818 0.0332963 0.167662 0.0133071 0.00308568 0.026668 
0.598435 0.0174617 0.0233165 0.320065 0.0221431 0.00318715 0.0153921 
0.694723 0.0249857 0.0188963 0.198826 0.0373665 0.00500234 0.0202 
0.675757 0.0258749 0.0195807 0.227103 0.0322489 0.00344159 0.0159935 
0.693891 0.0223935 0.018851 0.20914 0.0354152 0.00486551 0.0154446 
0.728756 0.0147554 0.0414828 0.163087 0.0100409 0.00437871 0.0374984 
0.715619 0.016129 0.0291977 0.192041 0.0172892 0.0044246 0.0253003 
0.711627 0.0140554 0.030879 0.199903 0.015408 0.00426727 0.0238604 
0.725494 0.018973 0.0235549 0.1704 0.0329502 0.0042847 0.024343 
0.677351 0.018898 0.0252259 0.227775 0.0241002 0.00379258 0.0228566 
0.728271 0.0170459 0.0379936 0.165729 0.0138822 0.00363972 0.0334385 
0.734511 0.0283756 0.0270748 0.162446 0.0174583 0.00361218 0.026522 
0.755534 0.0202837 0.0292702 0.140032 0.0209133 0.0034626 0.0305045 
0.604772 0.0138166 0.0301717 0.297847 0.0242558 0.00401966 0.0251167 
0.533922 0.0246169 0.0187282 0.378744 0.0250197 0.00354073 0.0154279 
0.697237 0.0219848 0.0294333 0.204426 0.0171943 0.00368894 0.0260362 
0.737427 0.0161399 0.0323288 0.153979 0.0280403 0.00349776 0.0285866 
0.677921 0.0183984 0.0307028 0.206321 0.0304151 0.00502299 0.0312186 
0.605893 0.0145102 0.030443 0.297927 0.0179767 0.00653243 0.026718 
0.615023 0.0163891 0.0282216 0.280214 0.0304804 0.00486078 0.0248112 
0.647836 0.0165576 0.0257976 0.270628 0.0169952 0.00308702 0.0190993 
0.618227 0.0199504 0.0236034 0.281834 0.0331079 0.00388369 0.0193937 
0.775045 0.0308115 0.032331 0.074345 0.026429 0.0114855 0.0495526 
0.825761 0.0285307 0.0334076 0.027162 0.0102117 0.0118717 0.0630558 
0.819146 0.0407392 0.0257664 0.0505464 0.0152909 0.00970195 0.0388094 
0.780149 0.040481 0.0276051 0.06384 0.0318318 0.00930123 0.0467917 
0.812714 0.0209731 0.0379865 0.0250367 0.00699623 0.00991207 0.0863809 
0.82962 0.0203146 0.0355918 0.0305875 0.00643496 0.00857715 0.068874 
0.785813 0.0214338 0.0365805 0.0710132 0.0105626 0.00847937 0.0661175 
0.819079 0.0203479 0.0329293 0.0572987 0.00965573 0.00608108 0.0546085 
0.82469 0.0224685 0.022218 0.0746876 0.0230768 0.00676478 0.0260943 
0.781227 0.0270167 0.0272632 0.0825775 0.0268128 0.0101121 0.0449909 
0.761684 0.0211604 0.0291703 0.127459 0.0226284 0.00728698 0.0306111 
0.78133 0.0309339 0.0271147 0.0984109 0.0193323 0.00809512 0.0347835 
0.665115 0.0167209 0.0415205 0.217392 0.00577497 0.00379288 0.0496841 
0.720625 0.0264008 0.0299885 0.162415 0.00913317 0.00708722 0.0443499 
0.577847 0.0207783 0.0257665 0.338354 0.011322 0.00336286 0.02257 
0.599248 0.020287 0.0411576 0.294005 0.0056483 0.00425069 0.0354036 
0.700374 0.0224795 0.0359715 0.202003 0.0053367 0.00345708 0.030378 
0.745716 0.0201229 0.0264235 0.178221 0.00722101 0.00288822 0.0194073 
0.646157 0.0220226 0.0187103 0.273416 0.0174445 0.00428531 0.0179645 
0.751616 0.0138495 0.030683 0.168551 0.00566272 0.00309786 0.0265402 
0.759063 0.0250504 0.0273421 0.154888 0.00402564 0.00419239 0.0254375 
0.792013 0.0252906 0.0282145 0.110365 0.0045315 0.00426497 0.0353201 
0.698997 0.0136556 0.0462111 0.14009 0.00749424 0.00486232 0.0886898 
0.665373 0.0133725 0.030808 0.243522 0.0133271 0.00420882 0.0293886 
0.71555 0.0201277 0.0243447 0.196638 0.0130447 0.00476813 0.0255269 
0.758683 0.0161655 0.0299329 0.150259 0.0100273 0.00390041 0.0310313 
0.736547 0.0178808 0.0249498 0.183277 0.0128338 0.00380147 0.0207099 
0.74234 0.0184368 0.0264482 0.18011 0.0119488 0.00348563 0.017231 
0.647239 0.0143586 0.0365998 0.245052 0.0135916 0.00610434 0.0370545 
0.658476 0.0163675 0.0228005 0.255704 0.0248708 0.00353362 0.0182471 
0.448023 0.0128371 0.0196494 0.486327 0.0174983 0.00254984 0.0131157 
0.655887 0.0169874 0.0247333 0.261282 0.0156846 0.00331022 0.0221145 
0.679963 0.0234638 0.0275145 0.213552 0.0166628 0.00570677 0.033138 
0.595391 0.015983 0.0326026 0.301327 0.0144705 0.00457053 0.0356551 
0.489567 0.0192459 0.0290416 0.400472 0.0183539 0.00652383 0.0367954 
0.669725 0.0244065 0.0242843 0.240038 0.0153071 0.00554982 0.020689 
0.636111 0.0244272 0.0243788 0.276042 0.0166879 0.00386266 0.0184899 
0.661631 0.0144707 0.0299589 0.246858 0.0169388 0.00431371 0.0258282 
0.716599 0.0188468 0.0336205 0.182111 0.00837152 0.00483079 0.0356203 
0.644604 0.0237943 0.0229942 0.27962 0.00953561 0.00351604 0.0159352 
0.693961 0.0177354 0.0337008 0.223533 0.00913673 0.00263059 0.0193024 
0.548499 0.0237702 0.0246843 0.368379 0.0126094 0.00388603 0.0181715 
0.564102 0.0316229 0.0219396 0.339774 0.0183345 0.00561884 0.0186083 
0.549757 0.0263885 0.0224369 0.37554 0.00817443 0.00310678 0.0145959 
0.676582 0.0203523 0.0303392 0.225255 0.0124187 0.00368057 0.0313717 
0.782529 0.0212545 0.0255508 0.121919 0.020471 0.0046105 0.0236648 
0.71044 0.0198988 0.0216296 0.191214 0.0300178 0.00508892 0.0217108 
0.73833 0.0197448 0.0316677 0.160324 0.0143856 0.00464183 0.0309058 
0.847574 0.0317909 0.0256788 0.0250556 0.005917 0.0304659 0.0335177 
0.852937 0.0371988 0.0302194 0.0218605 0.00363316 0.0211404 0.0330104 
0.833582 0.0308465 0.0273723 0.0313928 0.00691922 0.0302917 0.039596 
0.856406 0.0284327 0.0257447 0.0165067 0.00585669 0.0226443 0.0444091 
0.846839 0.0195008 0.0292959 0.0355435 0.00572119 0.0231561 0.0399439 
0.807127 0.0213951 0.0361246 0.0331901 0.00518037 0.0324995 0.0644831 
0.818153 0.0201305 0.0360129 0.0443757 0.00542004 0.0218377 0.0540704 
0.826945 0.0222319 0.0285778 0.0363708 0.0101493 0.025875 0.0498502 
0.853865 0.0154407 0.0347316 0.0319474 0.00571303 0.0170214 0.0412808 
0.820798 0.0246257 0.0316817 0.0612131 0.00906508 0.0187545 0.0338616 
0.859015 0.0196407 0.0302721 0.0391565 0.00717047 0.0138798 0.0308658 
0.84111 0.0254029 0.0283478 0.0619156 0.0123631 0.00962515 0.0212355 
0.830683 0.0256077 0.0315464 0.0570403 0.00538295 0.0116983 0.0380412 
0.796997 0.0358465 0.0244525 0.0789684 0.0172588 0.0190218 0.0274552 
0.860638 0.0187561 0.0322326 0.0356351 0.00580401 0.0127705 0.0341639 
0.839564 0.0226148 0.0336278 0.041908 0.00571742 0.0159483 0.0406196 
0.819992 0.0224133 0.0365965 0.0463749 0.00678434 0.0192522 0.0485869 
0.837068 0.0229239 0.0294541 0.0319691 0.00898554 0.0257598 0.0438393 
0.806337 0.0172822 0.0307105 0.0385581 0.00732445 0.0153643 0.0844235 
0.777247 0.042111 0.019856 0.102315 0.0108877 0.013084 0.0344986 
0.7891 0.0391914 0.020442 0.0936699 0.00790378 0.00701388 0.0426786 
0.635676 0.0454896 0.0149782 0.248646 0.0256307 0.0074659 0.0221138 
0.777675 0.0321941 0.0228737 0.0924983 0.00826086 0.0112037 0.0552941 
0.757093 0.0467572 0.0224179 0.111191 0.0105354 0.00951806 0.0424873 
0.722676 0.0440842 0.0186017 0.162497 0.0141256 0.00532884 0.0326865 
0.768315 0.0481536 0.0121499 0.11951 0.0163512 0.00548312 0.0300364 
0.562449 0.0808697 0.00927969 0.249194 0.0730187 0.00613324 0.0190556 
0.53693 0.056478 0.00953085 0.28127 0.0885182 0.00618691 0.021086 
0.636537 0.0660435 0.0120849 0.222229 0.0328363 0.00745704 0.0228117 
0.707672 0.0658025 0.0131684 0.141843 0.0418743 0.00728054 0.0223602 
0.662331 0.0623212 0.0120613 0.188431 0.0465331 0.00763169 0.0206909 
0.592091 0.109379 0.00878214 0.191584 0.0628912 0.0112057 0.024067 
0.699121 0.0953334 0.00911301 0.132292 0.0394791 0.00797446 0.0166877 
0.696139 0.0711884 0.00745137 0.158159 0.047055 0.00686991 0.0131376 
0.709156 0.0466163 0.0104361 0.172197 0.0305776 0.00482349 0.0261933 
0.579127 0.0358367 0.0126197 0.297184 0.0181349 0.00276651 0.0543313 
0.655245 0.0345505 0.0172643 0.171411 0.00802621 0.00426933 0.109234 
0.585562 0.0548628 0.0107961 0.286031 0.0172742 0.00514417 0.0403298 
0.371305 0.0283401 0.00663661 0.543292 0.0342569 0.0023072 0.0138616 
0.50528 0.0993053 0.0090793 0.349218 0.0168029 0.00411094 0.0162029 
0.535581 0.0377224 0.0106373 0.388559 0.00661739 0.00225879 0.0186245 
0.402623 0.0397533 0.00860668 0.522664 0.0126744 0.00251182 0.0111667 
0.362695 0.0367159 0.00793006 0.559395 0.0175409 0.00147759 0.0142453 
0.475849 0.0408199 0.00821597 0.441724 0.0191164 0.00139821 0.0128771 
0.643734 0.0444949 0.00842352 0.246486 0.0330896 0.00238289 0.0213885 
