0.875736 0.0299688 0.0360251 0.0208587 0.00628227 0.00400082 0.0271282 
0.877808 0.0236813 0.0399321 0.024007 0.00481382 0.00414059 0.0256174 
0.900316 0.0177865 0.0383219 0.0114355 0.00313683 0.00535784 0.0236451 
0.886669 0.0274507 0.0349444 0.0165114 0.00515904 0.00294078 0.0263246 
0.88553 0.0211269 0.0341406 0.0233186 0.00325389 0.00522652 0.0274037 
0.889842 0.0198974 0.03711 0.0184218 0.0031855 0.00419245 0.0273509 
0.876214 0.0210496 0.0385095 0.0235404 0.00425798 0.00667574 0.0297532 
0.859714 0.0414782 0.0310443 0.0247634 0.00767107 0.00969602 0.0256332 
0.876066 0.0304617 0.0300474 0.0187335 0.00507275 0.0103822 0.0292361 
0.864203 0.0287058 0.0309573 0.0383302 0.00946308 0.00552883 0.0228121 
0.884936 0.0264832 0.0371185 0.0200876 0.00520755 0.00470129 0.0214656 
0.872364 0.0260251 0.0304536 0.0363357 0.00724273 0.00538649 0.0221925 
0.88724 0.0238899 0.0326227 0.0192782 0.00568802 0.00655765 0.0247233 
0.899248 0.0185905 0.0320682 0.0191375 0.0056097 0.00404877 0.0212975 
0.879581 0.0227314 0.0328192 0.0294062 0.00628443 0.00448201 0.0246959 
0.690802 0.0970579 0.0133849 0.134826 0.0441858 0.00476287 0.0149812 
0.714 0.0813074 0.0130611 0.127549 0.0457803 0.00435482 0.0139479 
0.748148 0.0996383 0.0167181 0.0991346 0.0178638 0.00393833 0.0145592 
0.810028 0.0706038 0.0159295 0.0576345 0.0209683 0.00582089 0.0190155 
0.701328 0.077102 0.0145145 0.165461 0.0173063 0.0068197 0.0174681 
0.708712 0.0848371 0.0157664 0.146977 0.0171778 0.00921844 0.0173119 
0.754716 0.0917378 0.0170363 0.0970975 0.0108015 0.00852769 0.0200838 
0.748878 0.0951755 0.0173126 0.101057 0.0156191 0.00525374 0.0167041 
0.744901 0.0767091 0.0156731 0.120569 0.0220786 0.00510103 0.0149681 
0.74916 0.0825422 0.0182916 0.115257 0.0120536 0.00443002 0.0182661 
0.79342 0.080791 0.016632 0.0614761 0.0192239 0.00558104 0.0228758 
0.81664 0.0563609 0.0178795 0.0627865 0.0198857 0.00453763 0.0219101 
0.769795 0.0697407 0.0157783 0.0916625 0.0293668 0.0059482 0.0177084 
0.79157 0.0560357 0.0169076 0.0783894 0.0305168 0.00546929 0.0211108 
0.763478 0.0825172 0.0146325 0.0886384 0.0308338 0.0044829 0.0154174 
0.776417 0.0705778 0.0158669 0.0882573 0.028607 0.004674 0.0155996 
0.744077 0.065391 0.0169418 0.133917 0.0202015 0.00507081 0.0144013 
0.80216 0.0400695 0.0151093 0.105729 0.0215342 0.00393661 0.0114616 
0.67042 0.0813365 0.0144314 0.188859 0.0279056 0.00478463 0.0122624 
0.713817 0.129656 0.0152884 0.0890112 0.0274879 0.00691314 0.0178267 
0.779023 0.066382 0.0185014 0.0856379 0.0213354 0.00519789 0.0239225 
0.807601 0.0434628 0.0216505 0.0942865 0.00984584 0.00362389 0.0195298 
0.841004 0.0608864 0.0214139 0.0461302 0.0060848 0.00417763 0.0203035 
0.829766 0.0715295 0.0183568 0.0383181 0.0145868 0.00520045 0.0222428 
0.775302 0.0892026 0.016574 0.0691557 0.0225908 0.00543678 0.0217379 
0.804545 0.0581707 0.0201244 0.0747188 0.0132443 0.00395809 0.0252383 
0.826733 0.0542261 0.0174908 0.0682422 0.00852236 0.00501046 0.0197752 
0.8226 0.0668256 0.0175216 0.0459582 0.0176904 0.0050642 0.0243405 
0.844566 0.0382787 0.0219231 0.0562119 0.00827679 0.00421673 0.0265271 
0.811003 0.0582595 0.0182129 0.0697335 0.0165601 0.00444107 0.0217896 
0.690802 0.0970579 0.0133849 0.134826 0.0441858 0.00476287 0.0149812 
0.714 0.0813074 0.0130611 0.127549 0.0457803 0.00435482 0.0139479 
0.748148 0.0996383 0.0167181 0.0991346 0.0178638 0.00393833 0.0145592 
0.810028 0.0706038 0.0159295 0.0576345 0.0209683 0.00582089 0.0190155 
0.701328 0.077102 0.0145145 0.165461 0.0173063 0.0068197 0.0174681 
0.708712 0.0848371 0.0157664 0.146977 0.0171778 0.00921844 0.0173119 
0.754716 0.0917378 0.0170363 0.0970975 0.0108015 0.00852769 0.0200838 
0.748878 0.0951755 0.0173126 0.101057 0.0156191 0.00525374 0.0167041 
0.744901 0.0767091 0.0156731 0.120569 0.0220786 0.00510103 0.0149681 
0.74916 0.0825422 0.0182916 0.115257 0.0120536 0.00443002 0.0182661 
0.79342 0.080791 0.016632 0.0614761 0.0192239 0.00558104 0.0228758 
0.81664 0.0563609 0.0178795 0.0627865 0.0198857 0.00453763 0.0219101 
0.769795 0.0697407 0.0157783 0.0916625 0.0293668 0.0059482 0.0177084 
0.79157 0.0560357 0.0169076 0.0783894 0.0305168 0.00546929 0.0211108 
0.763478 0.0825172 0.0146325 0.0886384 0.0308338 0.0044829 0.0154174 
0.776417 0.0705778 0.0158669 0.0882573 0.028607 0.004674 0.0155996 
0.744077 0.065391 0.0169418 0.133917 0.0202015 0.00507081 0.0144013 
0.80216 0.0400695 0.0151093 0.105729 0.0215342 0.00393661 0.0114616 
0.67042 0.0813365 0.0144314 0.188859 0.0279056 0.00478463 0.0122624 
0.713817 0.129656 0.0152884 0.0890112 0.0274879 0.00691314 0.0178267 
0.779023 0.066382 0.0185014 0.0856379 0.0213354 0.00519789 0.0239225 
0.807601 0.0434628 0.0216505 0.0942865 0.00984584 0.00362389 0.0195298 
0.841004 0.0608864 0.0214139 0.0461302 0.0060848 0.00417763 0.0203035 
0.829766 0.0715295 0.0183568 0.0383181 0.0145868 0.00520045 0.0222428 
0.775302 0.0892026 0.016574 0.0691557 0.0225908 0.00543678 0.0217379 
0.804545 0.0581707 0.0201244 0.0747188 0.0132443 0.00395809 0.0252383 
0.826733 0.0542261 0.0174908 0.0682422 0.00852236 0.00501046 0.0197752 
0.8226 0.0668256 0.0175216 0.0459582 0.0176904 0.0050642 0.0243405 
0.844566 0.0382787 0.0219231 0.0562119 0.00827679 0.00421673 0.0265271 
0.811003 0.0582595 0.0182129 0.0697335 0.0165601 0.00444107 0.0217896 
0.873218 0.0338568 0.0221182 0.0276745 0.00625365 0.00926057 0.0276178 
0.808057 0.0436299 0.0194997 0.0780004 0.0157263 0.0127136 0.0223735 
0.805105 0.0332476 0.022968 0.0905844 0.00952755 0.0101116 0.0284559 
0.839743 0.0266957 0.0212548 0.0588135 0.0129037 0.00758994 0.0329997 
0.835282 0.025071 0.0248739 0.0695921 0.00937779 0.00547523 0.0303276 
0.834737 0.0274658 0.0243862 0.0524083 0.00495175 0.0131064 0.0429449 
0.83486 0.0330406 0.0256426 0.063153 0.0056207 0.00702802 0.0306554 
0.803179 0.0308666 0.0233348 0.0875111 0.00680951 0.0181994 0.0300997 
0.876502 0.024109 0.0243129 0.042944 0.00409354 0.00852591 0.0195126 
0.87282 0.0287572 0.0215647 0.0360896 0.00689523 0.00784272 0.026031 
0.816861 0.0561801 0.0185533 0.0651663 0.0101947 0.011998 0.0210462 
0.860332 0.0250629 0.0277125 0.0476381 0.00495422 0.00795925 0.0263407 
0.83909 0.034204 0.0223121 0.0626804 0.00733469 0.00892985 0.0254489 
0.831097 0.0376061 0.0227578 0.0444306 0.010697 0.0135105 0.0399013 
0.789035 0.0357408 0.0211469 0.0976497 0.015462 0.0131699 0.0277956 
0.880901 0.0206141 0.0252371 0.0342763 0.00635344 0.00872807 0.0238896 
0.845469 0.0195894 0.0269232 0.0722915 0.00583931 0.0083852 0.0215021 
0.859121 0.0163371 0.028889 0.0566508 0.00818837 0.00973175 0.0210817 
0.799664 0.0249657 0.0278347 0.109266 0.0111258 0.00798468 0.0191594 
0.829816 0.021336 0.0289052 0.0848091 0.00896818 0.00764812 0.0185169 
0.794869 0.0183483 0.0322617 0.112377 0.00856343 0.0098616 0.0237188 
0.828626 0.0191938 0.0346531 0.0757354 0.00588804 0.00904033 0.0268631 
0.775786 0.0207416 0.0298614 0.137606 0.00917603 0.00694827 0.0198799 
0.779828 0.0172742 0.031762 0.127086 0.0112654 0.00705065 0.0257341 
0.724609 0.019897 0.0247993 0.186428 0.0177547 0.00630761 0.0202045 
0.846105 0.0218578 0.0308385 0.0628739 0.00932667 0.00675285 0.0222449 
0.809967 0.0290171 0.0269545 0.094525 0.0128744 0.00634112 0.0203205 
0.827402 0.0290961 0.0270564 0.0809541 0.00805628 0.00777318 0.0196622 
0.822329 0.0253517 0.0287739 0.0812226 0.0104476 0.00800075 0.0238746 
0.80014 0.0232954 0.0305019 0.100461 0.00900429 0.00808276 0.028515 
0.821909 0.026954 0.0303808 0.078377 0.0102498 0.00646951 0.0256598 
0.791799 0.0190052 0.035998 0.0931763 0.00848094 0.0123747 0.0391657 
0.817278 0.0312855 0.0232821 0.07867 0.0154093 0.00792327 0.026152 
0.800718 0.0261972 0.0256581 0.0920626 0.0190142 0.0118458 0.0245036 
0.857576 0.0224086 0.0269663 0.0532039 0.0125781 0.00734488 0.0199221 
0.842611 0.022942 0.0264597 0.0619043 0.0135077 0.00979911 0.0227765 
0.771318 0.0218311 0.0281438 0.133646 0.0184546 0.00673658 0.0198695 
0.823226 0.0163209 0.0408257 0.0727599 0.00917576 0.00505226 0.0326396 
0.850131 0.017735 0.0348546 0.0538347 0.00787081 0.00488344 0.0306909 
0.780842 0.0298596 0.0268998 0.129174 0.0105421 0.00615274 0.0165299 
0.812067 0.0197546 0.0371424 0.085836 0.00698097 0.00936003 0.0288589 
0.779849 0.0183722 0.0354326 0.126615 0.00941229 0.00598897 0.0243299 
0.82648 0.0205694 0.0357759 0.0856886 0.00601499 0.00495118 0.0205201 
0.834032 0.0193248 0.0327783 0.0766205 0.00827234 0.00667005 0.0223016 
0.829706 0.041956 0.0225055 0.0612225 0.00749521 0.00910447 0.0280105 
0.851999 0.0364099 0.0208647 0.049751 0.00693844 0.00884256 0.0251948 
0.856675 0.0338056 0.0201942 0.0455655 0.00713786 0.0111548 0.0254671 
0.859654 0.0313418 0.0243171 0.0414753 0.0050668 0.00724152 0.0309032 
0.847887 0.0332766 0.0252632 0.0531611 0.00421846 0.0102764 0.025917 
0.873753 0.0356016 0.0214905 0.0311823 0.00599626 0.009473 0.0225034 
0.819291 0.0484412 0.018546 0.0649003 0.0123224 0.0135893 0.0229099 
0.782239 0.0433995 0.017659 0.107951 0.0207124 0.0092958 0.018743 
0.817911 0.0446925 0.01926 0.0835584 0.0117066 0.00781484 0.015057 
0.787078 0.0378257 0.0199449 0.10717 0.0143022 0.0140201 0.0196591 
0.816912 0.0336477 0.0240003 0.0815766 0.0173042 0.00636189 0.0201973 
0.826096 0.0315914 0.0227158 0.0623147 0.0174059 0.00875124 0.0311252 
0.820626 0.0459325 0.0194694 0.0547297 0.0314471 0.00653829 0.0212574 
0.833072 0.0490614 0.0175561 0.0550406 0.0255774 0.00533212 0.0143602 
0.84154 0.0421949 0.0200426 0.0413938 0.0166698 0.0163228 0.0218361 
0.797066 0.0582007 0.0186485 0.0385663 0.0428184 0.0284221 0.0162785 
0.729773 0.0674261 0.0263394 0.034321 0.0119761 0.109724 0.0204402 
0.840472 0.0336371 0.0345681 0.012003 0.00330839 0.0481363 0.0278751 
0.78796 0.0430429 0.0371038 0.0353661 0.010816 0.0533504 0.0323613 
0.817836 0.0317568 0.0362946 0.0229078 0.00556064 0.0563039 0.0293403 
0.839345 0.0290964 0.0375006 0.025606 0.00448683 0.039581 0.0243846 
0.779376 0.0297051 0.034168 0.0326198 0.0194383 0.0639335 0.0407593 
0.779785 0.0438745 0.027563 0.0627526 0.0231938 0.0437878 0.0190437 
0.825123 0.0326702 0.0332511 0.0207757 0.00598173 0.0492606 0.0329374 
0.829911 0.0251203 0.0359497 0.0298807 0.00501145 0.0448453 0.0292813 
0.805199 0.0349176 0.031323 0.0461444 0.00509659 0.047314 0.0300051 
0.835679 0.0310397 0.0293029 0.0439524 0.00765093 0.0277888 0.0245864 
0.775683 0.0401406 0.0272626 0.0585302 0.00889895 0.0606756 0.0288089 
0.79978 0.0224093 0.0364451 0.0435328 0.00619807 0.0485542 0.043081 
0.812065 0.0322098 0.0297942 0.0324006 0.00973708 0.0526809 0.0311125 
0.830361 0.0259599 0.0329511 0.0362983 0.00513068 0.0329325 0.0363663 
0.861772 0.0191215 0.0417925 0.0323838 0.00209232 0.0140998 0.0287382 
0.843166 0.0264122 0.0299018 0.0393189 0.00598409 0.0294431 0.0257738 
0.783411 0.0327496 0.0371593 0.0877895 0.00621928 0.0248905 0.0277811 
0.79228 0.032422 0.0288619 0.0778206 0.0131702 0.0292686 0.0261768 
0.851028 0.0211777 0.0351986 0.0346271 0.00818974 0.016848 0.0329312 
0.828261 0.0412445 0.0293435 0.0462227 0.00966254 0.0233132 0.0219523 
0.831718 0.0250162 0.032105 0.0609108 0.00748427 0.0202152 0.0225508 
0.832806 0.0253462 0.0309893 0.0402587 0.00912463 0.028961 0.032514 
0.787895 0.0178538 0.0355633 0.0673071 0.00677271 0.0427385 0.0418691 
0.806008 0.0204371 0.0303774 0.0653498 0.00885509 0.0326792 0.036293 
0.781165 0.0205064 0.0387219 0.0830449 0.00749229 0.0322278 0.0368418 
0.738677 0.0358485 0.0253942 0.104954 0.0270801 0.039638 0.0284078 
0.782166 0.0309091 0.0241229 0.097969 0.016375 0.0238568 0.0246012 
0.829706 0.041956 0.0225055 0.0612225 0.00749521 0.00910447 0.0280105 
0.851999 0.0364099 0.0208647 0.049751 0.00693844 0.00884256 0.0251948 
0.856675 0.0338056 0.0201942 0.0455655 0.00713786 0.0111548 0.0254671 
0.859654 0.0313418 0.0243171 0.0414753 0.0050668 0.00724152 0.0309032 
0.847887 0.0332766 0.0252632 0.0531611 0.00421846 0.0102764 0.025917 
0.873753 0.0356016 0.0214905 0.0311823 0.00599626 0.009473 0.0225034 
0.819291 0.0484412 0.018546 0.0649003 0.0123224 0.0135893 0.0229099 
0.782239 0.0433995 0.017659 0.107951 0.0207124 0.0092958 0.018743 
0.817911 0.0446925 0.01926 0.0835584 0.0117066 0.00781484 0.015057 
0.787078 0.0378257 0.0199449 0.10717 0.0143022 0.0140201 0.0196591 
0.816912 0.0336477 0.0240003 0.0815766 0.0173042 0.00636189 0.0201973 
0.826096 0.0315914 0.0227158 0.0623147 0.0174059 0.00875124 0.0311252 
0.820626 0.0459325 0.0194694 0.0547297 0.0314471 0.00653829 0.0212574 
0.833072 0.0490614 0.0175561 0.0550406 0.0255774 0.00533212 0.0143602 
0.84154 0.0421949 0.0200426 0.0413938 0.0166698 0.0163228 0.0218361 
0.797066 0.0582007 0.0186485 0.0385663 0.0428184 0.0284221 0.0162785 
0.729773 0.0674261 0.0263394 0.034321 0.0119761 0.109724 0.0204402 
0.840472 0.0336371 0.0345681 0.012003 0.00330839 0.0481363 0.0278751 
0.78796 0.0430429 0.0371038 0.0353661 0.010816 0.0533504 0.0323613 
0.817836 0.0317568 0.0362946 0.0229078 0.00556064 0.0563039 0.0293403 
0.839345 0.0290964 0.0375006 0.025606 0.00448683 0.039581 0.0243846 
0.779376 0.0297051 0.034168 0.0326198 0.0194383 0.0639335 0.0407593 
0.779785 0.0438745 0.027563 0.0627526 0.0231938 0.0437878 0.0190437 
0.825123 0.0326702 0.0332511 0.0207757 0.00598173 0.0492606 0.0329374 
0.829911 0.0251203 0.0359497 0.0298807 0.00501145 0.0448453 0.0292813 
0.805199 0.0349176 0.031323 0.0461444 0.00509659 0.047314 0.0300051 
0.835679 0.0310397 0.0293029 0.0439524 0.00765093 0.0277888 0.0245864 
0.775683 0.0401406 0.0272626 0.0585302 0.00889895 0.0606756 0.0288089 
0.79978 0.0224093 0.0364451 0.0435328 0.00619807 0.0485542 0.043081 
0.812065 0.0322098 0.0297942 0.0324006 0.00973708 0.0526809 0.0311125 
0.830361 0.0259599 0.0329511 0.0362983 0.00513068 0.0329325 0.0363663 
0.861772 0.0191215 0.0417925 0.0323838 0.00209232 0.0140998 0.0287382 
0.843166 0.0264122 0.0299018 0.0393189 0.00598409 0.0294431 0.0257738 
0.783411 0.0327496 0.0371593 0.0877895 0.00621928 0.0248905 0.0277811 
0.79228 0.032422 0.0288619 0.0778206 0.0131702 0.0292686 0.0261768 
0.851028 0.0211777 0.0351986 0.0346271 0.00818974 0.016848 0.0329312 
0.828261 0.0412445 0.0293435 0.0462227 0.00966254 0.0233132 0.0219523 
0.831718 0.0250162 0.032105 0.0609108 0.00748427 0.0202152 0.0225508 
0.832806 0.0253462 0.0309893 0.0402587 0.00912463 0.028961 0.032514 
0.787895 0.0178538 0.0355633 0.0673071 0.00677271 0.0427385 0.0418691 
0.806008 0.0204371 0.0303774 0.0653498 0.00885509 0.0326792 0.036293 
0.781165 0.0205064 0.0387219 0.0830449 0.00749229 0.0322278 0.0368418 
0.738677 0.0358485 0.0253942 0.104954 0.0270801 0.039638 0.0284078 
0.782166 0.0309091 0.0241229 0.097969 0.016375 0.0238568 0.0246012 
0.662321 0.0371184 0.014409 0.244219 0.0135191 0.00684892 0.0215641 
0.779603 0.031462 0.0196764 0.116735 0.0110875 0.00728621 0.03415 
0.791458 0.0372321 0.0192637 0.0856203 0.0098395 0.00868962 0.0478974 
0.812183 0.0258392 0.0227188 0.0301885 0.00867552 0.0119403 0.0884548 
0.804403 0.0292835 0.0218086 0.0275127 0.0060972 0.0133242 0.0975708 
0.809045 0.0291625 0.0219308 0.0452066 0.0122528 0.00700407 0.0753985 
0.835729 0.0280106 0.0220942 0.0204339 0.0059255 0.00664701 0.0811594 
0.780702 0.0285613 0.0249107 0.0253375 0.00765042 0.00746295 0.125375 
0.817476 0.0307622 0.0202854 0.05627 0.0118823 0.00793834 0.0553856 
0.846466 0.0371594 0.0178091 0.0290216 0.0096748 0.0103476 0.0495219 
0.82838 0.0353587 0.0186058 0.0386352 0.015042 0.0110034 0.052975 
0.839596 0.0263708 0.0248954 0.0368605 0.0049516 0.00502371 0.0623018 
0.830247 0.0299398 0.016744 0.0465061 0.0286206 0.00665037 0.0412923 
0.8273 0.0222523 0.0224663 0.0479502 0.0110445 0.00653508 0.062452 
0.814645 0.0254864 0.023647 0.0515983 0.0110987 0.00888714 0.0646375 
0.840248 0.0313807 0.0184093 0.062097 0.00924531 0.00718498 0.0314342 
0.846445 0.0316826 0.0232097 0.0307855 0.00338521 0.00792313 0.0565686 
0.83349 0.0229671 0.0232016 0.0196552 0.00998774 0.0117925 0.078906 
0.855712 0.0263442 0.0213494 0.0207211 0.00751295 0.00858984 0.05977 
0.849044 0.0357368 0.0182839 0.021286 0.00526532 0.013311 0.0570727 
0.843122 0.0432139 0.0185794 0.0200893 0.00682701 0.009823 0.0583451 
0.851858 0.0269305 0.0200953 0.0183882 0.00785196 0.0108757 0.0640008 
0.853747 0.0319161 0.0199356 0.0209094 0.00818601 0.00795368 0.0573524 
0.848751 0.0263279 0.0210807 0.0314429 0.0120103 0.007384 0.0530037 
0.837552 0.0311615 0.0197618 0.0378718 0.0138065 0.00799275 0.0518534 
0.850685 0.02736 0.0202564 0.0406047 0.0125636 0.00551552 0.0430144 
0.854036 0.0251339 0.0196077 0.034418 0.00977592 0.00663933 0.050389 
0.846261 0.0299845 0.0213392 0.043142 0.00790114 0.00641204 0.04496 
0.85876 0.0269127 0.0226489 0.0218774 0.00559039 0.00898588 0.0552252 
0.662321 0.0371184 0.014409 0.244219 0.0135191 0.00684892 0.0215641 
0.779603 0.031462 0.0196764 0.116735 0.0110875 0.00728621 0.03415 
0.791458 0.0372321 0.0192637 0.0856203 0.0098395 0.00868962 0.0478974 
0.812183 0.0258392 0.0227188 0.0301885 0.00867552 0.0119403 0.0884548 
0.804403 0.0292835 0.0218086 0.0275127 0.0060972 0.0133242 0.0975708 
0.809045 0.0291625 0.0219308 0.0452066 0.0122528 0.00700407 0.0753985 
0.835729 0.0280106 0.0220942 0.0204339 0.0059255 0.00664701 0.0811594 
0.780702 0.0285613 0.0249107 0.0253375 0.00765042 0.00746295 0.125375 
0.817476 0.0307622 0.0202854 0.05627 0.0118823 0.00793834 0.0553856 
0.846466 0.0371594 0.0178091 0.0290216 0.0096748 0.0103476 0.0495219 
0.82838 0.0353587 0.0186058 0.0386352 0.015042 0.0110034 0.052975 
0.839596 0.0263708 0.0248954 0.0368605 0.0049516 0.00502371 0.0623018 
0.830247 0.0299398 0.016744 0.0465061 0.0286206 0.00665037 0.0412923 
0.8273 0.0222523 0.0224663 0.0479502 0.0110445 0.00653508 0.062452 
0.814645 0.0254864 0.023647 0.0515983 0.0110987 0.00888714 0.0646375 
0.840248 0.0313807 0.0184093 0.062097 0.00924531 0.00718498 0.0314342 
0.846445 0.0316826 0.0232097 0.0307855 0.00338521 0.00792313 0.0565686 
0.83349 0.0229671 0.0232016 0.0196552 0.00998774 0.0117925 0.078906 
0.855712 0.0263442 0.0213494 0.0207211 0.00751295 0.00858984 0.05977 
0.849044 0.0357368 0.0182839 0.021286 0.00526532 0.013311 0.0570727 
0.843122 0.0432139 0.0185794 0.0200893 0.00682701 0.009823 0.0583451 
0.851858 0.0269305 0.0200953 0.0183882 0.00785196 0.0108757 0.0640008 
0.853747 0.0319161 0.0199356 0.0209094 0.00818601 0.00795368 0.0573524 
0.848751 0.0263279 0.0210807 0.0314429 0.0120103 0.007384 0.0530037 
0.837552 0.0311615 0.0197618 0.0378718 0.0138065 0.00799275 0.0518534 
0.850685 0.02736 0.0202564 0.0406047 0.0125636 0.00551552 0.0430144 
0.854036 0.0251339 0.0196077 0.034418 0.00977592 0.00663933 0.050389 
0.846261 0.0299845 0.0213392 0.043142 0.00790114 0.00641204 0.04496 
0.85876 0.0269127 0.0226489 0.0218774 0.00559039 0.00898588 0.0552252 
0.862864 0.0197368 0.0390004 0.0187524 0.00321198 0.00866521 0.0477689 
0.840456 0.0173216 0.0340162 0.0649995 0.00629846 0.00751112 0.0293972 
0.866421 0.0176488 0.0312041 0.0328603 0.00964362 0.00654947 0.0356724 
0.849162 0.0252614 0.0254876 0.0627804 0.00931907 0.006066 0.0219236 
0.83682 0.0253386 0.0240883 0.0691712 0.0106965 0.0101383 0.0237466 
0.851606 0.0253433 0.0246062 0.0641316 0.00891348 0.00736897 0.0180303 
0.807974 0.0241973 0.0224634 0.113636 0.0121974 0.00465469 0.0148766 
0.83095 0.0292179 0.0242165 0.0732725 0.0125328 0.00633832 0.0234722 
0.815231 0.0251307 0.0246257 0.0787479 0.0191491 0.00592489 0.0311905 
0.822805 0.0287489 0.0194689 0.0862765 0.0189245 0.00419234 0.0195837 
0.852766 0.0256448 0.0230389 0.0569493 0.0132481 0.00526414 0.0230892 
0.83879 0.0252692 0.0250772 0.0539649 0.0268683 0.00807616 0.0219538 
0.820808 0.0285009 0.022556 0.0791626 0.0260898 0.0062419 0.0166413 
0.789457 0.0228333 0.0280502 0.10247 0.0158601 0.00511662 0.0362125 
0.839611 0.0221936 0.0359076 0.0491029 0.00764323 0.00627145 0.0392706 
0.827523 0.0230409 0.0331564 0.0632713 0.0169226 0.00570237 0.030384 
0.809545 0.0185718 0.0405547 0.0725428 0.00808465 0.00582219 0.0448788 
0.791718 0.0238859 0.0308237 0.110335 0.0112766 0.005618 0.0263426 
0.846333 0.0256961 0.0307647 0.0486187 0.0114504 0.00491514 0.0322221 
0.768682 0.0247628 0.0290795 0.123042 0.012705 0.00914082 0.0325883 
0.799167 0.0221379 0.0280682 0.103959 0.00996891 0.00538823 0.0313107 
0.858432 0.0166674 0.0341572 0.0474775 0.00689231 0.00663147 0.0297423 
0.860981 0.021255 0.0314712 0.0564705 0.00579493 0.0057725 0.0182544 
0.835478 0.0267755 0.0262042 0.0763878 0.0110804 0.0081336 0.0159405 
0.855261 0.0233528 0.0257859 0.0586718 0.0161836 0.00470896 0.0160356 
0.852051 0.0261093 0.0270479 0.0641843 0.00956643 0.00551296 0.0155284 
0.804499 0.0255121 0.0276299 0.0991554 0.011022 0.0110782 0.0211034 
0.844251 0.0237158 0.0318699 0.0686758 0.00508608 0.00621339 0.0201881 
0.800981 0.0372435 0.0226839 0.100715 0.0163992 0.00511376 0.0168636 
0.886485 0.0238821 0.0330151 0.0287011 0.00560159 0.00517188 0.017143 
0.81905 0.0279859 0.02609 0.0986437 0.00922885 0.00520142 0.0137998 
0.789139 0.0296299 0.0281259 0.12425 0.00668443 0.00433219 0.0178377 
0.820949 0.0175444 0.0296286 0.0895103 0.0110931 0.00514465 0.0261301 
0.760012 0.0331526 0.0334813 0.133252 0.00497955 0.00560915 0.0295134 
0.77358 0.0319387 0.0233317 0.133652 0.0152516 0.00497282 0.0172738 
0.730952 0.0267439 0.0251538 0.178726 0.0166707 0.00560808 0.016145 
0.782462 0.0273415 0.0263775 0.119195 0.0126728 0.0123139 0.0196372 
0.740908 0.0265629 0.0312169 0.166016 0.0117411 0.0080739 0.0154811 
0.726435 0.023419 0.0282005 0.188213 0.0148062 0.00545723 0.0134689 
0.748302 0.0209623 0.0338443 0.159473 0.00948169 0.00455026 0.023386 
0.741695 0.025299 0.0354522 0.14851 0.00779622 0.00968593 0.0315618 
0.74366 0.026676 0.0280799 0.164622 0.0119622 0.00635109 0.0186486 
0.818781 0.0174028 0.0375531 0.0781478 0.00561777 0.00884264 0.0336548 
0.811758 0.0258836 0.0342191 0.0869208 0.00512557 0.00744613 0.0286473 
0.791743 0.038598 0.0277155 0.094757 0.00868202 0.0113995 0.0271054 
0.753252 0.0276225 0.0283288 0.157237 0.00869292 0.00653285 0.0183348 
0.821454 0.0335007 0.0244504 0.0857612 0.0138673 0.00498331 0.0159834 
0.765175 0.022033 0.0312976 0.123146 0.0199851 0.00762731 0.0307356 
0.659273 0.0304745 0.0203063 0.243128 0.0266198 0.00676861 0.0134291 
0.721278 0.0197262 0.0269455 0.182457 0.0213152 0.00826569 0.0200122 
0.760829 0.0464036 0.0203512 0.112656 0.025426 0.0158078 0.0185266 
0.792607 0.0222813 0.0291231 0.0952134 0.01986 0.0124127 0.0285029 
0.836565 0.0230785 0.0333743 0.0626546 0.0107744 0.0075719 0.0259811 
0.845765 0.0190538 0.0345475 0.0523055 0.00821269 0.00613844 0.0339775 
0.830326 0.0206898 0.0316109 0.0723417 0.0124344 0.00615333 0.0264435 
0.791644 0.0286812 0.0287798 0.109256 0.0110335 0.00647197 0.0241336 
0.778053 0.0356738 0.018539 0.125998 0.0153756 0.00835217 0.0180081 
0.704319 0.0572344 0.010447 0.151805 0.0519007 0.00468473 0.0196091 
0.485512 0.0589667 0.00747251 0.343551 0.0782334 0.00306959 0.023195 
0.21012 0.120888 0.0103666 0.538766 0.045544 0.00388378 0.0704322 
0.191062 0.229532 0.0115637 0.486421 0.0362911 0.00461069 0.0405202 
0.0850389 0.0841546 0.00783468 0.771556 0.0269341 0.00254774 0.0219339 
0.036698 0.0457375 0.00398316 0.883692 0.0179165 0.00113738 0.0108354 
0.0750464 0.0685549 0.00501988 0.797203 0.0339932 0.00195547 0.0182277 
0.0661557 0.0848184 0.00650288 0.779286 0.0290742 0.00241059 0.0317519 
0.0455056 0.0630912 0.00465989 0.856673 0.0108593 8.83753E-4 0.0183278 
0.0145398 0.022129 0.00170767 0.949458 0.00790709 3.20785E-4 0.00393794 
0.0246127 0.0135863 0.00225415 0.948393 0.00606541 1.58504E-4 0.00493047 
0.0275803 0.0231722 0.00217969 0.926804 0.0119273 3.88076E-4 0.00794884 
0.0299865 0.0308167 0.00241199 0.911986 0.0156728 5.8415E-4 0.00854195 
0.0800818 0.038239 0.00348311 0.834172 0.0262617 8.73937E-4 0.0168888 
0.053437 0.0435465 0.00269769 0.847335 0.0397917 0.00112813 0.0120641 
0.0411336 0.0398211 0.00216819 0.884794 0.0244948 9.18365E-4 0.0066699 
0.0521551 0.0695645 0.00407254 0.822085 0.025577 0.00162915 0.0249166 
0.0745351 0.104992 0.00654733 0.724809 0.0395483 0.0028713 0.0466975 
0.0487144 0.0500906 0.00319455 0.819837 0.0559744 0.00152504 0.0206638 
0.040047 0.0336901 0.00178963 0.841345 0.0754063 9.17368E-4 0.00680483 
0.249218 0.0160249 0.00593012 0.674288 0.0281263 9.29672E-4 0.025483 
0.674726 0.0266783 0.0241109 0.121463 0.01133 0.00253374 0.139159 
0.693981 0.025241 0.0191456 0.214762 0.00891648 0.00160535 0.0363481 
0.829827 0.0222185 0.0283592 0.0758924 0.00287463 0.00313825 0.0376906 
0.854247 0.0264276 0.0209351 0.0650326 0.00579141 0.0029286 0.0246378 
0.849706 0.0272157 0.018431 0.0706467 0.00447051 0.00533803 0.0241923 
0.828756 0.0230212 0.0300291 0.0335385 0.00637573 0.00424602 0.0740339 
0.815805 0.0148365 0.0332206 0.0511484 0.0056841 0.00438734 0.0749177 
0.765924 0.0192498 0.0258082 0.125301 0.0098909 0.00284606 0.0509799 
0.779675 0.0234604 0.0244919 0.0750333 0.00550543 0.00730123 0.084533 
0.781903 0.0404805 0.0218531 0.0519219 0.00676006 0.00886723 0.0882138 
0.795752 0.0236675 0.0215399 0.0964089 0.0199333 0.00839522 0.0343035 
0.794375 0.0216571 0.0306046 0.0961367 0.00770273 0.00480034 0.0447231 
0.822217 0.0225939 0.0296911 0.0715292 0.00703568 0.00627236 0.0406611 
0.82906 0.0190858 0.0323777 0.07577 0.00900464 0.00498139 0.0297208 
0.845121 0.0219702 0.0352494 0.0379338 0.00361892 0.0056703 0.050436 
0.753677 0.0222083 0.0313525 0.14332 0.00785402 0.00422472 0.0373632 
0.754438 0.0194814 0.0372256 0.108893 0.00536831 0.00520106 0.0693926 
0.794719 0.026482 0.0225377 0.105989 0.0152446 0.00458573 0.0304414 
0.833292 0.0289949 0.0242105 0.070631 0.00944219 0.00348584 0.0299432 
0.824365 0.0297183 0.0236075 0.0551827 0.0170461 0.00661923 0.0434613 
0.819238 0.0309123 0.0271911 0.0639025 0.00914073 0.00641489 0.0432002 
0.837955 0.0248131 0.0249316 0.05094 0.00822078 0.00691062 0.0462293 
0.857232 0.0284574 0.0228596 0.0352894 0.00869446 0.0053515 0.042116 
0.851816 0.0414536 0.023311 0.0386621 0.00708548 0.00556299 0.0321087 
0.837084 0.037574 0.020214 0.0583302 0.00932628 0.00484735 0.0326238 
0.83315 0.0281097 0.025862 0.0614334 0.00922051 0.00492282 0.0373019 
0.823824 0.0355652 0.021043 0.0660882 0.0167901 0.00467342 0.0320159 
0.831219 0.030938 0.0229671 0.048175 0.0176628 0.00805361 0.040984 
0.842595 0.0227169 0.0262755 0.0404639 0.0132066 0.00546553 0.0492764 
0.833258 0.0371829 0.0228626 0.0471639 0.0174856 0.00660889 0.0354378 
0.824385 0.0332245 0.026243 0.0502436 0.0155986 0.00776401 0.0425415 
0.819976 0.0319992 0.0243247 0.068161 0.0188655 0.00476932 0.0319042 
0.827362 0.0328395 0.027507 0.0632655 0.0134183 0.00477808 0.0308291 
0.794322 0.0261728 0.0335622 0.0823509 0.00892631 0.00474572 0.0499199 
0.796961 0.0203554 0.0363166 0.0937026 0.00687096 0.00524113 0.0405521 
0.807487 0.0127412 0.0457249 0.0748957 0.00734117 0.00330822 0.0485018 
0.820905 0.0148205 0.0423469 0.0717606 0.004795 0.00446995 0.0409024 
0.760717 0.0134608 0.049202 0.101637 0.00428357 0.00537982 0.0653193 
0.823687 0.0116447 0.0456117 0.055527 0.00402381 0.00735827 0.0521471 
0.820218 0.0138886 0.041813 0.0755081 0.00453825 0.00584458 0.0381898 
0.83437 0.0169966 0.0365396 0.0421402 0.00609919 0.00729143 0.0565634 
0.788125 0.0135021 0.0433901 0.0700884 0.00424672 0.00685118 0.0737964 
0.789655 0.0169459 0.0430665 0.077719 0.0033964 0.00504597 0.0641712 
0.812441 0.0142804 0.0413203 0.0644325 0.00398442 0.00465253 0.0588889 
0.814087 0.0141175 0.0401656 0.0523231 0.00433765 0.00506461 0.0699043 
0.786853 0.0142022 0.0426116 0.103028 0.00488755 0.00375613 0.0446618 
0.804713 0.0143124 0.0453375 0.0627247 0.00399394 0.00376573 0.0651529 
0.793159 0.0154233 0.040571 0.0757372 0.00563121 0.00556032 0.0639177 
0.827654 0.0164474 0.0375786 0.0655825 0.00421722 0.00580788 0.0427123 
0.829879 0.0200696 0.0351327 0.0708548 0.00429761 0.00424426 0.0355216 
0.821631 0.0149246 0.0354256 0.068762 0.00597534 0.00482958 0.0484521 
0.836788 0.0174423 0.0322299 0.0616962 0.00462454 0.00420786 0.0430115 
0.811549 0.0172292 0.0290117 0.105602 0.00803475 0.00395318 0.0246204 
0.765791 0.0166382 0.0257162 0.16185 0.00778282 0.00407734 0.0181452 
0.858201 0.0120381 0.0420557 0.0352661 0.00451561 0.00457121 0.043352 
0.820257 0.0132976 0.0410866 0.0774705 0.00579479 0.0041927 0.0379007 
0.825813 0.0173586 0.0282185 0.0800634 0.00843008 0.00644573 0.0336708 
0.836771 0.0162963 0.0293558 0.0789014 0.00629865 0.00390961 0.0284674 
0.857348 0.0161446 0.0292272 0.0540588 0.0065943 0.0052112 0.0314158 
0.824636 0.0234468 0.0271844 0.0692541 0.00664403 0.00371311 0.0451215 
0.800089 0.0157447 0.0345496 0.063997 0.0061724 0.00729745 0.0721495 
0.822856 0.0220018 0.0240806 0.082167 0.0115202 0.00626932 0.0311051 
0.829722 0.0224285 0.0225029 0.0796908 0.0145415 0.00569127 0.0254234 
0.85802 0.0188326 0.0255305 0.0408247 0.0113367 0.00686323 0.0385925 
0.831957 0.0203337 0.0266917 0.0829979 0.00978238 0.00409849 0.0241389 
0.82402 0.0311361 0.0216675 0.0748418 0.017089 0.00675363 0.0244917 
0.811598 0.0312354 0.022665 0.07943 0.0198233 0.00757281 0.0276759 
0.865608 0.0214374 0.0291491 0.0378664 0.00510867 0.00631057 0.0345196 
0.852805 0.0229974 0.0267708 0.0547714 0.00916564 0.00656696 0.0269224 
0.853572 0.0246673 0.0252798 0.0436662 0.00934419 0.00755336 0.0359171 
0.872606 0.0252229 0.0266052 0.0290403 0.00604514 0.00594089 0.0345394 
0.861577 0.021342 0.0274898 0.039247 0.00666202 0.00475998 0.0389219 
0.852058 0.0178379 0.0334363 0.0445915 0.00587805 0.00465504 0.0415437 
0.861242 0.0223288 0.0269715 0.0427832 0.00909499 0.0047777 0.0328022 
0.846751 0.0253886 0.0254238 0.061853 0.00826153 0.00531187 0.0270103 
0.883052 0.0201855 0.0254742 0.0277655 0.00603594 0.00726919 0.0302181 
0.851037 0.019374 0.02746 0.0475795 0.00619399 0.00711753 0.0412379 
0.805203 0.019236 0.0289277 0.0703949 0.0106935 0.00721715 0.0583274 
0.814023 0.0228289 0.0270846 0.072528 0.00756791 0.00730467 0.0486628 
0.862051 0.0272483 0.0269818 0.0307412 0.0053928 0.0084258 0.039159 
0.851728 0.0304068 0.0237977 0.056253 0.0105139 0.00545308 0.0218473 
0.820161 0.0206457 0.0255315 0.0701485 0.00784196 0.00385854 0.0518133 
0.753205 0.022039 0.0318622 0.0314487 0.00602826 0.00367661 0.15174 
0.784027 0.0202909 0.0265847 0.0712449 0.0120807 0.00626114 0.0795105 
0.801918 0.0167484 0.0338638 0.0329598 0.00955403 0.0034779 0.101478 
0.725702 0.0163217 0.0371318 0.0335839 0.0112471 0.00509191 0.170922 
0.762899 0.0132054 0.0405447 0.0406051 0.00797084 0.0041073 0.130668 
0.757613 0.0152178 0.0371572 0.0996062 0.00962462 0.00261955 0.0781619 
0.797135 0.0194008 0.0286472 0.0649913 0.0146178 0.00312651 0.0720816 
0.686574 0.0159078 0.0331809 0.176274 0.0117697 0.00336117 0.0729317 
0.78961 0.0167816 0.032475 0.040983 0.00966491 0.00403351 0.106452 
0.763562 0.0156032 0.0348375 0.0504324 0.0096941 0.00325881 0.122612 
0.752826 0.0135181 0.0351708 0.064913 0.0135377 0.00418739 0.115847 
0.794087 0.0213482 0.0329109 0.092831 0.014274 0.00514425 0.0394051 
0.806001 0.0215519 0.0313262 0.0766326 0.00910368 0.0059578 0.0494268 
0.770356 0.0194097 0.0336665 0.125405 0.00580845 0.00463465 0.040719 
0.774924 0.0267 0.0289393 0.0998716 0.00684145 0.00551773 0.0572063 
0.827123 0.0194471 0.0353106 0.0422325 0.00486363 0.00274142 0.0682817 
0.768951 0.0259042 0.026506 0.130392 0.0125784 0.00375588 0.0319122 
0.72831 0.019079 0.0308082 0.161367 0.0131058 0.00396141 0.0433689 
0.804031 0.0216432 0.0281482 0.0606728 0.0228051 0.00499463 0.0577055 
0.782468 0.0193106 0.0268266 0.106071 0.0190263 0.00517692 0.0411206 
0.821786 0.0217937 0.0263335 0.0789922 0.013268 0.00340535 0.0344211 
0.804186 0.0283878 0.0245791 0.0835883 0.0220052 0.00439604 0.0328579 
0.779986 0.029491 0.0233507 0.104221 0.0171111 0.00647412 0.0393663 
0.849215 0.027619 0.0235004 0.0553748 0.00790158 0.0061864 0.0302032 
0.810598 0.0247229 0.0286673 0.0437097 0.00714415 0.00752591 0.0776317 
0.788713 0.0288388 0.0225697 0.0663353 0.0275239 0.013781 0.052238 
0.862566 0.0292871 0.021346 0.0406619 0.011699 0.00512586 0.0293136 
0.852228 0.0269174 0.0261029 0.046633 0.00993961 0.00459972 0.0335795 
0.807498 0.0207126 0.0280219 0.0941318 0.0117386 0.00349634 0.034401 
0.791399 0.0166043 0.037747 0.0381558 0.00752934 0.00730045 0.101264 
0.80634 0.0239366 0.0293532 0.100656 0.00840422 0.00382917 0.0274802 
0.81863 0.0155632 0.0358796 0.066232 0.00949113 0.0042182 0.0499863 
0.770996 0.0174134 0.031802 0.0924207 0.0140052 0.00499886 0.0683639 
0.77259 0.0170881 0.0310401 0.115422 0.00850157 0.00314603 0.0522128 
0.805062 0.021165 0.0306442 0.0751595 0.0128739 0.00486107 0.0502344 
0.840961 0.026698 0.025936 0.0467707 0.00906776 0.00570183 0.0448649 
0.839684 0.0336869 0.0279112 0.0504815 0.00603668 0.00746129 0.0347383 
0.788359 0.0276909 0.0274708 0.102581 0.00719309 0.00498434 0.0417202 
0.824295 0.0309296 0.0267151 0.0553082 0.00551006 0.00805298 0.0491888 
0.823473 0.0224955 0.0299103 0.0622418 0.0071895 0.00538571 0.0493043 
0.837049 0.0225738 0.029526 0.0620022 0.00849333 0.00362038 0.0367356 
0.82469 0.0343321 0.019241 0.0613844 0.0225617 0.00536019 0.0324306 
0.820445 0.0213659 0.0269569 0.0680697 0.0126797 0.00611828 0.0443645 
0.840898 0.0249892 0.0240827 0.0466439 0.0117632 0.00970065 0.0419221 
0.813971 0.0290516 0.0237881 0.0793779 0.012762 0.00664601 0.0344033 
0.834343 0.0449555 0.0235406 0.053336 0.0105655 0.00566336 0.0275959 
0.804969 0.0286625 0.0241152 0.0921797 0.0138041 0.00605851 0.0302104 
0.830771 0.0226513 0.0251086 0.081857 0.010279 0.00329909 0.0260342 
0.828266 0.0291955 0.0239023 0.0595574 0.01389 0.0057754 0.0394132 
0.817253 0.0290354 0.0194739 0.086112 0.0211493 0.0051269 0.0218499 
0.833972 0.0262136 0.0265366 0.0491749 0.00998965 0.00574794 0.0483657 
0.829029 0.0269032 0.0309413 0.0505895 0.0108424 0.0039011 0.0477933 
0.85206 0.0276503 0.022711 0.051644 0.00960717 0.00569589 0.0306313 
0.829629 0.0305354 0.026674 0.0381916 0.00858755 0.00566386 0.0607184 
0.829624 0.0195254 0.0267545 0.0496861 0.0141273 0.00506426 0.0552187 
0.790353 0.0339016 0.0237818 0.0796886 0.0158201 0.006156 0.0502994 
0.778208 0.0203245 0.0304944 0.128267 0.0146075 0.00393579 0.0241627 
0.853493 0.0187143 0.0357576 0.0543056 0.00501632 0.00345737 0.0292556 
0.742189 0.0207878 0.0360415 0.155265 0.00614761 0.00382346 0.0357458 
0.762946 0.0254176 0.0250673 0.157045 0.0100985 0.00390447 0.0155211 
0.764945 0.0267681 0.0260902 0.137167 0.0170342 0.00511747 0.0228779 
0.7786 0.0191657 0.030125 0.125971 0.0172613 0.00346808 0.0254088 
0.775962 0.0194759 0.030504 0.134251 0.0135257 0.00392504 0.0223559 
0.782418 0.0156028 0.0367645 0.105725 0.0138604 0.00416172 0.0414676 
0.833302 0.0226368 0.0311742 0.05199 0.0132085 0.00654878 0.0411396 
0.803763 0.0172312 0.0407175 0.0612272 0.00830076 0.00511826 0.0636421 
0.849175 0.0145448 0.0360161 0.0543058 0.0081888 0.00651688 0.0312524 
0.773325 0.0197691 0.0285006 0.107566 0.0215946 0.00798712 0.0412576 
0.746156 0.0212855 0.025442 0.152361 0.0185836 0.00593861 0.0302332 
0.805146 0.0191527 0.0333921 0.0964472 0.00845881 0.00513171 0.032272 
0.836017 0.0197983 0.0346671 0.0538332 0.00851793 0.00436044 0.0428061 
0.807038 0.01702 0.0345021 0.0971443 0.01143 0.00577975 0.0270854 
0.76994 0.0258741 0.0257848 0.136408 0.0190742 0.0037007 0.0192179 
0.787909 0.0324299 0.0305889 0.111129 0.0128151 0.00372914 0.0213989 
0.836829 0.0211186 0.0397193 0.0449023 0.00923108 0.00318693 0.0450128 
0.704596 0.0236506 0.0250031 0.195315 0.022181 0.00407757 0.0251763 
0.811398 0.0167686 0.0451389 0.0805517 0.00611237 0.00266745 0.0373627 
0.791666 0.0124061 0.053634 0.0632578 0.00730083 0.00301509 0.0687203 
0.767149 0.0193429 0.0233659 0.143377 0.026942 0.00353835 0.0162852 
0.80841 0.0126733 0.0398798 0.0933869 0.0118903 0.00300607 0.0307536 
0.789445 0.0214519 0.0285201 0.111623 0.0193138 0.00336738 0.0262786 
0.851049 0.0226422 0.031364 0.0511793 0.00950212 0.00350703 0.0307563 
0.862298 0.0188223 0.0345876 0.038999 0.0087476 0.00496614 0.0315792 
0.819297 0.0218015 0.0288563 0.0851067 0.0175365 0.00341423 0.023988 
0.822027 0.0190169 0.0258096 0.0837663 0.019666 0.00330399 0.0264105 
0.819386 0.0162796 0.0381373 0.0840591 0.0103506 0.00230627 0.0294808 
0.814504 0.0192927 0.0348936 0.0538486 0.0104659 0.00233258 0.064662 
0.869397 0.0198814 0.0309738 0.0280867 0.00817131 0.00277078 0.0407185 
0.846046 0.0162938 0.0316386 0.0613239 0.00764927 0.00256277 0.0344856 
0.837113 0.0148834 0.0346229 0.0564902 0.00860085 0.00292515 0.0453648 
0.847348 0.0150485 0.0373319 0.0538679 0.00464637 0.00402636 0.0377308 
0.837104 0.0147333 0.0327402 0.0876771 0.00677105 0.00404034 0.0169344 
0.827933 0.0133557 0.0342006 0.0762697 0.00898832 0.00444172 0.0348106 
0.859876 0.0150939 0.0334057 0.0451159 0.00814915 0.00304513 0.0353144 
0.822874 0.0161583 0.0368613 0.0674035 0.0104832 0.00278045 0.0434395 
0.763577 0.0175986 0.0362577 0.140836 0.0085499 0.00257074 0.0306107 
0.82473 0.0188075 0.0374993 0.0798044 0.00517285 0.0032305 0.0307559 
0.815551 0.0211788 0.0318595 0.0869078 0.00606921 0.00464951 0.0337845 
0.84471 0.0182264 0.0343597 0.0619562 0.00787008 0.00378516 0.0290923 
0.844572 0.0173487 0.0317638 0.0560884 0.00968009 0.00346351 0.0370831 
0.820118 0.0172169 0.0350986 0.0561326 0.0135178 0.00520355 0.052712 
0.794087 0.0213482 0.0329109 0.092831 0.014274 0.00514425 0.0394051 
0.806001 0.0215519 0.0313262 0.0766326 0.00910368 0.0059578 0.0494268 
0.770356 0.0194097 0.0336665 0.125405 0.00580845 0.00463465 0.040719 
0.774924 0.0267 0.0289393 0.0998716 0.00684145 0.00551773 0.0572063 
0.827123 0.0194471 0.0353106 0.0422325 0.00486363 0.00274142 0.0682817 
0.768951 0.0259042 0.026506 0.130392 0.0125784 0.00375588 0.0319122 
0.72831 0.019079 0.0308082 0.161367 0.0131058 0.00396141 0.0433689 
0.804031 0.0216432 0.0281482 0.0606728 0.0228051 0.00499463 0.0577055 
0.782468 0.0193106 0.0268266 0.106071 0.0190263 0.00517692 0.0411206 
0.821786 0.0217937 0.0263335 0.0789922 0.013268 0.00340535 0.0344211 
0.804186 0.0283878 0.0245791 0.0835883 0.0220052 0.00439604 0.0328579 
0.779986 0.029491 0.0233507 0.104221 0.0171111 0.00647412 0.0393663 
0.849215 0.027619 0.0235004 0.0553748 0.00790158 0.0061864 0.0302032 
0.810598 0.0247229 0.0286673 0.0437097 0.00714415 0.00752591 0.0776317 
0.788713 0.0288388 0.0225697 0.0663353 0.0275239 0.013781 0.052238 
0.862566 0.0292871 0.021346 0.0406619 0.011699 0.00512586 0.0293136 
0.852228 0.0269174 0.0261029 0.046633 0.00993961 0.00459972 0.0335795 
0.807498 0.0207126 0.0280219 0.0941318 0.0117386 0.00349634 0.034401 
0.791399 0.0166043 0.037747 0.0381558 0.00752934 0.00730045 0.101264 
0.80634 0.0239366 0.0293532 0.100656 0.00840422 0.00382917 0.0274802 
0.81863 0.0155632 0.0358796 0.066232 0.00949113 0.0042182 0.0499863 
0.770996 0.0174134 0.031802 0.0924207 0.0140052 0.00499886 0.0683639 
0.77259 0.0170881 0.0310401 0.115422 0.00850157 0.00314603 0.0522128 
0.805062 0.021165 0.0306442 0.0751595 0.0128739 0.00486107 0.0502344 
0.840961 0.026698 0.025936 0.0467707 0.00906776 0.00570183 0.0448649 
0.839684 0.0336869 0.0279112 0.0504815 0.00603668 0.00746129 0.0347383 
0.788359 0.0276909 0.0274708 0.102581 0.00719309 0.00498434 0.0417202 
0.824295 0.0309296 0.0267151 0.0553082 0.00551006 0.00805298 0.0491888 
0.823473 0.0224955 0.0299103 0.0622418 0.0071895 0.00538571 0.0493043 
0.837049 0.0225738 0.029526 0.0620022 0.00849333 0.00362038 0.0367356 
0.82469 0.0343321 0.019241 0.0613844 0.0225617 0.00536019 0.0324306 
0.820445 0.0213659 0.0269569 0.0680697 0.0126797 0.00611828 0.0443645 
0.840898 0.0249892 0.0240827 0.0466439 0.0117632 0.00970065 0.0419221 
0.813971 0.0290516 0.0237881 0.0793779 0.012762 0.00664601 0.0344033 
0.834343 0.0449555 0.0235406 0.053336 0.0105655 0.00566336 0.0275959 
0.804969 0.0286625 0.0241152 0.0921797 0.0138041 0.00605851 0.0302104 
0.830771 0.0226513 0.0251086 0.081857 0.010279 0.00329909 0.0260342 
0.828266 0.0291955 0.0239023 0.0595574 0.01389 0.0057754 0.0394132 
0.817253 0.0290354 0.0194739 0.086112 0.0211493 0.0051269 0.0218499 
0.833972 0.0262136 0.0265366 0.0491749 0.00998965 0.00574794 0.0483657 
0.829029 0.0269032 0.0309413 0.0505895 0.0108424 0.0039011 0.0477933 
0.85206 0.0276503 0.022711 0.051644 0.00960717 0.00569589 0.0306313 
0.829629 0.0305354 0.026674 0.0381916 0.00858755 0.00566386 0.0607184 
