0.842218 0.0188976 0.0571557 0.00791634 0.00220439 0.0052895 0.0663182 
0.874314 0.0220162 0.0472452 0.0109839 0.00328098 0.00519587 0.0369637 
0.881478 0.0248571 0.0471471 0.0114825 0.00278106 0.00416181 0.0280923 
0.888297 0.0143793 0.0505632 0.0181675 0.00327077 0.0040764 0.0212455 
0.877983 0.0168802 0.045819 0.0221874 0.00579285 0.00364453 0.0276927 
0.879979 0.0150239 0.0462334 0.0285505 0.00468006 0.00281012 0.0227235 
0.868407 0.0134657 0.0433246 0.0179408 0.0089161 0.00520027 0.0427453 
0.878663 0.0182609 0.0409955 0.0173859 0.00924104 0.00569325 0.0297602 
0.888454 0.0184778 0.0408712 0.0117806 0.00367925 0.00639025 0.0303471 
0.886945 0.0156972 0.0520919 0.0147694 0.00301574 0.00389412 0.023587 
0.87758 0.0208807 0.0455623 0.0236284 0.00453979 0.00311532 0.024694 
0.878225 0.0160998 0.046707 0.0277272 0.0047626 0.00266537 0.0238129 
0.873506 0.01565 0.0460835 0.0146667 0.00438919 0.00383172 0.041873 
0.86951 0.0247438 0.0403446 0.0314044 0.00705848 0.00305195 0.0238867 
0.890451 0.022466 0.0373429 0.0156405 0.00529501 0.00514264 0.0236619 
0.883325 0.022572 0.0403834 0.0136182 0.00390857 0.00515233 0.0310407 
0.880507 0.0230838 0.038261 0.0194911 0.00536605 0.00355368 0.0297378 
0.8894 0.018143 0.040161 0.0157892 0.00369917 0.00545868 0.0273492 
0.895173 0.0197302 0.0367284 0.0192455 0.00505993 0.00448124 0.0195817 
0.875715 0.0190961 0.0503736 0.0233743 0.00356272 0.00437704 0.0235015 
0.890317 0.0160569 0.0471511 0.0177975 0.00374429 0.00354946 0.0213837 
0.890134 0.0206758 0.0430959 0.0176516 0.00263746 0.00383122 0.0219742 
0.884875 0.0154062 0.0520746 0.0207542 0.00251216 0.00315124 0.0212263 
0.907648 0.0149288 0.0384117 0.0152972 0.00377062 0.00433136 0.0156122 
0.899978 0.0158468 0.0490654 0.0109272 0.00258661 0.00330082 0.0182947 
0.900968 0.0191887 0.0418996 0.0170069 0.00469065 0.00260972 0.0136368 
0.887619 0.0146941 0.0481543 0.0189395 0.00362896 0.00304367 0.0239201 
0.871866 0.0186597 0.0443546 0.0273434 0.00626773 0.00410217 0.0274065 
0.877171 0.0188589 0.0393959 0.0308583 0.00367186 0.00374039 0.0263039 
0.86813 0.0213119 0.0389581 0.0312266 0.00507023 0.00665446 0.028649 
0.853834 0.0263495 0.0382956 0.0261833 0.00539144 0.00437944 0.0455668 
0.846557 0.0294734 0.0356273 0.0439579 0.00434468 0.00517524 0.0348645 
0.834775 0.0270225 0.0328082 0.0659259 0.00918375 0.00380963 0.0264755 
0.849857 0.02372 0.0338841 0.0530159 0.00844423 0.00264406 0.028435 
0.851668 0.0155363 0.0429473 0.0323627 0.00376495 0.00300489 0.0507157 
0.851098 0.0185011 0.0395931 0.0478873 0.00389157 0.00371795 0.0353111 
0.860031 0.0217941 0.0416131 0.0232702 0.00303949 0.00359412 0.0466583 
0.862786 0.0194099 0.0406146 0.029649 0.00327048 0.00466324 0.0396072 
0.858643 0.0273924 0.0363689 0.039069 0.00449257 0.00349031 0.0305437 
0.866792 0.0286069 0.0343211 0.0317134 0.00580707 0.00336336 0.0293963 
0.860588 0.0249856 0.0433415 0.0124705 0.00284349 0.00388876 0.0518816 
0.880163 0.0249473 0.0402514 0.0138932 0.00386248 0.00294514 0.0339374 
0.872919 0.0281452 0.0354621 0.0246187 0.00556407 0.00389244 0.0293985 
0.861626 0.022413 0.0382936 0.0148671 0.00326564 0.00327921 0.0562555 
0.867575 0.0314891 0.0386506 0.0186904 0.00308944 0.00393972 0.0365656 
0.883102 0.0225744 0.0430474 0.0149883 0.00136341 0.0120398 0.0228853 
0.693069 0.0487242 0.0661161 0.0104179 0.00175066 0.137078 0.0428437 
0.744583 0.0502983 0.0504196 0.00850661 0.00224707 0.102096 0.0418492 
0.74033 0.038758 0.0504209 0.00592432 0.0018677 0.115426 0.0472734 
0.849476 0.024344 0.0404776 0.0100586 0.00176436 0.0313075 0.0425716 
0.83921 0.041934 0.0423554 0.0237625 0.00219305 0.0192692 0.0312759 
0.847149 0.044438 0.029145 0.0337121 0.00315009 0.0174168 0.0249893 
0.844903 0.0464373 0.0300852 0.045297 0.00279637 0.0117279 0.0187532 
0.815362 0.0644242 0.0192877 0.0733004 0.00743966 0.00644369 0.0137421 
0.847295 0.0536572 0.0206066 0.0504494 0.00684567 0.00676242 0.0143841 
0.764378 0.0883108 0.0182643 0.099368 0.00856814 0.00724752 0.0138629 
0.611935 0.085983 0.0135877 0.235456 0.0360207 0.00606049 0.0109578 
0.760114 0.0746785 0.0190371 0.117023 0.0112546 0.0069694 0.0109235 
0.768361 0.0633587 0.0168434 0.119043 0.0153924 0.00697729 0.0100243 
0.853834 0.0263495 0.0382956 0.0261833 0.00539144 0.00437944 0.0455668 
0.846557 0.0294734 0.0356273 0.0439579 0.00434468 0.00517524 0.0348645 
0.834775 0.0270225 0.0328082 0.0659259 0.00918375 0.00380963 0.0264755 
0.849857 0.02372 0.0338841 0.0530159 0.00844423 0.00264406 0.028435 
0.851668 0.0155363 0.0429473 0.0323627 0.00376495 0.00300489 0.0507157 
0.851098 0.0185011 0.0395931 0.0478873 0.00389157 0.00371795 0.0353111 
0.860031 0.0217941 0.0416131 0.0232702 0.00303949 0.00359412 0.0466583 
0.862786 0.0194099 0.0406146 0.029649 0.00327048 0.00466324 0.0396072 
0.858643 0.0273924 0.0363689 0.039069 0.00449257 0.00349031 0.0305437 
0.866792 0.0286069 0.0343211 0.0317134 0.00580707 0.00336336 0.0293963 
0.860588 0.0249856 0.0433415 0.0124705 0.00284349 0.00388876 0.0518816 
0.880163 0.0249473 0.0402514 0.0138932 0.00386248 0.00294514 0.0339374 
0.872919 0.0281452 0.0354621 0.0246187 0.00556407 0.00389244 0.0293985 
0.861626 0.022413 0.0382936 0.0148671 0.00326564 0.00327921 0.0562555 
0.867575 0.0314891 0.0386506 0.0186904 0.00308944 0.00393972 0.0365656 
0.883102 0.0225744 0.0430474 0.0149883 0.00136341 0.0120398 0.0228853 
0.693069 0.0487242 0.0661161 0.0104179 0.00175066 0.137078 0.0428437 
0.744583 0.0502983 0.0504196 0.00850661 0.00224707 0.102096 0.0418492 
0.74033 0.038758 0.0504209 0.00592432 0.0018677 0.115426 0.0472734 
0.849476 0.024344 0.0404776 0.0100586 0.00176436 0.0313075 0.0425716 
0.83921 0.041934 0.0423554 0.0237625 0.00219305 0.0192692 0.0312759 
0.847149 0.044438 0.029145 0.0337121 0.00315009 0.0174168 0.0249893 
0.844903 0.0464373 0.0300852 0.045297 0.00279637 0.0117279 0.0187532 
0.815362 0.0644242 0.0192877 0.0733004 0.00743966 0.00644369 0.0137421 
0.847295 0.0536572 0.0206066 0.0504494 0.00684567 0.00676242 0.0143841 
0.764378 0.0883108 0.0182643 0.099368 0.00856814 0.00724752 0.0138629 
0.611935 0.085983 0.0135877 0.235456 0.0360207 0.00606049 0.0109578 
0.760114 0.0746785 0.0190371 0.117023 0.0112546 0.0069694 0.0109235 
0.768361 0.0633587 0.0168434 0.119043 0.0153924 0.00697729 0.0100243 
0.821708 0.0177004 0.032656 0.0946905 0.00772145 0.00616998 0.0193534 
0.750068 0.0160481 0.0294549 0.173378 0.0118904 0.00566693 0.0134944 
0.854657 0.0158627 0.0345852 0.0680458 0.00625772 0.00664459 0.0139468 
0.779606 0.0243988 0.0256457 0.134114 0.0141887 0.0056519 0.0163941 
0.819333 0.0197272 0.0318821 0.0977402 0.00672761 0.0056625 0.0189269 
0.859775 0.0147101 0.0358986 0.0541705 0.00552993 0.0057834 0.0241329 
0.861062 0.0226026 0.0251787 0.0478001 0.0146638 0.0081728 0.0205198 
0.819324 0.0177644 0.0335273 0.0894329 0.00847775 0.00901096 0.0224625 
0.806232 0.0227647 0.0340362 0.0964114 0.00680011 0.0104274 0.0233279 
0.760393 0.019743 0.0342987 0.146377 0.00843016 0.00930915 0.0214482 
0.765599 0.0190778 0.0363291 0.139282 0.00779622 0.00781996 0.0240963 
0.798545 0.016901 0.0438368 0.0944927 0.00425498 0.00602395 0.0359455 
0.765821 0.020767 0.0361099 0.139793 0.00422795 0.00680836 0.0264724 
0.802985 0.0203145 0.0400279 0.0925585 0.0051059 0.00578046 0.0332281 
0.819888 0.0188733 0.0315979 0.0914895 0.00712394 0.00742773 0.0235995 
0.793259 0.0181006 0.0346458 0.120127 0.00566952 0.00808163 0.0201165 
0.826119 0.0224218 0.0332776 0.0826142 0.00499536 0.00587644 0.0246955 
0.847132 0.0182281 0.0344861 0.068803 0.0043113 0.00602529 0.021014 
0.792234 0.0163893 0.0435569 0.104302 0.00436743 0.00652245 0.0326279 
0.802702 0.0145588 0.04449 0.094292 0.00466683 0.00724784 0.0320427 
0.818814 0.0191224 0.0366186 0.0887739 0.0061679 0.0067885 0.0237144 
0.728387 0.0189935 0.0361347 0.17934 0.00707092 0.00786643 0.022208 
0.82293 0.0133316 0.0448966 0.0848582 0.00377903 0.00550363 0.0247012 
0.819129 0.0230226 0.0342636 0.0776191 0.00647099 0.00901197 0.0304829 
0.860287 0.0185528 0.0296873 0.054578 0.0070471 0.00651128 0.023336 
0.844919 0.0191782 0.0326195 0.0645224 0.00591195 0.00558158 0.0272671 
0.865651 0.0149668 0.0328784 0.0476823 0.00516538 0.0057744 0.0278818 
0.805092 0.0269973 0.0302372 0.103446 0.00717897 0.00667457 0.0203737 
0.787247 0.0277326 0.0310737 0.117028 0.0106013 0.00605924 0.020258 
0.798142 0.0165591 0.0369542 0.10575 0.0101104 0.00501635 0.0274681 
0.853834 0.0263495 0.0382956 0.0261833 0.00539144 0.00437944 0.0455668 
0.846557 0.0294734 0.0356273 0.0439579 0.00434468 0.00517524 0.0348645 
0.834775 0.0270225 0.0328082 0.0659259 0.00918375 0.00380963 0.0264755 
0.849857 0.02372 0.0338841 0.0530159 0.00844423 0.00264406 0.028435 
0.851668 0.0155363 0.0429473 0.0323627 0.00376495 0.00300489 0.0507157 
0.851098 0.0185011 0.0395931 0.0478873 0.00389157 0.00371795 0.0353111 
0.860031 0.0217941 0.0416131 0.0232702 0.00303949 0.00359412 0.0466583 
0.862786 0.0194099 0.0406146 0.029649 0.00327048 0.00466324 0.0396072 
0.858643 0.0273924 0.0363689 0.039069 0.00449257 0.00349031 0.0305437 
0.866792 0.0286069 0.0343211 0.0317134 0.00580707 0.00336336 0.0293963 
0.860588 0.0249856 0.0433415 0.0124705 0.00284349 0.00388876 0.0518816 
0.880163 0.0249473 0.0402514 0.0138932 0.00386248 0.00294514 0.0339374 
0.872919 0.0281452 0.0354621 0.0246187 0.00556407 0.00389244 0.0293985 
0.861626 0.022413 0.0382936 0.0148671 0.00326564 0.00327921 0.0562555 
0.867575 0.0314891 0.0386506 0.0186904 0.00308944 0.00393972 0.0365656 
0.883102 0.0225744 0.0430474 0.0149883 0.00136341 0.0120398 0.0228853 
0.693069 0.0487242 0.0661161 0.0104179 0.00175066 0.137078 0.0428437 
0.744583 0.0502983 0.0504196 0.00850661 0.00224707 0.102096 0.0418492 
0.74033 0.038758 0.0504209 0.00592432 0.0018677 0.115426 0.0472734 
0.849476 0.024344 0.0404776 0.0100586 0.00176436 0.0313075 0.0425716 
0.83921 0.041934 0.0423554 0.0237625 0.00219305 0.0192692 0.0312759 
0.847149 0.044438 0.029145 0.0337121 0.00315009 0.0174168 0.0249893 
0.844903 0.0464373 0.0300852 0.045297 0.00279637 0.0117279 0.0187532 
0.815362 0.0644242 0.0192877 0.0733004 0.00743966 0.00644369 0.0137421 
0.847295 0.0536572 0.0206066 0.0504494 0.00684567 0.00676242 0.0143841 
0.764378 0.0883108 0.0182643 0.099368 0.00856814 0.00724752 0.0138629 
0.611935 0.085983 0.0135877 0.235456 0.0360207 0.00606049 0.0109578 
0.760114 0.0746785 0.0190371 0.117023 0.0112546 0.0069694 0.0109235 
0.768361 0.0633587 0.0168434 0.119043 0.0153924 0.00697729 0.0100243 
0.808637 0.019768 0.0281548 0.038763 0.00687318 0.00750507 0.090299 
0.834561 0.0186842 0.0264965 0.037838 0.00519811 0.00717639 0.0700458 
0.799773 0.0273776 0.0207573 0.0385881 0.0108788 0.012075 0.0905501 
0.781076 0.0245899 0.0235608 0.0596738 0.0100922 0.00996236 0.0910446 
0.838818 0.0284596 0.0211369 0.0297593 0.0068735 0.0101438 0.0648092 
0.810058 0.0264812 0.0216676 0.0461526 0.00996772 0.0120645 0.0736079 
0.774409 0.0222209 0.0246311 0.0382647 0.00925309 0.00908393 0.122137 
0.815052 0.0217429 0.0239614 0.059257 0.0102045 0.00783143 0.061951 
0.804639 0.0212479 0.0213993 0.0473024 0.0151176 0.0125476 0.0777465 
0.855623 0.0213386 0.0198306 0.0445445 0.0116771 0.00780814 0.0391783 
0.872831 0.0274738 0.0179518 0.0316624 0.00836023 0.00910574 0.0326153 
0.870031 0.0252215 0.0214009 0.0157782 0.00525074 0.0126144 0.0497036 
0.872886 0.0283673 0.0226972 0.014116 0.00357346 0.00809585 0.0502642 
0.832417 0.0325285 0.0183782 0.0638755 0.00689005 0.00918353 0.0367276 
0.855123 0.0357783 0.0191859 0.0221194 0.00617743 0.0110835 0.0505321 
0.850468 0.018952 0.0251816 0.0341544 0.0107848 0.00654093 0.0539179 
0.837491 0.0201027 0.0243831 0.0286404 0.00751827 0.00981037 0.0720543 
0.846759 0.021576 0.0249868 0.0280085 0.00751462 0.0100905 0.061065 
0.844496 0.0274952 0.0211991 0.0410174 0.012198 0.0156623 0.0379316 
0.823473 0.0194629 0.0267463 0.0519397 0.0110963 0.0142816 0.0530001 
0.847458 0.0185247 0.0272237 0.0328752 0.00634235 0.00975983 0.0578161 
0.770355 0.0286194 0.0179031 0.117191 0.0233376 0.0123741 0.0302204 
0.827603 0.0292106 0.0185964 0.0529966 0.0220322 0.0131117 0.0364491 
0.81058 0.0287729 0.0196389 0.0657744 0.0152568 0.0118834 0.0480935 
0.814451 0.0224984 0.0228889 0.0460224 0.0104642 0.0111449 0.07253 
0.859399 0.0233517 0.0181819 0.0504426 0.0130484 0.00806025 0.0275158 
0.860629 0.0213115 0.0190347 0.0433547 0.0182474 0.00837155 0.0290514 
0.849203 0.0206109 0.0201011 0.0517686 0.0176156 0.00860166 0.0320993 
0.856385 0.0213236 0.0198248 0.0442213 0.0145262 0.0104857 0.0332337 
0.847292 0.0214167 0.0235068 0.0406738 0.0114304 0.00965932 0.0460206 
0.735056 0.029703 0.0177272 0.168367 0.011819 0.00754623 0.029782 
0.833794 0.0235872 0.0205131 0.0670817 0.00924409 0.0098281 0.0359514 
0.826082 0.0280753 0.0176493 0.0627344 0.0226672 0.0105613 0.0322306 
0.81328 0.0275869 0.0237615 0.0573903 0.00882928 0.0108728 0.0582791 
0.80979 0.0203715 0.025106 0.0845118 0.00944937 0.00788311 0.042888 
0.846556 0.0208016 0.0262869 0.0540816 0.00590337 0.0102639 0.0361062 
0.812434 0.0201861 0.0260879 0.0767752 0.00974055 0.00700686 0.0477689 
0.820902 0.0200442 0.025531 0.031606 0.00716816 0.0110284 0.0837198 
0.791918 0.026604 0.02273 0.0359314 0.010742 0.0174798 0.094595 
0.825033 0.0241752 0.0238705 0.0405403 0.00807583 0.00850312 0.0698018 
0.80278 0.0194514 0.026476 0.0319344 0.00733544 0.0105579 0.101465 
0.813355 0.0229121 0.0235162 0.0578179 0.00961198 0.0118222 0.0609652 
0.819513 0.0294721 0.0227404 0.0649163 0.00872578 0.00665341 0.0479789 
0.790856 0.0221014 0.0188329 0.130141 0.00948572 0.00561229 0.0229702 
0.79013 0.0261149 0.0185059 0.119488 0.0105897 0.00721263 0.0279593 
0.789394 0.0255401 0.0215573 0.119734 0.0120796 0.00579138 0.0259036 
0.81135 0.0239182 0.0229001 0.0995304 0.0082197 0.00545946 0.0286223 
0.861165 0.0226829 0.0249852 0.0548221 0.00610836 0.00558835 0.0246479 
0.784782 0.0318919 0.0261383 0.0914231 0.00862702 0.0121327 0.045005 
0.816604 0.0184725 0.02954 0.0592462 0.00847378 0.00996736 0.0576963 
0.810446 0.0237189 0.0219612 0.0942692 0.0152452 0.00772725 0.0266319 
0.826228 0.0214044 0.0222847 0.0893036 0.00792883 0.0106807 0.0221698 
0.830953 0.0231772 0.0235899 0.0737415 0.00838409 0.00858724 0.0315668 
0.810308 0.0221522 0.023926 0.0926232 0.00847919 0.00484885 0.0376624 
0.806873 0.0141545 0.0328682 0.0766424 0.00720945 0.00373964 0.058513 
0.725987 0.0246521 0.0203266 0.134833 0.0164226 0.0064904 0.0712892 
0.802973 0.0262938 0.0239969 0.0475917 0.0070435 0.00780963 0.0842913 
0.807354 0.0240932 0.019904 0.0865965 0.0111973 0.00808771 0.0427673 
0.797243 0.0257739 0.0176521 0.0875726 0.0172386 0.00903058 0.0454897 
0.835532 0.0278855 0.0168705 0.0694772 0.00948834 0.00572599 0.0350203 
0.699946 0.0292735 0.0235109 0.0485743 0.00905726 0.0117141 0.177924 
0.745261 0.0235167 0.0229581 0.072396 0.0190888 0.0107853 0.105994 
0.770268 0.0262078 0.0221268 0.0695135 0.0165452 0.0095067 0.0858321 
0.83863 0.0180715 0.0263264 0.0307719 0.00569889 0.00547847 0.0750228 
0.790704 0.0191012 0.0197199 0.122485 0.0135019 0.00543932 0.0290482 
0.832223 0.0219703 0.0206389 0.0719113 0.0104894 0.00678957 0.0359778 
0.842746 0.0168905 0.0210732 0.0799281 0.0106808 0.00438686 0.024295 
0.860648 0.0176203 0.0260603 0.0452125 0.00575319 0.00661409 0.0380916 
0.774659 0.0192859 0.0277649 0.130868 0.00750675 0.012783 0.027132 
0.71205 0.0186216 0.0364385 0.19274 0.00700188 0.0130534 0.0200946 
0.85845 0.0164848 0.0349 0.0270039 0.00388385 0.0214889 0.0377889 
0.764492 0.0196378 0.0368659 0.108258 0.00948724 0.0286325 0.0326264 
0.808835 0.020274 0.032445 0.0882749 0.00732106 0.0118053 0.0310452 
0.780185 0.018234 0.0369509 0.0999207 0.0077911 0.0137743 0.0431445 
0.737578 0.0278532 0.0222446 0.172143 0.0128882 0.00925613 0.018037 
0.735056 0.029703 0.0177272 0.168367 0.011819 0.00754623 0.029782 
0.833794 0.0235872 0.0205131 0.0670817 0.00924409 0.0098281 0.0359514 
0.826082 0.0280753 0.0176493 0.0627344 0.0226672 0.0105613 0.0322306 
0.81328 0.0275869 0.0237615 0.0573903 0.00882928 0.0108728 0.0582791 
0.80979 0.0203715 0.025106 0.0845118 0.00944937 0.00788311 0.042888 
0.846556 0.0208016 0.0262869 0.0540816 0.00590337 0.0102639 0.0361062 
0.812434 0.0201861 0.0260879 0.0767752 0.00974055 0.00700686 0.0477689 
0.820902 0.0200442 0.025531 0.031606 0.00716816 0.0110284 0.0837198 
0.791918 0.026604 0.02273 0.0359314 0.010742 0.0174798 0.094595 
0.825033 0.0241752 0.0238705 0.0405403 0.00807583 0.00850312 0.0698018 
0.80278 0.0194514 0.026476 0.0319344 0.00733544 0.0105579 0.101465 
0.813355 0.0229121 0.0235162 0.0578179 0.00961198 0.0118222 0.0609652 
0.819513 0.0294721 0.0227404 0.0649163 0.00872578 0.00665341 0.0479789 
0.790856 0.0221014 0.0188329 0.130141 0.00948572 0.00561229 0.0229702 
0.79013 0.0261149 0.0185059 0.119488 0.0105897 0.00721263 0.0279593 
0.789394 0.0255401 0.0215573 0.119734 0.0120796 0.00579138 0.0259036 
0.81135 0.0239182 0.0229001 0.0995304 0.0082197 0.00545946 0.0286223 
0.861165 0.0226829 0.0249852 0.0548221 0.00610836 0.00558835 0.0246479 
0.784782 0.0318919 0.0261383 0.0914231 0.00862702 0.0121327 0.045005 
0.816604 0.0184725 0.02954 0.0592462 0.00847378 0.00996736 0.0576963 
0.810446 0.0237189 0.0219612 0.0942692 0.0152452 0.00772725 0.0266319 
0.826228 0.0214044 0.0222847 0.0893036 0.00792883 0.0106807 0.0221698 
0.830953 0.0231772 0.0235899 0.0737415 0.00838409 0.00858724 0.0315668 
0.810308 0.0221522 0.023926 0.0926232 0.00847919 0.00484885 0.0376624 
0.806873 0.0141545 0.0328682 0.0766424 0.00720945 0.00373964 0.058513 
0.725987 0.0246521 0.0203266 0.134833 0.0164226 0.0064904 0.0712892 
0.802973 0.0262938 0.0239969 0.0475917 0.0070435 0.00780963 0.0842913 
0.807354 0.0240932 0.019904 0.0865965 0.0111973 0.00808771 0.0427673 
0.797243 0.0257739 0.0176521 0.0875726 0.0172386 0.00903058 0.0454897 
0.835532 0.0278855 0.0168705 0.0694772 0.00948834 0.00572599 0.0350203 
0.699946 0.0292735 0.0235109 0.0485743 0.00905726 0.0117141 0.177924 
0.745261 0.0235167 0.0229581 0.072396 0.0190888 0.0107853 0.105994 
0.770268 0.0262078 0.0221268 0.0695135 0.0165452 0.0095067 0.0858321 
0.83863 0.0180715 0.0263264 0.0307719 0.00569889 0.00547847 0.0750228 
0.790704 0.0191012 0.0197199 0.122485 0.0135019 0.00543932 0.0290482 
0.832223 0.0219703 0.0206389 0.0719113 0.0104894 0.00678957 0.0359778 
0.842746 0.0168905 0.0210732 0.0799281 0.0106808 0.00438686 0.024295 
0.860648 0.0176203 0.0260603 0.0452125 0.00575319 0.00661409 0.0380916 
0.774659 0.0192859 0.0277649 0.130868 0.00750675 0.012783 0.027132 
0.71205 0.0186216 0.0364385 0.19274 0.00700188 0.0130534 0.0200946 
0.85845 0.0164848 0.0349 0.0270039 0.00388385 0.0214889 0.0377889 
0.764492 0.0196378 0.0368659 0.108258 0.00948724 0.0286325 0.0326264 
0.808835 0.020274 0.032445 0.0882749 0.00732106 0.0118053 0.0310452 
0.780185 0.018234 0.0369509 0.0999207 0.0077911 0.0137743 0.0431445 
0.737578 0.0278532 0.0222446 0.172143 0.0128882 0.00925613 0.018037 
0.869604 0.0197996 0.0283242 0.0381501 0.00739212 0.00510739 0.0316227 
0.870274 0.0207945 0.0237917 0.0420955 0.01112 0.00625708 0.0256676 
0.875742 0.0299361 0.0261208 0.030437 0.00619337 0.00653947 0.0250316 
0.813131 0.0216757 0.0308634 0.088055 0.00661948 0.00604584 0.0336098 
0.871987 0.0197201 0.0297353 0.0403962 0.00594664 0.0060566 0.0261577 
0.848626 0.0322329 0.0196564 0.0613231 0.0148453 0.00727809 0.0160386 
0.871648 0.0276514 0.0237067 0.0428183 0.00697059 0.00829447 0.018911 
0.888622 0.0230882 0.0279695 0.0265787 0.00556203 0.00723217 0.0209477 
0.855579 0.0346635 0.0288496 0.0386567 0.00730798 0.00798333 0.0269597 
0.83647 0.0234173 0.0279093 0.0613586 0.0118985 0.00722492 0.0317216 
0.840832 0.0298402 0.0228889 0.0549336 0.0158255 0.00772686 0.0279532 
0.854935 0.0250216 0.0269437 0.0337887 0.0119032 0.00976544 0.037642 
0.85042 0.0234514 0.0251187 0.0493903 0.0132346 0.00955935 0.0288252 
0.881246 0.0206999 0.0286177 0.0284594 0.00552219 0.0059762 0.0294791 
0.857971 0.0218761 0.0304478 0.0401377 0.00863038 0.00677058 0.034166 
0.851198 0.0182767 0.0341118 0.0259662 0.00806758 0.0100192 0.0523603 
0.860279 0.015765 0.0354737 0.047464 0.00609152 0.0041152 0.0308113 
0.847077 0.0207659 0.0275749 0.0562653 0.0089842 0.00683827 0.0324946 
0.873744 0.0167641 0.0306513 0.0428599 0.00517789 0.00580663 0.0249958 
0.879588 0.018911 0.0282283 0.0412769 0.00563828 0.00594571 0.0204119 
0.869021 0.0141401 0.0408684 0.0442871 0.00273789 0.00431498 0.0246307 
0.863808 0.0215269 0.0287728 0.0500647 0.0057809 0.00796859 0.0220783 
0.877927 0.0239038 0.0263963 0.0333632 0.00639976 0.00818679 0.0238236 
0.858463 0.0233952 0.0320215 0.0257132 0.00699274 0.00947414 0.0439406 
0.867022 0.0227245 0.0278925 0.0312265 0.00493162 0.00855214 0.0376509 
0.864976 0.02414 0.0313315 0.0415215 0.0054542 0.00727131 0.0253054 
0.840084 0.0193268 0.0300793 0.0624118 0.00765501 0.00884574 0.0315977 
0.858108 0.0244961 0.029126 0.0278563 0.00482305 0.00900006 0.0465907 
0.860159 0.0233789 0.0300849 0.030521 0.00820971 0.00701083 0.0406361 
0.846289 0.0302856 0.0240355 0.0461158 0.0133317 0.0070128 0.0329298 
0.697111 0.0212905 0.0552253 0.177352 0.00356226 0.0285416 0.016917 
0.677263 0.0273559 0.0457858 0.173597 0.0064713 0.0498074 0.0197202 
0.639228 0.0358364 0.0567109 0.123532 0.00442995 0.112445 0.0278178 
0.695262 0.0309518 0.0440188 0.0978831 0.0076954 0.100531 0.0236578 
0.7625 0.0411301 0.0358894 0.0704074 0.00616933 0.0684573 0.0154461 
0.677879 0.0326075 0.041434 0.147178 0.0101831 0.0721637 0.018555 
0.747666 0.0423523 0.0359343 0.0613904 0.00804793 0.0826061 0.0220032 
0.794124 0.02968 0.0355532 0.0698427 0.00609587 0.0448303 0.0198741 
0.85245 0.0165131 0.0427734 0.0337564 0.00424589 0.0266368 0.0236247 
0.810338 0.0237885 0.0310197 0.0837666 0.0100957 0.0253139 0.0156771 
0.789475 0.0273939 0.037851 0.0978584 0.00544594 0.0238961 0.0180792 
0.810632 0.02277 0.0435347 0.0639515 0.00579329 0.0275644 0.0257544 
0.794464 0.0242767 0.0379959 0.0744679 0.00712611 0.0329232 0.0287461 
0.826285 0.0179092 0.0420499 0.0441034 0.00541621 0.0329296 0.0313072 
0.786665 0.0158266 0.0486204 0.0513378 0.00504569 0.041302 0.0512027 
0.728807 0.0195008 0.0431202 0.134098 0.00729931 0.0368822 0.0302926 
0.719545 0.0223838 0.0411158 0.132541 0.00970231 0.0432183 0.0314936 
0.737794 0.0217343 0.0420237 0.114452 0.00852317 0.0310535 0.04442 
0.785633 0.0338789 0.0288167 0.10395 0.00589136 0.0208889 0.0209406 
0.830177 0.0167594 0.0391348 0.0565453 0.00380365 0.0194418 0.0341384 
0.833768 0.0182609 0.0359778 0.0415392 0.00474697 0.0285651 0.0371421 
0.81251 0.0160552 0.0443031 0.069697 0.00445837 0.0269521 0.0260238 
0.799947 0.0174499 0.0425136 0.075005 0.00449292 0.0310117 0.0295801 
0.815865 0.0201899 0.0418771 0.0431155 0.00211051 0.0364027 0.0404389 
0.747227 0.0185711 0.0490012 0.121755 0.00504721 0.0273682 0.0310309 
0.805191 0.0169556 0.0436193 0.0674481 0.00450297 0.0313692 0.0309143 
0.743899 0.0200111 0.0421062 0.127545 0.0065915 0.0277868 0.0320598 
0.638534 0.0223153 0.0349638 0.256452 0.00997714 0.0156275 0.0221297 
0.743026 0.0199283 0.0386926 0.146938 0.00394736 0.0174833 0.0299845 
0.731165 0.0190027 0.0368384 0.168007 0.00420902 0.0128338 0.0279448 
0.75825 0.0175198 0.0351839 0.130346 0.00594069 0.0240052 0.0287542 
0.713114 0.0176939 0.0306641 0.191573 0.00912205 0.0150915 0.0227411 
0.569977 0.0191866 0.0285971 0.334477 0.010352 0.0163043 0.0211058 
0.468597 0.0160777 0.0440911 0.395847 0.0109229 0.0202621 0.0442024 
0.547631 0.0151746 0.0410214 0.329882 0.00969664 0.0214656 0.035129 
0.569513 0.0144606 0.0346899 0.333023 0.0151568 0.0126531 0.020504 
0.67274 0.0195248 0.0328519 0.216237 0.018495 0.0153932 0.0247583 
0.706578 0.0220188 0.0345632 0.1838 0.0108972 0.0134012 0.028742 
0.697754 0.0178139 0.0367675 0.204743 0.00889248 0.0103527 0.0236765 
0.650382 0.0209632 0.0206401 0.257474 0.0253952 0.014082 0.0110638 
0.602251 0.0157109 0.0289798 0.323765 0.0082287 0.00616776 0.0148964 
0.632991 0.0173371 0.0287161 0.279259 0.0147452 0.00978255 0.0171691 
0.686797 0.0128812 0.0373938 0.237316 0.00808305 0.00547193 0.0120567 
0.565009 0.012658 0.0397216 0.34653 0.00966756 0.00747714 0.0189368 
0.598611 0.0235518 0.0229238 0.324474 0.0131112 0.0060734 0.0112549 
0.75516 0.0165863 0.0347674 0.158202 0.0076056 0.00917766 0.0185011 
0.560842 0.0137534 0.026347 0.365885 0.0121418 0.00935215 0.0116789 
0.672173 0.0181974 0.0253392 0.257556 0.0106843 0.00799287 0.00805774 
0.648538 0.0163501 0.0265059 0.279738 0.0133819 0.00660197 0.00888381 
0.669056 0.0397683 0.0192436 0.231896 0.0185985 0.0117692 0.00966754 
0.758206 0.0190982 0.0247479 0.16338 0.0140357 0.0111062 0.00942692 
0.64898 0.0357772 0.0188674 0.256239 0.0161802 0.0126307 0.0113254 
0.741624 0.026075 0.0232627 0.161798 0.0242742 0.00716081 0.0158057 
0.746326 0.0276514 0.0229573 0.165797 0.0177109 0.00537552 0.0141819 
0.791501 0.0258409 0.0312324 0.115995 0.0111744 0.00632501 0.017931 
0.845447 0.022096 0.0324273 0.0592373 0.0103055 0.00670191 0.0237849 
0.814405 0.0240242 0.028498 0.0979007 0.0110664 0.00848026 0.0156258 
0.773966 0.0331093 0.021965 0.135078 0.0144575 0.00831241 0.0131121 
0.766355 0.0374437 0.0224093 0.130523 0.0182191 0.00908243 0.015968 
0.783523 0.0260185 0.0347251 0.121112 0.00826997 0.00684771 0.0195042 
0.755658 0.038783 0.0264098 0.146972 0.0102466 0.00837495 0.0135547 
0.700172 0.0237666 0.0271157 0.205599 0.0210061 0.0067995 0.0155405 
0.762005 0.0267396 0.0332096 0.145647 0.00687194 0.00625243 0.0192746 
0.786928 0.0185541 0.0398797 0.126102 0.0052197 0.00643409 0.0168829 
0.717054 0.0363945 0.0244047 0.188336 0.00994173 0.00840675 0.0154627 
0.802717 0.0282464 0.0311322 0.105547 0.00679877 0.00647087 0.0190876 
0.734052 0.0275198 0.0269432 0.177587 0.0126376 0.00687854 0.0143823 
0.626941 0.0283846 0.0228764 0.284191 0.0195017 0.00616849 0.011936 
0.698249 0.0290675 0.0307399 0.208 0.0100425 0.00647087 0.0174301 
0.793439 0.0169463 0.0389505 0.108101 0.00819643 0.0065394 0.0278274 
0.71788 0.0342302 0.021009 0.172241 0.0343903 0.00652046 0.0137289 
0.774986 0.0308162 0.0276825 0.119318 0.0170429 0.00828741 0.0218663 
0.765479 0.0271617 0.0261382 0.146863 0.0119435 0.00688408 0.0155313 
0.763885 0.0286816 0.0283769 0.138815 0.009301 0.00977964 0.0211608 
0.763167 0.0309904 0.0261715 0.142752 0.0115007 0.00772635 0.0176926 
0.829871 0.0304774 0.0266237 0.0775817 0.0119103 0.00761761 0.0159187 
0.74574 0.0283916 0.0269779 0.144704 0.0266188 0.00941487 0.0181533 
0.722562 0.0354344 0.0213608 0.170024 0.0279041 0.00767806 0.0150372 
0.774951 0.0233878 0.0287254 0.135793 0.0126067 0.00616066 0.0183755 
0.738184 0.0252941 0.02552 0.162969 0.0183572 0.00686265 0.0228129 
0.777733 0.028921 0.0211675 0.12154 0.0238862 0.00738713 0.0193646 
0.766175 0.0249858 0.0295157 0.141261 0.0101552 0.00590496 0.0220019 
0.775032 0.0191892 0.0437938 0.101246 0.0138501 0.00314647 0.0437421 
0.788492 0.0166082 0.051644 0.0821 0.00849811 0.00355851 0.0490988 
0.735249 0.0240107 0.038871 0.159725 0.00926264 0.00338323 0.0294983 
0.682294 0.0217345 0.0301113 0.22924 0.0106235 0.00399929 0.0219981 
0.786877 0.0221714 0.0311855 0.1272 0.00727122 0.0036264 0.0216693 
0.787214 0.0237499 0.0342528 0.109421 0.0104644 0.00486023 0.0300378 
0.824103 0.0181828 0.0393259 0.0732539 0.00811928 0.0033966 0.033618 
0.79324 0.0177926 0.0396826 0.10642 0.00814247 0.00327802 0.0314447 
0.759345 0.019801 0.0398953 0.148538 0.00624536 0.0027339 0.0234409 
0.66169 0.0198651 0.0353244 0.238404 0.0123104 0.00344629 0.0289596 
0.741587 0.0168397 0.0478793 0.149608 0.00806231 0.00228767 0.0337351 
0.829575 0.0170649 0.0388723 0.0584604 0.00687387 0.00335103 0.0458028 
0.804677 0.01774 0.0461763 0.0845675 0.00480518 0.00461881 0.0374155 
0.790653 0.0195072 0.0345272 0.120151 0.00810153 0.00377763 0.0232833 
0.790617 0.0140864 0.0363767 0.116493 0.0106703 0.00311002 0.0286465 
0.79467 0.0193666 0.0338865 0.113516 0.00810739 0.00403684 0.0264175 
0.843134 0.017238 0.0330828 0.0563999 0.00543796 0.00429255 0.0404153 
0.813406 0.0148845 0.0386436 0.091611 0.00493044 0.00376763 0.0327564 
0.760297 0.0192359 0.0331841 0.141531 0.00972741 0.00459089 0.031434 
0.780266 0.016931 0.0262328 0.119507 0.0157013 0.00424394 0.0371182 
0.781978 0.0158146 0.0407122 0.105835 0.00950364 0.00343995 0.0427168 
0.781588 0.0198868 0.0348563 0.128503 0.00904902 0.00281919 0.0232975 
0.809498 0.0138662 0.0351826 0.10307 0.00950519 0.00297129 0.0259061 
0.801042 0.01341 0.0322365 0.11406 0.0106515 0.00264875 0.0259515 
0.794962 0.0140926 0.033841 0.120617 0.00912618 0.0036466 0.0237151 
0.843596 0.0194707 0.0355173 0.0586107 0.00815966 0.00331542 0.0313298 
0.829674 0.0138029 0.0414702 0.0716864 0.00601762 0.00259862 0.0347502 
0.822573 0.016711 0.0416443 0.0815429 0.00596899 0.00354688 0.0280125 
0.815294 0.0142316 0.0308378 0.0980975 0.0131547 0.0037656 0.0246187 
0.82871 0.0211068 0.0311225 0.0698517 0.0112175 0.00314748 0.0348442 
0.7015 0.0252411 0.0353346 0.156583 0.00391291 0.0191585 0.0582693 
0.679613 0.0495327 0.0244773 0.197369 0.00533906 0.0151313 0.0285382 
0.781221 0.0386609 0.0264046 0.0985722 0.00516117 0.0120381 0.0379418 
0.772603 0.0477205 0.0245754 0.0979237 0.00565103 0.0119374 0.0395885 
0.543859 0.0498272 0.0170607 0.3355 0.0165855 0.0112993 0.0258685 
0.705522 0.0581002 0.0165674 0.157229 0.0192055 0.011309 0.0320671 
0.667637 0.0449293 0.0156821 0.217844 0.0153409 0.0112555 0.0273112 
0.522847 0.0741539 0.0136381 0.333639 0.0197559 0.0143286 0.0216382 
0.704344 0.0676017 0.0133634 0.163748 0.0253564 0.00796486 0.0176218 
0.657444 0.0593484 0.0166477 0.227646 0.0131446 0.0066315 0.0191374 
0.622825 0.0591137 0.0144372 0.265362 0.014275 0.0093606 0.0146263 
0.664618 0.0816956 0.0161843 0.177224 0.0294979 0.0113491 0.0194313 
0.702318 0.0851175 0.0146024 0.150925 0.0235765 0.00663312 0.0168277 
0.7148 0.0911294 0.0166549 0.132658 0.0173038 0.00938856 0.0180653 
0.70019 0.0685685 0.0121125 0.143734 0.0511975 0.00949018 0.014707 
0.621843 0.0589528 0.0135315 0.248832 0.0313945 0.0104809 0.0149655 
0.665305 0.0867572 0.0124485 0.188486 0.0299849 0.00645737 0.0105605 
0.750554 0.0905347 0.0174302 0.106446 0.0108572 0.00727804 0.016899 
0.687529 0.11723 0.0143431 0.141935 0.0140711 0.00819878 0.016693 
0.714118 0.122731 0.0170611 0.111364 0.00887964 0.00904093 0.0168056 
0.755656 0.0907374 0.0170468 0.0966577 0.0110702 0.00767772 0.0211545 
0.727337 0.0949723 0.0152788 0.126336 0.0116252 0.00693529 0.0175158 
0.712179 0.0728978 0.0166448 0.166597 0.00697196 0.00764157 0.0170685 
0.752875 0.0587499 0.0201208 0.132375 0.00421449 0.00946872 0.0221965 
0.77001 0.0814859 0.0137528 0.0835803 0.0153975 0.0104288 0.0253445 
0.758112 0.0776536 0.0131718 0.0984659 0.0202433 0.00914585 0.0232077 
0.79894 0.0754827 0.014805 0.0748637 0.010215 0.00706351 0.0186303 
0.798161 0.0682763 0.0173812 0.0748122 0.00770727 0.00971658 0.0239452 
0.790955 0.0709341 0.0150013 0.0732291 0.015084 0.0128879 0.0219089 
0.840611 0.0382852 0.0210911 0.0563754 0.00679357 0.00835697 0.0284865 
0.811585 0.0554738 0.0201728 0.0535633 0.0128731 0.00732433 0.0390081 
0.777091 0.0799158 0.014015 0.0771989 0.0249611 0.006318 0.0205007 
0.818828 0.0520958 0.0161481 0.0535898 0.0309566 0.00684723 0.0215342 
0.812895 0.0498815 0.0186708 0.0511453 0.0243436 0.010636 0.0324277 
0.753917 0.0518764 0.0172713 0.104632 0.031478 0.0109352 0.0298892 
0.808158 0.0481178 0.021194 0.0607122 0.0150953 0.0105958 0.0361271 
0.712427 0.0765846 0.0163777 0.104342 0.0390835 0.0175702 0.0336157 
0.717483 0.0848751 0.01442 0.118908 0.0307149 0.0110112 0.0225875 
0.752822 0.0483398 0.0172321 0.105659 0.030972 0.0105357 0.0344391 
0.721877 0.0517064 0.017099 0.109981 0.0465905 0.0152989 0.0374475 
0.797258 0.0481209 0.0161814 0.055918 0.0344877 0.00866018 0.0393738 
0.810958 0.0440083 0.01627 0.0637664 0.0195058 0.0108393 0.0346521 
0.747614 0.0434601 0.0189422 0.10835 0.0205421 0.0144842 0.0466075 
0.806221 0.0428041 0.0214643 0.0735969 0.0128348 0.00781056 0.0352684 
0.786401 0.0713376 0.0172486 0.0631462 0.0208198 0.0099085 0.0311382 
0.833088 0.0571234 0.016255 0.0433187 0.0181824 0.00998604 0.0220463 
0.803068 0.0658179 0.0176307 0.0562924 0.0170239 0.0109244 0.0292425 
0.818373 0.0419292 0.0214012 0.0577348 0.0169334 0.00912192 0.0345066 
0.804562 0.0482511 0.0155092 0.0789301 0.0285817 0.0066188 0.0175474 
0.64918 0.0670314 0.00960341 0.175183 0.0782869 0.00561972 0.0150959 
0.767933 0.0357308 0.0178072 0.150275 0.0121622 0.00250351 0.0135879 
0.701711 0.0475045 0.015156 0.172317 0.0363323 0.00701551 0.0199633 
0.757078 0.0442504 0.0140588 0.137385 0.0189604 0.00881749 0.0194503 
0.712803 0.0503298 0.0136609 0.144342 0.0499038 0.00850227 0.0204588 
0.706395 0.0367986 0.0153751 0.171079 0.0446889 0.00659778 0.0190658 
0.721959 0.0401511 0.0164066 0.160981 0.0300443 0.00763094 0.0228276 
0.734122 0.0470261 0.0173273 0.134415 0.0302104 0.00891481 0.0279836 
0.815052 0.0335518 0.0190691 0.0811442 0.013579 0.00576724 0.0318363 
0.786163 0.0482595 0.0189328 0.0970211 0.0147728 0.00612844 0.0287227 
0.800584 0.0412454 0.0161822 0.114653 0.0115008 0.00273343 0.0131008 
0.76119 0.0676421 0.0192192 0.119521 0.00873689 0.00407993 0.0196107 
0.777649 0.0484228 0.0205312 0.122302 0.00779794 0.00403637 0.0192607 
0.787814 0.0368292 0.0229588 0.117574 0.00585965 0.00536809 0.0235959 
0.828142 0.0444207 0.0253779 0.0640329 0.00594934 0.00690773 0.0251697 
0.787799 0.0609885 0.02091 0.0969513 0.00806967 0.00629768 0.0189837 
0.788472 0.0728268 0.0214931 0.0843036 0.00714775 0.00644265 0.0193145 
0.812888 0.0455162 0.0197769 0.0907128 0.00720875 0.00696045 0.0169373 
0.752845 0.0646151 0.0181027 0.128386 0.012959 0.00832665 0.0147659 
0.817847 0.0534686 0.0198938 0.0711235 0.0100706 0.00876231 0.0188341 
0.822766 0.0515581 0.0204222 0.0689778 0.00817836 0.00713658 0.0209613 
0.836061 0.0488714 0.0200862 0.0589438 0.0105121 0.00508271 0.0204425 
0.852757 0.0411216 0.0220639 0.0458513 0.00659165 0.00715968 0.0244553 
0.816428 0.0507191 0.021303 0.0772544 0.00772475 0.00702987 0.0195407 
0.796154 0.0479837 0.0207849 0.0937826 0.0133166 0.0059276 0.0220507 
0.840374 0.0417653 0.0209013 0.0618381 0.00823284 0.00546947 0.0214194 
0.79836 0.0476581 0.019555 0.0918618 0.012319 0.00793043 0.0223161 
0.78888 0.0497424 0.0228624 0.0889077 0.0107313 0.00562237 0.0332542 
0.831673 0.0353115 0.0252799 0.0552818 0.00916019 0.00797784 0.0353161 
0.798142 0.0513772 0.0211238 0.0824314 0.0144445 0.00782003 0.0246607 
0.79337 0.051967 0.0214116 0.099627 0.0106586 0.00637796 0.0165875 
0.799317 0.0569468 0.0220816 0.0637879 0.0131467 0.00988184 0.0348386 
0.804574 0.0541596 0.0207241 0.0684657 0.016334 0.00850235 0.0272402 
0.782734 0.044353 0.0186399 0.112723 0.0157635 0.00577522 0.0200115 
0.792487 0.0665757 0.0181181 0.0716828 0.0123355 0.0113572 0.0274441 
0.789148 0.0676034 0.0180932 0.0792269 0.0140289 0.00841103 0.0234881 
0.800225 0.0611018 0.0206523 0.0671509 0.0151324 0.00785559 0.0278815 
0.817529 0.0621112 0.0219586 0.0514096 0.0102131 0.00896356 0.027815 
0.81989 0.060029 0.0210463 0.058043 0.00854358 0.00843614 0.0240122 
0.835649 0.0486921 0.0240839 0.0388133 0.0146889 0.00803305 0.0300395 
0.865238 0.0379047 0.0224784 0.0414918 0.00945574 0.00404719 0.0193845 
0.798326 0.0631587 0.0196557 0.0535734 0.0319689 0.007332 0.0259856 
0.755066 0.0394196 0.0181019 0.109333 0.0460873 0.00740175 0.02459 
0.717767 0.0414964 0.0166267 0.148853 0.0443287 0.00579883 0.0251287 
0.737342 0.0242671 0.0199793 0.164364 0.0281655 0.00453628 0.0213451 
0.746934 0.0437007 0.0178983 0.127005 0.0329715 0.00520389 0.0262868 
0.703693 0.0501604 0.0167822 0.146574 0.0550007 0.00689526 0.020894 
0.662592 0.0580842 0.0132099 0.204144 0.043342 0.00415138 0.0144762 
0.700567 0.074249 0.0155278 0.172587 0.0205717 0.00388921 0.0126083 
0.611799 0.0508667 0.012589 0.276618 0.0283415 0.00225422 0.0175324 
0.713899 0.0515622 0.0155644 0.167586 0.0257082 0.00307102 0.022609 
0.68259 0.0569503 0.0123844 0.159556 0.0604303 0.00415925 0.0239292 
0.664841 0.0356594 0.013214 0.22867 0.0363413 0.00301792 0.0182565 
0.734009 0.040745 0.0138126 0.151255 0.0336555 0.00329758 0.0232255 
0.690619 0.0350955 0.014548 0.219552 0.0204059 0.00272453 0.0170558 
0.65639 0.0764799 0.0142061 0.213163 0.0179945 0.00504587 0.0167208 
0.494179 0.0459412 0.00975642 0.40671 0.03114 0.00232565 0.0099472 
0.731256 0.0580346 0.0133286 0.171915 0.00844132 0.0041772 0.0128472 
0.685402 0.0765626 0.0114935 0.19551 0.0167742 0.00332661 0.0109314 
0.679345 0.0885564 0.0130588 0.18373 0.0171217 0.00434116 0.0138466 
0.709324 0.0548455 0.0131872 0.18116 0.0160022 0.00630839 0.0191728 
0.680807 0.0452058 0.0103858 0.185596 0.0545666 0.00394995 0.019488 
0.754196 0.041437 0.0138342 0.151601 0.0183304 0.00320482 0.0173971 
0.712329 0.0442121 0.0153237 0.19356 0.0112216 0.00319577 0.0201577 
0.709424 0.0387541 0.0141059 0.199635 0.0143697 0.00422183 0.0194896 
0.77081 0.0475073 0.0145362 0.127045 0.0131517 0.00701541 0.0199347 
0.496325 0.0339132 0.0141247 0.426204 0.0143692 0.00282666 0.0122373 
0.579842 0.0504115 0.0111896 0.282884 0.0544796 0.00600969 0.0151832 
0.746981 0.0544568 0.013751 0.11622 0.0376246 0.00615438 0.0248124 
0.700216 0.0716223 0.0147758 0.167845 0.0192478 0.00330009 0.0229933 
0.707961 0.0449557 0.0202905 0.181801 0.0120775 0.00283648 0.0300781 
0.704906 0.0329603 0.0159234 0.183246 0.0300073 0.00438267 0.0285734 
0.740403 0.0273151 0.0134467 0.157138 0.0340452 0.00369978 0.0239529 
0.699282 0.0278808 0.0126913 0.19915 0.0417502 0.00292772 0.0163179 
0.8021 0.0539614 0.0144913 0.0782897 0.0214313 0.00431886 0.0254075 
0.687675 0.0390036 0.0114731 0.183265 0.0516316 0.00429613 0.0226549 
0.717564 0.0434329 0.0138519 0.172219 0.0271084 0.00374357 0.0220802 
0.757825 0.0356772 0.0160046 0.141515 0.0211693 0.00344382 0.0243645 
0.726813 0.025658 0.0149139 0.183023 0.0243463 0.00321053 0.0220351 
0.767602 0.0346167 0.0178174 0.134513 0.0133756 0.00435181 0.0277237 
0.788806 0.0312457 0.0148714 0.12242 0.0227082 0.00295546 0.0169938 
0.705989 0.0405538 0.0113997 0.200511 0.0274275 0.00251332 0.0116064 
0.675757 0.0264514 0.0102826 0.225195 0.0480096 0.00246103 0.0118431 
0.653979 0.0348744 0.0117729 0.242256 0.0416847 0.0030541 0.0123795 
0.720388 0.0344119 0.016858 0.194115 0.0119089 0.00173332 0.0205847 
0.746058 0.0355573 0.0149474 0.131422 0.0424516 0.00304264 0.026521 
0.73269 0.0302476 0.0161276 0.143536 0.0349912 0.00376149 0.0386458 
0.725128 0.02845 0.0135659 0.174939 0.0339411 0.00328108 0.0206954 
0.707214 0.0310024 0.0144443 0.164759 0.0490707 0.00387505 0.0296349 
0.7252 0.0299545 0.0141986 0.175146 0.0321013 0.00267974 0.0207197 
0.795678 0.0343491 0.0138175 0.0998276 0.0292139 0.00336025 0.0237535 
0.702518 0.0248656 0.0165859 0.208052 0.0220643 0.00340875 0.0225058 
0.782949 0.0251047 0.0150593 0.110473 0.0348721 0.00475914 0.0267824 
0.76196 0.0320903 0.0131892 0.123319 0.0444628 0.00644063 0.0185389 
0.688606 0.0225362 0.0119812 0.219578 0.0381436 0.00361527 0.01554 
0.744682 0.0225363 0.0144863 0.14938 0.0415248 0.00352841 0.0238619 
0.681931 0.0321259 0.0112037 0.204926 0.0466249 0.0036925 0.0194964 
0.650525 0.020639 0.0170353 0.238428 0.0391349 0.00266944 0.0315684 
0.673224 0.0403398 0.0116072 0.193814 0.05954 0.00420379 0.0172711 
0.715446 0.0365399 0.016884 0.161349 0.0302532 0.00347222 0.0360558 
0.757777 0.0477545 0.0145468 0.138405 0.0210252 0.00454397 0.0159476 
0.724349 0.061052 0.0168713 0.14791 0.020081 0.00397185 0.0257647 
0.735583 0.062754 0.0167651 0.149215 0.0164944 0.00376147 0.0154271 
0.770731 0.0580542 0.0193625 0.112884 0.0113321 0.00511953 0.0225169 
0.793103 0.0540337 0.0191471 0.0968244 0.0108626 0.00378598 0.0222438 
0.781402 0.0593462 0.0153103 0.101517 0.014052 0.00519273 0.0231794 
0.775894 0.0444349 0.0172688 0.115374 0.0129085 0.00518227 0.0289379 
0.807239 0.0431625 0.0148339 0.090214 0.0163053 0.00342591 0.0248195 
0.810192 0.0600472 0.0141769 0.0712116 0.0154781 0.00460817 0.0242864 
0.753797 0.0530483 0.0154412 0.135552 0.0169553 0.00381331 0.0213929 
0.783335 0.0431422 0.0207701 0.0986658 0.0164556 0.00446708 0.0331642 
0.803196 0.0495658 0.02286 0.0884673 0.00850134 0.00655274 0.0208572 
