0.872803 0.0231775 0.0283785 0.0273548 0.00381526 0.00361483 0.0408563 
0.850553 0.0283194 0.0296389 0.024271 0.00496618 0.00495287 0.0572983 
0.844546 0.0248955 0.0309631 0.0226405 0.00561846 0.00570301 0.0656337 
0.881143 0.0194823 0.02558 0.0293466 0.00806551 0.00516881 0.0312134 
0.86038 0.0173044 0.0330777 0.0277199 0.00626196 0.00319613 0.0520597 
0.854714 0.0161519 0.0356339 0.0168635 0.00583536 0.00298886 0.0678124 
0.870223 0.014809 0.0334028 0.0150259 0.00471422 0.00502839 0.0567969 
0.838252 0.016985 0.0330045 0.0178488 0.00488634 0.00568252 0.0833411 
0.859965 0.0220996 0.0262902 0.0256347 0.00382982 0.00485906 0.0573218 
0.849672 0.0141535 0.0322849 0.017368 0.00742956 0.00593589 0.0731563 
0.847917 0.0127854 0.038913 0.020178 0.00340554 0.00542185 0.0713786 
0.870613 0.0165065 0.0355934 0.017974 0.00474065 0.00381467 0.0507579 
0.885531 0.017266 0.0434096 0.011382 0.00192537 0.00418495 0.0363012 
0.874717 0.0247994 0.0317971 0.0115435 0.00270069 0.00595353 0.0484885 
0.872631 0.0171699 0.0357884 0.0149984 0.00605098 0.00548666 0.0478749 
0.898094 0.0160604 0.029229 0.0226771 0.00347963 0.00451804 0.0259415 
0.882006 0.019287 0.0333571 0.0229444 0.00394454 0.00490494 0.0335561 
0.886499 0.0176852 0.0346026 0.0212258 0.00324902 0.00365117 0.0330875 
0.880217 0.0213447 0.0263346 0.0358233 0.0060196 0.00231585 0.0279449 
0.875426 0.0165772 0.0337164 0.0120144 0.0033458 0.00349972 0.05542 
0.878335 0.0161294 0.032654 0.0164252 0.00459352 0.00292785 0.048935 
0.884279 0.0140531 0.0284114 0.0148014 0.00575252 0.00339338 0.0493094 
0.878902 0.0146735 0.0431245 0.00953726 0.00175171 0.00391844 0.048093 
0.888706 0.0144776 0.0387014 0.00970848 0.00299672 0.00315003 0.0422593 
0.892296 0.0205282 0.0302292 0.0103626 0.00342679 0.00324679 0.0399104 
0.870525 0.0144244 0.0312727 0.0192749 0.00464172 0.00459087 0.0552708 
0.8945 0.0174286 0.02762 0.0158375 0.00400789 0.0055848 0.0350216 
0.85374 0.0173758 0.0362128 0.0161986 0.002481 0.00451472 0.0694774 
0.888025 0.0200122 0.036443 0.014137 0.00309921 0.00352765 0.0347565 
0.854473 0.0160127 0.0392901 0.0265436 0.00358039 0.00416491 0.0559357 
0.856462 0.0137968 0.0340556 0.0197337 0.00606974 0.00526371 0.0646186 
0.848677 0.0182742 0.0348427 0.0165598 0.00868934 0.0042847 0.0686718 
0.834689 0.0147085 0.0416301 0.0109913 0.00329646 0.0058621 0.088823 
0.863352 0.0114568 0.0384884 0.0385139 0.00423736 0.00401957 0.0399315 
0.867588 0.02161 0.0299729 0.0319099 0.00930501 0.00404186 0.035572 
0.856697 0.0186852 0.0287471 0.0433032 0.00578213 0.00427661 0.0425092 
0.869151 0.0182091 0.0228852 0.0562604 0.0083162 0.00276751 0.0224106 
0.874847 0.017056 0.0228079 0.0429697 0.00913067 0.00364613 0.0295428 
0.886245 0.0124438 0.0310712 0.0204211 0.00446565 0.00231488 0.0430385 
0.886009 0.0242639 0.020595 0.0369822 0.00775951 0.00312023 0.0212702 
0.901586 0.0143956 0.0261793 0.0346309 0.00434137 0.00186055 0.0170068 
0.899654 0.0225722 0.0217658 0.0328694 0.00484128 0.00219016 0.0161068 
0.903426 0.0155551 0.0277908 0.033437 0.00308214 0.0019594 0.0147492 
0.879766 0.0160398 0.0263747 0.0552022 0.00429637 0.0027553 0.0155655 
0.893933 0.0146559 0.0270029 0.0282163 0.00447793 0.00346984 0.0282446 
0.877378 0.0123025 0.0371948 0.0302842 0.00225088 0.00177996 0.0388102 
0.891371 0.0131929 0.0284795 0.0200388 0.00303527 0.00425082 0.0396319 
0.876808 0.0110254 0.0402086 0.0192568 0.00155578 0.00270683 0.0484387 
0.81715 0.0133218 0.0411129 0.0241109 0.00217263 0.0030939 0.0990383 
0.886116 0.0114171 0.0286602 0.0275564 0.00475792 0.00250102 0.0389909 
0.870731 0.0101654 0.0293309 0.0371928 0.00602838 0.00335726 0.0431945 
0.87991 0.0122354 0.0325189 0.0318586 0.00519693 0.00159807 0.0366822 
0.88627 0.0182485 0.0281824 0.0325883 0.00377964 0.00217839 0.0287528 
0.887763 0.0151622 0.0288459 0.0217277 0.00843165 0.00283571 0.0352339 
0.866213 0.0189232 0.0273491 0.0434356 0.00426877 0.00252251 0.0372882 
0.852898 0.0127421 0.0295415 0.0465465 0.00611923 0.00244577 0.0497071 
0.830456 0.0138001 0.0414426 0.0316917 0.00571896 0.00197761 0.0749126 
0.874529 0.0100051 0.0412974 0.0317414 0.00376053 0.00153014 0.0371368 
0.87676 0.0172352 0.0272822 0.0285886 0.012515 0.00208977 0.0355291 
0.869986 0.0195204 0.0279632 0.0302326 0.00791808 0.00268461 0.041695 
0.890755 0.0148214 0.0312653 0.0237776 0.00559784 0.00181154 0.0319711 
0.879396 0.0126569 0.0375509 0.0156971 0.00399273 0.00313465 0.0475717 
0.881044 0.016622 0.0312154 0.0212374 0.00537051 0.00283574 0.041675 
0.890992 0.015289 0.0277491 0.0244595 0.00653578 0.00364214 0.0313323 
0.865104 0.0160957 0.0360267 0.0258739 0.005499 0.00203311 0.0493675 
0.854228 0.0182457 0.0373956 0.0158601 0.00297169 0.00298087 0.0683183 
0.880109 0.013102 0.0304973 0.0320205 0.00979735 0.00220723 0.0322664 
0.871107 0.0159669 0.0298098 0.0200741 0.0158294 0.00242249 0.0447901 
0.864518 0.0186149 0.031592 0.0211085 0.0138251 0.00231991 0.0480219 
0.888337 0.0200839 0.0263785 0.0220049 0.00920872 0.00320178 0.0307851 
0.86392 0.0157263 0.027983 0.0341817 0.0112529 0.00498719 0.0419487 
0.837373 0.0173708 0.0260842 0.0419649 0.0171101 0.00404867 0.0560483 
0.843574 0.0192156 0.0307747 0.0251829 0.00805773 0.00345043 0.0697441 
0.83546 0.0156035 0.034743 0.02758 0.00822873 0.00215361 0.0762315 
0.821156 0.0144484 0.0356276 0.0248429 0.00604458 0.00375408 0.0941268 
0.822439 0.0155482 0.035178 0.041157 0.0104918 0.00414822 0.0710379 
0.822532 0.0125662 0.0392127 0.037815 0.00944891 0.00343526 0.0749896 
0.803993 0.0180952 0.0336544 0.0317428 0.00753477 0.00334553 0.101634 
0.840317 0.0157078 0.0327904 0.0286266 0.00722593 0.00320637 0.0721262 
0.829018 0.0157876 0.0331448 0.0406686 0.00942314 0.00306448 0.0688937 
0.805226 0.0166061 0.0320811 0.0334555 0.00828674 0.00356761 0.100777 
0.833033 0.0126465 0.0304689 0.0346784 0.0104725 0.0031001 0.0756003 
0.848582 0.0145862 0.0317855 0.0263448 0.0082177 0.00317287 0.0673106 
0.879697 0.0162085 0.0269325 0.0296036 0.00786369 0.0023486 0.0373466 
0.803199 0.0143775 0.0344106 0.0294369 0.0122355 0.00237679 0.103964 
0.780462 0.0158863 0.0371284 0.0171534 0.00660211 0.00363503 0.139133 
0.805475 0.0124339 0.0374278 0.0368142 0.0076004 0.00278843 0.0974603 
0.773852 0.00897001 0.0430928 0.0549042 0.00845533 0.00262131 0.108104 
0.787427 0.00983331 0.0473637 0.0401732 0.00419066 0.00304703 0.107965 
0.814249 0.0140982 0.0371771 0.0485702 0.00862261 0.00373266 0.07355 
0.860311 0.00983436 0.0350773 0.0357951 0.00496104 0.00257102 0.0514503 
0.818899 0.00987191 0.0422892 0.047798 0.00613829 0.00312907 0.0718747 
0.798933 0.0106773 0.0418849 0.0287803 0.00388112 0.0034454 0.112398 
0.849335 0.0129281 0.0306098 0.0521998 0.00592846 0.00284385 0.0461548 
0.857249 0.0144832 0.0280981 0.0470095 0.00760375 0.00212314 0.0434332 
0.810483 0.0142118 0.033944 0.0447752 0.00869932 0.00331902 0.0845674 
0.83922 0.0106375 0.0310774 0.057155 0.00624051 0.00365984 0.0520101 
0.858858 0.016733 0.0349068 0.0353742 0.00435987 0.0029275 0.0468409 
0.826901 0.0138283 0.0387745 0.0312248 0.00454193 0.00354006 0.0811894 
0.816214 0.0128769 0.0378831 0.0355943 0.0063501 0.00298534 0.0880966 
0.800198 0.0150029 0.0374427 0.049117 0.00376632 0.00633617 0.0881374 
0.854466 0.015103 0.0392502 0.0380857 0.00261731 0.00270869 0.0477691 
0.861827 0.0137961 0.0346374 0.0455919 0.0034319 0.0037966 0.0369186 
0.88424 0.0137205 0.0379352 0.0185344 0.0029338 0.00341806 0.0392175 
0.849479 0.013158 0.0366069 0.0225876 0.00362124 0.00454132 0.0700058 
0.844992 0.012677 0.0422922 0.0377104 0.0040128 0.00445386 0.0538614 
0.871299 0.0145976 0.0336158 0.0434013 0.0051682 0.00302176 0.0288959 
0.872494 0.0190081 0.0344368 0.021558 0.00357073 0.00416337 0.0447696 
0.886328 0.014842 0.0313463 0.0273 0.00533588 0.00270516 0.0321431 
0.870547 0.0166449 0.0264177 0.0371 0.00901561 0.00360358 0.0366716 
0.836557 0.0180422 0.0344531 0.0204775 0.00485115 0.0036869 0.0819326 
0.811656 0.0139607 0.0350884 0.0232614 0.00821845 0.00534104 0.102474 
0.877653 0.011372 0.0310839 0.016271 0.00980809 0.00384239 0.0499693 
0.885881 0.0138343 0.033164 0.0239066 0.00473663 0.00265598 0.0358219 
0.877911 0.0143806 0.0291368 0.02713 0.0063636 0.00402977 0.0410478 
0.805678 0.0168593 0.0365466 0.0148472 0.00802089 0.00388091 0.114167 
0.869654 0.0163379 0.0312903 0.018564 0.00714255 0.00538663 0.0516248 
0.83543 0.0154556 0.0353823 0.021319 0.00544824 0.00553252 0.0814319 
0.857687 0.0124639 0.0362064 0.0192532 0.00599094 0.00481625 0.0635822 
0.812501 0.0141005 0.0364718 0.0116288 0.0271868 0.00863188 0.0894796 
0.823773 0.0163562 0.0351286 0.00974346 0.0115216 0.0080513 0.0954261 
0.81677 0.0191692 0.0345299 0.0124177 0.0113255 0.00574431 0.100044 
0.793728 0.0160648 0.0336654 0.0225854 0.0198677 0.00689995 0.107188 
0.789382 0.0187181 0.0382117 0.014846 0.00816434 0.00633365 0.124344 
0.818691 0.0168894 0.0366621 0.0240682 0.0116142 0.00476088 0.087314 
0.845089 0.0143019 0.0342165 0.0305844 0.00841915 0.00372379 0.0636651 
0.823555 0.0202259 0.0313999 0.0237818 0.0131704 0.005893 0.0819739 
0.809331 0.0228521 0.0318056 0.0181535 0.0171227 0.00742403 0.0933106 
0.847911 0.0132963 0.0359515 0.0182798 0.00994481 0.00535733 0.0692589 
0.877083 0.0181419 0.0267708 0.0168754 0.00994512 0.00441665 0.0467667 
0.867594 0.0170657 0.0261453 0.0352747 0.0152481 0.00365903 0.0350133 
0.855857 0.0134643 0.031463 0.0341855 0.00833623 0.00460047 0.0520935 
0.870523 0.0187654 0.0303662 0.0146244 0.00852778 0.00459621 0.0525971 
0.852279 0.0155596 0.0315977 0.0173861 0.00671461 0.00479929 0.0716637 
0.880237 0.0161478 0.0243991 0.0287957 0.0131859 0.00250714 0.0347277 
0.852403 0.0139588 0.0361517 0.0275014 0.00571019 0.00218395 0.0620909 
0.861954 0.00867015 0.0358056 0.0267153 0.00959501 0.00222857 0.055031 
0.882557 0.0131649 0.0256779 0.0318378 0.0143543 0.00191803 0.0304903 
0.88362 0.013798 0.0281336 0.0353676 0.00938165 0.00169058 0.0280086 
0.832633 0.0100395 0.0446957 0.0211818 0.00820807 0.00193512 0.0813072 
0.886602 0.0105194 0.0371657 0.0262616 0.00728469 0.00192572 0.0302409 
0.873244 0.00894112 0.0381671 0.0415023 0.00623643 0.00172099 0.0301882 
0.871817 0.0101471 0.0369627 0.0315325 0.00574163 0.00262504 0.041174 
0.871829 0.0120738 0.03516 0.031258 0.0050417 0.00217746 0.0424595 
0.834919 0.0145019 0.0354246 0.0182162 0.00468171 0.00400046 0.0882562 
0.834449 0.0148719 0.0348075 0.0204007 0.00692803 0.00285333 0.0856893 
0.847155 0.0096177 0.0314316 0.0318347 0.0114964 0.00284349 0.0656208 
0.801432 0.00985857 0.0348518 0.0359285 0.0214867 0.00455879 0.0918834 
0.781864 0.0135544 0.0406327 0.011842 0.00831821 0.00309834 0.14069 
0.857784 0.01188 0.0421166 0.0257411 0.00533831 0.00227047 0.0548692 
0.847045 0.0126126 0.0328301 0.0387704 0.00842608 0.00251122 0.0578049 
0.833616 0.00945752 0.0343467 0.058686 0.0147254 0.00226186 0.0469064 
0.855099 0.0110119 0.0364083 0.0452787 0.00967119 0.00172963 0.0408007 
0.869021 0.0130361 0.0272232 0.0386086 0.0144803 0.00193813 0.0356926 
0.85396 0.013163 0.0336016 0.0233051 0.0113588 0.00235246 0.0622593 
0.868618 0.0149773 0.0278073 0.0215512 0.0156561 0.00360765 0.047782 
0.866984 0.0100241 0.0336456 0.0393517 0.0101501 0.00229346 0.0375509 
0.844447 0.00794987 0.0334569 0.0330946 0.00964632 0.00195006 0.0694549 
0.78273 0.00893009 0.0398796 0.0345271 0.0113883 0.00428657 0.118258 
0.710943 0.00754313 0.0467221 0.036479 0.0104261 0.00391289 0.183974 
0.807793 0.0078266 0.0442883 0.0171071 0.00616695 0.00353912 0.113279 
0.828821 0.00779891 0.0389525 0.0372001 0.00700243 0.00336081 0.0768646 
0.760557 0.00943406 0.0499999 0.016705 0.0064032 0.00327975 0.153622 
0.824747 0.00897105 0.0374868 0.0324344 0.0102103 0.00365534 0.0824947 
0.817866 0.0134868 0.0342226 0.0139185 0.00821541 0.00350799 0.108783 
0.859836 0.0106809 0.0301522 0.0451743 0.00776461 0.00268529 0.0437067 
0.819953 0.0106601 0.0348524 0.0250185 0.0110607 0.0034745 0.0949811 
0.830445 0.0104713 0.0295767 0.0454329 0.0116431 0.0029941 0.0694374 
0.803604 0.0113553 0.0326948 0.0333849 0.0140987 0.00329972 0.101563 
0.822376 0.0164026 0.0295839 0.0148494 0.00989151 0.00521221 0.101684 
0.77804 0.0127897 0.0341468 0.0251447 0.0176578 0.00539419 0.126827 
0.777352 0.0139495 0.0357276 0.0214894 0.0167775 0.00459854 0.130105 
0.854943 0.0100752 0.0370368 0.0216739 0.00781334 0.00372777 0.0647299 
0.836691 0.0144833 0.0357371 0.0165806 0.0101524 0.00437963 0.0819758 
0.855482 0.0121193 0.0319773 0.017056 0.009188 0.00442797 0.0697497 
0.863079 0.00949263 0.0333724 0.0273645 0.0120437 0.00281062 0.0518371 
0.864863 0.0135107 0.038159 0.0154265 0.00718539 0.00262172 0.0582338 
0.874855 0.0137866 0.0298155 0.0207386 0.00593945 0.0028476 0.052017 
0.84099 0.00858622 0.0347968 0.0383015 0.00701331 0.00454951 0.0657622 
0.857365 0.0131866 0.0280503 0.024021 0.00624654 0.00386319 0.0672676 
0.821371 0.0119048 0.0323775 0.0584693 0.00769746 0.00315784 0.0650224 
0.840486 0.0117207 0.0368351 0.0292884 0.00362558 0.00275703 0.0752871 
0.815804 0.0117735 0.0330528 0.0506552 0.00702778 0.00297382 0.078713 
0.750808 0.0116826 0.0382956 0.0561606 0.0133978 0.00358894 0.126067 
0.789718 0.0133312 0.0339179 0.0564416 0.0105817 0.0025035 0.0935064 
0.777747 0.0122962 0.0372368 0.0399432 0.00584452 0.003913 0.123019 
0.735882 0.0123855 0.0347584 0.0875813 0.0120006 0.00410154 0.113291 
0.665916 0.00977184 0.0435163 0.0866114 0.0155049 0.00642815 0.172251 
0.643696 0.0115147 0.0465862 0.0432386 0.00876707 0.00483956 0.241358 
0.667202 0.0178546 0.037586 0.109684 0.00945628 0.00636671 0.15185 
0.691198 0.0107575 0.0387602 0.100943 0.0158201 0.00451095 0.13801 
0.733316 0.00954244 0.041772 0.0882531 0.00940361 0.00315185 0.114561 
0.639552 0.0105017 0.0465347 0.0714537 0.00525629 0.00402631 0.222676 
0.758499 0.0120391 0.0367225 0.074773 0.00690472 0.00366902 0.107392 
0.746777 0.01149 0.0316254 0.0873239 0.0102718 0.00309371 0.109419 
0.701126 0.00908353 0.0389495 0.0814734 0.0133731 0.00271098 0.153283 
0.792315 0.00961634 0.0356656 0.0447957 0.0100037 0.00336899 0.104235 
0.765849 0.00972518 0.0378749 0.0550761 0.0102436 0.00456134 0.11667 
0.789421 0.00794524 0.0366639 0.0594162 0.0137545 0.0029549 0.0898445 
0.753864 0.0103661 0.0415507 0.0335702 0.00917426 0.00316314 0.148311 
0.786733 0.00758958 0.0392808 0.0559677 0.010482 0.00260596 0.0973407 
0.790588 0.00912665 0.0370031 0.0437448 0.0115495 0.00370168 0.104286 
0.786328 0.00912407 0.0333456 0.0754861 0.0135005 0.00297779 0.0792384 
0.734598 0.00934905 0.0398799 0.0624436 0.011108 0.00300225 0.13962 
0.641184 0.00985456 0.0441184 0.0425752 0.00769612 0.00533092 0.249241 
0.70451 0.0129079 0.0372132 0.018127 0.0121563 0.00533775 0.209748 
0.788333 0.0115353 0.0372153 0.0166011 0.0132316 0.00461926 0.128464 
0.827436 0.0148555 0.0286252 0.0220925 0.0106813 0.00450641 0.0918028 
0.792244 0.0116023 0.0345435 0.0567507 0.00846675 0.00525625 0.0911362 
0.82186 0.0101341 0.029398 0.0507386 0.0176558 0.00422 0.0659932 
0.80972 0.00808373 0.0378906 0.0361513 0.0114717 0.0029898 0.0936925 
0.807862 0.00822587 0.0405893 0.0438859 0.00961312 0.00248186 0.0873419 
0.827341 0.00950652 0.0342794 0.0294308 0.012642 0.00303595 0.0837642 
0.783889 0.00808597 0.0437728 0.0365128 0.0120536 0.00363787 0.112048 
0.759155 0.00862886 0.0428843 0.0691594 0.0103267 0.00271873 0.107127 
0.78835 0.0109234 0.0250388 0.0882908 0.0219808 0.00369158 0.0617244 
0.782769 0.0136246 0.0306521 0.0289629 0.0277656 0.00639924 0.109826 
0.813441 0.0138685 0.0328527 0.0412296 0.00850234 0.00502191 0.0850838 
0.756076 0.0118167 0.0431862 0.035023 0.0113211 0.00484802 0.137729 
0.739409 0.0140579 0.0395589 0.0403619 0.0140169 0.00406071 0.148534 
0.745413 0.0139158 0.0388887 0.06806 0.00890216 0.00374242 0.121078 
0.715434 0.0110543 0.0401944 0.0656871 0.00946696 0.00489758 0.153266 
0.767319 0.00966307 0.043315 0.0378728 0.0110207 0.00485296 0.125957 
0.762346 0.0125968 0.0368139 0.050987 0.0116029 0.00600277 0.11965 
0.70793 0.0127617 0.0402839 0.089592 0.00706435 0.0054996 0.136868 
0.715662 0.0138607 0.035059 0.0569368 0.0141869 0.00691915 0.157376 
0.69576 0.0139238 0.0357906 0.0375358 0.012614 0.00634589 0.19803 
0.716528 0.0131043 0.0405234 0.0323287 0.0137735 0.00448925 0.179253 
0.733873 0.0129866 0.0336233 0.0582033 0.0120263 0.0054583 0.14383 
0.74495 0.0118845 0.0363643 0.0541088 0.0120298 0.00375236 0.136911 
0.796909 0.0193356 0.0324915 0.0431472 0.0146972 0.00510006 0.0883192 
0.671124 0.0119509 0.0475419 0.0454555 0.00649599 0.00516785 0.212263 
0.630018 0.010727 0.0447382 0.0864223 0.0139568 0.00541709 0.208721 
0.731344 0.0114779 0.0397657 0.0453829 0.00712971 0.00418862 0.160711 
0.764307 0.0130782 0.0299845 0.0526285 0.0140998 0.00505485 0.120848 
0.71952 0.0136105 0.0327915 0.116358 0.0132221 0.00453936 0.0999591 
0.734452 0.0112029 0.0343227 0.0738512 0.0133467 0.00383978 0.128984 
0.681824 0.00904241 0.0359227 0.0961298 0.020688 0.00406452 0.152329 
0.694389 0.0130206 0.0283305 0.154409 0.0141988 0.00664059 0.0890119 
0.701231 0.0164089 0.0269316 0.162848 0.0120081 0.00475111 0.0758212 
0.786786 0.0150167 0.0267975 0.0767532 0.0106915 0.00430932 0.0796454 
0.685284 0.0131057 0.0373184 0.0824975 0.00750594 0.00298545 0.171303 
0.730495 0.0137568 0.0355757 0.0943643 0.00829053 0.00327736 0.11424 
0.730144 0.0124319 0.0337446 0.0829517 0.010081 0.00376379 0.126883 
0.683461 0.0114578 0.0346495 0.0753192 0.0165725 0.0048326 0.173707 
0.760166 0.0136876 0.0327275 0.0641826 0.011189 0.00322685 0.11482 
0.765671 0.0171811 0.0289945 0.0557841 0.00689121 0.00413759 0.121341 
0.733384 0.0116264 0.0313654 0.0871092 0.019586 0.00409463 0.112834 
0.715831 0.00759938 0.0348889 0.130329 0.011117 0.00238611 0.0978487 
0.708624 0.0101008 0.0332272 0.0838452 0.0208295 0.00386323 0.139511 
0.663817 0.0110694 0.0398862 0.0766166 0.01396 0.00652559 0.188125 
0.699154 0.0104706 0.0348685 0.128829 0.0117016 0.00356185 0.111415 
0.630936 0.0108977 0.0414671 0.0410505 0.0147693 0.00459518 0.256284 
0.662115 0.00893077 0.0450543 0.0668771 0.0142181 0.00442131 0.198384 
0.673997 0.00731587 0.0403878 0.163618 0.0131773 0.00343745 0.0980665 
0.699521 0.00887463 0.039788 0.0754284 0.0128653 0.00501382 0.158509 
0.719294 0.00999466 0.0340248 0.0929303 0.0142514 0.00588083 0.123624 
0.725743 0.0102636 0.0406775 0.0289448 0.0119528 0.00470629 0.177712 
0.746388 0.00869227 0.0381873 0.0542152 0.0103575 0.00411603 0.138043 
0.686093 0.00904286 0.041144 0.0510174 0.0267113 0.00500776 0.180984 
0.700401 0.0110493 0.0350748 0.0506108 0.0327731 0.00494596 0.165145 
0.719226 0.00792621 0.0325595 0.0766161 0.0243894 0.00285931 0.136424 
0.696901 0.00777216 0.0392797 0.0483777 0.0157774 0.00429521 0.187597 
0.792587 0.00848394 0.0307017 0.0602119 0.00926063 0.0037325 0.0950224 
0.755282 0.00979566 0.0336082 0.0619174 0.00773931 0.00408534 0.127572 
0.762905 0.0072327 0.040203 0.0768094 0.00606398 0.00306817 0.103717 
0.728139 0.00957051 0.0313204 0.0823376 0.0146921 0.00383535 0.130105 
0.682478 0.00794417 0.0383431 0.0750238 0.017027 0.00355659 0.175627 
0.729027 0.00861923 0.0368721 0.0681204 0.00933724 0.00328262 0.144742 
0.743911 0.00771144 0.0328311 0.0830654 0.0148948 0.00378298 0.113804 
0.739322 0.00912003 0.0319011 0.0638169 0.0200648 0.00384284 0.131932 
0.717355 0.00923195 0.0366802 0.0423389 0.0200377 0.00486895 0.169488 
0.761307 0.00992623 0.0328715 0.0500475 0.00867049 0.00367845 0.133499 
0.751375 0.00872385 0.0313918 0.0650623 0.0232088 0.00349545 0.116743 
0.694032 0.00944524 0.0395036 0.0370234 0.0225403 0.00580873 0.191647 
0.73178 0.00836156 0.0401918 0.0354345 0.0151571 0.00486041 0.164214 
0.776531 0.00809882 0.0333315 0.0654119 0.0132708 0.00351351 0.0998423 
0.737872 0.0093346 0.0381709 0.03547 0.0125457 0.00624396 0.160363 
0.74035 0.0084979 0.041121 0.0457332 0.00745775 0.00376297 0.153077 
0.681628 0.0100117 0.039017 0.0522987 0.0136412 0.00560815 0.197796 
0.692802 0.0103888 0.0375003 0.0657822 0.0112721 0.00405037 0.178204 
0.723094 0.0105026 0.0382638 0.0783092 0.00724825 0.00519102 0.137391 
0.710128 0.0121981 0.0410914 0.0636435 0.00518955 0.00471978 0.16303 
0.766307 0.00986761 0.0366043 0.0376254 0.00852348 0.00298952 0.138083 
0.76235 0.0089993 0.0393774 0.0463491 0.0101545 0.00386719 0.128903 
0.673381 0.00970926 0.0451641 0.044852 0.00864579 0.00493348 0.213314 
0.752585 0.0066226 0.04305 0.0777916 0.00846145 0.00254758 0.108942 
0.717029 0.00943713 0.0364946 0.0686945 0.0168642 0.00425689 0.147224 
0.76049 0.00944991 0.0377022 0.0422202 0.00883662 0.00248023 0.138821 
0.686496 0.0080173 0.0417286 0.0801841 0.0109756 0.00373623 0.168862 
0.711714 0.0089699 0.0373893 0.0448344 0.0168221 0.00264762 0.177623 
0.756231 0.0123355 0.0307531 0.0556036 0.00959357 0.00432586 0.131158 
0.552723 0.0155667 0.041879 0.00679635 0.00864381 0.0169359 0.357455 
0.561613 0.013576 0.0473077 0.00576323 0.0060189 0.0112862 0.354435 
0.652291 0.0108831 0.0526848 0.00994957 0.00839789 0.00447175 0.261322 
0.651157 0.0168588 0.0472651 0.0061954 0.00509242 0.00474681 0.268685 
0.758138 0.025604 0.0412394 0.0108743 0.00623867 0.0040468 0.153859 
0.804131 0.0203074 0.0303198 0.0296104 0.0140522 0.00316586 0.0984135 
0.844447 0.00794987 0.0334569 0.0330946 0.00964632 0.00195006 0.0694549 
0.78273 0.00893009 0.0398796 0.0345271 0.0113883 0.00428657 0.118258 
0.710943 0.00754313 0.0467221 0.036479 0.0104261 0.00391289 0.183974 
0.807793 0.0078266 0.0442883 0.0171071 0.00616695 0.00353912 0.113279 
0.828821 0.00779891 0.0389525 0.0372001 0.00700243 0.00336081 0.0768646 
0.760557 0.00943406 0.0499999 0.016705 0.0064032 0.00327975 0.153622 
0.824747 0.00897105 0.0374868 0.0324344 0.0102103 0.00365534 0.0824947 
0.817866 0.0134868 0.0342226 0.0139185 0.00821541 0.00350799 0.108783 
0.859836 0.0106809 0.0301522 0.0451743 0.00776461 0.00268529 0.0437067 
0.819953 0.0106601 0.0348524 0.0250185 0.0110607 0.0034745 0.0949811 
0.830445 0.0104713 0.0295767 0.0454329 0.0116431 0.0029941 0.0694374 
0.803604 0.0113553 0.0326948 0.0333849 0.0140987 0.00329972 0.101563 
0.822376 0.0164026 0.0295839 0.0148494 0.00989151 0.00521221 0.101684 
0.77804 0.0127897 0.0341468 0.0251447 0.0176578 0.00539419 0.126827 
0.777352 0.0139495 0.0357276 0.0214894 0.0167775 0.00459854 0.130105 
0.854943 0.0100752 0.0370368 0.0216739 0.00781334 0.00372777 0.0647299 
0.836691 0.0144833 0.0357371 0.0165806 0.0101524 0.00437963 0.0819758 
0.855482 0.0121193 0.0319773 0.017056 0.009188 0.00442797 0.0697497 
0.863079 0.00949263 0.0333724 0.0273645 0.0120437 0.00281062 0.0518371 
0.864863 0.0135107 0.038159 0.0154265 0.00718539 0.00262172 0.0582338 
0.874855 0.0137866 0.0298155 0.0207386 0.00593945 0.0028476 0.052017 
0.84099 0.00858622 0.0347968 0.0383015 0.00701331 0.00454951 0.0657622 
0.857365 0.0131866 0.0280503 0.024021 0.00624654 0.00386319 0.0672676 
0.821371 0.0119048 0.0323775 0.0584693 0.00769746 0.00315784 0.0650224 
0.840486 0.0117207 0.0368351 0.0292884 0.00362558 0.00275703 0.0752871 
0.815804 0.0117735 0.0330528 0.0506552 0.00702778 0.00297382 0.078713 
0.750808 0.0116826 0.0382956 0.0561606 0.0133978 0.00358894 0.126067 
0.789718 0.0133312 0.0339179 0.0564416 0.0105817 0.0025035 0.0935064 
0.777747 0.0122962 0.0372368 0.0399432 0.00584452 0.003913 0.123019 
0.735882 0.0123855 0.0347584 0.0875813 0.0120006 0.00410154 0.113291 
0.665916 0.00977184 0.0435163 0.0866114 0.0155049 0.00642815 0.172251 
0.643696 0.0115147 0.0465862 0.0432386 0.00876707 0.00483956 0.241358 
0.667202 0.0178546 0.037586 0.109684 0.00945628 0.00636671 0.15185 
0.691198 0.0107575 0.0387602 0.100943 0.0158201 0.00451095 0.13801 
0.733316 0.00954244 0.041772 0.0882531 0.00940361 0.00315185 0.114561 
0.639552 0.0105017 0.0465347 0.0714537 0.00525629 0.00402631 0.222676 
0.758499 0.0120391 0.0367225 0.074773 0.00690472 0.00366902 0.107392 
0.746777 0.01149 0.0316254 0.0873239 0.0102718 0.00309371 0.109419 
0.701126 0.00908353 0.0389495 0.0814734 0.0133731 0.00271098 0.153283 
0.792315 0.00961634 0.0356656 0.0447957 0.0100037 0.00336899 0.104235 
0.765849 0.00972518 0.0378749 0.0550761 0.0102436 0.00456134 0.11667 
0.789421 0.00794524 0.0366639 0.0594162 0.0137545 0.0029549 0.0898445 
0.753864 0.0103661 0.0415507 0.0335702 0.00917426 0.00316314 0.148311 
0.786733 0.00758958 0.0392808 0.0559677 0.010482 0.00260596 0.0973407 
0.790588 0.00912665 0.0370031 0.0437448 0.0115495 0.00370168 0.104286 
0.786328 0.00912407 0.0333456 0.0754861 0.0135005 0.00297779 0.0792384 
0.734598 0.00934905 0.0398799 0.0624436 0.011108 0.00300225 0.13962 
0.641184 0.00985456 0.0441184 0.0425752 0.00769612 0.00533092 0.249241 
0.70451 0.0129079 0.0372132 0.018127 0.0121563 0.00533775 0.209748 
0.788333 0.0115353 0.0372153 0.0166011 0.0132316 0.00461926 0.128464 
0.827436 0.0148555 0.0286252 0.0220925 0.0106813 0.00450641 0.0918028 
0.792244 0.0116023 0.0345435 0.0567507 0.00846675 0.00525625 0.0911362 
0.82186 0.0101341 0.029398 0.0507386 0.0176558 0.00422 0.0659932 
0.80972 0.00808373 0.0378906 0.0361513 0.0114717 0.0029898 0.0936925 
0.807862 0.00822587 0.0405893 0.0438859 0.00961312 0.00248186 0.0873419 
0.827341 0.00950652 0.0342794 0.0294308 0.012642 0.00303595 0.0837642 
0.783889 0.00808597 0.0437728 0.0365128 0.0120536 0.00363787 0.112048 
0.759155 0.00862886 0.0428843 0.0691594 0.0103267 0.00271873 0.107127 
0.78835 0.0109234 0.0250388 0.0882908 0.0219808 0.00369158 0.0617244 
0.782769 0.0136246 0.0306521 0.0289629 0.0277656 0.00639924 0.109826 
0.813441 0.0138685 0.0328527 0.0412296 0.00850234 0.00502191 0.0850838 
0.756076 0.0118167 0.0431862 0.035023 0.0113211 0.00484802 0.137729 
0.739409 0.0140579 0.0395589 0.0403619 0.0140169 0.00406071 0.148534 
0.745413 0.0139158 0.0388887 0.06806 0.00890216 0.00374242 0.121078 
0.715434 0.0110543 0.0401944 0.0656871 0.00946696 0.00489758 0.153266 
0.767319 0.00966307 0.043315 0.0378728 0.0110207 0.00485296 0.125957 
0.762346 0.0125968 0.0368139 0.050987 0.0116029 0.00600277 0.11965 
0.70793 0.0127617 0.0402839 0.089592 0.00706435 0.0054996 0.136868 
0.715662 0.0138607 0.035059 0.0569368 0.0141869 0.00691915 0.157376 
0.69576 0.0139238 0.0357906 0.0375358 0.012614 0.00634589 0.19803 
0.716528 0.0131043 0.0405234 0.0323287 0.0137735 0.00448925 0.179253 
0.733873 0.0129866 0.0336233 0.0582033 0.0120263 0.0054583 0.14383 
0.74495 0.0118845 0.0363643 0.0541088 0.0120298 0.00375236 0.136911 
0.796909 0.0193356 0.0324915 0.0431472 0.0146972 0.00510006 0.0883192 
0.671124 0.0119509 0.0475419 0.0454555 0.00649599 0.00516785 0.212263 
0.630018 0.010727 0.0447382 0.0864223 0.0139568 0.00541709 0.208721 
0.731344 0.0114779 0.0397657 0.0453829 0.00712971 0.00418862 0.160711 
0.764307 0.0130782 0.0299845 0.0526285 0.0140998 0.00505485 0.120848 
0.71952 0.0136105 0.0327915 0.116358 0.0132221 0.00453936 0.0999591 
0.734452 0.0112029 0.0343227 0.0738512 0.0133467 0.00383978 0.128984 
0.681824 0.00904241 0.0359227 0.0961298 0.020688 0.00406452 0.152329 
0.694389 0.0130206 0.0283305 0.154409 0.0141988 0.00664059 0.0890119 
0.701231 0.0164089 0.0269316 0.162848 0.0120081 0.00475111 0.0758212 
0.786786 0.0150167 0.0267975 0.0767532 0.0106915 0.00430932 0.0796454 
0.685284 0.0131057 0.0373184 0.0824975 0.00750594 0.00298545 0.171303 
0.730495 0.0137568 0.0355757 0.0943643 0.00829053 0.00327736 0.11424 
0.730144 0.0124319 0.0337446 0.0829517 0.010081 0.00376379 0.126883 
0.683461 0.0114578 0.0346495 0.0753192 0.0165725 0.0048326 0.173707 
0.760166 0.0136876 0.0327275 0.0641826 0.011189 0.00322685 0.11482 
0.765671 0.0171811 0.0289945 0.0557841 0.00689121 0.00413759 0.121341 
0.733384 0.0116264 0.0313654 0.0871092 0.019586 0.00409463 0.112834 
0.715831 0.00759938 0.0348889 0.130329 0.011117 0.00238611 0.0978487 
0.708624 0.0101008 0.0332272 0.0838452 0.0208295 0.00386323 0.139511 
0.663817 0.0110694 0.0398862 0.0766166 0.01396 0.00652559 0.188125 
0.699154 0.0104706 0.0348685 0.128829 0.0117016 0.00356185 0.111415 
0.630936 0.0108977 0.0414671 0.0410505 0.0147693 0.00459518 0.256284 
0.662115 0.00893077 0.0450543 0.0668771 0.0142181 0.00442131 0.198384 
0.673997 0.00731587 0.0403878 0.163618 0.0131773 0.00343745 0.0980665 
0.699521 0.00887463 0.039788 0.0754284 0.0128653 0.00501382 0.158509 
0.719294 0.00999466 0.0340248 0.0929303 0.0142514 0.00588083 0.123624 
0.725743 0.0102636 0.0406775 0.0289448 0.0119528 0.00470629 0.177712 
0.746388 0.00869227 0.0381873 0.0542152 0.0103575 0.00411603 0.138043 
0.686093 0.00904286 0.041144 0.0510174 0.0267113 0.00500776 0.180984 
0.700401 0.0110493 0.0350748 0.0506108 0.0327731 0.00494596 0.165145 
0.719226 0.00792621 0.0325595 0.0766161 0.0243894 0.00285931 0.136424 
0.696901 0.00777216 0.0392797 0.0483777 0.0157774 0.00429521 0.187597 
0.792587 0.00848394 0.0307017 0.0602119 0.00926063 0.0037325 0.0950224 
0.755282 0.00979566 0.0336082 0.0619174 0.00773931 0.00408534 0.127572 
0.762905 0.0072327 0.040203 0.0768094 0.00606398 0.00306817 0.103717 
0.728139 0.00957051 0.0313204 0.0823376 0.0146921 0.00383535 0.130105 
0.682478 0.00794417 0.0383431 0.0750238 0.017027 0.00355659 0.175627 
0.729027 0.00861923 0.0368721 0.0681204 0.00933724 0.00328262 0.144742 
0.743911 0.00771144 0.0328311 0.0830654 0.0148948 0.00378298 0.113804 
0.739322 0.00912003 0.0319011 0.0638169 0.0200648 0.00384284 0.131932 
0.717355 0.00923195 0.0366802 0.0423389 0.0200377 0.00486895 0.169488 
0.761307 0.00992623 0.0328715 0.0500475 0.00867049 0.00367845 0.133499 
0.751375 0.00872385 0.0313918 0.0650623 0.0232088 0.00349545 0.116743 
0.694032 0.00944524 0.0395036 0.0370234 0.0225403 0.00580873 0.191647 
0.73178 0.00836156 0.0401918 0.0354345 0.0151571 0.00486041 0.164214 
0.776531 0.00809882 0.0333315 0.0654119 0.0132708 0.00351351 0.0998423 
0.737872 0.0093346 0.0381709 0.03547 0.0125457 0.00624396 0.160363 
0.74035 0.0084979 0.041121 0.0457332 0.00745775 0.00376297 0.153077 
0.681628 0.0100117 0.039017 0.0522987 0.0136412 0.00560815 0.197796 
0.692802 0.0103888 0.0375003 0.0657822 0.0112721 0.00405037 0.178204 
0.723094 0.0105026 0.0382638 0.0783092 0.00724825 0.00519102 0.137391 
0.710128 0.0121981 0.0410914 0.0636435 0.00518955 0.00471978 0.16303 
0.766307 0.00986761 0.0366043 0.0376254 0.00852348 0.00298952 0.138083 
0.76235 0.0089993 0.0393774 0.0463491 0.0101545 0.00386719 0.128903 
0.673381 0.00970926 0.0451641 0.044852 0.00864579 0.00493348 0.213314 
0.752585 0.0066226 0.04305 0.0777916 0.00846145 0.00254758 0.108942 
0.717029 0.00943713 0.0364946 0.0686945 0.0168642 0.00425689 0.147224 
0.76049 0.00944991 0.0377022 0.0422202 0.00883662 0.00248023 0.138821 
0.686496 0.0080173 0.0417286 0.0801841 0.0109756 0.00373623 0.168862 
0.711714 0.0089699 0.0373893 0.0448344 0.0168221 0.00264762 0.177623 
0.756231 0.0123355 0.0307531 0.0556036 0.00959357 0.00432586 0.131158 
0.552723 0.0155667 0.041879 0.00679635 0.00864381 0.0169359 0.357455 
0.561613 0.013576 0.0473077 0.00576323 0.0060189 0.0112862 0.354435 
0.652291 0.0108831 0.0526848 0.00994957 0.00839789 0.00447175 0.261322 
0.651157 0.0168588 0.0472651 0.0061954 0.00509242 0.00474681 0.268685 
0.758138 0.025604 0.0412394 0.0108743 0.00623867 0.0040468 0.153859 
0.804131 0.0203074 0.0303198 0.0296104 0.0140522 0.00316586 0.0984135 
0.797855 0.0115652 0.0257614 0.0478354 0.0144017 0.00385197 0.0987293 
0.831088 0.00838174 0.0298734 0.0575958 0.0107581 0.00242113 0.059882 
0.836906 0.00983019 0.0311778 0.0660045 0.00800186 0.0024904 0.0455896 
0.835668 0.0110276 0.030953 0.0369985 0.00732231 0.00344637 0.0745838 
0.833788 0.010634 0.0278319 0.0892928 0.00503031 0.00289179 0.0305311 
0.849269 0.0102344 0.0328925 0.0293201 0.00291298 0.00428683 0.071084 
0.862683 0.0158795 0.0231849 0.0329809 0.00509399 0.00518146 0.054996 
0.838573 0.0155628 0.0241685 0.0227696 0.00674094 0.00827839 0.0839068 
0.852107 0.0120892 0.022756 0.0483748 0.00980169 0.00620569 0.048666 
0.841973 0.0118639 0.0284081 0.0329457 0.00769881 0.00549634 0.0716145 
0.834756 0.0122891 0.0280803 0.0520937 0.0068909 0.0051771 0.0607131 
0.825655 0.0136403 0.0257791 0.0517055 0.00877856 0.00572429 0.0687175 
0.850416 0.0131219 0.023593 0.0462537 0.00737602 0.00515614 0.0540833 
0.853395 0.0124991 0.0250136 0.0431083 0.00705158 0.00401135 0.0549206 
0.754736 0.013735 0.0300737 0.0981665 0.00590748 0.00449546 0.0928852 
0.809818 0.0125493 0.0278832 0.0790464 0.00649658 0.00320887 0.0609973 
0.817744 0.0135717 0.0264133 0.0534066 0.00712103 0.00662411 0.0751194 
0.808053 0.0103657 0.0314675 0.0396835 0.00574073 0.00445983 0.10023 
0.816709 0.0104223 0.0264944 0.0811963 0.00637034 0.00341639 0.0553917 
0.844228 0.0130083 0.0215777 0.0303814 0.016234 0.00467692 0.0698934 
0.83685 0.0103623 0.0291854 0.0439248 0.00833198 0.00283332 0.0685119 
0.825228 0.0107781 0.0337686 0.0262381 0.00682025 0.00309991 0.0940675 
0.805955 0.00961836 0.0297839 0.0573491 0.0108402 0.00327272 0.0831805 
0.807558 0.00918498 0.0266217 0.068396 0.0106115 0.00362482 0.0740026 
0.778009 0.0095549 0.0295481 0.0382529 0.0106986 0.00574441 0.128192 
0.740004 0.0107498 0.0312198 0.060588 0.012734 0.00305911 0.141645 
0.759861 0.00846151 0.0334037 0.0624233 0.0120726 0.00267518 0.121103 
0.693673 0.0100716 0.0320906 0.0741444 0.0133676 0.00546139 0.171191 
0.686827 0.00812158 0.0347252 0.100401 0.0176197 0.00341605 0.14889 
0.701689 0.00952036 0.035414 0.0774294 0.0104625 0.00307599 0.162409 
0.744872 0.010479 0.0274434 0.0587296 0.0143033 0.00442472 0.139748 
0.624188 0.0108823 0.0389992 0.0596205 0.00604123 0.00496773 0.255301 
0.696749 0.0130979 0.0328581 0.0391664 0.00995247 0.00810003 0.200076 
0.720788 0.0101453 0.0359534 0.027191 0.0136837 0.00671578 0.185522 
0.767003 0.0134858 0.0324239 0.0257514 0.00677188 0.00462911 0.149935 
0.696334 0.0122401 0.0315733 0.0439054 0.0157844 0.00471051 0.195453 
0.666591 0.011046 0.0353375 0.0638673 0.0105873 0.00492586 0.207645 
0.766671 0.0118001 0.0316276 0.0408811 0.00662796 0.00496716 0.137425 
0.853765 0.0244151 0.0198719 0.0270803 0.00999966 0.00490062 0.0599678 
0.837615 0.0233605 0.0225268 0.029462 0.00810794 0.00510761 0.0738203 
0.861925 0.0179681 0.0174176 0.0380779 0.0130286 0.00444778 0.0471346 
0.872686 0.0220526 0.0195747 0.032649 0.00479287 0.00409866 0.0441465 
0.867559 0.0160932 0.0242995 0.0296496 0.00368644 0.00414277 0.0545695 
0.859456 0.0132569 0.0286005 0.0187947 0.00346278 0.00840101 0.0680286 
0.882822 0.013655 0.0232582 0.0264139 0.00488461 0.00543171 0.0435348 
0.845192 0.0156888 0.0248272 0.0166617 0.00534858 0.0093995 0.0828824 
0.837983 0.0219193 0.0226191 0.0104514 0.00604141 0.0130273 0.0879584 
0.84657 0.0192174 0.0204525 0.0173345 0.00625816 0.00998667 0.0801812 
0.756472 0.0140908 0.0296641 0.0106776 0.00726805 0.00886427 0.172963 
0.814663 0.0153723 0.0279333 0.0226977 0.00525252 0.00655642 0.107525 
0.799152 0.0121114 0.0292029 0.020433 0.00823271 0.00648445 0.124383 
0.797875 0.0217166 0.0301063 0.00609351 0.0112665 0.00943069 0.123512 
0.851009 0.027511 0.0215451 0.00905904 0.0143293 0.00743092 0.0691161 
0.873098 0.019497 0.0221357 0.0180666 0.010443 0.0048453 0.0519144 
0.848854 0.0122496 0.0292484 0.0291083 0.00690675 0.00389944 0.0697335 
0.862074 0.0162619 0.0222639 0.041629 0.00756095 0.00283166 0.0473787 
0.844618 0.0136246 0.0229986 0.0336808 0.0125645 0.00480793 0.0677056 
0.830212 0.0136553 0.0240323 0.0342733 0.0113394 0.0042614 0.0822262 
0.792173 0.0155926 0.027269 0.0311591 0.0120364 0.00413304 0.117637 
0.801291 0.0163854 0.0265004 0.0414557 0.00729276 0.00422393 0.10285 
0.83139 0.0152736 0.02465 0.0255346 0.0140929 0.00531459 0.083744 
0.842409 0.0134467 0.0251402 0.0358754 0.00568714 0.00453357 0.0729076 
0.873739 0.0139229 0.0195838 0.0409893 0.00670615 0.00513259 0.0399265 
0.892083 0.0135104 0.025661 0.0313672 0.00251702 0.00564172 0.0292197 
0.886261 0.02002 0.0183102 0.0284734 0.00539555 0.00567864 0.0358616 
0.801286 0.0164801 0.0242037 0.0436181 0.00959937 0.00795276 0.0968594 
0.810211 0.0133648 0.0269807 0.0353277 0.0089064 0.00454513 0.100665 
0.781668 0.0137939 0.0317793 0.0482163 0.00435485 0.00335692 0.116831 
0.820919 0.0187789 0.0229849 0.0665272 0.00595583 0.00377818 0.0610562 
0.813748 0.011678 0.0276403 0.0543938 0.0077364 0.0039424 0.0808613 
0.811089 0.00958209 0.0300602 0.0569611 0.0092748 0.00258742 0.0804451 
0.856701 0.0112296 0.0238829 0.0429651 0.00857119 0.00315718 0.0534933 
0.756863 0.0149942 0.0293327 0.0633059 0.00645062 0.00444663 0.124607 
0.800892 0.0128584 0.0278343 0.0488195 0.00799706 0.00321285 0.0983855 
0.82851 0.0123129 0.0312462 0.0216916 0.00671009 0.00370419 0.0958252 
0.772864 0.0131578 0.0280194 0.075238 0.00808403 0.00388801 0.0987491 
0.821131 0.0135962 0.0252511 0.0420511 0.00913747 0.00380128 0.0850318 
0.764184 0.00990149 0.0355862 0.0785205 0.0068301 0.00402993 0.100948 
0.779839 0.0124739 0.0329281 0.0246556 0.00682634 0.00379699 0.13948 
0.805581 0.00975517 0.0335099 0.0364916 0.00490768 0.00317951 0.106575 
0.831508 0.0100345 0.0304417 0.0368344 0.00733771 0.00273175 0.0811114 
0.826499 0.0099751 0.0300487 0.0468358 0.00724638 0.00345453 0.0759405 
0.81191 0.0115573 0.0307072 0.0346462 0.00785853 0.0042616 0.099059 
0.68178 0.0104341 0.0437383 0.0172466 0.00614573 0.00541755 0.235238 
0.774908 0.013153 0.0324885 0.0352164 0.00528574 0.00397173 0.134977 
0.798696 0.0140083 0.0269845 0.0348972 0.00688434 0.00475049 0.113779 
0.81716 0.0122772 0.0287849 0.0444895 0.00577348 0.00471289 0.0868016 
0.809873 0.0150657 0.028092 0.037494 0.00623197 0.00544034 0.0978029 
0.846927 0.0110593 0.0272996 0.0337362 0.00711047 0.00448216 0.0693849 
0.824869 0.0113319 0.0284752 0.0254051 0.00776688 0.00461419 0.0975381 
0.82841 0.00895129 0.0302231 0.0574557 0.00657281 0.00448982 0.0638971 
0.844833 0.0130412 0.022764 0.0513322 0.00774315 0.00335158 0.056935 
0.787717 0.0123971 0.0248574 0.0924662 0.0118146 0.00290983 0.0678381 
0.797367 0.0113977 0.0262139 0.076818 0.0114546 0.00367357 0.0730751 
0.772298 0.0123413 0.0294787 0.0901929 0.00708075 0.00394289 0.0846655 
0.837154 0.0140151 0.0294192 0.0583614 0.00388384 0.00338696 0.0537791 
0.778631 0.0108426 0.0327402 0.0655041 0.00636306 0.00519235 0.100727 
0.768594 0.00990306 0.0366247 0.0891766 0.00487733 0.00369918 0.0871253 
0.747696 0.0104404 0.0390618 0.0862246 0.00510015 0.00389732 0.10758 
0.791257 0.00986708 0.0392765 0.0311251 0.00431499 0.00302123 0.121138 
0.842049 0.0101201 0.028127 0.0406144 0.00625177 0.00350714 0.0693309 
0.775234 0.010036 0.036426 0.103013 0.00408079 0.004036 0.0671741 
0.760171 0.0138406 0.0318534 0.0411235 0.00389998 0.00490746 0.144204 
0.770687 0.011884 0.0320568 0.0912885 0.00565598 0.00441197 0.0840162 
0.700393 0.0125304 0.031126 0.104712 0.00878006 0.00445653 0.138002 
0.820973 0.0139875 0.0289589 0.0574609 0.00326735 0.00371005 0.0716424 
0.829054 0.0125038 0.0308427 0.0466497 0.0036684 0.00325886 0.0740224 
0.798908 0.00938407 0.0368072 0.048861 0.00321657 0.0031853 0.0996378 
0.772459 0.0133769 0.0300022 0.0561823 0.00395552 0.00321851 0.120806 
0.742861 0.0123799 0.0334444 0.0531144 0.00624106 0.00534859 0.14661 
0.738041 0.011672 0.0341531 0.0455083 0.00617666 0.00603022 0.158418 
0.702321 0.00964889 0.0402001 0.0873759 0.00757797 0.00530968 0.147566 
0.719451 0.0132592 0.0319088 0.0617 0.00821895 0.00575012 0.159712 
0.736935 0.011952 0.0378687 0.0462285 0.0042739 0.00421417 0.158528 
0.758783 0.0130647 0.0360322 0.071401 0.00337312 0.00523452 0.112111 
0.784905 0.0134916 0.0290442 0.10023 0.00374946 0.0040347 0.064545 
0.707982 0.0141681 0.0306673 0.0542145 0.00608552 0.00794581 0.178937 
0.718739 0.0113319 0.0374438 0.0250808 0.00810342 0.00569126 0.19361 
0.756302 0.0100062 0.0377721 0.0310015 0.00545306 0.00378839 0.155677 
0.780074 0.0120317 0.0357123 0.0298274 0.00527174 0.00447337 0.13261 
0.742167 0.0121217 0.0335079 0.0622365 0.00870562 0.00446137 0.1368 
0.736531 0.0142878 0.0348269 0.0218537 0.00398288 0.00733492 0.181183 
0.715623 0.0144507 0.0365741 0.019563 0.00543411 0.00700307 0.201352 
0.749616 0.0145902 0.0313098 0.0200052 0.0160875 0.00448418 0.163907 
0.802231 0.0126243 0.0289553 0.0259449 0.0109856 0.00406693 0.115192 
0.769698 0.0148386 0.0298744 0.0182125 0.00691515 0.00815526 0.152306 
0.761069 0.0118841 0.0339702 0.0274429 0.00615505 0.0058746 0.153604 
