0.854473 0.0160127 0.0392901 0.0265436 0.00358039 0.00416491 0.0559357 
0.856462 0.0137968 0.0340556 0.0197337 0.00606974 0.00526371 0.0646186 
0.848677 0.0182742 0.0348427 0.0165598 0.00868934 0.0042847 0.0686718 
0.834689 0.0147085 0.0416301 0.0109913 0.00329646 0.0058621 0.088823 
0.863352 0.0114568 0.0384884 0.0385139 0.00423736 0.00401957 0.0399315 
0.867588 0.02161 0.0299729 0.0319099 0.00930501 0.00404186 0.035572 
0.856697 0.0186852 0.0287471 0.0433032 0.00578213 0.00427661 0.0425092 
0.869151 0.0182091 0.0228852 0.0562604 0.0083162 0.00276751 0.0224106 
0.874847 0.017056 0.0228079 0.0429697 0.00913067 0.00364613 0.0295428 
0.886245 0.0124438 0.0310712 0.0204211 0.00446565 0.00231488 0.0430385 
0.886009 0.0242639 0.020595 0.0369822 0.00775951 0.00312023 0.0212702 
0.901586 0.0143956 0.0261793 0.0346309 0.00434137 0.00186055 0.0170068 
0.899654 0.0225722 0.0217658 0.0328694 0.00484128 0.00219016 0.0161068 
0.903426 0.0155551 0.0277908 0.033437 0.00308214 0.0019594 0.0147492 
0.879766 0.0160398 0.0263747 0.0552022 0.00429637 0.0027553 0.0155655 
0.893933 0.0146559 0.0270029 0.0282163 0.00447793 0.00346984 0.0282446 
0.877378 0.0123025 0.0371948 0.0302842 0.00225088 0.00177996 0.0388102 
0.891371 0.0131929 0.0284795 0.0200388 0.00303527 0.00425082 0.0396319 
0.876808 0.0110254 0.0402086 0.0192568 0.00155578 0.00270683 0.0484387 
0.81715 0.0133218 0.0411129 0.0241109 0.00217263 0.0030939 0.0990383 
0.886116 0.0114171 0.0286602 0.0275564 0.00475792 0.00250102 0.0389909 
0.870731 0.0101654 0.0293309 0.0371928 0.00602838 0.00335726 0.0431945 
0.87991 0.0122354 0.0325189 0.0318586 0.00519693 0.00159807 0.0366822 
0.88627 0.0182485 0.0281824 0.0325883 0.00377964 0.00217839 0.0287528 
0.887763 0.0151622 0.0288459 0.0217277 0.00843165 0.00283571 0.0352339 
0.866213 0.0189232 0.0273491 0.0434356 0.00426877 0.00252251 0.0372882 
0.852898 0.0127421 0.0295415 0.0465465 0.00611923 0.00244577 0.0497071 
0.830456 0.0138001 0.0414426 0.0316917 0.00571896 0.00197761 0.0749126 
0.874529 0.0100051 0.0412974 0.0317414 0.00376053 0.00153014 0.0371368 
0.87676 0.0172352 0.0272822 0.0285886 0.012515 0.00208977 0.0355291 
0.869986 0.0195204 0.0279632 0.0302326 0.00791808 0.00268461 0.041695 
0.890755 0.0148214 0.0312653 0.0237776 0.00559784 0.00181154 0.0319711 
0.879396 0.0126569 0.0375509 0.0156971 0.00399273 0.00313465 0.0475717 
0.881044 0.016622 0.0312154 0.0212374 0.00537051 0.00283574 0.041675 
0.890992 0.015289 0.0277491 0.0244595 0.00653578 0.00364214 0.0313323 
0.865104 0.0160957 0.0360267 0.0258739 0.005499 0.00203311 0.0493675 
0.854228 0.0182457 0.0373956 0.0158601 0.00297169 0.00298087 0.0683183 
0.880109 0.013102 0.0304973 0.0320205 0.00979735 0.00220723 0.0322664 
0.871107 0.0159669 0.0298098 0.0200741 0.0158294 0.00242249 0.0447901 
0.864518 0.0186149 0.031592 0.0211085 0.0138251 0.00231991 0.0480219 
0.888337 0.0200839 0.0263785 0.0220049 0.00920872 0.00320178 0.0307851 
0.86392 0.0157263 0.027983 0.0341817 0.0112529 0.00498719 0.0419487 
0.844447 0.00794987 0.0334569 0.0330946 0.00964632 0.00195006 0.0694549 
0.78273 0.00893009 0.0398796 0.0345271 0.0113883 0.00428657 0.118258 
0.710943 0.00754313 0.0467221 0.036479 0.0104261 0.00391289 0.183974 
0.807793 0.0078266 0.0442883 0.0171071 0.00616695 0.00353912 0.113279 
0.828821 0.00779891 0.0389525 0.0372001 0.00700243 0.00336081 0.0768646 
0.760557 0.00943406 0.0499999 0.016705 0.0064032 0.00327975 0.153622 
0.824747 0.00897105 0.0374868 0.0324344 0.0102103 0.00365534 0.0824947 
0.817866 0.0134868 0.0342226 0.0139185 0.00821541 0.00350799 0.108783 
0.859836 0.0106809 0.0301522 0.0451743 0.00776461 0.00268529 0.0437067 
0.819953 0.0106601 0.0348524 0.0250185 0.0110607 0.0034745 0.0949811 
0.830445 0.0104713 0.0295767 0.0454329 0.0116431 0.0029941 0.0694374 
0.803604 0.0113553 0.0326948 0.0333849 0.0140987 0.00329972 0.101563 
0.822376 0.0164026 0.0295839 0.0148494 0.00989151 0.00521221 0.101684 
0.77804 0.0127897 0.0341468 0.0251447 0.0176578 0.00539419 0.126827 
0.777352 0.0139495 0.0357276 0.0214894 0.0167775 0.00459854 0.130105 
0.854943 0.0100752 0.0370368 0.0216739 0.00781334 0.00372777 0.0647299 
0.836691 0.0144833 0.0357371 0.0165806 0.0101524 0.00437963 0.0819758 
0.855482 0.0121193 0.0319773 0.017056 0.009188 0.00442797 0.0697497 
0.863079 0.00949263 0.0333724 0.0273645 0.0120437 0.00281062 0.0518371 
0.864863 0.0135107 0.038159 0.0154265 0.00718539 0.00262172 0.0582338 
0.874855 0.0137866 0.0298155 0.0207386 0.00593945 0.0028476 0.052017 
0.84099 0.00858622 0.0347968 0.0383015 0.00701331 0.00454951 0.0657622 
0.857365 0.0131866 0.0280503 0.024021 0.00624654 0.00386319 0.0672676 
0.821371 0.0119048 0.0323775 0.0584693 0.00769746 0.00315784 0.0650224 
0.840486 0.0117207 0.0368351 0.0292884 0.00362558 0.00275703 0.0752871 
0.815804 0.0117735 0.0330528 0.0506552 0.00702778 0.00297382 0.078713 
0.750808 0.0116826 0.0382956 0.0561606 0.0133978 0.00358894 0.126067 
0.844447 0.00794987 0.0334569 0.0330946 0.00964632 0.00195006 0.0694549 
0.78273 0.00893009 0.0398796 0.0345271 0.0113883 0.00428657 0.118258 
0.710943 0.00754313 0.0467221 0.036479 0.0104261 0.00391289 0.183974 
0.807793 0.0078266 0.0442883 0.0171071 0.00616695 0.00353912 0.113279 
0.828821 0.00779891 0.0389525 0.0372001 0.00700243 0.00336081 0.0768646 
0.760557 0.00943406 0.0499999 0.016705 0.0064032 0.00327975 0.153622 
0.824747 0.00897105 0.0374868 0.0324344 0.0102103 0.00365534 0.0824947 
0.817866 0.0134868 0.0342226 0.0139185 0.00821541 0.00350799 0.108783 
0.859836 0.0106809 0.0301522 0.0451743 0.00776461 0.00268529 0.0437067 
0.819953 0.0106601 0.0348524 0.0250185 0.0110607 0.0034745 0.0949811 
0.830445 0.0104713 0.0295767 0.0454329 0.0116431 0.0029941 0.0694374 
0.803604 0.0113553 0.0326948 0.0333849 0.0140987 0.00329972 0.101563 
0.822376 0.0164026 0.0295839 0.0148494 0.00989151 0.00521221 0.101684 
0.77804 0.0127897 0.0341468 0.0251447 0.0176578 0.00539419 0.126827 
0.777352 0.0139495 0.0357276 0.0214894 0.0167775 0.00459854 0.130105 
0.854943 0.0100752 0.0370368 0.0216739 0.00781334 0.00372777 0.0647299 
0.836691 0.0144833 0.0357371 0.0165806 0.0101524 0.00437963 0.0819758 
0.855482 0.0121193 0.0319773 0.017056 0.009188 0.00442797 0.0697497 
0.863079 0.00949263 0.0333724 0.0273645 0.0120437 0.00281062 0.0518371 
0.864863 0.0135107 0.038159 0.0154265 0.00718539 0.00262172 0.0582338 
0.874855 0.0137866 0.0298155 0.0207386 0.00593945 0.0028476 0.052017 
0.84099 0.00858622 0.0347968 0.0383015 0.00701331 0.00454951 0.0657622 
0.857365 0.0131866 0.0280503 0.024021 0.00624654 0.00386319 0.0672676 
0.821371 0.0119048 0.0323775 0.0584693 0.00769746 0.00315784 0.0650224 
0.840486 0.0117207 0.0368351 0.0292884 0.00362558 0.00275703 0.0752871 
0.815804 0.0117735 0.0330528 0.0506552 0.00702778 0.00297382 0.078713 
0.750808 0.0116826 0.0382956 0.0561606 0.0133978 0.00358894 0.126067 
0.756863 0.0149942 0.0293327 0.0633059 0.00645062 0.00444663 0.124607 
0.800892 0.0128584 0.0278343 0.0488195 0.00799706 0.00321285 0.0983855 
0.82851 0.0123129 0.0312462 0.0216916 0.00671009 0.00370419 0.0958252 
0.772864 0.0131578 0.0280194 0.075238 0.00808403 0.00388801 0.0987491 
0.821131 0.0135962 0.0252511 0.0420511 0.00913747 0.00380128 0.0850318 
0.764184 0.00990149 0.0355862 0.0785205 0.0068301 0.00402993 0.100948 
0.779839 0.0124739 0.0329281 0.0246556 0.00682634 0.00379699 0.13948 
0.805581 0.00975517 0.0335099 0.0364916 0.00490768 0.00317951 0.106575 
0.831508 0.0100345 0.0304417 0.0368344 0.00733771 0.00273175 0.0811114 
0.826499 0.0099751 0.0300487 0.0468358 0.00724638 0.00345453 0.0759405 
0.81191 0.0115573 0.0307072 0.0346462 0.00785853 0.0042616 0.099059 
0.68178 0.0104341 0.0437383 0.0172466 0.00614573 0.00541755 0.235238 
0.774908 0.013153 0.0324885 0.0352164 0.00528574 0.00397173 0.134977 
0.798696 0.0140083 0.0269845 0.0348972 0.00688434 0.00475049 0.113779 
0.81716 0.0122772 0.0287849 0.0444895 0.00577348 0.00471289 0.0868016 
0.809873 0.0150657 0.028092 0.037494 0.00623197 0.00544034 0.0978029 
0.846927 0.0110593 0.0272996 0.0337362 0.00711047 0.00448216 0.0693849 
0.824869 0.0113319 0.0284752 0.0254051 0.00776688 0.00461419 0.0975381 
0.82841 0.00895129 0.0302231 0.0574557 0.00657281 0.00448982 0.0638971 
0.844833 0.0130412 0.022764 0.0513322 0.00774315 0.00335158 0.056935 
0.787717 0.0123971 0.0248574 0.0924662 0.0118146 0.00290983 0.0678381 
0.797367 0.0113977 0.0262139 0.076818 0.0114546 0.00367357 0.0730751 
0.772298 0.0123413 0.0294787 0.0901929 0.00708075 0.00394289 0.0846655 
0.837154 0.0140151 0.0294192 0.0583614 0.00388384 0.00338696 0.0537791 
0.778631 0.0108426 0.0327402 0.0655041 0.00636306 0.00519235 0.100727 
0.768594 0.00990306 0.0366247 0.0891766 0.00487733 0.00369918 0.0871253 
0.747696 0.0104404 0.0390618 0.0862246 0.00510015 0.00389732 0.10758 
0.791257 0.00986708 0.0392765 0.0311251 0.00431499 0.00302123 0.121138 
0.842049 0.0101201 0.028127 0.0406144 0.00625177 0.00350714 0.0693309 
0.844447 0.00794987 0.0334569 0.0330946 0.00964632 0.00195006 0.0694549 
0.78273 0.00893009 0.0398796 0.0345271 0.0113883 0.00428657 0.118258 
0.710943 0.00754313 0.0467221 0.036479 0.0104261 0.00391289 0.183974 
0.807793 0.0078266 0.0442883 0.0171071 0.00616695 0.00353912 0.113279 
0.828821 0.00779891 0.0389525 0.0372001 0.00700243 0.00336081 0.0768646 
0.760557 0.00943406 0.0499999 0.016705 0.0064032 0.00327975 0.153622 
0.824747 0.00897105 0.0374868 0.0324344 0.0102103 0.00365534 0.0824947 
0.817866 0.0134868 0.0342226 0.0139185 0.00821541 0.00350799 0.108783 
0.859836 0.0106809 0.0301522 0.0451743 0.00776461 0.00268529 0.0437067 
0.819953 0.0106601 0.0348524 0.0250185 0.0110607 0.0034745 0.0949811 
0.830445 0.0104713 0.0295767 0.0454329 0.0116431 0.0029941 0.0694374 
0.803604 0.0113553 0.0326948 0.0333849 0.0140987 0.00329972 0.101563 
0.822376 0.0164026 0.0295839 0.0148494 0.00989151 0.00521221 0.101684 
0.77804 0.0127897 0.0341468 0.0251447 0.0176578 0.00539419 0.126827 
0.777352 0.0139495 0.0357276 0.0214894 0.0167775 0.00459854 0.130105 
0.854943 0.0100752 0.0370368 0.0216739 0.00781334 0.00372777 0.0647299 
0.836691 0.0144833 0.0357371 0.0165806 0.0101524 0.00437963 0.0819758 
0.855482 0.0121193 0.0319773 0.017056 0.009188 0.00442797 0.0697497 
0.863079 0.00949263 0.0333724 0.0273645 0.0120437 0.00281062 0.0518371 
0.864863 0.0135107 0.038159 0.0154265 0.00718539 0.00262172 0.0582338 
0.874855 0.0137866 0.0298155 0.0207386 0.00593945 0.0028476 0.052017 
0.84099 0.00858622 0.0347968 0.0383015 0.00701331 0.00454951 0.0657622 
0.857365 0.0131866 0.0280503 0.024021 0.00624654 0.00386319 0.0672676 
0.821371 0.0119048 0.0323775 0.0584693 0.00769746 0.00315784 0.0650224 
0.840486 0.0117207 0.0368351 0.0292884 0.00362558 0.00275703 0.0752871 
0.815804 0.0117735 0.0330528 0.0506552 0.00702778 0.00297382 0.078713 
0.750808 0.0116826 0.0382956 0.0561606 0.0133978 0.00358894 0.126067 
0.745899 0.0084105 0.0332604 0.0703299 0.0137168 0.00506722 0.123316 
0.687641 0.014243 0.0370032 0.0331489 0.0115756 0.0071144 0.209274 
0.707855 0.0112815 0.0363894 0.0272169 0.00626601 0.00632321 0.204668 
0.692113 0.0111656 0.0371063 0.0374103 0.00557698 0.00689859 0.209729 
0.756423 0.0125903 0.0313525 0.0517008 0.00653697 0.00427894 0.137118 
0.769033 0.0106177 0.0340634 0.0486998 0.00583696 0.00360893 0.12814 
0.816122 0.0136947 0.0257856 0.039462 0.00659059 0.00702417 0.0913212 
0.682985 0.00999311 0.0395575 0.120522 0.00788744 0.00661345 0.132441 
0.693855 0.0116193 0.029458 0.0863906 0.0102502 0.00569103 0.162735 
0.753873 0.00913224 0.0278715 0.0678846 0.0191216 0.00415557 0.117962 
0.745784 0.0102309 0.0265577 0.0639483 0.0275209 0.00536587 0.120593 
0.774332 0.010332 0.0287489 0.0582599 0.022817 0.00437643 0.101134 
0.794697 0.00950318 0.028316 0.0596282 0.0155884 0.00383617 0.0884307 
0.738521 0.0116126 0.0320065 0.0740601 0.0146223 0.00443178 0.124746 
0.786794 0.0130189 0.0277714 0.0578015 0.00907742 0.00379878 0.101738 
0.748892 0.0133839 0.0321718 0.0514253 0.00671394 0.00586666 0.141547 
0.749628 0.0145908 0.0335496 0.049061 0.00390584 0.00546165 0.143803 
0.769791 0.0123291 0.0345607 0.0603954 0.00673383 0.00339145 0.112799 
0.792699 0.0150536 0.0344387 0.0488275 0.00506051 0.00305062 0.10087 
0.750168 0.0144038 0.0319306 0.0762346 0.00816761 0.00306688 0.116029 
0.703177 0.0141265 0.032943 0.0505313 0.0091451 0.00464007 0.185437 
0.725557 0.0138879 0.0328614 0.0192699 0.00898516 0.00568807 0.193751 
0.700035 0.0195663 0.0305689 0.0225951 0.00721657 0.00673751 0.213281 
0.693186 0.0143803 0.0331705 0.0301232 0.00710137 0.00874685 0.213292 
0.670307 0.0169706 0.0310762 0.0199764 0.00695943 0.0067663 0.247944 
0.533466 0.0226559 0.0303125 0.00837378 0.00914435 0.0110464 0.385001 
0.83284 0.0209785 0.0208853 0.01787 0.0125107 0.00625092 0.088665 
0.827025 0.0116536 0.0259671 0.0372261 0.00880008 0.00367956 0.0856484 
0.804991 0.0107267 0.0293009 0.0431539 0.0100663 0.00382308 0.0979384 
0.767813 0.0117716 0.0313134 0.0363824 0.0103507 0.00512208 0.137247 
0.749271 0.0149957 0.0295038 0.0281818 0.00903458 0.00547452 0.163538 
0.695931 0.0143073 0.0305623 0.0394889 0.0115003 0.00448095 0.203729 
0.729738 0.0146351 0.0289518 0.0319019 0.0132711 0.00556569 0.175936 
0.805441 0.00997255 0.0278699 0.049112 0.0109068 0.00371444 0.0929829 
0.721872 0.0101674 0.0345198 0.0471537 0.011124 0.00493526 0.170228 
0.690952 0.0119839 0.0341358 0.0578599 0.00955739 0.00551636 0.189994 
0.699475 0.0116369 0.030682 0.0906012 0.0110562 0.00416361 0.152385 
0.687409 0.00853612 0.0421618 0.0498624 0.016748 0.00468489 0.190597 
0.705274 0.0128347 0.0349491 0.0267684 0.0107784 0.00462512 0.20477 
0.715599 0.0133207 0.0309122 0.041079 0.0117181 0.00476832 0.182603 
0.720643 0.011024 0.0306158 0.107164 0.011177 0.00307328 0.116303 
0.739326 0.0113443 0.0336087 0.0662665 0.0077323 0.00358495 0.138137 
0.762389 0.0138108 0.0304109 0.030957 0.00600674 0.0062544 0.150172 
0.818527 0.0183545 0.0215674 0.0337972 0.00878645 0.00554821 0.0934192 
0.809841 0.0215634 0.0209683 0.0372202 0.0112685 0.00575715 0.0933818 
0.821686 0.0173318 0.020578 0.064583 0.00854188 0.00464583 0.0626338 
0.795577 0.0138027 0.0224626 0.0572342 0.010398 0.00576071 0.0947651 
0.865768 0.0135615 0.0228196 0.0270881 0.00650827 0.00576412 0.0584903 
0.852347 0.0132385 0.024919 0.0377314 0.00593163 0.00341523 0.0624177 
0.858338 0.0135734 0.0186116 0.0699568 0.00958856 0.00307762 0.0268541 
0.856905 0.0168615 0.0237433 0.0426013 0.00493139 0.00345625 0.051501 
0.833707 0.0126622 0.0256727 0.039092 0.00798243 0.00294248 0.0779416 
0.712681 0.0222757 0.0328029 0.0162435 0.0164314 0.00236438 0.197201 
0.617086 0.0677584 0.031895 0.00277086 0.00812474 0.0100168 0.262348 
0.277557 0.0648955 0.0586959 0.00294082 0.0129616 0.0224399 0.56051 
0.528804 0.0870937 0.0530043 0.00278679 0.0257109 0.0159632 0.286637 
0.717976 0.0463936 0.0518813 0.00251053 0.00597491 0.00571096 0.169553 
0.89713 0.0180506 0.0400118 0.00949877 0.00261943 0.00334085 0.029349 
0.863778 0.0262643 0.0375552 0.0534543 0.00243085 0.00287292 0.0136443 
0.826376 0.0168555 0.0347015 0.0947693 0.00320318 0.00690938 0.0171851 
0.820391 0.0242463 0.0294792 0.107697 0.0031237 0.00392479 0.0111378 
0.892478 0.0290648 0.0314865 0.02072 0.00284602 0.00368383 0.0197212 
0.866919 0.038618 0.0356485 0.00859991 0.00195919 0.00532176 0.042934 
0.821925 0.0486744 0.0422856 0.00512522 0.00193791 0.0100097 0.0700421 
0.857842 0.037785 0.0381348 0.00519324 0.00236788 0.00728189 0.051395 
0.882838 0.0204748 0.0466109 0.010697 0.00125113 0.0092851 0.0288429 
0.884064 0.0245388 0.0388225 0.0187732 0.00251975 0.0105538 0.0207274 
0.853058 0.0334704 0.0420675 0.0414778 0.00164837 0.00841829 0.0198592 
0.825831 0.0631887 0.0237938 0.0602977 0.00501826 0.00578223 0.0160888 
0.864261 0.061465 0.0233587 0.0218212 0.00614272 0.00515792 0.0177937 
0.877514 0.0362818 0.0221817 0.0417268 0.00822141 0.0017549 0.012319 
0.848411 0.0462499 0.0182225 0.0635751 0.00922876 0.00284618 0.0114664 
0.860286 0.0309032 0.0268256 0.0603008 0.00384307 0.00252898 0.0153122 
0.864627 0.0392476 0.0221464 0.0435365 0.00666779 0.00339056 0.0203843 
0.86069 0.0241562 0.0186998 0.063185 0.00976557 0.00332841 0.0201754 
0.865438 0.0421161 0.0301476 0.0288715 0.00306197 0.00272296 0.0276423 
0.840492 0.0669624 0.0224752 0.0414142 0.00657585 0.003299 0.0187817 
0.846498 0.0485391 0.0201828 0.0584426 0.00891417 0.00303905 0.0143847 
0.866014 0.0258719 0.0309751 0.0561365 0.00362445 0.00242316 0.0149549 
0.884531 0.0340633 0.0286002 0.0297604 0.00353404 0.00351331 0.015998 
0.831896 0.0362954 0.0217811 0.0800434 0.00847771 0.00222332 0.0192829 
0.839297 0.0348835 0.0261454 0.0716468 0.00656239 0.00254763 0.0189171 
0.854625 0.0299758 0.035649 0.0553908 0.00326125 0.00211016 0.0189883 
0.869599 0.019948 0.0430793 0.0382733 0.00231661 0.00279076 0.0239933 
0.87551 0.0315767 0.0286474 0.0325993 0.00424309 0.00327507 0.0241482 
0.876296 0.0365586 0.0275177 0.0346393 0.00392479 0.00359583 0.0174674 
0.844447 0.00794987 0.0334569 0.0330946 0.00964632 0.00195006 0.0694549 
0.78273 0.00893009 0.0398796 0.0345271 0.0113883 0.00428657 0.118258 
0.710943 0.00754313 0.0467221 0.036479 0.0104261 0.00391289 0.183974 
0.807793 0.0078266 0.0442883 0.0171071 0.00616695 0.00353912 0.113279 
0.828821 0.00779891 0.0389525 0.0372001 0.00700243 0.00336081 0.0768646 
0.760557 0.00943406 0.0499999 0.016705 0.0064032 0.00327975 0.153622 
0.824747 0.00897105 0.0374868 0.0324344 0.0102103 0.00365534 0.0824947 
0.817866 0.0134868 0.0342226 0.0139185 0.00821541 0.00350799 0.108783 
0.859836 0.0106809 0.0301522 0.0451743 0.00776461 0.00268529 0.0437067 
0.819953 0.0106601 0.0348524 0.0250185 0.0110607 0.0034745 0.0949811 
0.830445 0.0104713 0.0295767 0.0454329 0.0116431 0.0029941 0.0694374 
0.803604 0.0113553 0.0326948 0.0333849 0.0140987 0.00329972 0.101563 
0.822376 0.0164026 0.0295839 0.0148494 0.00989151 0.00521221 0.101684 
0.77804 0.0127897 0.0341468 0.0251447 0.0176578 0.00539419 0.126827 
0.777352 0.0139495 0.0357276 0.0214894 0.0167775 0.00459854 0.130105 
0.854943 0.0100752 0.0370368 0.0216739 0.00781334 0.00372777 0.0647299 
0.836691 0.0144833 0.0357371 0.0165806 0.0101524 0.00437963 0.0819758 
0.855482 0.0121193 0.0319773 0.017056 0.009188 0.00442797 0.0697497 
0.863079 0.00949263 0.0333724 0.0273645 0.0120437 0.00281062 0.0518371 
0.864863 0.0135107 0.038159 0.0154265 0.00718539 0.00262172 0.0582338 
0.874855 0.0137866 0.0298155 0.0207386 0.00593945 0.0028476 0.052017 
0.84099 0.00858622 0.0347968 0.0383015 0.00701331 0.00454951 0.0657622 
0.857365 0.0131866 0.0280503 0.024021 0.00624654 0.00386319 0.0672676 
0.821371 0.0119048 0.0323775 0.0584693 0.00769746 0.00315784 0.0650224 
0.840486 0.0117207 0.0368351 0.0292884 0.00362558 0.00275703 0.0752871 
0.815804 0.0117735 0.0330528 0.0506552 0.00702778 0.00297382 0.078713 
0.750808 0.0116826 0.0382956 0.0561606 0.0133978 0.00358894 0.126067 
0.85485 0.0213217 0.0220581 0.0765049 0.00395307 0.00279658 0.0185153 
0.861113 0.0312456 0.0178948 0.0589199 0.0072423 0.00491264 0.0186721 
0.87317 0.0215538 0.0181777 0.0528095 0.00923381 0.00369501 0.0213601 
0.878387 0.0225666 0.0172114 0.0533348 0.0117629 0.00336291 0.0133745 
0.858663 0.0277443 0.0152686 0.0634684 0.0176867 0.00336912 0.0137994 
0.842802 0.0267846 0.0167971 0.0902068 0.0091018 0.00287316 0.011434 
0.847268 0.0249982 0.0215024 0.0828841 0.0077892 0.00249458 0.0130631 
0.881507 0.020857 0.0226843 0.0527921 0.00431452 0.00298645 0.0148589 
0.884311 0.0203211 0.0276726 0.0474337 0.00352852 0.00306816 0.0136652 
0.86088 0.0186502 0.0239012 0.073453 0.00473879 0.00292665 0.0154499 
0.857933 0.0199704 0.0227225 0.0720851 0.00511858 0.00362194 0.0185486 
0.835166 0.020217 0.0234871 0.0967906 0.00524812 0.00395247 0.0151382 
0.892519 0.0170208 0.024739 0.0353596 0.00637902 0.00422824 0.019754 
0.867144 0.0164791 0.0258789 0.0541783 0.00501759 0.00427351 0.0270284 
0.86075 0.013963 0.0276997 0.06682 0.00503564 0.00295751 0.0227743 
0.881051 0.0142294 0.0280101 0.0501196 0.00392925 0.00350561 0.0191553 
0.826977 0.0187017 0.0219259 0.099486 0.0106094 0.00408787 0.0182121 
0.857277 0.0148739 0.0289853 0.0631941 0.00469282 0.00434498 0.026632 
0.869911 0.0131778 0.0314726 0.0558136 0.00492857 0.00289645 0.0217999 
0.890796 0.0157407 0.027407 0.0343792 0.00592169 0.00339943 0.0223564 
0.824562 0.0105187 0.0331251 0.104821 0.0070154 0.00274114 0.0172168 
0.830227 0.0145348 0.0247053 0.0987698 0.00782713 0.00295057 0.0209849 
0.843263 0.0158457 0.0220107 0.0904628 0.0090045 0.00295655 0.0164569 
0.867615 0.0138349 0.0274837 0.0599807 0.00590059 0.00301029 0.022175 
0.892971 0.0134667 0.0304444 0.039733 0.0034878 0.00371159 0.016186 
0.851428 0.0192169 0.0268947 0.0772224 0.00397434 0.00355763 0.0177056 
0.858379 0.0139079 0.0329682 0.0678733 0.00293642 0.002541 0.0213943 
0.820029 0.0190521 0.0252408 0.112003 0.00436936 0.00198548 0.0173207 
0.831358 0.0208596 0.0191229 0.102286 0.00896062 0.00212984 0.0152831 
0.849954 0.0153693 0.0234104 0.0880884 0.0077743 0.00192667 0.0134768 
0.878431 0.0223798 0.0201389 0.0410719 0.00882874 0.00525515 0.0238944 
0.889084 0.018354 0.0238026 0.0322283 0.0072505 0.00383302 0.0254479 
0.870086 0.019092 0.0250365 0.0214765 0.0149178 0.00470726 0.0446841 
0.900477 0.0164159 0.0288409 0.0154475 0.00516174 0.00483477 0.0288225 
0.876984 0.0149597 0.0279098 0.0553208 0.00527693 0.00259269 0.0169561 
0.865238 0.0142497 0.0237987 0.0708096 0.00740921 0.00364184 0.0148533 
0.864161 0.0128368 0.0278965 0.067794 0.0046258 0.00289902 0.0197871 
0.871389 0.0137482 0.0304085 0.0517357 0.00419009 0.00239703 0.0261314 
0.860434 0.0200099 0.025432 0.0664599 0.00454613 0.00275585 0.0203625 
0.836462 0.012661 0.0304595 0.0943489 0.00505339 0.00227107 0.0187445 
0.869593 0.0232309 0.0230706 0.0525929 0.0062871 0.00339044 0.0218351 
0.89249 0.0147119 0.0281226 0.036639 0.00536275 0.00218444 0.020489 
0.86059 0.0209117 0.0240311 0.059081 0.00544006 0.00297108 0.0269748 
0.831712 0.0236071 0.0178804 0.105453 0.00913433 0.00177757 0.0104356 
0.8176 0.0203464 0.0184449 0.117412 0.0105039 0.00213682 0.0135561 
0.824766 0.0129583 0.0250965 0.105262 0.0106886 0.00236051 0.0188676 
0.870949 0.0144776 0.0246558 0.0687046 0.00587511 0.00236016 0.0129776 
0.826052 0.0181744 0.0193531 0.110738 0.00857592 0.0023473 0.0147594 
0.884656 0.0210412 0.0196267 0.0525542 0.00783377 0.002271 0.0120176 
0.845701 0.0248974 0.0189442 0.0841135 0.00844574 0.00271402 0.0151846 
0.867009 0.0178223 0.0262344 0.0645762 0.00370886 0.00218222 0.0184668 
0.795068 0.0193877 0.0210357 0.141799 0.0059875 0.00264494 0.0140777 
0.850995 0.0215116 0.0276527 0.057707 0.00355883 0.00283201 0.0357423 
0.852648 0.0167264 0.0236757 0.0819821 0.00624295 0.00217564 0.0165489 
0.850505 0.0216721 0.0225326 0.0705574 0.00644314 0.00252242 0.0257672 
0.858273 0.0178346 0.0219892 0.0735571 0.00810509 0.00239747 0.017843 
0.793111 0.020523 0.0186162 0.137682 0.0116626 0.00323713 0.0151679 
