0.767577 0.00457517 0.105681 0.00606684 0.00188811 0.0053802 0.108832 
0.822516 0.0053362 0.0813174 0.00992426 0.00191006 0.00575225 0.0732435 
0.805757 0.00524592 0.0805725 0.0177435 0.00195986 0.00675477 0.0819663 
0.803365 0.00574869 0.0818949 0.0143459 0.00197368 0.00480505 0.0878669 
0.841524 0.00565011 0.0722784 0.0303116 0.00277242 0.00398428 0.0434797 
0.799454 0.00583495 0.0798595 0.00928847 0.00307122 0.0043158 0.0981762 
0.766191 0.00608708 0.0846809 0.00896782 0.00170093 0.00504776 0.127325 
0.804641 0.00592191 0.0845377 0.0197524 0.0014752 0.00419947 0.0794719 
0.760257 0.00500148 0.0899079 0.00955839 0.00146408 0.00568092 0.12813 
0.741954 0.00600313 0.0930704 0.017421 0.00177775 0.00569933 0.134075 
0.760232 0.00595679 0.0858517 0.00993372 0.00155668 0.00303456 0.133435 
0.78613 0.00578377 0.0954448 0.0101478 0.00157385 0.00262046 0.0982992 
0.78309 0.00537102 0.089996 0.0150201 0.00225722 0.00269814 0.101568 
0.804911 0.00527349 0.0848568 0.0177304 0.00218316 0.00253979 0.0825058 
0.836868 0.00542259 0.0794343 0.0122389 0.0018908 0.00251182 0.0616337 
0.830122 0.00556815 0.0861252 0.0206346 0.00213154 0.00242571 0.0529931 
0.819126 0.00551906 0.0785146 0.0251777 0.00255516 0.00320693 0.0659005 
0.791757 0.00466232 0.107807 0.0130923 0.00182701 0.00226907 0.078585 
0.825287 0.00607686 0.0879995 0.00877371 0.00194759 0.00160714 0.0683083 
0.827928 0.00500408 0.0919363 0.0100822 0.00261064 0.00201257 0.0604263 
0.828861 0.00609433 0.0831038 0.00813215 0.00427814 0.00172465 0.0678056 
0.830397 0.00646651 0.0752947 0.0141314 0.00476329 0.00222215 0.066725 
0.842727 0.00521414 0.083061 0.0169143 0.00280021 0.00183501 0.0474484 
0.812178 0.0062111 0.0845047 0.00895432 0.0035956 0.00243588 0.0821209 
0.842531 0.00635085 0.0699703 0.0206458 0.00391813 0.00261039 0.0539739 
0.840195 0.00632687 0.0770874 0.011933 0.00302511 0.00266785 0.0587642 
0.806834 0.00618413 0.0820614 0.0175657 0.00251789 0.00287581 0.0819615 
0.787442 0.00633878 0.0854624 0.0094085 0.00166042 0.00297898 0.106709 
0.837262 0.0086119 0.075236 0.0102338 0.00192767 0.00271981 0.0640087 
0.827263 0.00760733 0.0816277 0.0134458 0.0027865 0.00231301 0.0649569 
0.848835 0.00853023 0.079304 0.017079 0.00233553 0.00207196 0.041844 
0.813678 0.00515576 0.0846272 0.020786 0.00329727 0.0019391 0.0705168 
0.801793 0.00517651 0.0872616 0.0325363 0.00261903 0.00279385 0.0678194 
0.820483 0.00569054 0.0797202 0.0276067 0.00280909 0.00342369 0.0602664 
0.832375 0.00651349 0.0650933 0.0347052 0.00337426 0.00372694 0.0542118 
0.821284 0.00617663 0.0813961 0.0309491 0.0026069 0.00352726 0.0540597 
0.826055 0.00670154 0.0698421 0.0344695 0.00412316 0.00318665 0.0556221 
0.842411 0.00670137 0.0682448 0.0248816 0.00362654 0.00372865 0.0504062 
0.80954 0.0054319 0.0835711 0.0248615 0.00253768 0.00316895 0.070889 
0.71495 0.00463013 0.11224 0.0218236 0.00182211 0.00306376 0.141471 
0.775081 0.00526507 0.095175 0.0263349 0.00174248 0.00356905 0.0928329 
0.814176 0.00555502 0.0832399 0.0356814 0.00248019 0.00298748 0.0558802 
0.797143 0.00657938 0.0790947 0.0263948 0.00329051 0.00379228 0.0837056 
0.766995 0.00618215 0.0811416 0.0321758 0.00332954 0.00538814 0.104788 
0.786438 0.00536779 0.0918102 0.0312742 0.00253169 0.00301757 0.0795607 
0.773764 0.00570404 0.0843356 0.0481905 0.00326144 0.00302865 0.0817155 
0.803119 0.00682123 0.0768331 0.0341178 0.00426705 0.00314784 0.0716941 
0.824255 0.00582216 0.0829894 0.0213371 0.0036882 0.0026953 0.0592133 
0.827028 0.00733636 0.0660671 0.0280161 0.00424915 0.00307091 0.0642327 
0.809203 0.00689924 0.0770459 0.0283897 0.00517495 0.00269352 0.0705937 
0.782615 0.00613819 0.0861982 0.0359536 0.00427264 0.00232554 0.0824971 
0.834895 0.00659096 0.0818028 0.0250428 0.00392389 0.00224598 0.0454982 
0.814282 0.0059497 0.0784324 0.0372627 0.00479449 0.00242183 0.056857 
0.80168 0.00588872 0.0784254 0.0516354 0.00450032 0.002908 0.0549622 
0.742697 0.00614412 0.0788739 0.110114 0.00521188 0.00251859 0.0544411 
0.79359 0.00599814 0.0787422 0.0591517 0.00426221 0.00242693 0.0558283 
0.768118 0.00582486 0.0842068 0.0421794 0.00396541 0.0020699 0.0936359 
0.788218 0.00612352 0.0784073 0.0395237 0.00630102 0.00217237 0.0792537 
0.787203 0.00560342 0.087062 0.0227907 0.002964 0.00305762 0.0913188 
0.769768 0.0060792 0.0944852 0.0339993 0.00252915 0.002578 0.0905615 
0.795222 0.00607798 0.077631 0.0448931 0.00412805 0.00265706 0.0693907 
0.789035 0.00598853 0.0874968 0.060637 0.00327028 0.0027233 0.0508493 
0.787914 0.00583821 0.0839555 0.0444071 0.00404816 0.00305058 0.0707869 
0.772969 0.00530085 0.0962042 0.0346944 0.00292106 0.00302865 0.0848814 
0.772437 0.00493404 0.104608 0.0339053 0.00230488 0.00286028 0.0789505 
0.806658 0.00564899 0.0875664 0.0323041 0.00315404 0.00316788 0.0615003 
0.786627 0.00450957 0.092508 0.0511789 0.00406006 0.00209016 0.0590264 
0.780539 0.00572034 0.0874694 0.0653834 0.00358804 0.00226048 0.0550396 
0.764791 0.00582061 0.0883052 0.0816174 0.00356385 0.00269151 0.0532103 
0.812904 0.00591466 0.0774699 0.0529223 0.00344086 0.00289061 0.0444574 
0.816854 0.00637253 0.0781175 0.0595231 0.00259544 0.00243745 0.0340995 
0.805155 0.00724142 0.0693879 0.0761501 0.00327265 0.00232294 0.0364699 
0.808858 0.00696913 0.0716347 0.0435215 0.00377812 0.00312125 0.0621173 
0.783961 0.00640881 0.0801704 0.0383596 0.00361123 0.00308537 0.084404 
0.770873 0.006419 0.0863596 0.0253719 0.0031543 0.0025821 0.10524 
0.816675 0.00724389 0.0682868 0.0235121 0.00327296 0.00287805 0.0781307 
0.831624 0.00670451 0.0656368 0.0306321 0.00339546 0.00306023 0.058947 
0.802725 0.0058798 0.0837528 0.0231172 0.00187727 0.00309536 0.079553 
0.787442 0.00526213 0.0936301 0.023757 0.00192845 0.00306225 0.0849181 
0.765257 0.00526065 0.0950213 0.028516 0.00207327 0.00299582 0.100876 
0.782948 0.00534914 0.0958805 0.0177326 0.00174922 0.00279058 0.0935498 
0.818476 0.00584751 0.0836474 0.0271438 0.00252315 0.00254849 0.0598136 
0.851589 0.00605062 0.0694996 0.0260187 0.00353501 0.00305141 0.0402557 
0.78682 0.00605455 0.0795445 0.0447372 0.0037413 0.00420331 0.0748995 
0.849918 0.00614677 0.0675651 0.034723 0.00412878 0.00222875 0.0352895 
0.732465 0.10603 0.0126589 0.0878329 0.0395531 0.00546363 0.0159965 
0.757187 0.0767228 0.013945 0.0800198 0.0497529 0.00528172 0.0170906 
0.693307 0.0859897 0.0125371 0.116419 0.0682391 0.00581091 0.0176975 
0.750817 0.0739188 0.0141727 0.0814914 0.0582964 0.005256 0.0160474 
0.701427 0.0878572 0.0128439 0.118222 0.054956 0.00751636 0.0171776 
0.746508 0.0828932 0.0117849 0.100048 0.0411574 0.00557221 0.0120363 
0.704381 0.0931493 0.0120848 0.115478 0.0524452 0.00797532 0.0144865 
0.696116 0.114849 0.0110556 0.113811 0.0416243 0.00790775 0.0146356 
0.763252 0.106406 0.0115685 0.0796981 0.0216691 0.00540933 0.0119967 
0.722235 0.082268 0.0148203 0.145886 0.0147512 0.0075726 0.0124672 
0.707236 0.0770956 0.0140853 0.166945 0.017781 0.00561754 0.0112397 
0.774677 0.0679472 0.0161792 0.105978 0.0150025 0.00612809 0.0140879 
0.762343 0.0567513 0.0177779 0.133377 0.0112751 0.00561764 0.0128587 
0.767163 0.0627416 0.0168198 0.125056 0.0118933 0.00499508 0.011331 
0.714837 0.0791071 0.0159911 0.160533 0.0121186 0.00590581 0.0115083 
0.736504 0.0562916 0.013906 0.159671 0.0170233 0.00598727 0.0106165 
0.837274 0.0329704 0.0185132 0.0772855 0.0109124 0.00702815 0.0160167 
0.791328 0.0359946 0.0164715 0.115998 0.020174 0.00579998 0.0142338 
0.82324 0.0633202 0.0170993 0.0529451 0.0124159 0.00746008 0.0235195 
0.823843 0.040484 0.0189478 0.0780864 0.0109574 0.00726839 0.0204131 
0.800967 0.0361855 0.0175324 0.105604 0.0162116 0.00493268 0.018567 
0.842713 0.0362921 0.021329 0.0619945 0.0144067 0.00392111 0.0193431 
0.814056 0.0287331 0.0243933 0.0925068 0.0145478 0.00385247 0.0219102 
0.857534 0.0337165 0.0242609 0.0483336 0.00969924 0.00444175 0.0220137 
0.792093 0.0520909 0.0200908 0.0880932 0.0180918 0.00681602 0.0227247 
0.826222 0.0456452 0.0213881 0.0677188 0.0138906 0.00512934 0.020006 
0.808233 0.0322096 0.0232769 0.0890062 0.013273 0.00592866 0.0280723 
0.845092 0.0296285 0.0232637 0.0614267 0.0111679 0.00501874 0.024403 
0.855615 0.0243263 0.0301263 0.0552956 0.00825996 0.00330849 0.0230688 
0.868531 0.0286698 0.0249876 0.0483317 0.011229 0.00312165 0.0151292 
0.862101 0.0241612 0.0289886 0.0588114 0.00540796 0.00392022 0.0166098 
0.855118 0.0219478 0.0323195 0.0563882 0.0048315 0.00416173 0.0252338 
0.86993 0.0182293 0.0349632 0.0536738 0.00335046 0.00297667 0.0168768 
0.880736 0.0257583 0.0260898 0.0326635 0.00471763 0.00682707 0.0232077 
0.854848 0.0265858 0.0243323 0.067547 0.00545477 0.00619635 0.0150359 
0.873333 0.0214441 0.0248846 0.0406291 0.00853187 0.00650838 0.0246692 
0.843653 0.0223861 0.0237692 0.069272 0.0110777 0.00676023 0.023082 
0.810967 0.0197816 0.0262811 0.09935 0.0132627 0.00542381 0.0249339 
0.813194 0.0162855 0.0265655 0.0984432 0.0147462 0.00647083 0.0242947 
0.804454 0.020514 0.0257323 0.105324 0.00740037 0.00840941 0.0281665 
0.802193 0.022779 0.0192881 0.108136 0.0192027 0.0077007 0.0207008 
0.821879 0.020733 0.02166 0.0987344 0.0145746 0.00498096 0.0174381 
0.729827 0.0332825 0.0184164 0.164382 0.0244987 0.0100693 0.0195243 
0.847353 0.0255103 0.0254399 0.0562791 0.011242 0.0082118 0.0259643 
0.808011 0.0239663 0.0213848 0.111814 0.00997393 0.00747258 0.0173779 
0.785203 0.0222737 0.0233561 0.128478 0.015707 0.00649302 0.0184892 
0.836954 0.0121498 0.0359997 0.0731455 0.00600588 0.00485823 0.0308873 
0.818598 0.0290122 0.0195539 0.104129 0.0101219 0.00489841 0.0136864 
0.858857 0.0147302 0.0318888 0.0670764 0.00561023 0.00272091 0.0191161 
0.86106 0.0168922 0.0292107 0.0630597 0.00493767 0.00672208 0.0181176 
0.859645 0.0160743 0.0311384 0.0465352 0.00992757 0.00641909 0.0302604 
0.870615 0.0148514 0.0324958 0.0484324 0.00466492 0.00554787 0.0233928 
0.782558 0.0176668 0.0341014 0.112668 0.00846242 0.00812674 0.0364164 
0.817643 0.0200018 0.0292725 0.0919772 0.00749476 0.00644413 0.0271664 
0.802704 0.0183648 0.0336758 0.0968623 0.00649765 0.00841063 0.033485 
0.868156 0.0240576 0.0248349 0.0463117 0.00938847 0.00662404 0.0206269 
0.857182 0.0194754 0.0306515 0.0604333 0.00642163 0.00420136 0.0216351 
0.822954 0.0183887 0.0298514 0.0998342 0.00625055 0.0043317 0.0183891 
0.852959 0.0186624 0.0247136 0.0721815 0.00584531 0.00653393 0.0191044 
0.858554 0.0146961 0.0321 0.0536609 0.00546465 0.00631925 0.0292049 
0.84937 0.014757 0.0319313 0.0711256 0.0053669 0.00472497 0.0227246 
0.830499 0.0164151 0.0337094 0.0805249 0.00491388 0.00505137 0.0288861 
0.84669 0.0171865 0.0327604 0.056479 0.00689687 0.00402612 0.0359608 
0.850039 0.0183178 0.0348557 0.0631177 0.00369137 0.00431829 0.0256606 
0.861511 0.0168756 0.0316111 0.0497174 0.0070332 0.00379065 0.0294606 
0.861396 0.0194706 0.0266243 0.0515906 0.00906717 0.00455996 0.0272911 
0.866877 0.0209993 0.031022 0.0489569 0.00520873 0.0033814 0.0235548 
0.863867 0.0241693 0.0245781 0.0494301 0.00728281 0.00587264 0.0248 
0.832665 0.0226343 0.0303894 0.068728 0.00645913 0.00539479 0.0337293 
0.860982 0.0130168 0.0392323 0.0475527 0.00383283 0.00289188 0.0324915 
0.819967 0.0212232 0.0318358 0.0678509 0.00657617 0.0101154 0.0424312 
0.806374 0.0168676 0.0387278 0.078706 0.00427673 0.00835124 0.0466969 
0.733009 0.011958 0.0586703 0.169447 0.00193151 0.00237036 0.022613 
0.764077 0.0147068 0.0613168 0.119032 0.00167481 0.00267822 0.0365138 
0.75487 0.0128706 0.0496193 0.160925 0.00209783 0.00178889 0.0178289 
0.803167 0.0149062 0.0512328 0.088266 0.00282532 0.0015528 0.03805 
0.82078 0.0151506 0.0598893 0.0614208 0.00158265 0.00188022 0.0392969 
0.807393 0.012664 0.0612306 0.0835375 0.0019631 0.00184357 0.0313681 
0.827053 0.013433 0.0608796 0.0490525 0.00220182 0.00144667 0.045933 
0.853948 0.0142214 0.0557041 0.0458596 0.00225422 0.00144695 0.0265653 
0.834017 0.00889202 0.0636885 0.0528792 0.00235408 0.00176366 0.0364052 
0.787396 0.0112555 0.0557578 0.0963947 0.00223496 0.00178992 0.0451714 
0.799333 0.0152481 0.046288 0.106401 0.00219794 0.00173034 0.0288017 
0.832751 0.0196366 0.0487632 0.0652827 0.00155268 0.00206666 0.0299469 
0.807113 0.0207458 0.048228 0.0906136 0.00222094 0.001656 0.0294231 
0.83201 0.0295765 0.0415238 0.0668654 0.00220644 0.00227579 0.0255424 
0.832424 0.0425755 0.0321703 0.0054976 0.0109509 0.0144034 0.0619781 
0.70715 0.139545 0.0216782 0.00378466 0.0221458 0.0636932 0.0420037 
0.718033 0.123756 0.0236737 0.00586626 0.0335413 0.0461675 0.0489615 
0.68159 0.165857 0.0147683 0.0162234 0.0601334 0.028458 0.0329692 
0.766489 0.0949396 0.0131621 0.018597 0.0506826 0.0280873 0.028043 
0.638268 0.115758 0.010683 0.0412068 0.117247 0.0488249 0.0280127 
0.560003 0.158088 0.0119477 0.0579574 0.139492 0.043432 0.0290803 
0.64758 0.184571 0.0128202 0.0484961 0.04545 0.0313834 0.0296992 
0.656069 0.192645 0.012443 0.0524121 0.0356938 0.0260673 0.0246695 
0.693436 0.179429 0.0128193 0.0380669 0.0240684 0.0216951 0.0304855 
0.720739 0.147522 0.0171437 0.0284256 0.0128717 0.0333637 0.0399351 
0.733042 0.121909 0.0165768 0.0388934 0.0200482 0.029681 0.0398493 
0.760043 0.125127 0.0198949 0.0189047 0.00948254 0.0244733 0.0420737 
0.777474 0.119245 0.0164698 0.0238761 0.00924879 0.0224924 0.0311932 
0.786771 0.085369 0.0171027 0.024827 0.010333 0.0318777 0.0437193 
0.803916 0.0747639 0.0170588 0.0203823 0.011443 0.0193807 0.0530555 
0.81278 0.0612956 0.0162176 0.0552151 0.0105734 0.0126298 0.0312888 
0.761786 0.0171473 0.029343 0.127477 0.00588653 0.0082825 0.050078 
0.719947 0.0119851 0.0457924 0.148289 0.00374967 0.00831727 0.0619186 
0.506736 0.0114905 0.0459675 0.389082 0.00304504 0.00493904 0.0387391 
0.533968 0.0113267 0.047756 0.345385 0.00443619 0.00363537 0.0534926 
0.467343 0.00923329 0.0391756 0.454677 0.00390286 0.00239133 0.0232768 
0.580933 0.0134242 0.0469174 0.325401 0.00253747 0.00485979 0.0259274 
0.729508 0.0107038 0.0526017 0.155952 0.00288262 0.00575985 0.042592 
0.795126 0.00978862 0.0495362 0.0847041 0.0029709 0.00474534 0.0531285 
0.794433 0.0080085 0.0568463 0.0613927 0.00231063 0.00406663 0.0729421 
0.747849 0.00779882 0.0608659 0.0538074 0.00292474 0.00593994 0.120814 
0.774001 0.0073309 0.062838 0.0539043 0.00258756 0.00636224 0.0929761 
0.82528 0.00767014 0.0497518 0.0472721 0.00285342 0.00636018 0.0608126 
0.832425 0.0088381 0.057953 0.0247783 0.00166653 0.0025046 0.0718341 
0.828289 0.00852518 0.0565705 0.0275548 0.00222353 0.00228726 0.07455 
0.861428 0.00982742 0.043775 0.0264603 0.00205712 0.00294827 0.0535034 
0.845665 0.00907353 0.0476185 0.037855 0.0021215 0.00318602 0.0544802 
0.862081 0.00809764 0.048588 0.0229482 0.00193774 0.00347558 0.0528717 
0.83739 0.0106831 0.0450388 0.0246997 0.00225636 0.0041444 0.0757874 
0.846256 0.00957741 0.0457893 0.0454456 0.00225879 0.00383746 0.0468358 
0.86602 0.0100199 0.0427434 0.0376792 0.00325928 0.00227364 0.0380049 
0.856252 0.00642153 0.059583 0.0269977 0.0015466 0.00230285 0.0468961 
0.855172 0.00864037 0.0480651 0.0367775 0.00206212 0.00338384 0.0458988 
0.867025 0.0112781 0.0387569 0.04056 0.00193595 0.0035856 0.0368585 
0.839706 0.00943553 0.0475637 0.0451455 0.00198548 0.0035527 0.0526106 
0.832307 0.00932909 0.0545629 0.0394833 0.00155844 0.00452024 0.058239 
0.839404 0.00724999 0.0660101 0.0214714 9.50576E-4 0.00263664 0.0622771 
0.85568 0.00783242 0.0604097 0.0215651 0.00120619 0.0032811 0.0500261 
0.843885 0.0086686 0.0553383 0.0212928 0.00150252 0.00335913 0.0659532 
0.840831 0.010542 0.0538226 0.0196025 0.00234986 0.00251064 0.0703416 
0.834893 0.00814374 0.0548395 0.0432606 0.00186269 0.00347337 0.0535276 
0.82416 0.00839796 0.0510813 0.036948 0.00190993 0.00501378 0.0724891 
0.846488 0.00776552 0.0501809 0.037047 0.00185921 0.00311525 0.0535442 
0.773722 0.007278 0.0637597 0.078387 0.00185455 0.00442541 0.0705734 
0.797278 0.00789286 0.0622795 0.0608025 0.00148324 0.00605831 0.064206 
0.828931 0.00716281 0.0557844 0.0329372 0.00161489 0.00482714 0.0687422 
0.73765 0.00900672 0.0610604 0.134458 0.00229658 0.00725713 0.0482715 
0.756065 0.00805743 0.0615319 0.0984636 0.00231379 0.00820633 0.0653624 
0.623126 0.00781248 0.0532289 0.239898 0.00618356 0.00465493 0.0650955 
0.715182 0.00783195 0.0511842 0.163118 0.0050928 0.00396876 0.0536225 
0.746141 0.00767951 0.059702 0.129699 0.00264579 0.00418283 0.0499494 
0.637352 0.00806186 0.0608813 0.243839 0.00371339 0.00560811 0.0405448 
0.650953 0.0086238 0.0766977 0.180112 0.00305771 0.00559938 0.0749567 
0.694009 0.0080315 0.0757037 0.157171 0.00263067 0.00562417 0.0568297 
0.733547 0.00780741 0.0672928 0.126445 0.0020499 0.00483429 0.0580242 
0.764815 0.00814622 0.0680166 0.096058 0.00170835 0.00546388 0.055792 
0.760712 0.00675323 0.0730828 0.089057 0.00189654 0.00527428 0.0632238 
0.770862 0.00591484 0.0726958 0.0567663 0.00165549 0.0045485 0.0875576 
0.767123 0.00741369 0.071241 0.0799889 0.001658 0.00402102 0.068554 
0.75152 0.00675476 0.067934 0.0947361 0.00214265 0.00466422 0.0722486 
0.706514 0.00666549 0.079242 0.113439 0.00218036 0.00452209 0.0874375 
0.801447 0.00608935 0.0613446 0.0753584 0.00236675 0.00277781 0.0506161 
0.768977 0.00690472 0.0664411 0.0769466 0.00221127 0.00364103 0.0748786 
0.816056 0.00556802 0.0697438 0.0454985 0.00149557 0.00284126 0.0587967 
0.826001 0.00594528 0.0732014 0.0399957 0.00155069 0.00184362 0.0514623 
0.815098 0.00606586 0.0692849 0.0513516 0.0018233 0.00239274 0.0539839 
0.77407 0.00588765 0.0752617 0.0825367 0.00199881 0.00299574 0.0572498 
0.770756 0.00597238 0.0748916 0.0649709 0.00209841 0.00242442 0.0788868 
0.702874 0.00680169 0.0787954 0.155016 0.00224678 0.0038389 0.0504264 
0.794881 0.0066618 0.0667266 0.044475 0.00158813 0.00243432 0.0832332 
0.78303 0.00669591 0.0696261 0.0942066 0.00175769 0.002206 0.0424779 
0.823109 0.00603496 0.0744936 0.0424295 0.00170497 0.00180374 0.0504242 
0.748654 0.00582222 0.0825465 0.0976114 0.00358808 0.00144942 0.0603284 
0.773375 0.006262 0.0762493 0.072333 0.0025021 0.00159946 0.0676789 
0.796908 0.00604432 0.0680957 0.0742215 0.00346032 0.00191881 0.0493517 
0.787719 0.00528325 0.0747166 0.0494499 0.00323948 0.00175516 0.0778361 
0.769609 0.0049372 0.07156 0.0843419 0.00380274 0.00235981 0.063389 
0.765644 0.00560311 0.0624839 0.10475 0.00507505 0.00240604 0.0540381 
0.825371 0.00455359 0.070209 0.0433079 0.00390142 0.0013459 0.0513112 
0.747694 0.00479589 0.0874938 0.0268906 0.0038996 0.00146435 0.127762 
0.764894 0.0050219 0.08869 0.0277065 0.00225765 0.00221246 0.109218 
0.769212 0.00563747 0.0807933 0.040559 0.0022648 0.00241921 0.0991139 
0.802764 0.00553204 0.0808137 0.0333336 0.0018934 0.00225123 0.0734119 
0.79791 0.00507291 0.0866786 0.0276413 0.00205726 0.0020733 0.0785662 
0.8109 0.00418533 0.0847496 0.0230282 0.002907 0.00162841 0.0726013 
0.778244 0.00437301 0.0951333 0.018182 0.00229252 0.00161727 0.100158 
0.748621 0.00539747 0.0854514 0.0137255 0.00292205 0.00171422 0.142169 
0.795516 0.00452184 0.0970474 0.0196106 0.00113276 0.00181184 0.0803594 
0.794669 0.00419406 0.0884835 0.0208151 0.00171737 0.00188252 0.0882385 
0.823147 0.00432044 0.0774886 0.0286381 0.00237946 0.00167204 0.0623548 
0.812764 0.00461717 0.0737014 0.054227 0.00267103 0.00204434 0.0499754 
0.812669 0.00449083 0.0762887 0.0401157 0.00310069 0.00154883 0.0617866 
0.773292 0.00460226 0.0821863 0.0363662 0.0031191 0.00161716 0.0988165 
0.801033 0.0041937 0.0748376 0.0389195 0.00361969 0.00172136 0.075675 
0.800261 0.00464112 0.0768775 0.0439021 0.0032797 0.00235775 0.0686809 
0.746537 0.0050119 0.0871189 0.0866877 0.00216646 0.00319224 0.0692861 
0.7802 0.00432952 0.0904887 0.0637487 0.00175804 0.00248075 0.0569938 
0.802265 0.00470605 0.0854078 0.0307018 0.0016655 0.00180635 0.0734479 
0.744906 0.00526213 0.101073 0.081538 0.00165828 0.00284449 0.0627177 
0.698668 0.00442133 0.0996342 0.0557495 0.00205631 0.00227406 0.137197 
0.76013 0.00449866 0.102912 0.0480833 0.00179712 0.00178205 0.0807966 
0.529022 0.00796056 0.112018 0.285772 0.00312729 0.00625274 0.055848 
0.677989 0.0062086 0.0926227 0.0997183 0.00230634 0.00590126 0.115254 
0.771516 0.00544375 0.0839237 0.0635908 0.00149424 0.00416144 0.0698699 
0.819955 0.00456004 0.0783103 0.0238885 0.00217445 0.00265766 0.068454 
0.772397 0.00605777 0.0856822 0.07619 0.00165126 0.00433785 0.0536841 
0.765532 0.00514206 0.0875798 0.0312381 0.00174908 0.00263902 0.10612 
0.737463 0.00513157 0.108487 0.0765016 0.00169074 0.00528486 0.0654414 
0.803455 0.0046877 0.0804977 0.0392506 0.00165718 0.00256879 0.0678827 
0.711474 0.00585169 0.108985 0.0887894 0.00179774 0.00501159 0.0780909 
0.675423 0.00706521 0.103396 0.13382 0.00259558 0.00684823 0.0708521 
0.720418 0.00448816 0.0993555 0.0280788 0.0013004 0.00299805 0.143361 
0.686439 0.00774317 0.0893381 0.00482998 0.0030712 0.00184156 0.206737 
0.782644 0.00566818 0.0697544 0.0240644 0.00421026 0.00357889 0.11008 
0.760887 0.00680112 0.0924286 0.0204112 0.00330207 0.00102869 0.115141 
0.812152 0.00515957 0.0787252 0.015975 0.00156786 0.00347601 0.0829448 
0.752594 0.00639337 0.0728819 0.0181692 0.0037856 0.00166546 0.144511 
0.781849 0.00538462 0.0831842 0.00888352 0.00198086 0.00220245 0.116515 
0.831717 0.00491022 0.0656356 0.0195659 0.00331282 0.00326621 0.0715918 
0.737672 0.00458588 0.092736 0.0160777 0.00233101 0.00228812 0.144309 
0.775478 0.0053823 0.0725014 0.0146639 0.00374436 0.00258266 0.125648 
0.811961 0.00459128 0.0769946 0.0150763 0.00300618 0.00218254 0.0861884 
0.786249 0.00518069 0.0780671 0.0268386 0.00320818 0.00150015 0.0989562 
0.783214 0.00413671 0.081122 0.0493894 0.00403579 0.00173746 0.0763651 
0.751101 0.00425712 0.0905847 0.066788 0.00341677 0.00178889 0.0820633 
0.811959 0.00354089 0.0856998 0.029688 0.00364878 0.00148573 0.0639775 
0.843097 0.0039728 0.0742672 0.0281917 0.00294307 0.00164054 0.0458872 
0.824212 0.00482753 0.0812359 0.0184065 0.00216719 0.0013353 0.0678157 
0.774785 0.00523793 0.100758 0.0596632 0.00149859 0.00220282 0.055855 
0.759653 0.00599582 0.0866747 0.0115453 0.00161454 0.00213074 0.132385 
0.795652 0.0057381 0.0765725 0.0190354 0.00271083 0.00203662 0.0982549 
0.790662 0.00563935 0.0844158 0.0235426 0.00169203 0.00226786 0.0917808 
0.784436 0.00547573 0.0806628 0.0383441 0.00217603 0.00277567 0.08613 
0.792354 0.00638342 0.0707557 0.027829 0.00308635 0.00264822 0.0969428 
0.807962 0.00534298 0.0832553 0.0292375 0.0019715 0.00220473 0.0700263 
0.788056 0.00617084 0.0790963 0.0136227 0.00221995 0.0018396 0.108995 
0.737525 0.00568261 0.0832848 0.0222896 0.00169302 0.00777616 0.141748 
0.752574 0.00628003 0.076294 0.0295558 0.00177073 0.00309636 0.130429 
0.788475 0.00585424 0.0752876 0.0423205 0.00143517 0.00374148 0.0828856 
0.823238 0.00612652 0.0621538 0.0485409 0.00148594 0.00575257 0.0527023 
0.858871 0.0064985 0.0524916 0.0296182 0.00155388 0.00540133 0.0455653 
0.839278 0.00541207 0.0651296 0.0366579 0.00132879 0.00517666 0.0470166 
0.83142 0.0051048 0.0723071 0.0240735 0.00135437 0.0039779 0.0617622 
0.797148 0.00534754 0.0729443 0.0332974 0.00165734 0.00417071 0.0854346 
0.828195 0.00551168 0.0672948 0.0340566 0.00167576 0.00322815 0.0600382 
0.836304 0.00593231 0.0691027 0.0460478 0.00197829 0.00196762 0.0386673 
0.810892 0.00627834 0.0717694 0.0487506 0.00164749 0.00339816 0.0572641 
0.767333 0.00641756 0.0824943 0.0802269 0.00157849 0.00470482 0.057245 
0.788204 0.00605618 0.0722273 0.0627403 0.00166608 0.00443038 0.0646762 
0.82327 0.00609392 0.0654261 0.0425424 0.0022375 0.00331282 0.0571175 
0.826284 0.00684667 0.0633583 0.0317721 0.00153809 0.00453477 0.0656657 
0.821116 0.00628727 0.07201 0.0313447 0.00145232 0.00280243 0.0649876 
0.806552 0.00589991 0.0785798 0.0340533 0.0015399 0.00377724 0.0695983 
0.824621 0.00574738 0.0790368 0.0295784 0.00146628 0.00335923 0.056191 
0.811903 0.00502456 0.0847747 0.0207645 0.00125224 0.00282417 0.0734573 
0.796472 0.00535071 0.0773685 0.0299265 0.00218788 0.00334734 0.0853466 
0.830073 0.00603015 0.0669991 0.0245372 0.00228938 0.00386361 0.0662077 
0.826698 0.00619676 0.0679377 0.0341496 0.00159488 0.00432595 0.0590973 
0.788558 0.00600437 0.0665817 0.0327602 0.00223285 0.00455591 0.0993072 
0.752546 0.00618237 0.0816013 0.0357009 0.00176665 0.0040621 0.11814 
0.777504 0.00658721 0.0813546 0.0195606 0.00122837 0.00297169 0.110794 
0.789904 0.00557355 0.0756447 0.0195035 0.00166133 0.00330724 0.104406 
0.793882 0.00509463 0.0751569 0.0437308 0.00236717 0.00394292 0.0758251 
0.774849 0.00510098 0.0831058 0.0283419 0.0021714 0.00329095 0.10314 
0.791206 0.00579895 0.0746899 0.0292397 0.00199311 0.00424516 0.0928268 
0.807104 0.00651002 0.0654331 0.0488644 0.00270513 0.00393073 0.0654528 
0.829153 0.00620169 0.0599974 0.0219196 0.00222542 0.00491784 0.0755847 
0.816364 0.00680459 0.061365 0.0321503 0.00186745 0.00455688 0.0768913 
0.762241 0.00671306 0.0750631 0.0325107 0.00151801 0.00494204 0.117012 
0.710106 0.00672945 0.0928368 0.0456492 0.00124206 0.00484617 0.138591 
0.773336 0.00565885 0.0776829 0.0343854 0.00177893 0.00550692 0.101651 
0.790088 0.00587137 0.0766149 0.0206297 0.00136985 0.00538521 0.100041 
0.721653 0.00668776 0.074748 0.0193765 0.00203226 0.00786554 0.167637 
0.79645 0.00566079 0.0871668 0.038132 0.00111916 0.00349999 0.0679709 
0.823619 0.0055864 0.0738554 0.0349145 0.00180492 0.00358449 0.0566353 
0.763995 0.00705099 0.070959 0.0728101 0.00208563 0.00486709 0.0782325 
0.784432 0.00567227 0.085431 0.0251817 0.00104414 0.00420287 0.0940356 
0.718529 0.00701575 0.0824363 0.0938921 0.00202081 0.00536271 0.0907434 
0.798587 0.00659765 0.0763001 0.0465624 0.00116147 0.00581544 0.0649762 
0.775355 0.00630865 0.0802808 0.0622634 0.00137083 0.00445401 0.0699671 
0.76636 0.00580484 0.0895267 0.0738239 0.00155406 0.00378053 0.0591504 
0.808418 0.00622354 0.0767204 0.0347565 0.00204356 0.00244122 0.0693967 
0.821775 0.00615069 0.0757564 0.023729 0.00192152 0.00217307 0.0684939 
0.827307 0.00533682 0.0815628 0.0393524 0.00221659 0.00245646 0.0417683 
0.845417 0.00544695 0.0689766 0.0236042 0.00365641 0.00233923 0.0505595 
0.841541 0.00538704 0.0638259 0.0268187 0.00339215 0.00381453 0.0552206 
0.835424 0.0060113 0.0723043 0.0181641 0.00208488 0.00203147 0.0639805 
0.798873 0.00481454 0.0883151 0.0379896 0.00208966 0.00232014 0.065598 
0.795047 0.00436992 0.102873 0.0243063 0.00136718 0.00173688 0.0702988 
0.809503 0.00458218 0.0926479 0.0198551 0.00136034 0.00285861 0.0691928 
0.779895 0.00470873 0.0923426 0.0269596 0.00138788 0.00334106 0.091365 
0.77827 0.00573256 0.091656 0.0687127 0.00144079 0.00374293 0.0504451 
0.802317 0.00485012 0.0876319 0.028643 0.0017261 0.00151514 0.0733169 
0.824512 0.00610668 0.0737464 0.0481206 0.00205771 0.00221704 0.0432391 
0.794575 0.00551507 0.0787168 0.0485908 0.00195159 0.002255 0.0683961 
0.778746 0.00496107 0.0967905 0.0233697 0.00124776 0.00233469 0.0925505 
0.807248 0.00504144 0.0858858 0.0173635 0.0016423 0.00288272 0.0799366 
0.827326 0.00548239 0.0702078 0.043029 0.00247391 0.002727 0.0487536 
0.835505 0.00481137 0.0833065 0.0240281 0.0014997 0.00208159 0.0487678 
0.816987 0.00588283 0.085711 0.035505 0.00222892 0.0021435 0.0515419 
0.851713 0.00672201 0.0637435 0.0268076 0.00257032 0.00202067 0.0464233 
0.821968 0.00473848 0.0835993 0.017181 0.00149012 0.00251343 0.0685096 
0.857585 0.00557516 0.0633079 0.0364609 0.00237741 0.00209377 0.0326003 
0.81982 0.00574877 0.0751515 0.0171596 0.00355307 0.00162878 0.0769382 
0.818498 0.00542468 0.0782011 0.0398734 0.00231592 0.00179121 0.0538955 
0.831714 0.00628106 0.0688441 0.0452056 0.00274766 0.00241008 0.0427971 
0.816772 0.00529201 0.0788425 0.0308606 0.00345186 0.00197153 0.0628095 
0.807504 0.00514423 0.0863375 0.0313554 0.00345859 0.00165217 0.0645485 
0.792358 0.00471713 0.0885993 0.0556231 0.00291552 0.00252268 0.0532648 
0.809933 0.0048353 0.0913217 0.0499546 0.00227909 0.00190428 0.0397725 
0.835488 0.00573399 0.0752809 0.0230654 0.0026594 0.00252266 0.0552499 
0.862568 0.00600424 0.0646334 0.0251958 0.0019896 0.00271894 0.0368901 
0.837614 0.00565989 0.0680398 0.0298804 0.0032542 0.00245732 0.0530947 
0.768789 0.00633902 0.0662817 0.0821117 0.00464334 0.00506505 0.0667706 
0.793441 0.00624588 0.0622603 0.0623543 0.00524689 0.00470555 0.0657461 
0.762575 0.0060648 0.0775091 0.0411985 0.0022158 0.0062841 0.104153 
0.754379 0.00527459 0.0923035 0.0341248 0.00189457 0.00516639 0.106857 
0.73285 0.00635378 0.0929297 0.0734464 0.00182801 0.00658007 0.0860115 
0.684938 0.00580943 0.0873921 0.0303541 0.00198926 0.00810041 0.181416 
0.759662 0.00585613 0.0780065 0.0391697 0.00209411 0.00526396 0.109948 
0.7855 0.00548186 0.0776088 0.0272409 0.00191636 0.00395745 0.098295 
0.760288 0.00573281 0.0808664 0.0375546 0.00156642 0.0041678 0.109824 
0.752455 0.0053723 0.0855461 0.0331747 0.00160391 0.00398062 0.117867 
0.79144 0.00543414 0.0835185 0.0183449 0.00164448 0.00342072 0.0961977 
0.768455 0.00603478 0.0831549 0.0377535 0.00138576 0.00383322 0.0993827 
0.819974 0.004853 0.0778231 0.0382243 0.00238986 0.00415846 0.0525776 
0.734192 0.00503469 0.0902171 0.0344847 0.00152731 0.00285261 0.131691 
0.796873 0.00508556 0.081051 0.0310493 0.00205107 0.00334761 0.0805429 
0.802453 0.00491914 0.0755403 0.0379884 0.00251856 0.0028736 0.0737067 
0.819464 0.00558141 0.0695579 0.0476254 0.0025724 0.00303163 0.0521672 
0.779606 0.00654846 0.0779547 0.0658605 0.00230433 0.00310206 0.0646243 
0.841661 0.00612177 0.0692454 0.0317998 0.00148878 0.0029047 0.0467788 
0.810913 0.00688265 0.0620747 0.0541317 0.00217089 0.0040892 0.0597379 
0.792723 0.00614259 0.0783873 0.0255814 0.00128677 0.00449981 0.0913794 
0.798247 0.00580997 0.0803262 0.0357643 0.00172837 0.00603246 0.0720918 
0.758637 0.00578432 0.0945996 0.0199032 0.00108903 0.00556635 0.11442 
0.814723 0.00505746 0.0874919 0.0202459 0.0012251 0.00458039 0.0666765 
0.752276 0.00529169 0.102001 0.0343974 0.00121041 0.0044182 0.100406 
0.801442 0.00563989 0.0835708 0.0278283 0.00115633 0.00560374 0.0747589 
0.818532 0.00651768 0.0704946 0.039563 0.00140828 0.00497022 0.0585144 
0.795319 0.00520143 0.0885262 0.0242163 0.00117902 0.00402998 0.0815276 
0.74647 0.00481693 0.0985528 0.0380768 0.00128778 0.00485916 0.105936 
0.722219 0.00585621 0.111256 0.0305576 8.02649E-4 0.00604236 0.123267 
0.783479 0.00627216 0.0797955 0.0364092 0.00115013 0.00485872 0.0880354 
0.806089 0.00514746 0.0790026 0.04196 0.00188435 0.00345117 0.0624653 
0.824836 0.00640271 0.0747666 0.0229776 0.00161313 0.00306319 0.0663405 
0.833018 0.00547274 0.0691945 0.0348634 0.00151064 0.00330878 0.0526318 
0.807483 0.00487616 0.0834928 0.0311588 0.00140548 0.00374052 0.067843 
0.752073 0.00582533 0.0910819 0.0326573 0.00120537 0.00628073 0.110877 
0.685487 0.00581681 0.104072 0.0324248 0.001144 0.0024171 0.168639 
0.800117 0.00622868 0.0834277 0.0454395 0.00116343 0.00472164 0.058902 
0.760636 0.00530811 0.105061 0.0324596 0.00107458 0.00244403 0.0930162 
0.799713 0.00566453 0.0879832 0.0339057 0.00129373 0.00321948 0.0682201 
0.798224 0.00640203 0.0757735 0.0240721 0.00174841 0.00550922 0.0882707 
0.802132 0.00578514 0.0804592 0.0404085 0.00170909 0.00397527 0.0655311 
0.812899 0.00531174 0.0753489 0.0284532 0.00145272 0.00494635 0.0715878 
0.826301 0.00505614 0.0724674 0.0384486 0.0022747 0.00339223 0.0520602 
0.806241 0.00545121 0.0723424 0.0488541 0.00264273 0.00442941 0.0600392 
0.814728 0.00532943 0.0680462 0.0431906 0.00224233 0.00510296 0.0613607 
0.752921 0.00665744 0.0783465 0.0739211 0.0022624 0.00662846 0.0792633 
0.793881 0.00589035 0.0782606 0.0457848 0.00185212 0.00486114 0.0694696 
0.805707 0.00596427 0.078183 0.0383062 0.00151981 0.00455122 0.0657688 
0.822679 0.00575089 0.0668869 0.0307593 0.00222483 0.00383911 0.0678597 
0.806958 0.006266 0.0751316 0.025259 0.00142271 0.00418646 0.0807763 
0.786058 0.00594295 0.0845993 0.0370563 0.00150194 0.00482232 0.0800194 
0.733782 0.00547315 0.0981482 0.0554585 0.00147485 0.00387292 0.101791 
0.718047 0.00523937 0.09806 0.0328841 0.00134211 0.00449062 0.139937 
0.799913 0.00486739 0.0848185 0.016216 0.00145535 0.00460005 0.0881296 
0.782957 0.00549281 0.0917411 0.0390931 0.00127453 0.00303128 0.0764098 
0.80695 0.00524267 0.0854688 0.0389791 0.00224782 0.00420588 0.0569062 
0.769061 0.00545301 0.0927872 0.0596427 0.00168201 0.0033968 0.0679772 
0.791768 0.00625269 0.08466 0.0476265 0.00178539 0.0040446 0.0638624 
0.735674 0.00742716 0.091139 0.101815 0.00162453 0.00398452 0.0583357 
0.809576 0.00590351 0.0819827 0.0354473 0.00151279 0.00256238 0.0630153 
0.842333 0.00626169 0.0736273 0.0270934 0.00181633 0.00285179 0.0460167 
0.803364 0.00572167 0.0860396 0.0351927 0.00171691 0.00209564 0.0658694 
0.82366 0.00650868 0.0755523 0.0454616 0.00252136 0.00142439 0.0448713 
0.788744 0.00460599 0.0839036 0.0882251 0.00330085 0.00167509 0.0295458 
0.806325 0.0046163 0.0779666 0.0832662 0.00381407 0.00128954 0.0227223 
0.760122 0.00444076 0.106245 0.0732043 0.00273859 0.00190842 0.0513406 
0.783322 0.0051416 0.0899302 0.0671037 0.00212421 0.00202037 0.0503583 
0.777628 0.00476365 0.0996036 0.0555803 0.00245725 0.00122252 0.0587446 
0.789894 0.00515751 0.0948484 0.0606526 0.00216461 0.00143409 0.0458485 
0.825122 0.0054209 0.0870417 0.0314762 0.00267946 0.00118359 0.0470766 
0.802145 0.00458942 0.0911338 0.0557003 0.00219705 0.00151893 0.0427151 
0.824516 0.00456506 0.088621 0.0445301 0.0020131 0.00131886 0.0344357 
0.799062 0.00405915 0.0899394 0.04923 0.00267064 0.00174517 0.053294 
0.778736 0.00431352 0.096974 0.0706574 0.00260164 0.00198161 0.044736 
0.832567 0.0042928 0.077598 0.0455527 0.0028686 0.00155551 0.0355655 
0.822664 0.00445292 0.0942933 0.0354823 0.00167079 0.00182428 0.0396125 
0.752711 0.00529983 0.093951 0.0969141 0.0023654 0.00418633 0.0445726 
0.807776 0.00462883 0.0867286 0.0429469 0.00290565 0.00147938 0.0535345 
0.805858 0.00478189 0.0909875 0.0498976 0.00246852 0.00191479 0.0440922 
0.761754 0.0060043 0.086438 0.0970492 0.00173421 0.0037676 0.043253 
0.82481 0.00762569 0.0617786 0.0328481 0.00210373 0.00281526 0.0680188 
0.833529 0.00940269 0.0511924 0.0562115 0.00282007 0.00334468 0.0434994 
0.724857 0.0342038 0.02141 0.196929 0.00785687 0.00337272 0.0113706 
0.499898 0.358679 0.00789275 0.0500405 0.0327581 0.0121944 0.0385369 
0.286628 0.347974 0.0204995 0.0262887 0.0393433 0.00919321 0.270073 
0.138275 0.681767 0.0120702 0.00536755 0.028262 0.043416 0.0908419 
0.476089 0.303046 0.0116015 0.00689909 0.0374525 0.0272816 0.137629 
0.541681 0.185022 0.00976249 0.0240834 0.155246 0.0183284 0.0658761 
0.459291 0.0881526 0.00768783 0.0740983 0.273183 0.0592964 0.0382905 
0.490284 0.117597 0.00910121 0.0365923 0.24583 0.0424898 0.058106 
0.361297 0.0894133 0.00975746 0.154578 0.26823 0.0651083 0.0516148 
0.396413 0.0805866 0.00647702 0.0808681 0.394489 0.0136739 0.0274917 
0.544596 0.12341 0.00948891 0.062837 0.209631 0.0152715 0.034766 
0.569307 0.147101 0.0097726 0.0827126 0.147595 0.0134481 0.0300633 
0.549121 0.172308 0.00894778 0.0971149 0.134894 0.0111637 0.026451 
0.592804 0.183272 0.00975666 0.102124 0.0776814 0.00934766 0.0250144 
0.568416 0.167314 0.00831257 0.0923524 0.129375 0.0109829 0.0232475 
0.587256 0.183921 0.00874209 0.106755 0.0825487 0.00886295 0.0219132 
0.534338 0.263311 0.00707979 0.0786007 0.0846752 0.0117689 0.0202271 
0.469879 0.197329 0.00684202 0.083528 0.211024 0.0118194 0.0195781 
0.617662 0.17954 0.00984722 0.0794623 0.0751061 0.00932044 0.029062 
0.563693 0.268178 0.00755889 0.0654401 0.0625431 0.00736175 0.0252255 
0.368503 0.465905 0.00475736 0.0539804 0.0742863 0.00991893 0.0226488 
0.449317 0.392001 0.00554632 0.0584835 0.0571804 0.0113388 0.026133 
0.503235 0.335367 0.0073286 0.0803246 0.040457 0.00982323 0.0234646 
0.456491 0.405054 0.00669102 0.0644869 0.0366464 0.00625601 0.0243743 
0.629738 0.213056 0.0089086 0.084835 0.0339612 0.00824075 0.02126 
0.561672 0.214871 0.00777957 0.10369 0.0839372 0.00714756 0.0209032 
0.681904 0.112448 0.0112169 0.101502 0.0664859 0.00761373 0.0188296 
0.659133 0.140829 0.0108525 0.0911155 0.0664536 0.00771673 0.0238998 
0.707481 0.151697 0.0155282 0.0735764 0.0194053 0.00784893 0.0244628 
0.732563 0.135559 0.0156375 0.0593473 0.0184741 0.00782783 0.0305909 
0.714555 0.141695 0.0165488 0.0712216 0.0186666 0.00895782 0.0283548 
0.6953 0.159909 0.0159129 0.0660803 0.0215715 0.00853244 0.0326937 
0.720573 0.129216 0.0154001 0.085527 0.0172163 0.00581762 0.0262499 
0.739027 0.107309 0.0145069 0.0894584 0.0208845 0.00682775 0.0219863 
0.796967 0.0829217 0.0155768 0.0507333 0.0213098 0.00568309 0.0268087 
0.811643 0.0578543 0.0156815 0.0696391 0.0213911 0.00485611 0.0189352 
0.795105 0.0757122 0.0171708 0.0684451 0.017107 0.00411305 0.0223464 
0.80995 0.0702495 0.0158955 0.063922 0.0177224 0.00433968 0.0179209 
0.791584 0.102014 0.0172784 0.0613814 0.0096903 0.00324619 0.0148051 
0.817969 0.0648762 0.0184587 0.0508281 0.0155877 0.00534812 0.0269322 
0.81029 0.0719288 0.0205743 0.0541408 0.0101002 0.00442815 0.0285378 
0.834306 0.0535238 0.0207262 0.0556327 0.00879451 0.00454621 0.0224705 
0.82978 0.0597748 0.0204644 0.0519904 0.00980928 0.00467269 0.0235088 
0.831584 0.071634 0.0211832 0.0435827 0.00748138 0.00349003 0.0210446 
0.81531 0.0733044 0.0224947 0.0578696 0.00572635 0.00328521 0.0220101 
0.824562 0.0564593 0.0186911 0.0604873 0.0129221 0.00423084 0.0226476 
0.826723 0.0468219 0.0184391 0.0741632 0.0139266 0.00313762 0.0167884 
0.846257 0.0415826 0.0198258 0.058687 0.0102182 0.00347024 0.0199589 
0.84309 0.0420956 0.0211267 0.0612606 0.00746519 0.00458777 0.020374 
0.843123 0.0391626 0.022654 0.0636111 0.00614946 0.00480025 0.0204995 
0.844923 0.0382584 0.0196673 0.0673737 0.00702613 0.00455305 0.0181985 
0.874499 0.0202782 0.0265336 0.0533163 0.00404085 0.00337819 0.0179541 
0.850183 0.0205921 0.0341638 0.061843 0.00301817 0.00337252 0.026828 
0.838445 0.0159373 0.0425889 0.0723588 0.00251815 0.0033491 0.0248027 
0.839274 0.016709 0.0413084 0.0762058 0.00313621 0.0023796 0.0209869 
0.81672 0.0118618 0.0516225 0.080836 0.00230565 0.00235941 0.034295 
0.832949 0.010995 0.0466903 0.0454369 0.00236591 0.00421746 0.0573455 
0.826021 0.00927244 0.063309 0.0342928 0.0017846 0.00388493 0.0614348 
0.860917 0.0083548 0.0581355 0.0187421 0.00187489 0.00339635 0.048579 
0.832568 0.00675141 0.068582 0.0344482 0.00154069 0.00323939 0.0528705 
0.804105 0.00713625 0.0712684 0.0572272 0.00161221 0.00328373 0.0553675 
0.816049 0.00749519 0.068572 0.0546972 0.00230657 0.00222573 0.0486543 
0.828734 0.0082337 0.0586607 0.0466013 0.00252269 0.00232213 0.0529254 
0.806445 0.00836054 0.0689064 0.0502242 0.00196019 0.00300849 0.0610952 
0.80645 0.0087533 0.06219 0.0561675 0.00247378 0.00362659 0.0603387 
0.810762 0.00743994 0.06842 0.027621 0.00137571 0.00370917 0.0806724 
0.831255 0.011466 0.0548372 0.0355175 0.00132703 0.00482091 0.0607759 
0.823857 0.00902843 0.0687361 0.0237395 9.63108E-4 0.00327149 0.070404 
0.751191 0.00796241 0.0785273 0.035081 0.00100314 0.00611579 0.12012 
0.746457 0.00739715 0.0835625 0.0294018 9.97029E-4 0.00317805 0.129006 
0.786963 0.0088366 0.0673503 0.0283652 0.00119219 0.00388684 0.103406 
0.737571 0.00888698 0.0724712 0.0380349 0.0013035 0.00412255 0.13761 
0.760275 0.00980937 0.0690119 0.069007 0.00130893 0.00439221 0.0861958 
0.780185 0.00887294 0.0719825 0.0551081 0.00102565 0.0044475 0.0783785 
0.801472 0.00779217 0.072411 0.0345681 0.00102777 0.00394728 0.0787818 
0.772881 0.00879201 0.0664265 0.0623577 0.00128089 0.00530942 0.0829522 
0.789295 0.00714291 0.0672688 0.0479331 0.00134179 0.00453892 0.0824795 
0.797453 0.00786711 0.0736457 0.044758 0.00118502 0.00307992 0.0720115 
0.798799 0.00697767 0.0793985 0.0272448 0.00108617 0.00299233 0.0835017 
0.82148 0.00624358 0.0776662 0.0239196 0.00122025 0.00297153 0.0664984 
0.804303 0.00601124 0.0747486 0.0300938 0.00168456 0.002736 0.0804226 
0.815817 0.00654105 0.0702751 0.027206 0.00150262 0.00299009 0.0756678 
0.777814 0.00639783 0.0880148 0.0408189 0.00104019 0.00344831 0.0824663 
0.818902 0.00703663 0.0702306 0.0328428 0.00123812 0.00315538 0.0665945 
0.842051 0.00737431 0.0676181 0.0267673 0.00122426 0.00289113 0.0520741 
0.84375 0.00825452 0.0687657 0.0310167 0.00126597 0.00274306 0.044204 
0.820448 0.00733781 0.0661047 0.0357357 0.0019956 0.00219893 0.0661791 
