0.825067 0.00778341 0.0577496 0.061281 0.00180847 0.0028614 0.0434495 
0.826039 0.00772577 0.0606351 0.0458373 0.00188989 0.00348131 0.0543921 
0.833516 0.00834742 0.0627134 0.0450998 0.00134636 0.00391527 0.0450616 
0.825135 0.00686865 0.0668216 0.0318864 0.00119597 0.00465495 0.0634371 
0.81013 0.00592919 0.0740116 0.0339335 0.00144985 0.00503585 0.0695096 
0.861376 0.00682495 0.0616446 0.0183151 0.0020956 0.00312072 0.0466228 
0.829168 0.00923281 0.058598 0.0159788 0.00244032 0.003208 0.0813746 
0.821904 0.00821337 0.0604762 0.0377326 0.00393002 0.00351152 0.0642325 
0.868529 0.00931389 0.0459316 0.0259567 0.00323184 0.00349605 0.0435404 
0.815364 0.00780067 0.0632114 0.0332986 0.00366599 0.00455896 0.0721008 
0.827713 0.00813958 0.0568583 0.0156684 0.00175585 0.00477829 0.0850869 
0.839167 0.00719668 0.0620792 0.0180032 0.00173325 0.00443498 0.0673858 
0.787113 0.00874458 0.0676338 0.0116896 0.00114686 0.00629915 0.117372 
0.824412 0.00993105 0.0601414 0.0224079 0.0013279 0.00388874 0.0778907 
0.854768 0.0089732 0.0626521 0.018942 0.00131353 0.00365742 0.0496939 
0.833323 0.0089156 0.0686212 0.029324 0.0010999 0.00303376 0.0556825 
0.835472 0.00801986 0.0611866 0.0180515 0.00164322 0.00332874 0.0722977 
0.873791 0.00801737 0.0533647 0.0145854 0.0020743 0.00357083 0.0445963 
0.827183 0.00673485 0.0698364 0.0304773 0.00119113 0.00425328 0.0603241 
0.873536 0.00954418 0.0561383 0.00616894 0.00221414 0.0032593 0.0491394 
0.845206 0.00950191 0.0621164 0.0209064 0.00190384 0.0028553 0.05751 
0.834714 0.00857102 0.0683401 0.0190069 0.00206577 0.00194653 0.0653557 
0.859548 0.0107802 0.0553816 0.0161453 0.00281522 0.0026631 0.0526668 
0.833267 0.0093335 0.0645966 0.0192821 0.00270824 0.00283821 0.0679741 
0.84229 0.00988176 0.0576634 0.024183 0.0029722 0.00285987 0.06015 
0.838924 0.00962443 0.0557763 0.0297326 0.00184642 0.00427423 0.0598219 
0.850699 0.00916292 0.0582128 0.0281673 0.00202242 0.0029124 0.0488235 
0.833472 0.0145606 0.045874 0.00713802 0.0041344 0.0165687 0.078252 
0.83605 0.0139491 0.0498105 0.00750992 0.0054031 0.0179851 0.0692925 
0.820507 0.0111405 0.0585567 0.0132766 0.00497301 0.019898 0.0716485 
0.817597 0.0105714 0.0646518 0.0150425 0.0083489 0.0102383 0.0735504 
0.857795 0.00897927 0.0589008 0.00711657 0.00266283 0.0119122 0.0526334 
0.882887 0.0107503 0.0421499 0.0121073 0.00485088 0.00553841 0.0417164 
0.84563 0.0122307 0.0434972 0.036729 0.0114018 0.00830955 0.0422015 
0.875996 0.0108756 0.0401483 0.0242329 0.00492048 0.00859965 0.0352271 
0.836406 0.00897043 0.0519335 0.0248198 0.00290396 0.00690597 0.0680604 
0.83639 0.0100344 0.0534445 0.0250807 0.0036514 0.00766197 0.0637369 
0.838012 0.0070407 0.0607419 0.0364966 0.00231292 0.00616667 0.0492292 
0.811927 0.00827827 0.0628741 0.0431826 0.00129991 0.00695885 0.0654793 
0.816198 0.00664337 0.060641 0.0542861 0.00196389 0.00637244 0.0538955 
0.821984 0.00745362 0.0576903 0.038925 0.00146811 0.00616659 0.0663124 
0.8585 0.00910082 0.0396996 0.0492655 0.00421442 0.00439596 0.034824 
0.859799 0.009089 0.0390368 0.0388213 0.00401726 0.00499514 0.0442417 
0.876673 0.00909953 0.0389431 0.0232706 0.00237271 0.00513299 0.0445085 
0.836365 0.0326234 0.0239451 0.00721247 0.0186159 0.0142527 0.0669856 
0.842645 0.0444924 0.0212777 0.00571303 0.0146934 0.0122333 0.0589454 
0.867147 0.035879 0.020452 0.0134894 0.02203 0.0057576 0.0352448 
0.829756 0.0160576 0.0441247 0.00964427 0.00666038 0.00322578 0.0905308 
0.82938 0.0113618 0.0458705 0.0142508 0.0072566 0.00388727 0.0879926 
0.838181 0.00740418 0.0639131 0.00879212 0.00271184 0.00218248 0.0768154 
0.89141 0.0104575 0.0398186 0.0155194 0.00487303 0.00221642 0.0357051 
0.881396 0.00961847 0.0422597 0.0203097 0.00482097 0.00284707 0.0387484 
0.887119 0.0110238 0.034359 0.0157151 0.00530985 0.00527097 0.0412024 
0.861503 0.0101523 0.0392872 0.0149384 0.00973373 0.00368613 0.0606989 
0.856226 0.00846145 0.0415036 0.0317378 0.00740654 0.0036985 0.0509659 
0.817089 0.00687494 0.0586529 0.0429951 0.0027303 0.00188055 0.0697773 
0.856545 0.00966638 0.0702114 0.00805053 0.00313353 0.009171 0.0432226 
0.828753 0.00845974 0.0774311 0.00644158 0.0033425 0.0113749 0.064197 
0.865613 0.00930402 0.0662095 0.0081354 0.00282852 0.00916765 0.0387423 
0.875684 0.00923201 0.0609646 0.00874309 0.00366648 0.00734417 0.0343659 
0.854639 0.00849456 0.0673313 0.00739647 0.00372755 0.0104362 0.0479746 
0.867214 0.00969465 0.0560243 0.00690142 0.00551298 0.0099634 0.0446894 
0.866182 0.00987238 0.0630977 0.00606459 0.00442689 0.0076474 0.0427087 
0.857896 0.00764532 0.0666996 0.00961136 0.00400351 0.00673506 0.0474089 
0.857481 0.00936702 0.0616382 0.00755663 0.00565958 0.0101302 0.0481672 
0.854138 0.00928915 0.070064 0.0082541 0.00292313 0.0094107 0.0459212 
0.87461 0.00951372 0.0665003 0.00386575 0.00288972 0.0046111 0.0380091 
0.867279 0.00954893 0.0673993 0.00881626 0.00335122 0.0100421 0.0335631 
0.857802 0.00758345 0.071747 0.00620046 0.00232667 0.00978489 0.0445554 
0.821071 0.00932323 0.0760638 0.00469074 0.00277698 0.0126928 0.0733812 
0.853323 0.0209531 0.0468382 0.00435654 0.00675381 0.00692121 0.0608541 
0.889643 0.0165158 0.0466487 0.00846779 0.00521875 0.0068929 0.0266133 
0.865545 0.0132517 0.0572052 0.00953337 0.00632138 0.00834546 0.0397979 
0.8534 0.0122305 0.0635037 0.00597113 0.00336391 0.0106152 0.0509152 
0.827225 0.0265024 0.0500348 0.004539 0.0113912 0.0254433 0.0548644 
0.748239 0.0540593 0.0561559 0.00269478 0.0223543 0.0640307 0.0524656 
0.836207 0.0263947 0.0494883 0.0045188 0.00716978 0.0272643 0.0489568 
0.84958 0.02554 0.0484376 0.00675481 0.0106437 0.0243555 0.0346885 
0.813899 0.0255403 0.064694 0.00854154 0.0148177 0.036775 0.0357327 
0.725531 0.0205453 0.069545 0.00894918 0.00985241 0.117613 0.0479637 
0.712302 0.0184569 0.0721988 0.0118933 0.0117516 0.120803 0.0525942 
0.794232 0.0167012 0.0676176 0.0071115 0.00904726 0.0661176 0.0391728 
0.807589 0.0154742 0.0677648 0.0102319 0.0102434 0.0547934 0.0339038 
0.783627 0.015155 0.0756853 0.0129914 0.0107285 0.0555281 0.0462845 
0.816914 0.0154837 0.0521438 0.0249316 0.00548264 0.0453621 0.0396817 
0.842043 0.0202404 0.0436434 0.0157622 0.00438452 0.0387372 0.0351896 
0.8429 0.0246071 0.0373666 0.00557455 0.00390231 0.0442803 0.0413694 
0.869728 0.0228913 0.0315182 0.00939484 0.00339127 0.0319726 0.0311034 
0.868524 0.0216825 0.0304532 0.0125541 0.00375607 0.0295802 0.0334493 
0.849118 0.0171968 0.0322277 0.0104222 0.00484189 0.0353634 0.0508298 
0.84947 0.0204116 0.0266499 0.0233179 0.00610524 0.0254048 0.0486405 
0.88911 0.0235444 0.0251389 0.0129864 0.00488682 0.0158591 0.0284743 
0.868167 0.0177295 0.0309992 0.0304386 0.00315383 0.0164669 0.0330454 
0.870003 0.017734 0.0311029 0.0316471 0.0030389 0.0111448 0.0353291 
0.862879 0.0167459 0.029145 0.0432023 0.00278248 0.013372 0.0318734 
0.871829 0.0159328 0.0308621 0.0444822 0.00274286 0.010565 0.0235862 
0.864525 0.0142305 0.0365481 0.0276223 0.00244181 0.0132103 0.0414215 
0.849787 0.0152656 0.0389688 0.0452511 0.00201469 0.0129103 0.0358024 
0.857 0.0112609 0.0391057 0.0283692 0.00190076 0.0104368 0.0519269 
0.851585 0.0125761 0.0410534 0.0347431 0.00178692 0.0102869 0.0479689 
0.848485 0.0127198 0.0403983 0.0335452 0.00205386 0.0115292 0.0512687 
0.844091 0.00940866 0.0499429 0.0258401 0.00130172 0.00634698 0.0630691 
0.825489 0.0129587 0.0416001 0.0708814 0.00265578 0.00639433 0.0400205 
0.857487 0.0111233 0.0428753 0.0272743 0.00237435 0.00763684 0.0512284 
0.849776 0.00791489 0.0553265 0.0306691 0.00251881 0.00629711 0.0474977 
0.860584 0.00845508 0.0525616 0.026509 0.00213558 0.00619199 0.0435629 
0.848049 0.00755506 0.0599826 0.0209706 0.00197964 0.0061232 0.0553398 
0.829438 0.0071417 0.0600102 0.0234478 0.00226322 0.00678441 0.0709149 
0.827027 0.00829958 0.0563931 0.0444156 0.0020615 0.00682145 0.0549822 
0.82039 0.0104585 0.0509392 0.0391489 0.00227005 0.0100046 0.0667891 
0.777288 0.0095854 0.0576856 0.0485227 0.00282258 0.0087372 0.0953583 
0.833502 0.00948052 0.0476027 0.0497326 0.00406241 0.00644727 0.0491729 
0.790419 0.0105495 0.051727 0.0713986 0.00297671 0.00809115 0.0648382 
0.807096 0.00862091 0.0555536 0.063136 0.00225635 0.00672124 0.0566161 
0.829688 0.00929951 0.055271 0.0232917 0.00204515 0.00969462 0.07071 
0.820531 0.00841842 0.0604365 0.0318952 0.0018629 0.00975023 0.0671056 
0.823372 0.0087615 0.0510498 0.0415701 0.00271414 0.0085097 0.064023 
0.844449 0.0099638 0.046033 0.0379622 0.00294836 0.00771926 0.0509246 
0.842483 0.0102623 0.0512444 0.0238959 0.00250586 0.00736323 0.0622456 
0.860014 0.0116229 0.0425397 0.0352331 0.00266582 0.00693707 0.0409871 
0.864333 0.00937641 0.0455718 0.0237628 0.00317048 0.00630872 0.0474764 
0.863896 0.00920672 0.0492294 0.0167916 0.00208852 0.00674171 0.0520461 
0.859346 0.00892913 0.0509565 0.0150473 0.001914 0.00570278 0.0581044 
0.834028 0.00814186 0.0606816 0.0205809 0.00186623 0.00482566 0.0698754 
0.838751 0.00883241 0.0563732 0.0183501 0.00229273 0.00451373 0.0708871 
0.84145 0.00849036 0.0558586 0.0314024 0.00304983 0.00499045 0.0547586 
0.853133 0.00822088 0.0570042 0.017939 0.00265393 0.00591135 0.0551377 
0.819236 0.00870208 0.0624941 0.00687783 0.00270022 0.00558455 0.0944048 
0.789774 0.00846387 0.0718112 0.00593565 0.00210385 0.00546835 0.116443 
0.804462 0.0109158 0.0609472 0.00281593 0.00135554 0.00502101 0.114482 
0.797231 0.0115471 0.0534677 0.0039971 0.00272589 0.00977897 0.121252 
0.824838 0.010074 0.052205 0.00857797 0.00410991 0.00725271 0.0929423 
0.81765 0.00803637 0.060271 0.00913534 0.00344072 0.00386267 0.0976043 
0.760889 0.00879854 0.0688805 0.00535444 0.00405434 0.00696049 0.145062 
0.787958 0.0138523 0.0558001 0.00504306 0.00358924 0.00818355 0.125574 
0.605644 0.0387541 0.0622928 0.00139247 0.00304527 0.0298573 0.259014 
0.164046 0.188198 0.109371 0.0239204 0.0273346 0.129091 0.358039 
0.571887 0.0721896 0.0571867 0.00260378 0.00379369 0.0254766 0.266862 
0.837432 0.0596889 0.0279102 0.00359784 0.00743574 0.0250543 0.0388809 
0.806047 0.0258055 0.0438698 0.0146548 0.0470121 0.0212931 0.0413177 
0.486302 0.0150571 0.239616 0.0310265 0.0748626 0.0286582 0.124478 
0.398862 0.0248259 0.216362 0.0127727 0.120596 0.0460391 0.180543 
0.732465 0.10603 0.0126589 0.0878329 0.0395531 0.00546363 0.0159965 
0.757187 0.0767228 0.013945 0.0800198 0.0497529 0.00528172 0.0170906 
0.693307 0.0859897 0.0125371 0.116419 0.0682391 0.00581091 0.0176975 
0.750817 0.0739188 0.0141727 0.0814914 0.0582964 0.005256 0.0160474 
0.701427 0.0878572 0.0128439 0.118222 0.054956 0.00751636 0.0171776 
0.746508 0.0828932 0.0117849 0.100048 0.0411574 0.00557221 0.0120363 
0.704381 0.0931493 0.0120848 0.115478 0.0524452 0.00797532 0.0144865 
0.696116 0.114849 0.0110556 0.113811 0.0416243 0.00790775 0.0146356 
0.763252 0.106406 0.0115685 0.0796981 0.0216691 0.00540933 0.0119967 
0.722235 0.082268 0.0148203 0.145886 0.0147512 0.0075726 0.0124672 
0.707236 0.0770956 0.0140853 0.166945 0.017781 0.00561754 0.0112397 
0.774677 0.0679472 0.0161792 0.105978 0.0150025 0.00612809 0.0140879 
0.762343 0.0567513 0.0177779 0.133377 0.0112751 0.00561764 0.0128587 
0.767163 0.0627416 0.0168198 0.125056 0.0118933 0.00499508 0.011331 
0.714837 0.0791071 0.0159911 0.160533 0.0121186 0.00590581 0.0115083 
0.736504 0.0562916 0.013906 0.159671 0.0170233 0.00598727 0.0106165 
0.837274 0.0329704 0.0185132 0.0772855 0.0109124 0.00702815 0.0160167 
0.791328 0.0359946 0.0164715 0.115998 0.020174 0.00579998 0.0142338 
0.82324 0.0633202 0.0170993 0.0529451 0.0124159 0.00746008 0.0235195 
0.823843 0.040484 0.0189478 0.0780864 0.0109574 0.00726839 0.0204131 
0.800967 0.0361855 0.0175324 0.105604 0.0162116 0.00493268 0.018567 
0.842713 0.0362921 0.021329 0.0619945 0.0144067 0.00392111 0.0193431 
0.814056 0.0287331 0.0243933 0.0925068 0.0145478 0.00385247 0.0219102 
0.857534 0.0337165 0.0242609 0.0483336 0.00969924 0.00444175 0.0220137 
0.792093 0.0520909 0.0200908 0.0880932 0.0180918 0.00681602 0.0227247 
0.826222 0.0456452 0.0213881 0.0677188 0.0138906 0.00512934 0.020006 
0.808233 0.0322096 0.0232769 0.0890062 0.013273 0.00592866 0.0280723 
0.845092 0.0296285 0.0232637 0.0614267 0.0111679 0.00501874 0.024403 
0.855615 0.0243263 0.0301263 0.0552956 0.00825996 0.00330849 0.0230688 
0.868531 0.0286698 0.0249876 0.0483317 0.011229 0.00312165 0.0151292 
0.862101 0.0241612 0.0289886 0.0588114 0.00540796 0.00392022 0.0166098 
0.855118 0.0219478 0.0323195 0.0563882 0.0048315 0.00416173 0.0252338 
0.86993 0.0182293 0.0349632 0.0536738 0.00335046 0.00297667 0.0168768 
0.880736 0.0257583 0.0260898 0.0326635 0.00471763 0.00682707 0.0232077 
0.854848 0.0265858 0.0243323 0.067547 0.00545477 0.00619635 0.0150359 
0.873333 0.0214441 0.0248846 0.0406291 0.00853187 0.00650838 0.0246692 
0.843653 0.0223861 0.0237692 0.069272 0.0110777 0.00676023 0.023082 
0.810967 0.0197816 0.0262811 0.09935 0.0132627 0.00542381 0.0249339 
0.813194 0.0162855 0.0265655 0.0984432 0.0147462 0.00647083 0.0242947 
0.804454 0.020514 0.0257323 0.105324 0.00740037 0.00840941 0.0281665 
0.802193 0.022779 0.0192881 0.108136 0.0192027 0.0077007 0.0207008 
0.821879 0.020733 0.02166 0.0987344 0.0145746 0.00498096 0.0174381 
0.729827 0.0332825 0.0184164 0.164382 0.0244987 0.0100693 0.0195243 
0.847353 0.0255103 0.0254399 0.0562791 0.011242 0.0082118 0.0259643 
0.808011 0.0239663 0.0213848 0.111814 0.00997393 0.00747258 0.0173779 
0.785203 0.0222737 0.0233561 0.128478 0.015707 0.00649302 0.0184892 
0.836954 0.0121498 0.0359997 0.0731455 0.00600588 0.00485823 0.0308873 
0.818598 0.0290122 0.0195539 0.104129 0.0101219 0.00489841 0.0136864 
0.858857 0.0147302 0.0318888 0.0670764 0.00561023 0.00272091 0.0191161 
0.86106 0.0168922 0.0292107 0.0630597 0.00493767 0.00672208 0.0181176 
0.859645 0.0160743 0.0311384 0.0465352 0.00992757 0.00641909 0.0302604 
0.870615 0.0148514 0.0324958 0.0484324 0.00466492 0.00554787 0.0233928 
0.782558 0.0176668 0.0341014 0.112668 0.00846242 0.00812674 0.0364164 
0.817643 0.0200018 0.0292725 0.0919772 0.00749476 0.00644413 0.0271664 
0.802704 0.0183648 0.0336758 0.0968623 0.00649765 0.00841063 0.033485 
0.868156 0.0240576 0.0248349 0.0463117 0.00938847 0.00662404 0.0206269 
0.857182 0.0194754 0.0306515 0.0604333 0.00642163 0.00420136 0.0216351 
0.822954 0.0183887 0.0298514 0.0998342 0.00625055 0.0043317 0.0183891 
0.852959 0.0186624 0.0247136 0.0721815 0.00584531 0.00653393 0.0191044 
0.858554 0.0146961 0.0321 0.0536609 0.00546465 0.00631925 0.0292049 
0.84937 0.014757 0.0319313 0.0711256 0.0053669 0.00472497 0.0227246 
0.830499 0.0164151 0.0337094 0.0805249 0.00491388 0.00505137 0.0288861 
0.84669 0.0171865 0.0327604 0.056479 0.00689687 0.00402612 0.0359608 
0.850039 0.0183178 0.0348557 0.0631177 0.00369137 0.00431829 0.0256606 
0.861511 0.0168756 0.0316111 0.0497174 0.0070332 0.00379065 0.0294606 
0.861396 0.0194706 0.0266243 0.0515906 0.00906717 0.00455996 0.0272911 
0.866877 0.0209993 0.031022 0.0489569 0.00520873 0.0033814 0.0235548 
0.863867 0.0241693 0.0245781 0.0494301 0.00728281 0.00587264 0.0248 
0.832665 0.0226343 0.0303894 0.068728 0.00645913 0.00539479 0.0337293 
0.860982 0.0130168 0.0392323 0.0475527 0.00383283 0.00289188 0.0324915 
0.819967 0.0212232 0.0318358 0.0678509 0.00657617 0.0101154 0.0424312 
0.806374 0.0168676 0.0387278 0.078706 0.00427673 0.00835124 0.0466969 
0.832425 0.0088381 0.057953 0.0247783 0.00166653 0.0025046 0.0718341 
0.828289 0.00852518 0.0565705 0.0275548 0.00222353 0.00228726 0.07455 
0.861428 0.00982742 0.043775 0.0264603 0.00205712 0.00294827 0.0535034 
0.845665 0.00907353 0.0476185 0.037855 0.0021215 0.00318602 0.0544802 
0.862081 0.00809764 0.048588 0.0229482 0.00193774 0.00347558 0.0528717 
0.83739 0.0106831 0.0450388 0.0246997 0.00225636 0.0041444 0.0757874 
0.846256 0.00957741 0.0457893 0.0454456 0.00225879 0.00383746 0.0468358 
0.86602 0.0100199 0.0427434 0.0376792 0.00325928 0.00227364 0.0380049 
0.856252 0.00642153 0.059583 0.0269977 0.0015466 0.00230285 0.0468961 
0.855172 0.00864037 0.0480651 0.0367775 0.00206212 0.00338384 0.0458988 
0.867025 0.0112781 0.0387569 0.04056 0.00193595 0.0035856 0.0368585 
0.839706 0.00943553 0.0475637 0.0451455 0.00198548 0.0035527 0.0526106 
0.832307 0.00932909 0.0545629 0.0394833 0.00155844 0.00452024 0.058239 
0.839404 0.00724999 0.0660101 0.0214714 9.50576E-4 0.00263664 0.0622771 
0.85568 0.00783242 0.0604097 0.0215651 0.00120619 0.0032811 0.0500261 
0.843885 0.0086686 0.0553383 0.0212928 0.00150252 0.00335913 0.0659532 
0.840831 0.010542 0.0538226 0.0196025 0.00234986 0.00251064 0.0703416 
0.834893 0.00814374 0.0548395 0.0432606 0.00186269 0.00347337 0.0535276 
0.82416 0.00839796 0.0510813 0.036948 0.00190993 0.00501378 0.0724891 
0.846488 0.00776552 0.0501809 0.037047 0.00185921 0.00311525 0.0535442 
0.773722 0.007278 0.0637597 0.078387 0.00185455 0.00442541 0.0705734 
0.797278 0.00789286 0.0622795 0.0608025 0.00148324 0.00605831 0.064206 
0.828931 0.00716281 0.0557844 0.0329372 0.00161489 0.00482714 0.0687422 
0.73765 0.00900672 0.0610604 0.134458 0.00229658 0.00725713 0.0482715 
0.756065 0.00805743 0.0615319 0.0984636 0.00231379 0.00820633 0.0653624 
0.623126 0.00781248 0.0532289 0.239898 0.00618356 0.00465493 0.0650955 
0.715182 0.00783195 0.0511842 0.163118 0.0050928 0.00396876 0.0536225 
0.746141 0.00767951 0.059702 0.129699 0.00264579 0.00418283 0.0499494 
0.637352 0.00806186 0.0608813 0.243839 0.00371339 0.00560811 0.0405448 
0.650953 0.0086238 0.0766977 0.180112 0.00305771 0.00559938 0.0749567 
0.694009 0.0080315 0.0757037 0.157171 0.00263067 0.00562417 0.0568297 
0.733547 0.00780741 0.0672928 0.126445 0.0020499 0.00483429 0.0580242 
0.764815 0.00814622 0.0680166 0.096058 0.00170835 0.00546388 0.055792 
0.760712 0.00675323 0.0730828 0.089057 0.00189654 0.00527428 0.0632238 
0.770862 0.00591484 0.0726958 0.0567663 0.00165549 0.0045485 0.0875576 
0.767123 0.00741369 0.071241 0.0799889 0.001658 0.00402102 0.068554 
0.75152 0.00675476 0.067934 0.0947361 0.00214265 0.00466422 0.0722486 
0.706514 0.00666549 0.079242 0.113439 0.00218036 0.00452209 0.0874375 
0.801447 0.00608935 0.0613446 0.0753584 0.00236675 0.00277781 0.0506161 
0.768977 0.00690472 0.0664411 0.0769466 0.00221127 0.00364103 0.0748786 
0.816056 0.00556802 0.0697438 0.0454985 0.00149557 0.00284126 0.0587967 
0.826001 0.00594528 0.0732014 0.0399957 0.00155069 0.00184362 0.0514623 
0.815098 0.00606586 0.0692849 0.0513516 0.0018233 0.00239274 0.0539839 
0.77407 0.00588765 0.0752617 0.0825367 0.00199881 0.00299574 0.0572498 
0.770756 0.00597238 0.0748916 0.0649709 0.00209841 0.00242442 0.0788868 
0.702874 0.00680169 0.0787954 0.155016 0.00224678 0.0038389 0.0504264 
0.794881 0.0066618 0.0667266 0.044475 0.00158813 0.00243432 0.0832332 
0.78303 0.00669591 0.0696261 0.0942066 0.00175769 0.002206 0.0424779 
0.823109 0.00603496 0.0744936 0.0424295 0.00170497 0.00180374 0.0504242 
0.748654 0.00582222 0.0825465 0.0976114 0.00358808 0.00144942 0.0603284 
0.773375 0.006262 0.0762493 0.072333 0.0025021 0.00159946 0.0676789 
0.796908 0.00604432 0.0680957 0.0742215 0.00346032 0.00191881 0.0493517 
0.787719 0.00528325 0.0747166 0.0494499 0.00323948 0.00175516 0.0778361 
0.769609 0.0049372 0.07156 0.0843419 0.00380274 0.00235981 0.063389 
0.765644 0.00560311 0.0624839 0.10475 0.00507505 0.00240604 0.0540381 
0.825371 0.00455359 0.070209 0.0433079 0.00390142 0.0013459 0.0513112 
0.747694 0.00479589 0.0874938 0.0268906 0.0038996 0.00146435 0.127762 
0.764894 0.0050219 0.08869 0.0277065 0.00225765 0.00221246 0.109218 
0.769212 0.00563747 0.0807933 0.040559 0.0022648 0.00241921 0.0991139 
0.802764 0.00553204 0.0808137 0.0333336 0.0018934 0.00225123 0.0734119 
0.79791 0.00507291 0.0866786 0.0276413 0.00205726 0.0020733 0.0785662 
0.8109 0.00418533 0.0847496 0.0230282 0.002907 0.00162841 0.0726013 
0.778244 0.00437301 0.0951333 0.018182 0.00229252 0.00161727 0.100158 
0.748621 0.00539747 0.0854514 0.0137255 0.00292205 0.00171422 0.142169 
0.795516 0.00452184 0.0970474 0.0196106 0.00113276 0.00181184 0.0803594 
0.794669 0.00419406 0.0884835 0.0208151 0.00171737 0.00188252 0.0882385 
0.823147 0.00432044 0.0774886 0.0286381 0.00237946 0.00167204 0.0623548 
0.812764 0.00461717 0.0737014 0.054227 0.00267103 0.00204434 0.0499754 
0.812669 0.00449083 0.0762887 0.0401157 0.00310069 0.00154883 0.0617866 
0.773292 0.00460226 0.0821863 0.0363662 0.0031191 0.00161716 0.0988165 
0.801033 0.0041937 0.0748376 0.0389195 0.00361969 0.00172136 0.075675 
0.800261 0.00464112 0.0768775 0.0439021 0.0032797 0.00235775 0.0686809 
0.746537 0.0050119 0.0871189 0.0866877 0.00216646 0.00319224 0.0692861 
0.7802 0.00432952 0.0904887 0.0637487 0.00175804 0.00248075 0.0569938 
0.802265 0.00470605 0.0854078 0.0307018 0.0016655 0.00180635 0.0734479 
0.744906 0.00526213 0.101073 0.081538 0.00165828 0.00284449 0.0627177 
0.698668 0.00442133 0.0996342 0.0557495 0.00205631 0.00227406 0.137197 
0.76013 0.00449866 0.102912 0.0480833 0.00179712 0.00178205 0.0807966 
0.529022 0.00796056 0.112018 0.285772 0.00312729 0.00625274 0.055848 
0.677989 0.0062086 0.0926227 0.0997183 0.00230634 0.00590126 0.115254 
0.771516 0.00544375 0.0839237 0.0635908 0.00149424 0.00416144 0.0698699 
0.819955 0.00456004 0.0783103 0.0238885 0.00217445 0.00265766 0.068454 
0.772397 0.00605777 0.0856822 0.07619 0.00165126 0.00433785 0.0536841 
0.765532 0.00514206 0.0875798 0.0312381 0.00174908 0.00263902 0.10612 
0.737463 0.00513157 0.108487 0.0765016 0.00169074 0.00528486 0.0654414 
0.803455 0.0046877 0.0804977 0.0392506 0.00165718 0.00256879 0.0678827 
0.711474 0.00585169 0.108985 0.0887894 0.00179774 0.00501159 0.0780909 
0.675423 0.00706521 0.103396 0.13382 0.00259558 0.00684823 0.0708521 
0.720418 0.00448816 0.0993555 0.0280788 0.0013004 0.00299805 0.143361 
0.686439 0.00774317 0.0893381 0.00482998 0.0030712 0.00184156 0.206737 
0.782644 0.00566818 0.0697544 0.0240644 0.00421026 0.00357889 0.11008 
0.760887 0.00680112 0.0924286 0.0204112 0.00330207 0.00102869 0.115141 
0.812152 0.00515957 0.0787252 0.015975 0.00156786 0.00347601 0.0829448 
0.752594 0.00639337 0.0728819 0.0181692 0.0037856 0.00166546 0.144511 
0.781849 0.00538462 0.0831842 0.00888352 0.00198086 0.00220245 0.116515 
0.831717 0.00491022 0.0656356 0.0195659 0.00331282 0.00326621 0.0715918 
0.737672 0.00458588 0.092736 0.0160777 0.00233101 0.00228812 0.144309 
0.775478 0.0053823 0.0725014 0.0146639 0.00374436 0.00258266 0.125648 
0.811961 0.00459128 0.0769946 0.0150763 0.00300618 0.00218254 0.0861884 
0.786249 0.00518069 0.0780671 0.0268386 0.00320818 0.00150015 0.0989562 
0.732465 0.10603 0.0126589 0.0878329 0.0395531 0.00546363 0.0159965 
0.757187 0.0767228 0.013945 0.0800198 0.0497529 0.00528172 0.0170906 
0.693307 0.0859897 0.0125371 0.116419 0.0682391 0.00581091 0.0176975 
0.750817 0.0739188 0.0141727 0.0814914 0.0582964 0.005256 0.0160474 
0.701427 0.0878572 0.0128439 0.118222 0.054956 0.00751636 0.0171776 
0.746508 0.0828932 0.0117849 0.100048 0.0411574 0.00557221 0.0120363 
0.704381 0.0931493 0.0120848 0.115478 0.0524452 0.00797532 0.0144865 
0.696116 0.114849 0.0110556 0.113811 0.0416243 0.00790775 0.0146356 
0.763252 0.106406 0.0115685 0.0796981 0.0216691 0.00540933 0.0119967 
0.722235 0.082268 0.0148203 0.145886 0.0147512 0.0075726 0.0124672 
0.707236 0.0770956 0.0140853 0.166945 0.017781 0.00561754 0.0112397 
0.774677 0.0679472 0.0161792 0.105978 0.0150025 0.00612809 0.0140879 
0.762343 0.0567513 0.0177779 0.133377 0.0112751 0.00561764 0.0128587 
0.767163 0.0627416 0.0168198 0.125056 0.0118933 0.00499508 0.011331 
0.714837 0.0791071 0.0159911 0.160533 0.0121186 0.00590581 0.0115083 
0.736504 0.0562916 0.013906 0.159671 0.0170233 0.00598727 0.0106165 
0.837274 0.0329704 0.0185132 0.0772855 0.0109124 0.00702815 0.0160167 
0.791328 0.0359946 0.0164715 0.115998 0.020174 0.00579998 0.0142338 
0.82324 0.0633202 0.0170993 0.0529451 0.0124159 0.00746008 0.0235195 
0.823843 0.040484 0.0189478 0.0780864 0.0109574 0.00726839 0.0204131 
0.800967 0.0361855 0.0175324 0.105604 0.0162116 0.00493268 0.018567 
0.842713 0.0362921 0.021329 0.0619945 0.0144067 0.00392111 0.0193431 
0.814056 0.0287331 0.0243933 0.0925068 0.0145478 0.00385247 0.0219102 
0.857534 0.0337165 0.0242609 0.0483336 0.00969924 0.00444175 0.0220137 
0.792093 0.0520909 0.0200908 0.0880932 0.0180918 0.00681602 0.0227247 
0.826222 0.0456452 0.0213881 0.0677188 0.0138906 0.00512934 0.020006 
0.808233 0.0322096 0.0232769 0.0890062 0.013273 0.00592866 0.0280723 
0.845092 0.0296285 0.0232637 0.0614267 0.0111679 0.00501874 0.024403 
0.855615 0.0243263 0.0301263 0.0552956 0.00825996 0.00330849 0.0230688 
0.868531 0.0286698 0.0249876 0.0483317 0.011229 0.00312165 0.0151292 
0.862101 0.0241612 0.0289886 0.0588114 0.00540796 0.00392022 0.0166098 
0.855118 0.0219478 0.0323195 0.0563882 0.0048315 0.00416173 0.0252338 
0.86993 0.0182293 0.0349632 0.0536738 0.00335046 0.00297667 0.0168768 
0.880736 0.0257583 0.0260898 0.0326635 0.00471763 0.00682707 0.0232077 
0.854848 0.0265858 0.0243323 0.067547 0.00545477 0.00619635 0.0150359 
0.873333 0.0214441 0.0248846 0.0406291 0.00853187 0.00650838 0.0246692 
0.843653 0.0223861 0.0237692 0.069272 0.0110777 0.00676023 0.023082 
0.810967 0.0197816 0.0262811 0.09935 0.0132627 0.00542381 0.0249339 
0.813194 0.0162855 0.0265655 0.0984432 0.0147462 0.00647083 0.0242947 
0.804454 0.020514 0.0257323 0.105324 0.00740037 0.00840941 0.0281665 
0.802193 0.022779 0.0192881 0.108136 0.0192027 0.0077007 0.0207008 
0.821879 0.020733 0.02166 0.0987344 0.0145746 0.00498096 0.0174381 
0.729827 0.0332825 0.0184164 0.164382 0.0244987 0.0100693 0.0195243 
0.847353 0.0255103 0.0254399 0.0562791 0.011242 0.0082118 0.0259643 
0.808011 0.0239663 0.0213848 0.111814 0.00997393 0.00747258 0.0173779 
0.785203 0.0222737 0.0233561 0.128478 0.015707 0.00649302 0.0184892 
0.836954 0.0121498 0.0359997 0.0731455 0.00600588 0.00485823 0.0308873 
0.818598 0.0290122 0.0195539 0.104129 0.0101219 0.00489841 0.0136864 
0.858857 0.0147302 0.0318888 0.0670764 0.00561023 0.00272091 0.0191161 
0.86106 0.0168922 0.0292107 0.0630597 0.00493767 0.00672208 0.0181176 
0.859645 0.0160743 0.0311384 0.0465352 0.00992757 0.00641909 0.0302604 
0.870615 0.0148514 0.0324958 0.0484324 0.00466492 0.00554787 0.0233928 
0.782558 0.0176668 0.0341014 0.112668 0.00846242 0.00812674 0.0364164 
0.817643 0.0200018 0.0292725 0.0919772 0.00749476 0.00644413 0.0271664 
0.802704 0.0183648 0.0336758 0.0968623 0.00649765 0.00841063 0.033485 
0.868156 0.0240576 0.0248349 0.0463117 0.00938847 0.00662404 0.0206269 
0.857182 0.0194754 0.0306515 0.0604333 0.00642163 0.00420136 0.0216351 
0.822954 0.0183887 0.0298514 0.0998342 0.00625055 0.0043317 0.0183891 
0.852959 0.0186624 0.0247136 0.0721815 0.00584531 0.00653393 0.0191044 
0.858554 0.0146961 0.0321 0.0536609 0.00546465 0.00631925 0.0292049 
0.84937 0.014757 0.0319313 0.0711256 0.0053669 0.00472497 0.0227246 
0.830499 0.0164151 0.0337094 0.0805249 0.00491388 0.00505137 0.0288861 
0.84669 0.0171865 0.0327604 0.056479 0.00689687 0.00402612 0.0359608 
0.850039 0.0183178 0.0348557 0.0631177 0.00369137 0.00431829 0.0256606 
0.861511 0.0168756 0.0316111 0.0497174 0.0070332 0.00379065 0.0294606 
0.861396 0.0194706 0.0266243 0.0515906 0.00906717 0.00455996 0.0272911 
0.866877 0.0209993 0.031022 0.0489569 0.00520873 0.0033814 0.0235548 
0.863867 0.0241693 0.0245781 0.0494301 0.00728281 0.00587264 0.0248 
0.832665 0.0226343 0.0303894 0.068728 0.00645913 0.00539479 0.0337293 
0.860982 0.0130168 0.0392323 0.0475527 0.00383283 0.00289188 0.0324915 
0.819967 0.0212232 0.0318358 0.0678509 0.00657617 0.0101154 0.0424312 
0.806374 0.0168676 0.0387278 0.078706 0.00427673 0.00835124 0.0466969 
0.837384 0.010742 0.0495792 0.0233552 0.00257898 0.0029045 0.0734563 
0.847019 0.0104303 0.0556303 0.0299622 0.00285641 0.00274828 0.0513534 
0.859816 0.00980386 0.0504674 0.0262027 0.00357491 0.00273903 0.0473957 
0.887233 0.0116931 0.0426691 0.0199969 0.00299056 0.00266503 0.0327525 
0.86309 0.00924954 0.0458983 0.0283023 0.00385442 0.00319676 0.0464082 
0.869677 0.0111225 0.0480148 0.0283007 0.00489244 0.00226669 0.0357262 
0.860943 0.0106588 0.0490448 0.0283462 0.00461213 0.00330823 0.0430874 
0.860922 0.0103785 0.0512348 0.0151518 0.00370965 0.00336139 0.0552414 
0.848174 0.0119893 0.0436034 0.0442613 0.00695062 0.00271629 0.0423054 
0.84009 0.0114331 0.0518687 0.0269676 0.00478994 0.00304994 0.0618006 
0.877329 0.0121703 0.0434718 0.0273003 0.00391606 0.00229748 0.0335147 
0.861585 0.01087 0.0501372 0.0340937 0.00269945 0.0020088 0.0386058 
0.857178 0.0110742 0.0546956 0.0189836 0.00249456 0.00220905 0.0533648 
0.84036 0.0116004 0.0670712 0.0149705 0.00149215 0.00186032 0.0626457 
0.867387 0.0131877 0.0493293 0.0115385 0.00209986 0.00300143 0.0534565 
0.836825 0.0118418 0.0542915 0.0121029 0.00204166 0.00242608 0.0804708 
0.825713 0.0128926 0.048208 0.0151631 0.00609681 0.00294708 0.088979 
0.835836 0.0120862 0.045428 0.0227238 0.00446803 0.0032996 0.0761581 
0.852466 0.012849 0.0471787 0.0169072 0.00312079 0.00309434 0.0643835 
0.84302 0.0113645 0.0538224 0.0146492 0.00189497 0.00371352 0.0715351 
0.859044 0.0103704 0.0501292 0.0125179 0.00208027 0.00359938 0.0622585 
0.85616 0.01313 0.041157 0.0206443 0.00341452 0.00321278 0.0622817 
0.85284 0.0119751 0.0497422 0.0203006 0.0026386 0.0023132 0.0601898 
0.867185 0.0115864 0.0440167 0.0300039 0.00582076 0.00243422 0.0389534 
0.878115 0.0105423 0.0494707 0.0204529 0.00389867 0.00215045 0.0353696 
0.881409 0.0101149 0.0454023 0.020799 0.00393493 0.00292878 0.0354114 
0.884519 0.011256 0.0453745 0.0275327 0.00261705 0.00203626 0.0266643 
0.868287 0.00905588 0.0514267 0.0254794 0.00319443 0.00313739 0.0394192 
0.868746 0.00941111 0.0563991 0.0207729 0.0020674 0.00209221 0.0405118 
0.868738 0.00987602 0.0606188 0.0198134 0.00246202 0.002153 0.0363384 
0.878535 0.00843755 0.0582554 0.01743 0.00221714 0.00213094 0.0329942 
0.884317 0.00891468 0.0544898 0.018241 0.00371131 0.00179245 0.0285339 
0.868288 0.00931835 0.0523825 0.0153364 0.00402071 0.00273138 0.0479227 
0.889206 0.00936836 0.0487593 0.0153668 0.00379716 0.00230674 0.0311958 
0.879341 0.0085443 0.0526762 0.0162225 0.0041016 0.00248353 0.036631 
0.885489 0.0107339 0.0513044 0.0150523 0.00371674 0.00182403 0.0318793 
0.872281 0.010339 0.0573629 0.0178014 0.00195591 0.00217844 0.0380814 
0.866052 0.00988979 0.0610197 0.0180726 0.00180298 0.00199139 0.0411718 
0.871977 0.0103509 0.0556419 0.0200098 0.00278285 0.00242216 0.0368155 
0.855159 0.0085387 0.0654269 0.0121345 0.0020908 0.00308154 0.0535683 
0.856175 0.0101749 0.0634263 0.0116309 0.00147092 0.0036579 0.0534636 
0.829462 0.00981279 0.0675586 0.0247062 0.00152623 0.00252838 0.0644062 
0.820041 0.00754745 0.0786826 0.0182882 0.00158608 0.0021742 0.0716806 
0.838501 0.00879226 0.0631609 0.024318 0.00314814 0.00194652 0.060133 
0.828488 0.00734998 0.0765007 0.0168576 0.00229364 0.00161131 0.0668987 
0.812797 0.0068133 0.0694224 0.0147164 0.00331597 0.0016636 0.0912717 
0.830631 0.00702663 0.0815383 0.0280627 0.00213015 0.00125585 0.049355 
0.818602 0.00716157 0.069697 0.0240525 0.00200145 0.00191914 0.0765664 
0.837396 0.00799384 0.0608219 0.0321726 0.00383011 0.00146821 0.0563169 
0.825317 0.0085235 0.0565103 0.027168 0.00350061 0.00198305 0.0769976 
0.848441 0.00768556 0.0692594 0.025472 0.00234438 0.00130095 0.0454966 
0.84714 0.00776659 0.0656641 0.0182941 0.00234487 0.00168656 0.0571033 
0.859938 0.00785029 0.0614427 0.0265331 0.00227603 0.00177191 0.0401877 
0.875277 0.00966635 0.0560109 0.0225595 0.00239041 0.00171379 0.0323821 
0.820293 0.00799706 0.0856486 0.00842407 0.00144653 0.00121186 0.0749786 
0.859404 0.00786839 0.0652049 0.0184292 0.00189821 0.00200459 0.0451912 
0.822083 0.00733068 0.0783662 0.0153844 0.00171585 0.001543 0.0735765 
0.851015 0.00787626 0.0659871 0.0235122 0.0021664 0.00172677 0.047716 
0.850533 0.0112319 0.0607462 0.0202347 0.00254541 0.00170014 0.0530082 
0.840881 0.00948657 0.0637891 0.0206936 0.00181781 0.00225771 0.0610743 
0.866617 0.0115609 0.0546722 0.0166158 0.00265434 0.00219273 0.045687 
0.842973 0.0110481 0.0659842 0.0204739 0.00166931 0.0024659 0.0553859 
0.850651 0.0113034 0.0661464 0.0216552 0.00183474 0.00196674 0.0464421 
0.859951 0.00960025 0.064807 0.0212391 0.00147437 0.00195596 0.040972 
0.879878 0.0106559 0.0508751 0.0162473 0.00165001 0.00268326 0.0380108 
0.859777 0.0108902 0.0612362 0.017908 0.00174276 0.00183783 0.0466079 
0.865982 0.0131149 0.0564518 0.0186417 0.00180321 0.00170268 0.0423039 
0.847385 0.00959572 0.0614484 0.0140717 0.00220938 0.002915 0.062375 
0.838806 0.011797 0.0621884 0.0142587 0.0015081 0.00301985 0.0684215 
0.858776 0.0103286 0.0518801 0.0238775 0.00237557 0.00303533 0.0497266 
0.864948 0.0116374 0.0474228 0.0314539 0.00327448 0.0028478 0.0384154 
0.742364 0.00626374 0.10385 0.100171 0.00146915 0.00418926 0.0416942 
0.783463 0.00613385 0.0885207 0.0706711 0.00130885 0.00373774 0.0461648 
0.789615 0.00588013 0.0827674 0.0590184 0.00135528 0.004012 0.057352 
0.794973 0.00592453 0.0823773 0.0513652 0.00131953 0.00481412 0.0592261 
0.810084 0.00543464 0.0834105 0.0410867 0.00108139 0.00343766 0.0554648 
0.801524 0.00682635 0.0660778 0.063318 0.00164661 0.00437073 0.0562363 
0.801328 0.00622887 0.0661229 0.0763852 0.00194932 0.00368275 0.0443026 
0.78864 0.00761266 0.0639503 0.103073 0.0020394 0.003153 0.0315318 
0.852758 0.0100092 0.0468676 0.0610374 0.00235359 0.00270235 0.0242717 
0.820298 0.00772663 0.0660099 0.0558856 0.00219265 0.0023763 0.045511 
0.816999 0.00775762 0.0756903 0.0716801 0.00127809 0.00206779 0.0245274 
0.788182 0.00795084 0.0819651 0.0805372 0.0014246 0.0031279 0.0368126 
0.793812 0.00673116 0.0707168 0.0900184 0.00190124 0.00189294 0.0349274 
0.79792 0.00851589 0.0678261 0.0835356 0.00149973 0.00288096 0.0378213 
0.857098 0.00876886 0.0532591 0.0381094 0.00225019 0.00261096 0.0379033 
0.748895 0.117261 0.0181684 0.0132082 0.0537301 0.0124574 0.03628 
0.616695 0.265553 0.00774946 0.0318645 0.0504334 0.00577531 0.0219286 
0.60139 0.255826 0.00865766 0.0535429 0.0401556 0.00833359 0.0320952 
0.380603 0.537496 0.00407995 0.0421358 0.0163066 0.00570636 0.0136727 
0.328823 0.568481 0.00286317 0.0294035 0.0472499 0.00771519 0.0154646 
0.208259 0.678591 0.00176821 0.040915 0.0511465 0.0064266 0.0128941 
0.238215 0.685532 0.00220103 0.0245858 0.0249125 0.00955298 0.0150006 
0.174969 0.751165 0.00156468 0.0172182 0.0315512 0.00914333 0.0143892 
0.256894 0.652451 0.00241956 0.0342242 0.035574 0.0070635 0.0113746 
0.465578 0.423085 0.00486659 0.052132 0.0252737 0.0125348 0.0165298 
0.409642 0.471798 0.00420004 0.0430273 0.0433997 0.0109195 0.0170143 
0.436299 0.411507 0.00496174 0.0485739 0.0671878 0.0122783 0.0191921 
0.439023 0.30003 0.00471343 0.124632 0.111977 0.00733207 0.0122927 
0.469044 0.261523 0.00509904 0.123522 0.118824 0.00826295 0.0137246 
0.462473 0.331061 0.00583731 0.0835058 0.0927198 0.00753893 0.0168634 
0.496719 0.334614 0.00575144 0.0738589 0.0643902 0.00782854 0.016838 
0.415435 0.434021 0.00546423 0.0774753 0.0415137 0.00992787 0.0161624 
0.438075 0.318952 0.00541805 0.121349 0.0937902 0.00716926 0.0152473 
0.342249 0.385716 0.00351901 0.127088 0.123085 0.00777821 0.0105644 
0.295419 0.471079 0.00287327 0.0976718 0.113525 0.00741549 0.0120163 
0.369029 0.394411 0.00376077 0.115891 0.0977393 0.00722886 0.0119397 
0.400446 0.437294 0.00414507 0.0975817 0.0416963 0.00815426 0.0106828 
0.165761 0.708154 0.00133898 0.0184667 0.0854296 0.0117607 0.00908997 
0.312182 0.541914 0.00276639 0.0599381 0.0622651 0.0102163 0.0107182 
0.428967 0.378417 0.00464061 0.119494 0.0474463 0.00890465 0.0121299 
0.472305 0.318045 0.00561409 0.122949 0.056155 0.00922174 0.0157104 
0.555744 0.25584 0.00879364 0.113838 0.0379141 0.00909102 0.0187783 
0.711773 0.0995428 0.013299 0.136567 0.0139939 0.00585932 0.0189655 
0.709295 0.0658865 0.0148686 0.176116 0.0105301 0.00528265 0.0180205 
0.757441 0.0555792 0.0163455 0.143633 0.00603817 0.00482056 0.0161425 
0.767373 0.0540716 0.0150097 0.133341 0.00857059 0.00405695 0.017577 
0.786519 0.0532969 0.0190068 0.110434 0.00588221 0.00355517 0.0213052 
0.812108 0.0296543 0.0213195 0.104906 0.00614963 0.00400989 0.021853 
0.826174 0.0411721 0.0172253 0.0862627 0.00718975 0.00384692 0.0181296 
0.801526 0.0437204 0.0199293 0.108416 0.00529369 0.00327721 0.017837 
0.800653 0.0508126 0.0210473 0.0989366 0.00488161 0.00303632 0.020632 
0.788493 0.0418908 0.0203989 0.122375 0.00622645 0.00224919 0.0183675 
0.760607 0.0409233 0.0220232 0.150294 0.00581253 0.00162628 0.0187135 
0.787268 0.0345786 0.0295996 0.116427 0.00388003 0.00169119 0.0265549 
0.794944 0.0437921 0.0208129 0.109591 0.00663395 0.00180294 0.0224229 
0.773183 0.0376848 0.0209035 0.141051 0.00567539 0.00226972 0.0192329 
0.742364 0.00626374 0.10385 0.100171 0.00146915 0.00418926 0.0416942 
0.783463 0.00613385 0.0885207 0.0706711 0.00130885 0.00373774 0.0461648 
0.789615 0.00588013 0.0827674 0.0590184 0.00135528 0.004012 0.057352 
0.794973 0.00592453 0.0823773 0.0513652 0.00131953 0.00481412 0.0592261 
0.810084 0.00543464 0.0834105 0.0410867 0.00108139 0.00343766 0.0554648 
0.801524 0.00682635 0.0660778 0.063318 0.00164661 0.00437073 0.0562363 
0.801328 0.00622887 0.0661229 0.0763852 0.00194932 0.00368275 0.0443026 
0.78864 0.00761266 0.0639503 0.103073 0.0020394 0.003153 0.0315318 
0.852758 0.0100092 0.0468676 0.0610374 0.00235359 0.00270235 0.0242717 
0.820298 0.00772663 0.0660099 0.0558856 0.00219265 0.0023763 0.045511 
0.816999 0.00775762 0.0756903 0.0716801 0.00127809 0.00206779 0.0245274 
0.788182 0.00795084 0.0819651 0.0805372 0.0014246 0.0031279 0.0368126 
0.793812 0.00673116 0.0707168 0.0900184 0.00190124 0.00189294 0.0349274 
0.79792 0.00851589 0.0678261 0.0835356 0.00149973 0.00288096 0.0378213 
0.857098 0.00876886 0.0532591 0.0381094 0.00225019 0.00261096 0.0379033 
0.748895 0.117261 0.0181684 0.0132082 0.0537301 0.0124574 0.03628 
0.616695 0.265553 0.00774946 0.0318645 0.0504334 0.00577531 0.0219286 
0.60139 0.255826 0.00865766 0.0535429 0.0401556 0.00833359 0.0320952 
0.380603 0.537496 0.00407995 0.0421358 0.0163066 0.00570636 0.0136727 
0.328823 0.568481 0.00286317 0.0294035 0.0472499 0.00771519 0.0154646 
0.208259 0.678591 0.00176821 0.040915 0.0511465 0.0064266 0.0128941 
0.238215 0.685532 0.00220103 0.0245858 0.0249125 0.00955298 0.0150006 
0.174969 0.751165 0.00156468 0.0172182 0.0315512 0.00914333 0.0143892 
0.256894 0.652451 0.00241956 0.0342242 0.035574 0.0070635 0.0113746 
0.465578 0.423085 0.00486659 0.052132 0.0252737 0.0125348 0.0165298 
0.409642 0.471798 0.00420004 0.0430273 0.0433997 0.0109195 0.0170143 
0.436299 0.411507 0.00496174 0.0485739 0.0671878 0.0122783 0.0191921 
0.439023 0.30003 0.00471343 0.124632 0.111977 0.00733207 0.0122927 
0.469044 0.261523 0.00509904 0.123522 0.118824 0.00826295 0.0137246 
0.462473 0.331061 0.00583731 0.0835058 0.0927198 0.00753893 0.0168634 
0.496719 0.334614 0.00575144 0.0738589 0.0643902 0.00782854 0.016838 
0.415435 0.434021 0.00546423 0.0774753 0.0415137 0.00992787 0.0161624 
0.438075 0.318952 0.00541805 0.121349 0.0937902 0.00716926 0.0152473 
0.342249 0.385716 0.00351901 0.127088 0.123085 0.00777821 0.0105644 
0.295419 0.471079 0.00287327 0.0976718 0.113525 0.00741549 0.0120163 
0.369029 0.394411 0.00376077 0.115891 0.0977393 0.00722886 0.0119397 
0.400446 0.437294 0.00414507 0.0975817 0.0416963 0.00815426 0.0106828 
0.165761 0.708154 0.00133898 0.0184667 0.0854296 0.0117607 0.00908997 
0.312182 0.541914 0.00276639 0.0599381 0.0622651 0.0102163 0.0107182 
0.428967 0.378417 0.00464061 0.119494 0.0474463 0.00890465 0.0121299 
0.472305 0.318045 0.00561409 0.122949 0.056155 0.00922174 0.0157104 
0.555744 0.25584 0.00879364 0.113838 0.0379141 0.00909102 0.0187783 
0.711773 0.0995428 0.013299 0.136567 0.0139939 0.00585932 0.0189655 
0.831428 0.00683757 0.0744048 0.0378567 0.00223826 0.00214881 0.0450861 
0.8325 0.00716664 0.0759122 0.0339866 0.00136813 0.00246863 0.0465978 
0.826901 0.0062628 0.086262 0.0249114 0.00112645 0.00266247 0.0518735 
0.848325 0.00769859 0.0727254 0.0173544 0.00160983 0.00229136 0.0499953 
0.824315 0.00796398 0.0752053 0.0283934 0.00131389 0.00247183 0.0603361 
0.83637 0.00838714 0.0670973 0.0182001 0.00187728 0.00240887 0.0656591 
