0.834306 0.0535238 0.0207262 0.0556327 0.00879451 0.00454621 0.0224705 
0.82978 0.0597748 0.0204644 0.0519904 0.00980928 0.00467269 0.0235088 
0.831584 0.071634 0.0211832 0.0435827 0.00748138 0.00349003 0.0210446 
0.81531 0.0733044 0.0224947 0.0578696 0.00572635 0.00328521 0.0220101 
0.824562 0.0564593 0.0186911 0.0604873 0.0129221 0.00423084 0.0226476 
0.826723 0.0468219 0.0184391 0.0741632 0.0139266 0.00313762 0.0167884 
0.846257 0.0415826 0.0198258 0.058687 0.0102182 0.00347024 0.0199589 
0.84309 0.0420956 0.0211267 0.0612606 0.00746519 0.00458777 0.020374 
0.843123 0.0391626 0.022654 0.0636111 0.00614946 0.00480025 0.0204995 
0.844923 0.0382584 0.0196673 0.0673737 0.00702613 0.00455305 0.0181985 
0.874499 0.0202782 0.0265336 0.0533163 0.00404085 0.00337819 0.0179541 
0.850183 0.0205921 0.0341638 0.061843 0.00301817 0.00337252 0.026828 
0.838445 0.0159373 0.0425889 0.0723588 0.00251815 0.0033491 0.0248027 
0.839274 0.016709 0.0413084 0.0762058 0.00313621 0.0023796 0.0209869 
0.81672 0.0118618 0.0516225 0.080836 0.00230565 0.00235941 0.034295 
0.832949 0.010995 0.0466903 0.0454369 0.00236591 0.00421746 0.0573455 
0.826021 0.00927244 0.063309 0.0342928 0.0017846 0.00388493 0.0614348 
0.860917 0.0083548 0.0581355 0.0187421 0.00187489 0.00339635 0.048579 
0.832568 0.00675141 0.068582 0.0344482 0.00154069 0.00323939 0.0528705 
0.804105 0.00713625 0.0712684 0.0572272 0.00161221 0.00328373 0.0553675 
0.816049 0.00749519 0.068572 0.0546972 0.00230657 0.00222573 0.0486543 
0.828734 0.0082337 0.0586607 0.0466013 0.00252269 0.00232213 0.0529254 
0.806445 0.00836054 0.0689064 0.0502242 0.00196019 0.00300849 0.0610952 
0.80645 0.0087533 0.06219 0.0561675 0.00247378 0.00362659 0.0603387 
0.810762 0.00743994 0.06842 0.027621 0.00137571 0.00370917 0.0806724 
0.831255 0.011466 0.0548372 0.0355175 0.00132703 0.00482091 0.0607759 
0.823857 0.00902843 0.0687361 0.0237395 9.63108E-4 0.00327149 0.070404 
0.751191 0.00796241 0.0785273 0.035081 0.00100314 0.00611579 0.12012 
0.746457 0.00739715 0.0835625 0.0294018 9.97029E-4 0.00317805 0.129006 
0.786963 0.0088366 0.0673503 0.0283652 0.00119219 0.00388684 0.103406 
0.737571 0.00888698 0.0724712 0.0380349 0.0013035 0.00412255 0.13761 
0.760275 0.00980937 0.0690119 0.069007 0.00130893 0.00439221 0.0861958 
0.780185 0.00887294 0.0719825 0.0551081 0.00102565 0.0044475 0.0783785 
0.801472 0.00779217 0.072411 0.0345681 0.00102777 0.00394728 0.0787818 
0.772881 0.00879201 0.0664265 0.0623577 0.00128089 0.00530942 0.0829522 
0.789295 0.00714291 0.0672688 0.0479331 0.00134179 0.00453892 0.0824795 
0.797453 0.00786711 0.0736457 0.044758 0.00118502 0.00307992 0.0720115 
0.798799 0.00697767 0.0793985 0.0272448 0.00108617 0.00299233 0.0835017 
0.82148 0.00624358 0.0776662 0.0239196 0.00122025 0.00297153 0.0664984 
0.804303 0.00601124 0.0747486 0.0300938 0.00168456 0.002736 0.0804226 
0.815817 0.00654105 0.0702751 0.027206 0.00150262 0.00299009 0.0756678 
0.777814 0.00639783 0.0880148 0.0408189 0.00104019 0.00344831 0.0824663 
0.818902 0.00703663 0.0702306 0.0328428 0.00123812 0.00315538 0.0665945 
0.842051 0.00737431 0.0676181 0.0267673 0.00122426 0.00289113 0.0520741 
0.84375 0.00825452 0.0687657 0.0310167 0.00126597 0.00274306 0.044204 
0.820448 0.00733781 0.0661047 0.0357357 0.0019956 0.00219893 0.0661791 
0.800389 0.00659842 0.0816531 0.03147 0.00138549 0.0018124 0.0766914 
0.808127 0.00785573 0.0877377 0.037119 0.00108406 0.00207127 0.0560053 
0.812151 0.0070685 0.0842506 0.0453985 0.00109703 0.00252497 0.0475093 
0.809907 0.00650883 0.0895349 0.0264366 9.73834E-4 0.00275323 0.0638855 
0.811215 0.00659116 0.0847321 0.0203473 9.72391E-4 0.00324535 0.0728967 
0.811292 0.00595149 0.0970976 0.0247991 9.15287E-4 0.00222879 0.057716 
0.817252 0.00536653 0.0910255 0.0238236 9.54401E-4 0.00224817 0.0593301 
0.754069 0.00825603 0.078796 0.0193733 0.00185377 0.00181812 0.135834 
0.778879 0.00687085 0.0909365 0.0453693 0.00177174 0.00138379 0.0747888 
0.81005 0.00725495 0.0709154 0.0473832 0.00244735 0.00173166 0.0602175 
0.765524 0.00561166 0.0914096 0.0740794 0.00229497 0.00201953 0.0590613 
0.821767 0.0057466 0.0747841 0.0416494 0.0033471 0.00123041 0.0514751 
0.806966 0.00562692 0.0880082 0.0229755 0.00229895 0.00145608 0.0726688 
0.800191 0.00684542 0.0762117 0.0457412 0.00274443 0.00170402 0.0665627 
0.769823 0.00720219 0.0851567 0.056432 0.0031006 0.0016146 0.0766714 
0.783847 0.00582731 0.0893357 0.0208381 0.00162816 0.00245179 0.0960715 
0.811369 0.00594137 0.0829376 0.0356638 0.00165621 0.00179214 0.0606401 
0.801576 0.00605849 0.0944285 0.0283474 0.00125796 0.00167842 0.0666537 
0.813336 0.00609286 0.0858022 0.0270619 0.00124206 0.00172042 0.0647443 
0.849449 0.00682965 0.0706924 0.0264128 0.00179305 0.00165958 0.0431636 
0.837227 0.00596201 0.0746164 0.0283319 0.00180607 0.00187045 0.0501866 
0.814318 0.00598296 0.0771664 0.0365448 0.00207264 0.00182475 0.0620906 
0.832864 0.00600378 0.0779647 0.0482415 0.00203602 0.00125423 0.031636 
0.807124 0.00662607 0.0893955 0.0410405 0.00240707 0.00104054 0.0523665 
0.754305 0.00724219 0.0798579 0.109827 0.00257941 0.00209984 0.0440887 
0.767826 0.00609313 0.0921446 0.0820277 0.00210308 0.00214571 0.04766 
0.782396 0.00617175 0.0879178 0.0684448 0.00211861 0.00169264 0.0512581 
0.688939 0.00706762 0.08713 0.157522 0.0029395 0.00220617 0.0541955 
0.741339 0.00566555 0.0909559 0.121396 0.0029784 0.00196358 0.0357013 
0.778339 0.00630757 0.0851445 0.0867857 0.00241107 0.00161173 0.0394008 
0.76621 0.00567569 0.0906973 0.0887449 0.00228071 0.00227668 0.0441145 
0.770816 0.00594418 0.0868375 0.0835356 0.00253843 0.00212004 0.048208 
0.762374 0.00603089 0.0787609 0.116947 0.00256033 0.00183479 0.0314915 
0.782391 0.00627826 0.082947 0.0847232 0.00195341 0.00162131 0.0400854 
0.829845 0.00516562 0.0924955 0.0347329 0.00168965 0.00115737 0.0349138 
0.837631 0.00649907 0.0652794 0.0459095 0.00262544 0.00186525 0.0401902 
0.834807 0.00684133 0.0681664 0.04334 0.00229429 0.00182472 0.0427265 
0.751322 0.00752396 0.080834 0.0957972 0.0018076 0.00363145 0.0590843 
0.771581 0.00512689 0.105466 0.0214728 7.01072E-4 0.00283384 0.0928184 
0.815913 0.00696885 0.0727169 0.0308953 0.00128966 0.00407164 0.0681446 
0.770117 0.00731048 0.0968098 0.0537514 0.00103602 0.0030649 0.0679107 
0.798889 0.00878159 0.073642 0.0700704 0.00130549 0.00276398 0.0445473 
0.784342 0.00800962 0.0901477 0.0506323 0.00112433 0.00176389 0.0639797 
0.802557 0.00824693 0.0778641 0.0588361 0.00116579 0.0022179 0.049112 
0.824112 0.00708126 0.072282 0.0309581 0.00113075 0.00217759 0.0622581 
0.796266 0.00646276 0.0703177 0.0622962 0.00179258 0.00241254 0.0604524 
0.825951 0.00822921 0.0803163 0.0316943 0.00131472 0.00145132 0.0510434 
0.819889 0.00725927 0.0779427 0.0265532 0.00177506 0.00238803 0.0641923 
0.823625 0.00754554 0.082632 0.0307449 0.00112868 0.00248542 0.0518388 
0.790269 0.00631313 0.093584 0.0576739 0.00168499 0.00168027 0.048795 
0.784667 0.00637829 0.0965987 0.0453565 9.66899E-4 0.00295523 0.0630773 
0.811482 0.00568533 0.089818 0.033195 0.00109232 0.0030418 0.0556855 
0.817342 0.00630624 0.0719287 0.0478387 0.00178699 0.00292663 0.0518711 
0.794798 0.00647723 0.084967 0.0439304 0.00130393 0.00270427 0.0658192 
0.769151 0.00744379 0.0738102 0.101285 0.00206258 0.00266857 0.0435789 
0.666099 0.00776674 0.0917209 0.143277 0.00279382 0.00397477 0.0843672 
0.778543 0.00721304 0.0861138 0.0416614 0.00100592 0.00340546 0.0820578 
0.806086 0.00656399 0.0785551 0.0344916 0.00134186 0.00335188 0.0696097 
0.80356 0.00648509 0.0853255 0.0341852 9.76305E-4 0.00499357 0.0644748 
0.804742 0.00600406 0.0935806 0.0373163 0.00116138 0.00325341 0.0539427 
0.786504 0.00582838 0.111569 0.0173717 9.8039E-4 0.00178023 0.075966 
0.776935 0.00646078 0.0910018 0.0485665 0.00114123 0.0049882 0.0709062 
0.808218 0.00585198 0.0899697 0.0369904 0.00118492 0.00189486 0.0558898 
0.774852 0.00717606 0.0787352 0.0779542 0.00200383 0.0026201 0.056659 
0.733272 0.00642752 0.0950845 0.067511 0.00177858 0.00411474 0.0918116 
0.765924 0.00522131 0.09714 0.0314707 0.0011031 0.00301114 0.0961299 
0.77142 0.00615381 0.0976465 0.0272155 9.54641E-4 0.00273769 0.0938717 
0.782303 0.00699059 0.0839768 0.0326962 0.00110214 0.00354649 0.0893852 
0.769151 0.00744379 0.0738102 0.101285 0.00206258 0.00266857 0.0435789 
0.666099 0.00776674 0.0917209 0.143277 0.00279382 0.00397477 0.0843672 
0.778543 0.00721304 0.0861138 0.0416614 0.00100592 0.00340546 0.0820578 
0.806086 0.00656399 0.0785551 0.0344916 0.00134186 0.00335188 0.0696097 
0.80356 0.00648509 0.0853255 0.0341852 9.76305E-4 0.00499357 0.0644748 
0.804742 0.00600406 0.0935806 0.0373163 0.00116138 0.00325341 0.0539427 
0.786504 0.00582838 0.111569 0.0173717 9.8039E-4 0.00178023 0.075966 
0.776935 0.00646078 0.0910018 0.0485665 0.00114123 0.0049882 0.0709062 
0.808218 0.00585198 0.0899697 0.0369904 0.00118492 0.00189486 0.0558898 
0.774852 0.00717606 0.0787352 0.0779542 0.00200383 0.0026201 0.056659 
0.733272 0.00642752 0.0950845 0.067511 0.00177858 0.00411474 0.0918116 
0.765924 0.00522131 0.09714 0.0314707 0.0011031 0.00301114 0.0961299 
0.77142 0.00615381 0.0976465 0.0272155 9.54641E-4 0.00273769 0.0938717 
0.782303 0.00699059 0.0839768 0.0326962 0.00110214 0.00354649 0.0893852 
0.826868 0.00925654 0.0691695 0.0597052 0.00298301 0.00122482 0.0307926 
0.805668 0.00861989 0.064568 0.080659 0.00398768 0.00130869 0.0351884 
0.80248 0.00829387 0.0724892 0.0677143 0.00284065 0.00136398 0.0448177 
0.824886 0.00690702 0.0774327 0.0439567 0.00191608 0.00143347 0.0434684 
0.807832 0.00623344 0.0887368 0.0473067 0.00205316 0.00144087 0.0463973 
0.848355 0.00737782 0.0737077 0.031184 0.00264407 0.00127731 0.0354542 
0.840051 0.00781346 0.083603 0.0325833 0.00219697 0.00107391 0.0326784 
0.820939 0.0059946 0.0851717 0.0282081 0.00233018 0.00140743 0.0559486 
0.843453 0.00562626 0.0842231 0.0176888 0.00203324 0.00144233 0.0455328 
0.820711 0.00625396 0.0907122 0.0378487 0.00156687 0.00149469 0.0414121 
0.776496 0.00585739 0.0990985 0.0447665 0.00160774 0.00192085 0.0702528 
0.781254 0.00508926 0.115697 0.0463515 0.00110757 0.00188175 0.048619 
0.822473 0.00562303 0.0905726 0.0286839 0.00232604 0.00182404 0.0484969 
0.843459 0.00593336 0.0777791 0.0331924 0.00282318 0.00139581 0.0354167 
0.828919 0.00582343 0.0738779 0.0409958 0.00352021 0.00124928 0.0456139 
0.806123 0.00629787 0.0824682 0.0465416 0.00321861 0.00112938 0.0542219 
0.764556 0.0072206 0.0790359 0.0847158 0.00268956 0.0017501 0.0600323 
0.826223 0.00716483 0.068572 0.0449146 0.00251185 0.00217708 0.0484362 
0.819588 0.00815066 0.0748724 0.0469875 0.00239877 0.00178454 0.0462185 
0.808777 0.00658538 0.0745361 0.0390268 0.00351556 0.00163223 0.0659272 
0.832631 0.0211618 0.0429411 0.00865356 0.0273256 0.00584697 0.0614396 
0.865816 0.0107103 0.0461872 0.0178121 0.0149028 0.00322452 0.041347 
0.828565 0.00571379 0.0698727 0.0404421 0.0045926 0.00180208 0.0490122 
0.825128 0.00830518 0.0584839 0.0564752 0.00599432 0.00183883 0.0437746 
0.845655 0.00802084 0.0541313 0.0488859 0.00636282 0.00143003 0.0355138 
0.823296 0.00719721 0.0675315 0.0432498 0.00413954 0.00196098 0.0526252 
0.809261 0.0067504 0.0717018 0.0515031 0.0036889 0.0018633 0.0552313 
0.839469 0.00536238 0.068119 0.0258851 0.00382197 0.00169175 0.0556511 
0.829263 0.00667809 0.0706958 0.0596953 0.00275619 0.00195178 0.0289596 
0.841076 0.0064496 0.0741864 0.0429158 0.00229355 0.00180914 0.0312696 
0.822551 0.00639186 0.0800628 0.0536955 0.0025338 0.00160145 0.0331638 
0.820402 0.00543003 0.0904631 0.0514398 0.00222826 0.00141356 0.0286234 
0.814866 0.00537472 0.0939945 0.0414089 0.00176093 0.00151226 0.041083 
0.811187 0.00564175 0.0913185 0.0214442 0.00141816 0.00192567 0.0670651 
0.807514 0.00574124 0.0975184 0.0400741 0.00188045 0.00143713 0.0458347 
0.812901 0.00465584 0.103531 0.0357006 0.00173424 0.00145508 0.0400224 
0.826709 0.00531411 0.0925283 0.0347736 0.00146603 0.00172549 0.0374834 
0.826544 0.00526965 0.0854177 0.0243403 0.00261075 0.00138501 0.0544328 
0.7962 0.00472788 0.107462 0.0181385 0.00127054 0.00167884 0.0705213 
0.845404 0.00540813 0.0784597 0.0273315 0.00257746 0.00143664 0.0393823 
0.802942 0.00469639 0.0870765 0.0367448 0.00237312 0.00201926 0.0641477 
0.797083 0.00525727 0.0827309 0.0639495 0.00299284 0.00177026 0.0462161 
0.702477 0.00672883 0.0953351 0.135272 0.00196436 0.00397942 0.0542433 
0.830384 0.00820894 0.051125 0.0295282 0.00236616 0.00485356 0.0735344 
0.832167 0.00706651 0.0567274 0.0419963 0.00216126 0.00275619 0.0571256 
0.809322 0.00848342 0.0515335 0.0494098 0.00306534 0.00544248 0.0727438 
0.781374 0.00849508 0.0579268 0.0648208 0.00308561 0.00405593 0.0802414 
0.774618 0.00802265 0.0618868 0.0464779 0.00192148 0.0051883 0.101885 
0.830599 0.0099703 0.0455045 0.0271308 0.00206818 0.00622764 0.0784992 
0.808249 0.00843469 0.0494028 0.0616912 0.00263792 0.00426958 0.0653145 
0.857483 0.00756867 0.0465809 0.0378057 0.00262215 0.00347405 0.0444652 
0.827954 0.0080188 0.0492872 0.058464 0.00342465 0.00412927 0.0487217 
0.842638 0.00792595 0.0499754 0.0464069 0.00239557 0.00308915 0.0475692 
0.786655 0.00832159 0.056457 0.0544243 0.00270963 0.00467303 0.0867589 
0.790889 0.00916342 0.0519905 0.0600235 0.00406465 0.0049989 0.0788701 
0.77459 0.00930064 0.054513 0.0576882 0.00258995 0.00535696 0.0959614 
0.798174 0.00767852 0.0583654 0.0496915 0.00212679 0.00456653 0.0793978 
0.793484 0.00788927 0.0588962 0.0580614 0.00215889 0.00677873 0.072731 
0.797392 0.0100066 0.0541583 0.0629206 0.00207875 0.00553108 0.0679121 
0.803775 0.00993413 0.0530456 0.0532952 0.00232077 0.00462302 0.0730064 
0.788786 0.00899609 0.0578533 0.0692954 0.00282738 0.00378939 0.0684529 
0.81585 0.00885143 0.052979 0.0416804 0.00218991 0.00278059 0.0756683 
0.811089 0.00745545 0.0596998 0.0322796 0.00163347 0.00491592 0.0829266 
0.820857 0.008291 0.0511981 0.0469618 0.00252261 0.00543892 0.0647306 
0.796787 0.00814427 0.0596331 0.0482015 0.00201714 0.00397478 0.0812421 
0.755263 0.0103646 0.0573214 0.0698616 0.00239374 0.0068602 0.0979351 
0.799576 0.00712307 0.0619491 0.0415496 0.00205637 0.00459883 0.0831475 
0.794919 0.00802423 0.069268 0.0236174 0.00102525 0.0046887 0.0984572 
0.833581 0.00751279 0.0651892 0.0167545 9.40094E-4 0.00408534 0.071937 
0.842901 0.0085453 0.0545439 0.0281334 0.0015101 0.00470203 0.0596639 
0.828887 0.00697541 0.0582685 0.0239666 0.00176307 0.00436251 0.0757769 
0.819694 0.00891492 0.053793 0.0256991 0.00159525 0.00380479 0.0864985 
0.822159 0.00732754 0.0613016 0.0222428 0.00175778 0.00568711 0.0795244 
0.832616 0.00690353 0.0587224 0.034451 0.0015535 0.00453149 0.0612218 
0.834412 0.00829342 0.0577413 0.0339603 0.00147299 0.00417861 0.0599415 
0.803622 0.0087087 0.0567248 0.0471593 0.00232329 0.00473681 0.0767253 
0.802076 0.00884713 0.0554216 0.0440632 0.00189472 0.00644924 0.081248 
0.849344 0.010834 0.0436734 0.0420522 0.00274887 0.00575158 0.0455955 
0.819754 0.00773146 0.0617412 0.0591898 0.00215646 0.00270773 0.0467192 
0.827436 0.00713676 0.0662466 0.0431463 0.00137694 0.00402153 0.050636 
0.836419 0.0123254 0.0401077 0.0511446 0.00505963 0.00545598 0.0494876 
0.781065 0.00674557 0.0728449 0.0610044 0.00208955 0.00317596 0.0730749 
0.791117 0.0079781 0.0606086 0.0401517 0.0021895 0.0049852 0.0929696 
0.804059 0.00803438 0.0620721 0.0327173 0.00150007 0.00443714 0.08718 
0.796546 0.00890796 0.054967 0.0418086 0.00191263 0.00468778 0.0911701 
0.83711 0.00731375 0.0614763 0.0317776 0.00121481 0.00452253 0.0565848 
0.806157 0.00792995 0.056957 0.0352095 0.00155392 0.00501712 0.0871758 
0.824794 0.00816094 0.0564269 0.0445239 0.00184052 0.00477393 0.0594802 
0.849494 0.0165561 0.0369135 0.0215551 0.00426391 0.00916265 0.0620544 
0.861812 0.0152075 0.0334537 0.0124511 0.00313606 0.0110218 0.0629174 
0.851535 0.0135984 0.0398948 0.0251988 0.00342246 0.00707354 0.0592769 
0.825412 0.0120638 0.039394 0.0547145 0.00375071 0.00526085 0.0594042 
0.831597 0.0114946 0.0471174 0.0370444 0.00244959 0.00546866 0.0648282 
0.801049 0.00973072 0.0481712 0.0735393 0.00335904 0.00431161 0.0598393 
0.801245 0.00850468 0.0537033 0.0530254 0.00335319 0.00542031 0.0747479 
0.812128 0.00872544 0.0549608 0.0411879 0.00188387 0.00581252 0.0753013 
0.8276 0.00878596 0.0554366 0.0406876 0.00182467 0.00543518 0.0602296 
0.845646 0.0095059 0.0480102 0.0404055 0.00196269 0.00465294 0.049817 
0.807313 0.00835132 0.0612464 0.0506473 0.001865 0.00383017 0.0667472 
0.830384 0.00820894 0.051125 0.0295282 0.00236616 0.00485356 0.0735344 
0.832167 0.00706651 0.0567274 0.0419963 0.00216126 0.00275619 0.0571256 
0.809322 0.00848342 0.0515335 0.0494098 0.00306534 0.00544248 0.0727438 
0.781374 0.00849508 0.0579268 0.0648208 0.00308561 0.00405593 0.0802414 
0.774618 0.00802265 0.0618868 0.0464779 0.00192148 0.0051883 0.101885 
0.830599 0.0099703 0.0455045 0.0271308 0.00206818 0.00622764 0.0784992 
0.808249 0.00843469 0.0494028 0.0616912 0.00263792 0.00426958 0.0653145 
0.857483 0.00756867 0.0465809 0.0378057 0.00262215 0.00347405 0.0444652 
0.827954 0.0080188 0.0492872 0.058464 0.00342465 0.00412927 0.0487217 
0.842638 0.00792595 0.0499754 0.0464069 0.00239557 0.00308915 0.0475692 
0.786655 0.00832159 0.056457 0.0544243 0.00270963 0.00467303 0.0867589 
0.790889 0.00916342 0.0519905 0.0600235 0.00406465 0.0049989 0.0788701 
0.77459 0.00930064 0.054513 0.0576882 0.00258995 0.00535696 0.0959614 
0.798174 0.00767852 0.0583654 0.0496915 0.00212679 0.00456653 0.0793978 
0.793484 0.00788927 0.0588962 0.0580614 0.00215889 0.00677873 0.072731 
0.797392 0.0100066 0.0541583 0.0629206 0.00207875 0.00553108 0.0679121 
0.803775 0.00993413 0.0530456 0.0532952 0.00232077 0.00462302 0.0730064 
0.788786 0.00899609 0.0578533 0.0692954 0.00282738 0.00378939 0.0684529 
0.81585 0.00885143 0.052979 0.0416804 0.00218991 0.00278059 0.0756683 
0.811089 0.00745545 0.0596998 0.0322796 0.00163347 0.00491592 0.0829266 
0.820857 0.008291 0.0511981 0.0469618 0.00252261 0.00543892 0.0647306 
0.796787 0.00814427 0.0596331 0.0482015 0.00201714 0.00397478 0.0812421 
0.755263 0.0103646 0.0573214 0.0698616 0.00239374 0.0068602 0.0979351 
0.799576 0.00712307 0.0619491 0.0415496 0.00205637 0.00459883 0.0831475 
0.794919 0.00802423 0.069268 0.0236174 0.00102525 0.0046887 0.0984572 
0.833581 0.00751279 0.0651892 0.0167545 9.40094E-4 0.00408534 0.071937 
0.842901 0.0085453 0.0545439 0.0281334 0.0015101 0.00470203 0.0596639 
0.828887 0.00697541 0.0582685 0.0239666 0.00176307 0.00436251 0.0757769 
0.819694 0.00891492 0.053793 0.0256991 0.00159525 0.00380479 0.0864985 
0.822159 0.00732754 0.0613016 0.0222428 0.00175778 0.00568711 0.0795244 
0.832616 0.00690353 0.0587224 0.034451 0.0015535 0.00453149 0.0612218 
0.834412 0.00829342 0.0577413 0.0339603 0.00147299 0.00417861 0.0599415 
0.803622 0.0087087 0.0567248 0.0471593 0.00232329 0.00473681 0.0767253 
0.802076 0.00884713 0.0554216 0.0440632 0.00189472 0.00644924 0.081248 
0.849344 0.010834 0.0436734 0.0420522 0.00274887 0.00575158 0.0455955 
0.819754 0.00773146 0.0617412 0.0591898 0.00215646 0.00270773 0.0467192 
0.827436 0.00713676 0.0662466 0.0431463 0.00137694 0.00402153 0.050636 
0.836419 0.0123254 0.0401077 0.0511446 0.00505963 0.00545598 0.0494876 
0.781065 0.00674557 0.0728449 0.0610044 0.00208955 0.00317596 0.0730749 
0.791117 0.0079781 0.0606086 0.0401517 0.0021895 0.0049852 0.0929696 
0.804059 0.00803438 0.0620721 0.0327173 0.00150007 0.00443714 0.08718 
0.796546 0.00890796 0.054967 0.0418086 0.00191263 0.00468778 0.0911701 
0.83711 0.00731375 0.0614763 0.0317776 0.00121481 0.00452253 0.0565848 
0.806157 0.00792995 0.056957 0.0352095 0.00155392 0.00501712 0.0871758 
0.824794 0.00816094 0.0564269 0.0445239 0.00184052 0.00477393 0.0594802 
0.849494 0.0165561 0.0369135 0.0215551 0.00426391 0.00916265 0.0620544 
0.861812 0.0152075 0.0334537 0.0124511 0.00313606 0.0110218 0.0629174 
0.851535 0.0135984 0.0398948 0.0251988 0.00342246 0.00707354 0.0592769 
0.825412 0.0120638 0.039394 0.0547145 0.00375071 0.00526085 0.0594042 
0.831597 0.0114946 0.0471174 0.0370444 0.00244959 0.00546866 0.0648282 
0.801049 0.00973072 0.0481712 0.0735393 0.00335904 0.00431161 0.0598393 
0.801245 0.00850468 0.0537033 0.0530254 0.00335319 0.00542031 0.0747479 
0.812128 0.00872544 0.0549608 0.0411879 0.00188387 0.00581252 0.0753013 
0.8276 0.00878596 0.0554366 0.0406876 0.00182467 0.00543518 0.0602296 
0.845646 0.0095059 0.0480102 0.0404055 0.00196269 0.00465294 0.049817 
0.807313 0.00835132 0.0612464 0.0506473 0.001865 0.00383017 0.0667472 
