0.713949 0.00488916 0.12165 0.049136 0.00104295 0.00360058 0.105733 
0.727705 0.0047759 0.109558 0.0309561 0.00107442 0.00423715 0.121693 
0.698969 0.00517006 0.101241 0.0245139 0.00119252 0.00378689 0.165127 
0.6548 0.00508506 0.103864 0.0564325 0.0022068 0.00415576 0.173456 
0.749643 0.00464311 0.0967256 0.0387997 0.00156247 0.00452539 0.1041 
0.755162 0.00471521 0.112273 0.0478485 0.00102485 0.00416071 0.0748156 
0.71973 0.00425556 0.128189 0.054341 0.00123549 0.00509856 0.0871501 
0.7612 0.00328988 0.116636 0.0464664 0.00176483 0.00230604 0.0683366 
0.718722 0.00474373 0.115124 0.074281 0.0016281 0.00406723 0.0814338 
0.72924 0.00447723 0.105693 0.0741809 0.00212033 0.00254717 0.0817409 
0.793799 0.00404746 0.093239 0.0514814 0.0034437 0.00159941 0.0523896 
0.698514 0.00376909 0.11633 0.0265306 0.00181826 0.00273354 0.150305 
0.694862 0.00428283 0.10538 0.0213502 0.0056816 0.0012692 0.167175 
0.759615 0.00420334 0.0884932 0.0170636 0.00455154 0.00189615 0.124177 
0.821034 0.00502043 0.0837066 0.0125042 0.00237951 0.00175515 0.0736003 
0.7915 0.00458437 0.0907847 0.0181339 0.0028761 0.0014763 0.0906451 
0.801257 0.00522228 0.080041 0.0201689 0.00222296 0.00263142 0.0884567 
0.461856 0.0122409 0.134396 0.00905871 0.0100074 0.0601346 0.312306 
0.520617 0.0161529 0.158939 0.00517571 0.020042 0.0668921 0.212181 
0.696441 0.00888775 0.11522 0.0103914 0.0139459 0.0212332 0.13388 
0.649099 0.00835597 0.106095 0.0477188 0.00375874 0.0310255 0.153947 
0.672236 0.00714065 0.103773 0.0212868 0.00480679 0.0230643 0.167693 
0.659581 0.00683486 0.0952522 0.0202461 0.0024518 0.0227809 0.192853 
0.804914 0.00870286 0.0560378 0.00914783 0.00205512 0.0161478 0.102995 
0.859072 0.0204825 0.0312464 0.0121458 0.00383484 0.0163987 0.0568196 
0.801873 0.0828678 0.0170941 0.0341156 0.0101202 0.0273941 0.0265352 
0.352726 0.506871 0.00610122 0.00694301 0.0437448 0.0458425 0.0377717 
0.186912 0.710989 0.00347625 0.00294763 0.0432818 0.0236081 0.0287859 
0.226314 0.62368 0.00442894 0.00534055 0.0329226 0.030625 0.0766886 
0.111125 0.807513 0.00182085 0.00547762 0.0273871 0.0216524 0.0250234 
0.159144 0.721445 0.00266739 0.0123635 0.0458851 0.0314298 0.0270651 
0.089185 0.79821 0.00155923 0.00899202 0.0658621 0.0203861 0.0158058 
0.085999 0.716431 0.00251619 0.00905962 0.140366 0.031337 0.0142919 
0.14728 0.584328 0.00326101 0.0112684 0.194701 0.0352042 0.0239566 
0.14544 0.515695 0.00204164 0.0190071 0.280882 0.0170088 0.0199247 
0.142882 0.735287 0.00258674 0.00632066 0.0451262 0.0415724 0.0262255 
0.238389 0.419149 0.00292914 0.0198735 0.260932 0.0335812 0.025146 
0.499188 0.140134 0.00724251 0.039743 0.250232 0.0324069 0.0310541 
0.565283 0.0583111 0.014707 0.0420725 0.222876 0.0407857 0.0559646 
0.741023 0.0600596 0.0191561 0.0157662 0.0215458 0.014184 0.128265 
0.763754 0.0685852 0.0196347 0.014654 0.00914569 0.0346676 0.0895593 
0.70506 0.0913467 0.0210721 0.0125622 0.0147352 0.0214111 0.133813 
0.738433 0.0829204 0.0187722 0.0177562 0.0213457 0.0215523 0.0992206 
0.755616 0.0474354 0.0200671 0.0334477 0.0115704 0.0223533 0.10951 
0.768571 0.0249829 0.0282111 0.0445737 0.00452908 0.00773424 0.121397 
0.780845 0.0303851 0.0243509 0.09556 0.00438626 0.00592534 0.0585476 
0.756804 0.0249715 0.0310838 0.070678 0.00346977 0.004561 0.108432 
0.809734 0.0342316 0.0260013 0.0584761 0.00379976 0.00559733 0.06216 
0.783214 0.00413671 0.081122 0.0493894 0.00403579 0.00173746 0.0763651 
0.751101 0.00425712 0.0905847 0.066788 0.00341677 0.00178889 0.0820633 
0.811959 0.00354089 0.0856998 0.029688 0.00364878 0.00148573 0.0639775 
0.843097 0.0039728 0.0742672 0.0281917 0.00294307 0.00164054 0.0458872 
0.824212 0.00482753 0.0812359 0.0184065 0.00216719 0.0013353 0.0678157 
0.774785 0.00523793 0.100758 0.0596632 0.00149859 0.00220282 0.055855 
0.759653 0.00599582 0.0866747 0.0115453 0.00161454 0.00213074 0.132385 
0.795652 0.0057381 0.0765725 0.0190354 0.00271083 0.00203662 0.0982549 
0.790662 0.00563935 0.0844158 0.0235426 0.00169203 0.00226786 0.0917808 
0.784436 0.00547573 0.0806628 0.0383441 0.00217603 0.00277567 0.08613 
0.792354 0.00638342 0.0707557 0.027829 0.00308635 0.00264822 0.0969428 
0.807962 0.00534298 0.0832553 0.0292375 0.0019715 0.00220473 0.0700263 
0.788056 0.00617084 0.0790963 0.0136227 0.00221995 0.0018396 0.108995 
0.737525 0.00568261 0.0832848 0.0222896 0.00169302 0.00777616 0.141748 
0.752574 0.00628003 0.076294 0.0295558 0.00177073 0.00309636 0.130429 
0.788475 0.00585424 0.0752876 0.0423205 0.00143517 0.00374148 0.0828856 
0.823238 0.00612652 0.0621538 0.0485409 0.00148594 0.00575257 0.0527023 
0.858871 0.0064985 0.0524916 0.0296182 0.00155388 0.00540133 0.0455653 
0.839278 0.00541207 0.0651296 0.0366579 0.00132879 0.00517666 0.0470166 
0.83142 0.0051048 0.0723071 0.0240735 0.00135437 0.0039779 0.0617622 
0.797148 0.00534754 0.0729443 0.0332974 0.00165734 0.00417071 0.0854346 
0.828195 0.00551168 0.0672948 0.0340566 0.00167576 0.00322815 0.0600382 
0.836304 0.00593231 0.0691027 0.0460478 0.00197829 0.00196762 0.0386673 
0.810892 0.00627834 0.0717694 0.0487506 0.00164749 0.00339816 0.0572641 
0.767333 0.00641756 0.0824943 0.0802269 0.00157849 0.00470482 0.057245 
0.788204 0.00605618 0.0722273 0.0627403 0.00166608 0.00443038 0.0646762 
0.82327 0.00609392 0.0654261 0.0425424 0.0022375 0.00331282 0.0571175 
0.826284 0.00684667 0.0633583 0.0317721 0.00153809 0.00453477 0.0656657 
0.821116 0.00628727 0.07201 0.0313447 0.00145232 0.00280243 0.0649876 
0.806552 0.00589991 0.0785798 0.0340533 0.0015399 0.00377724 0.0695983 
0.824621 0.00574738 0.0790368 0.0295784 0.00146628 0.00335923 0.056191 
0.811903 0.00502456 0.0847747 0.0207645 0.00125224 0.00282417 0.0734573 
0.796472 0.00535071 0.0773685 0.0299265 0.00218788 0.00334734 0.0853466 
0.830073 0.00603015 0.0669991 0.0245372 0.00228938 0.00386361 0.0662077 
0.826698 0.00619676 0.0679377 0.0341496 0.00159488 0.00432595 0.0590973 
0.788558 0.00600437 0.0665817 0.0327602 0.00223285 0.00455591 0.0993072 
0.752546 0.00618237 0.0816013 0.0357009 0.00176665 0.0040621 0.11814 
0.777504 0.00658721 0.0813546 0.0195606 0.00122837 0.00297169 0.110794 
0.789904 0.00557355 0.0756447 0.0195035 0.00166133 0.00330724 0.104406 
0.793882 0.00509463 0.0751569 0.0437308 0.00236717 0.00394292 0.0758251 
0.774849 0.00510098 0.0831058 0.0283419 0.0021714 0.00329095 0.10314 
0.791206 0.00579895 0.0746899 0.0292397 0.00199311 0.00424516 0.0928268 
0.807104 0.00651002 0.0654331 0.0488644 0.00270513 0.00393073 0.0654528 
0.829153 0.00620169 0.0599974 0.0219196 0.00222542 0.00491784 0.0755847 
0.816364 0.00680459 0.061365 0.0321503 0.00186745 0.00455688 0.0768913 
0.762241 0.00671306 0.0750631 0.0325107 0.00151801 0.00494204 0.117012 
0.710106 0.00672945 0.0928368 0.0456492 0.00124206 0.00484617 0.138591 
0.773336 0.00565885 0.0776829 0.0343854 0.00177893 0.00550692 0.101651 
0.790088 0.00587137 0.0766149 0.0206297 0.00136985 0.00538521 0.100041 
0.721653 0.00668776 0.074748 0.0193765 0.00203226 0.00786554 0.167637 
0.79645 0.00566079 0.0871668 0.038132 0.00111916 0.00349999 0.0679709 
0.823619 0.0055864 0.0738554 0.0349145 0.00180492 0.00358449 0.0566353 
0.763995 0.00705099 0.070959 0.0728101 0.00208563 0.00486709 0.0782325 
0.784432 0.00567227 0.085431 0.0251817 0.00104414 0.00420287 0.0940356 
0.718529 0.00701575 0.0824363 0.0938921 0.00202081 0.00536271 0.0907434 
0.798587 0.00659765 0.0763001 0.0465624 0.00116147 0.00581544 0.0649762 
0.775355 0.00630865 0.0802808 0.0622634 0.00137083 0.00445401 0.0699671 
0.76636 0.00580484 0.0895267 0.0738239 0.00155406 0.00378053 0.0591504 
0.808418 0.00622354 0.0767204 0.0347565 0.00204356 0.00244122 0.0693967 
0.821775 0.00615069 0.0757564 0.023729 0.00192152 0.00217307 0.0684939 
0.827307 0.00533682 0.0815628 0.0393524 0.00221659 0.00245646 0.0417683 
0.845417 0.00544695 0.0689766 0.0236042 0.00365641 0.00233923 0.0505595 
0.841541 0.00538704 0.0638259 0.0268187 0.00339215 0.00381453 0.0552206 
0.835424 0.0060113 0.0723043 0.0181641 0.00208488 0.00203147 0.0639805 
0.798873 0.00481454 0.0883151 0.0379896 0.00208966 0.00232014 0.065598 
0.795047 0.00436992 0.102873 0.0243063 0.00136718 0.00173688 0.0702988 
0.809503 0.00458218 0.0926479 0.0198551 0.00136034 0.00285861 0.0691928 
0.779895 0.00470873 0.0923426 0.0269596 0.00138788 0.00334106 0.091365 
0.77827 0.00573256 0.091656 0.0687127 0.00144079 0.00374293 0.0504451 
0.802317 0.00485012 0.0876319 0.028643 0.0017261 0.00151514 0.0733169 
0.824512 0.00610668 0.0737464 0.0481206 0.00205771 0.00221704 0.0432391 
0.794575 0.00551507 0.0787168 0.0485908 0.00195159 0.002255 0.0683961 
0.830943 0.00755744 0.0609762 0.0522792 0.00463623 0.00184676 0.0417609 
0.829415 0.00786855 0.0549709 0.0588708 0.00630227 0.00172491 0.0408477 
0.83258 0.0075432 0.0505603 0.0669919 0.00600883 0.00159218 0.0347232 
0.830926 0.00829754 0.0494885 0.0642145 0.00631604 0.00179467 0.0389629 
0.84226 0.00791837 0.0569453 0.057919 0.0040209 0.00191067 0.0290254 
0.796088 0.00591 0.072834 0.0924729 0.00330735 0.00176772 0.02762 
0.837965 0.00743379 0.0744776 0.0406121 0.00463603 0.00129874 0.0335763 
0.838081 0.00711112 0.0655623 0.0554827 0.00372742 0.00158345 0.0284525 
0.831442 0.00581814 0.0778833 0.0378983 0.00300342 0.00178473 0.0421702 
0.812617 0.00477478 0.0808303 0.0310913 0.0022982 0.00237039 0.0660177 
0.77042 0.00602317 0.099064 0.0623189 0.00135694 0.00324651 0.0575708 
0.77726 0.00572376 0.096257 0.0321966 0.00104785 0.00349636 0.0840184 
0.838187 0.00643835 0.0719263 0.0322048 0.00199289 0.00223516 0.0470152 
0.826882 0.00629618 0.0687452 0.0629339 0.0033264 0.00235842 0.0294575 
0.812818 0.00551369 0.0829122 0.0399435 0.00187755 0.00235812 0.0545768 
0.768134 0.0064376 0.0978437 0.0736114 0.00149612 0.0041455 0.0483317 
0.745178 0.00665521 0.0959449 0.0830431 0.00163187 0.00532695 0.0622204 
0.767377 0.00519351 0.100853 0.0650067 0.00150598 0.0041907 0.0558727 
0.798269 0.00568278 0.0903454 0.0415081 0.00130753 0.00527617 0.0576109 
0.829176 0.00761203 0.0736141 0.0264628 0.00150004 0.00483017 0.0568053 
0.786555 0.00829919 0.0708894 0.0472129 0.00153658 0.00763231 0.0778745 
0.785648 0.00811846 0.0705077 0.0389756 0.00134907 0.00942259 0.0859786 
0.806939 0.00869643 0.0617722 0.0448499 0.00164294 0.00979431 0.0663049 
0.842455 0.00832494 0.0576729 0.0385391 0.00166523 0.00584079 0.045502 
0.709822 0.00543817 0.0854168 0.0249254 0.0025204 0.00190192 0.169975 
0.799819 0.00529528 0.0737305 0.0320691 0.00260972 0.00173346 0.0847425 
0.83314 0.00643266 0.057175 0.0382534 0.00379955 0.00167147 0.0595276 
0.82303 0.00657729 0.074199 0.0668879 0.00233712 0.00113843 0.0258304 
0.809377 0.00608642 0.076427 0.0758921 0.00206088 0.0012537 0.0289027 
0.827715 0.00694482 0.0675006 0.0619151 0.00212014 0.00152041 0.0322843 
0.83202 0.00754015 0.0674089 0.0681393 0.00192979 0.00117113 0.0217909 
0.85372 0.00938602 0.0631932 0.0465171 0.00276059 0.00132761 0.0230951 
0.831731 0.00669723 0.073109 0.0608907 0.00233891 0.00148821 0.0237452 
0.834046 0.0066327 0.0694648 0.0524851 0.00321774 0.00122845 0.032925 
0.782432 0.0060273 0.0902845 0.0899061 0.00229083 0.00140354 0.0276558 
0.777835 0.0057164 0.0957584 0.0721452 0.00317438 0.00100139 0.0443688 
0.800666 0.00581688 0.0874275 0.0772998 0.00222612 0.00140569 0.025158 
0.831498 0.00740993 0.0724046 0.055397 0.00267266 9.04584E-4 0.029713 
0.834799 0.00644663 0.0707768 0.0482431 0.00309925 0.0013979 0.0352377 
0.812524 0.0067557 0.0728712 0.0729181 0.00286356 0.00114161 0.0309259 
0.797225 0.00666356 0.0770722 0.0883378 0.00270987 0.00107557 0.026916 
0.803651 0.00645778 0.0787867 0.0830013 0.00272545 0.00109274 0.0242845 
0.820481 0.00814752 0.0539793 0.0845744 0.00343785 0.00125869 0.0281213 
0.800929 0.00656887 0.0806767 0.0573221 0.00342877 0.00123386 0.0498406 
0.828666 0.00605976 0.0611565 0.0631529 0.00351481 0.0015188 0.0359315 
0.81024 0.006846 0.0631264 0.030342 0.00302147 0.00192916 0.0844949 
0.827542 0.0062737 0.0667436 0.045771 0.00397994 0.00166065 0.0480288 
0.761981 0.00726666 0.0753984 0.0249608 0.00194048 0.0013057 0.127147 
0.807047 0.00697254 0.0797412 0.0145768 0.00143893 0.00133244 0.0888911 
0.79289 0.00754083 0.0727765 0.0104333 0.00220604 0.00181584 0.112338 
0.554112 0.0109965 0.0823454 0.00595737 0.00247803 0.00197252 0.342138 
0.833114 0.00684457 0.0783366 0.0254515 0.00152814 0.00137288 0.0533519 
0.808714 0.00617351 0.0897354 0.0376539 0.00155779 0.00149027 0.0546748 
0.859578 0.0102078 0.0616809 0.0439907 0.00266561 8.80144E-4 0.0209967 
0.828057 0.0108525 0.0625079 0.0740102 0.0028963 9.92748E-4 0.020683 
0.82808 0.0124306 0.0554281 0.0813242 0.00455732 9.02799E-4 0.0172774 
0.797029 0.0105705 0.0589338 0.106164 0.00286578 0.00150351 0.0229338 
0.813634 0.00584796 0.0753494 0.027759 0.00106236 0.00407602 0.0722716 
0.779006 0.00591202 0.0801266 0.0249679 0.00106674 0.00557733 0.103344 
0.827993 0.00701511 0.0668446 0.021823 9.69813E-4 0.00507549 0.0702785 
0.826601 0.00700101 0.0692106 0.0237877 0.00102966 0.00593508 0.0664352 
0.832322 0.00736115 0.0631006 0.0327839 0.00112739 0.00564997 0.0576554 
0.809338 0.00710753 0.0638873 0.0252584 0.00127529 0.00607199 0.0870618 
0.845405 0.00700577 0.064484 0.0172946 9.83634E-4 0.00447953 0.0603474 
0.760884 0.00638438 0.0791622 0.0197171 0.00104119 0.00532905 0.127482 
0.730537 0.00688867 0.0868545 0.0311872 0.00131331 0.00578327 0.137436 
0.775303 0.0060021 0.0981773 0.042183 9.85672E-4 0.00460607 0.0727427 
0.789995 0.00683789 0.0696106 0.0383449 0.00133951 0.00515149 0.0887202 
0.775851 0.00699224 0.0806094 0.0366611 0.00108142 0.00448094 0.0943242 
0.803741 0.00613114 0.0787845 0.0603062 0.00129076 0.00318438 0.0465621 
0.642611 0.00876885 0.122737 0.126294 0.00262254 0.00764736 0.0893199 
0.747262 0.0071125 0.098612 0.0687248 0.00119417 0.00565895 0.0714352 
0.650052 0.00854074 0.10818 0.164655 0.00210674 0.00565542 0.0608097 
0.667738 0.00706981 0.107712 0.148766 0.00250291 0.00463637 0.0615755 
0.546478 0.0110811 0.125793 0.244243 0.00307386 0.00812749 0.0612028 
0.602534 0.009637 0.124765 0.216265 0.0026921 0.00500255 0.0391034 
0.845114 0.00876047 0.0516921 0.0253174 0.00205221 0.00703577 0.0600278 
0.853395 0.0080445 0.0517306 0.00955412 0.00371721 0.00588186 0.0676768 
0.856963 0.00652991 0.0647996 0.0115909 0.00235665 0.00440804 0.0533516 
0.832367 0.00823889 0.0662518 0.00605583 0.00310996 0.00723829 0.0767379 
0.765377 0.00831946 0.0687814 0.00450101 0.00748857 0.00278477 0.142747 
0.843828 0.00685223 0.0533345 0.0122408 0.0056197 0.00549822 0.0726267 
0.842012 0.00690406 0.0663176 0.00960854 0.00357135 0.00418683 0.0673992 
0.847424 0.00722479 0.0664146 0.0160105 0.00176378 0.00818321 0.0529793 
0.840992 0.00926206 0.0568032 0.0496703 0.00169069 0.0085991 0.0329827 
0.828495 0.0074424 0.0633032 0.0372585 0.00214862 0.00715967 0.0541927 
0.86457 0.00705167 0.0591378 0.0188624 0.00151846 0.00546858 0.0433913 
0.872227 0.00739152 0.0574507 0.0252562 0.0015762 0.00424671 0.031852 
0.836853 0.00878723 0.0544236 0.0121767 0.00145818 0.00790506 0.0783966 
0.819853 0.00768311 0.059131 0.0170263 0.00232704 0.00777932 0.0862003 
0.786373 0.0152498 0.0499393 0.0046958 0.00793692 0.0143513 0.121454 
0.821906 0.0121379 0.0443681 0.00941058 0.00284008 0.00855656 0.100781 
0.819951 0.01247 0.0413167 0.0146712 0.00385984 0.00990336 0.0978276 
0.765514 0.00953761 0.0537785 0.0123199 0.00235922 0.00807437 0.148416 
0.807866 0.00954362 0.0494306 0.0121316 0.00202547 0.00779488 0.111208 
0.841565 0.0110406 0.0405556 0.0195459 0.00214781 0.00707803 0.0780669 
0.821939 0.0103028 0.0449353 0.0288446 0.00203419 0.00667824 0.0852656 
0.740336 0.00851449 0.057689 0.0261453 0.00129248 0.0111541 0.154868 
0.810552 0.00756643 0.0559593 0.0314756 0.00122188 0.00919599 0.0840284 
0.750335 0.00689222 0.0686083 0.0426491 0.00135889 0.00821842 0.121938 
0.773791 0.00704291 0.0771963 0.0437315 9.68987E-4 0.00736164 0.0899073 
0.771045 0.00649798 0.0612757 0.0542794 0.00160842 0.00500315 0.10029 
0.786202 0.00684903 0.0561941 0.0230381 0.00214446 0.00382218 0.12175 
0.796499 0.00734588 0.0553237 0.0175105 0.00465968 0.00329533 0.115366 
0.747247 0.00620644 0.0702076 0.031638 0.00184565 0.00641105 0.136444 
0.784612 0.00645532 0.0658547 0.0404879 0.00168861 0.00485253 0.0960494 
0.829298 0.00626034 0.0616983 0.0216721 0.00151985 0.00543625 0.0741147 
0.792348 0.00634304 0.0679222 0.0193665 0.00149846 0.00501015 0.107511 
0.768835 0.00686572 0.0707315 0.0247512 0.00168495 0.00458185 0.12255 
0.750853 0.00624367 0.0756177 0.0295135 0.00144245 0.00442374 0.131906 
0.746251 0.00626 0.0729615 0.0170424 0.00141568 0.00615272 0.149917 
0.815237 0.00871032 0.0637232 0.0445552 0.00253053 0.00136375 0.0638805 
0.820247 0.00955314 0.0594084 0.0511129 0.00315471 0.00117443 0.0553493 
0.837626 0.0108963 0.047794 0.0613063 0.00383436 0.00151776 0.0370255 
0.843399 0.00817108 0.0497932 0.0477943 0.00389978 0.00172676 0.0452154 
0.850756 0.00980814 0.0467339 0.036114 0.00427293 0.0015223 0.050793 
0.848589 0.0129689 0.0453112 0.0336948 0.00489926 0.00150338 0.0530333 
0.845085 0.0141183 0.0506371 0.033156 0.00384348 0.00126009 0.0518998 
0.848209 0.0120345 0.0500988 0.0308817 0.00271951 0.00131475 0.0547419 
0.842642 0.0112506 0.056143 0.0310531 0.00248484 0.00127903 0.0551472 
0.828638 0.0117138 0.0573877 0.0264367 0.00224525 0.00184468 0.0717342 
0.850462 0.0105407 0.0557947 0.0249944 0.00239606 0.00200585 0.0538067 
0.826945 0.010207 0.0592297 0.0295328 0.00223286 0.00162707 0.0702261 
0.856226 0.0110201 0.0548089 0.0144127 0.00246208 0.00263326 0.0584369 
0.828932 0.0263084 0.0456913 0.00563232 0.0104261 0.0131595 0.0698509 
0.841351 0.0211426 0.0538556 0.00686829 0.0175847 0.0094182 0.0497801 
0.812005 0.00930264 0.0838351 0.00443094 0.00432831 0.02099 0.0651081 
0.797658 0.0241816 0.0608674 0.00214028 0.00638077 0.0797935 0.0289789 
0.759647 0.0125567 0.0868297 0.00231047 0.00706437 0.0894905 0.0421009 
0.807617 0.0191852 0.0356847 0.00543645 0.0195706 0.0913616 0.0211444 
0.815609 0.0135018 0.0525714 0.00791134 0.00969619 0.0626082 0.0381025 
0.854238 0.0117031 0.0541653 0.00777388 0.00713954 0.0219541 0.0430263 
0.878284 0.0177935 0.0407612 0.00617746 0.00592403 0.0132879 0.0377721 
0.898418 0.019687 0.033907 0.0101558 0.00837341 0.00773106 0.0217276 
0.853743 0.0116004 0.0483242 0.023068 0.00734916 0.0104994 0.0454163 
0.877886 0.0146096 0.0367369 0.017747 0.0065923 0.00710445 0.0393242 
0.868046 0.0228052 0.0335235 0.019661 0.0107264 0.0102255 0.0350129 
0.757938 0.0689444 0.0300907 0.00722588 0.0439318 0.0410482 0.0508213 
0.768519 0.098421 0.0236425 0.0110442 0.0380309 0.0278387 0.0325034 
0.825237 0.059265 0.0270977 0.0197527 0.0204535 0.0228096 0.0253848 
0.838842 0.0527797 0.0261263 0.0316251 0.0124317 0.0162523 0.0219432 
0.858057 0.0460892 0.0253841 0.0275389 0.0161677 0.00753067 0.0192322 
0.858103 0.0479994 0.0251748 0.019223 0.0174759 0.00896387 0.0230605 
0.897128 0.0214208 0.033293 0.011259 0.00431047 0.00566743 0.0269211 
0.851337 0.0148596 0.053308 0.0293076 0.00456213 0.00428537 0.0423407 
0.846769 0.0160819 0.044558 0.00999122 0.00307131 0.00729076 0.0722381 
0.838446 0.0129916 0.043929 0.0115908 0.00306096 0.0113092 0.0786722 
0.879074 0.0126238 0.0331064 0.0231022 0.00427107 0.00479924 0.0430233 
0.880666 0.010971 0.0367262 0.0251198 0.00414538 0.00376013 0.0386111 
0.854211 0.0100408 0.0386862 0.0363055 0.00345459 0.00588967 0.0514124 
0.888773 0.0100785 0.0348074 0.0186639 0.00273236 0.00723402 0.0377104 
0.864727 0.0089427 0.0404391 0.0160632 0.00238302 0.00588573 0.0615591 
0.856901 0.00831756 0.0440363 0.0184771 0.00278626 0.00666502 0.0628172 
0.851283 0.00872889 0.0454531 0.0129464 0.00210646 0.00817221 0.0713096 
0.815237 0.00871032 0.0637232 0.0445552 0.00253053 0.00136375 0.0638805 
0.820247 0.00955314 0.0594084 0.0511129 0.00315471 0.00117443 0.0553493 
0.837626 0.0108963 0.047794 0.0613063 0.00383436 0.00151776 0.0370255 
0.843399 0.00817108 0.0497932 0.0477943 0.00389978 0.00172676 0.0452154 
0.850756 0.00980814 0.0467339 0.036114 0.00427293 0.0015223 0.050793 
0.848589 0.0129689 0.0453112 0.0336948 0.00489926 0.00150338 0.0530333 
0.845085 0.0141183 0.0506371 0.033156 0.00384348 0.00126009 0.0518998 
0.848209 0.0120345 0.0500988 0.0308817 0.00271951 0.00131475 0.0547419 
0.842642 0.0112506 0.056143 0.0310531 0.00248484 0.00127903 0.0551472 
0.828638 0.0117138 0.0573877 0.0264367 0.00224525 0.00184468 0.0717342 
0.850462 0.0105407 0.0557947 0.0249944 0.00239606 0.00200585 0.0538067 
0.826945 0.010207 0.0592297 0.0295328 0.00223286 0.00162707 0.0702261 
0.856226 0.0110201 0.0548089 0.0144127 0.00246208 0.00263326 0.0584369 
0.828932 0.0263084 0.0456913 0.00563232 0.0104261 0.0131595 0.0698509 
0.841351 0.0211426 0.0538556 0.00686829 0.0175847 0.0094182 0.0497801 
0.812005 0.00930264 0.0838351 0.00443094 0.00432831 0.02099 0.0651081 
0.797658 0.0241816 0.0608674 0.00214028 0.00638077 0.0797935 0.0289789 
0.759647 0.0125567 0.0868297 0.00231047 0.00706437 0.0894905 0.0421009 
0.807617 0.0191852 0.0356847 0.00543645 0.0195706 0.0913616 0.0211444 
0.815609 0.0135018 0.0525714 0.00791134 0.00969619 0.0626082 0.0381025 
0.854238 0.0117031 0.0541653 0.00777388 0.00713954 0.0219541 0.0430263 
0.878284 0.0177935 0.0407612 0.00617746 0.00592403 0.0132879 0.0377721 
0.898418 0.019687 0.033907 0.0101558 0.00837341 0.00773106 0.0217276 
0.853743 0.0116004 0.0483242 0.023068 0.00734916 0.0104994 0.0454163 
0.877886 0.0146096 0.0367369 0.017747 0.0065923 0.00710445 0.0393242 
0.868046 0.0228052 0.0335235 0.019661 0.0107264 0.0102255 0.0350129 
0.757938 0.0689444 0.0300907 0.00722588 0.0439318 0.0410482 0.0508213 
0.768519 0.098421 0.0236425 0.0110442 0.0380309 0.0278387 0.0325034 
0.825237 0.059265 0.0270977 0.0197527 0.0204535 0.0228096 0.0253848 
0.838842 0.0527797 0.0261263 0.0316251 0.0124317 0.0162523 0.0219432 
0.858057 0.0460892 0.0253841 0.0275389 0.0161677 0.00753067 0.0192322 
0.858103 0.0479994 0.0251748 0.019223 0.0174759 0.00896387 0.0230605 
0.897128 0.0214208 0.033293 0.011259 0.00431047 0.00566743 0.0269211 
0.851337 0.0148596 0.053308 0.0293076 0.00456213 0.00428537 0.0423407 
0.846769 0.0160819 0.044558 0.00999122 0.00307131 0.00729076 0.0722381 
0.838446 0.0129916 0.043929 0.0115908 0.00306096 0.0113092 0.0786722 
0.879074 0.0126238 0.0331064 0.0231022 0.00427107 0.00479924 0.0430233 
0.880666 0.010971 0.0367262 0.0251198 0.00414538 0.00376013 0.0386111 
0.854211 0.0100408 0.0386862 0.0363055 0.00345459 0.00588967 0.0514124 
0.888773 0.0100785 0.0348074 0.0186639 0.00273236 0.00723402 0.0377104 
0.864727 0.0089427 0.0404391 0.0160632 0.00238302 0.00588573 0.0615591 
0.856901 0.00831756 0.0440363 0.0184771 0.00278626 0.00666502 0.0628172 
0.851283 0.00872889 0.0454531 0.0129464 0.00210646 0.00817221 0.0713096 
0.835661 0.00855002 0.0590988 0.0237892 0.00188924 0.00640416 0.0646072 
0.837931 0.00718992 0.0597146 0.0200408 0.00202969 0.0054223 0.0676713 
0.847048 0.00885555 0.0575266 0.0302083 0.00204099 0.00490157 0.049419 
0.820909 0.00745236 0.0656603 0.0300159 0.002007 0.00519403 0.0687619 
0.82343 0.00573931 0.0706721 0.017706 0.00173731 0.00509203 0.0756233 
0.83127 0.00701556 0.0636095 0.0212761 0.00278244 0.00564356 0.0684025 
0.844779 0.00688285 0.0556467 0.0284695 0.00316429 0.00572276 0.0553347 
0.817605 0.00850433 0.0544041 0.023328 0.00492318 0.00597791 0.0852577 
0.854688 0.00803711 0.0504877 0.0194752 0.00334031 0.00549742 0.0584744 
0.853725 0.00830951 0.0536215 0.0158056 0.00197037 0.00701489 0.0595534 
0.825234 0.00749469 0.0634112 0.0137453 0.00195924 0.00722101 0.0809342 
0.833054 0.00817699 0.0587052 0.016493 0.00207529 0.00753228 0.0739631 
0.837466 0.00764451 0.0581734 0.0175936 0.00397749 0.00634299 0.0688024 
0.845289 0.00825269 0.0547264 0.0140716 0.00304572 0.00642012 0.0681941 
0.844724 0.00700468 0.0521724 0.0220746 0.00541141 0.0061705 0.0624424 
0.848663 0.00688061 0.0637544 0.0195003 0.00347154 0.00638195 0.0513484 
0.847573 0.00738526 0.0532436 0.0360123 0.00392014 0.00486357 0.0470026 
0.832341 0.00649152 0.0623756 0.0115335 0.00416186 0.00413794 0.0789582 
0.829424 0.00808857 0.0543326 0.0305448 0.00534694 0.00489267 0.0673709 
0.828855 0.00694841 0.061743 0.0245051 0.00304391 0.00381577 0.0710892 
0.859372 0.00783807 0.0570983 0.0298985 0.00291384 0.00425502 0.0386242 
0.84451 0.0072406 0.0566932 0.0205 0.00293247 0.00675557 0.0613681 
0.852724 0.00886367 0.0558011 0.030354 0.00353951 0.00611433 0.0426037 
0.848117 0.00699065 0.0592587 0.0237281 0.00365593 0.00719145 0.0510579 
0.843193 0.00748121 0.0539147 0.0283677 0.00272837 0.00721415 0.0571008 
0.874538 0.00697709 0.0526625 0.017928 0.00243513 0.00589645 0.0395625 
0.800274 0.0069824 0.0643414 0.0644758 0.00334562 0.00411413 0.0564668 
0.832734 0.00612315 0.0645611 0.0262859 0.00211791 0.00629122 0.0618868 
0.821847 0.00557179 0.0714164 0.0482713 0.00215924 0.00478765 0.0459467 
