0.771765 0.00610727 0.0668226 0.0986892 0.00420513 0.00291232 0.0494984 
0.812701 0.00719811 0.0545577 0.0820729 0.004123 0.00247367 0.0368734 
0.803878 0.0082198 0.0527513 0.0846784 0.00658624 0.00222881 0.0416574 
0.841904 0.00733181 0.0442582 0.065448 0.00650177 0.00203266 0.0325237 
0.843968 0.00749235 0.0456735 0.061127 0.00626661 0.00221919 0.0332537 
0.825399 0.00791958 0.0515935 0.0666735 0.00424963 0.00182351 0.0423413 
0.832973 0.0070998 0.0521308 0.0661527 0.00474748 0.00216369 0.0347329 
0.792162 0.0063315 0.0570522 0.0926863 0.00579345 0.00235666 0.0436182 
0.825571 0.00687508 0.0593419 0.046272 0.00360321 0.00241064 0.0559266 
0.792879 0.0308226 0.0373761 0.00762901 0.0435583 0.0170472 0.0706879 
0.822782 0.0152215 0.0518508 0.00493314 0.004627 0.00817546 0.0924099 
0.777142 0.0127412 0.0622024 0.00275382 0.00264952 0.0180076 0.124504 
0.509975 0.0113712 0.0958382 0.00188411 0.00174329 0.0348577 0.344331 
0.827956 0.00906052 0.061054 0.00398225 0.00763436 0.0291018 0.061211 
0.848948 0.0229927 0.0233651 0.0199718 0.031706 0.0128808 0.0401353 
0.883372 0.0166534 0.0455728 0.00650294 0.00505229 0.00548899 0.0373579 
0.760149 0.00705576 0.065639 0.0142807 0.00366855 0.00493437 0.144273 
0.715401 0.00476094 0.0896544 0.00870385 0.00218013 0.00573458 0.173565 
0.660003 0.00542433 0.102862 0.00624098 0.00318867 0.0045901 0.217691 
0.793073 0.00458423 0.0933883 0.00564295 0.00178549 0.00450105 0.0970245 
0.866102 0.00784042 0.0480918 0.00408814 0.00272697 0.0160121 0.0551388 
0.819021 0.00559353 0.0767303 0.00577176 0.00203422 0.00344401 0.0874055 
0.833692 0.00580986 0.06829 0.0139822 0.00141398 0.00389816 0.0729137 
0.848406 0.00502494 0.0767815 0.00709473 9.85986E-4 0.00340239 0.0583049 
0.868196 0.00541893 0.070778 0.00916001 0.00157387 0.00281912 0.0420541 
0.824961 0.00572214 0.0790616 0.0193327 0.0013171 0.00197924 0.0676259 
0.860336 0.00639504 0.0578381 0.0221915 0.00188067 0.00242146 0.0489373 
0.875463 0.00645713 0.0576776 0.0130335 0.00154624 0.00196664 0.0438555 
0.88041 0.00534839 0.0638512 0.0144134 0.00120927 0.00197612 0.032792 
0.871885 0.00665619 0.0628356 0.0139209 0.00164145 0.00159072 0.0414704 
0.871713 0.006935 0.051449 0.0189455 0.00256027 0.00178152 0.0466156 
0.874495 0.00938513 0.0418743 0.0141448 0.0031885 0.00206539 0.0548466 
0.86691 0.00780783 0.0486398 0.0168862 0.00210448 0.00209454 0.0555571 
0.856848 0.0076719 0.0463045 0.0275464 0.00269546 0.00235052 0.0565832 
0.829375 0.00724578 0.0517351 0.0418131 0.00217959 0.00228772 0.0653634 
0.815384 0.00680971 0.0582735 0.0157864 0.00210267 0.00383518 0.0978084 
0.861788 0.00730305 0.0513456 0.0296687 0.00327013 0.00249678 0.0441277 
0.841148 0.00697905 0.0593684 0.018189 0.00223395 0.00335687 0.0687245 
0.823424 0.00620438 0.061965 0.0087307 0.00282892 0.00381929 0.0930276 
0.807359 0.00634675 0.0627364 0.0165686 0.00396686 0.00382682 0.0991959 
0.830279 0.00610563 0.058207 0.0331146 0.0043562 0.00293341 0.0650044 
0.791159 0.00538352 0.0682895 0.024214 0.0024994 0.00317873 0.105276 
0.733009 0.011958 0.0586703 0.169447 0.00193151 0.00237036 0.022613 
0.764077 0.0147068 0.0613168 0.119032 0.00167481 0.00267822 0.0365138 
0.75487 0.0128706 0.0496193 0.160925 0.00209783 0.00178889 0.0178289 
0.803167 0.0149062 0.0512328 0.088266 0.00282532 0.0015528 0.03805 
0.82078 0.0151506 0.0598893 0.0614208 0.00158265 0.00188022 0.0392969 
0.807393 0.012664 0.0612306 0.0835375 0.0019631 0.00184357 0.0313681 
0.827053 0.013433 0.0608796 0.0490525 0.00220182 0.00144667 0.045933 
0.853948 0.0142214 0.0557041 0.0458596 0.00225422 0.00144695 0.0265653 
0.834017 0.00889202 0.0636885 0.0528792 0.00235408 0.00176366 0.0364052 
0.787396 0.0112555 0.0557578 0.0963947 0.00223496 0.00178992 0.0451714 
0.799333 0.0152481 0.046288 0.106401 0.00219794 0.00173034 0.0288017 
0.832751 0.0196366 0.0487632 0.0652827 0.00155268 0.00206666 0.0299469 
0.807113 0.0207458 0.048228 0.0906136 0.00222094 0.001656 0.0294231 
0.83201 0.0295765 0.0415238 0.0668654 0.00220644 0.00227579 0.0255424 
0.832424 0.0425755 0.0321703 0.0054976 0.0109509 0.0144034 0.0619781 
0.70715 0.139545 0.0216782 0.00378466 0.0221458 0.0636932 0.0420037 
0.718033 0.123756 0.0236737 0.00586626 0.0335413 0.0461675 0.0489615 
0.68159 0.165857 0.0147683 0.0162234 0.0601334 0.028458 0.0329692 
0.766489 0.0949396 0.0131621 0.018597 0.0506826 0.0280873 0.028043 
0.638268 0.115758 0.010683 0.0412068 0.117247 0.0488249 0.0280127 
0.560003 0.158088 0.0119477 0.0579574 0.139492 0.043432 0.0290803 
0.64758 0.184571 0.0128202 0.0484961 0.04545 0.0313834 0.0296992 
0.656069 0.192645 0.012443 0.0524121 0.0356938 0.0260673 0.0246695 
0.693436 0.179429 0.0128193 0.0380669 0.0240684 0.0216951 0.0304855 
0.720739 0.147522 0.0171437 0.0284256 0.0128717 0.0333637 0.0399351 
0.733042 0.121909 0.0165768 0.0388934 0.0200482 0.029681 0.0398493 
0.760043 0.125127 0.0198949 0.0189047 0.00948254 0.0244733 0.0420737 
0.777474 0.119245 0.0164698 0.0238761 0.00924879 0.0224924 0.0311932 
0.786771 0.085369 0.0171027 0.024827 0.010333 0.0318777 0.0437193 
0.803916 0.0747639 0.0170588 0.0203823 0.011443 0.0193807 0.0530555 
0.81278 0.0612956 0.0162176 0.0552151 0.0105734 0.0126298 0.0312888 
0.761786 0.0171473 0.029343 0.127477 0.00588653 0.0082825 0.050078 
0.719947 0.0119851 0.0457924 0.148289 0.00374967 0.00831727 0.0619186 
0.506736 0.0114905 0.0459675 0.389082 0.00304504 0.00493904 0.0387391 
0.533968 0.0113267 0.047756 0.345385 0.00443619 0.00363537 0.0534926 
0.467343 0.00923329 0.0391756 0.454677 0.00390286 0.00239133 0.0232768 
0.580933 0.0134242 0.0469174 0.325401 0.00253747 0.00485979 0.0259274 
0.729508 0.0107038 0.0526017 0.155952 0.00288262 0.00575985 0.042592 
0.795126 0.00978862 0.0495362 0.0847041 0.0029709 0.00474534 0.0531285 
0.794433 0.0080085 0.0568463 0.0613927 0.00231063 0.00406663 0.0729421 
0.747849 0.00779882 0.0608659 0.0538074 0.00292474 0.00593994 0.120814 
0.774001 0.0073309 0.062838 0.0539043 0.00258756 0.00636224 0.0929761 
0.82528 0.00767014 0.0497518 0.0472721 0.00285342 0.00636018 0.0608126 
0.733009 0.011958 0.0586703 0.169447 0.00193151 0.00237036 0.022613 
0.764077 0.0147068 0.0613168 0.119032 0.00167481 0.00267822 0.0365138 
0.75487 0.0128706 0.0496193 0.160925 0.00209783 0.00178889 0.0178289 
0.803167 0.0149062 0.0512328 0.088266 0.00282532 0.0015528 0.03805 
0.82078 0.0151506 0.0598893 0.0614208 0.00158265 0.00188022 0.0392969 
0.807393 0.012664 0.0612306 0.0835375 0.0019631 0.00184357 0.0313681 
0.827053 0.013433 0.0608796 0.0490525 0.00220182 0.00144667 0.045933 
0.853948 0.0142214 0.0557041 0.0458596 0.00225422 0.00144695 0.0265653 
0.834017 0.00889202 0.0636885 0.0528792 0.00235408 0.00176366 0.0364052 
0.787396 0.0112555 0.0557578 0.0963947 0.00223496 0.00178992 0.0451714 
0.799333 0.0152481 0.046288 0.106401 0.00219794 0.00173034 0.0288017 
0.832751 0.0196366 0.0487632 0.0652827 0.00155268 0.00206666 0.0299469 
0.807113 0.0207458 0.048228 0.0906136 0.00222094 0.001656 0.0294231 
0.83201 0.0295765 0.0415238 0.0668654 0.00220644 0.00227579 0.0255424 
0.832424 0.0425755 0.0321703 0.0054976 0.0109509 0.0144034 0.0619781 
0.70715 0.139545 0.0216782 0.00378466 0.0221458 0.0636932 0.0420037 
0.718033 0.123756 0.0236737 0.00586626 0.0335413 0.0461675 0.0489615 
0.68159 0.165857 0.0147683 0.0162234 0.0601334 0.028458 0.0329692 
0.766489 0.0949396 0.0131621 0.018597 0.0506826 0.0280873 0.028043 
0.638268 0.115758 0.010683 0.0412068 0.117247 0.0488249 0.0280127 
0.560003 0.158088 0.0119477 0.0579574 0.139492 0.043432 0.0290803 
0.64758 0.184571 0.0128202 0.0484961 0.04545 0.0313834 0.0296992 
0.656069 0.192645 0.012443 0.0524121 0.0356938 0.0260673 0.0246695 
0.693436 0.179429 0.0128193 0.0380669 0.0240684 0.0216951 0.0304855 
0.720739 0.147522 0.0171437 0.0284256 0.0128717 0.0333637 0.0399351 
0.733042 0.121909 0.0165768 0.0388934 0.0200482 0.029681 0.0398493 
0.760043 0.125127 0.0198949 0.0189047 0.00948254 0.0244733 0.0420737 
0.777474 0.119245 0.0164698 0.0238761 0.00924879 0.0224924 0.0311932 
0.786771 0.085369 0.0171027 0.024827 0.010333 0.0318777 0.0437193 
0.803916 0.0747639 0.0170588 0.0203823 0.011443 0.0193807 0.0530555 
0.81278 0.0612956 0.0162176 0.0552151 0.0105734 0.0126298 0.0312888 
0.761786 0.0171473 0.029343 0.127477 0.00588653 0.0082825 0.050078 
0.719947 0.0119851 0.0457924 0.148289 0.00374967 0.00831727 0.0619186 
0.506736 0.0114905 0.0459675 0.389082 0.00304504 0.00493904 0.0387391 
0.533968 0.0113267 0.047756 0.345385 0.00443619 0.00363537 0.0534926 
0.467343 0.00923329 0.0391756 0.454677 0.00390286 0.00239133 0.0232768 
0.580933 0.0134242 0.0469174 0.325401 0.00253747 0.00485979 0.0259274 
0.729508 0.0107038 0.0526017 0.155952 0.00288262 0.00575985 0.042592 
0.795126 0.00978862 0.0495362 0.0847041 0.0029709 0.00474534 0.0531285 
0.794433 0.0080085 0.0568463 0.0613927 0.00231063 0.00406663 0.0729421 
0.747849 0.00779882 0.0608659 0.0538074 0.00292474 0.00593994 0.120814 
0.774001 0.0073309 0.062838 0.0539043 0.00258756 0.00636224 0.0929761 
0.82528 0.00767014 0.0497518 0.0472721 0.00285342 0.00636018 0.0608126 
0.778746 0.00496107 0.0967905 0.0233697 0.00124776 0.00233469 0.0925505 
0.807248 0.00504144 0.0858858 0.0173635 0.0016423 0.00288272 0.0799366 
0.827326 0.00548239 0.0702078 0.043029 0.00247391 0.002727 0.0487536 
0.835505 0.00481137 0.0833065 0.0240281 0.0014997 0.00208159 0.0487678 
0.816987 0.00588283 0.085711 0.035505 0.00222892 0.0021435 0.0515419 
0.851713 0.00672201 0.0637435 0.0268076 0.00257032 0.00202067 0.0464233 
0.821968 0.00473848 0.0835993 0.017181 0.00149012 0.00251343 0.0685096 
0.857585 0.00557516 0.0633079 0.0364609 0.00237741 0.00209377 0.0326003 
0.81982 0.00574877 0.0751515 0.0171596 0.00355307 0.00162878 0.0769382 
0.818498 0.00542468 0.0782011 0.0398734 0.00231592 0.00179121 0.0538955 
0.831714 0.00628106 0.0688441 0.0452056 0.00274766 0.00241008 0.0427971 
0.816772 0.00529201 0.0788425 0.0308606 0.00345186 0.00197153 0.0628095 
0.807504 0.00514423 0.0863375 0.0313554 0.00345859 0.00165217 0.0645485 
0.792358 0.00471713 0.0885993 0.0556231 0.00291552 0.00252268 0.0532648 
0.809933 0.0048353 0.0913217 0.0499546 0.00227909 0.00190428 0.0397725 
0.835488 0.00573399 0.0752809 0.0230654 0.0026594 0.00252266 0.0552499 
0.862568 0.00600424 0.0646334 0.0251958 0.0019896 0.00271894 0.0368901 
0.837614 0.00565989 0.0680398 0.0298804 0.0032542 0.00245732 0.0530947 
0.768789 0.00633902 0.0662817 0.0821117 0.00464334 0.00506505 0.0667706 
0.793441 0.00624588 0.0622603 0.0623543 0.00524689 0.00470555 0.0657461 
0.762575 0.0060648 0.0775091 0.0411985 0.0022158 0.0062841 0.104153 
0.754379 0.00527459 0.0923035 0.0341248 0.00189457 0.00516639 0.106857 
0.73285 0.00635378 0.0929297 0.0734464 0.00182801 0.00658007 0.0860115 
0.684938 0.00580943 0.0873921 0.0303541 0.00198926 0.00810041 0.181416 
0.759662 0.00585613 0.0780065 0.0391697 0.00209411 0.00526396 0.109948 
0.7855 0.00548186 0.0776088 0.0272409 0.00191636 0.00395745 0.098295 
0.760288 0.00573281 0.0808664 0.0375546 0.00156642 0.0041678 0.109824 
0.752455 0.0053723 0.0855461 0.0331747 0.00160391 0.00398062 0.117867 
0.79144 0.00543414 0.0835185 0.0183449 0.00164448 0.00342072 0.0961977 
0.768455 0.00603478 0.0831549 0.0377535 0.00138576 0.00383322 0.0993827 
0.819974 0.004853 0.0778231 0.0382243 0.00238986 0.00415846 0.0525776 
0.734192 0.00503469 0.0902171 0.0344847 0.00152731 0.00285261 0.131691 
0.796873 0.00508556 0.081051 0.0310493 0.00205107 0.00334761 0.0805429 
0.802453 0.00491914 0.0755403 0.0379884 0.00251856 0.0028736 0.0737067 
0.819464 0.00558141 0.0695579 0.0476254 0.0025724 0.00303163 0.0521672 
0.779606 0.00654846 0.0779547 0.0658605 0.00230433 0.00310206 0.0646243 
0.841661 0.00612177 0.0692454 0.0317998 0.00148878 0.0029047 0.0467788 
0.810913 0.00688265 0.0620747 0.0541317 0.00217089 0.0040892 0.0597379 
0.792723 0.00614259 0.0783873 0.0255814 0.00128677 0.00449981 0.0913794 
0.798247 0.00580997 0.0803262 0.0357643 0.00172837 0.00603246 0.0720918 
0.758637 0.00578432 0.0945996 0.0199032 0.00108903 0.00556635 0.11442 
0.814723 0.00505746 0.0874919 0.0202459 0.0012251 0.00458039 0.0666765 
0.778746 0.00496107 0.0967905 0.0233697 0.00124776 0.00233469 0.0925505 
0.807248 0.00504144 0.0858858 0.0173635 0.0016423 0.00288272 0.0799366 
0.827326 0.00548239 0.0702078 0.043029 0.00247391 0.002727 0.0487536 
0.835505 0.00481137 0.0833065 0.0240281 0.0014997 0.00208159 0.0487678 
0.816987 0.00588283 0.085711 0.035505 0.00222892 0.0021435 0.0515419 
0.851713 0.00672201 0.0637435 0.0268076 0.00257032 0.00202067 0.0464233 
0.821968 0.00473848 0.0835993 0.017181 0.00149012 0.00251343 0.0685096 
0.857585 0.00557516 0.0633079 0.0364609 0.00237741 0.00209377 0.0326003 
0.81982 0.00574877 0.0751515 0.0171596 0.00355307 0.00162878 0.0769382 
0.818498 0.00542468 0.0782011 0.0398734 0.00231592 0.00179121 0.0538955 
0.831714 0.00628106 0.0688441 0.0452056 0.00274766 0.00241008 0.0427971 
0.816772 0.00529201 0.0788425 0.0308606 0.00345186 0.00197153 0.0628095 
0.807504 0.00514423 0.0863375 0.0313554 0.00345859 0.00165217 0.0645485 
0.792358 0.00471713 0.0885993 0.0556231 0.00291552 0.00252268 0.0532648 
0.809933 0.0048353 0.0913217 0.0499546 0.00227909 0.00190428 0.0397725 
0.835488 0.00573399 0.0752809 0.0230654 0.0026594 0.00252266 0.0552499 
0.862568 0.00600424 0.0646334 0.0251958 0.0019896 0.00271894 0.0368901 
0.837614 0.00565989 0.0680398 0.0298804 0.0032542 0.00245732 0.0530947 
0.768789 0.00633902 0.0662817 0.0821117 0.00464334 0.00506505 0.0667706 
0.793441 0.00624588 0.0622603 0.0623543 0.00524689 0.00470555 0.0657461 
0.762575 0.0060648 0.0775091 0.0411985 0.0022158 0.0062841 0.104153 
0.754379 0.00527459 0.0923035 0.0341248 0.00189457 0.00516639 0.106857 
0.73285 0.00635378 0.0929297 0.0734464 0.00182801 0.00658007 0.0860115 
0.684938 0.00580943 0.0873921 0.0303541 0.00198926 0.00810041 0.181416 
0.759662 0.00585613 0.0780065 0.0391697 0.00209411 0.00526396 0.109948 
0.7855 0.00548186 0.0776088 0.0272409 0.00191636 0.00395745 0.098295 
0.760288 0.00573281 0.0808664 0.0375546 0.00156642 0.0041678 0.109824 
0.752455 0.0053723 0.0855461 0.0331747 0.00160391 0.00398062 0.117867 
0.79144 0.00543414 0.0835185 0.0183449 0.00164448 0.00342072 0.0961977 
0.768455 0.00603478 0.0831549 0.0377535 0.00138576 0.00383322 0.0993827 
0.819974 0.004853 0.0778231 0.0382243 0.00238986 0.00415846 0.0525776 
0.734192 0.00503469 0.0902171 0.0344847 0.00152731 0.00285261 0.131691 
0.796873 0.00508556 0.081051 0.0310493 0.00205107 0.00334761 0.0805429 
0.802453 0.00491914 0.0755403 0.0379884 0.00251856 0.0028736 0.0737067 
0.819464 0.00558141 0.0695579 0.0476254 0.0025724 0.00303163 0.0521672 
0.779606 0.00654846 0.0779547 0.0658605 0.00230433 0.00310206 0.0646243 
0.841661 0.00612177 0.0692454 0.0317998 0.00148878 0.0029047 0.0467788 
0.810913 0.00688265 0.0620747 0.0541317 0.00217089 0.0040892 0.0597379 
0.792723 0.00614259 0.0783873 0.0255814 0.00128677 0.00449981 0.0913794 
0.798247 0.00580997 0.0803262 0.0357643 0.00172837 0.00603246 0.0720918 
0.758637 0.00578432 0.0945996 0.0199032 0.00108903 0.00556635 0.11442 
0.814723 0.00505746 0.0874919 0.0202459 0.0012251 0.00458039 0.0666765 
0.862915 0.0102872 0.0518566 0.0260681 0.00234441 0.00264587 0.0438825 
0.864278 0.0104919 0.0510024 0.0293254 0.00304586 0.00297922 0.0388769 
0.879087 0.0106025 0.0513278 0.0192277 0.00294505 0.00234565 0.0344642 
0.864643 0.00930395 0.0577935 0.0154585 0.0021339 0.00343859 0.0472285 
0.846992 0.00962094 0.0643353 0.0162116 0.00187274 0.00313757 0.0578298 
0.84632 0.00793309 0.068115 0.020072 0.00170919 0.0031952 0.052656 
0.864675 0.0115831 0.0481242 0.0317091 0.00313018 0.00237678 0.0384017 
0.845726 0.00876829 0.0683631 0.0233122 0.00229704 0.00262877 0.048905 
0.844452 0.00896464 0.0620051 0.0307917 0.00510211 0.00270679 0.0459778 
0.763356 0.00902704 0.0569955 0.130088 0.00621657 0.00221726 0.0321001 
0.826528 0.00797919 0.057042 0.0753839 0.00611442 0.00176708 0.0251853 
0.847094 0.00812381 0.0508874 0.0619087 0.00623499 0.0014301 0.0243207 
0.814089 0.00838689 0.0450172 0.097906 0.00885772 0.00129456 0.0244489 
0.845787 0.0086184 0.0477207 0.0671428 0.0061413 0.00149114 0.023099 
0.819579 0.0073991 0.0647858 0.0661002 0.00574331 0.00129994 0.0350926 
0.831171 0.00890611 0.0693854 0.048818 0.00279616 0.00159811 0.0373257 
0.84249 0.0107438 0.0641209 0.0404172 0.00295482 0.00154774 0.0377255 
0.8282 0.00830475 0.0690681 0.0497284 0.00282661 0.00125668 0.0406157 
0.824896 0.00916688 0.0706927 0.0502879 0.00300624 0.00144286 0.0405075 
0.81084 0.00783405 0.0820863 0.0451564 0.00179331 0.00183602 0.0504542 
0.852 0.0175005 0.0522794 0.0057965 0.00237034 0.00622519 0.0638277 
0.876287 0.0227867 0.0393083 0.00456691 0.00496812 0.00824906 0.0438334 
0.866278 0.0130455 0.0443226 0.0108699 0.00265197 0.00588239 0.0569493 
0.884233 0.012567 0.0416111 0.0204755 0.0026975 0.00336889 0.0350465 
0.870012 0.0102693 0.0541431 0.0156988 0.00230144 0.00379141 0.0437842 
0.873205 0.0144225 0.0477915 0.0155115 0.00370427 0.00216696 0.0431982 
0.871413 0.0128732 0.058212 0.016858 0.00214666 0.0021932 0.0363039 
0.842177 0.00987031 0.0707897 0.0185043 0.00225108 0.00200487 0.0544032 
0.844818 0.00877618 0.0664138 0.0248382 0.00268039 0.00204618 0.0504273 
0.809492 0.00787855 0.0739549 0.026242 0.00267477 0.00147187 0.0782859 
0.804693 0.00788751 0.0707187 0.0208587 0.00292423 0.00218703 0.090731 
0.839142 0.00894817 0.0659417 0.0203053 0.00255185 0.00193481 0.0611759 
0.851059 0.00937248 0.0672814 0.0182445 0.00223082 0.00184849 0.0499629 
0.82409 0.0090856 0.0793962 0.0256529 0.00242081 0.0014269 0.0579274 
0.803968 0.00881837 0.0862439 0.026783 0.00235525 0.00121482 0.0706165 
0.840106 0.00745731 0.0648842 0.0330812 0.00165155 0.00329011 0.0495298 
0.841922 0.00906841 0.0575834 0.0189895 0.00227232 0.00254213 0.0676218 
0.831225 0.00971347 0.0623228 0.0199858 0.00230233 0.00222525 0.0722251 
0.846692 0.00840033 0.0717148 0.0160898 0.00181896 0.00214781 0.0531359 
0.812678 0.00694199 0.0840182 0.033785 0.00179124 0.001867 0.0589186 
0.812965 0.00784268 0.0765249 0.0396405 0.00231405 0.00177853 0.0589346 
0.815173 0.00716414 0.0689816 0.0514679 0.00255545 0.00189883 0.0527594 
0.803259 0.00669463 0.0766898 0.0532085 0.0021314 0.00190673 0.0561095 
0.817121 0.00794917 0.0703893 0.0605971 0.00255349 0.00171549 0.0396745 
0.835877 0.00823277 0.0658606 0.0474195 0.00250322 0.00172913 0.0383775 
0.810132 0.0085519 0.0684929 0.0526787 0.00246363 0.00192002 0.0557604 
0.794974 0.00714209 0.0691406 0.0877737 0.00341 0.00134454 0.0362151 
0.7682 0.0072086 0.0649491 0.107327 0.00465761 0.00251347 0.0451448 
0.811987 0.00926825 0.092749 0.032107 0.00238699 8.82674E-4 0.0506193 
0.749699 0.00745115 0.0800196 0.122236 0.00279229 0.00217566 0.0356268 
0.832279 0.00817032 0.0678888 0.0371777 0.00296766 0.00168333 0.0498333 
0.821399 0.00674615 0.0757998 0.048078 0.00342786 0.00143454 0.0431148 
0.824375 0.00712022 0.0669054 0.0486264 0.00336918 0.00165518 0.0479491 
0.828858 0.00840763 0.0600351 0.0168191 0.0042478 0.00238132 0.0792513 
0.820347 0.00714725 0.0622448 0.0172386 0.0032449 0.00305893 0.0867184 
0.839663 0.0065265 0.0596462 0.029286 0.00446293 0.00182129 0.0585944 
0.85411 0.00778086 0.0525756 0.0262234 0.00452546 0.00216323 0.052621 
0.778746 0.00496107 0.0967905 0.0233697 0.00124776 0.00233469 0.0925505 
0.807248 0.00504144 0.0858858 0.0173635 0.0016423 0.00288272 0.0799366 
0.827326 0.00548239 0.0702078 0.043029 0.00247391 0.002727 0.0487536 
0.835505 0.00481137 0.0833065 0.0240281 0.0014997 0.00208159 0.0487678 
0.816987 0.00588283 0.085711 0.035505 0.00222892 0.0021435 0.0515419 
0.851713 0.00672201 0.0637435 0.0268076 0.00257032 0.00202067 0.0464233 
0.821968 0.00473848 0.0835993 0.017181 0.00149012 0.00251343 0.0685096 
0.857585 0.00557516 0.0633079 0.0364609 0.00237741 0.00209377 0.0326003 
0.81982 0.00574877 0.0751515 0.0171596 0.00355307 0.00162878 0.0769382 
0.818498 0.00542468 0.0782011 0.0398734 0.00231592 0.00179121 0.0538955 
0.831714 0.00628106 0.0688441 0.0452056 0.00274766 0.00241008 0.0427971 
0.816772 0.00529201 0.0788425 0.0308606 0.00345186 0.00197153 0.0628095 
0.807504 0.00514423 0.0863375 0.0313554 0.00345859 0.00165217 0.0645485 
0.792358 0.00471713 0.0885993 0.0556231 0.00291552 0.00252268 0.0532648 
0.809933 0.0048353 0.0913217 0.0499546 0.00227909 0.00190428 0.0397725 
0.835488 0.00573399 0.0752809 0.0230654 0.0026594 0.00252266 0.0552499 
0.862568 0.00600424 0.0646334 0.0251958 0.0019896 0.00271894 0.0368901 
0.837614 0.00565989 0.0680398 0.0298804 0.0032542 0.00245732 0.0530947 
0.768789 0.00633902 0.0662817 0.0821117 0.00464334 0.00506505 0.0667706 
0.793441 0.00624588 0.0622603 0.0623543 0.00524689 0.00470555 0.0657461 
0.762575 0.0060648 0.0775091 0.0411985 0.0022158 0.0062841 0.104153 
0.754379 0.00527459 0.0923035 0.0341248 0.00189457 0.00516639 0.106857 
0.73285 0.00635378 0.0929297 0.0734464 0.00182801 0.00658007 0.0860115 
0.684938 0.00580943 0.0873921 0.0303541 0.00198926 0.00810041 0.181416 
0.759662 0.00585613 0.0780065 0.0391697 0.00209411 0.00526396 0.109948 
0.7855 0.00548186 0.0776088 0.0272409 0.00191636 0.00395745 0.098295 
0.760288 0.00573281 0.0808664 0.0375546 0.00156642 0.0041678 0.109824 
0.752455 0.0053723 0.0855461 0.0331747 0.00160391 0.00398062 0.117867 
0.79144 0.00543414 0.0835185 0.0183449 0.00164448 0.00342072 0.0961977 
0.768455 0.00603478 0.0831549 0.0377535 0.00138576 0.00383322 0.0993827 
0.819974 0.004853 0.0778231 0.0382243 0.00238986 0.00415846 0.0525776 
0.734192 0.00503469 0.0902171 0.0344847 0.00152731 0.00285261 0.131691 
0.796873 0.00508556 0.081051 0.0310493 0.00205107 0.00334761 0.0805429 
0.802453 0.00491914 0.0755403 0.0379884 0.00251856 0.0028736 0.0737067 
0.819464 0.00558141 0.0695579 0.0476254 0.0025724 0.00303163 0.0521672 
0.779606 0.00654846 0.0779547 0.0658605 0.00230433 0.00310206 0.0646243 
0.841661 0.00612177 0.0692454 0.0317998 0.00148878 0.0029047 0.0467788 
0.810913 0.00688265 0.0620747 0.0541317 0.00217089 0.0040892 0.0597379 
0.792723 0.00614259 0.0783873 0.0255814 0.00128677 0.00449981 0.0913794 
0.798247 0.00580997 0.0803262 0.0357643 0.00172837 0.00603246 0.0720918 
0.758637 0.00578432 0.0945996 0.0199032 0.00108903 0.00556635 0.11442 
0.814723 0.00505746 0.0874919 0.0202459 0.0012251 0.00458039 0.0666765 
0.729321 0.00666703 0.094886 0.0324194 0.0018888 0.00187096 0.132946 
0.812305 0.00694549 0.0687564 0.0372344 0.00360756 0.00219598 0.0689551 
0.811657 0.00842337 0.100702 0.00709142 5.95519E-4 0.00127701 0.0702531 
0.817289 0.00822067 0.0726881 0.0278062 0.00107073 0.00368111 0.069244 
0.821206 0.00627303 0.0938652 0.0204901 8.32707E-4 0.00159576 0.0557375 
0.813852 0.00638412 0.0791694 0.0337738 0.00177907 0.00399963 0.061042 
0.824357 0.00703099 0.0712243 0.0177727 0.00146014 0.00219068 0.0759642 
0.826185 0.00620596 0.0813728 0.0304994 0.00150748 0.0021441 0.0520856 
0.804476 0.00821876 0.0866292 0.0260879 0.0010333 0.00203094 0.0715235 
0.799646 0.00783147 0.0851547 0.0225406 0.0012431 0.0021788 0.0814058 
0.817352 0.00794758 0.0768302 0.04183 0.00183114 0.00153784 0.0526711 
0.840663 0.0101624 0.0731595 0.0382479 0.00157955 0.00215215 0.0340353 
0.844494 0.00991881 0.0574035 0.0630133 0.00243984 0.00133903 0.0213918 
0.794704 0.00818031 0.0565494 0.112515 0.00384278 0.00152063 0.0226882 
0.813984 0.00836624 0.0573364 0.0867476 0.00345216 0.0015296 0.0285839 
0.814622 0.00864633 0.0657313 0.0720489 0.00267779 0.001822 0.034452 
0.833093 0.00924315 0.062217 0.0483335 0.00249065 0.00177707 0.0428456 
0.809118 0.00811973 0.0658777 0.0645975 0.00359851 0.0015701 0.0471187 
0.797055 0.00772144 0.0671604 0.0924459 0.00403175 0.00129636 0.0302888 
0.81886 0.00681306 0.0786257 0.0556641 0.00242268 0.00116096 0.036454 
0.8178 0.00698606 0.0866805 0.0445806 0.00167395 0.0013252 0.040954 
0.820646 0.00633886 0.0845116 0.0393952 0.00197564 0.00150839 0.0456243 
0.821635 0.00606248 0.0882296 0.0396216 0.00182677 0.00108207 0.0415421 
0.849119 0.00727725 0.0825985 0.0244075 0.0016092 0.0012736 0.0337149 
0.828701 0.00745824 0.087213 0.0224672 0.00187541 0.00137096 0.050914 
0.838893 0.00567011 0.0867701 0.0252092 0.00182549 0.00165439 0.0399774 
0.847456 0.019846 0.040406 0.00781525 0.0143514 0.00556473 0.0645603 
0.835736 0.0467073 0.0265672 0.00850381 0.0326045 0.00770394 0.042177 
0.85274 0.0232243 0.0262702 0.00419574 0.00547167 0.0237731 0.0643254 
0.795151 0.0879958 0.0182974 0.00780581 0.0162446 0.0138087 0.0606972 
0.820668 0.0758205 0.0151512 0.0211609 0.0277186 0.00669554 0.0327849 
0.848447 0.0476142 0.0182069 0.0201167 0.0214154 0.0073582 0.0368414 
0.812541 0.0810081 0.016245 0.0248398 0.022072 0.00668364 0.0366101 
0.738583 0.145802 0.0114132 0.0415484 0.0301006 0.00898654 0.0235663 
0.411524 0.446984 0.00551179 0.061637 0.0456819 0.0112123 0.017449 
0.204266 0.672629 0.00176406 0.0369531 0.0650583 0.0082318 0.0110981 
0.184856 0.606804 0.00149543 0.064292 0.125254 0.00957582 0.00772279 
0.107769 0.644139 8.67792E-4 0.0577422 0.175601 0.00890644 0.00497519 
0.0368112 0.640612 3.55127E-4 0.0256706 0.283541 0.00918006 0.00382994 
0.0102193 0.513455 1.88116E-4 0.0282955 0.439959 0.00705441 8.29326E-4 
0.00744668 0.178076 0.00156424 0.0988036 0.704862 0.00753498 0.0017132 
0.0110845 0.0889222 0.00131419 0.142093 0.747664 0.00727851 0.00164414 
0.0135649 0.216479 3.99358E-4 0.057844 0.699375 0.0116318 7.06025E-4 
0.0125579 0.91567 6.95818E-4 0.0100013 0.0272735 0.0310197 0.0027823 
0.0317203 0.571776 0.00742703 0.0273067 0.073378 0.281478 0.00691349 
0.00882169 0.940767 0.00126837 0.00480866 0.0100536 0.0331794 0.00110107 
0.0134573 0.923497 0.00539783 0.0203569 0.017611 0.0171755 0.00250418 
0.00731626 0.965467 0.00461292 0.00260738 0.00484621 0.0146038 5.46028E-4 
0.00222279 0.987134 5.09775E-4 0.00308014 0.00289649 0.00370572 4.50883E-4 
0.00162976 0.978056 0.00147331 0.00978219 0.00424548 0.00373361 0.00107935 
0.00170188 0.976383 0.00238618 0.00914562 0.00371286 0.00545114 0.00121891 
0.00147239 0.984968 8.1111E-4 5.63689E-4 0.00179779 0.0100296 3.57365E-4 
0.00721994 0.394598 0.00591635 1.64138E-4 0.00387159 0.586817 0.00141245 
0.00828356 0.850959 0.00317754 6.77556E-4 0.0114362 0.12462 8.46642E-4 
0.00332747 0.967746 0.00137365 0.00110926 0.00480037 0.0212317 4.11792E-4 
0.00897584 0.947149 0.00249642 9.82133E-4 0.00832264 0.0312931 7.80603E-4 
8.46129E-4 0.993916 6.61678E-5 3.81316E-5 9.22293E-4 0.00344683 7.64359E-4 
0.00720008 0.977415 1.80403E-4 1.95884E-4 0.00239628 0.0102669 0.00234569 
0.0309463 0.93899 4.13487E-4 0.00140793 0.00971323 0.0144406 0.00408813 
0.0433789 0.855664 7.0273E-4 0.00275684 0.086435 0.00481049 0.00625239 
0.0516425 0.909747 0.00104567 0.00109008 0.00912538 0.0169279 0.0104218 
0.047379 0.867769 9.55742E-4 9.23597E-4 0.0056499 0.0676907 0.00963201 
0.0352461 0.916336 5.13562E-4 9.19001E-4 0.00827768 0.0343099 0.00439818 
0.0417682 0.914581 6.59645E-4 0.00122564 0.00901302 0.0283708 0.00438176 
0.0511499 0.858728 8.59205E-4 0.00160815 0.0157795 0.0678097 0.00406575 
0.031985 0.922955 4.76403E-4 9.56601E-4 0.00896158 0.0321224 0.00254342 
0.0198507 0.954217 3.97958E-4 5.00165E-4 0.00640304 0.0160528 0.00257815 
0.0162657 0.963485 2.69111E-4 5.73097E-4 0.00672552 0.011171 0.00151023 
0.0175992 0.951243 2.6646E-4 3.28141E-4 0.00577425 0.0233852 0.0014039 
0.0146231 0.949221 2.39918E-4 2.70219E-4 0.00589452 0.0284819 0.00126976 
0.0124987 0.969655 2.0733E-4 3.98531E-4 0.00518314 0.0105028 0.00155493 
0.0123811 0.971387 2.42469E-4 2.61656E-4 0.00394574 0.00961773 0.00216459 
0.0184178 0.960492 3.09692E-4 7.11121E-4 0.0106993 0.00712536 0.00224483 
0.0997181 0.767294 9.48812E-4 0.00992965 0.102149 0.016724 0.0032363 
0.356788 0.479378 0.00452494 0.0233851 0.0811015 0.0435603 0.0112624 
0.3513 0.550605 0.0045579 0.0166044 0.0331762 0.0321302 0.0116268 
0.477426 0.416383 0.00757938 0.022621 0.0364627 0.0243144 0.0152142 
0.701336 0.209081 0.0135687 0.0217417 0.013725 0.0209844 0.0195632 
0.732818 0.184298 0.0140651 0.0180894 0.0106995 0.0195268 0.0205025 
0.755809 0.156972 0.0181696 0.0172288 0.00806979 0.017031 0.0267199 
0.801647 0.103888 0.0202829 0.0164335 0.00555514 0.0233833 0.0288104 
0.796516 0.0992334 0.0176857 0.0421684 0.00646674 0.0188011 0.0191283 
0.852099 0.0591378 0.0144231 0.0344042 0.00640023 0.0176853 0.0158505 
0.740077 0.140743 0.0122772 0.041401 0.0134442 0.0298336 0.0222243 
0.729941 0.147899 0.0157353 0.0285675 0.00852584 0.0374567 0.0318744 
0.790065 0.114599 0.0144532 0.0293683 0.0100854 0.0216015 0.0198269 
0.748504 0.146424 0.0134438 0.0294705 0.0140796 0.0275322 0.0205465 
0.741517 0.148232 0.0130404 0.0374366 0.0152264 0.0202506 0.0242965 
0.752015 0.125513 0.014533 0.0353659 0.0163361 0.0269735 0.0292635 
0.748387 0.0999999 0.0114572 0.067757 0.0434436 0.0114844 0.0174708 
0.715378 0.13332 0.0106629 0.0563514 0.0508453 0.0128456 0.0205966 
0.793374 0.0801729 0.0157045 0.0646782 0.014846 0.0100029 0.0212219 
0.817291 0.0730532 0.0155677 0.0415258 0.0190547 0.00878132 0.0247258 
0.778852 0.0816156 0.0139918 0.0618367 0.0351927 0.0073847 0.0211264 
0.799155 0.0599316 0.0161068 0.0653895 0.0271057 0.0111695 0.0211424 
0.841877 0.048976 0.0177021 0.0503514 0.00978273 0.0122179 0.0190924 
0.853442 0.0449764 0.0185206 0.0443909 0.00571525 0.0121278 0.0208274 
0.863175 0.0444414 0.0210425 0.0311429 0.00708702 0.00630671 0.0268048 
0.858862 0.0455525 0.0211491 0.0372538 0.00562486 0.00799541 0.0235628 
0.868303 0.0119267 0.0576338 0.00995936 0.00323242 0.00382664 0.0451183 
0.875632 0.0126978 0.0501578 0.0156005 0.00504985 0.00354071 0.0373219 
0.869179 0.0116551 0.0570557 0.00944335 0.00387547 0.0034589 0.0453323 
0.850919 0.0106207 0.0580878 0.00751523 0.00270478 0.00367872 0.0664734 
0.862883 0.0148748 0.0489245 0.00773439 0.0032368 0.00598959 0.0563565 
0.851968 0.0141593 0.052522 0.00821054 0.00484094 0.00623118 0.0620676 
0.846031 0.0129529 0.0539999 0.0109983 0.00436684 0.00497655 0.0666748 
0.855187 0.0110575 0.054464 0.013628 0.00497133 0.00652102 0.0541709 
0.860325 0.0137056 0.0475007 0.0159948 0.0104875 0.00525287 0.0467336 
0.863837 0.0162691 0.0469695 0.0136347 0.00923717 0.00613513 0.0439178 
0.85338 0.0126002 0.0552115 0.0124471 0.00745837 0.00582536 0.0530778 
0.825503 0.0109008 0.0559584 0.0210701 0.0085885 0.00571534 0.0722639 
0.856099 0.0111887 0.0598132 0.0133362 0.00487856 0.00400283 0.0506812 
0.857191 0.0108794 0.0586666 0.0159244 0.00336231 0.00373768 0.0502382 
0.866335 0.0114319 0.0561378 0.0121205 0.00407189 0.00417129 0.0457316 
0.845629 0.0119397 0.0594207 0.0120445 0.00393319 0.00414943 0.0628834 
0.83586 0.0127356 0.0600884 0.0108711 0.00349499 0.00400459 0.0729452 
0.863342 0.0102927 0.0550856 0.0109977 0.0021762 0.00612392 0.0519816 
0.837217 0.0107013 0.0608994 0.00985554 0.0026503 0.00370436 0.0749719 
0.858178 0.0104384 0.0552417 0.0148238 0.00456307 0.00367218 0.0530828 
0.872907 0.0126737 0.0469575 0.0224413 0.00587533 0.00334247 0.0358027 
0.837967 0.00916427 0.0639576 0.0188847 0.00341399 0.0028364 0.0637763 
0.856206 0.00854332 0.0617964 0.0185279 0.00442336 0.00250952 0.0479934 
0.839993 0.00813878 0.0663122 0.00959602 0.00329839 0.00225385 0.0704082 
0.850103 0.00900866 0.0665601 0.00756989 0.00360442 0.00292519 0.0602282 
0.8591 0.00850887 0.0605208 0.00846863 0.00224564 0.00476803 0.0563883 
0.838289 0.00850033 0.0722869 0.00442259 0.0020134 0.00487311 0.0696142 
0.878233 0.00842192 0.061318 0.00753342 0.00282386 0.00321986 0.0384496 
0.866038 0.00744271 0.0702499 0.00468911 0.00179783 0.00341619 0.0463662 
0.85112 0.00976961 0.0669354 0.0049518 0.00190287 0.00423651 0.0610841 
0.838573 0.00986587 0.0677345 0.00488906 0.00153002 0.00376284 0.0736447 
0.859631 0.0118016 0.0650073 0.00677891 0.00295952 0.00364382 0.050178 
0.82016 0.00972741 0.0705237 0.00757233 0.002675 0.00429415 0.0850477 
0.8278 0.00968375 0.0799722 0.00734017 0.00200757 0.00206932 0.0711274 
0.78636 0.0120811 0.0460848 0.0779173 0.0126918 0.0104524 0.0544122 
0.766859 0.00857116 0.0977875 0.00246392 0.00134963 0.00228524 0.120684 
0.783915 0.00741352 0.0733078 0.00871225 0.00339762 0.00462792 0.118626 
0.790576 0.0081717 0.083203 0.00849401 0.00183969 0.00268869 0.105027 
0.815103 0.00835354 0.0771115 0.0094723 0.00158377 0.00395997 0.084416 
0.82968 0.00853746 0.0765261 0.00964854 0.00154615 0.0026224 0.0714396 
0.842774 0.00824641 0.0710544 0.0242369 0.00246328 0.00242933 0.0487955 
0.849645 0.00709465 0.0771202 0.0180998 0.00399668 0.00148385 0.0425597 
0.805846 0.00637003 0.0829341 0.0140101 0.00329009 0.00229529 0.0852545 
