0.863327 0.00945189 0.0497715 0.0290621 0.00585253 0.00256741 0.0399672 
0.878513 0.0100552 0.0464152 0.0218033 0.00475385 0.00196434 0.0364949 
0.848993 0.00884715 0.0637885 0.0196749 0.00302695 0.0021438 0.053526 
0.836274 0.00618098 0.0736506 0.0130123 0.00323478 0.00226845 0.0653787 
0.846556 0.00752259 0.0594697 0.0268567 0.006255 0.00190897 0.0514306 
0.838846 0.00772887 0.0693319 0.0194259 0.00358537 0.00244485 0.058637 
0.851174 0.00719238 0.0692262 0.0126589 0.00347838 0.00211781 0.0541523 
0.860849 0.00863137 0.0591922 0.0169064 0.004938 0.00262253 0.0468603 
0.852618 0.00698018 0.0736341 0.0176866 0.00318526 0.00200078 0.0438949 
0.852697 0.00644609 0.0676045 0.0308383 0.00457276 0.0018484 0.0359929 
0.838156 0.00731982 0.0726528 0.0130027 0.00428144 0.00224439 0.0623432 
0.855435 0.00750029 0.0640312 0.0282817 0.00636943 0.00186746 0.0365151 
0.831184 0.00785378 0.0750597 0.0167265 0.00421687 0.00184852 0.0631108 
0.804563 0.00771641 0.0817852 0.0117776 0.00247296 0.00206361 0.0896211 
0.861049 0.00674373 0.0693588 0.015871 0.00274336 0.00155949 0.0426743 
0.83729 0.00732217 0.075527 0.00989801 0.00221592 0.00187776 0.0658695 
0.821079 0.00735719 0.0755373 0.0170465 0.00211519 0.00168238 0.0751822 
0.777979 0.00828005 0.0808484 0.0138261 0.00210338 0.00172586 0.115237 
0.813849 0.0364623 0.0469733 0.00553453 0.01856 0.00858404 0.0700369 
0.854855 0.0364398 0.0339109 0.00218549 0.0031892 0.00763514 0.0617841 
0.69978 0.014538 0.0863888 0.00214037 0.00143806 0.00741396 0.188301 
0.537129 0.0808869 0.154758 0.00649458 0.00520708 0.0221201 0.193405 
0.816937 0.0352912 0.109095 0.00123527 8.22889E-4 0.00790586 0.0287124 
0.782841 0.0173538 0.058984 0.00222876 0.00319064 0.025901 0.109501 
0.716606 0.0148677 0.0822265 0.00190463 0.00461956 0.0431298 0.136646 
0.294948 0.0176811 0.256802 0.0163837 0.0518737 0.222431 0.13988 
0.0637474 0.0179766 0.341208 0.0862686 0.0262957 0.388621 0.0758824 
0.22497 0.0127693 0.124861 0.0439414 0.019499 0.497254 0.0767065 
0.737411 0.0103096 0.0973274 0.00989793 0.0243727 0.0641953 0.056486 
0.754201 0.00737093 0.120562 0.0114062 0.0101321 0.0451003 0.0512274 
0.735314 0.0106019 0.146658 0.00924534 0.0054858 0.0441841 0.0485114 
0.81183 0.0104399 0.0965679 0.012692 0.00308586 0.0317112 0.0336734 
0.785664 0.0095076 0.108107 0.0204292 0.00413667 0.0238076 0.0483479 
0.776929 0.00738722 0.101932 0.0140145 0.00175702 0.0249693 0.0730109 
0.790978 0.00721834 0.0880571 0.0251863 0.00358283 0.0191299 0.0658474 
0.831578 0.00750946 0.0740368 0.0156762 0.00264411 0.0148308 0.0537249 
0.841619 0.00938336 0.0549766 0.0208968 0.00270447 0.0128166 0.0576033 
0.825775 0.010412 0.0560663 0.022449 0.00285931 0.0120662 0.0703724 
0.847976 0.0102745 0.051739 0.0125245 0.00236875 0.00801976 0.0670979 
0.870836 0.0139798 0.0408732 0.00892915 0.0029944 0.00863234 0.0537556 
0.847313 0.0167174 0.0354583 0.00943556 0.00334079 0.0138753 0.0738596 
0.834884 0.0194489 0.0342884 0.00932689 0.0111678 0.0113445 0.0795395 
0.867686 0.022563 0.0273771 0.011843 0.0081128 0.00716137 0.0552563 
0.839833 0.0299887 0.023702 0.00661781 0.0112498 0.0139746 0.0746336 
0.805321 0.0395406 0.0223131 0.0195535 0.0484285 0.0104562 0.0543872 
0.84616 0.0328343 0.0215678 0.0166782 0.026523 0.00952135 0.0467149 
0.84993 0.0179791 0.0342789 0.0092525 0.0109029 0.00780488 0.0698517 
0.839845 0.0190974 0.0375624 0.00745829 0.00738392 0.00747399 0.0811786 
0.821551 0.0193788 0.0520736 0.0050598 0.00517845 0.00492245 0.0918359 
0.849346 0.0176595 0.0417112 0.00838745 0.00781707 0.00476416 0.0703144 
0.806745 0.0103598 0.0564249 0.0142795 0.00316269 0.00334882 0.105679 
0.826132 0.010308 0.0586893 0.0200171 0.00475996 0.0021835 0.0779098 
0.852608 0.0116659 0.0438711 0.0274952 0.00852674 0.00288472 0.0529484 
0.82897 0.00962589 0.053298 0.0250023 0.00566015 0.00259691 0.0748465 
0.787386 0.00937889 0.0599997 0.0381303 0.0032427 0.00294438 0.0989175 
0.815596 0.00836511 0.0628865 0.0502378 0.00324703 0.00244096 0.0572263 
0.730998 0.00724428 0.0743261 0.0450325 0.00303482 0.00281793 0.136547 
0.741724 0.00795544 0.0661796 0.0571679 0.00297066 0.00385012 0.120152 
0.758252 0.00884829 0.0610719 0.0760823 0.00283707 0.00359038 0.0893176 
0.793225 0.0081747 0.0571707 0.0623899 0.00263357 0.00307574 0.0733306 
0.719053 0.00874886 0.0653554 0.117853 0.00308372 0.0030397 0.0828658 
0.7322 0.00932252 0.0597757 0.118012 0.00306424 0.00432304 0.0733019 
0.675694 0.00929871 0.0737946 0.183554 0.002754 0.00315144 0.051753 
0.748283 0.0082577 0.061171 0.119562 0.00301255 0.00267312 0.0570405 
0.728584 0.00945277 0.0671596 0.137233 0.00233685 0.00291779 0.0523162 
0.728169 0.00861698 0.0664554 0.133808 0.00277632 0.0038998 0.0562748 
0.731838 0.0078959 0.071585 0.136053 0.00242327 0.00288827 0.0473172 
0.704585 0.00789977 0.0743286 0.145017 0.00283957 0.00350459 0.0618254 
0.699277 0.00838494 0.0779237 0.143126 0.00260817 0.00370458 0.0649753 
0.735489 0.00728531 0.0667844 0.120142 0.00337914 0.00307325 0.0638468 
0.788742 0.00935757 0.0576406 0.0868817 0.00262133 0.00290377 0.0518526 
0.872062 0.022404 0.0270354 0.0141575 0.0203633 0.00483292 0.0391448 
0.843472 0.0188674 0.0412329 0.0089664 0.0228356 0.00774687 0.0568791 
0.821365 0.0223081 0.0463353 0.00591868 0.0102509 0.0121737 0.0816485 
0.774216 0.0166796 0.0513998 0.00726717 0.0146125 0.00538503 0.13044 
0.827117 0.0204099 0.0438388 0.00880106 0.011781 0.00606692 0.0819857 
0.838071 0.0135911 0.0490386 0.00860155 0.00678765 0.00595675 0.0779531 
0.848656 0.0108643 0.0478965 0.0239981 0.00342541 0.00228105 0.0628784 
0.844826 0.00964371 0.0439643 0.0388758 0.00622825 0.0024048 0.0540567 
0.839205 0.0107606 0.044522 0.0410797 0.00358912 0.00323878 0.057605 
0.847201 0.0105232 0.0431111 0.0338263 0.00456693 0.00386816 0.0569031 
0.841487 0.00818195 0.0558466 0.0274193 0.00244133 0.00305491 0.0615688 
0.83805 0.0100106 0.0496989 0.0395376 0.00270819 0.00279349 0.0572014 
0.808473 0.00813866 0.058469 0.0314723 0.00307007 0.00403696 0.0863401 
0.84449 0.00858214 0.059458 0.0210164 0.00490949 0.00419987 0.0573443 
0.832151 0.00998834 0.0560895 0.0290205 0.00573766 0.00372761 0.0632853 
0.811097 0.00964041 0.0648715 0.0220584 0.00251578 0.00387331 0.0859434 
0.830681 0.00934991 0.0592843 0.0136615 0.00372102 0.00412589 0.0791763 
0.833599 0.0081309 0.0644251 0.0267525 0.00472944 0.00529873 0.0570643 
0.838521 0.00963566 0.0533376 0.018694 0.00568088 0.0039723 0.0701589 
0.829688 0.00832485 0.0598594 0.0195621 0.0104444 0.00184886 0.0702727 
0.839395 0.00896661 0.0642611 0.0221144 0.00522892 0.00285571 0.0571782 
0.754252 0.00891611 0.0770519 0.00510364 0.00359116 0.00330972 0.147776 
0.839754 0.00813424 0.0663234 0.0106945 0.00215352 0.0025461 0.070394 
0.802186 0.00683117 0.0726748 0.0167843 0.00194086 0.00442581 0.0951568 
0.797157 0.00576178 0.0883783 0.0125406 0.00132989 0.00358908 0.0912436 
0.794666 0.0059698 0.0852455 0.0138891 0.00216341 0.00436359 0.0937027 
0.727683 0.00526159 0.0988209 0.014058 0.00182299 0.0044971 0.147857 
0.766102 0.00581964 0.0872546 0.00957568 0.00240743 0.00444096 0.124399 
0.769622 0.00637384 0.0867341 0.00665708 0.00148762 0.00506326 0.124062 
0.782925 0.00605823 0.0852241 0.00917159 0.0017179 0.00556042 0.109342 
0.791591 0.00646699 0.0844309 0.00821735 0.00243059 0.00504677 0.101816 
0.770528 0.00572265 0.0886735 0.00988748 0.00152161 0.0052177 0.118449 
0.777732 0.00596954 0.0826565 0.0131085 0.00165196 0.00511273 0.113769 
0.751538 0.00584017 0.0877103 0.0121199 0.00173422 0.00481329 0.136245 
0.737739 0.00659057 0.0805584 0.00945574 0.00268234 0.00682321 0.15615 
0.755696 0.00585721 0.084014 0.0178303 0.00182554 0.00585888 0.128918 
0.76114 0.00597473 0.0884411 0.0114275 0.00154832 0.00573356 0.125735 
0.767632 0.00723562 0.0788449 0.0165585 0.00251245 0.00770443 0.119512 
0.821482 0.0062741 0.0730506 0.0153103 0.0023791 0.00464845 0.0768557 
0.779943 0.00668012 0.0755354 0.0164697 0.00263404 0.00455531 0.114182 
0.762294 0.0066573 0.0712268 0.012786 0.00423817 0.00618026 0.136617 
0.759978 0.00669832 0.0727102 0.0130698 0.00475023 0.00434439 0.138449 
0.818901 0.00593936 0.0717555 0.0140077 0.00417766 0.00433368 0.0808853 
0.7147 0.00649221 0.0900432 0.00982149 0.00346457 0.00444095 0.171038 
0.784583 0.0069191 0.0708071 0.0154371 0.00669796 0.00552798 0.110028 
0.737709 0.00881713 0.0796338 0.00622714 0.00703195 0.00789797 0.152683 
0.75658 0.00737322 0.0800863 0.00675023 0.00383244 0.00705312 0.138324 
0.751162 0.00799327 0.0819973 0.00398404 0.00586968 0.00698242 0.142012 
0.824133 0.00949823 0.0646079 0.00884509 0.0074975 0.00529706 0.0801208 
0.806234 0.0092612 0.0582657 0.00615478 0.00402852 0.00849395 0.107562 
0.814251 0.00805922 0.0570291 0.0126963 0.00441805 0.00645097 0.0970958 
0.841782 0.00615332 0.0688595 0.00885246 0.00225805 0.00241124 0.0696838 
0.758063 0.00578925 0.0871782 0.010646 0.00219539 0.00324086 0.132887 
0.766974 0.00500801 0.0864026 0.0179998 0.00460924 0.0021101 0.116896 
0.70177 0.00630879 0.101657 0.00911495 0.00267625 0.00266938 0.175804 
0.792191 0.00610518 0.081634 0.0134164 0.00268472 0.00258935 0.101379 
0.699819 0.00628585 0.0948758 0.0105105 0.0012698 0.00323823 0.184001 
0.738065 0.0413985 0.0683412 0.00386084 0.00172282 0.00265458 0.143957 
0.786121 0.00611739 0.0771733 0.0217901 0.00395876 0.00289995 0.101939 
0.757152 0.00514214 0.112542 0.0283188 0.00213345 0.00228747 0.092424 
0.74991 0.00469125 0.103825 0.020831 0.0018883 0.00277615 0.116078 
0.736405 0.00486903 0.103377 0.0181791 0.00305703 0.00420671 0.129906 
0.737242 0.00549778 0.108561 0.0282807 0.00265608 0.00282385 0.114939 
0.755306 0.00509615 0.0955695 0.0182809 0.00275959 0.00322155 0.119766 
0.75206 0.00509449 0.0967735 0.0190001 0.00213418 0.00301722 0.121921 
0.728741 0.00499982 0.10641 0.0286657 0.00204634 0.00355134 0.125586 
0.794094 0.00519516 0.0897921 0.0166523 0.00221164 0.00262165 0.0894336 
0.742528 0.00557788 0.0920048 0.0264473 0.00204196 0.00461989 0.12678 
0.792338 0.00596423 0.0809884 0.0205065 0.00278338 0.00374212 0.0936777 
0.796828 0.00587423 0.0800714 0.0227235 0.00259101 0.00386921 0.0880425 
0.747792 0.00565921 0.0862966 0.0260838 0.00204918 0.0030461 0.129073 
0.789456 0.00512682 0.0817497 0.0265393 0.00278507 0.00328604 0.0910568 
0.740311 0.00586328 0.0861343 0.0231199 0.0023278 0.00398547 0.138258 
0.715294 0.00551242 0.0953451 0.0278749 0.00197972 0.00414229 0.149852 
0.77906 0.0148255 0.063208 0.00401311 0.00810107 0.0123777 0.118415 
0.841929 0.0126239 0.0569266 0.00488032 0.00517699 0.0107993 0.0676635 
0.804779 0.00730185 0.0746189 0.00809752 0.00326106 0.00571295 0.0962285 
0.775496 0.00544916 0.0871628 0.0162661 0.00144636 0.00544041 0.108739 
0.543788 0.00554779 0.123136 0.00998178 0.00176769 0.00811287 0.307666 
0.607681 0.00526392 0.117825 0.00806404 0.0030154 0.00939017 0.24876 
0.711109 0.00480632 0.135543 0.00518718 0.00406474 0.0155769 0.123713 
0.474738 0.00687112 0.18932 0.00467954 0.00297588 0.0569925 0.264423 
0.612846 0.00482554 0.177837 0.00582712 0.00190526 0.0314417 0.165317 
0.832958 0.00724814 0.0884129 0.00388476 0.00378906 0.0119444 0.0517625 
0.82835 0.00680448 0.0834109 0.00604196 0.00257032 0.0128627 0.0599594 
0.702985 0.00623065 0.106849 0.00478372 0.00244437 0.0130121 0.163694 
0.720876 0.00645337 0.0971812 0.0064099 0.00245854 0.0140015 0.152619 
0.814764 0.00743802 0.0721612 0.0100419 0.00799946 0.00706592 0.0805299 
0.8349 0.0171075 0.0384102 0.013616 0.00819436 0.0216345 0.0661377 
0.681848 0.0183866 0.0474383 0.0186682 0.00436693 0.0184861 0.210806 
0.782214 0.0130365 0.044335 0.0063004 0.00499655 0.0145055 0.134612 
0.707969 0.0114172 0.0872182 0.00396378 0.00669292 0.0104353 0.172304 
0.373983 0.0206495 0.0578156 0.0130025 0.00648569 0.126263 0.4018 
0.578498 0.0147244 0.0870464 0.0106801 0.0117626 0.0283404 0.268948 
0.181308 0.0160607 0.0703002 0.00947283 0.0166635 0.0434745 0.66272 
0.337565 0.010575 0.0775062 0.00611628 0.00216663 0.0169687 0.549102 
0.470509 0.0117612 0.0848632 0.00865841 0.00161106 0.00682528 0.415772 
0.592299 0.0107253 0.0725342 0.0101217 0.00153675 0.0386175 0.274166 
0.581115 0.00815389 0.100651 0.0142066 0.00100729 0.0149039 0.279962 
0.689103 0.00910395 0.0619092 0.00396435 0.00128775 0.0176917 0.21694 
0.531709 0.0113856 0.0691118 0.00282798 0.00114214 0.0162631 0.36756 
0.645353 0.0112557 0.0677508 0.00405721 0.00115262 0.00802492 0.262406 
0.634131 0.0114961 0.0683841 0.00631425 0.00100897 0.0135965 0.265069 
0.682627 0.00771854 0.0684828 0.0238554 0.00232719 0.00872057 0.206269 
0.735345 0.00818243 0.0648781 0.0110457 0.00354831 0.00702819 0.169972 
0.648191 0.00826042 0.0712444 0.00446594 0.00278426 0.00812911 0.256925 
0.670799 0.00744786 0.0766525 0.00505828 0.00140716 0.00634909 0.232286 
0.782879 0.00727285 0.0606634 0.00380097 0.00235791 0.00718512 0.135841 
0.813128 0.00752821 0.0567491 0.0080937 0.00209334 0.00254921 0.109859 
0.746628 0.00932315 0.0575099 0.00784935 0.00145704 0.00377589 0.173457 
0.767577 0.00457517 0.105681 0.00606684 0.00188811 0.0053802 0.108832 
0.822516 0.0053362 0.0813174 0.00992426 0.00191006 0.00575225 0.0732435 
0.805757 0.00524592 0.0805725 0.0177435 0.00195986 0.00675477 0.0819663 
0.803365 0.00574869 0.0818949 0.0143459 0.00197368 0.00480505 0.0878669 
0.841524 0.00565011 0.0722784 0.0303116 0.00277242 0.00398428 0.0434797 
0.799454 0.00583495 0.0798595 0.00928847 0.00307122 0.0043158 0.0981762 
0.766191 0.00608708 0.0846809 0.00896782 0.00170093 0.00504776 0.127325 
0.804641 0.00592191 0.0845377 0.0197524 0.0014752 0.00419947 0.0794719 
0.760257 0.00500148 0.0899079 0.00955839 0.00146408 0.00568092 0.12813 
0.741954 0.00600313 0.0930704 0.017421 0.00177775 0.00569933 0.134075 
0.760232 0.00595679 0.0858517 0.00993372 0.00155668 0.00303456 0.133435 
0.78613 0.00578377 0.0954448 0.0101478 0.00157385 0.00262046 0.0982992 
0.78309 0.00537102 0.089996 0.0150201 0.00225722 0.00269814 0.101568 
0.804911 0.00527349 0.0848568 0.0177304 0.00218316 0.00253979 0.0825058 
0.836868 0.00542259 0.0794343 0.0122389 0.0018908 0.00251182 0.0616337 
0.830122 0.00556815 0.0861252 0.0206346 0.00213154 0.00242571 0.0529931 
0.819126 0.00551906 0.0785146 0.0251777 0.00255516 0.00320693 0.0659005 
0.791757 0.00466232 0.107807 0.0130923 0.00182701 0.00226907 0.078585 
0.825287 0.00607686 0.0879995 0.00877371 0.00194759 0.00160714 0.0683083 
0.827928 0.00500408 0.0919363 0.0100822 0.00261064 0.00201257 0.0604263 
0.828861 0.00609433 0.0831038 0.00813215 0.00427814 0.00172465 0.0678056 
0.830397 0.00646651 0.0752947 0.0141314 0.00476329 0.00222215 0.066725 
0.842727 0.00521414 0.083061 0.0169143 0.00280021 0.00183501 0.0474484 
0.812178 0.0062111 0.0845047 0.00895432 0.0035956 0.00243588 0.0821209 
0.842531 0.00635085 0.0699703 0.0206458 0.00391813 0.00261039 0.0539739 
0.840195 0.00632687 0.0770874 0.011933 0.00302511 0.00266785 0.0587642 
0.806834 0.00618413 0.0820614 0.0175657 0.00251789 0.00287581 0.0819615 
0.787442 0.00633878 0.0854624 0.0094085 0.00166042 0.00297898 0.106709 
0.837262 0.0086119 0.075236 0.0102338 0.00192767 0.00271981 0.0640087 
0.827263 0.00760733 0.0816277 0.0134458 0.0027865 0.00231301 0.0649569 
0.848835 0.00853023 0.079304 0.017079 0.00233553 0.00207196 0.041844 
0.813678 0.00515576 0.0846272 0.020786 0.00329727 0.0019391 0.0705168 
0.801793 0.00517651 0.0872616 0.0325363 0.00261903 0.00279385 0.0678194 
0.820483 0.00569054 0.0797202 0.0276067 0.00280909 0.00342369 0.0602664 
0.832375 0.00651349 0.0650933 0.0347052 0.00337426 0.00372694 0.0542118 
0.821284 0.00617663 0.0813961 0.0309491 0.0026069 0.00352726 0.0540597 
0.826055 0.00670154 0.0698421 0.0344695 0.00412316 0.00318665 0.0556221 
0.842411 0.00670137 0.0682448 0.0248816 0.00362654 0.00372865 0.0504062 
0.80954 0.0054319 0.0835711 0.0248615 0.00253768 0.00316895 0.070889 
0.71495 0.00463013 0.11224 0.0218236 0.00182211 0.00306376 0.141471 
0.775081 0.00526507 0.095175 0.0263349 0.00174248 0.00356905 0.0928329 
0.814176 0.00555502 0.0832399 0.0356814 0.00248019 0.00298748 0.0558802 
0.797143 0.00657938 0.0790947 0.0263948 0.00329051 0.00379228 0.0837056 
0.766995 0.00618215 0.0811416 0.0321758 0.00332954 0.00538814 0.104788 
0.786438 0.00536779 0.0918102 0.0312742 0.00253169 0.00301757 0.0795607 
0.773764 0.00570404 0.0843356 0.0481905 0.00326144 0.00302865 0.0817155 
0.803119 0.00682123 0.0768331 0.0341178 0.00426705 0.00314784 0.0716941 
0.824255 0.00582216 0.0829894 0.0213371 0.0036882 0.0026953 0.0592133 
0.827028 0.00733636 0.0660671 0.0280161 0.00424915 0.00307091 0.0642327 
0.809203 0.00689924 0.0770459 0.0283897 0.00517495 0.00269352 0.0705937 
0.782615 0.00613819 0.0861982 0.0359536 0.00427264 0.00232554 0.0824971 
0.834895 0.00659096 0.0818028 0.0250428 0.00392389 0.00224598 0.0454982 
0.814282 0.0059497 0.0784324 0.0372627 0.00479449 0.00242183 0.056857 
0.80168 0.00588872 0.0784254 0.0516354 0.00450032 0.002908 0.0549622 
0.742697 0.00614412 0.0788739 0.110114 0.00521188 0.00251859 0.0544411 
0.79359 0.00599814 0.0787422 0.0591517 0.00426221 0.00242693 0.0558283 
0.768118 0.00582486 0.0842068 0.0421794 0.00396541 0.0020699 0.0936359 
0.788218 0.00612352 0.0784073 0.0395237 0.00630102 0.00217237 0.0792537 
0.787203 0.00560342 0.087062 0.0227907 0.002964 0.00305762 0.0913188 
0.769768 0.0060792 0.0944852 0.0339993 0.00252915 0.002578 0.0905615 
0.795222 0.00607798 0.077631 0.0448931 0.00412805 0.00265706 0.0693907 
0.789035 0.00598853 0.0874968 0.060637 0.00327028 0.0027233 0.0508493 
0.787914 0.00583821 0.0839555 0.0444071 0.00404816 0.00305058 0.0707869 
0.772969 0.00530085 0.0962042 0.0346944 0.00292106 0.00302865 0.0848814 
0.772437 0.00493404 0.104608 0.0339053 0.00230488 0.00286028 0.0789505 
0.806658 0.00564899 0.0875664 0.0323041 0.00315404 0.00316788 0.0615003 
0.786627 0.00450957 0.092508 0.0511789 0.00406006 0.00209016 0.0590264 
0.780539 0.00572034 0.0874694 0.0653834 0.00358804 0.00226048 0.0550396 
0.764791 0.00582061 0.0883052 0.0816174 0.00356385 0.00269151 0.0532103 
0.812904 0.00591466 0.0774699 0.0529223 0.00344086 0.00289061 0.0444574 
0.816854 0.00637253 0.0781175 0.0595231 0.00259544 0.00243745 0.0340995 
0.805155 0.00724142 0.0693879 0.0761501 0.00327265 0.00232294 0.0364699 
0.808858 0.00696913 0.0716347 0.0435215 0.00377812 0.00312125 0.0621173 
0.783961 0.00640881 0.0801704 0.0383596 0.00361123 0.00308537 0.084404 
0.770873 0.006419 0.0863596 0.0253719 0.0031543 0.0025821 0.10524 
0.816675 0.00724389 0.0682868 0.0235121 0.00327296 0.00287805 0.0781307 
0.831624 0.00670451 0.0656368 0.0306321 0.00339546 0.00306023 0.058947 
0.802725 0.0058798 0.0837528 0.0231172 0.00187727 0.00309536 0.079553 
0.787442 0.00526213 0.0936301 0.023757 0.00192845 0.00306225 0.0849181 
0.765257 0.00526065 0.0950213 0.028516 0.00207327 0.00299582 0.100876 
0.782948 0.00534914 0.0958805 0.0177326 0.00174922 0.00279058 0.0935498 
0.818476 0.00584751 0.0836474 0.0271438 0.00252315 0.00254849 0.0598136 
0.851589 0.00605062 0.0694996 0.0260187 0.00353501 0.00305141 0.0402557 
0.78682 0.00605455 0.0795445 0.0447372 0.0037413 0.00420331 0.0748995 
0.849918 0.00614677 0.0675651 0.034723 0.00412878 0.00222875 0.0352895 
0.752276 0.00529169 0.102001 0.0343974 0.00121041 0.0044182 0.100406 
0.801442 0.00563989 0.0835708 0.0278283 0.00115633 0.00560374 0.0747589 
0.818532 0.00651768 0.0704946 0.039563 0.00140828 0.00497022 0.0585144 
0.795319 0.00520143 0.0885262 0.0242163 0.00117902 0.00402998 0.0815276 
0.74647 0.00481693 0.0985528 0.0380768 0.00128778 0.00485916 0.105936 
0.722219 0.00585621 0.111256 0.0305576 8.02649E-4 0.00604236 0.123267 
0.783479 0.00627216 0.0797955 0.0364092 0.00115013 0.00485872 0.0880354 
0.806089 0.00514746 0.0790026 0.04196 0.00188435 0.00345117 0.0624653 
0.824836 0.00640271 0.0747666 0.0229776 0.00161313 0.00306319 0.0663405 
0.833018 0.00547274 0.0691945 0.0348634 0.00151064 0.00330878 0.0526318 
0.807483 0.00487616 0.0834928 0.0311588 0.00140548 0.00374052 0.067843 
0.752073 0.00582533 0.0910819 0.0326573 0.00120537 0.00628073 0.110877 
0.685487 0.00581681 0.104072 0.0324248 0.001144 0.0024171 0.168639 
0.800117 0.00622868 0.0834277 0.0454395 0.00116343 0.00472164 0.058902 
0.760636 0.00530811 0.105061 0.0324596 0.00107458 0.00244403 0.0930162 
0.799713 0.00566453 0.0879832 0.0339057 0.00129373 0.00321948 0.0682201 
0.798224 0.00640203 0.0757735 0.0240721 0.00174841 0.00550922 0.0882707 
0.802132 0.00578514 0.0804592 0.0404085 0.00170909 0.00397527 0.0655311 
0.812899 0.00531174 0.0753489 0.0284532 0.00145272 0.00494635 0.0715878 
0.826301 0.00505614 0.0724674 0.0384486 0.0022747 0.00339223 0.0520602 
0.806241 0.00545121 0.0723424 0.0488541 0.00264273 0.00442941 0.0600392 
0.814728 0.00532943 0.0680462 0.0431906 0.00224233 0.00510296 0.0613607 
0.752921 0.00665744 0.0783465 0.0739211 0.0022624 0.00662846 0.0792633 
0.793881 0.00589035 0.0782606 0.0457848 0.00185212 0.00486114 0.0694696 
0.805707 0.00596427 0.078183 0.0383062 0.00151981 0.00455122 0.0657688 
0.822679 0.00575089 0.0668869 0.0307593 0.00222483 0.00383911 0.0678597 
0.806958 0.006266 0.0751316 0.025259 0.00142271 0.00418646 0.0807763 
0.786058 0.00594295 0.0845993 0.0370563 0.00150194 0.00482232 0.0800194 
0.733782 0.00547315 0.0981482 0.0554585 0.00147485 0.00387292 0.101791 
0.718047 0.00523937 0.09806 0.0328841 0.00134211 0.00449062 0.139937 
0.799913 0.00486739 0.0848185 0.016216 0.00145535 0.00460005 0.0881296 
0.782957 0.00549281 0.0917411 0.0390931 0.00127453 0.00303128 0.0764098 
0.80695 0.00524267 0.0854688 0.0389791 0.00224782 0.00420588 0.0569062 
0.769061 0.00545301 0.0927872 0.0596427 0.00168201 0.0033968 0.0679772 
0.791768 0.00625269 0.08466 0.0476265 0.00178539 0.0040446 0.0638624 
0.735674 0.00742716 0.091139 0.101815 0.00162453 0.00398452 0.0583357 
0.809576 0.00590351 0.0819827 0.0354473 0.00151279 0.00256238 0.0630153 
0.842333 0.00626169 0.0736273 0.0270934 0.00181633 0.00285179 0.0460167 
0.803364 0.00572167 0.0860396 0.0351927 0.00171691 0.00209564 0.0658694 
0.82366 0.00650868 0.0755523 0.0454616 0.00252136 0.00142439 0.0448713 
0.788744 0.00460599 0.0839036 0.0882251 0.00330085 0.00167509 0.0295458 
0.806325 0.0046163 0.0779666 0.0832662 0.00381407 0.00128954 0.0227223 
0.760122 0.00444076 0.106245 0.0732043 0.00273859 0.00190842 0.0513406 
0.783322 0.0051416 0.0899302 0.0671037 0.00212421 0.00202037 0.0503583 
0.777628 0.00476365 0.0996036 0.0555803 0.00245725 0.00122252 0.0587446 
0.789894 0.00515751 0.0948484 0.0606526 0.00216461 0.00143409 0.0458485 
0.825122 0.0054209 0.0870417 0.0314762 0.00267946 0.00118359 0.0470766 
0.802145 0.00458942 0.0911338 0.0557003 0.00219705 0.00151893 0.0427151 
0.824516 0.00456506 0.088621 0.0445301 0.0020131 0.00131886 0.0344357 
0.799062 0.00405915 0.0899394 0.04923 0.00267064 0.00174517 0.053294 
0.778736 0.00431352 0.096974 0.0706574 0.00260164 0.00198161 0.044736 
0.832567 0.0042928 0.077598 0.0455527 0.0028686 0.00155551 0.0355655 
0.822664 0.00445292 0.0942933 0.0354823 0.00167079 0.00182428 0.0396125 
0.752711 0.00529983 0.093951 0.0969141 0.0023654 0.00418633 0.0445726 
0.807776 0.00462883 0.0867286 0.0429469 0.00290565 0.00147938 0.0535345 
0.805858 0.00478189 0.0909875 0.0498976 0.00246852 0.00191479 0.0440922 
0.761754 0.0060043 0.086438 0.0970492 0.00173421 0.0037676 0.043253 
0.82481 0.00762569 0.0617786 0.0328481 0.00210373 0.00281526 0.0680188 
0.833529 0.00940269 0.0511924 0.0562115 0.00282007 0.00334468 0.0434994 
0.724857 0.0342038 0.02141 0.196929 0.00785687 0.00337272 0.0113706 
0.499898 0.358679 0.00789275 0.0500405 0.0327581 0.0121944 0.0385369 
0.286628 0.347974 0.0204995 0.0262887 0.0393433 0.00919321 0.270073 
0.138275 0.681767 0.0120702 0.00536755 0.028262 0.043416 0.0908419 
0.476089 0.303046 0.0116015 0.00689909 0.0374525 0.0272816 0.137629 
0.541681 0.185022 0.00976249 0.0240834 0.155246 0.0183284 0.0658761 
0.459291 0.0881526 0.00768783 0.0740983 0.273183 0.0592964 0.0382905 
0.490284 0.117597 0.00910121 0.0365923 0.24583 0.0424898 0.058106 
0.361297 0.0894133 0.00975746 0.154578 0.26823 0.0651083 0.0516148 
0.396413 0.0805866 0.00647702 0.0808681 0.394489 0.0136739 0.0274917 
0.544596 0.12341 0.00948891 0.062837 0.209631 0.0152715 0.034766 
0.569307 0.147101 0.0097726 0.0827126 0.147595 0.0134481 0.0300633 
0.549121 0.172308 0.00894778 0.0971149 0.134894 0.0111637 0.026451 
0.592804 0.183272 0.00975666 0.102124 0.0776814 0.00934766 0.0250144 
0.568416 0.167314 0.00831257 0.0923524 0.129375 0.0109829 0.0232475 
0.587256 0.183921 0.00874209 0.106755 0.0825487 0.00886295 0.0219132 
0.534338 0.263311 0.00707979 0.0786007 0.0846752 0.0117689 0.0202271 
0.469879 0.197329 0.00684202 0.083528 0.211024 0.0118194 0.0195781 
0.617662 0.17954 0.00984722 0.0794623 0.0751061 0.00932044 0.029062 
0.563693 0.268178 0.00755889 0.0654401 0.0625431 0.00736175 0.0252255 
0.368503 0.465905 0.00475736 0.0539804 0.0742863 0.00991893 0.0226488 
0.449317 0.392001 0.00554632 0.0584835 0.0571804 0.0113388 0.026133 
0.503235 0.335367 0.0073286 0.0803246 0.040457 0.00982323 0.0234646 
0.456491 0.405054 0.00669102 0.0644869 0.0366464 0.00625601 0.0243743 
0.629738 0.213056 0.0089086 0.084835 0.0339612 0.00824075 0.02126 
0.561672 0.214871 0.00777957 0.10369 0.0839372 0.00714756 0.0209032 
0.681904 0.112448 0.0112169 0.101502 0.0664859 0.00761373 0.0188296 
0.659133 0.140829 0.0108525 0.0911155 0.0664536 0.00771673 0.0238998 
0.707481 0.151697 0.0155282 0.0735764 0.0194053 0.00784893 0.0244628 
0.732563 0.135559 0.0156375 0.0593473 0.0184741 0.00782783 0.0305909 
0.714555 0.141695 0.0165488 0.0712216 0.0186666 0.00895782 0.0283548 
0.6953 0.159909 0.0159129 0.0660803 0.0215715 0.00853244 0.0326937 
0.720573 0.129216 0.0154001 0.085527 0.0172163 0.00581762 0.0262499 
0.739027 0.107309 0.0145069 0.0894584 0.0208845 0.00682775 0.0219863 
0.796967 0.0829217 0.0155768 0.0507333 0.0213098 0.00568309 0.0268087 
0.811643 0.0578543 0.0156815 0.0696391 0.0213911 0.00485611 0.0189352 
0.795105 0.0757122 0.0171708 0.0684451 0.017107 0.00411305 0.0223464 
0.80995 0.0702495 0.0158955 0.063922 0.0177224 0.00433968 0.0179209 
0.791584 0.102014 0.0172784 0.0613814 0.0096903 0.00324619 0.0148051 
0.817969 0.0648762 0.0184587 0.0508281 0.0155877 0.00534812 0.0269322 
0.81029 0.0719288 0.0205743 0.0541408 0.0101002 0.00442815 0.0285378 
0.767577 0.00457517 0.105681 0.00606684 0.00188811 0.0053802 0.108832 
0.822516 0.0053362 0.0813174 0.00992426 0.00191006 0.00575225 0.0732435 
0.805757 0.00524592 0.0805725 0.0177435 0.00195986 0.00675477 0.0819663 
0.803365 0.00574869 0.0818949 0.0143459 0.00197368 0.00480505 0.0878669 
0.841524 0.00565011 0.0722784 0.0303116 0.00277242 0.00398428 0.0434797 
0.799454 0.00583495 0.0798595 0.00928847 0.00307122 0.0043158 0.0981762 
0.766191 0.00608708 0.0846809 0.00896782 0.00170093 0.00504776 0.127325 
0.804641 0.00592191 0.0845377 0.0197524 0.0014752 0.00419947 0.0794719 
0.760257 0.00500148 0.0899079 0.00955839 0.00146408 0.00568092 0.12813 
0.741954 0.00600313 0.0930704 0.017421 0.00177775 0.00569933 0.134075 
0.760232 0.00595679 0.0858517 0.00993372 0.00155668 0.00303456 0.133435 
0.78613 0.00578377 0.0954448 0.0101478 0.00157385 0.00262046 0.0982992 
0.78309 0.00537102 0.089996 0.0150201 0.00225722 0.00269814 0.101568 
0.804911 0.00527349 0.0848568 0.0177304 0.00218316 0.00253979 0.0825058 
0.836868 0.00542259 0.0794343 0.0122389 0.0018908 0.00251182 0.0616337 
0.830122 0.00556815 0.0861252 0.0206346 0.00213154 0.00242571 0.0529931 
0.819126 0.00551906 0.0785146 0.0251777 0.00255516 0.00320693 0.0659005 
0.791757 0.00466232 0.107807 0.0130923 0.00182701 0.00226907 0.078585 
0.825287 0.00607686 0.0879995 0.00877371 0.00194759 0.00160714 0.0683083 
0.827928 0.00500408 0.0919363 0.0100822 0.00261064 0.00201257 0.0604263 
0.828861 0.00609433 0.0831038 0.00813215 0.00427814 0.00172465 0.0678056 
0.830397 0.00646651 0.0752947 0.0141314 0.00476329 0.00222215 0.066725 
0.842727 0.00521414 0.083061 0.0169143 0.00280021 0.00183501 0.0474484 
0.812178 0.0062111 0.0845047 0.00895432 0.0035956 0.00243588 0.0821209 
0.842531 0.00635085 0.0699703 0.0206458 0.00391813 0.00261039 0.0539739 
0.840195 0.00632687 0.0770874 0.011933 0.00302511 0.00266785 0.0587642 
0.806834 0.00618413 0.0820614 0.0175657 0.00251789 0.00287581 0.0819615 
0.787442 0.00633878 0.0854624 0.0094085 0.00166042 0.00297898 0.106709 
0.837262 0.0086119 0.075236 0.0102338 0.00192767 0.00271981 0.0640087 
0.827263 0.00760733 0.0816277 0.0134458 0.0027865 0.00231301 0.0649569 
0.848835 0.00853023 0.079304 0.017079 0.00233553 0.00207196 0.041844 
0.813678 0.00515576 0.0846272 0.020786 0.00329727 0.0019391 0.0705168 
0.801793 0.00517651 0.0872616 0.0325363 0.00261903 0.00279385 0.0678194 
0.820483 0.00569054 0.0797202 0.0276067 0.00280909 0.00342369 0.0602664 
0.832375 0.00651349 0.0650933 0.0347052 0.00337426 0.00372694 0.0542118 
0.821284 0.00617663 0.0813961 0.0309491 0.0026069 0.00352726 0.0540597 
0.826055 0.00670154 0.0698421 0.0344695 0.00412316 0.00318665 0.0556221 
0.842411 0.00670137 0.0682448 0.0248816 0.00362654 0.00372865 0.0504062 
0.80954 0.0054319 0.0835711 0.0248615 0.00253768 0.00316895 0.070889 
0.71495 0.00463013 0.11224 0.0218236 0.00182211 0.00306376 0.141471 
0.775081 0.00526507 0.095175 0.0263349 0.00174248 0.00356905 0.0928329 
0.814176 0.00555502 0.0832399 0.0356814 0.00248019 0.00298748 0.0558802 
0.797143 0.00657938 0.0790947 0.0263948 0.00329051 0.00379228 0.0837056 
0.766995 0.00618215 0.0811416 0.0321758 0.00332954 0.00538814 0.104788 
0.786438 0.00536779 0.0918102 0.0312742 0.00253169 0.00301757 0.0795607 
0.773764 0.00570404 0.0843356 0.0481905 0.00326144 0.00302865 0.0817155 
0.803119 0.00682123 0.0768331 0.0341178 0.00426705 0.00314784 0.0716941 
0.824255 0.00582216 0.0829894 0.0213371 0.0036882 0.0026953 0.0592133 
0.827028 0.00733636 0.0660671 0.0280161 0.00424915 0.00307091 0.0642327 
0.809203 0.00689924 0.0770459 0.0283897 0.00517495 0.00269352 0.0705937 
0.782615 0.00613819 0.0861982 0.0359536 0.00427264 0.00232554 0.0824971 
0.834895 0.00659096 0.0818028 0.0250428 0.00392389 0.00224598 0.0454982 
0.814282 0.0059497 0.0784324 0.0372627 0.00479449 0.00242183 0.056857 
0.80168 0.00588872 0.0784254 0.0516354 0.00450032 0.002908 0.0549622 
0.742697 0.00614412 0.0788739 0.110114 0.00521188 0.00251859 0.0544411 
0.79359 0.00599814 0.0787422 0.0591517 0.00426221 0.00242693 0.0558283 
0.768118 0.00582486 0.0842068 0.0421794 0.00396541 0.0020699 0.0936359 
0.788218 0.00612352 0.0784073 0.0395237 0.00630102 0.00217237 0.0792537 
0.787203 0.00560342 0.087062 0.0227907 0.002964 0.00305762 0.0913188 
0.769768 0.0060792 0.0944852 0.0339993 0.00252915 0.002578 0.0905615 
0.795222 0.00607798 0.077631 0.0448931 0.00412805 0.00265706 0.0693907 
0.789035 0.00598853 0.0874968 0.060637 0.00327028 0.0027233 0.0508493 
0.787914 0.00583821 0.0839555 0.0444071 0.00404816 0.00305058 0.0707869 
0.772969 0.00530085 0.0962042 0.0346944 0.00292106 0.00302865 0.0848814 
0.772437 0.00493404 0.104608 0.0339053 0.00230488 0.00286028 0.0789505 
0.806658 0.00564899 0.0875664 0.0323041 0.00315404 0.00316788 0.0615003 
0.786627 0.00450957 0.092508 0.0511789 0.00406006 0.00209016 0.0590264 
0.780539 0.00572034 0.0874694 0.0653834 0.00358804 0.00226048 0.0550396 
0.764791 0.00582061 0.0883052 0.0816174 0.00356385 0.00269151 0.0532103 
0.812904 0.00591466 0.0774699 0.0529223 0.00344086 0.00289061 0.0444574 
0.816854 0.00637253 0.0781175 0.0595231 0.00259544 0.00243745 0.0340995 
0.805155 0.00724142 0.0693879 0.0761501 0.00327265 0.00232294 0.0364699 
0.808858 0.00696913 0.0716347 0.0435215 0.00377812 0.00312125 0.0621173 
0.783961 0.00640881 0.0801704 0.0383596 0.00361123 0.00308537 0.084404 
0.770873 0.006419 0.0863596 0.0253719 0.0031543 0.0025821 0.10524 
0.816675 0.00724389 0.0682868 0.0235121 0.00327296 0.00287805 0.0781307 
0.831624 0.00670451 0.0656368 0.0306321 0.00339546 0.00306023 0.058947 
0.802725 0.0058798 0.0837528 0.0231172 0.00187727 0.00309536 0.079553 
0.787442 0.00526213 0.0936301 0.023757 0.00192845 0.00306225 0.0849181 
0.765257 0.00526065 0.0950213 0.028516 0.00207327 0.00299582 0.100876 
0.782948 0.00534914 0.0958805 0.0177326 0.00174922 0.00279058 0.0935498 
0.818476 0.00584751 0.0836474 0.0271438 0.00252315 0.00254849 0.0598136 
0.851589 0.00605062 0.0694996 0.0260187 0.00353501 0.00305141 0.0402557 
0.78682 0.00605455 0.0795445 0.0447372 0.0037413 0.00420331 0.0748995 
0.849918 0.00614677 0.0675651 0.034723 0.00412878 0.00222875 0.0352895 
0.673549 0.00610245 0.113157 0.138149 0.00229125 0.0034667 0.0632846 
0.689157 0.00686368 0.105142 0.130769 0.0018991 0.00451216 0.0616568 
0.567499 0.00820212 0.127883 0.225682 0.00360424 0.00500571 0.0621242 
0.723661 0.00621524 0.0934837 0.119028 0.00226355 0.00332087 0.0520268 
0.674716 0.00748938 0.0996093 0.158905 0.00235543 0.00518943 0.0517356 
0.817049 0.00815272 0.0706525 0.0537628 0.00115292 0.00423077 0.0449988 
0.776504 0.00878784 0.0724018 0.0916839 0.00144112 0.00506444 0.0441174 
0.828574 0.00734532 0.0647993 0.0412027 0.00138486 0.00351507 0.0531785 
0.795852 0.00762272 0.0681264 0.0649781 0.0016379 0.00399935 0.0577836 
0.826217 0.00602569 0.0741137 0.0366579 0.00135855 0.00328765 0.0523393 
0.824286 0.00777096 0.06426 0.044242 0.00158539 0.00385773 0.0539983 
0.820142 0.00664578 0.0727973 0.0408827 0.00171685 0.00324047 0.0545751 
0.83143 0.00719534 0.0600979 0.0458898 0.00193288 0.00401947 0.0494351 
0.817353 0.00758463 0.0624003 0.0478397 0.00169962 0.00500763 0.0581154 
0.747419 0.00790304 0.0881665 0.0606546 0.00129137 0.00656957 0.0879956 
0.778519 0.00729057 0.0808465 0.0627354 0.00138474 0.00561464 0.0636092 
0.772768 0.00851251 0.0801267 0.079947 0.00144614 0.00605488 0.0511446 
0.798769 0.00903839 0.0717632 0.0753571 0.00131753 0.00627984 0.0374754 
0.774977 0.0100463 0.0724521 0.0915782 0.00142567 0.00570724 0.0438135 
0.804616 0.0108877 0.0612757 0.0921273 0.00136589 0.00338473 0.026343 
0.805933 0.0110615 0.0485627 0.10546 0.00202315 0.00358758 0.0233728 
0.800048 0.0172833 0.0339407 0.125629 0.0025495 0.00351097 0.0170379 
0.814945 0.0159864 0.0345103 0.113772 0.00287289 0.00257016 0.0153432 
0.794625 0.0243982 0.0249553 0.13414 0.00414331 0.00357508 0.014163 
0.787349 0.0195025 0.03305 0.133433 0.00250815 0.00412321 0.0200344 
0.800724 0.0195736 0.0359274 0.123176 0.00183044 0.00369018 0.0150788 
0.815775 0.0183484 0.0346199 0.105901 0.00217481 0.00427632 0.0189054 
0.769234 0.0165039 0.0348719 0.155456 0.00221435 0.00425684 0.0174625 
0.792773 0.0148904 0.0392593 0.129464 0.0018328 0.00395293 0.0178275 
0.84375 0.0141293 0.0424055 0.0655634 0.00192408 0.00404587 0.0281816 
0.753431 0.0143302 0.0455101 0.154523 0.00223381 0.00347604 0.0264956 
0.763295 0.011417 0.0485275 0.147481 0.00275377 0.00248012 0.0240461 
0.79367 0.012856 0.0376704 0.128855 0.00347871 0.00342018 0.0200491 
0.793677 0.010317 0.0493348 0.123002 0.00280578 0.00233517 0.0185279 
0.764269 0.0130327 0.0457991 0.136677 0.00264759 0.00512032 0.0324548 
0.789107 0.0106586 0.0581688 0.100781 0.00177029 0.00365469 0.0358597 
0.791667 0.00824098 0.0647399 0.0916277 0.00195181 0.00308558 0.0386873 
0.749533 0.00808586 0.0691343 0.130098 0.00232405 0.00319805 0.0376268 
0.826606 0.00780469 0.0648516 0.0348901 0.00117655 0.00402446 0.0606466 
0.808407 0.00809999 0.0633789 0.088677 0.00173301 0.00260407 0.0270998 
0.796672 0.00913295 0.0562647 0.0945725 0.00203585 0.00356261 0.0377594 
0.835774 0.00959728 0.0563159 0.0682137 0.00161236 0.00349372 0.0249929 
0.74025 0.010032 0.0611568 0.151831 0.00207199 0.00343629 0.031222 
0.693497 0.0103505 0.0689758 0.188388 0.0021108 0.00365501 0.0330225 
0.640348 0.00889901 0.0648593 0.24586 0.0030716 0.00366462 0.0332974 
0.701595 0.00880123 0.055599 0.196078 0.00314338 0.00377416 0.0310093 
0.566907 0.0107418 0.08324 0.261094 0.0033836 0.00655607 0.0680769 
0.620208 0.0100291 0.0933956 0.199625 0.00343541 0.00659649 0.0667101 
0.791763 0.00853752 0.0743099 0.0763061 0.00142329 0.00492456 0.042736 
0.765197 0.00815547 0.067655 0.113758 0.00220605 0.00300051 0.0400286 
0.750828 0.0090513 0.0623624 0.126038 0.00201757 0.00393256 0.0457707 
0.75648 0.0104597 0.0707908 0.0981324 0.00167832 0.00441764 0.058041 
0.752268 0.00966906 0.0639144 0.119598 0.00226971 0.00625589 0.0460252 
0.797387 0.00827013 0.0703432 0.0639945 0.00162582 0.00482115 0.0535585 
0.76883 0.00724162 0.0787504 0.0741781 0.00190727 0.00439629 0.0646967 
0.768388 0.00900945 0.072311 0.0912768 0.00185532 0.00444248 0.0527169 
0.788086 0.00772919 0.0656099 0.0698941 0.00192053 0.0041701 0.0625902 
0.747224 0.00771653 0.0758311 0.108723 0.002303 0.00433135 0.0538714 
0.828257 0.0081372 0.0666965 0.0456648 0.00144725 0.0041023 0.0456951 
0.703387 0.00916998 0.0791004 0.124193 0.00247371 0.00782789 0.0738486 
0.809142 0.00653133 0.0805905 0.0527145 0.00129915 0.00377206 0.0459504 
0.840803 0.00752243 0.0663608 0.0311625 0.00119345 0.00307869 0.0498788 
0.792483 0.00898296 0.0670523 0.0611468 0.0014413 0.00404555 0.0648484 
0.818424 0.00787634 0.059394 0.0431061 0.00181668 0.00384569 0.0655367 
0.793189 0.00968634 0.0575064 0.104012 0.00188471 0.00273997 0.0309815 
0.84377 0.0112372 0.0506345 0.0530366 0.00157597 0.00379502 0.0359506 
0.814186 0.0110965 0.0467136 0.0779308 0.00294297 0.00373467 0.043395 
0.875221 0.00908387 0.0502465 0.0284582 0.0014445 0.00294286 0.0326033 
0.849069 0.0105498 0.0501773 0.0486182 0.00157788 0.00652489 0.0334828 
0.837474 0.0110803 0.0464973 0.0634406 0.00195536 0.00581055 0.0337415 
0.785199 0.0121481 0.0511123 0.114742 0.00188652 0.00679572 0.0281169 
0.796389 0.00970424 0.0602994 0.0805897 0.00158499 0.00620331 0.0452294 
0.783622 0.00937657 0.0673539 0.086316 0.00163682 0.00582614 0.0458684 
0.810014 0.0112474 0.0588565 0.0704087 0.00132248 0.00418092 0.0439694 
0.814214 0.00977864 0.0617673 0.0625773 0.00138547 0.00391195 0.046365 
0.831646 0.00985191 0.0577966 0.0658254 0.00141276 0.00261422 0.0308531 
0.829223 0.0123833 0.0561429 0.0555513 0.0012125 0.00419806 0.0412891 
0.769316 0.0128563 0.0630022 0.118786 0.0015091 0.00419583 0.0303344 
0.817235 0.0122709 0.051568 0.0603139 0.00150627 0.00551915 0.051587 
0.830337 0.0121923 0.0464203 0.0611995 0.00170204 0.00468367 0.0434653 
0.843735 0.0113027 0.0487877 0.0475127 0.00151212 0.0056643 0.0414857 
0.857835 0.0109839 0.0488791 0.0427396 0.00123865 0.00472036 0.0336037 
0.818412 0.00965022 0.0628369 0.0502653 0.00121201 0.00707 0.0505537 
0.796791 0.011637 0.0566071 0.0764402 0.00150029 0.00600996 0.0510143 
0.818384 0.0115291 0.0547224 0.0764573 0.00128889 0.00453863 0.0330799 
0.767577 0.00457517 0.105681 0.00606684 0.00188811 0.0053802 0.108832 
0.822516 0.0053362 0.0813174 0.00992426 0.00191006 0.00575225 0.0732435 
0.805757 0.00524592 0.0805725 0.0177435 0.00195986 0.00675477 0.0819663 
0.803365 0.00574869 0.0818949 0.0143459 0.00197368 0.00480505 0.0878669 
0.841524 0.00565011 0.0722784 0.0303116 0.00277242 0.00398428 0.0434797 
0.799454 0.00583495 0.0798595 0.00928847 0.00307122 0.0043158 0.0981762 
0.766191 0.00608708 0.0846809 0.00896782 0.00170093 0.00504776 0.127325 
0.804641 0.00592191 0.0845377 0.0197524 0.0014752 0.00419947 0.0794719 
0.760257 0.00500148 0.0899079 0.00955839 0.00146408 0.00568092 0.12813 
0.741954 0.00600313 0.0930704 0.017421 0.00177775 0.00569933 0.134075 
0.760232 0.00595679 0.0858517 0.00993372 0.00155668 0.00303456 0.133435 
0.78613 0.00578377 0.0954448 0.0101478 0.00157385 0.00262046 0.0982992 
0.78309 0.00537102 0.089996 0.0150201 0.00225722 0.00269814 0.101568 
0.804911 0.00527349 0.0848568 0.0177304 0.00218316 0.00253979 0.0825058 
0.836868 0.00542259 0.0794343 0.0122389 0.0018908 0.00251182 0.0616337 
0.830122 0.00556815 0.0861252 0.0206346 0.00213154 0.00242571 0.0529931 
0.819126 0.00551906 0.0785146 0.0251777 0.00255516 0.00320693 0.0659005 
0.791757 0.00466232 0.107807 0.0130923 0.00182701 0.00226907 0.078585 
0.825287 0.00607686 0.0879995 0.00877371 0.00194759 0.00160714 0.0683083 
0.827928 0.00500408 0.0919363 0.0100822 0.00261064 0.00201257 0.0604263 
0.828861 0.00609433 0.0831038 0.00813215 0.00427814 0.00172465 0.0678056 
0.830397 0.00646651 0.0752947 0.0141314 0.00476329 0.00222215 0.066725 
