0.746729 0.011734 0.0710232 0.0209105 0.0011994 0.00551051 0.142893 
0.844597 0.00731155 0.0638199 0.0206219 0.00224163 0.00272517 0.0586831 
0.782124 0.0103051 0.0727104 0.0502956 0.00160253 0.00336901 0.0795932 
0.849043 0.0151243 0.0552338 0.0220379 0.00214616 0.00229044 0.0541244 
0.78688 0.0102601 0.0757177 0.0195788 0.00167644 0.00430412 0.101583 
0.769139 0.00906527 0.0794614 0.0403947 0.00206157 0.00276326 0.0971145 
0.803027 0.0100946 0.065356 0.0566101 0.00362218 0.00231735 0.0589725 
0.795452 0.00951676 0.0745751 0.0367037 0.00247954 0.00263566 0.0786373 
0.818024 0.00977743 0.0670276 0.0484736 0.00268771 0.00366506 0.0503446 
0.796328 0.00877918 0.070441 0.0473291 0.0027347 0.00412802 0.0702604 
0.782449 0.00930257 0.0693448 0.0408376 0.00310414 0.00347985 0.0914821 
0.725722 0.0110706 0.079106 0.0280987 0.00145653 0.00400762 0.150539 
0.803494 0.0128271 0.0597422 0.0280086 0.00260057 0.00309768 0.09023 
0.725167 0.00937854 0.0775893 0.0314997 0.00202916 0.0035829 0.150753 
0.74436 0.01151 0.0788231 0.0492143 0.00198027 0.00295017 0.111162 
0.781416 0.013606 0.0714208 0.0337553 0.00160528 0.00286588 0.0953312 
0.773154 0.00949737 0.0813894 0.0376048 0.00167312 0.00387498 0.0928062 
0.725507 0.00779234 0.0957872 0.0145368 9.19906E-4 0.00416621 0.15129 
0.768985 0.00974916 0.0756286 0.0477074 0.00159865 0.00429326 0.0920378 
0.716453 0.00982583 0.0801175 0.0721804 0.0019264 0.00446174 0.115035 
0.75674 0.0103593 0.0836866 0.075626 0.00163573 0.00433314 0.0676187 
0.716479 0.00899279 0.0894863 0.0348598 0.00122315 0.00329781 0.145661 
0.711292 0.00854075 0.0920064 0.0241165 0.00158548 0.00281543 0.159644 
0.726176 0.0123748 0.0648273 0.0233706 0.00316428 0.00388084 0.166206 
0.716768 0.0147539 0.0616584 0.0266046 0.0027571 0.00398008 0.173478 
0.802943 0.0131074 0.0619484 0.0215876 0.00172407 0.00356414 0.0951249 
0.726708 0.0119342 0.0629812 0.0189094 0.00224279 0.00386964 0.173354 
0.629962 0.0128319 0.0857801 0.0540638 0.00219531 0.00584455 0.209323 
0.714695 0.0104946 0.0792348 0.0126558 0.00121352 0.00390493 0.177801 
0.716434 0.0137142 0.0566731 0.0278954 0.00300898 0.00624001 0.176034 
0.693839 0.0158656 0.0593322 0.0197192 0.00400148 0.00442951 0.202813 
0.622823 0.0131787 0.0719208 0.0141336 0.00292889 0.0047787 0.270236 
0.597858 0.0149684 0.0757708 0.0431616 0.00322127 0.00268855 0.262331 
0.560131 0.0102678 0.091636 0.0266301 0.00349126 0.00301198 0.304831 
0.436353 0.00996721 0.0866063 0.0436022 0.00489646 0.00290351 0.415671 
0.678859 0.0113084 0.079006 0.0175447 0.0018403 0.00452341 0.206918 
0.754788 0.0128837 0.0622655 0.0379415 0.00267456 0.00420276 0.125244 
0.531804 0.00960729 0.0862188 0.0197742 0.00135588 0.00415985 0.34708 
0.580711 0.00935739 0.101491 0.0224848 9.63716E-4 0.00477575 0.280217 
0.606236 0.00846283 0.102737 0.0223999 0.00112043 0.00356789 0.255476 
0.49157 0.0102963 0.100621 0.0247881 0.0014875 0.00263767 0.368599 
0.483202 0.0110398 0.0966473 0.0226023 0.00162378 0.00264215 0.382243 
0.688391 0.0119047 0.0845111 0.0509574 0.00183464 0.00273034 0.159671 
0.731906 0.00833319 0.0921437 0.065586 0.00278238 0.00208409 0.0971649 
0.660649 0.0106643 0.0906182 0.185643 0.00339567 0.00185532 0.0471747 
0.638731 0.0113314 0.117904 0.0913123 0.0023169 0.0021 0.136304 
0.554936 0.0145215 0.0982863 0.0483257 0.00183657 0.00207857 0.280015 
0.683652 0.0127768 0.112381 0.0665061 0.00143401 0.0022073 0.121043 
0.650149 0.0100657 0.100518 0.0336573 0.00112015 0.00281857 0.201672 
0.71237 0.010554 0.088109 0.0539312 0.00154197 0.00370189 0.129792 
0.601508 0.0132497 0.105527 0.0967849 0.00244636 0.00398456 0.176499 
0.583204 0.0127449 0.0859947 0.0551735 0.00195326 0.00401953 0.25691 
0.650576 0.0115139 0.067469 0.0945142 0.00657079 0.00507374 0.164283 
0.748554 0.00821334 0.0921523 0.0588336 0.0016675 0.00345845 0.087121 
0.770038 0.00906177 0.0776009 0.063421 0.0017603 0.00310077 0.0750174 
0.749031 0.0113929 0.0798467 0.0792099 0.00174231 0.00323641 0.0755406 
0.798606 0.0104369 0.0694953 0.0744077 0.00179352 0.00292639 0.0423337 
0.780506 0.0114722 0.0878711 0.0707771 0.00142279 0.00266262 0.0452882 
0.792214 0.00966795 0.0833236 0.0451733 0.00140667 0.00203504 0.066179 
0.75873 0.010312 0.0746994 0.101075 0.00205196 0.00390081 0.0492308 
0.758911 0.0103406 0.0660733 0.104391 0.00271518 0.00382729 0.0537416 
0.731237 0.00895223 0.0918256 0.0802687 0.00175419 0.0042445 0.0817182 
0.694317 0.00955873 0.0966696 0.0983365 0.00227359 0.00551517 0.0933295 
0.700752 0.00948724 0.102637 0.0810053 0.00198049 0.00507305 0.0990653 
0.743088 0.0089139 0.0755381 0.0578446 0.00217365 0.00530872 0.107133 
0.736152 0.0097776 0.080759 0.0680144 0.00195407 0.00525054 0.0980929 
0.708446 0.00838497 0.0890555 0.0768016 0.00214197 0.00399548 0.111174 
0.734902 0.00723689 0.0965566 0.0622045 0.00151759 0.00495435 0.0926279 
0.719153 0.00777268 0.0999753 0.0613743 0.00139001 0.00380551 0.106529 
0.733474 0.00965471 0.0820421 0.0848963 0.0016863 0.005319 0.0829275 
0.787237 0.00862815 0.0806351 0.0638624 0.00139967 0.0028358 0.0554022 
0.715787 0.00970111 0.0965085 0.0592669 0.00130034 0.00322528 0.114211 
0.713767 0.00997612 0.0911634 0.0703933 0.00157324 0.00317186 0.109955 
0.621604 0.0114543 0.114389 0.102492 0.0023549 0.00369573 0.144011 
0.655145 0.0094593 0.115145 0.0595435 0.00136958 0.00351013 0.155828 
0.688153 0.00994072 0.0928755 0.0553343 0.00147689 0.00427723 0.147943 
0.752294 0.00857286 0.0871415 0.0465064 0.00155644 0.00333056 0.100599 
0.745784 0.00997415 0.0892909 0.0418994 0.00120557 0.00427943 0.107566 
0.770612 0.00858375 0.0777336 0.0407232 0.00175377 0.00386052 0.0967332 
0.789014 0.00743995 0.0905838 0.0452862 0.00123634 0.00357064 0.0628696 
0.698676 0.00998846 0.104978 0.0792335 0.00197309 0.0035199 0.101631 
0.696141 0.00775439 0.0993817 0.0334462 0.00121801 0.00364965 0.158409 
0.744552 0.0125916 0.0779833 0.0913454 0.00180638 0.00330597 0.0684156 
0.781923 0.00922645 0.0861305 0.0409488 0.0014224 0.00347261 0.0768765 
0.718007 0.0110567 0.090872 0.0985645 0.00185763 0.00451368 0.0751289 
0.795111 0.00753303 0.093516 0.0272836 0.00114796 0.00245476 0.0729541 
0.776661 0.00941555 0.0766979 0.0618583 0.00190031 0.00427205 0.0691947 
0.775318 0.0105354 0.0677034 0.0923879 0.00254561 0.00267381 0.0488363 
0.785494 0.0126325 0.0676817 0.0745839 0.00252014 0.0025403 0.0545476 
0.783426 0.00938168 0.0702459 0.0265955 0.0016327 0.00318436 0.105534 
0.777524 0.0106471 0.0699969 0.0271542 0.00182436 0.00439606 0.108457 
0.765134 0.00889694 0.0881815 0.0487338 0.00140465 0.0032009 0.084448 
0.74142 0.0102143 0.0912922 0.0850905 0.0020872 0.00247599 0.0674201 
0.786839 0.0113698 0.0763049 0.0504541 0.00156829 0.0051968 0.068267 
0.771807 0.0131313 0.0880399 0.0510446 0.00139891 0.00331907 0.0712593 
0.808363 0.00957225 0.0753618 0.0311755 0.00151761 0.00440364 0.0696058 
0.781825 0.00995181 0.0915271 0.0319972 0.00172911 0.00331283 0.0796565 
0.815721 0.0130591 0.0662033 0.0509359 0.0019612 0.00235628 0.0497634 
0.824014 0.0101218 0.0753488 0.0346262 0.00149697 0.00323365 0.0511587 
0.799069 0.0114026 0.0820174 0.038419 0.00129421 0.00318715 0.0646105 
0.792096 0.0119036 0.0712447 0.0432946 0.00204698 0.00274178 0.0766727 
0.821229 0.012375 0.0784833 0.042671 0.00140965 0.00209603 0.0417363 
0.800758 0.00957451 0.0878437 0.0359854 0.00150522 0.00268116 0.0616516 
0.803802 0.0107563 0.0840908 0.03082 0.00123988 0.00317515 0.0661163 
0.794734 0.00951583 0.0858416 0.0324116 0.0012632 0.00303624 0.0731972 
0.834736 0.0120029 0.0612036 0.0365303 0.002611 0.00336698 0.0495496 
0.816434 0.0114591 0.0631492 0.0573234 0.00206266 0.00291508 0.0466566 
0.743322 0.0135025 0.0676319 0.12869 0.00274914 0.00219126 0.041913 
0.839914 0.00952302 0.0710138 0.0347216 0.00200229 0.00255919 0.040266 
0.790321 0.0102314 0.0799307 0.0536325 0.00154556 0.00255305 0.0617857 
0.793146 0.0116365 0.0758104 0.0574817 0.00212835 0.00214713 0.0576496 
0.760104 0.0111637 0.0835013 0.0888091 0.00196914 0.00279304 0.0516595 
0.764634 0.0116446 0.0736481 0.100092 0.00203314 0.00319626 0.044752 
0.774421 0.0119185 0.0774215 0.0656846 0.00154818 0.00367424 0.0653319 
0.784595 0.0151646 0.0552641 0.0962875 0.00318631 0.00261773 0.0428852 
0.785118 0.0108601 0.0702332 0.0819471 0.00202544 0.00273838 0.0470782 
0.771098 0.013467 0.0572732 0.109391 0.00310989 0.00285547 0.0428051 
0.797702 0.011651 0.063075 0.0517711 0.00221267 0.00331681 0.0702711 
0.815795 0.0114587 0.0716369 0.0361796 0.00154105 0.00277678 0.0606117 
0.767769 0.011005 0.0776187 0.0570552 0.0018117 0.00267893 0.0820616 
0.813665 0.0104019 0.0856759 0.0351153 0.00136276 0.00236232 0.0514166 
0.773836 0.00982596 0.0995138 0.0161204 8.45315E-4 0.00343814 0.0964202 
0.722067 0.00756823 0.104825 0.0428636 0.00131179 0.00267637 0.118688 
0.786597 0.00899586 0.078565 0.0588696 0.00166991 0.00248571 0.0628172 
0.778952 0.00852758 0.0844093 0.0409389 0.00160552 0.00222283 0.0833436 
0.792954 0.0102526 0.0710873 0.0645323 0.00188046 0.00212538 0.0571684 
0.812449 0.0104862 0.0675973 0.0468829 0.00187751 0.0029483 0.0577588 
0.760262 0.00975633 0.0694389 0.0485452 0.00222979 0.00350548 0.106263 
0.782238 0.00934907 0.0777046 0.0465851 0.00252608 0.00302446 0.0785727 
0.768366 0.00897887 0.0786426 0.050858 0.00168585 0.00252924 0.0889391 
0.72638 0.0103915 0.0777747 0.0508598 0.00182291 0.00317859 0.129593 
0.751398 0.00840444 0.0884467 0.0275494 0.00136509 0.00297075 0.119865 
0.760336 0.00845308 0.0821544 0.0421348 0.00196126 0.00335946 0.101601 
0.760447 0.00818222 0.0841811 0.0666521 0.00237233 0.00303767 0.0751279 
0.746268 0.0100075 0.0746487 0.0654018 0.0031687 0.00407794 0.0964277 
0.783814 0.0109468 0.0722371 0.0606359 0.00225889 0.00255368 0.0675536 
0.786829 0.0108292 0.0723338 0.0303343 0.00177426 0.00334893 0.0945502 
0.705105 0.00955505 0.0899729 0.0672246 0.00153395 0.00514025 0.121468 
0.756165 0.0103778 0.0691441 0.108601 0.00329365 0.00578866 0.0466296 
0.768919 0.00695362 0.0810254 0.0409984 0.00214488 0.00674821 0.093211 
0.668485 0.00898897 0.090191 0.0548671 0.00150947 0.00570636 0.170252 
0.697411 0.00875257 0.0944857 0.0746951 0.00192747 0.00456694 0.118161 
0.701983 0.0100009 0.0759258 0.0454815 0.00221153 0.00464455 0.159753 
0.766388 0.0100111 0.0726629 0.0275254 0.00177851 0.0036303 0.118003 
0.757072 0.00965936 0.0902013 0.0589655 0.00151451 0.00264896 0.0799381 
0.743755 0.010122 0.0828148 0.0477243 0.00151919 0.00335937 0.110706 
0.772685 0.0133273 0.0715275 0.0595003 0.00189092 0.00607713 0.0749919 
0.802226 0.0118424 0.0630414 0.0435068 0.00227711 0.00359853 0.0735077 
0.755614 0.0085777 0.0896673 0.0305531 0.00130705 0.00337535 0.110906 
0.776397 0.0120217 0.0668305 0.0784992 0.00194865 0.00303637 0.0612664 
0.781181 0.011 0.0768205 0.0760566 0.00144139 0.00374318 0.0497576 
0.774552 0.0103375 0.0894188 0.0647128 0.00145683 0.00240595 0.057116 
0.765171 0.0113732 0.0849465 0.0714975 0.00150472 0.00333248 0.0621743 
0.784343 0.010068 0.0765289 0.0630665 0.00195656 0.00295573 0.0610811 
0.783433 0.0112462 0.0810446 0.0698138 0.0015158 0.00265532 0.0502909 
0.767661 0.0104662 0.0895403 0.0783191 0.00144734 0.0029173 0.0496492 
0.807095 0.0116718 0.072871 0.061374 0.00142238 0.00295206 0.0426141 
0.808381 0.0113964 0.0731839 0.0425435 0.00141408 0.00279717 0.0602841 
0.818463 0.0120402 0.0741893 0.0401406 0.00142784 0.00280566 0.0509332 
0.793678 0.0117738 0.0818312 0.0464199 0.00164173 0.00259969 0.0620552 
0.791934 0.0128625 0.0594116 0.0802357 0.00368423 0.00286791 0.0490035 
0.819039 0.0112175 0.058684 0.0443101 0.00306313 0.00352545 0.0601604 
0.796162 0.0106679 0.0771239 0.0303633 0.00169719 0.00278959 0.0811964 
0.762525 0.0113143 0.0814053 0.0418817 0.00133457 0.00337857 0.0981603 
0.753064 0.011842 0.075698 0.0615988 0.00246304 0.00269687 0.0926376 
0.748672 0.0109489 0.0876297 0.0548364 0.00152233 0.00289169 0.0934987 
0.770286 0.011329 0.0744758 0.0699309 0.00174482 0.00321217 0.0690212 
0.777233 0.0107632 0.0759632 0.0434821 0.0018349 0.00338547 0.0873384 
0.777406 0.0121541 0.0748041 0.0456127 0.00215495 0.0029398 0.0849288 
0.748733 0.0119745 0.0747689 0.0499927 0.00191128 0.00306054 0.109559 
0.766228 0.0129043 0.0652572 0.0495256 0.00310888 0.00344974 0.0995261 
0.701722 0.012777 0.0778895 0.0847117 0.00237376 0.00270682 0.117819 
0.75507 0.009904 0.0820828 0.0269882 0.00186264 0.00287012 0.121222 
0.753473 0.00932769 0.085387 0.0447468 0.0017463 0.00341 0.101909 
0.699277 0.0088753 0.0867991 0.0507201 0.00228345 0.00271787 0.149327 
0.772909 0.0140341 0.0801198 0.0427387 0.00157819 0.00261066 0.0860101 
0.754289 0.00929037 0.0802152 0.062235 0.00211679 0.00348796 0.0883659 
0.792696 0.0108689 0.0802259 0.0438077 0.00158001 0.00234267 0.0684786 
0.772788 0.0124459 0.0790223 0.071958 0.00166144 0.00240218 0.0597225 
0.746246 0.00858499 0.0858568 0.0261847 0.00138715 0.00285791 0.128882 
0.768049 0.00927889 0.0708391 0.0463436 0.00288439 0.00295097 0.0996546 
0.787193 0.0113281 0.0699773 0.0710744 0.00260883 0.00301617 0.0548019 
0.725718 0.0101541 0.085691 0.0689659 0.00189436 0.00382022 0.103756 
0.662003 0.00990591 0.0972475 0.0671797 0.00183538 0.00444962 0.157379 
0.703261 0.0106193 0.0904897 0.0566338 0.00175158 0.00455653 0.132688 
0.74324 0.00876965 0.0847827 0.0477982 0.0018822 0.00337563 0.110152 
0.742468 0.0103335 0.0783725 0.0644064 0.00221377 0.00402031 0.0981856 
0.649437 0.00886248 0.089515 0.0482164 0.00189862 0.00461296 0.197457 
0.711145 0.00977251 0.0737116 0.0387754 0.00328778 0.00345386 0.159854 
0.779998 0.0103198 0.0718189 0.0484201 0.00214007 0.00217036 0.0851332 
0.771168 0.010408 0.078342 0.0558659 0.00221495 0.00302217 0.078979 
0.780766 0.00966486 0.0685991 0.036077 0.00230668 0.0040118 0.0985749 
0.738809 0.00908158 0.0763689 0.0628109 0.00237545 0.00346506 0.107089 
0.767285 0.0109435 0.0685736 0.0449001 0.00244139 0.00324374 0.102613 
0.760347 0.0119191 0.069453 0.0815574 0.00245809 0.00326989 0.0709951 
0.666791 0.0123999 0.0745936 0.148603 0.00290168 0.00408766 0.0906237 
0.649506 0.0115747 0.0768804 0.0489165 0.00248872 0.00468689 0.205946 
0.757447 0.0104747 0.0795319 0.0414577 0.00185871 0.00418033 0.10505 
0.765392 0.0112407 0.0874941 0.0349033 0.00124268 0.0032916 0.0964359 
0.785091 0.0134232 0.0713622 0.0547218 0.0024642 0.00391877 0.0690188 
0.746558 0.0124791 0.0796128 0.0409639 0.0015746 0.00322773 0.115584 
0.736251 0.0129363 0.0783467 0.0460042 0.00159874 0.00286337 0.122 
0.753326 0.0111105 0.0704914 0.0445383 0.00215185 0.00343183 0.11495 
0.762944 0.00947091 0.0772384 0.0340525 0.00179042 0.00327176 0.111232 
0.776015 0.0123954 0.0688959 0.0603439 0.00227904 0.00351534 0.0765553 
0.76824 0.0106595 0.0739309 0.052271 0.0022383 0.00348542 0.089175 
0.716223 0.0124849 0.0676058 0.110801 0.00325566 0.00380328 0.0858257 
0.768644 0.0114836 0.0651281 0.0332056 0.00467026 0.00332081 0.113547 
0.751129 0.00848894 0.0762468 0.0553286 0.00347624 0.00371609 0.101614 
0.778695 0.00893294 0.0644528 0.054663 0.0045045 0.00285172 0.0859001 
0.767116 0.0104448 0.0709329 0.0801579 0.0025758 0.00317468 0.0655982 
0.751674 0.0102069 0.0771613 0.0746754 0.00220763 0.00358232 0.0804925 
0.742355 0.00989085 0.0739409 0.0839422 0.00258066 0.00328906 0.0840013 
0.780748 0.011265 0.0675734 0.0637474 0.00212478 0.00214206 0.0723998 
0.717985 0.0141807 0.0713791 0.095942 0.0026112 0.0025335 0.0953687 
0.760109 0.0114108 0.0711381 0.0353119 0.00285471 0.00211912 0.117056 
0.750942 0.0118793 0.0680295 0.0488858 0.00184134 0.00314176 0.11528 
0.752705 0.0113938 0.0708698 0.085162 0.00251956 0.00276979 0.0745804 
0.775148 0.00991642 0.0782987 0.0789271 0.00238495 0.00278348 0.0525417 
0.693667 0.00933805 0.0905771 0.0548473 0.00176418 0.00559266 0.144213 
0.778724 0.00846413 0.0848768 0.0365027 0.00143442 0.00311508 0.0868828 
0.760237 0.00875537 0.0996326 0.037798 0.00111459 0.00224149 0.0902209 
0.796854 0.0107611 0.0779577 0.05057 0.0013556 0.00217385 0.0603274 
0.799822 0.0112563 0.0765704 0.0442688 0.00133336 0.00256523 0.0641838 
0.790773 0.0107258 0.0740045 0.0457903 0.00187884 0.00301782 0.0738099 
0.768882 0.0106157 0.0754374 0.0341973 0.00180046 0.00255888 0.106508 
0.712181 0.0126126 0.0748981 0.072236 0.00258053 0.00294701 0.122544 
0.750378 0.0131923 0.069468 0.083979 0.00276202 0.00332683 0.0768943 
0.709324 0.0119361 0.091648 0.100787 0.00194289 0.00289408 0.0814683 
0.796052 0.011781 0.0685707 0.0728777 0.00192625 0.0035957 0.045197 
0.809093 0.00935291 0.0732057 0.0317076 0.0014749 0.00303441 0.0721315 
0.779828 0.0085512 0.0827179 0.0298264 0.00133964 0.0028872 0.0948493 
0.777757 0.0109193 0.0805923 0.0635528 0.00166469 0.00233541 0.063179 
0.764719 0.00934423 0.0789852 0.0572698 0.00183549 0.00232933 0.0855165 
0.723456 0.0111927 0.0872752 0.0935127 0.00211558 0.0032908 0.0791572 
0.68213 0.0118804 0.0922057 0.0899128 0.00205755 0.00291528 0.118898 
0.750652 0.0119719 0.0758485 0.0658096 0.00202125 0.00308852 0.0906077 
0.72982 0.00930924 0.0864454 0.05749 0.00241032 0.00269571 0.111829 
0.715637 0.0108149 0.0830011 0.108655 0.00224387 0.00401241 0.0756359 
0.74629 0.0098711 0.0702185 0.0751652 0.00252385 0.00408139 0.0918501 
0.775543 0.0106906 0.06544 0.0989817 0.00241839 0.00262791 0.0442984 
0.733511 0.0102682 0.0798101 0.100011 0.00205938 0.00364231 0.0706983 
0.77219 0.0108095 0.0645985 0.0947293 0.00263908 0.00298893 0.0520448 
0.753033 0.0127793 0.0722235 0.0999505 0.002162 0.0030365 0.0568151 
0.751626 0.0119988 0.0820091 0.0790585 0.00239958 0.00249413 0.070414 
0.780248 0.0126567 0.0628407 0.076186 0.00352484 0.00249124 0.0620522 
0.81455 0.0125443 0.0577061 0.0472319 0.00281662 0.00298026 0.0621704 
0.819444 0.0150242 0.05021 0.0590023 0.00419151 0.0025292 0.0495988 
0.838442 0.0124915 0.0558316 0.0380552 0.00298314 0.00280128 0.0493955 
0.810554 0.0151287 0.0513516 0.0659147 0.00314771 0.00261492 0.0512885 
0.793796 0.0144552 0.0614694 0.0494332 0.00204728 0.00265418 0.0761443 
0.786792 0.0124585 0.0638192 0.0315638 0.00171642 0.00287071 0.10078 
0.792663 0.0129876 0.0598376 0.0679673 0.00301547 0.00211976 0.0614089 
0.810672 0.011061 0.0576451 0.0569746 0.00249275 0.00275078 0.0584034 
0.832484 0.0110228 0.0621933 0.0418061 0.00206073 0.00225207 0.0481813 
0.825491 0.00910035 0.0677563 0.0281405 0.00213413 0.00250472 0.0648732 
0.802345 0.0114579 0.0622792 0.0219382 0.00304338 0.003205 0.0957316 
0.811003 0.011413 0.0582752 0.0513173 0.00281556 0.00366166 0.061514 
0.812255 0.0104012 0.0629969 0.0599917 0.0030748 0.00385858 0.0474213 
0.796504 0.00973148 0.063625 0.0553847 0.0027987 0.00298266 0.0689738 
0.807676 0.013097 0.0580308 0.0485897 0.00322169 0.00299636 0.0663887 
0.834382 0.0128494 0.0531589 0.0496252 0.0027831 0.00222222 0.0449788 
0.811514 0.0127488 0.0575197 0.0545501 0.00202037 0.00292323 0.0587241 
0.818342 0.0106098 0.0568674 0.0609326 0.00306209 0.00259512 0.0475907 
0.813839 0.0160676 0.0493921 0.0559573 0.0030829 0.00289164 0.0587692 
0.796457 0.0131701 0.0507615 0.0750407 0.00444178 0.00255341 0.0575752 
0.826784 0.0110349 0.0649619 0.0406407 0.00178226 0.00188402 0.0529122 
0.815452 0.0124128 0.0588983 0.0533567 0.00245984 0.00214065 0.0552798 
0.805522 0.0137523 0.0587178 0.0407881 0.00300147 0.00180709 0.0764115 
0.791205 0.0147266 0.0709122 0.0535442 0.00159919 0.00201461 0.0659987 
0.822399 0.0108493 0.0562011 0.0349071 0.00272097 0.00279559 0.0701273 
0.786962 0.0126082 0.065128 0.0491994 0.00212066 0.00323897 0.0807432 
0.806863 0.0125534 0.0591573 0.0427556 0.00236335 0.00501477 0.071293 
0.825122 0.0112142 0.062579 0.0313384 0.00197662 0.00307284 0.064697 
0.688916 0.0108617 0.068429 0.0426353 0.0021218 0.00501692 0.182019 
0.715652 0.0103975 0.0644793 0.0449834 0.00250713 0.00550449 0.156477 
0.74368 0.00992431 0.0742376 0.0398545 0.00214521 0.00328162 0.126877 
0.789381 0.0112332 0.0600987 0.0458001 0.00416289 0.00353802 0.0857865 
0.792824 0.0101036 0.0580404 0.036717 0.00490765 0.00438909 0.0930182 
0.813241 0.013783 0.0508212 0.0471694 0.00332474 0.00445868 0.0672018 
0.762948 0.0132099 0.0623146 0.0351915 0.00233703 0.0037055 0.120293 
0.818839 0.0130848 0.0627984 0.0345607 0.00211377 0.00631334 0.0622901 
0.819722 0.0115119 0.0732676 0.0393418 0.00144271 0.00282306 0.0518908 
0.823709 0.0144061 0.0620017 0.0274412 0.00222097 0.00238777 0.0678335 
0.783887 0.0133001 0.0646284 0.042218 0.00262506 0.0033344 0.0900073 
0.789327 0.0132749 0.0628716 0.0452449 0.00210763 0.00375146 0.0834231 
0.779532 0.0125133 0.062939 0.0597157 0.00223918 0.00386044 0.0792 
0.737736 0.00998947 0.0675853 0.0975817 0.00322615 0.00399078 0.0798902 
0.7496 0.00915736 0.0680092 0.0737908 0.00238812 0.00523764 0.0918172 
0.78814 0.0105871 0.0651468 0.0489064 0.00278357 0.00473378 0.0797027 
0.812056 0.00936053 0.0696565 0.053575 0.00190227 0.0030769 0.050373 
0.773131 0.0111031 0.0684676 0.0571018 0.0027166 0.00252328 0.084957 
0.739238 0.00968697 0.0906699 0.0962088 0.00211958 0.00330505 0.0587719 
0.759027 0.00896473 0.085244 0.0741677 0.0023296 0.00273761 0.0675295 
0.774677 0.011307 0.0660024 0.0752114 0.00365529 0.00321276 0.0659338 
0.749706 0.0101126 0.0880908 0.106896 0.00223727 0.00304458 0.0399127 
0.792104 0.00925058 0.0844814 0.0698227 0.00193102 0.00242863 0.0399812 
0.739489 0.00883252 0.0854092 0.0380654 0.00147906 0.00383828 0.122887 
0.718614 0.0101608 0.106087 0.0642544 0.00150116 0.00347375 0.0959086 
0.781686 0.00862482 0.0848804 0.0549605 0.00271025 0.00253037 0.0646073 
0.723936 0.00877233 0.0988908 0.043188 0.00154259 0.00313286 0.120538 
0.73657 0.00780943 0.098602 0.0542951 0.00156262 0.00290901 0.0982519 
0.760595 0.0108114 0.0805253 0.0824574 0.00206444 0.00290162 0.0606446 
0.745096 0.00944875 0.098155 0.0362999 0.00127893 0.00256397 0.107157 
0.753559 0.00940227 0.0938851 0.0629532 0.00194488 0.00324842 0.0750074 
0.801915 0.0107973 0.0675489 0.0480337 0.00266771 0.00265604 0.066381 
0.769747 0.00982225 0.0862602 0.0489825 0.00161007 0.00212328 0.0814543 
0.785155 0.00877026 0.0748914 0.0539166 0.00239808 0.0024874 0.0723817 
0.78917 0.0113302 0.0703017 0.0403587 0.00206522 0.00284774 0.0839261 
0.770517 0.0113513 0.0644984 0.0685633 0.00329572 0.00362258 0.0781514 
0.792954 0.0102526 0.0710873 0.0645323 0.00188046 0.00212538 0.0571684 
0.812449 0.0104862 0.0675973 0.0468829 0.00187751 0.0029483 0.0577588 
0.760262 0.00975633 0.0694389 0.0485452 0.00222979 0.00350548 0.106263 
0.782238 0.00934907 0.0777046 0.0465851 0.00252608 0.00302446 0.0785727 
0.768366 0.00897887 0.0786426 0.050858 0.00168585 0.00252924 0.0889391 
0.72638 0.0103915 0.0777747 0.0508598 0.00182291 0.00317859 0.129593 
0.751398 0.00840444 0.0884467 0.0275494 0.00136509 0.00297075 0.119865 
0.760336 0.00845308 0.0821544 0.0421348 0.00196126 0.00335946 0.101601 
0.760447 0.00818222 0.0841811 0.0666521 0.00237233 0.00303767 0.0751279 
0.746268 0.0100075 0.0746487 0.0654018 0.0031687 0.00407794 0.0964277 
0.783814 0.0109468 0.0722371 0.0606359 0.00225889 0.00255368 0.0675536 
0.786829 0.0108292 0.0723338 0.0303343 0.00177426 0.00334893 0.0945502 
0.705105 0.00955505 0.0899729 0.0672246 0.00153395 0.00514025 0.121468 
0.756165 0.0103778 0.0691441 0.108601 0.00329365 0.00578866 0.0466296 
0.767116 0.0104448 0.0709329 0.0801579 0.0025758 0.00317468 0.0655982 
0.751674 0.0102069 0.0771613 0.0746754 0.00220763 0.00358232 0.0804925 
0.742355 0.00989085 0.0739409 0.0839422 0.00258066 0.00328906 0.0840013 
0.780748 0.011265 0.0675734 0.0637474 0.00212478 0.00214206 0.0723998 
0.717985 0.0141807 0.0713791 0.095942 0.0026112 0.0025335 0.0953687 
0.760109 0.0114108 0.0711381 0.0353119 0.00285471 0.00211912 0.117056 
0.750942 0.0118793 0.0680295 0.0488858 0.00184134 0.00314176 0.11528 
0.752705 0.0113938 0.0708698 0.085162 0.00251956 0.00276979 0.0745804 
0.775148 0.00991642 0.0782987 0.0789271 0.00238495 0.00278348 0.0525417 
0.693667 0.00933805 0.0905771 0.0548473 0.00176418 0.00559266 0.144213 
0.778724 0.00846413 0.0848768 0.0365027 0.00143442 0.00311508 0.0868828 
0.760237 0.00875537 0.0996326 0.037798 0.00111459 0.00224149 0.0902209 
0.796854 0.0107611 0.0779577 0.05057 0.0013556 0.00217385 0.0603274 
0.799822 0.0112563 0.0765704 0.0442688 0.00133336 0.00256523 0.0641838 
0.790773 0.0107258 0.0740045 0.0457903 0.00187884 0.00301782 0.0738099 
0.768882 0.0106157 0.0754374 0.0341973 0.00180046 0.00255888 0.106508 
0.712181 0.0126126 0.0748981 0.072236 0.00258053 0.00294701 0.122544 
0.750378 0.0131923 0.069468 0.083979 0.00276202 0.00332683 0.0768943 
0.709324 0.0119361 0.091648 0.100787 0.00194289 0.00289408 0.0814683 
0.796052 0.011781 0.0685707 0.0728777 0.00192625 0.0035957 0.045197 
0.809093 0.00935291 0.0732057 0.0317076 0.0014749 0.00303441 0.0721315 
0.779828 0.0085512 0.0827179 0.0298264 0.00133964 0.0028872 0.0948493 
0.777757 0.0109193 0.0805923 0.0635528 0.00166469 0.00233541 0.063179 
0.764719 0.00934423 0.0789852 0.0572698 0.00183549 0.00232933 0.0855165 
0.723456 0.0111927 0.0872752 0.0935127 0.00211558 0.0032908 0.0791572 
0.68213 0.0118804 0.0922057 0.0899128 0.00205755 0.00291528 0.118898 
0.750652 0.0119719 0.0758485 0.0658096 0.00202125 0.00308852 0.0906077 
0.72982 0.00930924 0.0864454 0.05749 0.00241032 0.00269571 0.111829 
0.818839 0.0130848 0.0627984 0.0345607 0.00211377 0.00631334 0.0622901 
0.819722 0.0115119 0.0732676 0.0393418 0.00144271 0.00282306 0.0518908 
0.823709 0.0144061 0.0620017 0.0274412 0.00222097 0.00238777 0.0678335 
0.783887 0.0133001 0.0646284 0.042218 0.00262506 0.0033344 0.0900073 
0.789327 0.0132749 0.0628716 0.0452449 0.00210763 0.00375146 0.0834231 
0.779532 0.0125133 0.062939 0.0597157 0.00223918 0.00386044 0.0792 
0.737736 0.00998947 0.0675853 0.0975817 0.00322615 0.00399078 0.0798902 
0.7496 0.00915736 0.0680092 0.0737908 0.00238812 0.00523764 0.0918172 
0.78814 0.0105871 0.0651468 0.0489064 0.00278357 0.00473378 0.0797027 
0.812056 0.00936053 0.0696565 0.053575 0.00190227 0.0030769 0.050373 
0.773131 0.0111031 0.0684676 0.0571018 0.0027166 0.00252328 0.084957 
0.739238 0.00968697 0.0906699 0.0962088 0.00211958 0.00330505 0.0587719 
0.759027 0.00896473 0.085244 0.0741677 0.0023296 0.00273761 0.0675295 
0.774677 0.011307 0.0660024 0.0752114 0.00365529 0.00321276 0.0659338 
0.749706 0.0101126 0.0880908 0.106896 0.00223727 0.00304458 0.0399127 
0.792104 0.00925058 0.0844814 0.0698227 0.00193102 0.00242863 0.0399812 
0.739489 0.00883252 0.0854092 0.0380654 0.00147906 0.00383828 0.122887 
0.718614 0.0101608 0.106087 0.0642544 0.00150116 0.00347375 0.0959086 
0.781686 0.00862482 0.0848804 0.0549605 0.00271025 0.00253037 0.0646073 
0.723936 0.00877233 0.0988908 0.043188 0.00154259 0.00313286 0.120538 
0.73657 0.00780943 0.098602 0.0542951 0.00156262 0.00290901 0.0982519 
0.760595 0.0108114 0.0805253 0.0824574 0.00206444 0.00290162 0.0606446 
0.745096 0.00944875 0.098155 0.0362999 0.00127893 0.00256397 0.107157 
0.753559 0.00940227 0.0938851 0.0629532 0.00194488 0.00324842 0.0750074 
0.801915 0.0107973 0.0675489 0.0480337 0.00266771 0.00265604 0.066381 
0.769747 0.00982225 0.0862602 0.0489825 0.00161007 0.00212328 0.0814543 
0.785155 0.00877026 0.0748914 0.0539166 0.00239808 0.0024874 0.0723817 
0.78917 0.0113302 0.0703017 0.0403587 0.00206522 0.00284774 0.0839261 
0.770517 0.0113513 0.0644984 0.0685633 0.00329572 0.00362258 0.0781514 
0.761255 0.0201684 0.0417918 0.0517872 0.00240321 0.00454079 0.118054 
0.81009 0.0189356 0.0462382 0.0365938 0.00173455 0.00366447 0.0827431 
0.711267 0.0210228 0.0504729 0.0378617 0.00213977 0.00303469 0.174201 
0.763441 0.0179833 0.0454204 0.0633279 0.00270413 0.00342312 0.1037 
0.753563 0.0227933 0.0419911 0.0504827 0.00264271 0.00393084 0.124597 
0.754496 0.0251763 0.0363422 0.0818855 0.00357633 0.00310782 0.0954153 
0.813161 0.0251063 0.0349151 0.0593432 0.00263344 0.00398402 0.0608574 
0.777311 0.0272131 0.0371282 0.0811258 0.00275424 0.00475263 0.0697145 
0.806733 0.0244975 0.0391885 0.0586008 0.00185703 0.00479389 0.0643296 
0.779954 0.0198467 0.0434646 0.0944103 0.00226024 0.00493719 0.0551271 
0.770941 0.0193668 0.0465819 0.0927842 0.00187012 0.0044141 0.0640418 
0.734721 0.0147495 0.0547115 0.0322971 0.00150893 0.00382766 0.158185 
0.763138 0.0202835 0.0524226 0.0430064 0.00139947 0.00425838 0.115492 
0.575773 0.0164237 0.0765799 0.0463418 0.00160025 0.00333794 0.279943 
0.736116 0.0173847 0.0508529 0.0324745 0.0016565 0.00522415 0.156291 
0.723967 0.0184845 0.0501021 0.0604968 0.00217489 0.00352053 0.141255 
0.694153 0.0144609 0.0651963 0.0460979 0.00152917 0.00452965 0.174033 
0.510602 0.0188854 0.0703154 0.0392493 0.00194171 0.0037186 0.355287 
0.424802 0.0217311 0.0685113 0.0375349 0.00205684 0.00497083 0.440393 
0.514771 0.020952 0.0630185 0.0641668 0.0018507 0.00451351 0.330727 
0.594311 0.0155584 0.0792201 0.0987584 0.00190344 0.00428887 0.20596 
0.646145 0.0174497 0.079901 0.115123 0.00187435 0.00389114 0.135616 
0.635737 0.015457 0.064187 0.051684 0.00172536 0.00382514 0.227384 
0.476424 0.0171766 0.0752789 0.0517825 0.00173516 0.00383337 0.373769 
0.559733 0.0158537 0.0725194 0.0334002 0.00166658 0.00434725 0.31248 
0.417775 0.0190268 0.0688221 0.0386105 0.00147519 0.00434692 0.449944 
0.648947 0.0304499 0.0371648 0.00763043 0.00296204 0.0149154 0.257931 
0.684856 0.0166187 0.0525144 0.0327757 0.00173354 0.0065636 0.204938 
0.595453 0.0148443 0.0763159 0.0566188 0.00152441 0.00579871 0.249445 
0.658985 0.0159818 0.0570623 0.0356647 0.00159617 0.00658163 0.224129 
0.546466 0.0165378 0.0560773 0.0340445 0.00206196 0.00467783 0.340135 
0.588068 0.0233042 0.059481 0.0384519 0.00138004 0.00518265 0.284132 
0.539662 0.0211708 0.0638129 0.0509897 0.0018587 0.0037815 0.318724 
0.673227 0.0157314 0.0612022 0.0553193 0.00150206 0.00447432 0.188544 
0.619569 0.0167907 0.0643691 0.0788491 0.00179241 0.00491894 0.213711 
0.609098 0.0160543 0.0705695 0.0360845 0.00133132 0.00377973 0.263083 
0.539402 0.0172008 0.0629115 0.038112 0.00177279 0.00381672 0.336784 
0.540937 0.0166883 0.0505381 0.0332995 0.00264161 0.00509899 0.350797 
0.654785 0.0171056 0.0605059 0.0491143 0.00178924 0.00356958 0.213131 
0.557964 0.0143323 0.0708625 0.036094 0.00166317 0.00351864 0.315566 
0.504373 0.0151391 0.0661537 0.084624 0.00284617 0.00400684 0.322857 
0.553011 0.0188916 0.0547774 0.0501976 0.00197057 0.00520871 0.315943 
0.676228 0.0145425 0.0745139 0.105407 0.00172349 0.00569115 0.121894 
0.652899 0.01334 0.0695065 0.0786256 0.00160145 0.00874189 0.175286 
0.610676 0.0127869 0.0758388 0.0533115 0.00121286 0.00682425 0.239349 
0.659383 0.0136233 0.0755876 0.0709223 0.00141023 0.00471956 0.174354 
0.660971 0.0146604 0.0688744 0.0823408 0.00144406 0.00494058 0.166769 
0.681367 0.0154409 0.0610337 0.0642291 0.0014162 0.0049455 0.171567 
0.699869 0.0131015 0.0636251 0.0661021 0.00143593 0.00499871 0.150868 
0.668105 0.0173643 0.0629027 0.0856901 0.00139325 0.00524979 0.159295 
0.641396 0.0157066 0.0721491 0.120687 0.00205864 0.00434541 0.143658 
0.697755 0.0171973 0.0707235 0.0769795 0.00132533 0.00464973 0.13137 
0.613678 0.0127722 0.0753793 0.0450349 0.00119778 0.0060462 0.245891 
0.546683 0.0158781 0.0676529 0.0687134 0.00175608 0.0080669 0.291249 
0.632237 0.0187082 0.0717151 0.104662 0.00176451 0.00812323 0.16279 
0.58871 0.0146131 0.0564706 0.0481325 0.00177689 0.00788327 0.282414 
0.401196 0.0160534 0.0600222 0.0260223 0.00164612 0.00708641 0.487974 
0.576863 0.0171969 0.0639153 0.0414894 0.00143584 0.0051021 0.293998 
0.594872 0.0174181 0.0688462 0.0604642 0.00167635 0.00497934 0.251743 
0.677796 0.0165217 0.0565713 0.0585183 0.0016603 0.00599057 0.182942 
0.728007 0.0143175 0.0630139 0.0575721 0.0015591 0.00424494 0.131285 
0.792314 0.0168532 0.0548804 0.0753641 0.00157258 0.00279115 0.0562244 
0.802238 0.0156885 0.0571042 0.0297758 0.00112578 0.00438786 0.0896796 
0.821131 0.0123304 0.0590496 0.0253483 0.00128468 0.00473373 0.0761223 
0.801566 0.0136901 0.05497 0.0453022 0.00128614 0.00410953 0.079076 
0.711877 0.0171292 0.0595126 0.02096 0.00155893 0.00383803 0.185124 
0.759314 0.0215395 0.0412923 0.0321639 0.00221355 0.00539223 0.138084 
0.788494 0.0239487 0.0384624 0.0594915 0.00295266 0.00406758 0.0825828 
0.738849 0.0223211 0.0442364 0.0656281 0.00249045 0.00343267 0.123042 
0.715839 0.0233954 0.043183 0.101301 0.00240288 0.00594286 0.107937 
0.692756 0.019942 0.0544368 0.0611118 0.0019211 0.00714974 0.162683 
0.7329 0.0203512 0.0542513 0.0456186 0.00138774 0.00542624 0.140065 
0.815431 0.0180729 0.0436311 0.0407868 0.00162676 0.0042517 0.0761994 
0.776235 0.0182519 0.0495017 0.0375769 0.00136318 0.00365585 0.113415 
0.788157 0.0202258 0.0485147 0.0332743 0.00117359 0.00512643 0.103528 
0.79785 0.0175799 0.0415188 0.0462157 0.00148722 0.00526602 0.0900822 
0.748362 0.0190349 0.04532 0.0442729 0.00179951 0.00400035 0.13721 
0.769989 0.0176624 0.050447 0.0514324 0.00150436 0.0055473 0.103417 
0.777254 0.0180193 0.0498614 0.036182 0.00144569 0.00537231 0.111866 
0.784315 0.0167013 0.047012 0.0321704 0.00161531 0.00479058 0.113395 
0.762326 0.0177849 0.04842 0.0805336 0.00171686 0.00487078 0.0843473 
0.795606 0.0166712 0.0525371 0.0475579 0.00121006 0.0065383 0.0798794 
0.76359 0.0160388 0.0586986 0.0364587 0.00104559 0.00560103 0.118568 
0.735592 0.0165467 0.0517252 0.0351436 0.00137427 0.0056011 0.154017 
0.745191 0.0169053 0.0520291 0.0463676 0.00140596 0.00507038 0.133031 
0.692226 0.0162206 0.0586809 0.0439367 0.00150934 0.00515142 0.182275 
0.739589 0.016519 0.0509013 0.0384917 0.00150694 0.00792282 0.145069 
0.755577 0.0166759 0.05154 0.0404202 0.00166558 0.00468565 0.129435 
0.729722 0.0146395 0.0613456 0.0496133 0.00123832 0.00498734 0.138454 
0.731878 0.0122996 0.0543843 0.031353 0.00189776 0.00767038 0.160517 
0.771464 0.0127835 0.058695 0.0387487 0.00132322 0.00511529 0.11187 
0.726396 0.0158349 0.0587244 0.0418393 0.00120297 0.00639536 0.149607 
0.731176 0.0124051 0.0719478 0.0720512 0.00137376 0.00624823 0.104798 
0.738104 0.0152248 0.0542008 0.0858021 0.0016225 0.0054563 0.0995891 
0.76158 0.0183849 0.0596012 0.0542934 0.00111007 0.00452621 0.100505 
0.732197 0.0191294 0.0587689 0.0571768 0.00118635 0.00508024 0.126461 
0.715022 0.0167388 0.055163 0.0388631 0.0013277 0.00642049 0.166465 
0.697128 0.0163153 0.0577154 0.0498766 0.00120536 0.00630261 0.171457 
0.714444 0.0141371 0.0550499 0.0418603 0.00142884 0.0051322 0.167948 
0.756143 0.0162034 0.0511566 0.0711126 0.00152246 0.00389327 0.0999688 
0.798921 0.0142094 0.0474186 0.0536013 0.00136973 0.00510777 0.0793718 
0.771282 0.0130169 0.056214 0.0409431 0.00132375 0.00418751 0.113033 
0.726878 0.0131686 0.061204 0.0303494 0.00107829 0.00520267 0.16212 
0.779086 0.0126646 0.0589683 0.0661001 0.00148656 0.00343937 0.0782554 
0.777629 0.0126786 0.0665446 0.0447626 0.00110661 0.00331642 0.0939621 
0.729667 0.010562 0.0750379 0.0418309 0.00100223 0.00452324 0.137377 
0.728308 0.0136531 0.07405 0.0559489 0.00109239 0.00394688 0.123001 
0.68674 0.0111634 0.0812444 0.0488894 0.00116377 0.00511928 0.16568 
0.71544 0.0116751 0.0825736 0.0533826 0.00103928 0.00572194 0.130167 
0.723022 0.0108959 0.0855313 0.0383035 9.60951E-4 0.00291709 0.138369 
0.787812 0.0137949 0.061318 0.0852441 0.00128042 0.0031743 0.047376 
0.821992 0.0153913 0.0503078 0.0450311 0.00152401 0.00415214 0.0616019 
0.73727 0.0151833 0.062457 0.0312921 0.00137745 0.00335606 0.149064 
0.78338 0.0168858 0.0567235 0.0580097 0.00115764 0.00384749 0.0799961 
0.752059 0.0127299 0.0690019 0.0237395 8.26927E-4 0.00456059 0.137083 
0.773783 0.0163736 0.070003 0.0328563 9.99085E-4 0.00259911 0.103386 
0.790539 0.0159719 0.0673507 0.019974 0.00107803 0.00266347 0.102423 
0.743286 0.0125969 0.0760805 0.0305366 9.46202E-4 0.0034227 0.133131 
0.759977 0.0138804 0.0798863 0.0482172 9.46516E-4 0.00320962 0.0938826 
0.745904 0.0139675 0.0662562 0.0326604 0.00110523 0.00394234 0.136164 
0.795627 0.0114316 0.0629914 0.0472784 0.00122435 0.00301809 0.0784295 
0.760254 0.0107135 0.0714935 0.024709 8.81129E-4 0.00362288 0.128326 
0.774654 0.0125586 0.0749398 0.0614975 0.00117115 0.00319461 0.0719839 
0.66483 0.0128993 0.0872651 0.0606577 0.00113153 0.00351666 0.1697 
0.707922 0.0144033 0.0712394 0.062407 0.00127284 0.0041822 0.138573 
0.682234 0.0148376 0.0587402 0.0384406 0.00134986 0.00477018 0.199627 
0.704237 0.0127162 0.0662956 0.0479545 0.0012002 0.00436744 0.163229 
0.724609 0.0135472 0.0684734 0.0789103 0.00135336 0.00421769 0.108889 
0.696871 0.0137529 0.0714802 0.0558297 0.00113312 0.0055927 0.155341 
0.638859 0.0132761 0.0789916 0.0690793 0.00136724 0.00584064 0.192586 
0.703261 0.0148695 0.0621476 0.0759808 0.00142952 0.00464675 0.137665 
0.724627 0.0131148 0.0654489 0.030814 0.00102105 0.00625517 0.158719 
0.722623 0.011938 0.0780813 0.0292696 7.21893E-4 0.00473139 0.152635 
0.715529 0.0124617 0.0706958 0.0380645 9.40248E-4 0.00502063 0.157288 
0.662948 0.0124855 0.0849942 0.0439557 9.4489E-4 0.00298128 0.19169 
0.6093 0.014829 0.0708513 0.0343306 0.00131544 0.00303379 0.26634 
0.566414 0.0138746 0.0728298 0.0346917 0.00124922 0.00393384 0.307007 
0.648519 0.0125311 0.0675648 0.0257116 0.00113025 0.0035112 0.241032 
0.647684 0.0143369 0.0678542 0.0215949 0.00108373 0.0050282 0.242418 
0.577395 0.0139293 0.0832854 0.0344225 0.00104629 0.0040689 0.285853 
0.67495 0.0127006 0.0803598 0.0358294 8.24172E-4 0.00550107 0.189835 
0.691341 0.014233 0.0630243 0.064384 0.0015134 0.00415099 0.161353 
0.714261 0.0142704 0.0726901 0.0674952 0.00127942 0.00462322 0.125381 
0.610213 0.0144273 0.0696849 0.040508 0.00117006 0.00497121 0.259026 
0.573153 0.0151718 0.0848708 0.0491691 0.00120919 0.00337354 0.273053 
0.670579 0.0131332 0.0809693 0.0646769 0.00128292 0.00405784 0.1653 
0.617692 0.0158349 0.0777171 0.0621145 0.00123303 0.00456429 0.220844 
0.549841 0.0143871 0.0780922 0.0467192 0.00112029 0.00438428 0.305456 
0.621554 0.011708 0.0809669 0.0934387 0.00176908 0.0048157 0.185747 
0.72913 0.0155969 0.0576453 0.0821874 0.00152968 0.00547969 0.108431 
0.642476 0.0146003 0.0747401 0.0919913 0.00164854 0.00506152 0.169482 
0.60452 0.0141444 0.0669055 0.0399933 0.00162027 0.00322076 0.269596 
0.640761 0.0133813 0.0774379 0.0685229 0.00156145 0.00386952 0.194466 
0.634418 0.01411 0.0638969 0.094407 0.00206902 0.00440213 0.186697 
0.732576 0.0115 0.0668922 0.0473093 0.00145898 0.00405182 0.136212 
0.74946 0.0123908 0.0599937 0.0470627 0.00159141 0.00383432 0.125667 
0.778321 0.012939 0.0620456 0.0359209 0.00122958 0.00293343 0.10661 
0.730292 0.0109121 0.0715303 0.0832877 0.00185526 0.00267841 0.0994445 
0.732562 0.0116754 0.0788279 0.0440201 0.00130658 0.00255844 0.12905 
0.755895 0.0152105 0.0645173 0.0608312 0.00155979 0.00303348 0.0989529 
0.726628 0.014608 0.0698923 0.0798423 0.00157348 0.00327071 0.104185 
0.732938 0.0136173 0.0823697 0.0426983 0.00103626 0.00341688 0.123924 
0.765209 0.0132814 0.0708167 0.0738071 0.00131333 0.00301267 0.07256 
0.721224 0.0139935 0.0716929 0.091101 0.00143897 0.00444762 0.0961021 
0.718093 0.015422 0.0841077 0.0826215 0.00124676 0.00353262 0.0949763 
0.663917 0.0134257 0.0844109 0.0842868 0.00144624 0.00486834 0.147645 
0.782573 0.0163632 0.0631883 0.0738948 0.00122121 0.00439195 0.0583671 
0.733742 0.013996 0.0577329 0.0397293 0.00118443 0.00510419 0.148511 
0.699081 0.0161768 0.0618073 0.0539469 0.00126246 0.00502081 0.162705 
0.684961 0.0142234 0.0716323 0.0670874 0.00126147 0.00379916 0.157035 
0.526312 0.0159575 0.0651804 0.0493312 0.0012303 0.00601461 0.335974 
0.560557 0.0145984 0.073318 0.0580395 0.00140213 0.00438911 0.287696 
0.557626 0.0106059 0.0772351 0.0347167 0.00139628 0.00461185 0.313808 
0.558486 0.0134003 0.0860781 0.0570226 0.00130249 0.00444146 0.279269 
0.619845 0.0160761 0.0811473 0.0624997 0.00131393 0.00313315 0.215985 
0.514226 0.0138596 0.0806323 0.0291512 0.00110461 0.00404049 0.356986 
0.561328 0.0146874 0.0623842 0.032638 0.0016074 0.00458071 0.322775 
0.59058 0.0154049 0.072074 0.0417254 0.00119815 0.00444758 0.27457 
0.692669 0.0152771 0.0613937 0.0518127 0.00136781 0.0040443 0.173435 
0.611933 0.0123481 0.061558 0.0602978 0.00181126 0.00523926 0.246812 
0.6217 0.013712 0.0751208 0.0476559 0.00126609 0.00465264 0.235892 
0.665064 0.0153583 0.0645579 0.0744954 0.00179503 0.00329424 0.175435 
