0.715637 0.0108149 0.0830011 0.108655 0.00224387 0.00401241 0.0756359 
0.74629 0.0098711 0.0702185 0.0751652 0.00252385 0.00408139 0.0918501 
0.775543 0.0106906 0.06544 0.0989817 0.00241839 0.00262791 0.0442984 
0.733511 0.0102682 0.0798101 0.100011 0.00205938 0.00364231 0.0706983 
0.77219 0.0108095 0.0645985 0.0947293 0.00263908 0.00298893 0.0520448 
0.753033 0.0127793 0.0722235 0.0999505 0.002162 0.0030365 0.0568151 
0.751626 0.0119988 0.0820091 0.0790585 0.00239958 0.00249413 0.070414 
0.780248 0.0126567 0.0628407 0.076186 0.00352484 0.00249124 0.0620522 
0.81455 0.0125443 0.0577061 0.0472319 0.00281662 0.00298026 0.0621704 
0.819444 0.0150242 0.05021 0.0590023 0.00419151 0.0025292 0.0495988 
0.838442 0.0124915 0.0558316 0.0380552 0.00298314 0.00280128 0.0493955 
0.810554 0.0151287 0.0513516 0.0659147 0.00314771 0.00261492 0.0512885 
0.793796 0.0144552 0.0614694 0.0494332 0.00204728 0.00265418 0.0761443 
0.786792 0.0124585 0.0638192 0.0315638 0.00171642 0.00287071 0.10078 
0.792663 0.0129876 0.0598376 0.0679673 0.00301547 0.00211976 0.0614089 
0.810672 0.011061 0.0576451 0.0569746 0.00249275 0.00275078 0.0584034 
0.832484 0.0110228 0.0621933 0.0418061 0.00206073 0.00225207 0.0481813 
0.825491 0.00910035 0.0677563 0.0281405 0.00213413 0.00250472 0.0648732 
0.802345 0.0114579 0.0622792 0.0219382 0.00304338 0.003205 0.0957316 
0.811003 0.011413 0.0582752 0.0513173 0.00281556 0.00366166 0.061514 
0.812255 0.0104012 0.0629969 0.0599917 0.0030748 0.00385858 0.0474213 
0.796504 0.00973148 0.063625 0.0553847 0.0027987 0.00298266 0.0689738 
0.807676 0.013097 0.0580308 0.0485897 0.00322169 0.00299636 0.0663887 
0.834382 0.0128494 0.0531589 0.0496252 0.0027831 0.00222222 0.0449788 
0.811514 0.0127488 0.0575197 0.0545501 0.00202037 0.00292323 0.0587241 
0.818342 0.0106098 0.0568674 0.0609326 0.00306209 0.00259512 0.0475907 
0.813839 0.0160676 0.0493921 0.0559573 0.0030829 0.00289164 0.0587692 
0.796457 0.0131701 0.0507615 0.0750407 0.00444178 0.00255341 0.0575752 
0.826784 0.0110349 0.0649619 0.0406407 0.00178226 0.00188402 0.0529122 
0.815452 0.0124128 0.0588983 0.0533567 0.00245984 0.00214065 0.0552798 
0.805522 0.0137523 0.0587178 0.0407881 0.00300147 0.00180709 0.0764115 
0.791205 0.0147266 0.0709122 0.0535442 0.00159919 0.00201461 0.0659987 
0.822399 0.0108493 0.0562011 0.0349071 0.00272097 0.00279559 0.0701273 
0.786962 0.0126082 0.065128 0.0491994 0.00212066 0.00323897 0.0807432 
0.806863 0.0125534 0.0591573 0.0427556 0.00236335 0.00501477 0.071293 
0.825122 0.0112142 0.062579 0.0313384 0.00197662 0.00307284 0.064697 
0.688916 0.0108617 0.068429 0.0426353 0.0021218 0.00501692 0.182019 
0.715652 0.0103975 0.0644793 0.0449834 0.00250713 0.00550449 0.156477 
0.74368 0.00992431 0.0742376 0.0398545 0.00214521 0.00328162 0.126877 
0.789381 0.0112332 0.0600987 0.0458001 0.00416289 0.00353802 0.0857865 
0.792824 0.0101036 0.0580404 0.036717 0.00490765 0.00438909 0.0930182 
0.813241 0.013783 0.0508212 0.0471694 0.00332474 0.00445868 0.0672018 
0.762948 0.0132099 0.0623146 0.0351915 0.00233703 0.0037055 0.120293 
0.676228 0.0145425 0.0745139 0.105407 0.00172349 0.00569115 0.121894 
0.652899 0.01334 0.0695065 0.0786256 0.00160145 0.00874189 0.175286 
0.610676 0.0127869 0.0758388 0.0533115 0.00121286 0.00682425 0.239349 
0.659383 0.0136233 0.0755876 0.0709223 0.00141023 0.00471956 0.174354 
0.660971 0.0146604 0.0688744 0.0823408 0.00144406 0.00494058 0.166769 
0.681367 0.0154409 0.0610337 0.0642291 0.0014162 0.0049455 0.171567 
0.699869 0.0131015 0.0636251 0.0661021 0.00143593 0.00499871 0.150868 
0.668105 0.0173643 0.0629027 0.0856901 0.00139325 0.00524979 0.159295 
0.641396 0.0157066 0.0721491 0.120687 0.00205864 0.00434541 0.143658 
0.697755 0.0171973 0.0707235 0.0769795 0.00132533 0.00464973 0.13137 
0.613678 0.0127722 0.0753793 0.0450349 0.00119778 0.0060462 0.245891 
0.546683 0.0158781 0.0676529 0.0687134 0.00175608 0.0080669 0.291249 
0.632237 0.0187082 0.0717151 0.104662 0.00176451 0.00812323 0.16279 
0.58871 0.0146131 0.0564706 0.0481325 0.00177689 0.00788327 0.282414 
0.401196 0.0160534 0.0600222 0.0260223 0.00164612 0.00708641 0.487974 
0.576863 0.0171969 0.0639153 0.0414894 0.00143584 0.0051021 0.293998 
0.594872 0.0174181 0.0688462 0.0604642 0.00167635 0.00497934 0.251743 
0.677796 0.0165217 0.0565713 0.0585183 0.0016603 0.00599057 0.182942 
0.728007 0.0143175 0.0630139 0.0575721 0.0015591 0.00424494 0.131285 
0.792314 0.0168532 0.0548804 0.0753641 0.00157258 0.00279115 0.0562244 
0.802238 0.0156885 0.0571042 0.0297758 0.00112578 0.00438786 0.0896796 
0.821131 0.0123304 0.0590496 0.0253483 0.00128468 0.00473373 0.0761223 
0.801566 0.0136901 0.05497 0.0453022 0.00128614 0.00410953 0.079076 
0.711877 0.0171292 0.0595126 0.02096 0.00155893 0.00383803 0.185124 
0.759314 0.0215395 0.0412923 0.0321639 0.00221355 0.00539223 0.138084 
0.788494 0.0239487 0.0384624 0.0594915 0.00295266 0.00406758 0.0825828 
0.738849 0.0223211 0.0442364 0.0656281 0.00249045 0.00343267 0.123042 
0.715839 0.0233954 0.043183 0.101301 0.00240288 0.00594286 0.107937 
0.692756 0.019942 0.0544368 0.0611118 0.0019211 0.00714974 0.162683 
0.7329 0.0203512 0.0542513 0.0456186 0.00138774 0.00542624 0.140065 
0.815431 0.0180729 0.0436311 0.0407868 0.00162676 0.0042517 0.0761994 
0.776235 0.0182519 0.0495017 0.0375769 0.00136318 0.00365585 0.113415 
0.788157 0.0202258 0.0485147 0.0332743 0.00117359 0.00512643 0.103528 
0.79785 0.0175799 0.0415188 0.0462157 0.00148722 0.00526602 0.0900822 
0.748362 0.0190349 0.04532 0.0442729 0.00179951 0.00400035 0.13721 
0.769989 0.0176624 0.050447 0.0514324 0.00150436 0.0055473 0.103417 
0.777254 0.0180193 0.0498614 0.036182 0.00144569 0.00537231 0.111866 
0.784315 0.0167013 0.047012 0.0321704 0.00161531 0.00479058 0.113395 
0.762326 0.0177849 0.04842 0.0805336 0.00171686 0.00487078 0.0843473 
0.795606 0.0166712 0.0525371 0.0475579 0.00121006 0.0065383 0.0798794 
0.76359 0.0160388 0.0586986 0.0364587 0.00104559 0.00560103 0.118568 
0.735592 0.0165467 0.0517252 0.0351436 0.00137427 0.0056011 0.154017 
0.745191 0.0169053 0.0520291 0.0463676 0.00140596 0.00507038 0.133031 
0.692226 0.0162206 0.0586809 0.0439367 0.00150934 0.00515142 0.182275 
0.739589 0.016519 0.0509013 0.0384917 0.00150694 0.00792282 0.145069 
0.755577 0.0166759 0.05154 0.0404202 0.00166558 0.00468565 0.129435 
0.729722 0.0146395 0.0613456 0.0496133 0.00123832 0.00498734 0.138454 
0.731878 0.0122996 0.0543843 0.031353 0.00189776 0.00767038 0.160517 
0.771464 0.0127835 0.058695 0.0387487 0.00132322 0.00511529 0.11187 
0.726396 0.0158349 0.0587244 0.0418393 0.00120297 0.00639536 0.149607 
0.731176 0.0124051 0.0719478 0.0720512 0.00137376 0.00624823 0.104798 
0.738104 0.0152248 0.0542008 0.0858021 0.0016225 0.0054563 0.0995891 
0.76158 0.0183849 0.0596012 0.0542934 0.00111007 0.00452621 0.100505 
0.732197 0.0191294 0.0587689 0.0571768 0.00118635 0.00508024 0.126461 
0.715022 0.0167388 0.055163 0.0388631 0.0013277 0.00642049 0.166465 
0.697128 0.0163153 0.0577154 0.0498766 0.00120536 0.00630261 0.171457 
0.714444 0.0141371 0.0550499 0.0418603 0.00142884 0.0051322 0.167948 
0.756143 0.0162034 0.0511566 0.0711126 0.00152246 0.00389327 0.0999688 
0.798921 0.0142094 0.0474186 0.0536013 0.00136973 0.00510777 0.0793718 
0.771282 0.0130169 0.056214 0.0409431 0.00132375 0.00418751 0.113033 
0.726878 0.0131686 0.061204 0.0303494 0.00107829 0.00520267 0.16212 
0.779086 0.0126646 0.0589683 0.0661001 0.00148656 0.00343937 0.0782554 
0.777629 0.0126786 0.0665446 0.0447626 0.00110661 0.00331642 0.0939621 
0.729667 0.010562 0.0750379 0.0418309 0.00100223 0.00452324 0.137377 
0.728308 0.0136531 0.07405 0.0559489 0.00109239 0.00394688 0.123001 
0.68674 0.0111634 0.0812444 0.0488894 0.00116377 0.00511928 0.16568 
0.71544 0.0116751 0.0825736 0.0533826 0.00103928 0.00572194 0.130167 
0.723022 0.0108959 0.0855313 0.0383035 9.60951E-4 0.00291709 0.138369 
0.787812 0.0137949 0.061318 0.0852441 0.00128042 0.0031743 0.047376 
0.821992 0.0153913 0.0503078 0.0450311 0.00152401 0.00415214 0.0616019 
0.73727 0.0151833 0.062457 0.0312921 0.00137745 0.00335606 0.149064 
0.78338 0.0168858 0.0567235 0.0580097 0.00115764 0.00384749 0.0799961 
0.752059 0.0127299 0.0690019 0.0237395 8.26927E-4 0.00456059 0.137083 
0.773783 0.0163736 0.070003 0.0328563 9.99085E-4 0.00259911 0.103386 
0.790539 0.0159719 0.0673507 0.019974 0.00107803 0.00266347 0.102423 
0.743286 0.0125969 0.0760805 0.0305366 9.46202E-4 0.0034227 0.133131 
0.759977 0.0138804 0.0798863 0.0482172 9.46516E-4 0.00320962 0.0938826 
0.745904 0.0139675 0.0662562 0.0326604 0.00110523 0.00394234 0.136164 
0.795627 0.0114316 0.0629914 0.0472784 0.00122435 0.00301809 0.0784295 
0.760254 0.0107135 0.0714935 0.024709 8.81129E-4 0.00362288 0.128326 
0.774654 0.0125586 0.0749398 0.0614975 0.00117115 0.00319461 0.0719839 
0.66483 0.0128993 0.0872651 0.0606577 0.00113153 0.00351666 0.1697 
0.707922 0.0144033 0.0712394 0.062407 0.00127284 0.0041822 0.138573 
0.682234 0.0148376 0.0587402 0.0384406 0.00134986 0.00477018 0.199627 
0.704237 0.0127162 0.0662956 0.0479545 0.0012002 0.00436744 0.163229 
0.724609 0.0135472 0.0684734 0.0789103 0.00135336 0.00421769 0.108889 
0.696871 0.0137529 0.0714802 0.0558297 0.00113312 0.0055927 0.155341 
0.638859 0.0132761 0.0789916 0.0690793 0.00136724 0.00584064 0.192586 
0.703261 0.0148695 0.0621476 0.0759808 0.00142952 0.00464675 0.137665 
0.724627 0.0131148 0.0654489 0.030814 0.00102105 0.00625517 0.158719 
0.722623 0.011938 0.0780813 0.0292696 7.21893E-4 0.00473139 0.152635 
0.715529 0.0124617 0.0706958 0.0380645 9.40248E-4 0.00502063 0.157288 
0.662948 0.0124855 0.0849942 0.0439557 9.4489E-4 0.00298128 0.19169 
0.6093 0.014829 0.0708513 0.0343306 0.00131544 0.00303379 0.26634 
0.566414 0.0138746 0.0728298 0.0346917 0.00124922 0.00393384 0.307007 
0.648519 0.0125311 0.0675648 0.0257116 0.00113025 0.0035112 0.241032 
0.647684 0.0143369 0.0678542 0.0215949 0.00108373 0.0050282 0.242418 
0.577395 0.0139293 0.0832854 0.0344225 0.00104629 0.0040689 0.285853 
0.67495 0.0127006 0.0803598 0.0358294 8.24172E-4 0.00550107 0.189835 
0.691341 0.014233 0.0630243 0.064384 0.0015134 0.00415099 0.161353 
0.714261 0.0142704 0.0726901 0.0674952 0.00127942 0.00462322 0.125381 
0.610213 0.0144273 0.0696849 0.040508 0.00117006 0.00497121 0.259026 
0.573153 0.0151718 0.0848708 0.0491691 0.00120919 0.00337354 0.273053 
0.670579 0.0131332 0.0809693 0.0646769 0.00128292 0.00405784 0.1653 
0.617692 0.0158349 0.0777171 0.0621145 0.00123303 0.00456429 0.220844 
0.549841 0.0143871 0.0780922 0.0467192 0.00112029 0.00438428 0.305456 
0.621554 0.011708 0.0809669 0.0934387 0.00176908 0.0048157 0.185747 
0.72913 0.0155969 0.0576453 0.0821874 0.00152968 0.00547969 0.108431 
0.642476 0.0146003 0.0747401 0.0919913 0.00164854 0.00506152 0.169482 
0.60452 0.0141444 0.0669055 0.0399933 0.00162027 0.00322076 0.269596 
0.640761 0.0133813 0.0774379 0.0685229 0.00156145 0.00386952 0.194466 
0.634418 0.01411 0.0638969 0.094407 0.00206902 0.00440213 0.186697 
0.732576 0.0115 0.0668922 0.0473093 0.00145898 0.00405182 0.136212 
0.74946 0.0123908 0.0599937 0.0470627 0.00159141 0.00383432 0.125667 
0.664197 0.0150578 0.0732701 0.0725262 0.00197832 0.00451034 0.16846 
0.692283 0.0146113 0.0674022 0.0619451 0.00165299 0.00490754 0.157198 
0.763819 0.0150682 0.0545335 0.0738489 0.00185258 0.00521514 0.085663 
0.720451 0.0180324 0.0567255 0.097089 0.00201613 0.00523094 0.100455 
0.691781 0.0150888 0.0730363 0.0673139 0.0013777 0.00573681 0.145666 
0.720446 0.0175283 0.057712 0.0781016 0.00175247 0.00528268 0.119176 
0.704974 0.0169753 0.0717887 0.0462146 0.00138157 0.00441495 0.154251 
0.711904 0.0138309 0.072839 0.0542089 0.00139945 0.00404619 0.141771 
0.720389 0.0150288 0.0586163 0.0758082 0.00165788 0.00553961 0.12296 
0.698017 0.0157565 0.065081 0.110015 0.00199026 0.00592621 0.103214 
0.706646 0.0159147 0.066687 0.0771911 0.00167204 0.00656518 0.125324 
0.724369 0.0161363 0.0673547 0.0570196 0.00128841 0.00506816 0.128764 
0.780345 0.015146 0.0498741 0.0387431 0.00161086 0.00468178 0.109599 
0.775377 0.0137243 0.0583674 0.059526 0.00138408 0.00702799 0.0845931 
0.783 0.0159254 0.0540298 0.0421904 0.00147131 0.00584092 0.0975417 
0.753232 0.0172251 0.0579359 0.0383305 0.00122774 0.00723568 0.124813 
0.748413 0.0158697 0.063434 0.0482084 0.00141316 0.00689747 0.115764 
0.787373 0.0136349 0.0689871 0.0350214 0.00110614 0.00462017 0.0892569 
0.772625 0.0127105 0.0662593 0.0604802 0.00149263 0.00598532 0.0804471 
0.763462 0.0146971 0.0727538 0.0634368 0.00119879 0.00498595 0.0794653 
0.777424 0.0127655 0.0698623 0.0549756 0.00126401 0.00519282 0.0785163 
0.81211 0.0119132 0.0733561 0.0564223 0.00117578 0.00463429 0.0403879 
0.828961 0.0136502 0.0495349 0.0583905 0.00175079 0.00830267 0.0394096 
0.821413 0.0141269 0.0564382 0.051099 0.00132452 0.0061184 0.0494798 
0.7857 0.0175436 0.0580092 0.0769715 0.00150263 0.00625752 0.0540153 
0.833632 0.0120006 0.0632313 0.0571921 0.0011935 0.00768049 0.0250703 
0.760915 0.0102182 0.110972 0.0645884 0.00183258 0.0234514 0.0280228 
0.5653 0.0202278 0.14324 0.153973 0.00378188 0.0812085 0.0322693 
0.720517 0.0130997 0.113128 0.0627097 0.00218177 0.04971 0.0386541 
0.792079 0.0139315 0.101341 0.0568548 0.00122864 0.0115119 0.0230532 
0.793016 0.0178216 0.0944875 0.0531999 0.00100616 0.0165737 0.0238952 
0.796323 0.022227 0.0747197 0.0607357 0.00112721 0.0238912 0.0209761 
0.786317 0.0212285 0.0543666 0.0876069 0.00198095 0.0310956 0.0174047 
0.814535 0.0145778 0.0728661 0.0433865 0.0015772 0.0274641 0.0255929 
0.830496 0.016979 0.0634733 0.0337753 0.00124626 0.0248099 0.0292203 
0.855682 0.0148698 0.0599811 0.0179769 0.00119092 0.0128134 0.0374858 
0.827763 0.0138143 0.0582333 0.0213876 0.00148006 0.0217003 0.0556217 
0.812474 0.0148471 0.0607433 0.0280599 0.00117817 0.0143238 0.0683739 
0.804608 0.0184282 0.0523037 0.00661496 0.00108646 0.0304885 0.0864698 
0.826066 0.0204575 0.0509954 0.00720697 0.00115765 0.0202864 0.0738296 
0.828323 0.0133615 0.0524546 0.0139362 0.00157282 0.0175157 0.0728364 
0.837533 0.0158357 0.0562675 0.0119952 0.00106165 0.0156119 0.0616952 
0.779764 0.01408 0.0655169 0.0435145 9.63562E-4 0.00622451 0.0899369 
0.751104 0.0136893 0.0654307 0.0701215 0.00148373 0.00612029 0.0920504 
0.678952 0.0142311 0.0764224 0.021389 8.38106E-4 0.00826569 0.199901 
0.676659 0.0136871 0.084339 0.0303076 7.65395E-4 0.00722657 0.187015 
0.703689 0.0123178 0.0832505 0.056618 0.00114786 0.0043188 0.138658 
0.751315 0.012174 0.0667923 0.0436306 0.00115524 0.00434083 0.120592 
0.761091 0.0116606 0.0742904 0.0400478 0.00108385 0.00445138 0.107375 
0.705281 0.0122726 0.0719786 0.0423633 0.00118043 0.00575297 0.161171 
0.629272 0.014822 0.0891968 0.0663304 0.00129831 0.00719102 0.19189 
0.631968 0.0147229 0.0966385 0.076561 0.00143505 0.00771412 0.17096 
0.76267 0.011512 0.0590602 0.0634568 0.00148216 0.00806064 0.0937582 
0.744637 0.0139018 0.0738304 0.0699368 0.00135841 0.00609931 0.0902361 
0.752658 0.0129812 0.0764522 0.0602638 0.00120081 0.00798572 0.0884585 
0.752094 0.0121573 0.0614497 0.0469408 0.00137502 0.00716212 0.118821 
0.670635 0.0135275 0.0824172 0.0593922 0.00120863 0.00596363 0.166856 
0.722035 0.0149176 0.0784135 0.0673385 0.0012604 0.00718947 0.108846 
0.738989 0.0106209 0.0646052 0.0658982 0.0016365 0.0058886 0.112362 
0.700396 0.0115633 0.0782127 0.0413469 9.71203E-4 0.00798602 0.159524 
0.602567 0.0128203 0.0798605 0.0337406 9.95696E-4 0.00553338 0.264483 
0.638076 0.0136964 0.0668557 0.0323011 0.00142008 0.00485435 0.242796 
0.689306 0.0136177 0.0710433 0.0349294 0.00109973 0.00487156 0.185132 
0.575426 0.0184228 0.11149 0.0483356 0.00105034 0.00386389 0.241411 
0.601163 0.0154531 0.106091 0.0435987 8.52178E-4 0.00452039 0.228322 
0.626682 0.0148908 0.0753609 0.0278603 8.43843E-4 0.00761629 0.246746 
0.761007 0.0172981 0.0572179 0.0302589 0.00101349 0.00839733 0.124807 
0.76259 0.0154728 0.0566009 0.0409064 0.00142551 0.0044698 0.118535 
0.76646 0.0185827 0.0563179 0.04199 0.00119413 0.006319 0.109136 
0.697626 0.0204894 0.0700262 0.0238506 9.2672E-4 0.0060814 0.180999 
0.746393 0.0167292 0.0579135 0.0335753 0.00116297 0.00602314 0.138203 
0.769006 0.0155245 0.0614929 0.037023 0.00106649 0.00513979 0.110747 
0.682073 0.0165514 0.0919808 0.0661224 0.00128404 0.00673892 0.13525 
0.722729 0.0171653 0.0699008 0.0295622 8.409E-4 0.00705264 0.152749 
0.689687 0.0199548 0.0689935 0.0598873 0.00110841 0.00739639 0.152973 
0.69711 0.0138795 0.0824595 0.0529871 0.00106019 0.00536794 0.147135 
0.712859 0.0173304 0.0690262 0.0444126 9.81402E-4 0.00485853 0.150532 
0.792424 0.0156491 0.0757603 0.0412352 7.50504E-4 0.00410078 0.0700801 
0.742002 0.0145684 0.0735292 0.0328908 8.88842E-4 0.00429966 0.131821 
0.653242 0.0155106 0.102008 0.056897 0.00107173 0.00441174 0.16686 
0.723027 0.0132408 0.0879201 0.0529113 9.99244E-4 0.00487426 0.117027 
0.7253 0.0108859 0.102249 0.0474433 9.18656E-4 0.00484007 0.108364 
0.625398 0.012419 0.0904237 0.0426067 9.35468E-4 0.00684458 0.221372 
0.640031 0.014133 0.098477 0.0428903 7.96457E-4 0.00737452 0.196298 
0.708746 0.0138544 0.0854736 0.0636301 0.00112661 0.00799801 0.119171 
