0.793146 0.0116365 0.0758104 0.0574817 0.00212835 0.00214713 0.0576496 
0.760104 0.0111637 0.0835013 0.0888091 0.00196914 0.00279304 0.0516595 
0.764634 0.0116446 0.0736481 0.100092 0.00203314 0.00319626 0.044752 
0.774421 0.0119185 0.0774215 0.0656846 0.00154818 0.00367424 0.0653319 
0.784595 0.0151646 0.0552641 0.0962875 0.00318631 0.00261773 0.0428852 
0.785118 0.0108601 0.0702332 0.0819471 0.00202544 0.00273838 0.0470782 
0.771098 0.013467 0.0572732 0.109391 0.00310989 0.00285547 0.0428051 
0.797702 0.011651 0.063075 0.0517711 0.00221267 0.00331681 0.0702711 
0.815795 0.0114587 0.0716369 0.0361796 0.00154105 0.00277678 0.0606117 
0.767769 0.011005 0.0776187 0.0570552 0.0018117 0.00267893 0.0820616 
0.813665 0.0104019 0.0856759 0.0351153 0.00136276 0.00236232 0.0514166 
0.773836 0.00982596 0.0995138 0.0161204 8.45315E-4 0.00343814 0.0964202 
0.722067 0.00756823 0.104825 0.0428636 0.00131179 0.00267637 0.118688 
0.786597 0.00899586 0.078565 0.0588696 0.00166991 0.00248571 0.0628172 
0.778952 0.00852758 0.0844093 0.0409389 0.00160552 0.00222283 0.0833436 
0.768919 0.00695362 0.0810254 0.0409984 0.00214488 0.00674821 0.093211 
0.668485 0.00898897 0.090191 0.0548671 0.00150947 0.00570636 0.170252 
0.697411 0.00875257 0.0944857 0.0746951 0.00192747 0.00456694 0.118161 
0.701983 0.0100009 0.0759258 0.0454815 0.00221153 0.00464455 0.159753 
0.766388 0.0100111 0.0726629 0.0275254 0.00177851 0.0036303 0.118003 
0.757072 0.00965936 0.0902013 0.0589655 0.00151451 0.00264896 0.0799381 
0.743755 0.010122 0.0828148 0.0477243 0.00151919 0.00335937 0.110706 
0.772685 0.0133273 0.0715275 0.0595003 0.00189092 0.00607713 0.0749919 
0.802226 0.0118424 0.0630414 0.0435068 0.00227711 0.00359853 0.0735077 
0.755614 0.0085777 0.0896673 0.0305531 0.00130705 0.00337535 0.110906 
0.776397 0.0120217 0.0668305 0.0784992 0.00194865 0.00303637 0.0612664 
0.781181 0.011 0.0768205 0.0760566 0.00144139 0.00374318 0.0497576 
0.774552 0.0103375 0.0894188 0.0647128 0.00145683 0.00240595 0.057116 
0.765171 0.0113732 0.0849465 0.0714975 0.00150472 0.00333248 0.0621743 
0.784343 0.010068 0.0765289 0.0630665 0.00195656 0.00295573 0.0610811 
0.783433 0.0112462 0.0810446 0.0698138 0.0015158 0.00265532 0.0502909 
0.767661 0.0104662 0.0895403 0.0783191 0.00144734 0.0029173 0.0496492 
0.807095 0.0116718 0.072871 0.061374 0.00142238 0.00295206 0.0426141 
0.808381 0.0113964 0.0731839 0.0425435 0.00141408 0.00279717 0.0602841 
0.818463 0.0120402 0.0741893 0.0401406 0.00142784 0.00280566 0.0509332 
0.793678 0.0117738 0.0818312 0.0464199 0.00164173 0.00259969 0.0620552 
0.791934 0.0128625 0.0594116 0.0802357 0.00368423 0.00286791 0.0490035 
0.819039 0.0112175 0.058684 0.0443101 0.00306313 0.00352545 0.0601604 
0.796162 0.0106679 0.0771239 0.0303633 0.00169719 0.00278959 0.0811964 
0.762525 0.0113143 0.0814053 0.0418817 0.00133457 0.00337857 0.0981603 
0.753064 0.011842 0.075698 0.0615988 0.00246304 0.00269687 0.0926376 
0.748672 0.0109489 0.0876297 0.0548364 0.00152233 0.00289169 0.0934987 
0.770286 0.011329 0.0744758 0.0699309 0.00174482 0.00321217 0.0690212 
0.777233 0.0107632 0.0759632 0.0434821 0.0018349 0.00338547 0.0873384 
0.777406 0.0121541 0.0748041 0.0456127 0.00215495 0.0029398 0.0849288 
0.748733 0.0119745 0.0747689 0.0499927 0.00191128 0.00306054 0.109559 
0.766228 0.0129043 0.0652572 0.0495256 0.00310888 0.00344974 0.0995261 
0.701722 0.012777 0.0778895 0.0847117 0.00237376 0.00270682 0.117819 
0.75507 0.009904 0.0820828 0.0269882 0.00186264 0.00287012 0.121222 
0.753473 0.00932769 0.085387 0.0447468 0.0017463 0.00341 0.101909 
0.699277 0.0088753 0.0867991 0.0507201 0.00228345 0.00271787 0.149327 
0.772909 0.0140341 0.0801198 0.0427387 0.00157819 0.00261066 0.0860101 
0.754289 0.00929037 0.0802152 0.062235 0.00211679 0.00348796 0.0883659 
0.792696 0.0108689 0.0802259 0.0438077 0.00158001 0.00234267 0.0684786 
0.772788 0.0124459 0.0790223 0.071958 0.00166144 0.00240218 0.0597225 
0.746246 0.00858499 0.0858568 0.0261847 0.00138715 0.00285791 0.128882 
0.768049 0.00927889 0.0708391 0.0463436 0.00288439 0.00295097 0.0996546 
0.787193 0.0113281 0.0699773 0.0710744 0.00260883 0.00301617 0.0548019 
0.725718 0.0101541 0.085691 0.0689659 0.00189436 0.00382022 0.103756 
0.662003 0.00990591 0.0972475 0.0671797 0.00183538 0.00444962 0.157379 
0.703261 0.0106193 0.0904897 0.0566338 0.00175158 0.00455653 0.132688 
0.74324 0.00876965 0.0847827 0.0477982 0.0018822 0.00337563 0.110152 
0.742468 0.0103335 0.0783725 0.0644064 0.00221377 0.00402031 0.0981856 
0.649437 0.00886248 0.089515 0.0482164 0.00189862 0.00461296 0.197457 
0.711145 0.00977251 0.0737116 0.0387754 0.00328778 0.00345386 0.159854 
0.779998 0.0103198 0.0718189 0.0484201 0.00214007 0.00217036 0.0851332 
0.771168 0.010408 0.078342 0.0558659 0.00221495 0.00302217 0.078979 
0.780766 0.00966486 0.0685991 0.036077 0.00230668 0.0040118 0.0985749 
0.738809 0.00908158 0.0763689 0.0628109 0.00237545 0.00346506 0.107089 
0.767285 0.0109435 0.0685736 0.0449001 0.00244139 0.00324374 0.102613 
0.760347 0.0119191 0.069453 0.0815574 0.00245809 0.00326989 0.0709951 
0.666791 0.0123999 0.0745936 0.148603 0.00290168 0.00408766 0.0906237 
0.649506 0.0115747 0.0768804 0.0489165 0.00248872 0.00468689 0.205946 
0.757447 0.0104747 0.0795319 0.0414577 0.00185871 0.00418033 0.10505 
0.765392 0.0112407 0.0874941 0.0349033 0.00124268 0.0032916 0.0964359 
0.785091 0.0134232 0.0713622 0.0547218 0.0024642 0.00391877 0.0690188 
0.746558 0.0124791 0.0796128 0.0409639 0.0015746 0.00322773 0.115584 
0.736251 0.0129363 0.0783467 0.0460042 0.00159874 0.00286337 0.122 
0.753326 0.0111105 0.0704914 0.0445383 0.00215185 0.00343183 0.11495 
0.762944 0.00947091 0.0772384 0.0340525 0.00179042 0.00327176 0.111232 
0.776015 0.0123954 0.0688959 0.0603439 0.00227904 0.00351534 0.0765553 
0.76824 0.0106595 0.0739309 0.052271 0.0022383 0.00348542 0.089175 
0.716223 0.0124849 0.0676058 0.110801 0.00325566 0.00380328 0.0858257 
0.768644 0.0114836 0.0651281 0.0332056 0.00467026 0.00332081 0.113547 
0.751129 0.00848894 0.0762468 0.0553286 0.00347624 0.00371609 0.101614 
0.778695 0.00893294 0.0644528 0.054663 0.0045045 0.00285172 0.0859001 
0.693543 0.0210934 0.0406176 0.0510827 0.00284081 0.00586447 0.184959 
0.629847 0.0156804 0.0555237 0.0218929 0.00156066 0.0060112 0.269484 
0.747248 0.0165923 0.0436045 0.0410658 0.00198848 0.00962046 0.139881 
0.771742 0.0233155 0.0342385 0.0600864 0.00317288 0.00799328 0.0994519 
0.788298 0.0217815 0.0342123 0.0904226 0.00328839 0.00610435 0.0558927 
0.77276 0.0179881 0.0430773 0.0302196 0.00179806 0.0073627 0.126794 
0.751269 0.0222544 0.0390671 0.0263636 0.00192897 0.00658861 0.152528 
0.770315 0.0202639 0.0436717 0.0392038 0.00185725 0.00483168 0.119857 
0.76368 0.0207463 0.0410334 0.0305401 0.00213278 0.00581781 0.13605 
0.769335 0.023849 0.0388386 0.0360835 0.00201562 0.00532432 0.124554 
0.760112 0.0239887 0.0357496 0.0430329 0.0033502 0.00706747 0.126699 
0.682565 0.0199185 0.0471985 0.0505661 0.00214922 0.00547034 0.192133 
0.765523 0.0186841 0.0410345 0.0354373 0.0022525 0.00535525 0.131713 
0.728701 0.0211075 0.0425484 0.0488059 0.00308202 0.00462315 0.151132 
0.710254 0.0235962 0.0395578 0.0422741 0.00273485 0.00628613 0.175297 
0.790105 0.0307817 0.0305373 0.0462186 0.00350249 0.00811598 0.0907393 
0.790269 0.0238524 0.0404838 0.0268326 0.00147673 0.00866369 0.108422 
0.65719 0.0279152 0.051091 0.0233583 0.00135797 0.00608482 0.233003 
0.742509 0.0228021 0.0480395 0.0360148 0.00167892 0.00347627 0.14548 
0.745331 0.0214467 0.0440466 0.037675 0.0020623 0.00412507 0.145313 
0.750684 0.0253592 0.0405094 0.0302259 0.00209465 0.00359818 0.147529 
0.815578 0.0286301 0.0282422 0.0344188 0.00488515 0.00687795 0.0813681 
0.769696 0.0196799 0.0437969 0.0426205 0.00335999 0.00337787 0.117469 
0.718827 0.021058 0.0455367 0.0612678 0.00293631 0.00449339 0.145881 
0.647363 0.0245967 0.0453792 0.0350041 0.00277478 0.00576714 0.239115 
0.542778 0.0203161 0.0502113 0.0230983 0.00270188 0.00602756 0.354867 
0.602072 0.0189265 0.0494897 0.0259906 0.00218131 0.00958074 0.291759 
0.710621 0.0172852 0.0447235 0.043428 0.00245703 0.00841214 0.173073 
0.539013 0.0219641 0.0464249 0.0244869 0.00354458 0.00733913 0.357228 
0.5205 0.0191289 0.061036 0.018184 0.00204888 0.00627552 0.372827 
0.478471 0.0241899 0.0510812 0.0132671 0.00341765 0.00666064 0.422913 
0.572547 0.0420564 0.0359102 0.0069395 0.00445869 0.0111044 0.326984 
0.682681 0.0221496 0.0401213 0.0141305 0.00344022 0.00631169 0.231166 
0.572512 0.0162696 0.0637148 0.010887 0.00148338 0.00570677 0.329427 
0.472308 0.0161398 0.0964763 0.0165463 0.00190002 0.00377473 0.392855 
0.554321 0.0173345 0.0603693 0.022755 0.00153847 0.00525073 0.338431 
0.460654 0.0206539 0.0567854 0.0465143 0.00182957 0.00494058 0.408622 
0.406532 0.0213381 0.0736572 0.0526017 0.00214894 0.00382796 0.439894 
0.651327 0.0211286 0.0598268 0.0528497 0.00174068 0.00375504 0.209372 
0.647008 0.0209076 0.0679396 0.0555604 0.00116335 0.00467431 0.202747 
0.632957 0.0197502 0.0686249 0.0403565 0.00117714 0.00434683 0.232788 
0.43605 0.0218439 0.0749358 0.0515642 0.00148445 0.00441083 0.409711 
0.761255 0.0201684 0.0417918 0.0517872 0.00240321 0.00454079 0.118054 
0.81009 0.0189356 0.0462382 0.0365938 0.00173455 0.00366447 0.0827431 
0.711267 0.0210228 0.0504729 0.0378617 0.00213977 0.00303469 0.174201 
0.763441 0.0179833 0.0454204 0.0633279 0.00270413 0.00342312 0.1037 
0.753563 0.0227933 0.0419911 0.0504827 0.00264271 0.00393084 0.124597 
0.754496 0.0251763 0.0363422 0.0818855 0.00357633 0.00310782 0.0954153 
0.813161 0.0251063 0.0349151 0.0593432 0.00263344 0.00398402 0.0608574 
0.777311 0.0272131 0.0371282 0.0811258 0.00275424 0.00475263 0.0697145 
0.806733 0.0244975 0.0391885 0.0586008 0.00185703 0.00479389 0.0643296 
0.779954 0.0198467 0.0434646 0.0944103 0.00226024 0.00493719 0.0551271 
0.770941 0.0193668 0.0465819 0.0927842 0.00187012 0.0044141 0.0640418 
0.734721 0.0147495 0.0547115 0.0322971 0.00150893 0.00382766 0.158185 
0.763138 0.0202835 0.0524226 0.0430064 0.00139947 0.00425838 0.115492 
0.575773 0.0164237 0.0765799 0.0463418 0.00160025 0.00333794 0.279943 
0.736116 0.0173847 0.0508529 0.0324745 0.0016565 0.00522415 0.156291 
0.723967 0.0184845 0.0501021 0.0604968 0.00217489 0.00352053 0.141255 
0.694153 0.0144609 0.0651963 0.0460979 0.00152917 0.00452965 0.174033 
0.510602 0.0188854 0.0703154 0.0392493 0.00194171 0.0037186 0.355287 
0.424802 0.0217311 0.0685113 0.0375349 0.00205684 0.00497083 0.440393 
0.514771 0.020952 0.0630185 0.0641668 0.0018507 0.00451351 0.330727 
0.594311 0.0155584 0.0792201 0.0987584 0.00190344 0.00428887 0.20596 
0.646145 0.0174497 0.079901 0.115123 0.00187435 0.00389114 0.135616 
0.635737 0.015457 0.064187 0.051684 0.00172536 0.00382514 0.227384 
0.476424 0.0171766 0.0752789 0.0517825 0.00173516 0.00383337 0.373769 
0.559733 0.0158537 0.0725194 0.0334002 0.00166658 0.00434725 0.31248 
0.417775 0.0190268 0.0688221 0.0386105 0.00147519 0.00434692 0.449944 
0.648947 0.0304499 0.0371648 0.00763043 0.00296204 0.0149154 0.257931 
0.684856 0.0166187 0.0525144 0.0327757 0.00173354 0.0065636 0.204938 
0.595453 0.0148443 0.0763159 0.0566188 0.00152441 0.00579871 0.249445 
0.658985 0.0159818 0.0570623 0.0356647 0.00159617 0.00658163 0.224129 
0.546466 0.0165378 0.0560773 0.0340445 0.00206196 0.00467783 0.340135 
0.588068 0.0233042 0.059481 0.0384519 0.00138004 0.00518265 0.284132 
0.539662 0.0211708 0.0638129 0.0509897 0.0018587 0.0037815 0.318724 
0.673227 0.0157314 0.0612022 0.0553193 0.00150206 0.00447432 0.188544 
0.619569 0.0167907 0.0643691 0.0788491 0.00179241 0.00491894 0.213711 
0.609098 0.0160543 0.0705695 0.0360845 0.00133132 0.00377973 0.263083 
0.539402 0.0172008 0.0629115 0.038112 0.00177279 0.00381672 0.336784 
0.540937 0.0166883 0.0505381 0.0332995 0.00264161 0.00509899 0.350797 
0.654785 0.0171056 0.0605059 0.0491143 0.00178924 0.00356958 0.213131 
0.557964 0.0143323 0.0708625 0.036094 0.00166317 0.00351864 0.315566 
0.504373 0.0151391 0.0661537 0.084624 0.00284617 0.00400684 0.322857 
0.553011 0.0188916 0.0547774 0.0501976 0.00197057 0.00520871 0.315943 
0.761255 0.0201684 0.0417918 0.0517872 0.00240321 0.00454079 0.118054 
0.81009 0.0189356 0.0462382 0.0365938 0.00173455 0.00366447 0.0827431 
0.711267 0.0210228 0.0504729 0.0378617 0.00213977 0.00303469 0.174201 
0.763441 0.0179833 0.0454204 0.0633279 0.00270413 0.00342312 0.1037 
0.753563 0.0227933 0.0419911 0.0504827 0.00264271 0.00393084 0.124597 
0.754496 0.0251763 0.0363422 0.0818855 0.00357633 0.00310782 0.0954153 
0.813161 0.0251063 0.0349151 0.0593432 0.00263344 0.00398402 0.0608574 
0.777311 0.0272131 0.0371282 0.0811258 0.00275424 0.00475263 0.0697145 
0.806733 0.0244975 0.0391885 0.0586008 0.00185703 0.00479389 0.0643296 
0.779954 0.0198467 0.0434646 0.0944103 0.00226024 0.00493719 0.0551271 
0.770941 0.0193668 0.0465819 0.0927842 0.00187012 0.0044141 0.0640418 
0.734721 0.0147495 0.0547115 0.0322971 0.00150893 0.00382766 0.158185 
0.763138 0.0202835 0.0524226 0.0430064 0.00139947 0.00425838 0.115492 
0.575773 0.0164237 0.0765799 0.0463418 0.00160025 0.00333794 0.279943 
0.736116 0.0173847 0.0508529 0.0324745 0.0016565 0.00522415 0.156291 
0.723967 0.0184845 0.0501021 0.0604968 0.00217489 0.00352053 0.141255 
0.694153 0.0144609 0.0651963 0.0460979 0.00152917 0.00452965 0.174033 
0.510602 0.0188854 0.0703154 0.0392493 0.00194171 0.0037186 0.355287 
0.424802 0.0217311 0.0685113 0.0375349 0.00205684 0.00497083 0.440393 
0.514771 0.020952 0.0630185 0.0641668 0.0018507 0.00451351 0.330727 
0.594311 0.0155584 0.0792201 0.0987584 0.00190344 0.00428887 0.20596 
0.646145 0.0174497 0.079901 0.115123 0.00187435 0.00389114 0.135616 
0.635737 0.015457 0.064187 0.051684 0.00172536 0.00382514 0.227384 
0.476424 0.0171766 0.0752789 0.0517825 0.00173516 0.00383337 0.373769 
0.559733 0.0158537 0.0725194 0.0334002 0.00166658 0.00434725 0.31248 
0.417775 0.0190268 0.0688221 0.0386105 0.00147519 0.00434692 0.449944 
0.648947 0.0304499 0.0371648 0.00763043 0.00296204 0.0149154 0.257931 
0.684856 0.0166187 0.0525144 0.0327757 0.00173354 0.0065636 0.204938 
0.595453 0.0148443 0.0763159 0.0566188 0.00152441 0.00579871 0.249445 
0.658985 0.0159818 0.0570623 0.0356647 0.00159617 0.00658163 0.224129 
0.546466 0.0165378 0.0560773 0.0340445 0.00206196 0.00467783 0.340135 
0.588068 0.0233042 0.059481 0.0384519 0.00138004 0.00518265 0.284132 
0.539662 0.0211708 0.0638129 0.0509897 0.0018587 0.0037815 0.318724 
0.673227 0.0157314 0.0612022 0.0553193 0.00150206 0.00447432 0.188544 
0.619569 0.0167907 0.0643691 0.0788491 0.00179241 0.00491894 0.213711 
0.609098 0.0160543 0.0705695 0.0360845 0.00133132 0.00377973 0.263083 
0.539402 0.0172008 0.0629115 0.038112 0.00177279 0.00381672 0.336784 
0.540937 0.0166883 0.0505381 0.0332995 0.00264161 0.00509899 0.350797 
0.654785 0.0171056 0.0605059 0.0491143 0.00178924 0.00356958 0.213131 
0.557964 0.0143323 0.0708625 0.036094 0.00166317 0.00351864 0.315566 
0.504373 0.0151391 0.0661537 0.084624 0.00284617 0.00400684 0.322857 
0.553011 0.0188916 0.0547774 0.0501976 0.00197057 0.00520871 0.315943 
0.778321 0.012939 0.0620456 0.0359209 0.00122958 0.00293343 0.10661 
0.730292 0.0109121 0.0715303 0.0832877 0.00185526 0.00267841 0.0994445 
0.732562 0.0116754 0.0788279 0.0440201 0.00130658 0.00255844 0.12905 
0.755895 0.0152105 0.0645173 0.0608312 0.00155979 0.00303348 0.0989529 
0.726628 0.014608 0.0698923 0.0798423 0.00157348 0.00327071 0.104185 
0.732938 0.0136173 0.0823697 0.0426983 0.00103626 0.00341688 0.123924 
0.765209 0.0132814 0.0708167 0.0738071 0.00131333 0.00301267 0.07256 
0.721224 0.0139935 0.0716929 0.091101 0.00143897 0.00444762 0.0961021 
0.718093 0.015422 0.0841077 0.0826215 0.00124676 0.00353262 0.0949763 
0.663917 0.0134257 0.0844109 0.0842868 0.00144624 0.00486834 0.147645 
0.782573 0.0163632 0.0631883 0.0738948 0.00122121 0.00439195 0.0583671 
0.733742 0.013996 0.0577329 0.0397293 0.00118443 0.00510419 0.148511 
0.699081 0.0161768 0.0618073 0.0539469 0.00126246 0.00502081 0.162705 
0.684961 0.0142234 0.0716323 0.0670874 0.00126147 0.00379916 0.157035 
0.526312 0.0159575 0.0651804 0.0493312 0.0012303 0.00601461 0.335974 
0.560557 0.0145984 0.073318 0.0580395 0.00140213 0.00438911 0.287696 
0.557626 0.0106059 0.0772351 0.0347167 0.00139628 0.00461185 0.313808 
0.558486 0.0134003 0.0860781 0.0570226 0.00130249 0.00444146 0.279269 
0.619845 0.0160761 0.0811473 0.0624997 0.00131393 0.00313315 0.215985 
0.514226 0.0138596 0.0806323 0.0291512 0.00110461 0.00404049 0.356986 
0.561328 0.0146874 0.0623842 0.032638 0.0016074 0.00458071 0.322775 
0.59058 0.0154049 0.072074 0.0417254 0.00119815 0.00444758 0.27457 
0.692669 0.0152771 0.0613937 0.0518127 0.00136781 0.0040443 0.173435 
0.611933 0.0123481 0.061558 0.0602978 0.00181126 0.00523926 0.246812 
0.6217 0.013712 0.0751208 0.0476559 0.00126609 0.00465264 0.235892 
0.665064 0.0153583 0.0645579 0.0744954 0.00179503 0.00329424 0.175435 
0.588082 0.0149193 0.0755383 0.0450286 0.00141912 0.00340526 0.271607 
0.646468 0.0160233 0.0631836 0.0560275 0.00187916 0.00401382 0.212405 
0.589183 0.0163963 0.0813516 0.0763659 0.00188215 0.00286854 0.231952 
0.63483 0.017203 0.0676354 0.058264 0.00166822 0.00330229 0.217097 
0.609656 0.0154558 0.0726642 0.0430542 0.00128942 0.00407687 0.253804 
0.562085 0.0169998 0.0628834 0.0645122 0.00162954 0.00455398 0.287336 
0.511683 0.0160384 0.0660363 0.0269703 0.00142076 0.00459894 0.373252 
0.655987 0.0173627 0.059387 0.046271 0.00148016 0.00429699 0.215215 
0.688098 0.0126155 0.0690709 0.0458358 0.00133214 0.00444046 0.178607 
0.614035 0.0122967 0.0713572 0.0412452 0.00135659 0.00389424 0.255815 
0.590358 0.0148686 0.0786251 0.0459796 0.00152869 0.00299343 0.265647 
0.663753 0.0130337 0.0831899 0.0463629 0.00118101 0.00323155 0.189248 
0.726162 0.0167882 0.0641062 0.0899504 0.00152915 0.00368671 0.0977771 
0.661769 0.0137744 0.0699247 0.0404588 0.00122333 0.00551443 0.207336 
0.666923 0.015356 0.0811495 0.0561069 0.00117607 0.00313005 0.176159 
0.661883 0.0151608 0.0894789 0.0530179 0.00108842 0.0033276 0.176043 
0.720444 0.0176271 0.0669256 0.0885902 0.0014522 0.00291754 0.102043 
0.723449 0.016678 0.0781993 0.0809791 0.00121283 0.00279826 0.0966832 
0.694529 0.0136741 0.084245 0.0582904 0.00113366 0.00321447 0.144913 
0.72451 0.0147862 0.0677272 0.033332 0.00112755 0.0053048 0.153212 
0.750919 0.0173503 0.0588178 0.0652424 0.00128396 0.00537345 0.101013 
0.762432 0.0211608 0.0468359 0.0831922 0.00175855 0.00418406 0.080437 
0.749051 0.0177347 0.0565437 0.105825 0.00166099 0.00492533 0.06426 
0.689929 0.0195658 0.0542115 0.131764 0.00199131 0.00518801 0.0973506 
0.735398 0.0203597 0.047675 0.0585659 0.00200785 0.00548012 0.130513 
0.742933 0.0217517 0.0503278 0.0428046 0.00164839 0.00446876 0.136065 
0.781751 0.0158178 0.0622749 0.0678882 0.00137444 0.00393687 0.0669571 
0.779887 0.015436 0.0637607 0.0445895 0.00111983 0.0035234 0.0916839 
0.769879 0.0175818 0.0501162 0.0686052 0.00183813 0.00410952 0.0878699 
0.776445 0.017163 0.0541515 0.044703 0.00157317 0.00440582 0.101559 
0.798412 0.0185817 0.0463599 0.0697343 0.00182767 0.00317926 0.061905 
0.778321 0.012939 0.0620456 0.0359209 0.00122958 0.00293343 0.10661 
0.730292 0.0109121 0.0715303 0.0832877 0.00185526 0.00267841 0.0994445 
0.732562 0.0116754 0.0788279 0.0440201 0.00130658 0.00255844 0.12905 
0.755895 0.0152105 0.0645173 0.0608312 0.00155979 0.00303348 0.0989529 
0.726628 0.014608 0.0698923 0.0798423 0.00157348 0.00327071 0.104185 
0.732938 0.0136173 0.0823697 0.0426983 0.00103626 0.00341688 0.123924 
0.765209 0.0132814 0.0708167 0.0738071 0.00131333 0.00301267 0.07256 
0.721224 0.0139935 0.0716929 0.091101 0.00143897 0.00444762 0.0961021 
0.718093 0.015422 0.0841077 0.0826215 0.00124676 0.00353262 0.0949763 
0.663917 0.0134257 0.0844109 0.0842868 0.00144624 0.00486834 0.147645 
0.782573 0.0163632 0.0631883 0.0738948 0.00122121 0.00439195 0.0583671 
0.733742 0.013996 0.0577329 0.0397293 0.00118443 0.00510419 0.148511 
0.699081 0.0161768 0.0618073 0.0539469 0.00126246 0.00502081 0.162705 
0.684961 0.0142234 0.0716323 0.0670874 0.00126147 0.00379916 0.157035 
0.526312 0.0159575 0.0651804 0.0493312 0.0012303 0.00601461 0.335974 
0.560557 0.0145984 0.073318 0.0580395 0.00140213 0.00438911 0.287696 
0.557626 0.0106059 0.0772351 0.0347167 0.00139628 0.00461185 0.313808 
0.558486 0.0134003 0.0860781 0.0570226 0.00130249 0.00444146 0.279269 
0.619845 0.0160761 0.0811473 0.0624997 0.00131393 0.00313315 0.215985 
0.514226 0.0138596 0.0806323 0.0291512 0.00110461 0.00404049 0.356986 
0.561328 0.0146874 0.0623842 0.032638 0.0016074 0.00458071 0.322775 
0.59058 0.0154049 0.072074 0.0417254 0.00119815 0.00444758 0.27457 
0.692669 0.0152771 0.0613937 0.0518127 0.00136781 0.0040443 0.173435 
0.611933 0.0123481 0.061558 0.0602978 0.00181126 0.00523926 0.246812 
0.6217 0.013712 0.0751208 0.0476559 0.00126609 0.00465264 0.235892 
0.665064 0.0153583 0.0645579 0.0744954 0.00179503 0.00329424 0.175435 
0.588082 0.0149193 0.0755383 0.0450286 0.00141912 0.00340526 0.271607 
0.646468 0.0160233 0.0631836 0.0560275 0.00187916 0.00401382 0.212405 
0.589183 0.0163963 0.0813516 0.0763659 0.00188215 0.00286854 0.231952 
0.63483 0.017203 0.0676354 0.058264 0.00166822 0.00330229 0.217097 
0.609656 0.0154558 0.0726642 0.0430542 0.00128942 0.00407687 0.253804 
0.562085 0.0169998 0.0628834 0.0645122 0.00162954 0.00455398 0.287336 
0.511683 0.0160384 0.0660363 0.0269703 0.00142076 0.00459894 0.373252 
0.655987 0.0173627 0.059387 0.046271 0.00148016 0.00429699 0.215215 
0.688098 0.0126155 0.0690709 0.0458358 0.00133214 0.00444046 0.178607 
0.614035 0.0122967 0.0713572 0.0412452 0.00135659 0.00389424 0.255815 
0.590358 0.0148686 0.0786251 0.0459796 0.00152869 0.00299343 0.265647 
0.663753 0.0130337 0.0831899 0.0463629 0.00118101 0.00323155 0.189248 
0.726162 0.0167882 0.0641062 0.0899504 0.00152915 0.00368671 0.0977771 
0.661769 0.0137744 0.0699247 0.0404588 0.00122333 0.00551443 0.207336 
0.666923 0.015356 0.0811495 0.0561069 0.00117607 0.00313005 0.176159 
0.661883 0.0151608 0.0894789 0.0530179 0.00108842 0.0033276 0.176043 
0.720444 0.0176271 0.0669256 0.0885902 0.0014522 0.00291754 0.102043 
0.723449 0.016678 0.0781993 0.0809791 0.00121283 0.00279826 0.0966832 
0.694529 0.0136741 0.084245 0.0582904 0.00113366 0.00321447 0.144913 
0.72451 0.0147862 0.0677272 0.033332 0.00112755 0.0053048 0.153212 
0.750919 0.0173503 0.0588178 0.0652424 0.00128396 0.00537345 0.101013 
0.762432 0.0211608 0.0468359 0.0831922 0.00175855 0.00418406 0.080437 
0.749051 0.0177347 0.0565437 0.105825 0.00166099 0.00492533 0.06426 
0.689929 0.0195658 0.0542115 0.131764 0.00199131 0.00518801 0.0973506 
0.735398 0.0203597 0.047675 0.0585659 0.00200785 0.00548012 0.130513 
0.742933 0.0217517 0.0503278 0.0428046 0.00164839 0.00446876 0.136065 
0.781751 0.0158178 0.0622749 0.0678882 0.00137444 0.00393687 0.0669571 
0.779887 0.015436 0.0637607 0.0445895 0.00111983 0.0035234 0.0916839 
0.769879 0.0175818 0.0501162 0.0686052 0.00183813 0.00410952 0.0878699 
0.776445 0.017163 0.0541515 0.044703 0.00157317 0.00440582 0.101559 
0.798412 0.0185817 0.0463599 0.0697343 0.00182767 0.00317926 0.061905 
0.797412 0.0162033 0.0457409 0.0488778 0.00225223 0.00536605 0.0841479 
0.76905 0.0148728 0.0549236 0.0330721 0.00167491 0.00607769 0.120329 
0.842617 0.0164853 0.0487178 0.035 0.00167287 0.00538475 0.0501225 
0.840056 0.0160989 0.0473175 0.0345209 0.00211126 0.00473759 0.0551577 
0.828618 0.0236871 0.0416723 0.0414095 0.00221126 0.0066143 0.0557876 
0.831712 0.020718 0.0443508 0.0443448 0.00169854 0.00449554 0.0526803 
0.825596 0.0177197 0.0466628 0.0330331 0.00173342 0.00510697 0.0701481 
0.809809 0.0177495 0.0501795 0.0504563 0.00190977 0.00393049 0.0659652 
0.817186 0.0144917 0.0516857 0.0490058 0.00199957 0.0047773 0.060854 
0.833689 0.0152431 0.0477076 0.0411111 0.00140234 0.00756285 0.0532839 
0.81963 0.0128684 0.055158 0.0482232 0.00144221 0.00422936 0.0584492 
0.761632 0.0149439 0.0549556 0.067666 0.00203369 0.00363434 0.0951341 
0.787222 0.0153592 0.0522388 0.0668403 0.00194372 0.00525456 0.0711418 
0.739702 0.0134373 0.0578751 0.0760271 0.00180638 0.0061617 0.104991 
0.784814 0.0115508 0.0624297 0.0344676 0.0014317 0.0041008 0.101205 
0.846018 0.0122891 0.0495939 0.0238265 0.00134629 0.00603207 0.0608945 
0.834461 0.0128658 0.0555536 0.0324337 0.00118161 0.00424469 0.05926 
0.82748 0.0133678 0.0556263 0.0343278 0.00152886 0.00392802 0.0637414 
0.84103 0.0135422 0.0464694 0.0365603 0.00183097 0.00435518 0.0562124 
0.76389 0.0158897 0.0468995 0.056324 0.00215142 0.00851887 0.106327 
0.800661 0.0164683 0.0469373 0.0423238 0.00192761 0.00708583 0.0845966 
0.763368 0.0141206 0.0546566 0.0458853 0.00147646 0.00569839 0.114795 
0.742656 0.0129501 0.0615152 0.0501334 0.00137937 0.00495167 0.126414 
0.709054 0.0130784 0.0571385 0.022943 0.00153548 0.0077971 0.188453 
0.815214 0.0161347 0.0438097 0.0350102 0.0020106 0.00618516 0.0816361 
0.783609 0.0159048 0.052418 0.0654645 0.00153555 0.00405523 0.0770132 
0.779462 0.0129083 0.0491567 0.103794 0.0025888 0.00460065 0.0474893 
0.747983 0.0170582 0.0598763 0.0747538 0.00222048 0.00297775 0.0951301 
0.761833 0.0171183 0.0464258 0.0844112 0.00257152 0.00332894 0.0843113 
0.698406 0.0179377 0.0586471 0.11181 0.0019686 0.00477751 0.106453 
0.655307 0.014726 0.0748011 0.0694766 0.00152339 0.00586189 0.178304 
0.731274 0.0145634 0.0638498 0.0794782 0.00183335 0.00444142 0.10456 
0.736975 0.0149476 0.0613282 0.0434444 0.00141884 0.00445085 0.137435 
0.756174 0.0135064 0.0591556 0.0673614 0.00180528 0.00579609 0.0962009 
0.717692 0.0148647 0.0609751 0.0759731 0.00185547 0.00478082 0.123859 
0.777799 0.0142662 0.0565405 0.050437 0.00167763 0.00400209 0.0952772 
0.772582 0.0149533 0.0515655 0.0433722 0.00239666 0.00423794 0.110892 
0.774714 0.0127409 0.0652383 0.0602337 0.00150973 0.00428816 0.081275 
0.725716 0.0150206 0.0635868 0.063306 0.00188675 0.00397597 0.126508 
0.743114 0.0149657 0.0609172 0.0463809 0.00155658 0.00400432 0.129062 
0.795466 0.0128492 0.0530594 0.0476184 0.00180687 0.00394047 0.0852593 
0.764303 0.0130038 0.0613059 0.0470614 0.00139821 0.00386211 0.109066 
0.782632 0.0121216 0.0537979 0.0430226 0.00166544 0.00346116 0.103299 
0.683723 0.0115754 0.0656 0.0236945 0.00145297 0.00398409 0.20997 
0.659279 0.012975 0.0708224 0.035064 0.00139805 0.00494874 0.215513 
0.720778 0.0129925 0.0637492 0.0504982 0.00154734 0.00380048 0.146634 
0.782635 0.0125031 0.0569676 0.0556158 0.00159777 0.0029387 0.0877419 
0.712684 0.0137905 0.0536463 0.0211436 0.00171718 0.0049014 0.192117 
0.761318 0.0129978 0.0587885 0.032793 0.0016541 0.00402332 0.128425 
0.795112 0.0115401 0.0608949 0.0359349 0.00126256 0.00359504 0.0916605 
0.698417 0.0174176 0.0518144 0.0542855 0.00195 0.005428 0.170687 
0.740307 0.0129912 0.0511773 0.0328876 0.00211618 0.00486092 0.15566 
0.694347 0.0140926 0.0495516 0.0275531 0.00280064 0.00763052 0.204025 
0.783453 0.0170518 0.0470972 0.0602765 0.00257985 0.00562934 0.0839122 
0.763595 0.014154 0.0527947 0.0367071 0.00202958 0.00396403 0.126756 
0.785087 0.0151228 0.0494853 0.0483309 0.00188687 0.00517375 0.0949134 
0.785625 0.0128947 0.0510991 0.0432828 0.00202407 0.0053959 0.0996787 
0.648323 0.0152746 0.0568811 0.0285746 0.00177578 0.00538585 0.243785 
0.732975 0.0131415 0.0563479 0.0402595 0.00236143 0.00377081 0.151144 
0.741026 0.0160461 0.0527947 0.0654645 0.00267793 0.0034342 0.118557 
0.723256 0.0120643 0.0730302 0.0423485 0.00131022 0.00477684 0.143214 
0.721161 0.0149341 0.0703314 0.0294386 0.00105662 0.00434693 0.158731 
0.761247 0.0137975 0.0662917 0.0390892 0.00118 0.00462148 0.113773 
0.630115 0.014929 0.0766961 0.0377601 0.00122006 0.00509123 0.234189 
0.532039 0.0171613 0.0889261 0.053338 0.00138376 0.00502445 0.302127 
0.553239 0.0158346 0.0734115 0.0416723 0.00156097 0.00603789 0.308244 
0.644093 0.014958 0.0591435 0.0616882 0.00212991 0.00824607 0.209741 
0.665711 0.0157743 0.0627094 0.0789128 0.00225487 0.00660629 0.168032 
0.629574 0.0186553 0.04847 0.021273 0.00219097 0.00884237 0.270994 
0.529399 0.016088 0.0657371 0.02097 0.00154686 0.00821073 0.358048 
0.701726 0.01441 0.0574342 0.0250986 0.0015651 0.00777906 0.191987 
0.718142 0.0142524 0.0588095 0.0148059 0.0011497 0.00879586 0.184045 
0.778321 0.012939 0.0620456 0.0359209 0.00122958 0.00293343 0.10661 
0.730292 0.0109121 0.0715303 0.0832877 0.00185526 0.00267841 0.0994445 
0.732562 0.0116754 0.0788279 0.0440201 0.00130658 0.00255844 0.12905 
0.755895 0.0152105 0.0645173 0.0608312 0.00155979 0.00303348 0.0989529 
0.726628 0.014608 0.0698923 0.0798423 0.00157348 0.00327071 0.104185 
0.732938 0.0136173 0.0823697 0.0426983 0.00103626 0.00341688 0.123924 
0.765209 0.0132814 0.0708167 0.0738071 0.00131333 0.00301267 0.07256 
0.721224 0.0139935 0.0716929 0.091101 0.00143897 0.00444762 0.0961021 
0.718093 0.015422 0.0841077 0.0826215 0.00124676 0.00353262 0.0949763 
0.663917 0.0134257 0.0844109 0.0842868 0.00144624 0.00486834 0.147645 
0.782573 0.0163632 0.0631883 0.0738948 0.00122121 0.00439195 0.0583671 
0.733742 0.013996 0.0577329 0.0397293 0.00118443 0.00510419 0.148511 
0.699081 0.0161768 0.0618073 0.0539469 0.00126246 0.00502081 0.162705 
0.684961 0.0142234 0.0716323 0.0670874 0.00126147 0.00379916 0.157035 
0.526312 0.0159575 0.0651804 0.0493312 0.0012303 0.00601461 0.335974 
0.560557 0.0145984 0.073318 0.0580395 0.00140213 0.00438911 0.287696 
0.557626 0.0106059 0.0772351 0.0347167 0.00139628 0.00461185 0.313808 
0.558486 0.0134003 0.0860781 0.0570226 0.00130249 0.00444146 0.279269 
0.619845 0.0160761 0.0811473 0.0624997 0.00131393 0.00313315 0.215985 
0.514226 0.0138596 0.0806323 0.0291512 0.00110461 0.00404049 0.356986 
0.561328 0.0146874 0.0623842 0.032638 0.0016074 0.00458071 0.322775 
0.59058 0.0154049 0.072074 0.0417254 0.00119815 0.00444758 0.27457 
0.692669 0.0152771 0.0613937 0.0518127 0.00136781 0.0040443 0.173435 
0.611933 0.0123481 0.061558 0.0602978 0.00181126 0.00523926 0.246812 
0.6217 0.013712 0.0751208 0.0476559 0.00126609 0.00465264 0.235892 
0.665064 0.0153583 0.0645579 0.0744954 0.00179503 0.00329424 0.175435 
0.588082 0.0149193 0.0755383 0.0450286 0.00141912 0.00340526 0.271607 
0.646468 0.0160233 0.0631836 0.0560275 0.00187916 0.00401382 0.212405 
0.589183 0.0163963 0.0813516 0.0763659 0.00188215 0.00286854 0.231952 
0.63483 0.017203 0.0676354 0.058264 0.00166822 0.00330229 0.217097 
0.609656 0.0154558 0.0726642 0.0430542 0.00128942 0.00407687 0.253804 
0.562085 0.0169998 0.0628834 0.0645122 0.00162954 0.00455398 0.287336 
0.511683 0.0160384 0.0660363 0.0269703 0.00142076 0.00459894 0.373252 
0.655987 0.0173627 0.059387 0.046271 0.00148016 0.00429699 0.215215 
0.688098 0.0126155 0.0690709 0.0458358 0.00133214 0.00444046 0.178607 
0.614035 0.0122967 0.0713572 0.0412452 0.00135659 0.00389424 0.255815 
0.590358 0.0148686 0.0786251 0.0459796 0.00152869 0.00299343 0.265647 
0.663753 0.0130337 0.0831899 0.0463629 0.00118101 0.00323155 0.189248 
0.726162 0.0167882 0.0641062 0.0899504 0.00152915 0.00368671 0.0977771 
0.661769 0.0137744 0.0699247 0.0404588 0.00122333 0.00551443 0.207336 
0.666923 0.015356 0.0811495 0.0561069 0.00117607 0.00313005 0.176159 
0.661883 0.0151608 0.0894789 0.0530179 0.00108842 0.0033276 0.176043 
0.720444 0.0176271 0.0669256 0.0885902 0.0014522 0.00291754 0.102043 
0.723449 0.016678 0.0781993 0.0809791 0.00121283 0.00279826 0.0966832 
0.694529 0.0136741 0.084245 0.0582904 0.00113366 0.00321447 0.144913 
0.72451 0.0147862 0.0677272 0.033332 0.00112755 0.0053048 0.153212 
0.750919 0.0173503 0.0588178 0.0652424 0.00128396 0.00537345 0.101013 
0.762432 0.0211608 0.0468359 0.0831922 0.00175855 0.00418406 0.080437 
0.749051 0.0177347 0.0565437 0.105825 0.00166099 0.00492533 0.06426 
0.689929 0.0195658 0.0542115 0.131764 0.00199131 0.00518801 0.0973506 
0.735398 0.0203597 0.047675 0.0585659 0.00200785 0.00548012 0.130513 
0.742933 0.0217517 0.0503278 0.0428046 0.00164839 0.00446876 0.136065 
0.781751 0.0158178 0.0622749 0.0678882 0.00137444 0.00393687 0.0669571 
0.779887 0.015436 0.0637607 0.0445895 0.00111983 0.0035234 0.0916839 
0.769879 0.0175818 0.0501162 0.0686052 0.00183813 0.00410952 0.0878699 
0.776445 0.017163 0.0541515 0.044703 0.00157317 0.00440582 0.101559 
0.798412 0.0185817 0.0463599 0.0697343 0.00182767 0.00317926 0.061905 
0.781542 0.0195071 0.071079 0.0299707 7.02535E-4 0.00493038 0.0922683 
0.826033 0.0126097 0.0571344 0.0498563 0.00130407 0.00290639 0.0501558 
0.790635 0.0134094 0.0722742 0.0526434 0.00108451 0.00405254 0.0659008 
0.792795 0.0121601 0.0574006 0.047657 0.00147583 0.00556648 0.0829445 
0.770045 0.0155149 0.0700454 0.0546582 0.00112017 0.00485697 0.0837596 
0.67404 0.0135303 0.0758402 0.0445098 0.00107845 0.00533043 0.185671 
0.697186 0.0165481 0.0827156 0.0481828 0.0010492 0.00432931 0.149989 
0.707946 0.0108064 0.0786391 0.040885 9.17802E-4 0.00600382 0.154802 
0.608428 0.0133453 0.0850333 0.0342727 7.4504E-4 0.00947713 0.248698 
0.708349 0.0164091 0.0746514 0.0321718 8.29621E-4 0.00617302 0.161416 
0.796613 0.0184157 0.0528177 0.028991 0.00100547 0.00736639 0.0947907 
0.714492 0.0180463 0.0675471 0.0358992 8.10128E-4 0.00693124 0.156274 
0.653568 0.0168338 0.0652662 0.0431399 0.001025 0.0063186 0.213849 
0.677 0.0147753 0.0585904 0.0369543 0.00129355 0.00642905 0.204957 
0.614507 0.0122766 0.0741919 0.0398496 0.00109246 0.00619118 0.251891 
0.539552 0.0153548 0.106765 0.0391403 0.00126843 0.00414998 0.29377 
0.60065 0.0144895 0.0807821 0.0412063 9.86833E-4 0.00585794 0.256027 
0.583411 0.0151471 0.0916974 0.0426501 0.00107357 0.0049659 0.261055 
0.64033 0.0141585 0.0746803 0.0226418 8.77685E-4 0.00590779 0.241404 
0.739821 0.0141523 0.0719943 0.0333859 8.34497E-4 0.00561208 0.1342 
0.732966 0.0160278 0.0599832 0.0387862 0.00116558 0.00640208 0.144669 
0.570354 0.014279 0.0742678 0.0219825 9.17995E-4 0.00715961 0.311039 
0.628603 0.0153046 0.0790741 0.0448623 9.80084E-4 0.00592455 0.225252 
0.754999 0.0139172 0.0541566 0.0664816 0.0014567 0.00599073 0.102998 
0.725552 0.0161708 0.0602533 0.0658791 0.00127595 0.00892515 0.121944 
0.633547 0.0195515 0.0767173 0.0330309 7.89189E-4 0.00751969 0.228845 
0.69889 0.0146337 0.0861837 0.0256276 6.51302E-4 0.00690861 0.167105 
0.69389 0.0144069 0.0784623 0.0317454 9.13295E-4 0.00434416 0.176238 
0.719154 0.0116004 0.0773512 0.0570609 0.00122395 0.00690376 0.126706 
0.637747 0.0121524 0.0762577 0.0238676 8.78662E-4 0.00768379 0.241413 
0.59427 0.013885 0.0803001 0.0237312 9.97507E-4 0.00513245 0.281684 
0.73781 0.0109449 0.0712616 0.0436349 0.00107187 0.00515122 0.130126 
0.716529 0.0146217 0.0623194 0.0401747 0.00113009 0.0065913 0.158634 
0.69537 0.0139451 0.0648779 0.0442276 0.00133216 0.00585312 0.174394 
0.702074 0.0138177 0.0704515 0.0335982 0.00109027 0.00531374 0.173654 
0.702512 0.0142273 0.0663406 0.0344426 0.00104851 0.00577617 0.175653 
0.700568 0.0131654 0.0719029 0.0334757 9.49495E-4 0.00540569 0.174533 
0.70677 0.014034 0.066055 0.0382483 0.00115479 0.00504987 0.168688 
0.743497 0.0191474 0.0603931 0.0500708 9.94679E-4 0.0082356 0.117662 
0.771358 0.0159977 0.0579728 0.0379932 9.3997E-4 0.00999336 0.105745 
0.777821 0.0122325 0.0624719 0.0379197 9.99389E-4 0.0059836 0.102572 
0.758463 0.0116802 0.0733483 0.0255673 8.03928E-4 0.00602512 0.124112 
0.633463 0.0117189 0.0711854 0.0186353 0.00101027 0.00749147 0.256495 
0.661382 0.013586 0.0711567 0.0293602 8.76095E-4 0.00699415 0.216645 
0.732454 0.0135964 0.072006 0.0417353 0.00103689 0.00656223 0.132609 
0.709632 0.0122658 0.0869359 0.0320224 8.04149E-4 0.0057179 0.152622 
0.618396 0.0146699 0.0696581 0.0836284 0.00174635 0.00750735 0.204394 
0.655797 0.0124757 0.0634148 0.0290126 0.00134175 0.00755302 0.230405 
0.730023 0.0111515 0.0698647 0.0465636 0.0010743 0.0064494 0.134873 
0.748448 0.0121225 0.0690798 0.0555584 0.00126172 0.00527718 0.108253 
0.731494 0.0115525 0.0639488 0.0407733 0.00116685 0.00595185 0.145112 
0.607804 0.0127513 0.0767023 0.0270429 0.00108037 0.00627855 0.268341 
0.611491 0.0137416 0.0726159 0.0419093 0.00127187 0.00586141 0.253109 
0.626903 0.0135277 0.0702731 0.0402493 0.0011061 0.00945038 0.238491 
0.561586 0.0140045 0.084533 0.0431397 0.00101866 0.00822113 0.287497 
0.606781 0.012615 0.0845799 0.0352608 0.00100303 0.00612441 0.253636 
0.625516 0.0133905 0.0868281 0.0308028 7.66308E-4 0.00769443 0.235002 
0.671055 0.0136531 0.0774691 0.0462798 9.97775E-4 0.00681586 0.18373 
0.668038 0.0149043 0.068883 0.0264093 7.8653E-4 0.00855667 0.212422 
0.75606 0.0157138 0.0511713 0.0397344 0.00134888 0.00957061 0.126402 
0.678254 0.0134261 0.0654408 0.071399 0.00179048 0.00486032 0.164829 
0.704556 0.0114881 0.066075 0.0839102 0.00218974 0.00452891 0.127252 
0.684883 0.0125914 0.066661 0.0701955 0.00187123 0.00405411 0.159744 
0.706349 0.0115392 0.0612522 0.0861318 0.00236927 0.00332555 0.129033 
0.750498 0.0118051 0.0601876 0.0666268 0.00159237 0.00424823 0.105041 
0.722619 0.0132692 0.0583855 0.0472691 0.00170127 0.00417153 0.152584 
0.705216 0.0143291 0.0609496 0.100341 0.00188715 0.0055574 0.11172 
0.727509 0.0125898 0.063891 0.0703079 0.00156426 0.0048596 0.119278 
0.712722 0.0113784 0.0695266 0.0916034 0.0019582 0.00408438 0.108727 
0.716497 0.0123676 0.0576535 0.0456935 0.00169703 0.00676963 0.159321 
0.738599 0.0127847 0.060034 0.0627298 0.00173112 0.00503938 0.119082 
