0.744552 0.0125916 0.0779833 0.0913454 0.00180638 0.00330597 0.0684156 
0.781923 0.00922645 0.0861305 0.0409488 0.0014224 0.00347261 0.0768765 
0.718007 0.0110567 0.090872 0.0985645 0.00185763 0.00451368 0.0751289 
0.795111 0.00753303 0.093516 0.0272836 0.00114796 0.00245476 0.0729541 
0.776661 0.00941555 0.0766979 0.0618583 0.00190031 0.00427205 0.0691947 
0.775318 0.0105354 0.0677034 0.0923879 0.00254561 0.00267381 0.0488363 
0.785494 0.0126325 0.0676817 0.0745839 0.00252014 0.0025403 0.0545476 
0.783426 0.00938168 0.0702459 0.0265955 0.0016327 0.00318436 0.105534 
0.777524 0.0106471 0.0699969 0.0271542 0.00182436 0.00439606 0.108457 
0.765134 0.00889694 0.0881815 0.0487338 0.00140465 0.0032009 0.084448 
0.74142 0.0102143 0.0912922 0.0850905 0.0020872 0.00247599 0.0674201 
0.786839 0.0113698 0.0763049 0.0504541 0.00156829 0.0051968 0.068267 
0.771807 0.0131313 0.0880399 0.0510446 0.00139891 0.00331907 0.0712593 
0.808363 0.00957225 0.0753618 0.0311755 0.00151761 0.00440364 0.0696058 
0.781825 0.00995181 0.0915271 0.0319972 0.00172911 0.00331283 0.0796565 
0.815721 0.0130591 0.0662033 0.0509359 0.0019612 0.00235628 0.0497634 
0.824014 0.0101218 0.0753488 0.0346262 0.00149697 0.00323365 0.0511587 
0.799069 0.0114026 0.0820174 0.038419 0.00129421 0.00318715 0.0646105 
0.792096 0.0119036 0.0712447 0.0432946 0.00204698 0.00274178 0.0766727 
0.821229 0.012375 0.0784833 0.042671 0.00140965 0.00209603 0.0417363 
0.800758 0.00957451 0.0878437 0.0359854 0.00150522 0.00268116 0.0616516 
0.803802 0.0107563 0.0840908 0.03082 0.00123988 0.00317515 0.0661163 
0.794734 0.00951583 0.0858416 0.0324116 0.0012632 0.00303624 0.0731972 
0.834736 0.0120029 0.0612036 0.0365303 0.002611 0.00336698 0.0495496 
0.816434 0.0114591 0.0631492 0.0573234 0.00206266 0.00291508 0.0466566 
0.743322 0.0135025 0.0676319 0.12869 0.00274914 0.00219126 0.041913 
0.839914 0.00952302 0.0710138 0.0347216 0.00200229 0.00255919 0.040266 
0.790321 0.0102314 0.0799307 0.0536325 0.00154556 0.00255305 0.0617857 
0.792954 0.0102526 0.0710873 0.0645323 0.00188046 0.00212538 0.0571684 
0.812449 0.0104862 0.0675973 0.0468829 0.00187751 0.0029483 0.0577588 
0.760262 0.00975633 0.0694389 0.0485452 0.00222979 0.00350548 0.106263 
0.782238 0.00934907 0.0777046 0.0465851 0.00252608 0.00302446 0.0785727 
0.768366 0.00897887 0.0786426 0.050858 0.00168585 0.00252924 0.0889391 
0.72638 0.0103915 0.0777747 0.0508598 0.00182291 0.00317859 0.129593 
0.751398 0.00840444 0.0884467 0.0275494 0.00136509 0.00297075 0.119865 
0.760336 0.00845308 0.0821544 0.0421348 0.00196126 0.00335946 0.101601 
0.760447 0.00818222 0.0841811 0.0666521 0.00237233 0.00303767 0.0751279 
0.746268 0.0100075 0.0746487 0.0654018 0.0031687 0.00407794 0.0964277 
0.783814 0.0109468 0.0722371 0.0606359 0.00225889 0.00255368 0.0675536 
0.786829 0.0108292 0.0723338 0.0303343 0.00177426 0.00334893 0.0945502 
0.705105 0.00955505 0.0899729 0.0672246 0.00153395 0.00514025 0.121468 
0.756165 0.0103778 0.0691441 0.108601 0.00329365 0.00578866 0.0466296 
0.792954 0.0102526 0.0710873 0.0645323 0.00188046 0.00212538 0.0571684 
0.812449 0.0104862 0.0675973 0.0468829 0.00187751 0.0029483 0.0577588 
0.760262 0.00975633 0.0694389 0.0485452 0.00222979 0.00350548 0.106263 
0.782238 0.00934907 0.0777046 0.0465851 0.00252608 0.00302446 0.0785727 
0.768366 0.00897887 0.0786426 0.050858 0.00168585 0.00252924 0.0889391 
0.72638 0.0103915 0.0777747 0.0508598 0.00182291 0.00317859 0.129593 
0.751398 0.00840444 0.0884467 0.0275494 0.00136509 0.00297075 0.119865 
0.760336 0.00845308 0.0821544 0.0421348 0.00196126 0.00335946 0.101601 
0.760447 0.00818222 0.0841811 0.0666521 0.00237233 0.00303767 0.0751279 
0.746268 0.0100075 0.0746487 0.0654018 0.0031687 0.00407794 0.0964277 
0.783814 0.0109468 0.0722371 0.0606359 0.00225889 0.00255368 0.0675536 
0.786829 0.0108292 0.0723338 0.0303343 0.00177426 0.00334893 0.0945502 
0.705105 0.00955505 0.0899729 0.0672246 0.00153395 0.00514025 0.121468 
0.756165 0.0103778 0.0691441 0.108601 0.00329365 0.00578866 0.0466296 
0.782408 0.0133909 0.0583108 0.0455986 0.00133484 0.00381893 0.0951384 
0.751362 0.0137786 0.0585272 0.0516836 0.00158132 0.00457659 0.118491 
0.731216 0.0163405 0.0558868 0.084758 0.00186536 0.00342149 0.106512 
0.739481 0.014699 0.0600711 0.0799588 0.00181105 0.00399452 0.0999843 
0.777128 0.0146884 0.0683122 0.0376159 9.39544E-4 0.00417283 0.0971431 
0.795607 0.0145568 0.0481814 0.0269765 0.00140054 0.00649106 0.106787 
0.750747 0.0151364 0.0499475 0.0439012 0.00177907 0.0051049 0.133384 
0.809524 0.0159231 0.0475162 0.0560067 0.00143509 0.0049636 0.0646312 
0.811318 0.0143236 0.0540881 0.0516953 0.00125234 0.00460237 0.0627207 
0.751751 0.0160499 0.0584048 0.0548471 0.0013008 0.00609977 0.111546 
0.742004 0.0157287 0.0636166 0.052009 0.00118385 0.00572115 0.119737 
0.759301 0.018078 0.0562377 0.0384091 0.00109803 0.00685379 0.120023 
0.793065 0.0192822 0.0525866 0.029954 0.00121852 0.00499769 0.0988963 
0.764721 0.0179951 0.0621816 0.0619798 0.00129758 0.00386861 0.0879558 
0.778942 0.0184523 0.0520978 0.0715893 0.0016194 0.00344405 0.0738555 
0.651108 0.0165399 0.0610536 0.102532 0.00201902 0.00357374 0.163174 
0.637495 0.0149287 0.0745121 0.0900983 0.00154195 0.00478318 0.176641 
0.700421 0.0174769 0.0672229 0.0825379 0.00139914 0.00526151 0.125681 
0.746604 0.0161866 0.0526349 0.0689867 0.00145634 0.00549887 0.108633 
0.675936 0.0144394 0.0590178 0.0587517 0.00153464 0.00539868 0.184921 
0.704412 0.0129543 0.0710653 0.0347138 9.31474E-4 0.00703377 0.16889 
0.744585 0.015622 0.0535525 0.0368762 0.00137139 0.00592464 0.142068 
0.782913 0.0157881 0.0580455 0.0318789 0.00106374 0.00461479 0.105696 
0.739266 0.0196827 0.0558289 0.0827757 0.00149305 0.00366143 0.0972925 
0.745796 0.0235642 0.0525017 0.0798594 0.00134985 0.00443422 0.0924948 
0.742809 0.0167078 0.0556905 0.0923279 0.00156394 0.00376544 0.0871359 
0.704577 0.0183244 0.0623247 0.073196 0.00137356 0.00524313 0.134961 
0.671682 0.0182391 0.0673795 0.0920002 0.00132968 0.00532991 0.14404 
0.641228 0.016739 0.0756413 0.111126 0.00167965 0.00528331 0.148302 
0.607531 0.0171894 0.0804681 0.133226 0.00198817 0.00459238 0.155005 
0.60423 0.0150429 0.0677249 0.0805008 0.00162645 0.00406322 0.226812 
0.677743 0.0140909 0.0755135 0.0991679 0.00155164 0.0046015 0.127332 
0.652156 0.0180555 0.0770329 0.111504 0.00152897 0.00419221 0.13553 
0.707962 0.0179809 0.0648658 0.140291 0.00147906 0.00402876 0.0633927 
0.703552 0.0166465 0.0593727 0.120896 0.00156495 0.00549627 0.0924715 
0.79425 0.0161861 0.0486165 0.0664474 0.00116047 0.00547154 0.0678679 
0.780638 0.0204997 0.0480975 0.0730296 0.00130622 0.00399133 0.0724379 
0.742913 0.0135797 0.0653668 0.0555427 0.00118233 0.00451254 0.116903 
0.775858 0.014908 0.0693141 0.0505684 9.20215E-4 0.00355594 0.0848753 
0.750789 0.0146087 0.0619274 0.114054 0.00142914 0.00337639 0.0538149 
0.71462 0.0142437 0.0641377 0.0843409 0.00141478 0.00428709 0.116956 
0.762599 0.0119399 0.073324 0.0527329 0.00101223 0.00384604 0.0945461 
0.704437 0.0116379 0.0745656 0.0451617 0.00108629 0.00397104 0.15914 
0.755359 0.0125127 0.0790535 0.0602874 0.00120077 0.00275107 0.0888352 
0.775194 0.0107637 0.0704225 0.0668882 0.00133628 0.00331966 0.0720753 
0.799352 0.0110621 0.0669228 0.0483787 0.00105209 0.00439985 0.0688324 
0.716599 0.0136032 0.0628305 0.0498786 0.0012162 0.00667168 0.149201 
0.789479 0.0144753 0.06415 0.0413669 0.0011258 0.00439726 0.0850061 
0.818837 0.0147489 0.0582831 0.0507185 0.00108656 0.00349303 0.0528331 
0.762274 0.0171739 0.0504629 0.113205 0.001606 0.00386952 0.0514092 
0.723672 0.0129304 0.0587275 0.0791356 0.00139072 0.00834075 0.115803 
0.680985 0.0138923 0.0631033 0.0656765 0.00134743 0.00442937 0.170566 
0.608778 0.0176552 0.0848098 0.121506 0.00167727 0.00507933 0.160494 
0.631645 0.0133374 0.0790844 0.0660437 0.00140734 0.00270851 0.205773 
0.546262 0.0121887 0.0744013 0.0660318 0.00163662 0.00450001 0.29498 
0.456164 0.0141475 0.109926 0.0949677 0.00205689 0.00592268 0.316816 
0.312294 0.0156615 0.0900329 0.0425268 0.00125647 0.0053534 0.532875 
0.48368 0.0157092 0.0672078 0.138682 0.00207769 0.00615033 0.286493 
0.417776 0.0191154 0.0614391 0.108843 0.0023972 0.00562181 0.384807 
0.418153 0.0149627 0.0750646 0.120134 0.00241906 0.00590165 0.363364 
0.457726 0.0166114 0.0666428 0.0938113 0.00201091 0.00658187 0.356616 
0.503556 0.0134829 0.0794556 0.0830538 0.00188917 0.00512412 0.313439 
0.504446 0.0149935 0.0658771 0.0943457 0.00193902 0.00595812 0.31244 
0.468245 0.0161849 0.0973385 0.12584 0.00279734 0.00807196 0.281522 
0.462823 0.0177561 0.0817973 0.153351 0.00290388 0.00603967 0.275329 
0.466352 0.0179946 0.0737041 0.108828 0.00228491 0.00538343 0.325453 
0.559949 0.0186078 0.0623784 0.0927643 0.00192482 0.00536043 0.259015 
0.506769 0.0179135 0.0620124 0.128919 0.00207969 0.00670489 0.275601 
0.435283 0.0372334 0.0348384 0.00657567 0.00255965 0.0112982 0.472211 
0.565554 0.015604 0.0505854 0.0570321 0.00260577 0.00542353 0.303195 
0.449062 0.0137594 0.0571064 0.266741 0.00326041 0.0062067 0.203863 
0.534454 0.0167716 0.0566146 0.107886 0.00211319 0.00685068 0.27531 
0.597856 0.0179952 0.0470686 0.0480602 0.00204948 0.00639537 0.280575 
0.495522 0.0156056 0.0612809 0.0607571 0.00167223 0.00610159 0.35906 
0.534018 0.0161981 0.0603417 0.102332 0.00209761 0.0058267 0.279186 
0.449812 0.0149184 0.0617594 0.090161 0.0020076 0.00717389 0.374168 
0.569539 0.0137491 0.062046 0.117984 0.00223847 0.00664781 0.227796 
0.458284 0.0155835 0.0700877 0.0934278 0.00177914 0.0045566 0.356282 
0.760161 0.0135734 0.0559015 0.101072 0.00139262 0.00462782 0.0632716 
0.723773 0.013702 0.0601043 0.112417 0.00168029 0.00454497 0.083778 
0.738217 0.0140881 0.0525931 0.110876 0.00150039 0.00624011 0.0764852 
0.743204 0.0120448 0.0633973 0.091683 0.00140512 0.00525024 0.0830159 
0.69028 0.0137624 0.0749052 0.0889558 0.0014751 0.00693965 0.123682 
0.733927 0.0136466 0.0699961 0.0776673 0.00125218 0.00643873 0.0970717 
0.650455 0.0168772 0.0700706 0.163052 0.00183398 0.00538285 0.0923286 
0.681006 0.0157771 0.0648142 0.134433 0.00154372 0.00515211 0.0972733 
0.609763 0.0188468 0.0561179 0.22326 0.00176497 0.0068589 0.0833883 
0.751923 0.0140912 0.0514895 0.0729643 0.00151207 0.00449235 0.103528 
0.734629 0.0167638 0.0515862 0.0853264 0.00161948 0.00437195 0.105703 
0.77355 0.0177914 0.0533112 0.0526258 0.00111404 0.00469405 0.0969135 
0.661298 0.0214684 0.0718777 0.109879 0.0013791 0.00409503 0.130003 
0.68748 0.0151395 0.0628991 0.0985077 0.00144334 0.00631676 0.128214 
0.619612 0.0153883 0.0600165 0.243998 0.00190853 0.00410429 0.0549723 
0.581828 0.0155602 0.0728392 0.224478 0.00227819 0.00406765 0.0989485 
0.651066 0.0162457 0.0708092 0.168305 0.00201287 0.00453057 0.0870306 
0.635055 0.0138952 0.0642039 0.137427 0.00183736 0.00511646 0.142465 
0.671021 0.0151399 0.0662642 0.149689 0.00187174 0.0045219 0.0914931 
0.680364 0.01682 0.0643429 0.151211 0.00160224 0.00368291 0.0819776 
0.731206 0.0143875 0.0660757 0.0590772 0.00111194 0.0042141 0.123927 
0.704085 0.0132024 0.0618768 0.124647 0.00208741 0.0036372 0.0904635 
0.65488 0.0132855 0.0652578 0.135472 0.002211 0.00415062 0.124743 
0.694417 0.0144821 0.054122 0.124983 0.00215272 0.00499344 0.10485 
0.679086 0.0124489 0.0638557 0.115711 0.00181618 0.00567821 0.121404 
0.684307 0.015864 0.0574618 0.158725 0.00176214 0.00377768 0.0781018 
0.711613 0.0185327 0.0465839 0.128976 0.00180138 0.00331424 0.089179 
0.680548 0.0133319 0.0556622 0.142624 0.0019869 0.00441694 0.10143 
0.66995 0.0170151 0.0575506 0.090371 0.00155485 0.00861272 0.154946 
0.696361 0.015686 0.05515 0.0869514 0.00166128 0.00585112 0.138339 
0.694151 0.0134532 0.0601272 0.0787699 0.00160255 0.0047135 0.147182 
0.708003 0.0148962 0.0586566 0.0357956 0.00125168 0.00520799 0.176189 
0.698114 0.0144184 0.0561111 0.132335 0.00198303 0.00504197 0.0919968 
0.659878 0.0139565 0.0661058 0.154298 0.0020235 0.00510989 0.0986287 
0.727904 0.0144194 0.0590382 0.0919587 0.00165214 0.00376581 0.101261 
0.732579 0.0157393 0.0552459 0.0849494 0.00157249 0.00440346 0.105511 
0.714709 0.0159211 0.0643792 0.076571 0.00131732 0.00428753 0.122815 
0.67382 0.0171423 0.0597096 0.0381023 0.00119313 0.00520405 0.204829 
0.664013 0.0124691 0.0688635 0.0524711 0.00132442 0.00473932 0.19612 
0.466756 0.0158989 0.0827536 0.0487327 0.00115707 0.00682581 0.377876 
0.529674 0.0173951 0.0744114 0.104877 0.0016782 0.00576568 0.266199 
0.565846 0.0130401 0.0714521 0.0594626 0.00136943 0.00797779 0.280852 
0.524925 0.0161809 0.0847376 0.151423 0.00265526 0.0076594 0.212419 
0.539358 0.0155328 0.0814619 0.112138 0.00207951 0.00743693 0.241993 
0.638836 0.0151698 0.0838819 0.0855549 0.00146373 0.00546368 0.16963 
0.604927 0.0153126 0.0778113 0.060966 0.00116385 0.00569925 0.23412 
0.585112 0.0131973 0.0843248 0.0438175 9.9768E-4 0.005089 0.267462 
0.619891 0.013556 0.0693844 0.0451679 0.00114987 0.00473161 0.246119 
0.548728 0.0150174 0.0740416 0.0520011 0.00123478 0.00566572 0.303311 
0.634822 0.013856 0.0635448 0.147642 0.00190181 0.00805197 0.130182 
0.715706 0.0148675 0.0563655 0.0727972 0.00134553 0.00767242 0.131246 
0.682455 0.0172966 0.0561638 0.109352 0.0014693 0.00639019 0.126873 
0.64365 0.0173814 0.0689749 0.101665 0.00164398 0.00616588 0.160519 
0.649042 0.0155168 0.0599691 0.0991673 0.0017421 0.0075112 0.167051 
0.685366 0.013865 0.0582467 0.150209 0.00191964 0.00506419 0.0853298 
0.676943 0.0152983 0.0610906 0.168573 0.00189772 0.00410192 0.0720956 
0.64809 0.0152542 0.0722921 0.181499 0.00193752 0.00539669 0.0755312 
0.702107 0.0138083 0.0665123 0.10296 0.00153153 0.00504788 0.108033 
0.607603 0.0153945 0.0751924 0.146679 0.00204715 0.00579939 0.147285 
0.584471 0.01336 0.068792 0.180963 0.00210754 0.00460149 0.145705 
0.688083 0.0124412 0.0563798 0.137569 0.00200732 0.00518178 0.0983373 
0.672491 0.0167837 0.0555756 0.118137 0.00179914 0.00557388 0.12964 
0.65021 0.0134009 0.0641087 0.0849832 0.0016693 0.00661313 0.179015 
0.71463 0.0136347 0.0639861 0.079593 0.00138264 0.00679218 0.119981 
0.666063 0.015074 0.0621543 0.155858 0.00175499 0.00566471 0.0934307 
0.714701 0.0114094 0.0631247 0.0618821 0.0013101 0.00719041 0.140383 
0.640444 0.0116052 0.0761327 0.0961685 0.00176692 0.00646134 0.167421 
0.681288 0.0111626 0.0632959 0.110516 0.00192456 0.00594484 0.125868 
0.505454 0.0116376 0.081681 0.0855457 0.00168327 0.00652276 0.307476 
0.654523 0.0108444 0.0691381 0.107499 0.00171699 0.0051427 0.151136 
0.712895 0.0128638 0.0683447 0.0704595 0.00113977 0.00643506 0.127862 
0.772075 0.0162483 0.0513603 0.0645972 0.00195528 0.0087942 0.0849698 
0.787351 0.0149529 0.0526316 0.0338764 0.0015265 0.00864054 0.101022 
0.796403 0.017639 0.0517041 0.0582471 0.00194159 0.00595379 0.0681115 
0.731512 0.0145346 0.0687527 0.0511367 0.00129168 0.00534331 0.127429 
0.794334 0.0188012 0.0474934 0.0662185 0.00198359 0.00418038 0.0669887 
0.811555 0.0152685 0.050738 0.0329189 0.00154417 0.00448075 0.0834944 
0.787693 0.0176589 0.0533002 0.0345674 0.00207429 0.00442362 0.100282 
0.836564 0.0155213 0.0528804 0.0318793 0.00147222 0.00487482 0.0568077 
0.766677 0.012798 0.06118 0.0281105 0.00146261 0.00426084 0.125511 
0.799041 0.0126274 0.0564965 0.0561374 0.00191921 0.00336747 0.0704107 
0.824652 0.0164461 0.0450006 0.0542185 0.00205124 0.00316682 0.0544647 
0.795069 0.0158159 0.0481019 0.0425049 0.0019505 0.00417474 0.0923834 
0.7888 0.0165146 0.0563423 0.0492837 0.00135591 0.00413761 0.0835655 
0.786771 0.0161815 0.0579048 0.0408126 0.00138781 0.00492336 0.092019 
0.791398 0.0151272 0.0588454 0.0307331 0.00141557 0.00462605 0.0978548 
0.801875 0.017543 0.0542234 0.0397798 0.00164687 0.00299424 0.0819378 
0.760318 0.0124499 0.0580355 0.0351099 0.00178919 0.00456344 0.127734 
0.779728 0.0147068 0.0569063 0.037182 0.00154444 0.0034749 0.106458 
0.779599 0.0168943 0.0590016 0.0436669 0.00131444 0.00415278 0.0953714 
0.752448 0.0197066 0.0550665 0.0395288 0.0020001 0.00316677 0.128084 
0.792408 0.0176419 0.0540681 0.0523272 0.00160141 0.00397489 0.0779788 
0.788056 0.0152576 0.0592915 0.0402386 0.00163796 0.00405334 0.0914649 
0.775121 0.0152857 0.0495256 0.0329045 0.00200297 0.00600053 0.11916 
0.802562 0.0143503 0.051144 0.0450823 0.00161695 0.00492361 0.0803212 
0.792915 0.0135133 0.0507381 0.0823172 0.00183803 0.00338616 0.055292 
0.809834 0.0124268 0.0524178 0.0582813 0.00202716 0.00323973 0.0617736 
0.811565 0.0142406 0.0473004 0.0527485 0.00201611 0.00464249 0.0674868 
0.801039 0.015872 0.046175 0.0790943 0.00197566 0.00497855 0.0508657 
0.760161 0.0135734 0.0559015 0.101072 0.00139262 0.00462782 0.0632716 
0.723773 0.013702 0.0601043 0.112417 0.00168029 0.00454497 0.083778 
0.738217 0.0140881 0.0525931 0.110876 0.00150039 0.00624011 0.0764852 
0.743204 0.0120448 0.0633973 0.091683 0.00140512 0.00525024 0.0830159 
0.69028 0.0137624 0.0749052 0.0889558 0.0014751 0.00693965 0.123682 
0.733927 0.0136466 0.0699961 0.0776673 0.00125218 0.00643873 0.0970717 
0.650455 0.0168772 0.0700706 0.163052 0.00183398 0.00538285 0.0923286 
0.681006 0.0157771 0.0648142 0.134433 0.00154372 0.00515211 0.0972733 
0.609763 0.0188468 0.0561179 0.22326 0.00176497 0.0068589 0.0833883 
0.751923 0.0140912 0.0514895 0.0729643 0.00151207 0.00449235 0.103528 
0.734629 0.0167638 0.0515862 0.0853264 0.00161948 0.00437195 0.105703 
0.77355 0.0177914 0.0533112 0.0526258 0.00111404 0.00469405 0.0969135 
0.661298 0.0214684 0.0718777 0.109879 0.0013791 0.00409503 0.130003 
0.68748 0.0151395 0.0628991 0.0985077 0.00144334 0.00631676 0.128214 
0.619612 0.0153883 0.0600165 0.243998 0.00190853 0.00410429 0.0549723 
0.581828 0.0155602 0.0728392 0.224478 0.00227819 0.00406765 0.0989485 
0.651066 0.0162457 0.0708092 0.168305 0.00201287 0.00453057 0.0870306 
0.635055 0.0138952 0.0642039 0.137427 0.00183736 0.00511646 0.142465 
0.671021 0.0151399 0.0662642 0.149689 0.00187174 0.0045219 0.0914931 
0.680364 0.01682 0.0643429 0.151211 0.00160224 0.00368291 0.0819776 
0.731206 0.0143875 0.0660757 0.0590772 0.00111194 0.0042141 0.123927 
0.704085 0.0132024 0.0618768 0.124647 0.00208741 0.0036372 0.0904635 
0.65488 0.0132855 0.0652578 0.135472 0.002211 0.00415062 0.124743 
0.694417 0.0144821 0.054122 0.124983 0.00215272 0.00499344 0.10485 
0.679086 0.0124489 0.0638557 0.115711 0.00181618 0.00567821 0.121404 
0.684307 0.015864 0.0574618 0.158725 0.00176214 0.00377768 0.0781018 
0.711613 0.0185327 0.0465839 0.128976 0.00180138 0.00331424 0.089179 
0.680548 0.0133319 0.0556622 0.142624 0.0019869 0.00441694 0.10143 
0.66995 0.0170151 0.0575506 0.090371 0.00155485 0.00861272 0.154946 
0.696361 0.015686 0.05515 0.0869514 0.00166128 0.00585112 0.138339 
0.694151 0.0134532 0.0601272 0.0787699 0.00160255 0.0047135 0.147182 
0.708003 0.0148962 0.0586566 0.0357956 0.00125168 0.00520799 0.176189 
0.698114 0.0144184 0.0561111 0.132335 0.00198303 0.00504197 0.0919968 
0.659878 0.0139565 0.0661058 0.154298 0.0020235 0.00510989 0.0986287 
0.727904 0.0144194 0.0590382 0.0919587 0.00165214 0.00376581 0.101261 
0.732579 0.0157393 0.0552459 0.0849494 0.00157249 0.00440346 0.105511 
0.714709 0.0159211 0.0643792 0.076571 0.00131732 0.00428753 0.122815 
0.67382 0.0171423 0.0597096 0.0381023 0.00119313 0.00520405 0.204829 
0.664013 0.0124691 0.0688635 0.0524711 0.00132442 0.00473932 0.19612 
0.466756 0.0158989 0.0827536 0.0487327 0.00115707 0.00682581 0.377876 
0.529674 0.0173951 0.0744114 0.104877 0.0016782 0.00576568 0.266199 
0.565846 0.0130401 0.0714521 0.0594626 0.00136943 0.00797779 0.280852 
0.524925 0.0161809 0.0847376 0.151423 0.00265526 0.0076594 0.212419 
0.539358 0.0155328 0.0814619 0.112138 0.00207951 0.00743693 0.241993 
0.638836 0.0151698 0.0838819 0.0855549 0.00146373 0.00546368 0.16963 
0.604927 0.0153126 0.0778113 0.060966 0.00116385 0.00569925 0.23412 
0.585112 0.0131973 0.0843248 0.0438175 9.9768E-4 0.005089 0.267462 
0.619891 0.013556 0.0693844 0.0451679 0.00114987 0.00473161 0.246119 
0.548728 0.0150174 0.0740416 0.0520011 0.00123478 0.00566572 0.303311 
0.634822 0.013856 0.0635448 0.147642 0.00190181 0.00805197 0.130182 
0.715706 0.0148675 0.0563655 0.0727972 0.00134553 0.00767242 0.131246 
0.682455 0.0172966 0.0561638 0.109352 0.0014693 0.00639019 0.126873 
0.64365 0.0173814 0.0689749 0.101665 0.00164398 0.00616588 0.160519 
0.649042 0.0155168 0.0599691 0.0991673 0.0017421 0.0075112 0.167051 
0.685366 0.013865 0.0582467 0.150209 0.00191964 0.00506419 0.0853298 
0.676943 0.0152983 0.0610906 0.168573 0.00189772 0.00410192 0.0720956 
0.64809 0.0152542 0.0722921 0.181499 0.00193752 0.00539669 0.0755312 
0.702107 0.0138083 0.0665123 0.10296 0.00153153 0.00504788 0.108033 
0.607603 0.0153945 0.0751924 0.146679 0.00204715 0.00579939 0.147285 
0.584471 0.01336 0.068792 0.180963 0.00210754 0.00460149 0.145705 
0.688083 0.0124412 0.0563798 0.137569 0.00200732 0.00518178 0.0983373 
0.672491 0.0167837 0.0555756 0.118137 0.00179914 0.00557388 0.12964 
0.65021 0.0134009 0.0641087 0.0849832 0.0016693 0.00661313 0.179015 
0.71463 0.0136347 0.0639861 0.079593 0.00138264 0.00679218 0.119981 
0.666063 0.015074 0.0621543 0.155858 0.00175499 0.00566471 0.0934307 
0.714701 0.0114094 0.0631247 0.0618821 0.0013101 0.00719041 0.140383 
0.640444 0.0116052 0.0761327 0.0961685 0.00176692 0.00646134 0.167421 
0.681288 0.0111626 0.0632959 0.110516 0.00192456 0.00594484 0.125868 
0.505454 0.0116376 0.081681 0.0855457 0.00168327 0.00652276 0.307476 
0.654523 0.0108444 0.0691381 0.107499 0.00171699 0.0051427 0.151136 
0.712895 0.0128638 0.0683447 0.0704595 0.00113977 0.00643506 0.127862 
0.774823 0.0163094 0.0495901 0.0411978 0.00158215 0.00580654 0.110691 
0.692588 0.0134787 0.0652146 0.0474388 0.00128241 0.00650337 0.173494 
0.679794 0.0143843 0.0559271 0.0495493 0.00191402 0.00661472 0.191816 
0.741842 0.0122195 0.0588093 0.0344831 0.00163052 0.00856932 0.142446 
0.791833 0.0118849 0.053207 0.0357763 0.00146257 0.00502013 0.100816 
0.819394 0.0144926 0.0481571 0.0176558 0.00115814 0.00707052 0.0920713 
0.826771 0.0126807 0.0540224 0.0267923 0.00100789 0.00763364 0.0710917 
0.805619 0.0140291 0.0590709 0.0364603 0.00102804 0.00679071 0.077002 
0.79189 0.0146384 0.0633922 0.0237101 7.90913E-4 0.00656279 0.0990153 
0.775802 0.012786 0.0622637 0.0459562 0.0010954 0.00717793 0.0949189 
0.80842 0.0124827 0.0652975 0.0401281 0.00104279 0.00438881 0.0682402 
0.730977 0.014892 0.0546519 0.0298892 0.00128243 0.00762329 0.160684 
0.776493 0.0146385 0.0503728 0.0209732 0.00128267 0.00955452 0.126685 
0.746316 0.0116602 0.0566268 0.0324659 0.00140361 0.00634156 0.145186 
0.742851 0.0139511 0.0500707 0.0228215 0.00140179 0.00681293 0.162091 
0.748775 0.0128027 0.0602805 0.0349103 0.00107902 0.00555291 0.1366 
0.692752 0.0154553 0.0556187 0.0432554 0.00149721 0.00439941 0.187022 
0.66767 0.0141647 0.0615617 0.0649593 0.00178066 0.00594951 0.183914 
0.531881 0.0184616 0.0609039 0.0210419 0.00146274 0.00685052 0.359399 
0.514243 0.0114382 0.0817416 0.0179199 9.15277E-4 0.0114098 0.362332 
0.735841 0.0124406 0.0689346 0.0412529 0.0010559 0.00858065 0.131894 
0.720361 0.0108924 0.0719053 0.0308044 8.9753E-4 0.00793071 0.157208 
0.720401 0.0113148 0.0739989 0.0322533 8.31632E-4 0.0095944 0.151606 
0.673823 0.0121303 0.0751013 0.0377889 9.12284E-4 0.00862442 0.191619 
0.565561 0.0134549 0.0703645 0.0291434 0.00113928 0.00849286 0.311844 
0.504455 0.0141353 0.0642794 0.0227575 0.0012347 0.00912441 0.384014 
0.678755 0.0118656 0.0653777 0.0198825 0.00115884 0.00604369 0.216917 
0.723982 0.0117308 0.0569597 0.032103 0.0015974 0.0062972 0.16733 
0.743188 0.0153863 0.0469214 0.0243909 0.00189808 0.00639409 0.161821 
0.738902 0.0135305 0.0641495 0.0175828 9.44465E-4 0.0053774 0.159514 
0.748864 0.0160524 0.062218 0.0318704 0.00114316 0.00354535 0.136307 
0.666027 0.0141215 0.0803567 0.0174957 7.07692E-4 0.00636756 0.214924 
0.655299 0.0117259 0.0665609 0.0342917 0.00138748 0.00739738 0.223338 
0.678652 0.0135806 0.0684713 0.0325043 0.00112313 0.00533071 0.200337 
0.780545 0.0166881 0.050928 0.032404 0.00143837 0.00431392 0.113683 
0.72415 0.0166791 0.0561846 0.0441594 0.00137689 0.00550226 0.151948 
0.772447 0.0142131 0.049139 0.0311865 0.00165848 0.00642261 0.124933 
0.758507 0.0156903 0.0602363 0.0846317 0.00169059 0.00464418 0.0745996 
0.659741 0.00902569 0.0801278 0.0407677 0.00138771 0.00536478 0.203585 
0.630736 0.010838 0.0724068 0.0342668 0.00137828 0.00511095 0.245263 
0.723485 0.0127457 0.0559544 0.0489136 0.00166741 0.00563816 0.151595 
0.791391 0.0133662 0.045167 0.0369835 0.00201438 0.00595572 0.105122 
