0.716044 0.00644504 0.138856 0.00800582 8.79012E-4 0.00363055 0.12614 
0.744978 0.00861097 0.114428 0.0164423 0.00120376 0.00293993 0.111397 
0.710594 0.00703482 0.124537 0.0103147 7.53774E-4 0.00350882 0.143257 
0.850137 0.00722288 0.0896343 0.0112532 0.00116778 0.00198291 0.0386021 
0.768842 0.00552057 0.139618 0.0139721 0.00100276 0.00243336 0.0686106 
0.643368 0.00658643 0.150154 0.00319567 6.74957E-4 0.00398975 0.192031 
0.704796 0.00647588 0.117518 0.00596755 0.00142326 0.00423261 0.159587 
0.557217 0.00486778 0.161468 0.00592765 8.12861E-4 0.00311466 0.266591 
0.706609 0.00850503 0.117763 0.00537006 0.00140409 0.00178919 0.15856 
0.683907 0.00583956 0.123571 0.00636272 8.02101E-4 0.00216523 0.177352 
0.659781 0.00502135 0.162677 0.0138183 4.76985E-4 0.00228265 0.155943 
0.760201 0.00560942 0.109576 0.0178808 0.00110292 0.00286634 0.102763 
0.733606 0.00437196 0.152463 0.0207302 9.69114E-4 0.00209858 0.0857607 
0.758175 0.00568332 0.152305 0.00749088 0.00116472 0.00327411 0.0719068 
0.664955 0.00436197 0.190591 0.00557226 4.93495E-4 0.00650699 0.127519 
0.643757 0.00399009 0.246565 0.00631177 4.87611E-4 0.00711688 0.0917707 
0.728071 0.00428235 0.186879 0.00715431 9.31261E-4 0.00739379 0.0652888 
0.607228 0.00329002 0.240646 0.00577338 5.34638E-4 0.00802835 0.1345 
0.571074 0.00291206 0.269623 0.00360518 3.66595E-4 0.00737533 0.145044 
0.579915 0.00370284 0.242854 0.0028188 4.78058E-4 0.00745183 0.162779 
0.636833 0.00324687 0.238564 0.00492511 5.86012E-4 0.0096711 0.106175 
0.707051 0.00357821 0.181131 0.00336986 0.00100516 0.00467459 0.0991907 
0.64963 0.0028555 0.216239 0.00540914 3.8183E-4 0.00531589 0.120169 
0.491703 0.00449856 0.18795 0.00430535 0.00109505 0.00455485 0.305893 
0.381276 0.00500894 0.185768 0.00467536 0.00126488 0.00230421 0.419702 
0.324062 0.00291361 0.297163 0.00105436 6.18964E-4 0.00661495 0.367573 
0.202721 0.00493043 0.661666 8.56979E-4 8.9561E-4 0.106893 0.0220366 
0.0415864 0.00577561 0.466776 0.00346676 0.00196595 0.417804 0.0626255 
0.0426432 0.00370434 0.379028 0.00260792 0.00165666 0.491095 0.0792653 
0.00307815 4.84848E-4 0.591579 3.3221E-4 1.92502E-4 0.379607 0.0247268 
0.00431122 0.00119597 0.841294 0.00128472 6.35609E-4 0.107822 0.043457 
0.00233856 0.00367324 0.95045 5.77082E-4 3.00594E-4 0.0241227 0.0185373 
0.00229773 0.00344274 0.928805 5.98643E-4 1.33868E-4 0.049164 0.0155576 
0.00314751 0.0128966 0.840467 0.00178383 6.98627E-4 0.113016 0.0279904 
0.0023945 0.00177909 0.778571 6.05154E-4 2.17998E-4 0.192036 0.0243964 
0.00256633 3.82305E-4 0.14485 2.68317E-4 1.79492E-4 0.831597 0.0201567 
0.00414155 3.99102E-4 0.0941877 2.43377E-4 1.57126E-4 0.879425 0.0214463 
0.0156838 0.103893 0.666994 0.0126571 0.00582392 0.161635 0.0333134 
0.0433532 0.301246 0.309479 0.0603051 0.0318219 0.190855 0.0629402 
0.0342915 0.195512 0.50784 0.0330545 0.0177564 0.150053 0.0614927 
0.0132379 0.0880279 0.49966 0.00858445 0.00397018 0.355479 0.0310409 
0.0118003 0.0737552 0.536355 0.00833192 0.00321837 0.336019 0.0305196 
0.00421394 0.0116662 0.196557 6.63963E-4 1.3255E-4 0.773749 0.0130167 
0.00378076 0.001391 0.128437 1.98562E-4 1.18948E-4 0.850233 0.015841 
0.0114914 0.0487314 0.753823 0.0085793 0.00227867 0.151676 0.0234197 
0.0110718 0.0535929 0.660691 0.00889076 0.0024052 0.235745 0.0276036 
0.0123323 0.0198062 0.563627 0.00399874 8.22925E-4 0.367348 0.0320654 
0.0181498 0.022839 0.386984 0.00721974 0.00146398 0.517958 0.0453864 
0.0117821 0.0401517 0.211023 0.00500799 8.28553E-4 0.70154 0.0296666 
0.00796636 0.0266908 0.262139 0.00294207 6.88257E-4 0.67882 0.0207534 
0.00355339 0.00415027 0.0811903 6.30958E-4 1.26524E-4 0.897579 0.0127691 
0.00669287 0.0336454 0.879265 0.00512615 0.00244632 0.0642101 0.00861412 
0.00983392 0.00437549 0.356312 5.00499E-4 2.14194E-4 0.613009 0.0157547 
0.00646115 9.69325E-4 0.0260742 6.12394E-5 5.4072E-5 0.95541 0.0109705 
0.036613 0.0161194 0.0194652 2.59266E-4 2.23621E-4 0.827878 0.0994412 
0.00892172 0.00224726 0.0453393 4.32476E-4 3.00838E-4 0.91529 0.0274684 
0.0433438 0.00517023 0.127303 0.00207658 0.00143185 0.524076 0.296599 
0.00879064 0.00187468 0.0568494 1.24472E-4 1.20689E-4 0.923392 0.00884778 
0.00761491 0.00263385 0.163301 3.03244E-4 1.35395E-4 0.813554 0.0124584 
0.092116 0.00378466 0.535848 0.00260997 0.00163872 0.134706 0.229296 
0.0991374 0.00427496 0.416203 0.00251086 0.0017533 0.229988 0.246133 
0.0697808 0.00391094 0.654137 0.00130371 0.00106436 0.229724 0.0400793 
0.00203328 0.0103295 0.974644 0.00113341 4.55507E-4 0.007017 0.00438762 
0.0414221 0.255725 0.298815 0.141177 0.0645706 0.150911 0.0473806 
0.00186596 0.00615612 0.974785 6.1954E-4 0.00304904 0.00746421 0.00605988 
0.00905946 0.0439044 0.870674 0.0150523 0.0178219 0.0321929 0.0112953 
0.0857146 0.662291 0.0446728 0.00488061 0.0148975 0.0407263 0.146817 
0.0117377 0.946287 0.00644246 5.70789E-4 0.00541663 0.00431413 0.0252312 
0.00626188 0.967818 0.00715466 9.99273E-4 0.00204208 0.0082363 0.00748738 
0.0184222 0.864605 0.0509661 0.0198992 0.0142709 0.023336 0.00850044 
0.0311875 0.712733 0.112788 0.0453591 0.034683 0.0454496 0.0177994 
0.0601181 0.597662 0.160222 0.0140626 0.0260623 0.0917088 0.0501645 
0.00992655 0.0238579 0.0863547 0.00257869 0.00402624 0.821428 0.0518274 
0.00179707 0.00183891 0.0160518 4.78724E-4 6.57987E-4 0.730001 0.249175 
5.80759E-4 0.00250609 0.00627919 2.40434E-4 8.84436E-4 0.934099 0.0554104 
0.00247448 0.00256027 0.0182845 5.42103E-4 0.00100862 0.815331 0.159799 
0.0123281 0.0154249 0.097623 0.00293384 0.00638161 0.791179 0.0741292 
0.00605629 0.00727007 0.0578373 0.00165452 0.00271917 0.850214 0.0742491 
0.00717012 0.0106733 0.0897554 0.00261764 0.00861646 0.810964 0.0702031 
0.00230399 0.00386367 0.0161901 4.8619E-4 0.00152865 0.7979 0.177727 
0.00178035 0.00491238 0.0129608 6.2329E-4 0.00228211 0.876603 0.100838 
0.00205403 0.00475479 0.0136197 5.87329E-4 0.00285838 0.78974 0.186386 
0.00385304 0.00810135 0.0454396 0.00135093 0.00559173 0.854026 0.0816378 
0.0049856 0.00698945 0.0570735 0.00151677 0.00391606 0.838322 0.0871966 
0.00301558 0.00244404 0.0282883 0.00118723 0.00110861 0.72578 0.238176 
0.004176 0.00367965 0.0574252 0.00145463 0.00206966 0.786364 0.144831 
0.00379922 0.00426674 0.0581109 0.00110651 0.00239328 0.735244 0.195079 
0.00158744 8.14509E-4 0.0308674 3.45316E-4 7.6374E-4 0.231348 0.734273 
0.00101649 1.48822E-4 0.0145623 1.93834E-5 1.13929E-4 0.0148964 0.969243 
0.0209879 0.013391 0.518985 0.0151115 0.0116505 0.195829 0.224045 
0.00480594 0.00357267 0.834276 0.00293388 0.00242964 0.0794467 0.0725356 
0.00100986 0.00261025 0.957764 4.69793E-4 3.98574E-4 0.0151181 0.0226297 
0.00381855 0.0268667 0.937802 0.00415101 0.00369839 0.0156295 0.0080336 
0.00541957 0.0173122 0.937002 0.0102842 0.00168796 0.014586 0.0137082 
0.00282243 0.0215756 0.953884 0.00396906 0.00200642 0.00711886 0.00862392 
6.92204E-4 0.00504603 0.98547 4.79784E-4 1.33777E-4 0.00249032 0.00568826 
0.00768434 0.0619492 0.880626 0.00940712 0.00289562 0.0219386 0.015499 
5.25339E-4 0.00270164 0.991183 2.57641E-4 1.87993E-5 0.00306569 0.00224828 
6.54651E-4 0.00230643 0.991966 2.30267E-4 1.6917E-5 0.00230718 0.00251882 
9.6084E-4 0.00155168 0.990946 1.77331E-4 1.40362E-5 0.00251057 0.00383931 
7.5194E-4 7.78207E-4 0.990534 1.192E-4 1.42164E-5 0.00224649 0.00555617 
0.00146467 7.49894E-4 0.984053 2.09284E-4 2.50012E-5 0.00540643 0.00809185 
0.00281357 0.00109958 0.970413 3.85113E-4 5.03398E-5 0.0137225 0.0115155 
0.00269582 0.00157828 0.976101 3.81872E-4 3.6385E-5 0.0106569 0.00854955 
0.00221192 0.00198725 0.980562 3.60199E-4 2.60702E-5 0.00849617 0.00635668 
0.00320933 0.00158673 0.977125 4.44514E-4 4.15381E-5 0.00882773 0.00876531 
0.0022392 0.00291531 0.978402 4.09399E-4 3.45902E-5 0.01027 0.00572899 
0.00284538 0.00336452 0.978197 4.82308E-4 4.10921E-5 0.0101484 0.00492114 
0.00421272 0.00790779 0.954568 9.45517E-4 9.91813E-5 0.0272798 0.00498697 
0.0747405 0.0280437 0.59967 0.013907 0.00352262 0.246026 0.0340908 
0.241832 0.0567057 0.222746 0.0354403 0.00572984 0.394814 0.0427319 
0.523601 0.153663 0.10243 0.0465259 0.00316577 0.120696 0.0499181 
0.604712 0.129949 0.113232 0.0231068 0.00240687 0.0914134 0.0351795 
0.774421 0.107594 0.050261 0.0210805 0.00148123 0.0154298 0.0297324 
0.78369 0.073237 0.059933 0.0231928 0.00123842 0.0282818 0.0304273 
0.841314 0.0454506 0.03444 0.0264042 0.00119265 0.0100954 0.0411036 
0.820933 0.0192782 0.0547366 0.0589732 7.04283E-4 0.00483309 0.0405421 
0.777635 0.0252912 0.0783076 0.050876 7.64935E-4 0.00788963 0.0592353 
0.767645 0.0179736 0.0948553 0.0342106 5.24193E-4 0.00810979 0.0766814 
0.7393 0.0266782 0.0995212 0.0731026 8.79228E-4 0.00430557 0.0562136 
0.760364 0.0629855 0.0828913 0.0497985 7.84542E-4 0.00617687 0.0369996 
0.69484 0.0721439 0.0954407 0.0866987 0.00114324 0.00967908 0.0400539 
0.554974 0.206758 0.0526399 0.147777 0.00280729 0.0112668 0.0237763 
0.642632 0.216776 0.0380751 0.0691737 0.00178049 0.0113985 0.0201638 
0.266966 0.645902 0.00892894 0.032453 0.0095348 0.0262567 0.00995857 
0.0838067 0.86466 0.00350315 0.0136923 0.00587595 0.0240771 0.00438449 
0.0504062 0.915414 0.00187923 0.00743238 0.00388132 0.0179323 0.00305446 
0.221188 0.713755 0.00579938 0.0261745 0.00555609 0.0193093 0.00821804 
0.225913 0.695982 0.00441703 0.0508805 0.00664564 0.00926917 0.00689213 
0.298774 0.611385 0.00623922 0.0594412 0.00514415 0.00936215 0.00965478 
0.225596 0.71979 0.00287443 0.0292057 0.00825558 0.00708546 0.00719242 
0.26146 0.666691 0.0032642 0.0489006 0.0105968 0.00382572 0.00526073 
0.453462 0.430224 0.0094406 0.0918502 0.00330502 0.00270926 0.00900886 
0.489844 0.320505 0.0216719 0.139181 0.00368617 0.00741595 0.0176964 
0.357629 0.418225 0.0180202 0.176063 0.005889 0.0100189 0.0141555 
0.294857 0.318008 0.0345607 0.302152 0.0066773 0.0201508 0.0235939 
0.372742 0.343868 0.0352593 0.18386 0.00544926 0.0375751 0.021246 
0.443188 0.333028 0.0424201 0.0738289 0.00258988 0.0746134 0.0303318 
0.27419 0.502029 0.0345489 0.00814926 0.00173145 0.150098 0.0292532 
0.0367349 0.497289 0.0124217 1.09513E-4 0.00203816 0.449786 0.00162041 
0.0292174 0.567512 0.0194735 1.84823E-4 0.00216265 0.380346 0.00110314 
0.0387949 0.552247 0.0220488 2.11921E-4 0.00240805 0.383186 0.00110398 
0.0543713 0.629144 0.0172045 3.76148E-4 0.00280068 0.295136 9.67823E-4 
0.0482573 0.704939 0.0211177 3.08177E-4 0.00243139 0.221519 0.00142741 
0.0333076 0.749366 0.0139976 1.50815E-4 0.00198054 0.200299 8.97887E-4 
0.0166238 0.867394 0.0107147 1.23289E-4 0.00159617 0.102776 7.72343E-4 
0.0116834 0.904263 0.00661535 6.91214E-5 0.00111962 0.0756992 5.50419E-4 
0.018539 0.875533 0.00995101 1.53724E-4 0.00155384 0.0933638 9.05908E-4 
0.282845 0.321297 0.0518645 0.00836179 0.00286297 0.306765 0.0260039 
0.760988 0.0432735 0.0353878 0.0547679 8.39082E-4 0.00755836 0.0971858 
0.757857 0.0832969 0.0330581 0.0291068 0.00136762 0.01248 0.0828334 
0.621916 0.145698 0.0671211 0.0231315 0.00259711 0.0857836 0.0537527 
0.201192 0.122973 0.0341963 0.00531284 0.00100072 0.611783 0.0235423 
0.488667 0.118838 0.06102 0.123133 0.00468154 0.123453 0.0802071 
0.165533 0.0675865 0.138967 0.0624948 0.0060095 0.527539 0.0318696 
0.237755 0.213653 0.0775479 0.0367135 0.00269081 0.383745 0.0478942 
0.257073 0.110118 0.0739686 0.0311152 0.0025393 0.48208 0.0431063 
0.385355 0.166203 0.0935475 0.0415839 0.00541291 0.224843 0.0830538 
0.634491 0.106738 0.0519144 0.0548174 0.00325477 0.0794095 0.0693748 
0.553309 0.135977 0.0833384 0.103418 0.00374418 0.0600022 0.0602113 
0.499002 0.103368 0.0884799 0.070605 0.00517745 0.164148 0.0692201 
0.0426184 0.11843 0.012342 1.2746E-4 7.15368E-4 0.822836 0.00293149 
0.0162578 0.576717 0.0017188 1.02306E-4 6.49682E-4 0.403366 0.00118883 
0.124076 0.408693 0.0221825 0.00273941 0.00144979 0.426411 0.0144484 
0.145412 0.694606 0.0191645 0.00525239 6.8094E-4 0.10931 0.0255738 
0.0616166 0.22853 0.0108936 4.9923E-4 2.9665E-4 0.685928 0.0122357 
0.243764 0.17786 0.100919 0.0707214 0.00722781 0.309789 0.0897179 
0.463132 0.0929741 0.109132 0.0454809 0.00705919 0.17736 0.104862 
0.0462667 0.023372 0.195679 0.00879136 0.00179934 0.710512 0.0135798 
0.0542858 0.0337628 0.19658 0.00721531 0.00225849 0.6965 0.00939705 
0.0255157 0.0231636 0.0960133 9.53028E-4 7.92539E-4 0.851221 0.00234047 
0.0703864 0.211341 0.264928 0.0141326 0.0256561 0.395667 0.0178879 
0.0536296 0.0941198 0.0882739 0.0027621 0.00473332 0.749275 0.00720578 
0.144089 0.0675722 0.0732496 0.00809152 0.00249464 0.677685 0.0268182 
0.14997 0.115722 0.0515274 0.00768674 0.00313575 0.659714 0.0122441 
0.0374071 0.37926 0.0177033 7.44932E-4 0.00257723 0.560662 0.00164585 
0.00977479 0.759405 0.00281196 4.14156E-5 7.74221E-4 0.226532 6.61446E-4 
0.00394556 0.922863 7.12475E-4 4.20457E-5 3.08646E-4 0.0717232 4.0523E-4 
0.00345947 0.961528 3.96502E-4 2.01874E-5 2.57063E-4 0.0338825 4.55841E-4 
0.0851499 0.826789 0.00811942 0.00199634 0.00107271 0.0712546 0.00561757 
0.121815 0.590524 0.0168321 0.00216288 0.00284236 0.254855 0.0109678 
0.0466174 0.589117 0.00823233 2.69523E-4 0.00258894 0.351364 0.00181056 
0.0243105 0.924828 6.2262E-4 1.76146E-4 0.00270336 0.0461623 0.00119741 
0.0935448 0.563229 0.00847001 2.30292E-4 0.00192185 0.323923 0.00868076 
0.305894 0.0264837 0.100736 0.00270854 0.00120645 0.124598 0.438373 
0.295336 0.0308028 0.079288 0.00327241 0.00111349 0.077356 0.512831 
0.42313 0.0287703 0.190095 0.00553407 0.00312865 0.296379 0.052964 
0.0782133 0.0635419 0.285107 0.00250703 0.00354403 0.561123 0.00596441 
0.0885164 0.0855046 0.197503 0.0024802 0.00377115 0.615502 0.00672214 
0.01865 0.014034 0.0538822 5.06823E-4 3.53642E-4 0.910619 0.00195458 
0.0724476 0.36834 0.0289977 6.10592E-4 0.00264737 0.524318 0.00263873 
0.0366342 0.689912 0.00943413 8.36128E-5 8.02718E-4 0.261143 0.00199019 
0.0163272 0.889374 0.00158161 3.26838E-5 8.71225E-4 0.0909012 9.11969E-4 
0.0391634 0.830084 0.00306176 8.33746E-5 0.00104714 0.123263 0.00329712 
0.0883292 0.81394 0.00881267 4.86829E-4 0.00119817 0.0796206 0.00761255 
0.0481184 0.908923 0.00311233 1.71424E-4 0.00136616 0.0348466 0.00346199 
0.0982905 0.860024 0.00757699 0.00108716 0.00106115 0.0259323 0.00602833 
0.123423 0.803884 0.00987497 0.00150257 0.00140354 0.0518428 0.00806954 
0.0723092 0.882782 0.00574258 8.04867E-4 0.00130899 0.0299773 0.00707495 
0.0800112 0.868403 0.00665585 8.86394E-4 0.00177423 0.03539 0.0068794 
0.103378 0.833938 0.00815401 8.42153E-4 0.00207617 0.0426843 0.00892726 
0.0957934 0.837453 0.00845441 8.40272E-4 0.00202979 0.0457724 0.00965663 
0.0991393 0.81996 0.0097478 8.10314E-4 0.00148317 0.0585544 0.0103053 
0.108562 0.830817 0.00894394 0.0014288 0.00109722 0.0389169 0.0102343 
0.205037 0.706264 0.0179837 0.0030843 0.00113728 0.0444415 0.0220521 
0.107052 0.862539 0.00400706 0.00390606 0.00138466 0.0149327 0.00617857 
0.0887055 0.876821 0.00395449 0.00202843 0.00164723 0.0189105 0.00793268 
0.123748 0.816589 0.00665364 0.00741407 0.00174699 0.0332638 0.0105851 
0.271869 0.660975 0.0150749 0.0138578 0.00127524 0.0242424 0.0127058 
0.292511 0.643451 0.0144352 0.0163083 0.001143 0.0162659 0.0158856 
0.237806 0.701981 0.0113267 0.00686341 0.00175346 0.0280712 0.0121989 
0.297557 0.608863 0.0190098 0.00858073 0.0012741 0.0462724 0.0184421 
0.27612 0.616249 0.0145232 0.0055327 0.00334107 0.0606084 0.0236264 
0.136353 0.80744 0.00637746 0.00205343 0.00370694 0.0268077 0.0172613 
0.124431 0.8288 0.00364922 0.00201957 0.0055319 0.0261719 0.00939606 
0.137262 0.813742 0.0049636 0.00469088 0.00239455 0.0170888 0.0198582 
0.0782684 0.880713 0.00324985 0.00209256 0.00230122 0.0146393 0.0187354 
0.0707693 0.892465 0.0029038 0.00357517 0.0020655 0.0183022 0.00991862 
0.103613 0.849183 0.00429826 0.0091948 0.00180783 0.0223763 0.00952709 
0.10796 0.818044 0.00635698 0.00462085 0.00219322 0.0449692 0.0158554 
0.0780601 0.861886 0.00357578 0.00169283 0.00284533 0.0384983 0.0134419 
0.255902 0.598221 0.0190592 0.0100029 0.00530576 0.093865 0.0176439 
0.246773 0.603958 0.0158994 0.00582265 0.0110705 0.100963 0.0155129 
0.517821 0.332014 0.0398573 0.020703 0.00570338 0.0572253 0.0266752 
0.675851 0.169734 0.0432929 0.0798971 0.00264472 0.00983 0.0187503 
0.461917 0.118272 0.0553739 0.323017 0.00392557 0.0121022 0.0253913 
0.230041 0.0904344 0.0892856 0.559164 0.00341401 0.00552799 0.0221331 
0.0888842 0.0528932 0.146682 0.688786 0.0022401 0.00271422 0.0178008 
0.0516615 0.035193 0.0420907 0.857535 7.13247E-4 5.99472E-4 0.0122073 
0.144513 0.0696859 0.0386581 0.723244 0.00226319 0.00206968 0.0195655 
0.169372 0.101461 0.0218446 0.666476 0.00626537 0.00317758 0.0314038 
0.243988 0.0902122 0.0244085 0.603128 0.00601883 0.00369384 0.0285509 
0.221714 0.0890255 0.0257786 0.633055 0.00454761 0.0027709 0.023108 
0.106481 0.104565 0.0209364 0.739444 0.00436723 0.00310301 0.0211034 
0.141103 0.101617 0.0225063 0.699914 0.00529934 0.00364462 0.0259159 
0.129994 0.0705477 0.0168611 0.752374 0.00502026 0.00251354 0.022689 
0.11957 0.0686092 0.017517 0.757508 0.00657406 0.00274641 0.0274759 
0.0804373 0.0747305 0.012669 0.810642 0.00650646 0.00213596 0.0128783 
0.157864 0.142351 0.0176193 0.629656 0.0245123 0.00510616 0.0228915 
0.130733 0.137446 0.0160762 0.66241 0.0283267 0.00493165 0.0200761 
0.175786 0.17582 0.0170417 0.569547 0.0314806 0.0055354 0.0247899 
0.119721 0.159841 0.0161189 0.638425 0.0376606 0.00612584 0.0221076 
0.18178 0.293757 0.0237636 0.398771 0.0546804 0.0100942 0.037154 
0.141014 0.272521 0.0240446 0.464946 0.0537143 0.0102752 0.0334841 
0.169089 0.194491 0.0285072 0.49692 0.0592537 0.0124608 0.039279 
0.110694 0.177561 0.0215164 0.614427 0.0411418 0.00826793 0.0263918 
0.104921 0.173532 0.0185101 0.635543 0.0341967 0.00685072 0.0264463 
0.126707 0.176241 0.0206628 0.601691 0.0368302 0.00781629 0.0300513 
0.127091 0.123005 0.0160959 0.655407 0.035611 0.00676545 0.0360245 
0.118727 0.113914 0.0132504 0.680891 0.033421 0.00548137 0.0343149 
0.138192 0.198908 0.0181517 0.55835 0.0440844 0.0074857 0.0348288 
0.123974 0.15583 0.0114604 0.661753 0.0218286 0.00334729 0.0218069 
0.182826 0.168296 0.0156464 0.557642 0.035517 0.00556071 0.0345117 
0.187236 0.210686 0.0154018 0.499544 0.0282273 0.00492968 0.0539752 
0.192499 0.190795 0.0155657 0.492957 0.0321457 0.00506138 0.0709762 
0.199889 0.179923 0.0156804 0.527371 0.0186954 0.00295014 0.055491 
0.203675 0.169328 0.0163109 0.515463 0.0268975 0.00345097 0.0648752 
0.173525 0.151919 0.0143685 0.590035 0.0263845 0.00317198 0.0405959 
0.120693 0.214326 0.0137278 0.598994 0.0129852 0.00286771 0.0364057 
0.174928 0.215546 0.0163304 0.533687 0.0147357 0.00310758 0.0416661 
0.197453 0.213577 0.0123142 0.529583 0.0220201 0.00282433 0.0222277 
0.259196 0.159816 0.0147767 0.519978 0.0119319 0.00154838 0.032754 
0.197756 0.122072 0.0100401 0.630917 0.0147561 0.00126675 0.0231918 
0.454388 0.14242 0.0138345 0.334255 0.0152517 0.00103238 0.0388178 
0.64899 0.0950417 0.0253985 0.140886 0.00607068 0.00116189 0.0824508 
0.824813 0.0224356 0.0380423 0.0395363 0.00470245 9.74087E-4 0.0694959 
0.789989 0.0260058 0.035954 0.0306791 0.00965682 0.00114881 0.106566 
0.767826 0.0139683 0.0539541 0.0424171 0.00567777 8.78703E-4 0.115278 
0.757816 0.0121404 0.0694939 0.0221715 0.00500516 8.86741E-4 0.132487 
0.810367 0.0118606 0.0592373 0.0158713 0.00851539 0.00112703 0.0930215 
0.790607 0.0125153 0.0639196 0.0160098 0.00605088 0.00104029 0.109858 
0.736351 0.00879503 0.095391 0.0182008 0.00370512 7.69074E-4 0.136788 
0.706068 0.0115084 0.0774269 0.0170077 0.00645142 0.0010117 0.180526 
0.727054 0.0149355 0.0649509 0.031816 0.00871504 0.00102425 0.151505 
0.769428 0.0138409 0.0602711 0.0454752 0.00740454 0.00128611 0.102294 
0.752166 0.0149777 0.0718312 0.0301901 0.00562001 0.0011588 0.124056 
0.714964 0.0155134 0.0752626 0.0109001 0.00572142 0.00135293 0.176286 
0.730906 0.0153419 0.0719615 0.0178593 0.00508019 0.00115218 0.157699 
0.729805 0.0167824 0.0673416 0.0100555 0.016232 0.00185578 0.157928 
0.787217 0.0144016 0.0596615 0.0130735 0.0155008 0.00193309 0.108213 
0.745503 0.0115566 0.0716351 0.0324431 0.00865273 0.00167648 0.128533 
0.696071 0.00915306 0.0658619 0.0563767 0.010836 0.00137417 0.160327 
0.671039 0.00780249 0.0772755 0.0611078 0.00895258 0.00179273 0.17203 
0.324084 0.00517484 0.0283856 0.613961 0.0130452 8.61229E-4 0.0144877 
0.0223916 0.00210492 0.00511675 0.925761 0.0396092 9.73749E-4 0.00404327 
0.0087662 6.38768E-4 0.00176665 0.951444 0.0359617 2.486E-4 0.00117441 
0.0224333 0.00120851 0.00227455 0.692778 0.279096 4.98218E-4 0.00171132 
0.0121992 4.90179E-4 0.00101756 0.845889 0.13959 1.63097E-4 6.50346E-4 
0.0157717 7.22308E-4 0.00186182 0.768874 0.21126 2.81796E-4 0.00122826 
0.0127028 5.07981E-4 0.00234999 0.930988 0.0516469 1.76153E-4 0.00162797 
0.332344 0.0036522 0.0293608 0.525043 0.0826991 9.61649E-4 0.0259388 
0.658305 0.0061938 0.0674125 0.163541 0.00925522 7.99624E-4 0.0944932 
0.555534 0.00578871 0.0901539 0.0951744 0.00805074 6.37839E-4 0.24466 
0.565377 0.00489564 0.102058 0.11251 0.00417109 5.79731E-4 0.210409 
0.699616 0.00426728 0.0714819 0.110403 0.00735342 4.39971E-4 0.106439 
0.437303 0.00631376 0.0984336 0.266895 0.00405624 8.78309E-4 0.18612 
0.498614 0.00999092 0.0728585 0.273297 0.00375741 7.8519E-4 0.140696 
0.390896 0.00802269 0.0598958 0.494829 0.00258976 2.54612E-4 0.0435125 
0.429151 0.0104585 0.0361314 0.499899 0.00342562 2.53574E-4 0.0206808 
0.537161 0.0099344 0.0345338 0.37495 0.00424204 3.48647E-4 0.0388303 
0.595735 0.0127452 0.042822 0.27309 0.00331404 4.59703E-4 0.0718341 
0.618274 0.0180827 0.0473818 0.198842 0.00232328 7.38816E-4 0.114358 
0.635557 0.0285674 0.0292803 0.236979 0.00189092 0.0010052 0.0667196 
0.41773 0.100499 0.0229818 0.432831 0.00399492 0.00180452 0.0201589 
0.348724 0.236079 0.0158775 0.354232 0.0215547 0.00423058 0.019302 
0.37412 0.28086 0.0165423 0.263227 0.031936 0.00556574 0.027749 
0.286955 0.273867 0.0212834 0.222208 0.14559 0.0127791 0.0373187 
0.181799 0.410916 0.0194617 0.221315 0.124589 0.0125462 0.0293729 
0.182082 0.443089 0.0157462 0.197582 0.124543 0.0109001 0.0260571 
0.0951479 0.682112 0.0077683 0.0944938 0.0984506 0.00666056 0.0153667 
0.0576452 0.783463 0.00453767 0.0981339 0.0449627 0.00276533 0.00849185 
0.0470299 0.765796 0.00578989 0.0756871 0.091033 0.0051722 0.00949195 
0.0346998 0.843499 0.0027087 0.0448619 0.0659352 0.00299898 0.00529623 
0.0300363 0.898518 9.82905E-4 0.0534946 0.0135737 9.26253E-4 0.00246807 
0.0388527 0.747074 0.0060399 0.0736165 0.117414 0.00647457 0.0105283 
0.0842839 0.329319 0.0173146 0.148694 0.378755 0.0177251 0.0239091 
0.0359742 0.729712 0.00659305 0.0630605 0.143195 0.0076437 0.0138218 
0.0504619 0.594068 0.0103207 0.0948063 0.222084 0.0111098 0.0171494 
0.0835625 0.265064 0.0140481 0.137082 0.460139 0.0148575 0.0252461 
0.102351 0.189609 0.0216831 0.172961 0.457727 0.0187149 0.0369529 
0.128533 0.180669 0.0287975 0.200957 0.397786 0.0217553 0.0415021 
0.134949 0.323525 0.0270841 0.199126 0.247153 0.0204829 0.0476805 
0.0999167 0.688177 0.00737653 0.0899905 0.0920968 0.00563936 0.0168028 
0.0692044 0.841511 0.00204989 0.0359547 0.0416574 0.00220236 0.00742052 
0.0539532 0.868185 0.00244021 0.0442856 0.0211366 0.00165672 0.00834234 
0.0481825 0.830774 0.00243576 0.0463358 0.0613916 0.00268514 0.00819501 
0.0349561 0.892924 9.90164E-4 0.0317891 0.0334225 0.00152188 0.00439623 
0.0273051 0.945449 4.64436E-4 0.0158677 0.00746373 8.98599E-4 0.00255146 
0.0210722 0.958654 4.18354E-4 0.0136679 0.00283987 0.00101342 0.00233409 
0.0212899 0.95394 3.93165E-4 0.01612 0.00500643 8.27726E-4 0.00242312 
0.0193333 0.961477 4.07867E-4 0.013395 0.00227161 7.81829E-4 0.0023333 
0.0291911 0.935065 5.24514E-4 0.019007 0.0107444 0.00100282 0.00446555 
0.14384 0.740657 0.00348047 0.0770883 0.010352 0.00278609 0.0217963 
0.161326 0.731019 0.00280248 0.073903 0.0118752 0.00215007 0.0169245 
0.47739 0.321783 0.0085609 0.122589 0.0085111 0.00252211 0.0586436 
0.588327 0.243619 0.0107885 0.11603 0.00903806 0.00238982 0.0298072 
0.321798 0.0840562 0.0115654 0.564331 0.00695158 0.00133432 0.00996322 
0.177333 0.0757763 0.0130824 0.710997 0.00286321 0.00114549 0.018803 
0.0590637 0.0492273 0.0059228 0.877674 0.0015382 4.87842E-4 0.00608605 
0.00691997 0.0040563 0.00148246 0.986361 2.17674E-4 2.7263E-5 9.35666E-4 
0.00610837 0.00357954 0.00127461 0.98756 2.1739E-4 3.24048E-5 0.00122752 
0.00560657 0.00869752 0.00112082 0.983281 3.01802E-4 5.0473E-5 9.42182E-4 
0.00566857 0.00949434 0.00125419 0.982532 3.00976E-4 4.08063E-5 7.09022E-4 
0.00479468 0.0169046 7.79677E-4 0.975825 8.41357E-4 6.15978E-5 7.9271E-4 
0.0121318 0.0474077 0.00148002 0.933315 0.00311281 2.26749E-4 0.00232581 
0.136626 0.579194 0.00860895 0.222425 0.0125073 0.00454173 0.0360978 
0.120556 0.562862 0.00796786 0.256725 0.0127522 0.0040699 0.0350675 
0.122759 0.65537 0.00662695 0.161088 0.0173603 0.003462 0.033334 
0.0893018 0.610371 0.0077319 0.23952 0.0304319 0.00351618 0.0191273 
0.0539896 0.806802 0.00326483 0.112672 0.0098615 0.00154185 0.011868 
0.02527 0.859426 0.00198622 0.0936969 0.00647005 0.00132218 0.0118282 
0.0178858 0.893125 0.00104425 0.0643302 0.0164665 9.86461E-4 0.00616231 
0.0188654 0.891128 0.00119974 0.0595495 0.0201424 0.00120365 0.00791144 
0.0124602 0.906816 0.00122601 0.0365043 0.0354525 0.00187362 0.00566787 
0.00968819 0.944182 5.41224E-4 0.0320059 0.00804322 7.45105E-4 0.00479479 
0.00763564 0.953211 4.34471E-4 0.0214564 0.0139599 8.48183E-4 0.00245382 
0.00962529 0.957844 4.49227E-4 0.0235169 0.00688634 5.01654E-4 0.00117629 
0.0126727 0.953532 5.07413E-4 0.0264616 0.00486206 5.07806E-4 0.00145601 
0.00573381 0.979145 1.47654E-4 0.00934721 0.00455202 4.4787E-4 6.26637E-4 
0.00435109 0.985533 9.4121E-5 0.00596693 0.003137 4.17911E-4 4.99719E-4 
0.00540231 0.96005 2.96377E-4 0.00920243 0.0232622 0.00112286 6.64103E-4 
0.00317941 0.97672 1.09887E-4 0.00526552 0.0136347 7.82895E-4 3.07733E-4 
0.00241602 0.989358 5.36362E-5 0.00288056 0.00453836 4.60421E-4 2.92726E-4 
0.00392683 0.976254 1.30242E-4 0.00777063 0.0108888 6.21517E-4 4.07906E-4 
0.00195975 0.994078 4.93411E-5 0.00147929 0.00147365 6.83372E-4 2.76349E-4 
0.00112976 0.996418 2.78021E-5 6.08965E-4 9.572E-4 7.5032E-4 1.08376E-4 
8.89029E-4 0.996821 2.44568E-5 8.49781E-4 8.39926E-4 4.8479E-4 9.1217E-5 
5.01485E-7 0.998984 2.29064E-7 3.68948E-7 1.68771E-4 8.23574E-4 2.21157E-5 
3.52085E-4 0.993936 3.30839E-5 3.7815E-5 1.71264E-4 0.005445 2.43016E-5 
2.8703E-6 0.997704 1.64077E-6 2.78559E-6 8.39571E-5 0.0021764 2.81572E-5 
2.80526E-4 0.99708 1.22525E-4 9.80023E-5 1.25563E-4 0.00225756 3.59602E-5 
1.1965E-6 0.998613 6.89739E-7 1.16029E-6 7.71872E-5 0.00128513 2.164E-5 
1.7001E-6 0.998196 9.13818E-7 1.5715E-6 9.9619E-5 0.00167829 2.2236E-5 
9.47006E-7 0.998936 5.84438E-7 1.15295E-6 5.18341E-5 9.93774E-4 1.5274E-5 
4.03316E-4 0.997887 8.12638E-5 3.39139E-4 8.19824E-5 0.00118992 1.777E-5 
4.44411E-4 0.997903 7.57527E-5 3.26287E-4 9.47663E-5 0.00113737 1.82241E-5 
6.38382E-4 0.996483 1.61141E-4 3.47492E-4 8.22116E-5 0.00224722 4.0564E-5 
3.22055E-4 0.996379 1.84664E-4 1.53999E-4 1.06221E-4 0.00283153 2.28713E-5 
2.45349E-6 0.997876 1.61627E-6 2.83727E-6 5.59748E-5 0.00205191 9.61303E-6 
5.13681E-4 0.994815 2.71043E-4 3.44931E-4 9.22887E-5 0.00392767 3.57977E-5 
8.14907E-4 0.991915 4.18336E-4 5.5342E-4 1.57442E-4 0.00606389 7.65135E-5 
4.67068E-4 0.994906 2.82689E-4 3.11612E-4 7.47856E-5 0.00392996 2.77351E-5 
2.66253E-6 0.997801 1.83554E-6 3.05774E-6 4.52619E-5 0.00213721 8.78654E-6 
4.53877E-6 0.996946 2.93103E-6 4.96902E-6 5.27885E-5 0.00297869 1.02089E-5 
4.45425E-6 0.996914 2.49933E-6 4.40584E-6 5.46085E-5 0.00301572 4.65874E-6 
2.73987E-7 0.999251 1.61855E-7 2.72605E-7 8.42061E-5 6.61963E-4 1.69322E-6 
5.8704E-7 0.999055 3.22578E-7 5.4239E-7 8.78602E-5 8.53695E-4 2.0846E-6 
1.53292E-6 0.998442 7.35287E-7 1.07499E-6 1.26639E-4 0.00142402 4.10595E-6 
1.32967E-6 0.99858 6.89217E-7 1.09804E-6 7.90507E-5 0.00133322 4.12921E-6 
1.03765E-6 0.998672 5.40765E-7 9.49026E-7 5.69542E-5 0.00126526 3.27583E-6 
5.50621E-7 0.999142 3.51391E-7 5.7928E-7 5.01852E-5 8.00411E-4 5.72897E-6 
8.4208E-7 0.998722 5.18884E-7 8.59992E-7 5.11406E-5 0.00121961 5.26014E-6 
2.76573E-6 0.997878 1.93091E-6 3.23585E-6 3.72425E-5 0.00206306 1.33659E-5 
3.05265E-4 0.995631 2.23685E-4 8.42362E-5 8.16665E-5 0.00363388 3.98987E-5 
5.23413E-4 0.993727 3.72856E-4 2.29587E-4 8.39786E-5 0.00501002 5.30089E-5 
0.00118697 0.991515 4.46752E-4 8.67911E-4 1.1177E-4 0.00580744 6.4275E-5 
7.26152E-4 0.994792 2.44425E-4 6.04688E-4 9.60395E-5 0.00349944 3.72297E-5 
5.4589E-4 0.996352 1.65984E-4 4.00553E-4 8.33051E-5 0.00242397 2.84076E-5 
7.11875E-4 0.995611 1.82787E-4 7.61575E-4 9.21016E-5 0.00259844 4.21152E-5 
6.13693E-4 0.995875 1.83849E-4 5.22429E-4 9.45764E-5 0.002671 3.92243E-5 
7.89654E-4 0.997254 8.47299E-5 6.43505E-4 1.01377E-4 0.0011027 2.40434E-5 
6.44082E-4 0.997395 1.00066E-4 2.70393E-4 8.6545E-5 0.001476 2.8418E-5 
0.00108968 0.996813 1.06168E-4 4.32378E-4 1.02728E-4 0.00142532 3.09854E-5 
0.0010938 0.997014 9.83806E-5 2.44437E-4 1.37469E-4 0.00138705 2.47881E-5 
0.00136427 0.996766 9.83121E-5 3.38076E-4 1.42998E-4 0.00127602 1.438E-5 
0.0107109 0.983519 4.20059E-4 2.95914E-4 4.36068E-4 0.00458347 3.42041E-5 
0.0424205 0.935583 0.00321816 0.00104498 0.0011545 0.016189 3.90124E-4 
0.248321 0.645832 0.0433166 0.00540593 0.00146722 0.051304 0.0043538 
0.445192 0.41893 0.0508634 0.0124378 0.00235035 0.045987 0.0242399 
0.30962 0.576708 0.0215854 0.00910937 0.00485645 0.057327 0.0207938 
0.404162 0.378938 0.0327959 0.00907128 0.00423714 0.136416 0.0343794 
0.553374 0.0300949 0.166424 0.179882 0.00492827 0.015684 0.0496132 
0.42869 0.0235945 0.198062 0.215052 0.00603439 0.0192262 0.109342 
0.198486 0.0188777 0.33702 0.120272 0.0075903 0.0340109 0.283744 
0.394628 0.0180629 0.24483 0.120509 0.00556043 0.0255529 0.190856 
0.305818 0.0153575 0.205772 0.0257424 0.00220663 0.413863 0.0312397 
0.452948 0.191722 0.0494818 0.0141477 0.00660949 0.237978 0.0471129 
0.199602 0.661562 0.0101346 0.00510276 0.00569301 0.102109 0.0157969 
0.292188 0.508229 0.022366 0.00326322 0.00622163 0.142442 0.0252902 
0.361558 0.44572 0.0372834 0.00426329 0.00331718 0.113384 0.0344735 
0.475609 0.322348 0.0501846 0.0144019 0.00299511 0.0885807 0.0458804 
0.513084 0.320443 0.0556036 0.0177211 0.00197222 0.056379 0.0347968 
0.562083 0.249694 0.0634768 0.0163579 0.0019908 0.0733069 0.0330908 
0.533936 0.31051 0.0597645 0.0172733 0.00307558 0.0535022 0.0219382 
0.578695 0.166046 0.0741926 0.00518568 0.00601592 0.152837 0.0170276 
0.506777 0.166225 0.0746308 0.00431318 0.00359821 0.229681 0.0147745 
0.506785 0.0799859 0.0970285 0.00625014 0.00206443 0.286119 0.0217665 
0.497685 0.0174065 0.208071 0.0221251 0.00109912 0.231121 0.0224911 
0.535453 0.0141504 0.262699 0.100784 0.00346271 0.0450191 0.0384325 
0.580555 0.00809545 0.269738 0.0880959 0.00220784 0.0070922 0.0442151 
0.669343 0.00607202 0.228053 0.0480489 8.96041E-4 0.00968938 0.0378974 
0.510717 0.0057621 0.293173 0.0528721 0.00129562 0.00679525 0.129384 
0.542378 0.00560481 0.270602 0.042253 9.85178E-4 0.0117318 0.126445 
0.283128 0.00767796 0.243627 0.014703 9.2841E-4 0.35166 0.0982763 
0.408133 0.0249025 0.13556 0.00156104 0.00215639 0.402745 0.024943 
0.726133 0.0211406 0.0695669 0.00469662 0.00199429 0.0976693 0.0787989 
0.678468 0.0228811 0.0858231 0.00410329 0.00170065 0.161552 0.045472 
0.580652 0.0096513 0.180638 0.00560866 0.0010287 0.174931 0.0474913 
0.277364 0.0101776 0.269214 0.0273344 0.00497492 0.0127685 0.398167 
0.41932 0.007048 0.151966 0.0119457 0.00187411 0.00582976 0.402017 
0.555006 0.00822817 0.200269 0.0146181 9.53635E-4 0.150811 0.0701144 
0.373041 0.0202005 0.229697 0.00112585 0.00139283 0.356047 0.0184959 
0.484541 0.00940696 0.18262 0.00169111 0.00115334 0.283267 0.0373203 
0.760344 0.0129902 0.0773217 0.00408459 0.00180471 0.0631888 0.0802658 
0.799493 0.0210783 0.0776215 0.00345923 0.00174227 0.0549858 0.0416195 
0.665484 0.0242065 0.123884 0.00269806 0.00310015 0.127861 0.0527662 
0.746299 0.0221378 0.108687 0.00292055 0.00206507 0.0540674 0.063823 
0.850657 0.0255977 0.0584786 0.00594786 0.00233462 0.0276647 0.0293195 
0.883762 0.0154537 0.0545583 0.00642346 0.00238928 0.0135916 0.0238215 
0.857914 0.0178875 0.0738579 0.00402588 0.00153688 0.012893 0.0318847 
0.819615 0.018219 0.0712328 0.00469824 0.00138601 0.0162218 0.0686273 
0.845899 0.020624 0.0538267 0.00746953 0.00140669 0.0091477 0.0616264 
0.852464 0.0172457 0.0595196 0.009712 0.00131465 0.00762568 0.0521186 
0.857824 0.0171305 0.0587996 0.0111365 0.00117084 0.00818941 0.0457494 
0.848755 0.0192843 0.0599908 0.0192596 9.02214E-4 0.00625631 0.0455518 
0.835373 0.0171184 0.0611299 0.0199823 8.19566E-4 0.00671818 0.0588585 
0.834969 0.0190385 0.0591776 0.0106339 8.38937E-4 0.00707391 0.0682682 
0.851417 0.0198664 0.0530125 0.0188804 0.00113402 0.00536054 0.0503287 
0.860967 0.0269533 0.0466447 0.016477 0.0011656 0.00580351 0.0419886 
0.838857 0.0280355 0.050135 0.0301312 0.00117526 0.00722146 0.0444451 
0.807173 0.0254305 0.0701402 0.0229272 0.00109933 0.00791898 0.0653106 
0.833775 0.0150432 0.0620153 0.0255382 0.00137673 0.00669005 0.0555619 
0.859628 0.0149425 0.061824 0.0207515 0.0020464 0.00540879 0.0353985 
0.83627 0.0166349 0.0730952 0.0140343 0.00173961 0.00455112 0.0536745 
0.871003 0.0230775 0.0505848 0.0136273 0.00529893 0.00388809 0.0325208 
0.86451 0.0170994 0.0613839 0.0192854 0.00288578 0.00403449 0.030801 
0.843161 0.0135392 0.0730346 0.0171029 0.00345667 0.00428072 0.0454251 
0.851836 0.0123599 0.0697843 0.017877 0.00228622 0.00454355 0.0413133 
0.832452 0.014363 0.067337 0.0273878 0.00216259 0.00369159 0.0526061 
0.8467 0.0133873 0.0554578 0.0324707 0.00211177 0.00473943 0.0451327 
0.83562 0.0153991 0.0619407 0.048867 0.00194054 0.00452959 0.031703 
0.805597 0.0125169 0.0758069 0.031726 0.00156705 0.00550011 0.067286 
0.833817 0.0115818 0.0708046 0.0260829 0.00263821 0.00883531 0.0462399 
0.854268 0.0123714 0.064888 0.0261353 0.00235752 0.00752585 0.0324541 
0.864715 0.0192335 0.0616093 0.00831566 0.00215427 0.0148055 0.0291671 
0.845338 0.0124183 0.0743626 0.0125958 0.00173485 0.0156067 0.0379442 
0.849144 0.0121269 0.0727847 0.0170303 0.00147963 0.0176296 0.0298052 
0.83606 0.0110567 0.0828645 0.0102166 0.00206715 0.0162515 0.0414839 
0.858817 0.0111219 0.0781351 0.0135993 0.00154193 0.00946311 0.0273221 
0.809902 0.00888007 0.103056 0.00367418 9.17678E-4 0.0139301 0.0596397 
0.746464 0.00979895 0.109775 0.0031826 7.56115E-4 0.0139518 0.116072 
0.78343 0.0127239 0.104876 0.00332222 8.56375E-4 0.0187361 0.0760555 
0.807465 0.0106238 0.0920833 0.00406729 0.00132312 0.0269602 0.0574771 
0.799612 0.0108082 0.0898348 0.00224172 0.00110322 0.0271734 0.0692267 
0.838469 0.0114458 0.0759532 0.00368968 0.00182477 0.0170389 0.0515791 
0.823544 0.0124126 0.0879433 0.00310771 0.00169871 0.0243417 0.0469516 
0.836814 0.00967601 0.0924632 0.00517944 0.00146769 0.0198583 0.0345417 
0.781816 0.00804785 0.108309 0.00579436 0.00171711 0.0187509 0.0755655 
0.758003 0.0104797 0.100788 0.00547963 0.00199806 0.0446498 0.0786013 
0.770398 0.010954 0.117106 0.00387512 0.00249306 0.0257568 0.0694167 
0.816121 0.0175418 0.0839222 0.00249073 0.00224305 0.0373901 0.0402908 
0.746536 0.0118582 0.140925 0.00346719 0.00194634 0.029286 0.0659811 
0.755035 0.0103563 0.145278 0.00233926 0.00136732 0.0288746 0.0567493 
0.706121 0.0107662 0.127569 0.00214727 0.00132555 0.0245644 0.127507 
0.659207 0.00741994 0.155608 0.00226736 9.04244E-4 0.0118957 0.162698 
0.758731 0.00552734 0.119295 0.00360287 0.00225939 0.00539661 0.105187 
0.652791 0.0047874 0.144381 0.0117766 8.99543E-4 0.00441796 0.180947 
0.647071 0.00609282 0.133695 0.00794855 0.00115485 0.0132062 0.190831 
0.239442 0.00475202 0.631413 6.85444E-4 0.00126308 0.0882841 0.0341605 
0.0690983 0.00199657 0.784325 0.00143802 0.00111481 0.0727944 0.0692327 
0.126716 0.00377365 0.618487 0.00220159 0.00215627 0.0697381 0.176928 
0.151933 0.00287233 0.495685 0.00125797 0.00140528 0.0235465 0.3233 
0.257393 0.00337126 0.263295 0.00164848 7.36014E-4 0.00583135 0.467724 
0.194668 0.00406254 0.29067 0.00487573 0.00153714 0.00710765 0.497079 
0.246335 0.00351086 0.346974 0.0048659 0.00150452 0.0140673 0.382743 
0.206359 0.00282046 0.403395 0.00343277 0.00132336 0.00809922 0.37457 
0.402443 0.0019937 0.349791 0.00152302 5.40204E-4 0.00519815 0.238511 
0.356309 0.0023971 0.331852 0.00132966 6.21351E-4 0.00710948 0.300381 
0.325895 0.00230287 0.36562 0.00303989 8.58282E-4 0.00872609 0.293557 
0.441604 0.00243085 0.344229 0.00279048 4.38081E-4 0.0100265 0.198481 
0.425923 0.00313347 0.363317 0.00194573 6.95753E-4 0.0100595 0.194925 
0.370827 0.00202153 0.414836 0.00310982 3.59155E-4 0.0147603 0.194086 
0.188769 0.0037246 0.405984 0.00533249 0.00168172 0.00795062 0.386558 
0.104111 0.00478816 0.631196 0.00414764 0.00243914 0.123987 0.129331 
0.252723 0.00406283 0.524093 0.00413243 0.00140285 0.0571344 0.156452 
0.361992 0.00360001 0.429913 0.0100535 8.91779E-4 0.0219737 0.171576 
0.479696 0.00275375 0.289239 0.00449763 6.38482E-4 0.0113449 0.21183 
0.554277 0.00558835 0.300824 0.00192813 0.00117604 0.0704317 0.0657747 
0.525821 0.00444957 0.327154 0.00239795 0.00119999 0.0356152 0.103363 
0.508152 0.00480437 0.140262 0.00333633 9.41689E-4 0.00248642 0.340018 
0.367304 0.00449326 0.256528 0.00655749 7.92819E-4 0.03176 0.332565 
0.493423 0.00367892 0.250099 0.00346491 6.00593E-4 0.0121916 0.236542 
0.362784 0.00401865 0.213299 0.0035244 0.00104047 0.0120049 0.403328 
0.408546 0.00394861 0.199668 0.00329256 0.00108949 0.00937711 0.374077 
0.239238 0.00473145 0.228928 0.00644466 0.00238577 0.0175485 0.500724 
0.363781 0.0042824 0.196923 0.00480632 0.00131975 0.0107517 0.418136 
0.332354 0.00472779 0.181289 0.00363334 0.00116367 0.0103241 0.466508 
0.516888 0.0040173 0.17827 0.00259085 7.98418E-4 0.00507448 0.292361 
0.391179 0.00511786 0.14404 0.00295994 0.00164376 0.00785898 0.4472 
0.611384 0.00446365 0.142523 0.0034479 9.94344E-4 0.00643918 0.230748 
0.543073 0.00412327 0.160008 0.00406155 7.05346E-4 0.00356642 0.284463 
0.514951 0.00405033 0.175205 0.00353555 8.59898E-4 0.00344172 0.297957 
0.55657 0.00302458 0.219356 0.00455279 5.28293E-4 0.00313082 0.212837 
0.545588 0.00244487 0.27066 0.00698088 5.41799E-4 0.00630909 0.167476 
0.553232 0.00221748 0.268823 0.00565268 6.62891E-4 0.00385431 0.165558 
0.589139 0.00259648 0.234917 0.00356019 4.66977E-4 0.00342342 0.165896 
0.591851 0.00222353 0.26876 0.00431493 4.34921E-4 0.00250182 0.129914 
0.631492 0.00237602 0.256668 0.00312603 3.65004E-4 0.00369121 0.102282 
0.564472 0.00229662 0.24609 0.00321097 4.7812E-4 0.00382256 0.17963 
0.639117 0.00241472 0.213925 0.00176778 5.23243E-4 0.00408433 0.138168 
0.696231 0.0024844 0.203671 0.0033478 8.85462E-4 0.00366529 0.0897153 
0.62832 0.00268344 0.20272 0.00256814 7.39176E-4 0.00273085 0.160239 
0.571842 0.00266255 0.236341 0.00498649 5.08988E-4 0.00342543 0.180234 
0.511095 0.00248924 0.260092 0.00322755 5.4569E-4 0.00263495 0.219915 
0.481813 0.00261666 0.285142 0.00284593 2.98767E-4 0.00777655 0.219506 
0.414813 0.00327291 0.282997 0.00456937 6.77678E-4 0.0244111 0.269259 
0.458274 0.00218793 0.350088 0.00303722 3.7237E-4 0.0134782 0.172562 
0.469143 0.00244968 0.334847 0.00355454 3.17369E-4 0.0141268 0.175562 
0.557863 0.00196011 0.348059 0.00417533 6.22184E-4 0.00785661 0.0794631 
0.528292 0.00237349 0.319053 0.0060311 3.67156E-4 0.0110567 0.132827 
0.488895 0.00261968 0.26534 0.00517453 5.32161E-4 0.0049257 0.232513 
0.466215 0.00291061 0.279249 0.00618487 5.5366E-4 0.00606153 0.238825 
0.379795 0.00380346 0.276144 0.00393267 9.65765E-4 0.0106775 0.324682 
0.283036 0.00403308 0.300278 0.00523051 0.00140079 0.0090207 0.397001 
0.244345 0.00491552 0.310506 0.00575863 0.00209363 0.00993145 0.42245 
0.405712 0.00361214 0.251513 0.00503588 8.87131E-4 0.00427623 0.328963 
0.393604 0.00369346 0.236009 0.0112285 8.79573E-4 0.00327002 0.351316 
0.199302 0.00517263 0.254476 0.00646897 0.00186181 0.0053701 0.527349 
0.388907 0.00328915 0.267312 0.00424888 7.70688E-4 0.00326993 0.332203 
0.425526 0.00303354 0.303591 0.00519513 9.65091E-4 0.00279958 0.258889 
0.432708 0.00318104 0.27461 0.0133842 6.0366E-4 0.00197199 0.273541 
