0.880566 0.0111043 0.0471928 0.0202599 0.00258076 0.00216793 0.0361288 
0.854417 0.00955479 0.0670245 0.0228005 0.00187746 0.00156766 0.0427576 
0.895115 0.01395 0.0438726 0.0200729 0.00342064 0.00200498 0.0215634 
0.869053 0.00965316 0.0524234 0.0288877 0.00230601 0.00232016 0.0353566 
0.871412 0.0103293 0.0561566 0.0271794 0.00216051 0.00209765 0.0306643 
0.874924 0.0110958 0.0599556 0.034749 0.00175335 0.00142678 0.0160951 
0.823842 0.0102739 0.0574527 0.0891957 0.00251107 0.00154997 0.0151746 
0.891053 0.0215251 0.0319569 0.0356133 0.00500158 0.00198887 0.012861 
0.879399 0.0190414 0.0303705 0.0533546 0.0043164 0.00160168 0.0119162 
0.825665 0.0193603 0.0317798 0.107258 0.00440803 0.00103998 0.0104889 
0.841321 0.0235449 0.0350972 0.0823546 0.00303525 0.00111952 0.0135273 
0.853708 0.0336733 0.0272253 0.0661691 0.00570746 0.00142195 0.0120949 
0.852733 0.0445979 0.0260186 0.0601052 0.00511969 0.00156076 0.00986497 
0.810681 0.0518793 0.0236233 0.0962728 0.00546283 0.00188562 0.010195 
0.718808 0.114097 0.0195637 0.126246 0.00731579 0.00206829 0.0119014 
0.740766 0.143229 0.0191413 0.0686109 0.0058353 0.00334733 0.0190697 
0.654885 0.217263 0.014121 0.0909689 0.00687032 0.00378979 0.012102 
0.260039 0.683719 0.00529814 0.0291856 0.00487384 0.00681889 0.010066 
0.131043 0.837201 0.00152275 0.0140132 0.00494979 0.00626216 0.00500845 
0.0405491 0.93809 4.58033E-4 0.00448347 0.00771101 0.0064102 0.00229788 
0.0424819 0.934401 4.24002E-4 0.00705721 0.00482391 0.00835391 0.00245852 
4.69409E-4 0.997086 1.66356E-5 6.44232E-5 2.91792E-4 0.0018082 2.63755E-4 
7.60439E-5 0.988632 3.64922E-5 3.14644E-5 1.14619E-4 0.0109325 1.76553E-4 
1.98613E-4 0.980489 9.75274E-5 1.06288E-4 4.0576E-4 0.0185671 1.36117E-4 
3.48632E-5 0.99226 1.6215E-5 1.77885E-5 1.5803E-4 0.00741245 1.00901E-4 
6.18788E-6 0.996794 2.27637E-6 3.44358E-6 6.7604E-5 0.00305633 6.97281E-5 
3.16731E-6 0.99773 1.09757E-6 2.3237E-6 5.48914E-5 0.00211984 8.82903E-5 
9.26451E-6 0.996078 3.17881E-6 6.49841E-6 6.70147E-5 0.00374712 8.90949E-5 
1.07706E-5 0.995788 3.76499E-6 6.17545E-6 6.60992E-5 0.00406541 5.97683E-5 
1.0792E-5 0.995795 3.81704E-6 5.96217E-6 5.55092E-5 0.00405358 7.50661E-5 
1.92177E-5 0.994364 7.16074E-6 9.95513E-6 6.01156E-5 0.00547528 6.38619E-5 
1.483E-5 0.995014 5.61219E-6 7.9887E-6 5.57193E-5 0.0048691 3.24522E-5 
6.95075E-6 0.996483 2.97389E-6 3.62449E-6 8.91207E-5 0.00339157 2.30167E-5 
3.12336E-5 0.992718 1.30031E-5 1.57709E-5 5.87992E-5 0.00712193 4.12964E-5 
8.55097E-6 0.996247 3.44642E-6 4.29302E-6 6.41911E-5 0.00364746 2.47453E-5 
7.84723E-6 0.996241 3.52639E-6 4.22128E-6 1.27873E-4 0.00360021 1.57963E-5 
3.83211E-6 0.997576 1.49844E-6 1.91521E-6 9.69872E-5 0.00230328 1.62522E-5 
3.58439E-5 0.992119 1.57865E-5 1.76536E-5 1.19857E-4 0.00765922 3.22611E-5 
4.77515E-5 0.990945 2.29468E-5 2.42067E-5 8.06689E-5 0.00881911 6.07236E-5 
1.99054E-5 0.994197 1.07414E-5 9.56124E-6 6.41748E-5 0.00566199 3.61465E-5 
4.14948E-4 0.95233 8.36078E-5 2.69942E-5 1.82352E-4 0.0469437 1.88052E-5 
0.0460921 0.108238 0.112491 0.00462714 0.00615588 0.714414 0.00798206 
0.0501805 0.223818 0.366158 0.102584 0.0511356 0.170906 0.0352179 
0.0436737 0.21176 0.326837 0.15499 0.0724916 0.153963 0.0362851 
0.219165 0.0662015 0.369003 0.088123 0.0121324 0.188694 0.0566811 
0.0304565 0.185357 0.0623307 0.0125079 0.00209672 0.688972 0.0182793 
0.0256507 0.432869 0.142841 0.0192609 0.00301798 0.364158 0.0122017 
0.0294764 0.561428 0.169612 0.0692323 0.0247671 0.114875 0.0306097 
0.0393008 0.369368 0.242251 0.110763 0.0732783 0.119985 0.0450542 
0.0452227 0.105723 0.0113225 0.240609 0.495807 0.0936768 0.00763935 
0.0511835 0.170928 0.021598 0.24996 0.34379 0.145919 0.0166211 
0.00571564 0.917803 9.24944E-4 0.00791001 0.00617366 0.0614354 3.68771E-5 
0.00951268 0.818293 0.00469685 0.0137403 0.113557 0.0384229 0.00177784 
0.0584344 0.567698 0.0103968 0.004089 0.0049811 0.352552 0.00184827 
5.77847E-7 0.998952 2.66246E-7 3.27082E-7 6.16154E-5 9.78721E-4 6.36585E-6 
1.04367E-6 0.998628 5.29223E-7 5.38979E-7 5.96334E-5 0.00129836 1.17184E-5 
1.84929E-6 0.998297 7.82997E-7 8.60303E-7 4.23828E-5 0.00164719 9.80379E-6 
8.19767E-6 0.99626 3.6022E-6 3.82125E-6 4.26953E-5 0.00367433 7.45297E-6 
7.09908E-7 0.998833 3.1496E-7 4.09084E-7 9.39057E-5 0.00106949 2.31073E-6 
1.29337E-4 0.984523 5.96684E-5 6.20609E-5 9.47425E-5 0.0150876 4.34307E-5 
0.519476 0.00478962 0.163443 0.00553216 0.00357876 0.00143226 0.301748 
0.653469 0.00515508 0.132137 0.0107086 0.00198958 8.56841E-4 0.195684 
0.600473 0.0053713 0.136128 0.00347186 0.00178845 0.00144987 0.251317 
0.466538 0.0062727 0.128381 0.00377482 0.00222195 0.00207118 0.39074 
0.619516 0.004625 0.127903 0.00444327 0.00176571 0.00141182 0.240336 
0.739181 0.00395112 0.121927 0.00831505 0.00184523 7.58301E-4 0.124021 
0.684248 0.0044686 0.138749 0.00573665 0.0015618 9.53884E-4 0.164282 
0.504571 0.00610424 0.152111 0.00435787 0.00269119 0.00265931 0.327505 
0.574017 0.00523533 0.167802 0.00401229 0.00175041 0.00186362 0.245319 
0.468751 0.00545373 0.152513 0.00492374 0.00181027 0.00146253 0.365086 
0.460502 0.00544375 0.153829 0.00557779 0.00243211 0.00228746 0.369928 
0.522377 0.00513498 0.170154 0.0043049 0.00187888 0.00145341 0.294696 
0.665821 0.00418269 0.141936 0.00450976 8.63767E-4 9.7691E-4 0.18171 
0.548536 0.00480221 0.161884 0.00255595 0.00142302 0.00151093 0.279288 
0.650999 0.00366258 0.167464 0.0021627 8.57913E-4 0.00133895 0.173515 
0.597918 0.00361037 0.181003 0.00386058 9.40112E-4 0.00130216 0.211366 
0.67649 0.00436736 0.141001 0.00403942 0.00122787 0.00108385 0.171791 
0.662944 0.00463939 0.143294 0.00401518 0.0018642 8.43898E-4 0.182399 
0.636835 0.00403969 0.155624 0.0054124 0.00113428 0.0010566 0.195898 
0.580057 0.0069019 0.139212 0.0350195 0.00408514 0.00207585 0.232649 
0.104373 0.0167631 0.104835 0.0380537 0.00765558 0.00342425 0.724895 
0.21454 0.0109044 0.0836456 0.026859 0.00726949 0.00211379 0.654668 
0.164879 0.00837137 0.0864287 0.00927102 0.00412881 0.00202029 0.724901 
0.480988 0.00670943 0.0945381 0.004079 0.0048665 0.00138304 0.407436 
0.576918 0.00713905 0.119231 0.0016244 0.00199132 0.0025642 0.290532 
0.532721 0.00342438 0.191787 0.00278511 9.05364E-4 0.00213977 0.266237 
0.681035 0.00438621 0.134108 0.0046601 0.00127978 0.00869317 0.165837 
0.718519 0.00421136 0.16886 0.00362898 0.00121218 0.0190207 0.0845485 
0.447826 0.00608711 0.141961 0.00248451 0.00122465 0.0579693 0.342448 
0.369936 0.0052753 0.188316 0.00172323 4.60744E-4 0.0205355 0.413753 
0.660702 0.00366574 0.212608 0.0136826 9.82223E-4 0.00482042 0.103539 
0.211392 0.00221516 0.403626 0.00102057 6.17009E-4 0.019664 0.361466 
0.0328368 0.00329399 0.685153 0.00335287 0.00219079 0.121691 0.151481 
0.00571021 7.54499E-4 0.86058 7.34613E-4 4.71495E-4 0.0924747 0.0392744 
0.00142397 1.89209E-4 0.956422 1.40333E-4 7.64111E-5 0.0266511 0.0150971 
8.16477E-5 0.00144577 0.984689 7.49739E-5 2.21534E-5 0.00756022 0.00612652 
0.0393163 0.234382 0.404283 0.0695985 0.052528 0.148355 0.0515371 
0.123714 0.0121168 0.446326 0.294499 0.0304473 0.0194134 0.073484 
0.0123159 0.00737972 0.757148 0.067052 0.00999968 0.0363289 0.109776 
0.00331242 0.00653317 0.883344 0.0290508 0.00381938 0.0268338 0.0471064 
0.15949 0.296294 0.216041 0.0540229 0.0377014 0.116623 0.119827 
0.166738 0.182147 0.045826 0.309876 0.154034 0.108046 0.0333328 
0.0939638 0.255018 0.116787 0.213076 0.0285822 0.253888 0.0386851 
0.0276638 0.369624 0.0851285 0.345786 0.0158624 0.137981 0.017954 
0.0314742 0.198747 0.264323 0.305252 0.027561 0.146315 0.0263276 
0.0310075 0.195137 0.239649 0.323434 0.0456367 0.139684 0.0254524 
0.0448592 0.237135 0.23646 0.231058 0.0372299 0.184026 0.029231 
0.0580396 0.322373 0.238454 0.130932 0.0331715 0.18548 0.0315493 
0.0518931 0.348659 0.207896 0.146571 0.0314247 0.184503 0.0290525 
0.0494671 0.645803 0.0821099 0.0779706 0.00962033 0.120465 0.0145643 
0.0511847 0.64617 0.093906 0.0658712 0.00859514 0.112559 0.0217145 
0.064135 0.609254 0.110062 0.050132 0.00764633 0.126646 0.0321251 
0.106772 0.60624 0.0235928 0.00701062 0.00226725 0.227331 0.0267857 
0.0918727 0.246074 0.0364865 0.0173189 0.00161466 0.593063 0.0135698 
0.0182651 0.112837 0.0177247 0.00539186 2.63562E-4 0.842497 0.00302007 
0.456361 0.0919098 0.208212 0.108305 0.00670868 0.0863814 0.0421226 
0.590043 0.0837639 0.115513 0.0182613 0.00250258 0.149419 0.0404973 
0.0737265 0.079319 0.0369715 0.00305864 7.31974E-4 0.795818 0.0103747 
0.0142025 0.470957 0.00295062 1.20386E-4 2.53568E-4 0.510164 0.0013524 
0.0330489 0.728224 0.00431073 4.84473E-4 5.19356E-4 0.230009 0.00340324 
0.0426861 0.771288 0.00518926 7.35935E-4 6.06006E-4 0.175303 0.00419214 
0.234751 0.46541 0.0638547 0.0418682 0.00213426 0.178773 0.0132093 
0.318367 0.366352 0.108154 0.100625 0.00344768 0.0840307 0.0190245 
0.473951 0.278342 0.0665941 0.0457153 0.00218902 0.107788 0.0254215 
0.742497 0.0702958 0.0524969 0.0644604 0.00116361 0.026328 0.0427578 
0.199068 0.174687 0.0879163 0.0474355 0.00257143 0.46929 0.019032 
0.0604038 0.540706 0.00960505 3.89829E-4 0.00125925 0.382165 0.00547127 
0.0907758 0.670619 0.0104396 6.2767E-4 0.00210351 0.21777 0.00766437 
0.0720875 0.752377 0.00657599 7.11306E-4 0.00155305 0.160133 0.00656197 
0.0635776 0.87041 0.00364692 0.00137239 0.00147172 0.0553968 0.0041247 
0.0909348 0.807249 0.00657977 0.0017886 0.00198676 0.0836828 0.00777814 
0.123791 0.807979 0.00589636 0.00294587 0.0026444 0.0477299 0.0090132 
0.297285 0.603152 0.0118705 0.00921743 0.00428286 0.0502312 0.0239611 
0.307254 0.596099 0.0142403 0.0122133 0.00383924 0.0384313 0.0279221 
0.337433 0.548678 0.0192174 0.0089568 0.00300286 0.0465489 0.0361632 
0.616447 0.247287 0.027992 0.0316788 0.00276067 0.0399109 0.0339231 
0.618389 0.244179 0.0274815 0.0592416 0.002798 0.0233617 0.0245486 
0.600651 0.194381 0.038031 0.129476 0.0012607 0.00730752 0.0288926 
0.553759 0.207085 0.0247961 0.179092 0.00200089 0.00529018 0.0279777 
0.499377 0.195685 0.0315185 0.223124 0.00185331 0.00659223 0.0418505 
0.610822 0.233274 0.0226389 0.0902903 0.0026043 0.00691043 0.03346 
0.526183 0.228984 0.0251233 0.167103 0.00227709 0.00947101 0.0408577 
0.458068 0.305984 0.0281627 0.140517 0.00168194 0.0109111 0.0546751 
0.493611 0.383482 0.0161426 0.0560421 0.00268587 0.0103946 0.0376422 
0.451924 0.435103 0.0115506 0.0584224 0.00569717 0.0125271 0.024776 
0.515225 0.244915 0.0304594 0.0183458 0.00221721 0.0308134 0.158024 
0.541992 0.290345 0.0308946 0.0623588 0.00220337 0.0156282 0.0565781 
0.433129 0.44743 0.0167758 0.0407043 0.0048452 0.0258246 0.0312911 
0.463451 0.397353 0.0243116 0.0220525 0.00723526 0.037671 0.0479254 
0.36516 0.408617 0.0384755 0.00395262 0.0137023 0.136801 0.0332909 
0.304232 0.469573 0.0379119 0.00540156 0.00526307 0.14363 0.0339884 
0.286151 0.318974 0.052309 0.00402503 0.0059615 0.29305 0.039529 
0.256257 0.198915 0.089306 0.00337548 0.00824659 0.419574 0.0243258 
0.424636 0.223294 0.0754141 0.0050282 0.00473442 0.226433 0.0404598 
0.231221 0.0131514 0.142618 0.00945914 0.00160828 0.533449 0.0684934 
0.0265081 0.00464948 0.407362 0.00899592 0.00159449 0.497031 0.0538593 
0.0190574 0.00681189 0.837873 0.0141981 9.14566E-4 0.0909532 0.0301918 
0.0252278 0.00433953 0.827946 0.0249908 0.00148738 0.0437961 0.0722126 
0.026566 0.0040044 0.80599 0.0231029 0.00147149 0.0361853 0.10268 
0.0350891 0.00543233 0.767082 0.0476133 0.00201395 0.036443 0.106327 
0.0399033 0.00722643 0.741706 0.065098 0.00257407 0.0322775 0.111214 
0.716044 0.00644504 0.138856 0.00800582 8.79012E-4 0.00363055 0.12614 
0.744978 0.00861097 0.114428 0.0164423 0.00120376 0.00293993 0.111397 
0.710594 0.00703482 0.124537 0.0103147 7.53774E-4 0.00350882 0.143257 
0.850137 0.00722288 0.0896343 0.0112532 0.00116778 0.00198291 0.0386021 
0.768842 0.00552057 0.139618 0.0139721 0.00100276 0.00243336 0.0686106 
0.643368 0.00658643 0.150154 0.00319567 6.74957E-4 0.00398975 0.192031 
0.704796 0.00647588 0.117518 0.00596755 0.00142326 0.00423261 0.159587 
0.557217 0.00486778 0.161468 0.00592765 8.12861E-4 0.00311466 0.266591 
0.706609 0.00850503 0.117763 0.00537006 0.00140409 0.00178919 0.15856 
0.683907 0.00583956 0.123571 0.00636272 8.02101E-4 0.00216523 0.177352 
0.659781 0.00502135 0.162677 0.0138183 4.76985E-4 0.00228265 0.155943 
0.760201 0.00560942 0.109576 0.0178808 0.00110292 0.00286634 0.102763 
0.733606 0.00437196 0.152463 0.0207302 9.69114E-4 0.00209858 0.0857607 
0.758175 0.00568332 0.152305 0.00749088 0.00116472 0.00327411 0.0719068 
0.664955 0.00436197 0.190591 0.00557226 4.93495E-4 0.00650699 0.127519 
0.643757 0.00399009 0.246565 0.00631177 4.87611E-4 0.00711688 0.0917707 
0.728071 0.00428235 0.186879 0.00715431 9.31261E-4 0.00739379 0.0652888 
0.607228 0.00329002 0.240646 0.00577338 5.34638E-4 0.00802835 0.1345 
0.571074 0.00291206 0.269623 0.00360518 3.66595E-4 0.00737533 0.145044 
0.579915 0.00370284 0.242854 0.0028188 4.78058E-4 0.00745183 0.162779 
0.636833 0.00324687 0.238564 0.00492511 5.86012E-4 0.0096711 0.106175 
0.707051 0.00357821 0.181131 0.00336986 0.00100516 0.00467459 0.0991907 
0.64963 0.0028555 0.216239 0.00540914 3.8183E-4 0.00531589 0.120169 
0.491703 0.00449856 0.18795 0.00430535 0.00109505 0.00455485 0.305893 
0.381276 0.00500894 0.185768 0.00467536 0.00126488 0.00230421 0.419702 
0.324062 0.00291361 0.297163 0.00105436 6.18964E-4 0.00661495 0.367573 
0.202721 0.00493043 0.661666 8.56979E-4 8.9561E-4 0.106893 0.0220366 
0.0415864 0.00577561 0.466776 0.00346676 0.00196595 0.417804 0.0626255 
0.0426432 0.00370434 0.379028 0.00260792 0.00165666 0.491095 0.0792653 
0.00307815 4.84848E-4 0.591579 3.3221E-4 1.92502E-4 0.379607 0.0247268 
0.00431122 0.00119597 0.841294 0.00128472 6.35609E-4 0.107822 0.043457 
0.00233856 0.00367324 0.95045 5.77082E-4 3.00594E-4 0.0241227 0.0185373 
0.00229773 0.00344274 0.928805 5.98643E-4 1.33868E-4 0.049164 0.0155576 
0.00314751 0.0128966 0.840467 0.00178383 6.98627E-4 0.113016 0.0279904 
0.0023945 0.00177909 0.778571 6.05154E-4 2.17998E-4 0.192036 0.0243964 
0.00256633 3.82305E-4 0.14485 2.68317E-4 1.79492E-4 0.831597 0.0201567 
0.00414155 3.99102E-4 0.0941877 2.43377E-4 1.57126E-4 0.879425 0.0214463 
0.0156838 0.103893 0.666994 0.0126571 0.00582392 0.161635 0.0333134 
0.0433532 0.301246 0.309479 0.0603051 0.0318219 0.190855 0.0629402 
0.0342915 0.195512 0.50784 0.0330545 0.0177564 0.150053 0.0614927 
0.0132379 0.0880279 0.49966 0.00858445 0.00397018 0.355479 0.0310409 
0.0118003 0.0737552 0.536355 0.00833192 0.00321837 0.336019 0.0305196 
0.00421394 0.0116662 0.196557 6.63963E-4 1.3255E-4 0.773749 0.0130167 
0.00378076 0.001391 0.128437 1.98562E-4 1.18948E-4 0.850233 0.015841 
0.0114914 0.0487314 0.753823 0.0085793 0.00227867 0.151676 0.0234197 
0.0110718 0.0535929 0.660691 0.00889076 0.0024052 0.235745 0.0276036 
0.0123323 0.0198062 0.563627 0.00399874 8.22925E-4 0.367348 0.0320654 
0.0181498 0.022839 0.386984 0.00721974 0.00146398 0.517958 0.0453864 
0.0117821 0.0401517 0.211023 0.00500799 8.28553E-4 0.70154 0.0296666 
0.00796636 0.0266908 0.262139 0.00294207 6.88257E-4 0.67882 0.0207534 
0.00355339 0.00415027 0.0811903 6.30958E-4 1.26524E-4 0.897579 0.0127691 
0.00669287 0.0336454 0.879265 0.00512615 0.00244632 0.0642101 0.00861412 
0.00983392 0.00437549 0.356312 5.00499E-4 2.14194E-4 0.613009 0.0157547 
0.00646115 9.69325E-4 0.0260742 6.12394E-5 5.4072E-5 0.95541 0.0109705 
0.036613 0.0161194 0.0194652 2.59266E-4 2.23621E-4 0.827878 0.0994412 
0.00892172 0.00224726 0.0453393 4.32476E-4 3.00838E-4 0.91529 0.0274684 
0.0433438 0.00517023 0.127303 0.00207658 0.00143185 0.524076 0.296599 
0.00879064 0.00187468 0.0568494 1.24472E-4 1.20689E-4 0.923392 0.00884778 
0.00761491 0.00263385 0.163301 3.03244E-4 1.35395E-4 0.813554 0.0124584 
0.092116 0.00378466 0.535848 0.00260997 0.00163872 0.134706 0.229296 
0.0991374 0.00427496 0.416203 0.00251086 0.0017533 0.229988 0.246133 
0.0697808 0.00391094 0.654137 0.00130371 0.00106436 0.229724 0.0400793 
0.00203328 0.0103295 0.974644 0.00113341 4.55507E-4 0.007017 0.00438762 
0.0414221 0.255725 0.298815 0.141177 0.0645706 0.150911 0.0473806 
0.00186596 0.00615612 0.974785 6.1954E-4 0.00304904 0.00746421 0.00605988 
0.00905946 0.0439044 0.870674 0.0150523 0.0178219 0.0321929 0.0112953 
0.716044 0.00644504 0.138856 0.00800582 8.79012E-4 0.00363055 0.12614 
0.744978 0.00861097 0.114428 0.0164423 0.00120376 0.00293993 0.111397 
0.710594 0.00703482 0.124537 0.0103147 7.53774E-4 0.00350882 0.143257 
0.850137 0.00722288 0.0896343 0.0112532 0.00116778 0.00198291 0.0386021 
0.768842 0.00552057 0.139618 0.0139721 0.00100276 0.00243336 0.0686106 
0.643368 0.00658643 0.150154 0.00319567 6.74957E-4 0.00398975 0.192031 
0.704796 0.00647588 0.117518 0.00596755 0.00142326 0.00423261 0.159587 
0.557217 0.00486778 0.161468 0.00592765 8.12861E-4 0.00311466 0.266591 
0.706609 0.00850503 0.117763 0.00537006 0.00140409 0.00178919 0.15856 
0.683907 0.00583956 0.123571 0.00636272 8.02101E-4 0.00216523 0.177352 
0.659781 0.00502135 0.162677 0.0138183 4.76985E-4 0.00228265 0.155943 
0.760201 0.00560942 0.109576 0.0178808 0.00110292 0.00286634 0.102763 
0.733606 0.00437196 0.152463 0.0207302 9.69114E-4 0.00209858 0.0857607 
0.758175 0.00568332 0.152305 0.00749088 0.00116472 0.00327411 0.0719068 
0.664955 0.00436197 0.190591 0.00557226 4.93495E-4 0.00650699 0.127519 
0.643757 0.00399009 0.246565 0.00631177 4.87611E-4 0.00711688 0.0917707 
0.728071 0.00428235 0.186879 0.00715431 9.31261E-4 0.00739379 0.0652888 
0.607228 0.00329002 0.240646 0.00577338 5.34638E-4 0.00802835 0.1345 
0.571074 0.00291206 0.269623 0.00360518 3.66595E-4 0.00737533 0.145044 
0.579915 0.00370284 0.242854 0.0028188 4.78058E-4 0.00745183 0.162779 
0.636833 0.00324687 0.238564 0.00492511 5.86012E-4 0.0096711 0.106175 
0.707051 0.00357821 0.181131 0.00336986 0.00100516 0.00467459 0.0991907 
0.64963 0.0028555 0.216239 0.00540914 3.8183E-4 0.00531589 0.120169 
0.491703 0.00449856 0.18795 0.00430535 0.00109505 0.00455485 0.305893 
0.381276 0.00500894 0.185768 0.00467536 0.00126488 0.00230421 0.419702 
0.324062 0.00291361 0.297163 0.00105436 6.18964E-4 0.00661495 0.367573 
0.202721 0.00493043 0.661666 8.56979E-4 8.9561E-4 0.106893 0.0220366 
0.0415864 0.00577561 0.466776 0.00346676 0.00196595 0.417804 0.0626255 
0.0426432 0.00370434 0.379028 0.00260792 0.00165666 0.491095 0.0792653 
0.00307815 4.84848E-4 0.591579 3.3221E-4 1.92502E-4 0.379607 0.0247268 
0.00431122 0.00119597 0.841294 0.00128472 6.35609E-4 0.107822 0.043457 
0.00233856 0.00367324 0.95045 5.77082E-4 3.00594E-4 0.0241227 0.0185373 
0.00229773 0.00344274 0.928805 5.98643E-4 1.33868E-4 0.049164 0.0155576 
0.00314751 0.0128966 0.840467 0.00178383 6.98627E-4 0.113016 0.0279904 
0.0023945 0.00177909 0.778571 6.05154E-4 2.17998E-4 0.192036 0.0243964 
0.00256633 3.82305E-4 0.14485 2.68317E-4 1.79492E-4 0.831597 0.0201567 
0.00414155 3.99102E-4 0.0941877 2.43377E-4 1.57126E-4 0.879425 0.0214463 
0.0156838 0.103893 0.666994 0.0126571 0.00582392 0.161635 0.0333134 
0.0433532 0.301246 0.309479 0.0603051 0.0318219 0.190855 0.0629402 
0.0342915 0.195512 0.50784 0.0330545 0.0177564 0.150053 0.0614927 
0.0132379 0.0880279 0.49966 0.00858445 0.00397018 0.355479 0.0310409 
0.0118003 0.0737552 0.536355 0.00833192 0.00321837 0.336019 0.0305196 
0.00421394 0.0116662 0.196557 6.63963E-4 1.3255E-4 0.773749 0.0130167 
0.00378076 0.001391 0.128437 1.98562E-4 1.18948E-4 0.850233 0.015841 
0.0114914 0.0487314 0.753823 0.0085793 0.00227867 0.151676 0.0234197 
0.0110718 0.0535929 0.660691 0.00889076 0.0024052 0.235745 0.0276036 
0.0123323 0.0198062 0.563627 0.00399874 8.22925E-4 0.367348 0.0320654 
0.0181498 0.022839 0.386984 0.00721974 0.00146398 0.517958 0.0453864 
0.0117821 0.0401517 0.211023 0.00500799 8.28553E-4 0.70154 0.0296666 
0.00796636 0.0266908 0.262139 0.00294207 6.88257E-4 0.67882 0.0207534 
0.00355339 0.00415027 0.0811903 6.30958E-4 1.26524E-4 0.897579 0.0127691 
0.00669287 0.0336454 0.879265 0.00512615 0.00244632 0.0642101 0.00861412 
0.00983392 0.00437549 0.356312 5.00499E-4 2.14194E-4 0.613009 0.0157547 
0.00646115 9.69325E-4 0.0260742 6.12394E-5 5.4072E-5 0.95541 0.0109705 
0.036613 0.0161194 0.0194652 2.59266E-4 2.23621E-4 0.827878 0.0994412 
0.00892172 0.00224726 0.0453393 4.32476E-4 3.00838E-4 0.91529 0.0274684 
0.0433438 0.00517023 0.127303 0.00207658 0.00143185 0.524076 0.296599 
0.00879064 0.00187468 0.0568494 1.24472E-4 1.20689E-4 0.923392 0.00884778 
0.00761491 0.00263385 0.163301 3.03244E-4 1.35395E-4 0.813554 0.0124584 
0.092116 0.00378466 0.535848 0.00260997 0.00163872 0.134706 0.229296 
0.0991374 0.00427496 0.416203 0.00251086 0.0017533 0.229988 0.246133 
0.0697808 0.00391094 0.654137 0.00130371 0.00106436 0.229724 0.0400793 
0.00203328 0.0103295 0.974644 0.00113341 4.55507E-4 0.007017 0.00438762 
0.0414221 0.255725 0.298815 0.141177 0.0645706 0.150911 0.0473806 
0.00186596 0.00615612 0.974785 6.1954E-4 0.00304904 0.00746421 0.00605988 
0.00905946 0.0439044 0.870674 0.0150523 0.0178219 0.0321929 0.0112953 
0.0539532 0.868185 0.00244021 0.0442856 0.0211366 0.00165672 0.00834234 
0.0481825 0.830774 0.00243576 0.0463358 0.0613916 0.00268514 0.00819501 
0.0349561 0.892924 9.90164E-4 0.0317891 0.0334225 0.00152188 0.00439623 
0.0273051 0.945449 4.64436E-4 0.0158677 0.00746373 8.98599E-4 0.00255146 
0.0210722 0.958654 4.18354E-4 0.0136679 0.00283987 0.00101342 0.00233409 
0.0212899 0.95394 3.93165E-4 0.01612 0.00500643 8.27726E-4 0.00242312 
0.0193333 0.961477 4.07867E-4 0.013395 0.00227161 7.81829E-4 0.0023333 
0.0291911 0.935065 5.24514E-4 0.019007 0.0107444 0.00100282 0.00446555 
0.14384 0.740657 0.00348047 0.0770883 0.010352 0.00278609 0.0217963 
0.161326 0.731019 0.00280248 0.073903 0.0118752 0.00215007 0.0169245 
0.47739 0.321783 0.0085609 0.122589 0.0085111 0.00252211 0.0586436 
0.588327 0.243619 0.0107885 0.11603 0.00903806 0.00238982 0.0298072 
0.321798 0.0840562 0.0115654 0.564331 0.00695158 0.00133432 0.00996322 
0.177333 0.0757763 0.0130824 0.710997 0.00286321 0.00114549 0.018803 
0.0590637 0.0492273 0.0059228 0.877674 0.0015382 4.87842E-4 0.00608605 
0.00691997 0.0040563 0.00148246 0.986361 2.17674E-4 2.7263E-5 9.35666E-4 
0.00610837 0.00357954 0.00127461 0.98756 2.1739E-4 3.24048E-5 0.00122752 
0.00560657 0.00869752 0.00112082 0.983281 3.01802E-4 5.0473E-5 9.42182E-4 
0.00566857 0.00949434 0.00125419 0.982532 3.00976E-4 4.08063E-5 7.09022E-4 
0.00479468 0.0169046 7.79677E-4 0.975825 8.41357E-4 6.15978E-5 7.9271E-4 
0.0121318 0.0474077 0.00148002 0.933315 0.00311281 2.26749E-4 0.00232581 
0.136626 0.579194 0.00860895 0.222425 0.0125073 0.00454173 0.0360978 
0.120556 0.562862 0.00796786 0.256725 0.0127522 0.0040699 0.0350675 
0.122759 0.65537 0.00662695 0.161088 0.0173603 0.003462 0.033334 
0.0893018 0.610371 0.0077319 0.23952 0.0304319 0.00351618 0.0191273 
0.0539896 0.806802 0.00326483 0.112672 0.0098615 0.00154185 0.011868 
0.02527 0.859426 0.00198622 0.0936969 0.00647005 0.00132218 0.0118282 
0.0178858 0.893125 0.00104425 0.0643302 0.0164665 9.86461E-4 0.00616231 
0.0188654 0.891128 0.00119974 0.0595495 0.0201424 0.00120365 0.00791144 
0.0124602 0.906816 0.00122601 0.0365043 0.0354525 0.00187362 0.00566787 
0.00968819 0.944182 5.41224E-4 0.0320059 0.00804322 7.45105E-4 0.00479479 
0.00763564 0.953211 4.34471E-4 0.0214564 0.0139599 8.48183E-4 0.00245382 
0.00962529 0.957844 4.49227E-4 0.0235169 0.00688634 5.01654E-4 0.00117629 
0.0126727 0.953532 5.07413E-4 0.0264616 0.00486206 5.07806E-4 0.00145601 
0.00573381 0.979145 1.47654E-4 0.00934721 0.00455202 4.4787E-4 6.26637E-4 
0.00435109 0.985533 9.4121E-5 0.00596693 0.003137 4.17911E-4 4.99719E-4 
0.00540231 0.96005 2.96377E-4 0.00920243 0.0232622 0.00112286 6.64103E-4 
0.00317941 0.97672 1.09887E-4 0.00526552 0.0136347 7.82895E-4 3.07733E-4 
0.00241602 0.989358 5.36362E-5 0.00288056 0.00453836 4.60421E-4 2.92726E-4 
0.00392683 0.976254 1.30242E-4 0.00777063 0.0108888 6.21517E-4 4.07906E-4 
0.00195975 0.994078 4.93411E-5 0.00147929 0.00147365 6.83372E-4 2.76349E-4 
0.00112976 0.996418 2.78021E-5 6.08965E-4 9.572E-4 7.5032E-4 1.08376E-4 
8.89029E-4 0.996821 2.44568E-5 8.49781E-4 8.39926E-4 4.8479E-4 9.1217E-5 
5.01485E-7 0.998984 2.29064E-7 3.68948E-7 1.68771E-4 8.23574E-4 2.21157E-5 
3.52085E-4 0.993936 3.30839E-5 3.7815E-5 1.71264E-4 0.005445 2.43016E-5 
2.8703E-6 0.997704 1.64077E-6 2.78559E-6 8.39571E-5 0.0021764 2.81572E-5 
2.80526E-4 0.99708 1.22525E-4 9.80023E-5 1.25563E-4 0.00225756 3.59602E-5 
1.1965E-6 0.998613 6.89739E-7 1.16029E-6 7.71872E-5 0.00128513 2.164E-5 
1.7001E-6 0.998196 9.13818E-7 1.5715E-6 9.9619E-5 0.00167829 2.2236E-5 
9.47006E-7 0.998936 5.84438E-7 1.15295E-6 5.18341E-5 9.93774E-4 1.5274E-5 
4.03316E-4 0.997887 8.12638E-5 3.39139E-4 8.19824E-5 0.00118992 1.777E-5 
4.44411E-4 0.997903 7.57527E-5 3.26287E-4 9.47663E-5 0.00113737 1.82241E-5 
6.38382E-4 0.996483 1.61141E-4 3.47492E-4 8.22116E-5 0.00224722 4.0564E-5 
3.22055E-4 0.996379 1.84664E-4 1.53999E-4 1.06221E-4 0.00283153 2.28713E-5 
2.45349E-6 0.997876 1.61627E-6 2.83727E-6 5.59748E-5 0.00205191 9.61303E-6 
5.13681E-4 0.994815 2.71043E-4 3.44931E-4 9.22887E-5 0.00392767 3.57977E-5 
8.14907E-4 0.991915 4.18336E-4 5.5342E-4 1.57442E-4 0.00606389 7.65135E-5 
4.67068E-4 0.994906 2.82689E-4 3.11612E-4 7.47856E-5 0.00392996 2.77351E-5 
2.66253E-6 0.997801 1.83554E-6 3.05774E-6 4.52619E-5 0.00213721 8.78654E-6 
4.53877E-6 0.996946 2.93103E-6 4.96902E-6 5.27885E-5 0.00297869 1.02089E-5 
4.45425E-6 0.996914 2.49933E-6 4.40584E-6 5.46085E-5 0.00301572 4.65874E-6 
2.73987E-7 0.999251 1.61855E-7 2.72605E-7 8.42061E-5 6.61963E-4 1.69322E-6 
5.8704E-7 0.999055 3.22578E-7 5.4239E-7 8.78602E-5 8.53695E-4 2.0846E-6 
1.53292E-6 0.998442 7.35287E-7 1.07499E-6 1.26639E-4 0.00142402 4.10595E-6 
1.32967E-6 0.99858 6.89217E-7 1.09804E-6 7.90507E-5 0.00133322 4.12921E-6 
1.03765E-6 0.998672 5.40765E-7 9.49026E-7 5.69542E-5 0.00126526 3.27583E-6 
5.50621E-7 0.999142 3.51391E-7 5.7928E-7 5.01852E-5 8.00411E-4 5.72897E-6 
8.4208E-7 0.998722 5.18884E-7 8.59992E-7 5.11406E-5 0.00121961 5.26014E-6 
2.76573E-6 0.997878 1.93091E-6 3.23585E-6 3.72425E-5 0.00206306 1.33659E-5 
3.05265E-4 0.995631 2.23685E-4 8.42362E-5 8.16665E-5 0.00363388 3.98987E-5 
5.23413E-4 0.993727 3.72856E-4 2.29587E-4 8.39786E-5 0.00501002 5.30089E-5 
0.00118697 0.991515 4.46752E-4 8.67911E-4 1.1177E-4 0.00580744 6.4275E-5 
7.26152E-4 0.994792 2.44425E-4 6.04688E-4 9.60395E-5 0.00349944 3.72297E-5 
5.4589E-4 0.996352 1.65984E-4 4.00553E-4 8.33051E-5 0.00242397 2.84076E-5 
7.11875E-4 0.995611 1.82787E-4 7.61575E-4 9.21016E-5 0.00259844 4.21152E-5 
6.13693E-4 0.995875 1.83849E-4 5.22429E-4 9.45764E-5 0.002671 3.92243E-5 
7.89654E-4 0.997254 8.47299E-5 6.43505E-4 1.01377E-4 0.0011027 2.40434E-5 
6.44082E-4 0.997395 1.00066E-4 2.70393E-4 8.6545E-5 0.001476 2.8418E-5 
0.00108968 0.996813 1.06168E-4 4.32378E-4 1.02728E-4 0.00142532 3.09854E-5 
0.0010938 0.997014 9.83806E-5 2.44437E-4 1.37469E-4 0.00138705 2.47881E-5 
0.00136427 0.996766 9.83121E-5 3.38076E-4 1.42998E-4 0.00127602 1.438E-5 
0.0107109 0.983519 4.20059E-4 2.95914E-4 4.36068E-4 0.00458347 3.42041E-5 
0.0424205 0.935583 0.00321816 0.00104498 0.0011545 0.016189 3.90124E-4 
0.248321 0.645832 0.0433166 0.00540593 0.00146722 0.051304 0.0043538 
0.445192 0.41893 0.0508634 0.0124378 0.00235035 0.045987 0.0242399 
0.30962 0.576708 0.0215854 0.00910937 0.00485645 0.057327 0.0207938 
0.404162 0.378938 0.0327959 0.00907128 0.00423714 0.136416 0.0343794 
0.553374 0.0300949 0.166424 0.179882 0.00492827 0.015684 0.0496132 
0.42869 0.0235945 0.198062 0.215052 0.00603439 0.0192262 0.109342 
0.198486 0.0188777 0.33702 0.120272 0.0075903 0.0340109 0.283744 
0.394628 0.0180629 0.24483 0.120509 0.00556043 0.0255529 0.190856 
0.305818 0.0153575 0.205772 0.0257424 0.00220663 0.413863 0.0312397 
0.452948 0.191722 0.0494818 0.0141477 0.00660949 0.237978 0.0471129 
0.199602 0.661562 0.0101346 0.00510276 0.00569301 0.102109 0.0157969 
0.292188 0.508229 0.022366 0.00326322 0.00622163 0.142442 0.0252902 
0.361558 0.44572 0.0372834 0.00426329 0.00331718 0.113384 0.0344735 
0.475609 0.322348 0.0501846 0.0144019 0.00299511 0.0885807 0.0458804 
0.513084 0.320443 0.0556036 0.0177211 0.00197222 0.056379 0.0347968 
0.562083 0.249694 0.0634768 0.0163579 0.0019908 0.0733069 0.0330908 
0.533936 0.31051 0.0597645 0.0172733 0.00307558 0.0535022 0.0219382 
0.578695 0.166046 0.0741926 0.00518568 0.00601592 0.152837 0.0170276 
0.506777 0.166225 0.0746308 0.00431318 0.00359821 0.229681 0.0147745 
0.506785 0.0799859 0.0970285 0.00625014 0.00206443 0.286119 0.0217665 
0.497685 0.0174065 0.208071 0.0221251 0.00109912 0.231121 0.0224911 
0.535453 0.0141504 0.262699 0.100784 0.00346271 0.0450191 0.0384325 
0.580555 0.00809545 0.269738 0.0880959 0.00220784 0.0070922 0.0442151 
0.669343 0.00607202 0.228053 0.0480489 8.96041E-4 0.00968938 0.0378974 
0.510717 0.0057621 0.293173 0.0528721 0.00129562 0.00679525 0.129384 
0.542378 0.00560481 0.270602 0.042253 9.85178E-4 0.0117318 0.126445 
0.283128 0.00767796 0.243627 0.014703 9.2841E-4 0.35166 0.0982763 
0.408133 0.0249025 0.13556 0.00156104 0.00215639 0.402745 0.024943 
0.726133 0.0211406 0.0695669 0.00469662 0.00199429 0.0976693 0.0787989 
0.678468 0.0228811 0.0858231 0.00410329 0.00170065 0.161552 0.045472 
0.580652 0.0096513 0.180638 0.00560866 0.0010287 0.174931 0.0474913 
0.277364 0.0101776 0.269214 0.0273344 0.00497492 0.0127685 0.398167 
0.41932 0.007048 0.151966 0.0119457 0.00187411 0.00582976 0.402017 
0.555006 0.00822817 0.200269 0.0146181 9.53635E-4 0.150811 0.0701144 
0.373041 0.0202005 0.229697 0.00112585 0.00139283 0.356047 0.0184959 
0.484541 0.00940696 0.18262 0.00169111 0.00115334 0.283267 0.0373203 
0.760344 0.0129902 0.0773217 0.00408459 0.00180471 0.0631888 0.0802658 
0.799493 0.0210783 0.0776215 0.00345923 0.00174227 0.0549858 0.0416195 
0.665484 0.0242065 0.123884 0.00269806 0.00310015 0.127861 0.0527662 
0.746299 0.0221378 0.108687 0.00292055 0.00206507 0.0540674 0.063823 
0.850657 0.0255977 0.0584786 0.00594786 0.00233462 0.0276647 0.0293195 
0.883762 0.0154537 0.0545583 0.00642346 0.00238928 0.0135916 0.0238215 
0.857914 0.0178875 0.0738579 0.00402588 0.00153688 0.012893 0.0318847 
0.819615 0.018219 0.0712328 0.00469824 0.00138601 0.0162218 0.0686273 
0.845899 0.020624 0.0538267 0.00746953 0.00140669 0.0091477 0.0616264 
0.852464 0.0172457 0.0595196 0.009712 0.00131465 0.00762568 0.0521186 
0.857824 0.0171305 0.0587996 0.0111365 0.00117084 0.00818941 0.0457494 
0.848755 0.0192843 0.0599908 0.0192596 9.02214E-4 0.00625631 0.0455518 
0.835373 0.0171184 0.0611299 0.0199823 8.19566E-4 0.00671818 0.0588585 
0.834969 0.0190385 0.0591776 0.0106339 8.38937E-4 0.00707391 0.0682682 
0.851417 0.0198664 0.0530125 0.0188804 0.00113402 0.00536054 0.0503287 
0.860967 0.0269533 0.0466447 0.016477 0.0011656 0.00580351 0.0419886 
0.838857 0.0280355 0.050135 0.0301312 0.00117526 0.00722146 0.0444451 
0.807173 0.0254305 0.0701402 0.0229272 0.00109933 0.00791898 0.0653106 
0.833775 0.0150432 0.0620153 0.0255382 0.00137673 0.00669005 0.0555619 
0.859628 0.0149425 0.061824 0.0207515 0.0020464 0.00540879 0.0353985 
0.83627 0.0166349 0.0730952 0.0140343 0.00173961 0.00455112 0.0536745 
0.854131 0.0300414 0.0412159 0.0206627 0.00549866 0.0026686 0.0457816 
0.834957 0.0190384 0.0533032 0.020084 0.00366236 0.0020934 0.0668613 
0.85029 0.0229316 0.0392755 0.025644 0.00558284 0.00267379 0.0536023 
0.806232 0.0197417 0.0474719 0.0222287 0.00581072 0.00246629 0.0960488 
0.839484 0.0189882 0.0514431 0.0130784 0.00345401 0.00194759 0.0716049 
0.708673 0.0176968 0.0623086 0.00910358 0.00446613 0.002599 0.195153 
0.795114 0.0189227 0.0530469 0.0185916 0.0056341 0.00155137 0.10714 
0.680195 0.0217924 0.0628484 0.0151126 0.00276442 0.00203308 0.215254 
0.656082 0.018035 0.0784714 0.0178426 0.00171501 0.00166144 0.226192 
0.649284 0.0196173 0.0762569 0.028544 0.00287593 0.00154501 0.221877 
0.608094 0.0225516 0.0781987 0.0189538 0.0017934 0.00168123 0.268728 
0.753553 0.0137634 0.0711024 0.0202071 0.00276994 0.00153255 0.137071 
0.667947 0.0132381 0.0725482 0.011144 0.00247869 0.0019928 0.230651 
0.762269 0.0127714 0.0718995 0.0193449 0.00220872 0.00152962 0.129977 
0.751558 0.0110057 0.0783888 0.0151653 0.00144742 0.001695 0.140739 
0.744804 0.0122101 0.0864171 0.0126121 0.00191966 0.00152446 0.140513 
0.743693 0.0112028 0.0884131 0.0104302 0.0017255 0.00157819 0.142957 
0.601376 0.00966375 0.0997339 0.0104748 0.001714 0.00174323 0.275295 
0.658959 0.00785077 0.0900666 0.0126184 0.00205241 0.00185086 0.226602 
0.721471 0.00685849 0.0902778 0.0158118 0.00329708 0.00102652 0.161257 
0.678481 0.00703387 0.100022 0.00995527 0.00214685 0.00121323 0.201148 
0.54893 0.00619448 0.138118 0.0161781 0.00135746 0.0011952 0.288027 
0.528348 0.00542816 0.128567 0.00980004 0.00209954 0.0012899 0.324468 
0.580802 0.00534794 0.123253 0.0174685 0.0016685 0.001299 0.270161 
0.558894 0.00578265 0.111705 0.0131424 0.00294669 0.00118727 0.306342 
0.26871 0.00807918 0.124382 0.0160654 0.00611963 0.00252518 0.574119 
0.493472 0.00700362 0.11965 0.035613 0.0041065 0.00157587 0.33858 
0.585786 0.00518945 0.0903349 0.0262575 0.00549915 9.18372E-4 0.286014 
0.585409 0.00538135 0.107093 0.0083396 0.00362103 0.0012188 0.288936 
0.257519 0.0110838 0.175219 0.0115633 0.00617789 0.00483997 0.533598 
0.135004 0.00637017 0.0911774 0.0105868 0.0047567 0.00186176 0.750244 
0.498954 0.00701559 0.0903899 0.0286351 0.00568866 0.00134917 0.367968 
0.688538 0.0061824 0.129029 0.00136213 0.00274696 0.00150324 0.170638 
0.520272 0.00474193 0.359963 0.00450646 0.00588742 0.00731161 0.0973172 
0.294344 0.00268952 0.563615 9.19185E-4 0.00100036 0.0344979 0.102934 
0.634736 0.00365762 0.291632 0.00345258 6.89555E-4 0.00797414 0.0578577 
0.397895 0.00150735 0.488448 0.00299032 2.79108E-4 0.00705372 0.101826 
0.449771 0.00243487 0.35961 0.00500418 3.85842E-4 0.00867797 0.174117 
0.553824 0.0033223 0.349526 0.0147129 6.26389E-4 0.00775997 0.0702283 
0.651935 0.00541233 0.243234 0.00381959 0.0034586 0.00952415 0.0826166 
0.649907 0.00606909 0.254447 0.00344487 0.00266186 0.0137485 0.0697216 
0.237119 0.00441231 0.536657 0.00816775 0.00211864 0.0665567 0.144969 
0.247926 0.0044619 0.401488 0.0121323 0.00271322 0.0142637 0.317015 
0.284685 0.00513432 0.178256 0.00373735 0.0017525 0.00382721 0.522608 
0.179571 0.00476518 0.262662 0.00490952 0.00225059 0.00834444 0.537498 
0.364006 0.00418248 0.31971 0.00368255 7.6741E-4 0.0357976 0.271853 
0.373792 0.00356968 0.285433 0.00371848 0.0010504 0.014132 0.318304 
0.149684 0.00620212 0.261209 0.00827194 0.00406796 0.00839133 0.562174 
0.2735 0.00342658 0.390497 0.00455264 0.00136436 0.0296769 0.296982 
0.35011 0.00328994 0.472951 0.00182048 0.00101876 0.0630489 0.107761 
0.457565 0.00840111 0.407631 0.00206861 0.00494837 0.0519935 0.067392 
0.551428 0.00519806 0.314709 0.0033265 0.00210286 0.0347613 0.0884748 
0.661841 0.00322862 0.201315 0.0103561 4.95838E-4 0.00819711 0.114566 
0.594351 0.00294255 0.220834 0.00860052 6.56182E-4 0.00809929 0.164517 
0.647632 0.00339231 0.201404 0.0110213 8.04282E-4 0.00535214 0.130394 
0.676461 0.00332826 0.248484 0.0241434 6.35931E-4 0.00339986 0.0435475 
0.704508 0.00291079 0.222145 0.0120409 6.05477E-4 0.00491246 0.0528778 
0.694493 0.00329859 0.206002 0.0125229 7.50851E-4 0.00445256 0.0784802 
0.644503 0.00240405 0.280362 0.0057331 4.10898E-4 0.00554861 0.0610389 
0.723454 0.00273916 0.222919 0.0110904 7.30288E-4 0.00554896 0.0335189 
0.753592 0.00298661 0.199608 0.014618 6.0015E-4 0.00554086 0.0230543 
0.721579 0.00360669 0.216553 0.0146685 5.98914E-4 0.00662439 0.0363699 
0.761705 0.00340591 0.181887 0.0122836 9.2348E-4 0.00499016 0.0348043 
0.761885 0.00375772 0.178845 0.0057843 7.55948E-4 0.00593169 0.0430408 
0.759578 0.00350452 0.181695 0.00520823 8.61644E-4 0.0070519 0.042101 
0.755136 0.00437301 0.1731 0.016286 8.142E-4 0.00675144 0.0435394 
0.754577 0.00474235 0.136852 0.0153276 0.00167228 0.0152999 0.0715286 
0.762636 0.00587726 0.130766 0.0115834 0.00231557 0.0188513 0.0679707 
0.827187 0.00582331 0.109002 0.00645722 0.00326397 0.00929732 0.0389698 
0.782896 0.00483562 0.1364 0.0104979 0.00316148 0.00713714 0.0550714 
0.654919 0.0034198 0.228307 0.0093519 0.00128299 0.00674472 0.0959747 
0.664844 0.00393477 0.198296 0.00424849 0.00192376 0.00620617 0.120547 
0.678822 0.00399858 0.194654 0.0104375 8.47301E-4 0.00951816 0.101722 
0.571923 0.00324347 0.249294 0.0039259 5.32981E-4 0.0119746 0.159106 
0.664758 0.00405846 0.123014 0.0062873 0.00144913 0.00431782 0.196115 
0.693241 0.0046221 0.128405 0.00526078 0.00115407 0.00362155 0.163695 
0.41375 0.00587718 0.171117 0.00497815 0.00248022 0.00367471 0.398123 
0.62559 0.00660885 0.110597 0.0431777 0.0032396 0.00173092 0.209055 
0.329199 0.00869732 0.121505 0.0100131 0.00436921 0.00324717 0.522969 
0.0786562 0.00380042 0.128858 0.00294816 0.00201455 0.00895198 0.774771 
0.269383 0.00337533 0.354733 0.00123703 0.00113617 0.0178535 0.352282 
0.087753 0.00305897 0.47366 0.00466533 0.00151199 0.0422583 0.387092 
0.081907 0.00288593 0.534339 0.00734327 0.00162235 0.0236477 0.348255 
0.351862 0.00402051 0.229984 0.00319369 6.01193E-4 0.0102151 0.400123 
0.188495 0.0052731 0.316409 0.0110679 0.00264134 0.0279359 0.448178 
0.106669 0.0047309 0.261249 0.00586797 0.0022077 0.0165108 0.602765 
0.282697 0.0049785 0.172757 0.0103712 9.60607E-4 0.00996708 0.518269 
0.298173 0.00571155 0.137292 0.0098937 8.81303E-4 0.00913726 0.538911 
0.444692 0.00414953 0.202556 0.0225915 6.3488E-4 0.00255657 0.322819 
0.343329 0.00646297 0.21401 0.0202993 9.25147E-4 0.00614971 0.408824 
0.51098 0.0086347 0.145916 0.0209556 6.80711E-4 0.00519767 0.307635 
0.409774 0.0102966 0.0887927 0.0251476 0.00166728 0.00481492 0.459507 
0.679242 0.0171779 0.078157 0.090812 0.00219365 0.00559586 0.126821 
0.657104 0.0261068 0.0534985 0.0176715 0.00321374 0.00456169 0.237844 
0.769674 0.0347249 0.0436354 0.0211829 0.00303017 0.0085337 0.119219 
0.736245 0.125561 0.0271504 0.021277 0.0242955 0.00757153 0.0578993 
0.698636 0.0779349 0.0408576 0.0459635 0.00528456 0.00889772 0.122426 
0.741308 0.0770289 0.0394609 0.0534779 0.00721627 0.0151608 0.0663477 
0.786186 0.0499315 0.0457874 0.0382044 0.00444406 0.0127798 0.0626665 
0.662288 0.057157 0.0624862 0.124804 0.00848504 0.0181216 0.0666587 
0.670394 0.0773503 0.0426539 0.138601 0.0107259 0.0157382 0.0445362 
0.74631 0.0673091 0.0508677 0.0553742 0.0113684 0.0228247 0.0459459 
0.723634 0.081505 0.0607964 0.060854 0.00975036 0.0263938 0.037066 
0.693348 0.0740095 0.0921789 0.0261918 0.00809053 0.0606062 0.0455749 
0.638446 0.0928732 0.103667 0.022142 0.00932472 0.0862104 0.0473363 
0.667732 0.056288 0.12842 0.0763979 0.00934429 0.016403 0.0454151 
0.395255 0.0235482 0.402034 0.0392595 0.0142566 0.0781471 0.0474989 
0.0118951 0.0113576 0.815404 0.116782 0.0023064 0.0267795 0.015475 
0.0125654 0.0462798 0.659016 0.202005 0.0140958 0.0538054 0.0122329 
0.0156574 0.0549988 0.481073 0.342667 0.0259884 0.0676521 0.0119637 
0.033755 0.125734 0.356655 0.252682 0.0677722 0.135515 0.027887 
0.0327144 0.121214 0.368638 0.255385 0.0593543 0.135713 0.0269808 
0.0373727 0.213682 0.286463 0.229048 0.0747419 0.118604 0.0400892 
0.0361308 0.331536 0.23679 0.176178 0.0751379 0.10226 0.0419673 
0.0410539 0.250877 0.281332 0.160687 0.102015 0.118436 0.0455982 
0.0419907 0.206829 0.292414 0.174765 0.112762 0.127368 0.0438721 
0.042693 0.18345 0.307034 0.171725 0.118374 0.133551 0.0431726 
0.00525857 0.00478526 0.0270196 0.00271809 3.53812E-4 0.774984 0.184881 
4.76318E-4 0.00525176 0.00232864 5.33834E-4 5.68758E-4 0.989281 0.0015599 
0.665831 0.0033687 0.17001 0.0114751 0.00168991 0.00100395 0.146621 
0.572691 0.00408119 0.166723 0.0198594 0.00257999 0.00106791 0.232997 
0.488185 0.00409866 0.180005 0.00819301 0.00107347 0.00157619 0.316869 
0.546549 0.00477385 0.186137 0.0114673 0.00145304 0.00108577 0.248534 
0.510414 0.00471604 0.165251 0.0113147 0.00149882 0.00127065 0.305535 
0.566224 0.00483279 0.13484 0.0103228 0.00337054 0.00166529 0.278744 
0.561816 0.00511757 0.132545 0.00645464 0.00316711 0.00194532 0.288954 
0.682141 0.00482225 0.133555 0.00602209 0.00253311 0.00138868 0.169537 
0.582684 0.00515775 0.142177 0.00588661 0.00305699 0.00143457 0.259603 
