0.463132 0.0929741 0.109132 0.0454809 0.00705919 0.17736 0.104862 
0.0462667 0.023372 0.195679 0.00879136 0.00179934 0.710512 0.0135798 
0.0542858 0.0337628 0.19658 0.00721531 0.00225849 0.6965 0.00939705 
0.0255157 0.0231636 0.0960133 9.53028E-4 7.92539E-4 0.851221 0.00234047 
0.0703864 0.211341 0.264928 0.0141326 0.0256561 0.395667 0.0178879 
0.0536296 0.0941198 0.0882739 0.0027621 0.00473332 0.749275 0.00720578 
0.144089 0.0675722 0.0732496 0.00809152 0.00249464 0.677685 0.0268182 
0.14997 0.115722 0.0515274 0.00768674 0.00313575 0.659714 0.0122441 
0.0374071 0.37926 0.0177033 7.44932E-4 0.00257723 0.560662 0.00164585 
0.00977479 0.759405 0.00281196 4.14156E-5 7.74221E-4 0.226532 6.61446E-4 
0.00394556 0.922863 7.12475E-4 4.20457E-5 3.08646E-4 0.0717232 4.0523E-4 
0.00345947 0.961528 3.96502E-4 2.01874E-5 2.57063E-4 0.0338825 4.55841E-4 
0.0851499 0.826789 0.00811942 0.00199634 0.00107271 0.0712546 0.00561757 
0.121815 0.590524 0.0168321 0.00216288 0.00284236 0.254855 0.0109678 
0.0466174 0.589117 0.00823233 2.69523E-4 0.00258894 0.351364 0.00181056 
0.0243105 0.924828 6.2262E-4 1.76146E-4 0.00270336 0.0461623 0.00119741 
0.0935448 0.563229 0.00847001 2.30292E-4 0.00192185 0.323923 0.00868076 
0.305894 0.0264837 0.100736 0.00270854 0.00120645 0.124598 0.438373 
0.295336 0.0308028 0.079288 0.00327241 0.00111349 0.077356 0.512831 
0.42313 0.0287703 0.190095 0.00553407 0.00312865 0.296379 0.052964 
0.0782133 0.0635419 0.285107 0.00250703 0.00354403 0.561123 0.00596441 
0.0885164 0.0855046 0.197503 0.0024802 0.00377115 0.615502 0.00672214 
0.01865 0.014034 0.0538822 5.06823E-4 3.53642E-4 0.910619 0.00195458 
0.0724476 0.36834 0.0289977 6.10592E-4 0.00264737 0.524318 0.00263873 
0.0366342 0.689912 0.00943413 8.36128E-5 8.02718E-4 0.261143 0.00199019 
0.0163272 0.889374 0.00158161 3.26838E-5 8.71225E-4 0.0909012 9.11969E-4 
0.0391634 0.830084 0.00306176 8.33746E-5 0.00104714 0.123263 0.00329712 
0.0883292 0.81394 0.00881267 4.86829E-4 0.00119817 0.0796206 0.00761255 
0.0481184 0.908923 0.00311233 1.71424E-4 0.00136616 0.0348466 0.00346199 
0.0982905 0.860024 0.00757699 0.00108716 0.00106115 0.0259323 0.00602833 
0.123423 0.803884 0.00987497 0.00150257 0.00140354 0.0518428 0.00806954 
0.0723092 0.882782 0.00574258 8.04867E-4 0.00130899 0.0299773 0.00707495 
0.0800112 0.868403 0.00665585 8.86394E-4 0.00177423 0.03539 0.0068794 
0.103378 0.833938 0.00815401 8.42153E-4 0.00207617 0.0426843 0.00892726 
0.0957934 0.837453 0.00845441 8.40272E-4 0.00202979 0.0457724 0.00965663 
0.343473 0.00511484 0.216881 0.00594061 0.00312616 0.00501741 0.420447 
0.260883 0.00613269 0.206702 0.00599464 0.00329401 0.00630635 0.510687 
0.331611 0.005988 0.197882 0.00453543 0.002277 0.00336399 0.454343 
0.269608 0.00630244 0.242549 0.00588441 0.00275484 0.00471314 0.468188 
0.41915 0.00452124 0.229098 0.00399903 0.00152336 0.00283311 0.338875 
0.29557 0.00513572 0.206807 0.00485325 0.00244084 0.00364623 0.481547 
0.252304 0.00557018 0.203478 0.00516325 0.00229583 0.00496574 0.526223 
0.476923 0.00378866 0.196003 0.00577152 0.00118386 0.00211248 0.314218 
0.26425 0.00538104 0.232711 0.00428151 0.00201278 0.00398628 0.487377 
0.359192 0.00453915 0.216541 0.00400521 0.00169541 0.00418508 0.409842 
0.335752 0.00542373 0.223891 0.00641605 0.00254977 0.00329836 0.42267 
0.280002 0.00527016 0.222048 0.00519129 0.00230213 0.0041145 0.481072 
0.370608 0.00449333 0.204597 0.00427931 0.00168315 0.00273446 0.411604 
0.356005 0.00507776 0.235058 0.0055592 0.00216249 0.00359776 0.39254 
0.277199 0.00541215 0.168435 0.00461783 0.00192299 0.00312994 0.539283 
0.343109 0.00470367 0.187794 0.00446161 0.00207728 0.00283581 0.455018 
0.19019 0.00607054 0.178535 0.00447609 0.00274651 0.00425391 0.613728 
0.386366 0.00462519 0.212635 0.00406083 0.00204453 0.00297613 0.387293 
0.392795 0.0043213 0.224134 0.00386963 0.00206598 0.00226983 0.370544 
0.338511 0.0055108 0.205039 0.00403339 0.00267512 0.00246672 0.441764 
0.230877 0.00542736 0.192261 0.00478176 0.00224441 0.0030173 0.561391 
0.26963 0.00505691 0.205983 0.00551109 0.00202677 0.00289495 0.508897 
0.479063 0.00473432 0.159196 0.00812348 0.00277352 0.00256303 0.343546 
0.554258 0.00397346 0.164469 0.00988564 0.00212345 0.00194005 0.263351 
0.539413 0.00410074 0.161425 0.00997645 0.00243366 0.00182655 0.280825 
0.595863 0.00358552 0.162469 0.00485704 0.00132844 0.00165395 0.230244 
0.289995 0.00672033 0.205821 0.00625362 0.00386479 0.00456319 0.482783 
0.285691 0.00627186 0.201366 0.00541168 0.00258412 0.00408585 0.494589 
0.259446 0.00609046 0.188033 0.0057276 0.0029364 0.00507585 0.532691 
0.290805 0.00599233 0.18705 0.00613849 0.00277392 0.00348019 0.50376 
0.298976 0.005571 0.175829 0.0061512 0.00301348 0.0028958 0.507564 
0.391663 0.00479461 0.216699 0.00871035 0.00191068 0.00279022 0.373432 
0.257813 0.00552047 0.214244 0.006659 0.0030601 0.00356445 0.509139 
0.301114 0.00616064 0.220247 0.00739725 0.00329503 0.00351984 0.458265 
0.213652 0.00503319 0.19138 0.00461033 0.00296669 0.00368626 0.578671 
0.191487 0.00505001 0.20534 0.00493632 0.00271553 0.00440036 0.586071 
0.229377 0.00716238 0.235033 0.00719798 0.00397401 0.00607533 0.51118 
0.247992 0.00645027 0.243452 0.00859817 0.00324568 0.00449419 0.485767 
0.154136 0.00653729 0.214672 0.00641298 0.00356743 0.00506742 0.609607 
0.260908 0.00735615 0.256364 0.00742065 0.00385139 0.0051151 0.458985 
0.185373 0.00732902 0.243688 0.00730097 0.00447841 0.0053613 0.54647 
0.192324 0.00568881 0.269754 0.00650052 0.00372034 0.00473995 0.517273 
0.165306 0.00644518 0.263565 0.00709512 0.00364887 0.00539863 0.548542 
0.139262 0.00563183 0.219433 0.00607227 0.0030938 0.00518584 0.621321 
0.292524 0.00500256 0.27916 0.00554197 0.0023321 0.003536 0.411903 
0.111868 0.00441543 0.157031 0.00369641 0.00305895 0.00347119 0.71646 
0.190783 0.00581691 0.204869 0.00490804 0.00342708 0.00364782 0.586549 
0.219129 0.00595282 0.203869 0.00430429 0.00316348 0.00290706 0.560674 
0.18851 0.0062246 0.243879 0.00601008 0.00423348 0.00499545 0.546148 
0.316375 0.00699594 0.201967 0.00540485 0.00498587 0.00358261 0.460689 
0.355019 0.0060896 0.260116 0.00974641 0.00203729 0.00263384 0.364357 
0.213652 0.00503319 0.19138 0.00461033 0.00296669 0.00368626 0.578671 
0.191487 0.00505001 0.20534 0.00493632 0.00271553 0.00440036 0.586071 
0.229377 0.00716238 0.235033 0.00719798 0.00397401 0.00607533 0.51118 
0.247992 0.00645027 0.243452 0.00859817 0.00324568 0.00449419 0.485767 
0.154136 0.00653729 0.214672 0.00641298 0.00356743 0.00506742 0.609607 
0.260908 0.00735615 0.256364 0.00742065 0.00385139 0.0051151 0.458985 
0.185373 0.00732902 0.243688 0.00730097 0.00447841 0.0053613 0.54647 
0.192324 0.00568881 0.269754 0.00650052 0.00372034 0.00473995 0.517273 
0.165306 0.00644518 0.263565 0.00709512 0.00364887 0.00539863 0.548542 
0.139262 0.00563183 0.219433 0.00607227 0.0030938 0.00518584 0.621321 
0.292524 0.00500256 0.27916 0.00554197 0.0023321 0.003536 0.411903 
0.111868 0.00441543 0.157031 0.00369641 0.00305895 0.00347119 0.71646 
0.190783 0.00581691 0.204869 0.00490804 0.00342708 0.00364782 0.586549 
0.219129 0.00595282 0.203869 0.00430429 0.00316348 0.00290706 0.560674 
0.18851 0.0062246 0.243879 0.00601008 0.00423348 0.00499545 0.546148 
0.316375 0.00699594 0.201967 0.00540485 0.00498587 0.00358261 0.460689 
0.355019 0.0060896 0.260116 0.00974641 0.00203729 0.00263384 0.364357 
0.213652 0.00503319 0.19138 0.00461033 0.00296669 0.00368626 0.578671 
0.191487 0.00505001 0.20534 0.00493632 0.00271553 0.00440036 0.586071 
0.229377 0.00716238 0.235033 0.00719798 0.00397401 0.00607533 0.51118 
0.247992 0.00645027 0.243452 0.00859817 0.00324568 0.00449419 0.485767 
0.154136 0.00653729 0.214672 0.00641298 0.00356743 0.00506742 0.609607 
0.260908 0.00735615 0.256364 0.00742065 0.00385139 0.0051151 0.458985 
0.185373 0.00732902 0.243688 0.00730097 0.00447841 0.0053613 0.54647 
0.192324 0.00568881 0.269754 0.00650052 0.00372034 0.00473995 0.517273 
0.165306 0.00644518 0.263565 0.00709512 0.00364887 0.00539863 0.548542 
0.139262 0.00563183 0.219433 0.00607227 0.0030938 0.00518584 0.621321 
0.292524 0.00500256 0.27916 0.00554197 0.0023321 0.003536 0.411903 
0.111868 0.00441543 0.157031 0.00369641 0.00305895 0.00347119 0.71646 
0.190783 0.00581691 0.204869 0.00490804 0.00342708 0.00364782 0.586549 
0.219129 0.00595282 0.203869 0.00430429 0.00316348 0.00290706 0.560674 
0.18851 0.0062246 0.243879 0.00601008 0.00423348 0.00499545 0.546148 
0.316375 0.00699594 0.201967 0.00540485 0.00498587 0.00358261 0.460689 
0.355019 0.0060896 0.260116 0.00974641 0.00203729 0.00263384 0.364357 
0.822846 0.0179924 0.0495302 0.011568 0.0290242 0.00193622 0.067103 
0.841239 0.0124242 0.0513938 0.0153912 0.0177349 0.00179661 0.0600204 
0.857464 0.0147559 0.0524195 0.0107141 0.0186632 0.00153594 0.0444478 
0.796032 0.0122571 0.0855129 0.003221 0.0122825 0.00151053 0.0891837 
0.762203 0.0118004 0.111762 0.00435597 0.0169636 0.00125145 0.0916637 
0.721157 0.0131334 0.101137 0.00780583 0.0311055 0.00124137 0.12442 
0.726926 0.0120637 0.0987886 0.00558189 0.0280217 0.00193758 0.126681 
0.678692 0.0122017 0.116086 0.00361344 0.0164079 0.00170577 0.171293 
0.584028 0.0145676 0.133609 0.00387732 0.0134665 0.00287888 0.247573 
0.707298 0.0114202 0.0935908 0.0053519 0.0255536 0.0018688 0.154917 
0.757608 0.0101879 0.0778601 0.0118007 0.0402003 0.00137129 0.100971 
0.643662 0.0163675 0.111347 0.00514204 0.0322817 0.00234155 0.188858 
0.395133 0.00992667 0.19632 0.00484546 0.00877668 0.00566957 0.379328 
0.677269 0.00643621 0.145119 0.00145039 0.00366999 0.00261894 0.163436 
0.709486 0.00703685 0.1343 0.00184334 0.00856043 0.0028968 0.135877 
