0.76727 0.0207047 0.121446 0.00584394 0.00163418 0.0710005 0.0121008 
0.809468 0.0143712 0.120752 0.00330874 0.00178691 0.0329185 0.0173943 
0.813353 0.00514942 0.142951 0.00977065 8.27781E-4 0.0106328 0.0173159 
0.733936 0.0038479 0.180557 0.0337447 7.12162E-4 0.00215747 0.0450446 
0.653912 0.0145748 0.225904 0.00268027 0.00210504 0.0747687 0.0260549 
0.692431 0.0148349 0.148133 0.00222014 0.00152512 0.114929 0.025927 
0.729935 0.0118182 0.13135 0.00200634 0.00135942 0.0974786 0.0260529 
0.786365 0.013802 0.0872146 0.00445467 0.00105234 0.081356 0.0257555 
0.813996 0.0156619 0.100273 0.00543107 8.53286E-4 0.0444563 0.0193285 
0.831755 0.0197796 0.0773544 0.00643271 0.00125598 0.0446429 0.0187789 
0.834527 0.0304962 0.0703529 0.00616206 0.00188551 0.0391745 0.0174022 
0.837173 0.0666101 0.0509131 0.018306 0.00206543 0.0106392 0.0142934 
0.7658 0.133266 0.0351367 0.0275567 0.00364377 0.0122305 0.0223656 
0.710315 0.168963 0.0444079 0.0164857 0.00272403 0.0204508 0.0366537 
0.719588 0.167238 0.0304262 0.0328917 0.00449567 0.00993145 0.0354297 
0.744376 0.132689 0.0301135 0.0397377 0.00358055 0.00727187 0.0422317 
0.752192 0.136223 0.0255385 0.0435991 0.00420678 0.00647553 0.0317651 
0.46538 0.432032 0.0107416 0.0539212 0.00659111 0.00721343 0.024121 
0.303519 0.594415 0.0118546 0.0654233 0.001662 0.00808557 0.0150405 
0.00406087 0.991979 7.35438E-5 9.24644E-4 7.24921E-4 0.00193172 3.0499E-4 
0.00206102 0.992513 5.98614E-5 8.05472E-5 2.91222E-4 0.00488809 1.06745E-4 
0.00187117 0.972192 4.80011E-5 5.61974E-5 4.12441E-4 0.0253304 8.99209E-5 
3.44947E-7 0.999205 1.53053E-7 2.34659E-7 1.37603E-4 6.4373E-4 1.27054E-5 
4.84019E-4 0.997863 2.00635E-5 8.63101E-5 2.1752E-4 0.00131053 1.81764E-5 
6.25197E-4 0.995107 3.62455E-5 1.71881E-4 0.00242249 0.00163152 5.64578E-6 
0.0036894 0.981748 1.49706E-4 7.33213E-4 0.0113267 0.00233348 1.92224E-5 
0.00851197 0.98 7.76526E-4 2.26444E-4 0.0048088 0.00565299 2.34898E-5 
0.0708969 0.89222 0.00771297 0.00136233 0.00349411 0.0238767 4.37184E-4 
0.117975 0.830958 0.0105251 0.00243199 0.00515119 0.0322528 7.0609E-4 
0.669523 0.059461 0.197128 0.0473327 7.07645E-4 0.00108153 0.0247655 
0.455254 0.0420866 0.0537495 0.00819542 0.00345077 0.00162248 0.435641 
0.221876 0.0109084 0.145464 0.00331961 8.40128E-4 0.01608 0.601512 
0.0530595 0.0251012 0.800629 0.0110336 0.00394192 0.091851 0.0143835 
0.100403 0.0843344 0.685522 0.0112943 0.0180873 0.0891233 0.0112355 
0.0774199 0.00699228 0.822404 0.0607528 0.00177663 0.0157773 0.0148768 
0.627712 0.0168508 0.219226 0.0867338 0.00495277 0.0032581 0.0412664 
0.0971994 0.0129004 0.511276 0.332635 0.021272 0.00745604 0.0172613 
0.0294918 0.0262681 0.409933 0.468407 0.0361315 0.0184699 0.0112991 
0.0556813 0.0445411 0.544171 0.223098 0.0846495 0.0357629 0.0120964 
0.0416581 0.0412188 0.524264 0.227895 0.115775 0.039233 0.00995636 
0.0267997 0.0878746 0.464961 0.226881 0.0609236 0.111747 0.020813 
0.0345924 0.117869 0.400651 0.202737 0.0770286 0.138761 0.0283611 
0.0237333 0.0705597 0.41269 0.304633 0.058266 0.112993 0.0171256 
0.0153901 0.0318703 0.327906 0.531134 0.0506587 0.0356325 0.00740815 
0.0356626 0.0307807 0.0408289 0.77661 0.0992726 0.00802536 0.00881977 
0.0059298 0.00792727 0.0197664 0.939589 0.0211888 0.00327304 0.00232592 
0.012624 0.0260398 0.152118 0.770026 0.0193676 0.0166616 0.0031634 
0.0846185 0.107883 0.0905651 0.552073 0.108752 0.0383182 0.0177905 
0.10109 0.0702354 0.0471317 0.0466711 0.695911 0.0295806 0.00938032 
0.132019 0.30583 0.0947306 0.119299 0.259811 0.0677602 0.02055 
0.132177 0.343628 0.100801 0.246301 0.0966664 0.0546208 0.0258054 
0.0347303 0.135878 0.0337734 0.751315 0.023083 0.0137496 0.00747045 
0.0226233 0.0608411 0.0266372 0.83591 0.042314 0.00674323 0.0049307 
0.0354141 0.0535624 0.0604978 0.596225 0.225688 0.0212055 0.00740675 
0.0312638 0.0346442 0.0355454 0.0345386 0.806895 0.0513635 0.00574979 
0.0913746 0.868497 0.00523543 0.024029 0.00121164 0.00884809 8.04051E-4 
0.0220823 0.95646 0.00328852 0.0121011 0.00100661 0.00486815 1.93287E-4 
0.0340912 0.909907 0.00513749 0.0130891 0.0272689 0.00993413 5.71758E-4 
0.0748881 0.525856 0.047663 0.188951 0.112207 0.0394982 0.0109367 
0.00535469 0.98583 1.39562E-4 1.11464E-4 6.277E-4 0.00649294 0.00144328 
5.22275E-4 0.995483 2.47395E-5 2.48016E-5 2.32213E-4 0.00360597 1.07513E-4 
4.50266E-4 0.995124 1.45219E-5 2.51121E-5 1.61505E-4 0.00415728 6.73468E-5 
0.00125815 0.988072 4.15034E-5 2.13602E-5 2.01739E-4 0.0103298 7.54819E-5 
0.0335961 0.841461 0.00508146 6.20507E-4 0.00107625 0.116782 0.00138285 
0.0896329 0.719487 0.00961692 0.00212746 0.00119082 0.173997 0.00394852 
0.721205 0.0422697 0.150349 0.02923 8.26312E-4 0.0354181 0.0207025 
0.432079 0.0113129 0.358582 0.0271457 0.00133166 0.0655243 0.104024 
0.617181 0.0189661 0.2164 0.0202407 0.00128548 0.0618288 0.0640979 
0.671023 0.112364 0.0817333 0.079776 0.00144377 0.0237688 0.0298905 
0.387188 0.150981 0.131918 0.252584 0.00470904 0.0437196 0.0288999 
0.342191 0.225399 0.0551327 0.25331 0.00753359 0.0872524 0.0291813 
0.385868 0.328144 0.0275277 0.0151914 0.00753365 0.206721 0.0290143 
0.442408 0.394999 0.034434 0.00662705 0.0109881 0.0878972 0.0226458 
0.410757 0.406335 0.052066 0.00362056 0.0122748 0.0983464 0.0166004 
0.355184 0.140416 0.299936 0.00602479 0.0172416 0.161695 0.0195031 
0.292417 0.533523 0.0553336 0.00297768 0.0484946 0.0588734 0.00838058 
0.520065 0.165206 0.155245 0.00563878 0.0165951 0.112715 0.0245357 
0.548661 0.216128 0.099804 0.00724933 0.0179417 0.0893636 0.0208522 
0.583005 0.152671 0.108732 0.0037787 0.00602751 0.115455 0.0303311 
0.645723 0.0681366 0.12174 0.0204413 0.003531 0.104592 0.0358358 
0.728199 0.0144106 0.132514 0.0611763 0.00130002 0.0196132 0.0427862 
0.298677 0.0120211 0.398227 0.00960633 0.00282984 0.176439 0.1022 
0.190543 0.0371938 0.0822544 0.427574 0.0053612 0.20877 0.0483034 
0.24528 0.0295867 0.201237 0.0459899 0.00514111 0.405094 0.0676714 
0.053158 0.0035566 0.167102 0.0026554 0.00112915 0.706788 0.0656115 
0.281327 0.00658385 0.410551 0.00311677 0.00150392 0.0404536 0.256465 
0.0678645 0.00473375 0.412428 0.00349824 0.00218344 0.392475 0.116817 
0.030234 0.0149653 0.606187 0.00866816 0.00168866 0.312432 0.0258257 
0.033159 0.0125677 0.173697 0.0169911 0.00146289 0.741284 0.0208384 
0.362733 0.0254453 0.108027 0.0128357 0.00193374 0.466122 0.022903 
0.475342 0.0949795 0.0993485 0.00326631 0.00623474 0.303289 0.0175404 
0.663336 0.227714 0.0440696 0.00620834 0.00437351 0.0420288 0.0122698 
0.667314 0.248929 0.0370797 0.0101659 0.00373129 0.0232428 0.00953697 
0.617962 0.288204 0.0327083 0.0148018 0.00798512 0.0260249 0.0123134 
0.720145 0.137086 0.0607022 0.0201216 0.00218852 0.0329765 0.0267804 
0.692235 0.168633 0.0519922 0.0131088 0.0054246 0.0383848 0.0302209 
0.763829 0.10054 0.0511971 0.0157917 0.00435485 0.0364351 0.0278522 
0.76156 0.0487492 0.0570558 0.0741588 0.00240947 0.0310277 0.0250392 
0.702583 0.0632226 0.0313076 0.187497 0.00280463 0.00310065 0.00948507 
0.702542 0.0817647 0.0334679 0.162309 0.00206497 0.00387482 0.0139767 
0.683683 0.0812777 0.0233752 0.191384 0.0042171 0.00290012 0.0131636 
0.669825 0.0560332 0.0272558 0.22689 0.00275148 0.00224211 0.0150026 
0.780667 0.0752737 0.0298807 0.066722 0.00320688 0.00351206 0.040738 
0.745099 0.0638081 0.0356333 0.0805964 0.00280599 0.00318115 0.0688759 
0.730622 0.0702423 0.0344909 0.0970736 0.00263321 0.00341851 0.0615198 
0.759172 0.0875224 0.0259098 0.0689088 0.00405333 0.00543456 0.0489986 
0.689303 0.148928 0.023891 0.0840367 0.00512387 0.00710648 0.0416102 
0.698189 0.101981 0.0292994 0.119942 0.00315064 0.00450691 0.0429314 
0.693713 0.133694 0.0271233 0.0874866 0.00400013 0.00482376 0.0491584 
0.73525 0.127477 0.0245409 0.0731559 0.00463104 0.00557482 0.0293702 
0.664908 0.128432 0.0345036 0.135842 0.00356464 0.0114111 0.0213392 
0.555136 0.211691 0.0261928 0.182001 0.00416517 0.00638271 0.014432 
0.638794 0.235859 0.030186 0.0587246 0.00525434 0.0139724 0.0172101 
0.588969 0.28902 0.0254084 0.031884 0.0198191 0.0282079 0.0166915 
0.643654 0.217323 0.0387634 0.0346418 0.0091131 0.0319836 0.0245211 
0.560067 0.281675 0.0438231 0.0180309 0.01568 0.0578847 0.0228394 
0.460578 0.42132 0.0298171 0.0133676 0.0222727 0.0364612 0.0161834 
0.551052 0.324224 0.0335765 0.015296 0.0162475 0.0415373 0.0180674 
0.520144 0.34311 0.036646 0.0183417 0.0210532 0.0417251 0.0189796 
0.610578 0.266689 0.0391507 0.025631 0.0117949 0.0255792 0.020577 
0.585718 0.306244 0.0188181 0.0471566 0.0166376 0.00770076 0.0177255 
0.578672 0.319825 0.0209308 0.0325411 0.0113736 0.0106124 0.0260448 
0.59637 0.274861 0.0142833 0.0625352 0.0190858 0.00555251 0.0273121 
0.515319 0.245411 0.0157756 0.184007 0.0163533 0.00331866 0.019815 
0.568504 0.283742 0.0156206 0.0890231 0.0118782 0.00369992 0.0275319 
0.550966 0.281087 0.015597 0.117552 0.0100401 0.00317921 0.0215786 
0.539182 0.270197 0.0136914 0.139536 0.0153015 0.00290622 0.0191864 
0.573872 0.244179 0.0129605 0.134168 0.0149889 0.00278026 0.0170516 
0.566792 0.212556 0.0133548 0.171427 0.0188801 0.00208549 0.0149054 
0.544382 0.224111 0.0139126 0.169621 0.0260637 0.00270934 0.0191998 
0.618803 0.201445 0.0176623 0.133164 0.00848925 0.00211071 0.0183254 
0.65066 0.193995 0.015857 0.0981077 0.0112205 0.00242646 0.0277335 
0.618981 0.204445 0.0146667 0.132209 0.0114168 0.00158904 0.0166926 
0.597451 0.261669 0.0132443 0.0923269 0.0121886 0.00217149 0.0209484 
0.545716 0.297062 0.0141032 0.109493 0.0103358 0.00248928 0.0208016 
0.467757 0.293925 0.0105847 0.193216 0.0161464 0.00218921 0.0161819 
0.541791 0.286683 0.013621 0.121017 0.0143048 0.00281695 0.019766 
0.439641 0.339652 0.00931768 0.132552 0.0557669 0.0029127 0.0201579 
0.531362 0.28053 0.0161103 0.136128 0.0055535 0.00187766 0.0284386 
0.472648 0.143654 0.0219665 0.333496 0.00413846 0.00153814 0.0225586 
0.51675 0.172806 0.032228 0.245596 0.00264561 0.00319439 0.0267793 
0.519474 0.192844 0.0209425 0.239511 0.0050342 0.00293052 0.0192633 
0.563843 0.172142 0.0240149 0.20786 0.00369567 0.00347851 0.0249656 
0.667587 0.0921732 0.0357345 0.166714 0.00247541 0.00218531 0.0331305 
0.725855 0.0836423 0.0345235 0.108452 0.00226464 0.00235926 0.0429036 
0.556394 0.128787 0.0196442 0.259187 0.00504482 0.00178885 0.0291539 
0.615452 0.152988 0.0260162 0.151799 0.00346187 0.00255635 0.0477262 
0.659179 0.1332 0.0206964 0.142418 0.00442728 0.00176557 0.038314 
0.673334 0.145221 0.032618 0.123534 0.00172267 0.00174537 0.0218243 
0.631018 0.177207 0.0218411 0.136612 0.00296582 0.00174128 0.0286146 
0.656343 0.131292 0.0269478 0.149155 0.00266856 0.00191632 0.0316772 
0.479974 0.00442843 0.269154 0.00281028 9.16246E-4 0.00257257 0.240144 
0.456961 0.00445618 0.248591 0.00255644 7.80454E-4 0.00237264 0.284283 
0.557093 0.00293745 0.296646 0.00315141 2.26991E-4 0.00170608 0.138239 
0.680717 0.00382953 0.195464 0.0114675 8.3937E-4 0.00108804 0.106595 
0.681167 0.00475623 0.175955 0.0044196 6.82272E-4 0.00139539 0.131625 
0.673505 0.00405941 0.209027 0.00279086 4.16481E-4 0.00147306 0.108728 
0.638664 0.00423886 0.213953 0.00347851 3.94339E-4 0.00106444 0.138207 
0.648912 0.00359877 0.235297 0.00438404 3.52188E-4 0.00109697 0.106359 
0.639007 0.00416908 0.219624 0.0035589 3.62209E-4 0.00125512 0.132025 
0.57972 0.00345296 0.247342 0.00555459 3.72594E-4 9.89025E-4 0.162569 
0.582496 0.003577 0.262862 0.00302435 3.26602E-4 0.00132216 0.146392 
0.593524 0.00398544 0.225888 0.00757476 4.59556E-4 0.00105179 0.167516 
0.581106 0.00372458 0.24582 0.00517184 3.33336E-4 0.00136809 0.162476 
0.64649 0.00289984 0.250209 0.0111083 3.94708E-4 9.79022E-4 0.0879194 
0.631326 0.00261717 0.270536 0.00513114 2.49891E-4 0.0014828 0.0886568 
0.628013 0.00281932 0.247826 0.00168622 3.93419E-4 0.00130231 0.11796 
0.659066 0.0022282 0.283051 0.00474171 2.80936E-4 0.00141822 0.0492142 
0.611839 0.00382624 0.156285 0.00205577 0.00161148 0.00225557 0.222127 
0.68857 0.00535523 0.143249 0.00403584 0.00340999 0.00177908 0.153601 
0.608463 0.00438867 0.153072 0.00307915 0.00604551 0.00224396 0.222708 
0.758544 0.00324779 0.14206 0.00695443 0.00477666 0.00221195 0.0822053 
0.653441 0.00346726 0.15116 0.00289659 0.00279316 0.0023624 0.183879 
0.657148 0.00334349 0.164356 0.00283302 0.00410644 0.00135215 0.166861 
0.600399 0.00285689 0.203186 0.0018683 0.00132579 0.00222179 0.188142 
0.505519 0.00312968 0.204211 0.00274385 8.51244E-4 0.00245578 0.281089 
0.662907 0.00293956 0.162418 0.00275624 9.03484E-4 0.00200573 0.16607 
0.523231 0.00421109 0.136932 0.00347216 0.00164423 0.00246286 0.328046 
0.404542 0.00685726 0.109465 0.00908064 0.00538195 0.00163196 0.463041 
0.200324 0.0087484 0.101083 0.00678596 0.00598554 0.00246975 0.674603 
0.26062 0.0114427 0.124334 0.0062762 0.00634938 0.0031457 0.587832 
0.474242 0.00441966 0.188464 0.00232624 0.00158683 0.00234853 0.326613 
0.525075 0.00207057 0.309502 9.0217E-4 6.89423E-4 0.00652372 0.155237 
0.0941569 0.00245201 0.559888 0.00263507 0.00129841 0.0291164 0.310453 
0.344077 0.00106908 0.5372 0.00181588 2.93934E-4 0.00640162 0.109143 
0.386404 0.00129251 0.501733 0.00112412 1.41003E-4 0.00739501 0.101911 
0.218427 0.00292367 0.414984 0.00632159 5.71419E-4 0.0215872 0.335185 
0.227932 0.00243755 0.56115 0.00354556 0.00118479 0.0146873 0.189063 
0.107305 0.00368358 0.676347 0.00828306 0.00171879 0.0409675 0.161696 
0.104424 0.00803862 0.611667 0.0297714 0.00406106 0.0873177 0.15472 
0.0123341 0.00248893 0.916894 0.00576624 9.26433E-4 0.0282702 0.0333202 
0.00469149 0.00210996 0.974635 0.00220617 5.43685E-4 0.00744729 0.0083666 
0.00443995 0.0206169 0.938438 0.0107614 0.0055063 0.015017 0.00522068 
0.0281426 0.0996563 0.57772 0.113974 0.0475145 0.106456 0.0265363 
0.0411497 0.158553 0.336727 0.181223 0.106616 0.136254 0.0394774 
0.0421106 0.167132 0.317725 0.180152 0.115397 0.135682 0.0418016 
0.013208 0.0139503 8.91928E-4 0.00800663 0.958995 0.00368507 0.00126287 
0.00152183 0.100308 0.00103593 0.00322707 0.882275 0.0114883 1.43694E-4 
0.00705525 0.657752 0.0221707 0.0652758 0.21488 0.0293983 0.00346827 
0.0323497 0.338171 0.181338 0.176066 0.142842 0.102164 0.0270683 
0.02824 0.955217 3.65609E-4 0.00313296 0.00115359 0.011312 5.79252E-4 
0.00264412 0.987767 8.94397E-5 0.00452665 0.00172115 0.00309558 1.55678E-4 
0.0300618 0.268011 0.0468664 0.322066 0.182575 0.126974 0.023445 
0.0682333 0.733332 0.00989383 0.00320606 0.129599 0.0159866 0.0397496 
0.016174 0.885756 0.0182265 0.00928629 0.016697 0.0487036 0.00515702 
0.0386042 0.332752 0.237319 0.110471 0.107205 0.144771 0.0288779 
0.00840631 0.0154158 0.0478644 0.00144033 3.7079E-4 0.922645 0.00385711 
0.00215847 0.0199595 0.0234679 0.00124383 8.29099E-4 0.950885 0.0014566 
0.00355538 0.0655055 0.00408188 0.00128493 0.00222207 0.922677 6.73278E-4 
0.00347198 0.0582324 0.0054845 0.00120365 0.0017752 0.929119 7.13184E-4 
0.0855269 0.34298 0.0162003 0.0152202 0.012516 0.519058 0.00849884 
0.0764985 0.422863 0.008993 0.005968 0.00773186 0.472238 0.00570855 
0.109418 0.328643 0.0288102 0.0158838 0.0164801 0.488951 0.0118143 
0.0175036 0.169531 0.00275211 2.70217E-4 6.29448E-4 0.807815 0.00149932 
0.00894995 0.469841 0.00424747 5.46412E-5 3.68036E-4 0.514877 0.00166277 
0.60987 0.00859183 0.152439 0.00311342 0.0160774 0.00308838 0.20682 
0.619075 0.00883694 0.15636 0.00221726 0.0102743 0.00362926 0.199607 
0.704253 0.00652918 0.134028 0.00242607 0.00646768 0.00264168 0.143655 
0.736279 0.00704896 0.136115 0.00251115 0.0117295 0.00263766 0.103678 
0.719849 0.00639234 0.148425 0.00294199 0.0140421 0.00303405 0.105315 
0.631504 0.00904013 0.121608 0.00334944 0.0144855 0.00331273 0.216701 
0.566075 0.00611024 0.155458 0.00423717 0.014645 0.00350282 0.249971 
0.492926 0.00585951 0.15844 0.00281226 0.00528064 0.00367812 0.331003 
0.718858 0.0056595 0.129976 0.00324548 0.00788077 0.00218504 0.132195 
0.705091 0.00343488 0.153469 0.00672547 0.00938259 0.0028606 0.119036 
0.642615 0.00454153 0.141061 0.00341716 0.00728034 0.00375713 0.197327 
0.700246 0.00446047 0.130653 0.00450576 0.0062855 0.00292388 0.150926 
0.756987 0.00696109 0.115813 0.00440888 0.0168101 0.00355673 0.0954624 
0.65368 0.0054362 0.14296 0.00514351 0.00949595 0.00331565 0.179969 
0.6743 0.00597976 0.140727 0.00251667 0.00733319 0.00346964 0.165674 
0.734711 0.00610116 0.122899 0.00242555 0.00832934 0.00324909 0.122285 
0.754751 0.00588154 0.106491 0.00464261 0.00979706 0.00271632 0.11572 
0.618845 0.00650407 0.139023 0.00256182 0.00847983 0.00394296 0.220644 
0.658948 0.00610816 0.123891 0.0032692 0.00601023 0.00315917 0.198614 
0.683686 0.00500779 0.14284 0.00431186 0.0120438 0.00283411 0.149276 
0.762145 0.00430265 0.132561 0.00173798 0.0040145 0.00337199 0.0918674 
0.641429 0.00622481 0.130806 0.00272297 0.00873118 0.00304799 0.207038 
0.567561 0.00662984 0.149883 0.00293156 0.00483664 0.00378287 0.264375 
0.674493 0.00691012 0.122274 0.00272027 0.0048161 0.00427863 0.184507 
0.668903 0.0065434 0.118955 0.00246809 0.00361064 0.00423349 0.195286 
0.56009 0.00619731 0.139514 0.00290571 0.00428374 0.00317952 0.28383 
0.63422 0.00565094 0.124282 0.00441022 0.00930068 0.00315996 0.218976 
0.621431 0.00407524 0.160523 0.00376982 0.00623295 0.00217668 0.201791 
0.688052 0.00491763 0.130305 0.00566934 0.00565805 0.00198989 0.163408 
0.716516 0.0042194 0.129693 0.00725862 0.00418795 0.00210533 0.136019 
0.766381 0.00541035 0.116485 0.00774616 0.00728385 0.00209372 0.0946 
0.731842 0.00508648 0.130587 0.00744215 0.00574637 0.00332856 0.115967 
0.770875 0.00462437 0.125795 0.00532714 0.00412175 0.00254666 0.0867097 
0.685318 0.00472844 0.138368 0.00338994 0.00484927 0.00256101 0.160785 
0.698496 0.00467385 0.138978 0.00592376 0.00700694 0.00247117 0.14245 
0.717296 0.00450687 0.140488 0.00691033 0.0100904 0.00213616 0.118572 
0.7395 0.00478417 0.130881 0.00576437 0.00578451 0.00281461 0.110472 
0.646597 0.00528037 0.139189 0.00405918 0.00650198 0.0029349 0.195438 
0.676715 0.0048204 0.139711 0.0039433 0.00589464 0.00245562 0.16646 
0.640374 0.00457912 0.151607 0.00327721 0.00413779 0.00278927 0.193236 
0.646414 0.00439767 0.159137 0.00235775 0.00271658 0.00333753 0.18164 
0.676915 0.00495945 0.147284 0.00260205 0.00525516 0.00257397 0.160411 
0.61367 0.00515241 0.131488 0.00771491 0.00522987 0.00272186 0.234022 
0.637589 0.00410009 0.161324 0.00453541 0.00719321 0.00363758 0.181621 
0.686938 0.00529892 0.147923 0.00484318 0.0156199 0.00280814 0.136569 
0.475975 0.00498548 0.184709 0.00335051 0.00648016 0.00640632 0.318093 
0.568249 0.00664545 0.168956 0.00245769 0.0095048 0.00578276 0.238405 
0.419649 0.00685743 0.171724 0.00367285 0.00704971 0.00956324 0.381483 
0.53561 0.0061256 0.163519 0.0021721 0.00536435 0.00555427 0.281654 
0.557155 0.0062322 0.178059 0.00242134 0.00832833 0.00799808 0.239807 
0.698633 0.00574948 0.136009 0.00264364 0.0113383 0.00314273 0.142484 
0.704125 0.00625153 0.122308 0.0044734 0.015214 0.00362134 0.144007 
0.661854 0.00730032 0.123373 0.00243178 0.00657446 0.00423623 0.19423 
0.705816 0.00627326 0.122563 0.00273581 0.00496104 0.00308691 0.154563 
0.705576 0.00599097 0.141476 0.00326984 0.0132405 0.00480504 0.125641 
0.711021 0.00590107 0.125026 0.00245566 0.00905568 0.0054939 0.141046 
0.71402 0.00635409 0.124233 0.00259727 0.00799625 0.0049477 0.139851 
0.777729 0.00569065 0.12258 0.00304985 0.0122137 0.00470258 0.0740341 
0.750808 0.00594025 0.119811 0.00259513 0.00709011 0.00474904 0.109006 
0.727372 0.00600903 0.110277 0.00362741 0.00860853 0.00581104 0.138295 
0.710369 0.00644706 0.111829 0.0025336 0.00546936 0.0040011 0.15935 
0.698348 0.00485326 0.14218 0.00167708 0.00315581 0.00230785 0.147479 
0.650689 0.00605119 0.135329 0.00208858 0.00495004 0.00450335 0.196389 
0.659061 0.00838503 0.12805 0.0023334 0.00781032 0.00351148 0.190848 
0.658304 0.00750898 0.125096 0.00212613 0.00409682 0.00291973 0.199948 
0.672716 0.00533112 0.148276 0.00222934 0.00309753 0.00260296 0.165747 
0.716626 0.00579059 0.12882 0.00223504 0.00371645 0.00275649 0.140056 
0.71804 0.00462381 0.135522 0.00217864 0.0026757 0.00318669 0.133773 
0.756535 0.00544499 0.126033 0.00220016 0.00269095 0.00186243 0.105234 
0.749216 0.00766117 0.11044 0.00202299 0.00356088 0.0021532 0.124946 
0.778262 0.00610633 0.104635 0.00395986 0.00424911 0.00194479 0.100843 
0.748989 0.00586652 0.11805 0.00330546 0.00489656 0.00217987 0.116713 
0.628944 0.0049127 0.146737 0.00186564 0.00260448 0.00379989 0.211136 
0.625669 0.00569705 0.1607 0.00189415 0.00387888 0.00205599 0.200105 
0.605387 0.00666781 0.164354 0.00184182 0.00335007 0.00232018 0.216079 
0.697603 0.00724502 0.128576 0.00303457 0.00754153 0.00204255 0.153958 
0.698543 0.00525058 0.140313 0.00407227 0.00368174 0.00183445 0.146306 
0.64071 0.006633 0.137998 0.00354794 0.00932334 0.00240173 0.199386 
0.704594 0.00451512 0.142024 0.00336577 0.00618799 0.00264735 0.136665 
0.66109 0.00455922 0.156904 0.00384443 0.00474331 0.00521208 0.163648 
0.71772 0.0065988 0.143458 0.00347534 0.012966 0.00250472 0.113276 
0.716189 0.00599656 0.14652 0.00382436 0.0144652 0.00245176 0.110553 
0.681595 0.00373914 0.179777 0.00248441 0.00417634 0.00179258 0.126436 
0.737394 0.00475842 0.15573 0.00223805 0.00628831 0.00241843 0.0911734 
0.662267 0.0038404 0.188465 0.00197303 0.00607392 0.00261676 0.134764 
0.690569 0.00413538 0.176857 0.00244019 0.00989763 0.00315627 0.112944 
0.582563 0.00356453 0.226991 0.00190971 0.00558405 0.00345624 0.175932 
0.595419 0.00367301 0.216701 0.00203055 0.00427262 0.0071574 0.170746 
0.753411 0.00576278 0.158372 0.00254075 0.0145795 0.00953042 0.0558034 
0.66768 0.00427362 0.190124 0.00179546 0.00556795 0.00758624 0.122973 
0.713581 0.00512653 0.156419 0.00655308 0.01717 0.00770948 0.0934415 
0.751175 0.00680215 0.129866 0.00856846 0.0431336 0.00658299 0.0538719 
0.738762 0.00613042 0.129383 0.00946092 0.0464443 0.00826065 0.0615585 
0.780717 0.00734648 0.117803 0.0049507 0.0336207 0.00531417 0.0502473 
0.740389 0.00761265 0.1191 0.00665276 0.04665 0.00367723 0.0759182 
0.673542 0.00618641 0.146681 0.00270648 0.0136814 0.00375742 0.153445 
0.652729 0.00503609 0.182452 0.00246928 0.0133429 0.00241815 0.141553 
0.645603 0.0043854 0.164816 0.00271978 0.00676719 0.00154428 0.174165 
0.636902 0.0039441 0.199595 0.00192979 0.00839053 0.00249443 0.146744 
0.61261 0.00543059 0.149708 0.00288266 0.0107826 0.00307911 0.215507 
0.691093 0.00443474 0.14982 0.00206359 0.0056608 0.0022681 0.144659 
0.719759 0.00384018 0.146633 0.0063476 0.00742178 0.00146651 0.114533 
0.690688 0.00336715 0.16405 0.00461796 0.00723002 0.00131963 0.128728 
0.687069 0.00462082 0.147614 0.00207992 0.0074071 0.00256357 0.148645 
0.59759 0.0052902 0.177577 0.0020065 0.00545912 0.0021788 0.209898 
0.613939 0.00557941 0.172445 0.00159494 0.00432279 0.00237622 0.199743 
0.650112 0.00447966 0.166271 0.00309954 0.00931775 0.00174583 0.164974 
0.67264 0.00626282 0.16437 0.00204653 0.00465632 0.00228508 0.147739 
0.559058 0.0061148 0.188996 0.00181124 0.00646282 0.00280584 0.234751 
0.522493 0.00726148 0.1751 0.00193125 0.00616893 0.00329183 0.283753 
0.578089 0.00584262 0.153232 0.00353111 0.00811761 0.00144271 0.249745 
0.660044 0.00664766 0.149771 0.00403791 0.0221885 0.00188177 0.155429 
0.642795 0.00619694 0.157099 0.00306836 0.0153171 0.00222425 0.1733 
0.714228 0.00671772 0.143957 0.00203545 0.0100284 0.00244074 0.120592 
0.685697 0.00507329 0.154926 0.00407088 0.0109218 0.0021539 0.137158 
0.641083 0.00549724 0.160234 0.00232595 0.00969693 0.0026193 0.178543 
0.647776 0.00627937 0.129057 0.00362693 0.0127878 0.00253051 0.197943 
0.633238 0.00658941 0.130985 0.00418382 0.0150014 0.00193143 0.208071 
0.569293 0.00620049 0.167865 0.00420541 0.0191568 0.00266063 0.230619 
0.697301 0.00694548 0.130426 0.00517475 0.0232445 0.00223294 0.134675 
0.693744 0.00519415 0.142369 0.00446329 0.0157395 0.00230101 0.13619 
