0.544744 0.00475163 0.174955 0.00420762 0.00113055 0.00157728 0.268634 
0.487974 0.00522292 0.185693 0.00363995 0.00154407 0.0025964 0.31333 
0.617857 0.00374268 0.15611 0.00396863 0.00137566 0.00228773 0.214658 
0.486573 0.00404457 0.229873 0.0045527 0.00136851 0.0038824 0.269706 
0.376085 0.00524733 0.201153 0.00465326 0.00200447 0.00342593 0.407431 
0.617208 0.00388698 0.163249 0.00295164 0.00173474 0.00284458 0.208125 
0.398409 0.0054198 0.160383 0.00338241 0.00262718 0.00379219 0.425987 
0.528168 0.00400072 0.185228 0.00395118 9.93957E-4 0.00324791 0.27441 
0.511996 0.00425218 0.177528 0.00540294 0.00142068 0.00239339 0.297006 
0.563207 0.00388975 0.180728 0.00461591 0.00125542 0.00228507 0.244019 
0.440821 0.00507059 0.208351 0.00558874 0.00220439 0.00363113 0.334333 
0.363612 0.00498873 0.222468 0.00621999 0.00249233 0.00373684 0.396482 
0.457817 0.00422324 0.195262 0.00444596 0.00171107 0.00211114 0.33443 
0.226612 0.00598384 0.186695 0.00494865 0.00299534 0.00445578 0.568309 
0.378424 0.00482942 0.21977 0.00487322 0.0019993 0.0040403 0.386064 
0.30235 0.00594022 0.19964 0.00616238 0.00303082 0.00490745 0.477969 
0.415324 0.00505797 0.23819 0.00538461 0.00252603 0.00439812 0.32912 
0.524226 0.00356667 0.224692 0.0047864 0.00108145 0.00249373 0.239154 
0.193488 0.00990154 0.138562 0.0134719 0.00783843 0.00474816 0.63199 
0.0599748 0.0074967 0.0908558 0.00970335 0.00516082 0.00224809 0.824561 
0.103387 0.0173452 0.105596 0.0723802 0.00952022 0.00427988 0.687491 
0.22966 0.0189721 0.117861 0.0738662 0.010287 0.00480999 0.544544 
0.370382 0.00755856 0.172188 0.00686364 0.00436821 0.00416567 0.434474 
0.320188 0.00647855 0.209832 0.00453445 0.00246038 0.00432074 0.452186 
0.356913 0.0040248 0.20722 0.00428719 0.00177266 0.00288496 0.422898 
0.330894 0.00419384 0.264394 0.00202404 0.0016927 0.00677542 0.390025 
0.312748 0.00210965 0.42849 6.46685E-4 5.65521E-4 0.00956268 0.245877 
0.0788516 0.0051659 0.559033 0.00478271 0.00391057 0.0845734 0.263683 
0.0409171 0.00584467 0.602405 0.0065018 0.00514573 0.0854944 0.253692 
0.0298309 0.00265471 0.744947 0.00489398 0.00207693 0.0492195 0.166377 
0.00396222 5.43117E-4 0.963297 0.00118559 2.69727E-4 0.00394146 0.0268006 
0.00792953 0.0388321 0.78364 0.128749 0.00870303 0.0179633 0.0141834 
0.0388976 0.154203 0.316372 0.219794 0.10124 0.131887 0.037607 
0.0420395 0.169025 0.31303 0.18285 0.116193 0.134949 0.0419139 
0.0405479 0.166829 0.303 0.206002 0.111251 0.132139 0.0402319 
0.0297825 0.134909 0.252868 0.359327 0.0791083 0.114022 0.0299839 
0.0369482 0.155573 0.284077 0.25902 0.100527 0.126936 0.036919 
0.0413829 0.170854 0.304353 0.194541 0.114461 0.133059 0.041349 
0.0383032 0.162329 0.287064 0.240007 0.105429 0.128515 0.0383531 
0.0383144 0.164899 0.285634 0.239758 0.105021 0.128073 0.0383018 
0.0416848 0.170455 0.306668 0.189959 0.115687 0.133859 0.0416867 
0.0345804 0.922893 0.00365512 0.0276288 0.00268146 0.00675293 0.00180861 
0.00430047 0.9654 0.00133612 0.0119556 0.00291092 0.0138949 2.01962E-4 
0.00669987 0.906166 0.00486218 0.0285148 0.0206348 0.0324977 6.25045E-4 
0.0325306 0.854917 0.00171524 0.0277425 0.0730591 0.00804275 0.0019925 
0.00477366 0.912142 0.00160727 0.00496001 0.0526769 0.0235556 2.84566E-4 
0.0104564 0.822581 0.0123001 0.0410412 0.0506831 0.0602769 0.00266081 
0.0165046 0.9536 0.00166699 0.00823459 0.00553803 0.0133276 0.00112846 
0.012631 0.905306 0.00562805 0.0224888 0.00595141 0.0470373 9.57458E-4 
0.0108483 0.857113 0.00939821 0.0434964 0.0291193 0.0483063 0.00171897 
0.0782692 0.654488 0.0114958 0.0406463 0.178548 0.0292451 0.00730806 
0.0100853 0.897685 0.00210176 0.00542315 0.0667149 0.0173455 6.44787E-4 
0.0173517 0.601853 0.0141145 0.0404652 0.261091 0.0606335 0.00449136 
0.0541664 0.727097 0.00839892 0.0705639 0.117884 0.017844 0.00404637 
0.00347689 0.957846 7.44327E-4 0.00247833 0.0254227 0.00991166 1.19684E-4 
0.00839947 0.871951 0.00898355 0.0315853 0.023081 0.0545759 0.00142418 
0.0185951 0.0801217 0.00237412 0.00789326 0.873133 0.0161034 0.00177967 
0.00327874 0.122482 0.00135909 0.00241226 0.856591 0.0135515 3.25854E-4 
0.0217617 0.268726 0.0251702 0.0994244 0.500119 0.0749838 0.00981473 
0.568759 0.0167924 0.289065 0.0133416 0.00227757 0.00934368 0.100421 
0.774056 0.107043 0.0468545 0.00916739 0.00643861 0.00552897 0.0509106 
0.80311 0.0968677 0.0303587 0.0276112 0.00876702 0.00632002 0.0269656 
0.727049 0.00690771 0.0871295 0.0310224 0.00321201 0.00110948 0.14357 
0.739814 0.00604447 0.0901713 0.0362812 0.00463675 7.36884E-4 0.122316 
0.630436 0.00648656 0.107913 0.0332278 0.00410824 8.0922E-4 0.217019 
0.549282 0.00510353 0.122271 0.0221606 0.00341067 8.98445E-4 0.296874 
0.525475 0.00512542 0.124518 0.022911 0.00364346 7.83231E-4 0.317545 
0.639374 0.0039785 0.105782 0.0322108 0.00549555 7.82023E-4 0.212376 
0.536411 0.00365854 0.148432 0.0157002 0.00347565 9.4806E-4 0.291375 
0.54571 0.00440307 0.141062 0.0164609 0.00398809 8.8366E-4 0.287493 
0.365015 0.00579154 0.157321 0.00809328 0.00384766 0.00214186 0.45779 
0.273661 0.00548465 0.166023 0.00910136 0.00358596 0.00241504 0.539729 
0.509241 0.00473444 0.137865 0.0119806 0.0029138 0.00112752 0.332138 
0.538962 0.00398662 0.151037 0.00872462 0.00307472 0.00110968 0.293105 
0.295367 0.00452106 0.160204 0.00709576 0.00432585 0.00238285 0.526104 
0.370157 0.00488891 0.171548 0.00689122 0.00370733 0.00206543 0.440742 
0.30557 0.00762149 0.167729 0.012473 0.00553827 0.00339835 0.49767 
0.24646 0.00625517 0.112595 0.0138081 0.00695794 0.0021014 0.611823 
0.203573 0.0060404 0.0969493 0.0125937 0.00583482 0.00190494 0.673104 
0.225235 0.00750034 0.104614 0.00581599 0.00466808 0.00208759 0.650079 
0.518467 0.00894591 0.0852092 0.00912789 0.00820282 0.00158295 0.368465 
0.460243 0.0110162 0.0803293 0.0110991 0.00371209 0.00146484 0.432136 
0.431903 0.0266588 0.0664779 0.00751054 0.00377806 0.0024436 0.461228 
0.123054 0.00891206 0.127206 0.00389234 0.0020843 0.00456905 0.730282 
0.148611 0.0117094 0.147921 0.00563725 0.00539995 0.0036402 0.677081 
0.478353 0.0313066 0.133129 0.240025 0.0289334 0.00739262 0.0808604 
0.236833 0.0578347 0.0457459 0.27579 0.340096 0.00902744 0.0346735 
0.150632 0.0450642 0.0361091 0.203864 0.536532 0.00889382 0.0189042 
0.0968907 0.0202871 0.0226819 0.189629 0.657299 0.00397169 0.00924002 
0.0532285 0.010598 0.00595879 0.0368988 0.889506 9.55169E-4 0.00285467 
0.0419913 0.0108039 0.00434235 0.0233217 0.916961 7.32098E-4 0.00184743 
0.191459 0.0837977 0.0477679 0.102619 0.540807 0.0134416 0.0201084 
0.206271 0.100402 0.0318539 0.10084 0.528074 0.0128625 0.0196966 
0.215762 0.0927846 0.0185924 0.111062 0.536492 0.00962534 0.0156826 
0.418928 0.333632 0.0157444 0.14683 0.0629741 0.00636687 0.0155248 
0.481948 0.27182 0.0131954 0.148247 0.058792 0.00593028 0.020068 
0.501907 0.280029 0.0104896 0.163368 0.0182896 0.00385083 0.0220659 
0.475531 0.26329 0.0119925 0.190622 0.0234009 0.00514965 0.0300136 
0.630988 0.163263 0.0152503 0.127767 0.0165506 0.00601462 0.0401662 
0.654314 0.143802 0.0184224 0.129156 0.00641692 0.00462649 0.0432624 
0.739298 0.101842 0.0219595 0.0805605 0.0062082 0.00379041 0.0463412 
0.721113 0.077872 0.02373 0.0926799 0.00722854 0.00530878 0.0720682 
0.746963 0.0600024 0.0212848 0.0963302 0.0196952 0.00307587 0.0526488 
0.72201 0.0509969 0.0218316 0.130174 0.0157323 0.00184371 0.0574112 
0.736905 0.0409654 0.0317074 0.0716903 0.00833618 0.00260886 0.107787 
0.67349 0.0488985 0.0401511 0.0519773 0.00660396 0.00422048 0.174658 
0.748036 0.045119 0.0356358 0.0624561 0.00686421 0.00436589 0.0975233 
0.789624 0.0422455 0.0317917 0.0375979 0.006212 0.00717556 0.0853536 
0.778531 0.0420418 0.0321347 0.0403655 0.00469317 0.00467627 0.0975574 
0.745477 0.0637931 0.0299049 0.035124 0.00472104 0.00776767 0.113212 
0.722561 0.0941166 0.0239828 0.0898086 0.00550893 0.00317278 0.0608496 
0.692885 0.19712 0.019326 0.0318113 0.00548476 0.00532969 0.0480436 
0.696393 0.17803 0.0225671 0.0497612 0.00355712 0.00411807 0.0455737 
0.662602 0.201075 0.0165301 0.0362312 0.0102698 0.00360574 0.0696855 
0.598377 0.251287 0.0203384 0.0531013 0.00448258 0.00450782 0.0679065 
0.564519 0.298345 0.0152625 0.0608897 0.00565923 0.00400301 0.0513217 
0.72149 0.00927825 0.151876 0.00443077 0.00187999 0.0166274 0.0944176 
0.675221 0.00666616 0.1748 0.00399055 8.41815E-4 0.0191891 0.119292 
0.667174 0.00713072 0.206867 0.00298177 9.63346E-4 0.0128358 0.102047 
0.679013 0.00545011 0.217146 0.00200744 9.7135E-4 0.0121563 0.0832557 
0.412178 0.00380164 0.377633 0.00204556 5.0768E-4 0.0676545 0.136179 
0.73035 0.00412569 0.214363 0.00441312 6.15783E-4 0.0122361 0.0338961 
0.70915 0.00208065 0.249806 0.00983516 2.13768E-4 0.00299263 0.0259217 
0.640814 0.00298514 0.204456 0.00324806 2.38606E-4 0.00385963 0.144398 
0.621386 0.00387277 0.219957 0.00789778 2.4217E-4 0.00351493 0.143129 
0.364823 0.0072163 0.254411 0.00557786 5.99777E-4 0.00812165 0.359251 
0.601517 0.00611871 0.197061 0.00342189 3.14996E-4 0.0051492 0.186418 
0.679332 0.0054527 0.182087 0.00909468 7.62901E-4 0.00548976 0.117781 
0.634434 0.00547199 0.2151 0.0197662 8.40184E-4 0.00620814 0.118179 
0.705015 0.00557689 0.188743 0.0176617 9.34969E-4 0.00510783 0.0769605 
0.778437 0.00529472 0.149278 0.0205222 9.08507E-4 0.005045 0.0405144 
0.845241 0.0040524 0.0799683 0.0235503 0.00159822 0.00118 0.0444098 
0.784406 0.00491359 0.0883598 0.0305965 0.0016621 0.00183186 0.0882306 
0.548071 0.00704567 0.0841501 0.0658916 0.00226677 0.00221137 0.290363 
0.787441 0.00601407 0.0651181 0.0392836 0.00312765 7.66929E-4 0.0982485 
0.798684 0.00718583 0.0657021 0.0429485 0.00203117 9.19556E-4 0.0825287 
0.777547 0.00730103 0.118827 0.00607564 7.17254E-4 0.00164787 0.0878847 
0.311692 0.00233198 0.476228 5.88647E-4 3.61243E-4 0.0533882 0.155409 
0.0382281 0.00343827 0.853304 0.00481348 0.00139082 0.0325315 0.0662941 
0.0141523 0.0574611 0.773513 0.0849951 0.0111814 0.0427905 0.0159061 
0.0335663 0.129362 0.382001 0.236501 0.0637336 0.125836 0.0290015 
0.0152854 0.0710442 0.221366 0.562526 0.0366711 0.0817214 0.0113864 
0.00894651 0.0521187 0.119335 0.729439 0.0284915 0.0558757 0.00579376 
0.00462703 0.0357234 0.0257986 0.893397 0.0200463 0.0184018 0.0020059 
0.00556503 0.0498417 0.0217792 0.877634 0.0205857 0.0220529 0.0025419 
0.00739083 0.0691258 0.0298897 0.828073 0.0236896 0.0377517 0.00407967 
0.0132615 0.114004 0.051286 0.701822 0.0367653 0.0733361 0.00952488 
0.0253343 0.192592 0.123779 0.45457 0.0697033 0.111483 0.0225383 
0.0311033 0.224144 0.171583 0.341343 0.0869017 0.115817 0.0291075 
0.024999 0.0280345 0.0143155 0.912305 0.00983108 0.00550495 0.0050098 
0.00886183 0.0234451 0.0138707 0.933532 0.0122897 0.00432273 0.00367788 
0.00746334 0.0132544 0.0116577 0.92255 0.0364928 0.00529151 0.00328978 
0.045734 0.0326276 0.0896512 0.435093 0.373747 0.0136722 0.0094751 
0.024337 0.0277536 0.0369543 0.784142 0.114466 0.00720031 0.00514715 
0.0644147 0.063817 0.109194 0.450022 0.269171 0.0266755 0.0167054 
0.0249767 0.0407217 0.0433686 0.729468 0.143174 0.0126843 0.00560682 
0.028016 0.0763922 0.0339305 0.762291 0.0840049 0.00973569 0.00562915 
0.0354453 0.0586025 0.0493507 0.612837 0.227947 0.00965663 0.00616031 
0.412166 0.0430477 0.105436 0.4057 0.00804823 0.00895137 0.0166512 
0.596414 0.0664449 0.15806 0.144262 0.00941815 0.0118269 0.0135744 
0.0334153 0.0376837 0.0239542 0.883049 0.0118164 0.0055305 0.00455114 
0.556346 0.084344 0.0728565 0.138921 0.118278 0.0126425 0.0166115 
0.688636 0.0932551 0.0682665 0.0746658 0.0574926 0.00779685 0.00988751 
0.388707 0.116659 0.0575064 0.339597 0.0643697 0.0137431 0.0194182 
0.720984 0.184985 0.0284515 0.0232322 0.0317599 0.00344483 0.00714182 
0.78683 0.156165 0.0269795 0.00797322 0.00331425 0.00528327 0.0134544 
0.847531 0.0743973 0.0308215 0.0164614 0.00430347 0.0032558 0.02323 
0.856489 0.0421681 0.0490525 0.0199623 0.0012448 0.00452379 0.0265597 
0.78449 0.0421832 0.0253064 0.133377 0.00473052 0.00288054 0.00703277 
0.861858 0.0388346 0.0435686 0.00942705 0.00124632 0.0118558 0.0332097 
0.852889 0.0559807 0.0353396 0.0253624 0.00191302 0.00930812 0.0192074 
0.800724 0.0798475 0.0356529 0.0454865 0.00279474 0.0106504 0.0248445 
0.690469 0.151745 0.0626799 0.0123127 0.00259564 0.0511661 0.0290323 
0.26233 0.644429 0.0172494 0.0040627 0.0087396 0.0558933 0.00729589 
0.204938 0.62726 0.0191613 0.00234248 0.00286228 0.134867 0.0085691 
0.118575 0.796335 0.00753807 0.00126731 0.00258264 0.0675796 0.0061222 
0.131614 0.699248 0.00792759 0.00148566 0.00472258 0.148931 0.00607099 
0.0746212 0.818268 0.00445937 9.06445E-4 0.00190381 0.0960838 0.00375734 
0.0991393 0.81996 0.0097478 8.10314E-4 0.00148317 0.0585544 0.0103053 
0.108562 0.830817 0.00894394 0.0014288 0.00109722 0.0389169 0.0102343 
0.205037 0.706264 0.0179837 0.0030843 0.00113728 0.0444415 0.0220521 
0.107052 0.862539 0.00400706 0.00390606 0.00138466 0.0149327 0.00617857 
0.0887055 0.876821 0.00395449 0.00202843 0.00164723 0.0189105 0.00793268 
0.123748 0.816589 0.00665364 0.00741407 0.00174699 0.0332638 0.0105851 
0.271869 0.660975 0.0150749 0.0138578 0.00127524 0.0242424 0.0127058 
0.292511 0.643451 0.0144352 0.0163083 0.001143 0.0162659 0.0158856 
0.237806 0.701981 0.0113267 0.00686341 0.00175346 0.0280712 0.0121989 
0.297557 0.608863 0.0190098 0.00858073 0.0012741 0.0462724 0.0184421 
0.27612 0.616249 0.0145232 0.0055327 0.00334107 0.0606084 0.0236264 
0.136353 0.80744 0.00637746 0.00205343 0.00370694 0.0268077 0.0172613 
0.124431 0.8288 0.00364922 0.00201957 0.0055319 0.0261719 0.00939606 
0.137262 0.813742 0.0049636 0.00469088 0.00239455 0.0170888 0.0198582 
0.0782684 0.880713 0.00324985 0.00209256 0.00230122 0.0146393 0.0187354 
0.0707693 0.892465 0.0029038 0.00357517 0.0020655 0.0183022 0.00991862 
0.103613 0.849183 0.00429826 0.0091948 0.00180783 0.0223763 0.00952709 
0.10796 0.818044 0.00635698 0.00462085 0.00219322 0.0449692 0.0158554 
0.0780601 0.861886 0.00357578 0.00169283 0.00284533 0.0384983 0.0134419 
0.255902 0.598221 0.0190592 0.0100029 0.00530576 0.093865 0.0176439 
0.246773 0.603958 0.0158994 0.00582265 0.0110705 0.100963 0.0155129 
0.517821 0.332014 0.0398573 0.020703 0.00570338 0.0572253 0.0266752 
0.675851 0.169734 0.0432929 0.0798971 0.00264472 0.00983 0.0187503 
0.461917 0.118272 0.0553739 0.323017 0.00392557 0.0121022 0.0253913 
0.230041 0.0904344 0.0892856 0.559164 0.00341401 0.00552799 0.0221331 
0.0888842 0.0528932 0.146682 0.688786 0.0022401 0.00271422 0.0178008 
0.0516615 0.035193 0.0420907 0.857535 7.13247E-4 5.99472E-4 0.0122073 
0.144513 0.0696859 0.0386581 0.723244 0.00226319 0.00206968 0.0195655 
0.169372 0.101461 0.0218446 0.666476 0.00626537 0.00317758 0.0314038 
0.243988 0.0902122 0.0244085 0.603128 0.00601883 0.00369384 0.0285509 
0.221714 0.0890255 0.0257786 0.633055 0.00454761 0.0027709 0.023108 
0.106481 0.104565 0.0209364 0.739444 0.00436723 0.00310301 0.0211034 
0.141103 0.101617 0.0225063 0.699914 0.00529934 0.00364462 0.0259159 
0.129994 0.0705477 0.0168611 0.752374 0.00502026 0.00251354 0.022689 
0.11957 0.0686092 0.017517 0.757508 0.00657406 0.00274641 0.0274759 
0.0804373 0.0747305 0.012669 0.810642 0.00650646 0.00213596 0.0128783 
0.157864 0.142351 0.0176193 0.629656 0.0245123 0.00510616 0.0228915 
0.130733 0.137446 0.0160762 0.66241 0.0283267 0.00493165 0.0200761 
0.175786 0.17582 0.0170417 0.569547 0.0314806 0.0055354 0.0247899 
0.119721 0.159841 0.0161189 0.638425 0.0376606 0.00612584 0.0221076 
0.18178 0.293757 0.0237636 0.398771 0.0546804 0.0100942 0.037154 
0.141014 0.272521 0.0240446 0.464946 0.0537143 0.0102752 0.0334841 
0.169089 0.194491 0.0285072 0.49692 0.0592537 0.0124608 0.039279 
0.110694 0.177561 0.0215164 0.614427 0.0411418 0.00826793 0.0263918 
0.104921 0.173532 0.0185101 0.635543 0.0341967 0.00685072 0.0264463 
0.126707 0.176241 0.0206628 0.601691 0.0368302 0.00781629 0.0300513 
0.127091 0.123005 0.0160959 0.655407 0.035611 0.00676545 0.0360245 
0.118727 0.113914 0.0132504 0.680891 0.033421 0.00548137 0.0343149 
0.138192 0.198908 0.0181517 0.55835 0.0440844 0.0074857 0.0348288 
0.123974 0.15583 0.0114604 0.661753 0.0218286 0.00334729 0.0218069 
0.182826 0.168296 0.0156464 0.557642 0.035517 0.00556071 0.0345117 
0.187236 0.210686 0.0154018 0.499544 0.0282273 0.00492968 0.0539752 
0.192499 0.190795 0.0155657 0.492957 0.0321457 0.00506138 0.0709762 
0.199889 0.179923 0.0156804 0.527371 0.0186954 0.00295014 0.055491 
0.203675 0.169328 0.0163109 0.515463 0.0268975 0.00345097 0.0648752 
0.173525 0.151919 0.0143685 0.590035 0.0263845 0.00317198 0.0405959 
0.120693 0.214326 0.0137278 0.598994 0.0129852 0.00286771 0.0364057 
0.174928 0.215546 0.0163304 0.533687 0.0147357 0.00310758 0.0416661 
0.197453 0.213577 0.0123142 0.529583 0.0220201 0.00282433 0.0222277 
0.259196 0.159816 0.0147767 0.519978 0.0119319 0.00154838 0.032754 
0.197756 0.122072 0.0100401 0.630917 0.0147561 0.00126675 0.0231918 
0.454388 0.14242 0.0138345 0.334255 0.0152517 0.00103238 0.0388178 
0.64899 0.0950417 0.0253985 0.140886 0.00607068 0.00116189 0.0824508 
0.824813 0.0224356 0.0380423 0.0395363 0.00470245 9.74087E-4 0.0694959 
0.789989 0.0260058 0.035954 0.0306791 0.00965682 0.00114881 0.106566 
0.767826 0.0139683 0.0539541 0.0424171 0.00567777 8.78703E-4 0.115278 
0.757816 0.0121404 0.0694939 0.0221715 0.00500516 8.86741E-4 0.132487 
0.810367 0.0118606 0.0592373 0.0158713 0.00851539 0.00112703 0.0930215 
0.790607 0.0125153 0.0639196 0.0160098 0.00605088 0.00104029 0.109858 
0.736351 0.00879503 0.095391 0.0182008 0.00370512 7.69074E-4 0.136788 
0.706068 0.0115084 0.0774269 0.0170077 0.00645142 0.0010117 0.180526 
0.727054 0.0149355 0.0649509 0.031816 0.00871504 0.00102425 0.151505 
0.769428 0.0138409 0.0602711 0.0454752 0.00740454 0.00128611 0.102294 
0.752166 0.0149777 0.0718312 0.0301901 0.00562001 0.0011588 0.124056 
0.714964 0.0155134 0.0752626 0.0109001 0.00572142 0.00135293 0.176286 
0.730906 0.0153419 0.0719615 0.0178593 0.00508019 0.00115218 0.157699 
0.729805 0.0167824 0.0673416 0.0100555 0.016232 0.00185578 0.157928 
0.787217 0.0144016 0.0596615 0.0130735 0.0155008 0.00193309 0.108213 
0.745503 0.0115566 0.0716351 0.0324431 0.00865273 0.00167648 0.128533 
0.696071 0.00915306 0.0658619 0.0563767 0.010836 0.00137417 0.160327 
0.671039 0.00780249 0.0772755 0.0611078 0.00895258 0.00179273 0.17203 
0.324084 0.00517484 0.0283856 0.613961 0.0130452 8.61229E-4 0.0144877 
0.0223916 0.00210492 0.00511675 0.925761 0.0396092 9.73749E-4 0.00404327 
0.0087662 6.38768E-4 0.00176665 0.951444 0.0359617 2.486E-4 0.00117441 
0.0224333 0.00120851 0.00227455 0.692778 0.279096 4.98218E-4 0.00171132 
0.0121992 4.90179E-4 0.00101756 0.845889 0.13959 1.63097E-4 6.50346E-4 
0.0157717 7.22308E-4 0.00186182 0.768874 0.21126 2.81796E-4 0.00122826 
0.0127028 5.07981E-4 0.00234999 0.930988 0.0516469 1.76153E-4 0.00162797 
0.332344 0.0036522 0.0293608 0.525043 0.0826991 9.61649E-4 0.0259388 
0.658305 0.0061938 0.0674125 0.163541 0.00925522 7.99624E-4 0.0944932 
0.555534 0.00578871 0.0901539 0.0951744 0.00805074 6.37839E-4 0.24466 
0.565377 0.00489564 0.102058 0.11251 0.00417109 5.79731E-4 0.210409 
0.699616 0.00426728 0.0714819 0.110403 0.00735342 4.39971E-4 0.106439 
0.437303 0.00631376 0.0984336 0.266895 0.00405624 8.78309E-4 0.18612 
0.498614 0.00999092 0.0728585 0.273297 0.00375741 7.8519E-4 0.140696 
0.390896 0.00802269 0.0598958 0.494829 0.00258976 2.54612E-4 0.0435125 
0.429151 0.0104585 0.0361314 0.499899 0.00342562 2.53574E-4 0.0206808 
0.537161 0.0099344 0.0345338 0.37495 0.00424204 3.48647E-4 0.0388303 
0.595735 0.0127452 0.042822 0.27309 0.00331404 4.59703E-4 0.0718341 
0.618274 0.0180827 0.0473818 0.198842 0.00232328 7.38816E-4 0.114358 
0.635557 0.0285674 0.0292803 0.236979 0.00189092 0.0010052 0.0667196 
0.41773 0.100499 0.0229818 0.432831 0.00399492 0.00180452 0.0201589 
0.348724 0.236079 0.0158775 0.354232 0.0215547 0.00423058 0.019302 
0.37412 0.28086 0.0165423 0.263227 0.031936 0.00556574 0.027749 
0.286955 0.273867 0.0212834 0.222208 0.14559 0.0127791 0.0373187 
0.181799 0.410916 0.0194617 0.221315 0.124589 0.0125462 0.0293729 
0.182082 0.443089 0.0157462 0.197582 0.124543 0.0109001 0.0260571 
0.0951479 0.682112 0.0077683 0.0944938 0.0984506 0.00666056 0.0153667 
0.0576452 0.783463 0.00453767 0.0981339 0.0449627 0.00276533 0.00849185 
0.0470299 0.765796 0.00578989 0.0756871 0.091033 0.0051722 0.00949195 
0.0346998 0.843499 0.0027087 0.0448619 0.0659352 0.00299898 0.00529623 
0.0300363 0.898518 9.82905E-4 0.0534946 0.0135737 9.26253E-4 0.00246807 
0.0388527 0.747074 0.0060399 0.0736165 0.117414 0.00647457 0.0105283 
0.0842839 0.329319 0.0173146 0.148694 0.378755 0.0177251 0.0239091 
0.0359742 0.729712 0.00659305 0.0630605 0.143195 0.0076437 0.0138218 
0.0504619 0.594068 0.0103207 0.0948063 0.222084 0.0111098 0.0171494 
0.0835625 0.265064 0.0140481 0.137082 0.460139 0.0148575 0.0252461 
0.102351 0.189609 0.0216831 0.172961 0.457727 0.0187149 0.0369529 
0.128533 0.180669 0.0287975 0.200957 0.397786 0.0217553 0.0415021 
0.134949 0.323525 0.0270841 0.199126 0.247153 0.0204829 0.0476805 
0.0999167 0.688177 0.00737653 0.0899905 0.0920968 0.00563936 0.0168028 
0.0692044 0.841511 0.00204989 0.0359547 0.0416574 0.00220236 0.00742052 
0.871003 0.0230775 0.0505848 0.0136273 0.00529893 0.00388809 0.0325208 
0.86451 0.0170994 0.0613839 0.0192854 0.00288578 0.00403449 0.030801 
0.843161 0.0135392 0.0730346 0.0171029 0.00345667 0.00428072 0.0454251 
0.851836 0.0123599 0.0697843 0.017877 0.00228622 0.00454355 0.0413133 
0.832452 0.014363 0.067337 0.0273878 0.00216259 0.00369159 0.0526061 
0.8467 0.0133873 0.0554578 0.0324707 0.00211177 0.00473943 0.0451327 
0.83562 0.0153991 0.0619407 0.048867 0.00194054 0.00452959 0.031703 
0.805597 0.0125169 0.0758069 0.031726 0.00156705 0.00550011 0.067286 
0.833817 0.0115818 0.0708046 0.0260829 0.00263821 0.00883531 0.0462399 
0.854268 0.0123714 0.064888 0.0261353 0.00235752 0.00752585 0.0324541 
0.864715 0.0192335 0.0616093 0.00831566 0.00215427 0.0148055 0.0291671 
0.845338 0.0124183 0.0743626 0.0125958 0.00173485 0.0156067 0.0379442 
0.849144 0.0121269 0.0727847 0.0170303 0.00147963 0.0176296 0.0298052 
0.83606 0.0110567 0.0828645 0.0102166 0.00206715 0.0162515 0.0414839 
0.858817 0.0111219 0.0781351 0.0135993 0.00154193 0.00946311 0.0273221 
0.809902 0.00888007 0.103056 0.00367418 9.17678E-4 0.0139301 0.0596397 
0.746464 0.00979895 0.109775 0.0031826 7.56115E-4 0.0139518 0.116072 
0.78343 0.0127239 0.104876 0.00332222 8.56375E-4 0.0187361 0.0760555 
0.807465 0.0106238 0.0920833 0.00406729 0.00132312 0.0269602 0.0574771 
0.799612 0.0108082 0.0898348 0.00224172 0.00110322 0.0271734 0.0692267 
0.838469 0.0114458 0.0759532 0.00368968 0.00182477 0.0170389 0.0515791 
0.823544 0.0124126 0.0879433 0.00310771 0.00169871 0.0243417 0.0469516 
0.836814 0.00967601 0.0924632 0.00517944 0.00146769 0.0198583 0.0345417 
0.781816 0.00804785 0.108309 0.00579436 0.00171711 0.0187509 0.0755655 
0.758003 0.0104797 0.100788 0.00547963 0.00199806 0.0446498 0.0786013 
0.770398 0.010954 0.117106 0.00387512 0.00249306 0.0257568 0.0694167 
0.816121 0.0175418 0.0839222 0.00249073 0.00224305 0.0373901 0.0402908 
0.746536 0.0118582 0.140925 0.00346719 0.00194634 0.029286 0.0659811 
0.755035 0.0103563 0.145278 0.00233926 0.00136732 0.0288746 0.0567493 
0.706121 0.0107662 0.127569 0.00214727 0.00132555 0.0245644 0.127507 
0.659207 0.00741994 0.155608 0.00226736 9.04244E-4 0.0118957 0.162698 
0.758731 0.00552734 0.119295 0.00360287 0.00225939 0.00539661 0.105187 
0.652791 0.0047874 0.144381 0.0117766 8.99543E-4 0.00441796 0.180947 
0.647071 0.00609282 0.133695 0.00794855 0.00115485 0.0132062 0.190831 
0.239442 0.00475202 0.631413 6.85444E-4 0.00126308 0.0882841 0.0341605 
0.0690983 0.00199657 0.784325 0.00143802 0.00111481 0.0727944 0.0692327 
0.126716 0.00377365 0.618487 0.00220159 0.00215627 0.0697381 0.176928 
0.151933 0.00287233 0.495685 0.00125797 0.00140528 0.0235465 0.3233 
0.257393 0.00337126 0.263295 0.00164848 7.36014E-4 0.00583135 0.467724 
0.194668 0.00406254 0.29067 0.00487573 0.00153714 0.00710765 0.497079 
0.246335 0.00351086 0.346974 0.0048659 0.00150452 0.0140673 0.382743 
0.206359 0.00282046 0.403395 0.00343277 0.00132336 0.00809922 0.37457 
0.402443 0.0019937 0.349791 0.00152302 5.40204E-4 0.00519815 0.238511 
0.356309 0.0023971 0.331852 0.00132966 6.21351E-4 0.00710948 0.300381 
0.325895 0.00230287 0.36562 0.00303989 8.58282E-4 0.00872609 0.293557 
0.441604 0.00243085 0.344229 0.00279048 4.38081E-4 0.0100265 0.198481 
0.425923 0.00313347 0.363317 0.00194573 6.95753E-4 0.0100595 0.194925 
0.370827 0.00202153 0.414836 0.00310982 3.59155E-4 0.0147603 0.194086 
0.188769 0.0037246 0.405984 0.00533249 0.00168172 0.00795062 0.386558 
0.104111 0.00478816 0.631196 0.00414764 0.00243914 0.123987 0.129331 
0.252723 0.00406283 0.524093 0.00413243 0.00140285 0.0571344 0.156452 
0.361992 0.00360001 0.429913 0.0100535 8.91779E-4 0.0219737 0.171576 
0.479696 0.00275375 0.289239 0.00449763 6.38482E-4 0.0113449 0.21183 
0.554277 0.00558835 0.300824 0.00192813 0.00117604 0.0704317 0.0657747 
0.525821 0.00444957 0.327154 0.00239795 0.00119999 0.0356152 0.103363 
0.508152 0.00480437 0.140262 0.00333633 9.41689E-4 0.00248642 0.340018 
0.367304 0.00449326 0.256528 0.00655749 7.92819E-4 0.03176 0.332565 
0.493423 0.00367892 0.250099 0.00346491 6.00593E-4 0.0121916 0.236542 
0.362784 0.00401865 0.213299 0.0035244 0.00104047 0.0120049 0.403328 
0.408546 0.00394861 0.199668 0.00329256 0.00108949 0.00937711 0.374077 
0.239238 0.00473145 0.228928 0.00644466 0.00238577 0.0175485 0.500724 
0.363781 0.0042824 0.196923 0.00480632 0.00131975 0.0107517 0.418136 
0.332354 0.00472779 0.181289 0.00363334 0.00116367 0.0103241 0.466508 
0.516888 0.0040173 0.17827 0.00259085 7.98418E-4 0.00507448 0.292361 
0.391179 0.00511786 0.14404 0.00295994 0.00164376 0.00785898 0.4472 
0.611384 0.00446365 0.142523 0.0034479 9.94344E-4 0.00643918 0.230748 
0.543073 0.00412327 0.160008 0.00406155 7.05346E-4 0.00356642 0.284463 
0.514951 0.00405033 0.175205 0.00353555 8.59898E-4 0.00344172 0.297957 
0.55657 0.00302458 0.219356 0.00455279 5.28293E-4 0.00313082 0.212837 
0.545588 0.00244487 0.27066 0.00698088 5.41799E-4 0.00630909 0.167476 
0.553232 0.00221748 0.268823 0.00565268 6.62891E-4 0.00385431 0.165558 
0.589139 0.00259648 0.234917 0.00356019 4.66977E-4 0.00342342 0.165896 
0.591851 0.00222353 0.26876 0.00431493 4.34921E-4 0.00250182 0.129914 
0.631492 0.00237602 0.256668 0.00312603 3.65004E-4 0.00369121 0.102282 
0.564472 0.00229662 0.24609 0.00321097 4.7812E-4 0.00382256 0.17963 
0.639117 0.00241472 0.213925 0.00176778 5.23243E-4 0.00408433 0.138168 
0.696231 0.0024844 0.203671 0.0033478 8.85462E-4 0.00366529 0.0897153 
0.62832 0.00268344 0.20272 0.00256814 7.39176E-4 0.00273085 0.160239 
0.571842 0.00266255 0.236341 0.00498649 5.08988E-4 0.00342543 0.180234 
0.511095 0.00248924 0.260092 0.00322755 5.4569E-4 0.00263495 0.219915 
0.481813 0.00261666 0.285142 0.00284593 2.98767E-4 0.00777655 0.219506 
0.414813 0.00327291 0.282997 0.00456937 6.77678E-4 0.0244111 0.269259 
0.458274 0.00218793 0.350088 0.00303722 3.7237E-4 0.0134782 0.172562 
0.469143 0.00244968 0.334847 0.00355454 3.17369E-4 0.0141268 0.175562 
0.557863 0.00196011 0.348059 0.00417533 6.22184E-4 0.00785661 0.0794631 
0.528292 0.00237349 0.319053 0.0060311 3.67156E-4 0.0110567 0.132827 
0.488895 0.00261968 0.26534 0.00517453 5.32161E-4 0.0049257 0.232513 
0.466215 0.00291061 0.279249 0.00618487 5.5366E-4 0.00606153 0.238825 
0.379795 0.00380346 0.276144 0.00393267 9.65765E-4 0.0106775 0.324682 
0.283036 0.00403308 0.300278 0.00523051 0.00140079 0.0090207 0.397001 
0.244345 0.00491552 0.310506 0.00575863 0.00209363 0.00993145 0.42245 
0.405712 0.00361214 0.251513 0.00503588 8.87131E-4 0.00427623 0.328963 
0.393604 0.00369346 0.236009 0.0112285 8.79573E-4 0.00327002 0.351316 
0.199302 0.00517263 0.254476 0.00646897 0.00186181 0.0053701 0.527349 
0.388907 0.00328915 0.267312 0.00424888 7.70688E-4 0.00326993 0.332203 
0.425526 0.00303354 0.303591 0.00519513 9.65091E-4 0.00279958 0.258889 
0.432708 0.00318104 0.27461 0.0133842 6.0366E-4 0.00197199 0.273541 
0.457211 0.0025187 0.281521 0.0023817 7.15186E-4 0.00261938 0.253033 
0.465701 0.00267246 0.287925 0.00292065 5.3637E-4 0.0024967 0.237748 
0.368761 0.00348403 0.28734 0.00381042 0.00124712 0.00580097 0.329557 
0.448464 0.00324252 0.24345 0.00374947 7.90656E-4 0.00333722 0.296966 
0.415581 0.00347483 0.24022 0.00528396 0.0010513 0.0032441 0.331145 
0.297594 0.0045255 0.235382 0.00478184 0.0021258 0.00452658 0.451064 
0.254994 0.00501475 0.246772 0.00514689 0.00227273 0.00562549 0.480174 
0.383627 0.00472661 0.203086 0.00835861 0.00221826 0.00259827 0.395385 
0.211421 0.00525834 0.209415 0.00632884 0.00275997 0.00362849 0.561189 
0.257749 0.0056663 0.184909 0.0061378 0.00215037 0.00270643 0.540681 
0.334469 0.00578384 0.194223 0.00625474 0.00215983 0.00295347 0.454156 
0.281915 0.00609546 0.20346 0.0090015 0.00231943 0.00345361 0.493755 
0.330213 0.00539538 0.192742 0.00957171 0.00273472 0.00297468 0.456368 
0.337126 0.0051318 0.191526 0.00648607 0.00202058 0.00413592 0.453574 
0.159015 0.00684678 0.220358 0.00683518 0.00431577 0.0068508 0.595778 
0.175248 0.0057606 0.189555 0.00594482 0.0034166 0.00453784 0.615537 
0.248623 0.00567328 0.229607 0.00594863 0.00317848 0.00457814 0.502392 
0.288659 0.00572867 0.225004 0.00596779 0.00278611 0.00455368 0.467301 
0.22302 0.00588429 0.231063 0.00589454 0.0033959 0.00519964 0.525543 
0.159999 0.00659638 0.280004 0.00700138 0.00366262 0.00661654 0.53612 
0.139542 0.00688021 0.23705 0.00684798 0.00382619 0.00643945 0.599414 
0.172698 0.0067606 0.224938 0.00623324 0.00372472 0.00550088 0.580145 
0.155716 0.00637058 0.30992 0.00690809 0.00360863 0.00654955 0.510927 
0.239719 0.00557246 0.251967 0.00749175 0.00359218 0.00470467 0.486953 
0.205652 0.00516067 0.229662 0.00596673 0.00346152 0.00503773 0.545059 
0.207778 0.00763587 0.258585 0.0104667 0.00504716 0.00439968 0.506087 
0.258648 0.00428603 0.268538 0.00412169 0.00255228 0.00361701 0.458237 
0.119045 0.00465994 0.384317 0.00663911 0.00331085 0.00853124 0.473496 
0.179557 0.00453215 0.41997 0.00730621 0.00310099 0.00945308 0.376081 
0.26279 0.00786628 0.344679 0.00800672 0.00487187 0.00701774 0.364768 
0.289253 0.00452981 0.275571 0.00356907 0.00197847 0.00301362 0.422084 
0.273332 0.00373353 0.252257 0.00206758 9.74444E-4 0.00393584 0.4637 
0.461646 0.00362537 0.294207 0.0018981 9.97995E-4 0.00319247 0.234433 
0.310093 0.00147789 0.532761 0.00160872 8.25263E-5 0.00492643 0.149051 
0.228424 0.00219432 0.46719 0.00524112 5.84674E-4 0.00604724 0.290319 
0.194259 0.00243546 0.418801 0.00589619 5.85755E-4 0.00412684 0.373895 
0.268729 0.00190773 0.473924 0.0106468 2.30001E-4 0.00243303 0.242129 
0.371509 0.00236707 0.369184 0.00329547 5.0353E-4 0.00494769 0.248192 
0.555305 0.00231588 0.358917 0.00146511 7.31982E-4 0.00287713 0.0783879 
0.50459 0.00241396 0.350158 0.00122508 5.43711E-4 0.00316686 0.137902 
0.553704 0.00297247 0.31064 0.00122365 6.92711E-4 0.0029486 0.127818 
0.584778 0.00324931 0.301699 0.00110755 8.549E-4 0.00317094 0.10514 
0.564658 0.00373906 0.295004 0.00106934 0.00104999 0.00315604 0.131323 
0.570893 0.00290165 0.312061 5.83162E-4 5.60018E-4 0.00486306 0.108139 
0.545019 0.00395099 0.295219 9.56228E-4 7.33959E-4 0.00642931 0.147691 
0.541562 0.00327364 0.289172 0.00104336 7.77787E-4 0.00809922 0.156072 
0.652884 0.00364318 0.267289 0.00170756 8.1855E-4 0.00491823 0.068739 
0.636798 0.00413642 0.275965 0.0020834 0.00125001 0.00400049 0.0757667 
0.673412 0.00568251 0.248886 0.00181982 0.00142582 0.00325649 0.0655174 
0.751926 0.00630879 0.184087 0.00351857 0.00124704 0.00216644 0.0507456 
0.730146 0.00605299 0.186488 0.0217711 0.00221578 0.00354184 0.0497848 
0.688591 0.00716036 0.207014 0.00707667 0.00489838 0.00443466 0.0808252 
0.725812 0.0057377 0.181563 0.00408796 0.00429378 0.00346337 0.0750423 
0.686858 0.00626675 0.18601 0.00333558 0.00254626 0.00623948 0.108744 
0.667238 0.00605521 0.226546 0.00495139 0.00383142 0.00457253 0.0868058 
0.605913 0.0045385 0.233508 0.0058891 0.00204775 0.00413524 0.143969 
0.543985 0.00554925 0.231678 0.00258244 0.00227421 0.0077734 0.206158 
0.474515 0.00545886 0.235419 0.00190813 0.00221952 0.00986113 0.270619 
0.355207 0.00450955 0.24299 0.00140526 0.00192874 0.00766345 0.386295 
0.353213 0.00430904 0.239497 0.00201942 0.0013039 0.00941753 0.39024 
0.394459 0.00298926 0.285728 0.00129296 6.56645E-4 0.00901 0.305865 
0.236175 0.0035935 0.306759 0.00288718 0.00164032 0.0156904 0.433255 
0.241484 0.00317431 0.349023 0.00472781 0.00261458 0.0108368 0.38814 
0.244186 0.00374647 0.278883 0.00251272 0.00202542 0.0127701 0.455876 
0.277444 0.00256699 0.323427 0.00292154 7.05149E-4 0.00862951 0.384305 
0.38686 0.00326587 0.281727 0.00204407 8.38921E-4 0.00836411 0.3169 
0.218469 0.00318799 0.281021 0.00176827 0.00155663 0.00671979 0.487278 
0.34913 0.00377162 0.28235 0.0017768 0.00259335 0.00535427 0.355024 
0.228145 0.00409868 0.307723 0.00165449 0.00257712 0.0138689 0.441932 
0.147836 0.0036114 0.311324 0.00213545 0.00190167 0.0157239 0.517467 
0.210392 0.00379588 0.316031 0.00264792 0.00204561 0.0179398 0.447148 
0.149394 0.00411869 0.276454 0.00231736 0.00181539 0.0286153 0.537285 
0.117974 0.00317697 0.306998 0.0027779 0.00139886 0.0236879 0.543986 
0.138924 0.00308465 0.307025 0.00305054 0.00117826 0.0173361 0.529402 
0.203686 0.0029826 0.308951 0.00153873 7.536E-4 0.0135609 0.468528 
0.411162 0.00409029 0.272192 0.00168913 0.00179392 0.00870075 0.300372 
0.433052 0.00415348 0.242064 0.00117144 0.00108121 0.00760204 0.310876 
0.500027 0.00451179 0.217699 0.00135767 0.00122018 0.00554747 0.269637 
0.553596 0.00440671 0.206109 0.00133571 8.00387E-4 0.0057624 0.22799 
0.531413 0.00412206 0.198932 0.0014512 9.67398E-4 0.00831824 0.254796 
0.485201 0.00321706 0.240589 0.00161693 5.47288E-4 0.00404048 0.264788 
0.579574 0.00314493 0.228242 0.00126793 6.83309E-4 0.00427384 0.182814 
0.628129 0.00306792 0.219942 0.0014736 5.62226E-4 0.00460529 0.14222 
0.660895 0.00291869 0.245827 0.00225028 5.2653E-4 0.00361622 0.0839662 
0.532096 0.00294501 0.249854 0.00165063 3.48819E-4 0.00612544 0.20698 
0.563721 0.00232248 0.257775 0.00136886 3.60742E-4 0.00902888 0.165423 
0.497088 0.00255306 0.271873 9.07881E-4 3.35076E-4 0.0136438 0.213599 
0.588035 0.00214398 0.26943 0.00127366 2.71115E-4 0.00762846 0.131218 
0.5309 0.00205273 0.295221 8.07967E-4 3.33561E-4 0.00971749 0.160967 
0.491787 0.0022722 0.29327 9.74458E-4 4.00731E-4 0.00775344 0.203542 
0.429415 0.00313827 0.275834 0.00169706 7.59482E-4 0.0166274 0.272529 
0.570075 0.0024723 0.26733 8.74249E-4 2.14333E-4 0.0099551 0.149079 
0.607124 0.0019427 0.29448 0.00131887 2.37531E-4 0.00698298 0.0879137 
0.504165 0.00233589 0.295496 0.00234272 2.19289E-4 0.0100441 0.185397 
0.540772 0.00216339 0.334125 0.00313536 2.07664E-4 0.0122936 0.107303 
0.491606 0.00253361 0.28424 0.00307095 4.22361E-4 0.0135656 0.204561 
0.567898 0.00272576 0.255447 0.00609985 5.00175E-4 0.00788059 0.159449 
0.507762 0.00262525 0.261347 0.00300995 3.04549E-4 0.00736828 0.217583 
0.643775 0.00268337 0.255125 0.00311662 4.2257E-4 0.00507265 0.0898054 
0.647751 0.00292173 0.245995 0.00233207 3.66665E-4 0.00320787 0.0974256 
0.649464 0.00260651 0.25783 0.00212913 3.32336E-4 0.00573943 0.0818982 
0.618795 0.00203591 0.307854 0.00231361 2.30485E-4 0.00533913 0.0634315 
0.614535 0.00257876 0.297053 0.00157085 1.99636E-4 0.0028921 0.0811709 
0.555825 0.00203923 0.374646 0.00140093 1.98038E-4 0.00337918 0.0625112 
0.553306 0.00177037 0.35918 0.00227966 1.76463E-4 0.00300258 0.0802846 
0.609749 0.00215549 0.317628 0.00337649 2.97301E-4 0.0041028 0.062691 
0.653979 0.00239839 0.290743 0.00522005 3.47498E-4 0.00450005 0.0428113 
0.48672 0.00191432 0.376899 0.00386595 1.46811E-4 0.00574903 0.124705 
0.524652 0.00173658 0.346954 0.00279898 2.29349E-4 0.00482352 0.118805 
0.555529 0.00165283 0.357303 0.00279813 2.14457E-4 0.00362071 0.0788816 
0.511755 0.00200752 0.373277 0.00448065 2.05773E-4 0.00500336 0.103271 
0.568842 0.00218422 0.328044 0.0060232 2.82919E-4 0.00557188 0.0890508 
0.576348 0.00255967 0.276829 0.0104239 3.27097E-4 0.00380974 0.129703 
0.512464 0.0025456 0.289821 0.00820667 2.64284E-4 0.00586541 0.180834 
0.432936 0.00245092 0.291029 0.00652114 3.65731E-4 0.00918574 0.257512 
0.502747 0.00227283 0.31383 0.00498607 2.29983E-4 0.00882559 0.167109 
0.48541 0.00249221 0.256699 0.00589774 5.56242E-4 0.00443626 0.244509 
0.420052 0.00295201 0.26249 0.0110501 4.57211E-4 0.00466057 0.298338 
0.407738 0.00223925 0.336352 0.00574851 3.61202E-4 0.00317049 0.24439 
0.514847 0.00228879 0.319447 0.00219873 2.03908E-4 0.00279675 0.158218 
0.466584 0.0022845 0.376339 0.00138319 1.40228E-4 0.00201887 0.15125 
0.637239 0.00279681 0.251581 0.00171995 3.01583E-4 0.00171969 0.104643 
0.476589 0.00436502 0.218184 0.0022106 6.30701E-4 0.00305066 0.29497 
0.457581 0.0042616 0.242515 0.0022605 7.00524E-4 0.00305741 0.289624 
0.65194 0.00338007 0.220406 0.00310052 3.20238E-4 0.00261183 0.118241 
0.640267 0.00317304 0.224823 0.00394766 4.483E-4 0.00220238 0.125139 
0.57451 0.00312618 0.223512 0.00348284 3.1179E-4 0.0027587 0.192298 
0.62812 0.00287794 0.222402 0.00571273 4.7069E-4 0.00181634 0.1386 
0.557859 0.00298115 0.255533 0.00279912 2.9279E-4 0.00222749 0.178307 
0.544606 0.00340736 0.274345 0.00390425 3.24799E-4 0.00191932 0.171492 
0.780736 0.0271566 0.0436287 0.0523786 0.00807058 0.00135381 0.0866757 
0.785542 0.0329762 0.0387034 0.0658494 0.00895974 0.00190775 0.0660612 
0.782771 0.0316801 0.040327 0.0571963 0.00727297 0.00215271 0.0786003 
0.78588 0.032301 0.039661 0.0469969 0.0070184 0.00210868 0.0860343 
0.763105 0.0367463 0.0410911 0.0585429 0.0066951 0.00237137 0.0914484 
0.749066 0.0260029 0.0471181 0.0731471 0.00637228 0.00163393 0.0966594 
0.591412 0.0259335 0.0555688 0.0227322 0.00502429 0.00250978 0.296819 
0.694447 0.026617 0.0503315 0.049663 0.00476626 0.00184296 0.172332 
0.67457 0.0327542 0.0494728 0.0457123 0.00557452 0.00201802 0.189898 
0.796971 0.0256589 0.0394232 0.021282 0.00875218 0.00194138 0.105972 
0.79643 0.0282351 0.0377822 0.0537355 0.00770869 0.00163685 0.0744721 
0.76822 0.032841 0.0381522 0.0338114 0.0112671 0.00222557 0.113483 
0.780783 0.0239078 0.0408253 0.0423542 0.0110983 0.00187541 0.099156 
0.769528 0.0276067 0.0446778 0.0426377 0.00692393 0.00206939 0.106557 
0.81396 0.0272269 0.0408883 0.0491991 0.00612379 0.00128787 0.061314 
0.778708 0.0260603 0.0461246 0.0375797 0.00487777 0.00155553 0.105094 
0.756993 0.0305754 0.0479169 0.0283373 0.00612633 0.00148595 0.128565 
0.765383 0.0283446 0.0412664 0.0350747 0.0108727 0.00162392 0.117435 
0.749993 0.0273226 0.0393084 0.0443264 0.00961954 0.00144695 0.127983 
0.716654 0.0363726 0.045506 0.0380821 0.00877743 0.00168658 0.152921 
0.705736 0.0276978 0.0445931 0.0237594 0.00965689 0.00242861 0.186128 
0.753213 0.0428799 0.0388508 0.0231174 0.00998677 0.00188311 0.130069 
0.734859 0.0375942 0.0407676 0.0174084 0.00546324 0.00216422 0.161744 
0.791845 0.0406375 0.0352573 0.0279503 0.00919105 0.00168022 0.0934384 
0.722155 0.0264607 0.0450558 0.0218559 0.00454771 0.00202795 0.177897 
0.785986 0.0314477 0.0404608 0.038508 0.0046701 0.00155759 0.0973694 
0.738342 0.0375671 0.0436616 0.0275533 0.00449334 0.00185904 0.146524 
0.763492 0.0319514 0.0442923 0.0233054 0.00516277 0.00189658 0.129899 
0.738542 0.0360886 0.0425027 0.0221819 0.00929758 0.00193802 0.149449 
0.675531 0.0225034 0.0558869 0.0390581 0.00412104 0.00153719 0.201362 
0.733853 0.0380484 0.0452365 0.034392 0.00700465 0.00141956 0.140046 
0.722797 0.0299264 0.0575498 0.0231245 0.00294028 0.00148001 0.162182 
0.644606 0.0287097 0.0537904 0.0167511 0.00342964 0.00194782 0.250766 
0.595236 0.0306583 0.0623811 0.0188585 0.00392513 0.00180582 0.287135 
0.51644 0.0297498 0.0565108 0.0143506 0.00742439 0.00201183 0.373513 
0.700213 0.0241576 0.058511 0.0272856 0.00412023 0.00148606 0.184227 
0.793411 0.0165091 0.0450874 0.0358241 0.00504532 0.00123476 0.102888 
0.766761 0.027326 0.0383066 0.0310287 0.0074447 0.00150845 0.127624 
0.780584 0.0241999 0.0371957 0.0286897 0.0081308 0.00156826 0.119632 
