0.794144 0.0128673 0.0793772 0.0681903 0.00193806 0.00198608 0.0414968 
0.748676 0.0114477 0.0894033 0.0825778 0.00187563 0.00208309 0.0639364 
0.741723 0.0110679 0.0992702 0.0763176 0.00210577 0.00253157 0.0669835 
0.712684 0.0109743 0.0983228 0.106516 0.00228075 0.00210623 0.0671162 
0.701635 0.0111102 0.0856133 0.165916 0.00262008 0.00127418 0.0318312 
0.806519 0.0118133 0.0683113 0.0699206 0.00290666 0.00147104 0.0390579 
0.82974 0.00980946 0.074567 0.0491419 0.00207139 0.00163226 0.0330382 
0.784219 0.00911033 0.0781352 0.0929869 0.00273846 0.00147675 0.0313334 
0.824429 0.0107768 0.0600002 0.0629292 0.00373084 0.00208853 0.0360454 
0.831544 0.0117304 0.0443516 0.0708282 0.00505724 0.00151579 0.0349727 
0.682519 0.00839959 0.0698495 0.184981 0.00381688 0.00207876 0.0483556 
0.829085 0.00804358 0.0609385 0.0656361 0.00375648 0.00206175 0.0304791 
0.816399 0.00848635 0.0653494 0.064166 0.00298815 0.00203246 0.0405787 
0.766002 0.00743658 0.105145 0.071652 0.00155063 0.00237014 0.0458439 
0.762826 0.00723474 0.111127 0.0667309 0.001545 0.00299303 0.047543 
0.729229 0.00665795 0.131435 0.0738927 0.00175305 0.00279375 0.0542391 
0.72981 0.00668039 0.128622 0.0826106 0.00192982 0.00266775 0.0476802 
0.751616 0.00669261 0.0995361 0.096933 0.0027228 0.00139083 0.0411089 
0.739741 0.00591114 0.111212 0.103841 0.00260393 0.00189871 0.034792 
0.729633 0.00678573 0.11629 0.101093 0.00248617 0.00193176 0.0417793 
0.74824 0.00648725 0.11 0.0943641 0.00215792 0.00220998 0.0365407 
0.769206 0.00647562 0.111665 0.0669549 0.00168301 0.00208898 0.0419257 
0.79042 0.00755156 0.0964476 0.0654654 0.00209742 0.00157899 0.036439 
0.818529 0.00818337 0.0739166 0.0404019 0.0028564 0.00230862 0.0538046 
0.772262 0.00816035 0.0912867 0.0794663 0.00220008 0.0019821 0.0446423 
0.790125 0.00739685 0.0917693 0.0616274 0.00242058 0.00196218 0.0446985 
0.770539 0.00590509 0.111644 0.0628535 0.00177783 0.00181332 0.0454678 
0.753399 0.00653257 0.0963617 0.102499 0.0022936 0.00189485 0.0370192 
0.798393 0.00555225 0.0987802 0.0452284 0.00207736 0.00145815 0.0485108 
0.797034 0.00543976 0.103662 0.0449972 0.00194469 0.00141014 0.0455119 
0.745468 0.00487505 0.130942 0.0284823 0.00144912 0.00150614 0.0872766 
0.749302 0.00511932 0.130312 0.0498935 0.00165654 0.00187871 0.0618378 
0.763685 0.00542022 0.127059 0.0559477 0.00172963 0.00135407 0.0448048 
0.737402 0.00505268 0.153015 0.0346196 0.00105211 0.00143387 0.0674246 
0.761333 0.00446223 0.144005 0.024406 0.00106716 0.00139771 0.063329 
0.775905 0.00452869 0.122266 0.0335699 0.0016796 0.00146828 0.0605833 
0.518609 0.00793369 0.0959631 0.307847 0.00618819 0.00295165 0.0605072 
0.371411 0.0163511 0.24526 0.227516 0.00942683 0.0104534 0.119582 
0.482286 0.0105118 0.161688 0.225578 0.0081648 0.00601343 0.105757 
0.319252 0.0110798 0.160465 0.43816 0.00991818 0.0073697 0.053755 
0.440391 0.00926275 0.150754 0.331838 0.00890772 0.00584396 0.053002 
0.398338 0.014418 0.179456 0.264773 0.0119098 0.0103908 0.120715 
0.439346 0.0170344 0.184285 0.231703 0.0109063 0.0112166 0.105509 
0.405436 0.0169858 0.208428 0.212657 0.0103972 0.0117077 0.134388 
0.322591 0.017052 0.19826 0.364847 0.0102725 0.0107713 0.0762063 
0.367357 0.0188738 0.208987 0.266171 0.0112174 0.0131507 0.114244 
0.492752 0.0112153 0.147197 0.269802 0.00665048 0.00541131 0.0669718 
0.662192 0.00630068 0.0979819 0.193277 0.00593174 0.00121017 0.0331058 
0.371552 0.00909233 0.307303 0.215242 0.00799268 0.00677191 0.0820464 
0.446809 0.0100849 0.231071 0.220024 0.00745128 0.00644137 0.0781184 
0.538798 0.00677214 0.206708 0.166763 0.0050956 0.00302799 0.072836 
0.423094 0.0134965 0.235619 0.225581 0.00900658 0.00887484 0.0843281 
0.415936 0.0143143 0.15598 0.240162 0.0078362 0.00880439 0.156967 
0.32516 0.00786981 0.15597 0.442813 0.00701484 0.00469279 0.0564788 
0.469493 0.00994117 0.181518 0.253739 0.00586092 0.00397531 0.0754728 
0.519196 0.00625536 0.151512 0.272284 0.00505042 0.00178689 0.0439161 
0.362757 0.010484 0.180725 0.380365 0.00671512 0.00461946 0.054335 
0.539132 0.0105153 0.15508 0.224761 0.00552185 0.00370623 0.0612837 
0.609693 0.00973335 0.141415 0.151725 0.00361751 0.00391821 0.0798985 
0.553764 0.00898012 0.144758 0.228552 0.00539977 0.00392169 0.0546239 
0.542992 0.0082389 0.130492 0.237024 0.00374612 0.0030846 0.0744227 
0.592682 0.00806923 0.132187 0.176294 0.00318146 0.00296876 0.0846173 
0.631296 0.00909249 0.109408 0.199776 0.00231115 0.00194378 0.0461724 
0.751895 0.0090637 0.102278 0.0834264 0.00193482 0.0018424 0.0495599 
0.620593 0.0096699 0.174351 0.143381 0.00349508 0.00389271 0.044617 
0.564823 0.0102162 0.160469 0.214527 0.0041402 0.00402282 0.0418019 
0.662246 0.00783782 0.131645 0.157567 0.00312442 0.00234321 0.0352366 
0.584267 0.0102358 0.141765 0.205281 0.00352723 0.00301706 0.0519066 
0.528018 0.0100721 0.150837 0.255506 0.00491716 0.00396438 0.0466854 
0.625607 0.00952892 0.161779 0.172992 0.00345157 0.00462342 0.0220179 
0.682851 0.00536882 0.191055 0.0755853 0.00272717 0.00401617 0.0383971 
0.529728 0.010796 0.23149 0.161517 0.00667054 0.0118584 0.0479401 
0.454859 0.0142854 0.263678 0.176858 0.00842637 0.01825 0.0636429 
0.696695 0.00594349 0.146858 0.0791236 0.00267189 0.00568549 0.063023 
0.542634 0.0112089 0.184488 0.175578 0.0067188 0.00943229 0.0699397 
0.698586 0.00628002 0.139403 0.10381 0.00311741 0.00232118 0.046482 
0.571539 0.00831741 0.189702 0.178201 0.00508888 0.00435202 0.0427991 
0.494531 0.00928227 0.168811 0.263844 0.00648256 0.00557851 0.0514705 
0.684183 0.0066205 0.151053 0.099866 0.00336313 0.00328266 0.0516309 
0.656256 0.00700796 0.160145 0.136029 0.00353221 0.00288853 0.0341415 
0.523836 0.00835547 0.184948 0.238727 0.00520297 0.00398255 0.0349473 
0.668528 0.0064522 0.1753 0.113844 0.003354 0.00300683 0.029515 
0.708103 0.00565429 0.149295 0.093516 0.00340525 0.00254933 0.0374772 
0.620801 0.00663039 0.159811 0.14118 0.00506297 0.00497449 0.0615394 
0.473769 0.0128833 0.232274 0.202593 0.00906371 0.0144665 0.0549494 
0.564474 0.00823169 0.179468 0.199467 0.00600199 0.00629243 0.0360642 
0.478114 0.00790403 0.191075 0.25455 0.00631949 0.00363598 0.0584025 
0.405511 0.00886599 0.176003 0.358132 0.00582467 0.00418384 0.0414786 
0.58328 0.0105673 0.191557 0.142077 0.00429197 0.0043317 0.0638951 
0.531434 0.0107026 0.179262 0.231911 0.0054207 0.00428873 0.0369815 
0.484261 0.0135224 0.210408 0.208044 0.00697446 0.00732323 0.069467 
0.491575 0.0129755 0.197006 0.212615 0.00744185 0.00710541 0.0712807 
0.502236 0.0122153 0.219814 0.157808 0.00589941 0.00671279 0.095315 
0.498201 0.0106558 0.208799 0.184873 0.00643433 0.00574657 0.0852899 
0.528651 0.011163 0.194906 0.177851 0.00621422 0.00577732 0.0754371 
0.544887 0.010105 0.18358 0.177933 0.00571071 0.0053609 0.0724236 
0.501418 0.0126576 0.212664 0.197811 0.00709829 0.00677591 0.0615751 
0.617649 0.00767163 0.196311 0.0954691 0.00262114 0.00318947 0.0770889 
0.588312 0.00785971 0.221783 0.101059 0.00326947 0.00362313 0.0740943 
0.432408 0.0120121 0.28404 0.148587 0.00645517 0.00777483 0.108724 
0.541904 0.00971158 0.214273 0.15385 0.0051297 0.00474888 0.0703823 
0.533671 0.00852082 0.207959 0.133409 0.00461034 0.0046367 0.107194 
0.54082 0.00773493 0.222553 0.110223 0.00383776 0.00379623 0.111035 
0.45486 0.00965109 0.249858 0.13073 0.00479603 0.00520454 0.1449 
0.44884 0.0128275 0.251039 0.191955 0.00809659 0.00725454 0.079988 
0.560061 0.00817402 0.227465 0.120963 0.00353723 0.00342852 0.0763709 
0.489031 0.0104912 0.247397 0.139211 0.00518032 0.00568493 0.103005 
0.645883 0.00600045 0.202673 0.0735972 0.00206694 0.00193775 0.0678418 
0.600092 0.0066139 0.196859 0.0909239 0.00281104 0.00250267 0.100198 
0.565453 0.00597522 0.212216 0.0695371 0.00222639 0.00204162 0.14255 
0.553563 0.00774674 0.197341 0.120201 0.00392675 0.00371613 0.113505 
0.605136 0.00612922 0.182404 0.103751 0.00341496 0.00260465 0.0965609 
0.61538 0.00624863 0.175809 0.0782658 0.00222796 0.00202172 0.120047 
0.559332 0.00574884 0.210552 0.0606088 0.00164871 0.0022211 0.159889 
0.630501 0.00526103 0.17591 0.0540663 0.00191729 0.00187722 0.130467 
0.595343 0.00684993 0.185457 0.0985155 0.00328668 0.00309419 0.107454 
0.544296 0.00917492 0.189798 0.143974 0.00453715 0.00530643 0.102914 
0.556589 0.00741569 0.207143 0.0979627 0.00331813 0.00416739 0.123403 
0.551102 0.00729817 0.217216 0.0900377 0.00279403 0.00322979 0.128323 
0.603987 0.0070308 0.176031 0.108105 0.00352142 0.00354573 0.0977794 
0.637591 0.00470494 0.190328 0.0391099 0.00126333 0.00153624 0.125466 
0.601785 0.00597913 0.183806 0.0804757 0.00276227 0.00242101 0.122771 
0.467242 0.011099 0.221254 0.160509 0.00662233 0.00668094 0.126593 
0.473042 0.00883388 0.210647 0.130082 0.00460843 0.00476453 0.168022 
0.41504 0.0130925 0.233889 0.222897 0.00861988 0.0081417 0.0983204 
0.519374 0.00834742 0.224338 0.123439 0.00500927 0.00483656 0.114656 
0.415578 0.0111455 0.228109 0.164853 0.00698244 0.00719952 0.166132 
0.486829 0.00966378 0.222913 0.151327 0.00554487 0.00574747 0.117975 
0.474276 0.0105654 0.216494 0.17741 0.00690971 0.00610864 0.108235 
0.576188 0.00644779 0.183004 0.126648 0.00457564 0.00309072 0.100046 
0.514314 0.00765274 0.205097 0.132589 0.00518417 0.00459419 0.130569 
0.522437 0.00824568 0.23854 0.116689 0.00438978 0.00452915 0.10517 
0.521319 0.0097535 0.165473 0.211294 0.00646073 0.00459665 0.0811025 
0.48707 0.0107155 0.212925 0.160238 0.00642713 0.00665846 0.115966 
0.523307 0.010789 0.184408 0.198369 0.00781997 0.00632923 0.0689773 
0.620466 0.00621385 0.170844 0.0887659 0.00283317 0.00253498 0.108342 
0.616525 0.00702685 0.154876 0.137018 0.00474893 0.00358341 0.0762212 
0.59527 0.0079005 0.151254 0.168387 0.0046682 0.00379622 0.0687231 
0.613715 0.00662469 0.161883 0.104487 0.00314637 0.00253117 0.107613 
0.666212 0.0057302 0.158591 0.0977825 0.00303544 0.00209745 0.0665518 
0.626299 0.00617584 0.158345 0.0948215 0.0033 0.0024941 0.108564 
0.575142 0.00766801 0.184283 0.112741 0.00375857 0.0036116 0.112796 
0.569413 0.00984958 0.180831 0.14331 0.00459393 0.00516469 0.0868374 
0.541548 0.0116284 0.202467 0.180056 0.00648148 0.00646388 0.0513551 
0.590017 0.00685389 0.190438 0.130114 0.00382387 0.00307934 0.0756738 
0.603466 0.00715004 0.178575 0.152742 0.00450219 0.00330151 0.0502633 
0.596574 0.00642306 0.206553 0.129222 0.00498485 0.0034808 0.0527626 
0.639851 0.00246772 0.263648 0.0170744 0.00124342 0.00412712 0.071588 
0.411081 0.00259918 0.430623 0.00444714 6.00083E-4 0.0555954 0.0950543 
0.433794 0.00321784 0.46194 0.0389842 0.00109148 0.0197187 0.0412539 
0.489006 0.00612141 0.322022 0.103844 0.00565025 0.0127739 0.0605829 
0.451613 0.0091825 0.319125 0.142752 0.00767216 0.013164 0.056492 
0.392208 0.0139828 0.323723 0.184864 0.0110911 0.0196797 0.054452 
0.394547 0.0168396 0.281127 0.228656 0.0110644 0.0243716 0.0433942 
0.38443 0.0147445 0.30804 0.209904 0.0122981 0.0200818 0.050502 
0.376476 0.0137107 0.316907 0.209835 0.0102911 0.0215563 0.0512249 
0.238624 0.0159122 0.315455 0.335295 0.0114649 0.0192833 0.0639654 
0.296216 0.0153916 0.314874 0.296597 0.00953422 0.0137559 0.0536318 
0.299154 0.00834818 0.176807 0.474553 0.00507041 0.0050823 0.0309864 
0.47232 0.00878012 0.166312 0.30565 0.00604268 0.00512759 0.0357676 
0.536165 0.00587653 0.165237 0.238327 0.00558207 0.00404409 0.0447681 
0.673224 0.00546437 0.154372 0.129589 0.00287088 0.00270335 0.0317754 
0.60583 0.00607952 0.163186 0.182114 0.00403565 0.00335772 0.0353962 
0.464833 0.00982044 0.265279 0.209361 0.00714511 0.00895979 0.0346021 
0.437584 0.0104363 0.243579 0.2547 0.0071205 0.00836012 0.0382198 
0.476362 0.0108265 0.306677 0.141252 0.00654101 0.0101808 0.0481609 
0.594084 0.00662834 0.216017 0.126215 0.00473701 0.00606999 0.0462489 
0.528206 0.00863738 0.240015 0.156073 0.00607192 0.00826516 0.0527312 
0.543992 0.00772933 0.233731 0.153115 0.00549634 0.00830447 0.0476328 
0.450875 0.00815326 0.227886 0.246079 0.00732874 0.00949183 0.0501868 
0.525213 0.00807814 0.244863 0.16653 0.00623649 0.0094811 0.0395978 
0.49039 0.0100541 0.242775 0.199888 0.0073268 0.00965332 0.0399132 
0.452181 0.0116021 0.273919 0.187453 0.00837655 0.0104517 0.0560167 
0.500826 0.00818367 0.285574 0.118679 0.00475995 0.00874471 0.0732333 
0.437921 0.0131755 0.286888 0.152184 0.00744041 0.0130905 0.0893001 
0.46596 0.0101123 0.288622 0.127905 0.005718 0.0106741 0.0910088 
0.492172 0.00910865 0.278544 0.124321 0.00492181 0.0103696 0.0805623 
0.514043 0.00807575 0.278682 0.111505 0.0041159 0.00834514 0.0752334 
0.53478 0.00797229 0.28217 0.109222 0.0036685 0.00636196 0.0558261 
0.612381 0.00545006 0.240327 0.0713818 0.00204491 0.00412115 0.0642942 
0.607168 0.00438963 0.257796 0.0558635 0.00163884 0.00343234 0.0697112 
0.595972 0.00422137 0.255037 0.0493456 0.00159612 0.00326189 0.090566 
0.563808 0.0045792 0.247641 0.0555055 0.00198426 0.00575948 0.120722 
0.577992 0.00526968 0.239141 0.0769399 0.00279044 0.0052316 0.0926359 
0.604167 0.00421204 0.241143 0.0545918 0.00202597 0.00351 0.0903502 
0.678769 0.00361531 0.215197 0.0416916 0.00199252 0.00250376 0.0562308 
0.668633 0.00431046 0.209603 0.00651145 0.00182649 0.00363745 0.105478 
0.709822 0.00378566 0.196962 0.017195 0.00180795 0.00209877 0.0683287 
0.684554 0.00424759 0.206566 0.0423024 0.00163414 0.0021898 0.0585069 
0.692625 0.00463039 0.188018 0.0390411 0.00198988 0.00246529 0.0712303 
0.651787 0.0045885 0.195189 0.0543583 0.00215029 0.00243869 0.0894883 
0.609333 0.00537802 0.223093 0.0798137 0.0024814 0.00327069 0.0766298 
0.589395 0.00498546 0.244145 0.0742337 0.00245214 0.00274629 0.0820425 
0.527097 0.00840422 0.260731 0.119963 0.00450877 0.0054103 0.0738866 
0.564358 0.00783951 0.245333 0.117784 0.00414865 0.00439585 0.0561409 
0.597621 0.0053982 0.241702 0.0769098 0.00239772 0.00305848 0.0729128 
0.597108 0.00545353 0.238741 0.0608651 0.00175475 0.00282645 0.0932519 
0.628923 0.00644966 0.200797 0.0735 0.00197033 0.00304147 0.0853189 
0.608993 0.00571424 0.222272 0.0578094 0.00158789 0.00253467 0.10109 
0.663954 0.00547056 0.186245 0.0837236 0.00224669 0.00285009 0.0555105 
0.593922 0.00590616 0.217455 0.101574 0.00313319 0.00319035 0.0748187 
0.63094 0.00550538 0.202963 0.0903235 0.00243342 0.00307551 0.0647593 
0.645589 0.00588258 0.205565 0.0991533 0.00257806 0.00249211 0.03874 
0.63154 0.00563101 0.222138 0.085613 0.00227899 0.00243753 0.050361 
0.630004 0.00600378 0.212028 0.0875506 0.00253098 0.00284178 0.0590404 
0.614031 0.00661678 0.208085 0.125744 0.00340089 0.00330808 0.038815 
0.595733 0.00683028 0.196486 0.149128 0.00424456 0.00349716 0.0440814 
0.626209 0.00534024 0.17872 0.150511 0.00391875 0.00224252 0.033058 
0.640423 0.00445712 0.204027 0.084057 0.00283509 0.00211052 0.0620904 
0.635791 0.00427676 0.20375 0.0592536 0.00206827 0.00244952 0.0924107 
0.613612 0.00587846 0.210875 0.100749 0.00309777 0.00344021 0.0623468 
0.62237 0.00700665 0.194918 0.126835 0.00400961 0.00400092 0.0408596 
0.629757 0.00622947 0.207196 0.098668 0.00322497 0.00394569 0.0509788 
0.679884 0.00500823 0.18403 0.0899875 0.00275558 0.00240789 0.0359263 
0.646223 0.00569508 0.189273 0.10115 0.00331855 0.00307601 0.0512634 
0.605752 0.00647908 0.208716 0.124308 0.00398417 0.00357728 0.047183 
0.466639 0.0135457 0.25998 0.183167 0.00854465 0.0101594 0.0579645 
0.552377 0.00844298 0.204581 0.16482 0.00489767 0.00556794 0.0593144 
0.646269 0.00620393 0.167062 0.101437 0.00290338 0.00318994 0.072935 
0.616059 0.00789206 0.170897 0.143373 0.00373959 0.00407575 0.0539632 
0.664836 0.00592799 0.151062 0.135163 0.00329826 0.00243628 0.0372774 
0.685987 0.0054493 0.168843 0.0833901 0.00257608 0.0020398 0.0517147 
0.545667 0.00912223 0.195267 0.185746 0.00545989 0.00534328 0.0533945 
0.606569 0.00619966 0.172316 0.164157 0.00422532 0.00300601 0.043527 
0.66246 0.0054836 0.170056 0.108386 0.00311593 0.00233894 0.0481597 
0.711538 0.00475956 0.157428 0.07157 0.00235733 0.00183798 0.0505084 
0.721591 0.00445994 0.154007 0.0646629 0.00215038 0.00173562 0.0513924 
0.707722 0.00409388 0.179962 0.0554817 0.00158712 0.00189098 0.0492627 
0.692618 0.00457866 0.170859 0.0879553 0.00248321 0.00181821 0.0396872 
0.647068 0.00411655 0.195624 0.0766095 0.00281414 0.00181447 0.0719531 
0.668299 0.00428884 0.197483 0.064897 0.00205874 0.0018125 0.0611609 
0.66044 0.00424285 0.196683 0.055379 0.00199781 0.00221914 0.079038 
0.690139 0.00465148 0.168083 0.0670512 0.00227301 0.00242077 0.0653809 
0.695103 0.00442084 0.16889 0.0511437 0.00206179 0.00188866 0.0764915 
0.607364 0.00491674 0.225103 0.0653736 0.00176918 0.00232632 0.0931465 
0.603508 0.0052638 0.209867 0.0799079 0.0022807 0.00279838 0.0963745 
0.611474 0.00600316 0.188982 0.104504 0.00287531 0.00330374 0.082858 
0.566579 0.00760598 0.199011 0.147031 0.00388918 0.00450363 0.0713813 
0.574869 0.00679209 0.220198 0.122191 0.00326891 0.00378947 0.0688913 
0.580085 0.00628021 0.224188 0.109058 0.00317372 0.00340488 0.0738105 
0.63543 0.00555824 0.17728 0.103356 0.0035812 0.0026842 0.07211 
0.653776 0.00615463 0.146465 0.140754 0.0035214 0.00321062 0.046118 
0.616476 0.00563817 0.157984 0.16814 0.0039198 0.0026955 0.0451466 
0.60473 0.00641838 0.181804 0.145794 0.00396476 0.0036768 0.0536119 
0.645113 0.00528972 0.180426 0.086838 0.00312545 0.00252984 0.0766783 
0.661496 0.00502285 0.171219 0.0942252 0.00350317 0.00285127 0.0616833 
0.644964 0.00612019 0.174501 0.120575 0.00396422 0.00320072 0.0466746 
0.719692 0.00497375 0.158488 0.0722074 0.00200177 0.00166441 0.0409727 
0.692158 0.00531474 0.154884 0.0832618 0.00240797 0.00185502 0.0601185 
0.684077 0.00481137 0.154834 0.0944706 0.00324963 0.00202347 0.0565343 
0.738054 0.00441917 0.142303 0.0592477 0.00210307 0.00137346 0.0524994 
0.720046 0.00483597 0.150788 0.0808066 0.00236356 0.00142786 0.039732 
0.669784 0.00623926 0.149144 0.141129 0.00279766 0.00218804 0.0287179 
0.662134 0.00562488 0.170721 0.116962 0.0031743 0.00239564 0.0389889 
0.670085 0.00502645 0.173287 0.0884004 0.00288657 0.00211598 0.0581984 
0.694219 0.0043856 0.165802 0.0838117 0.0030058 0.00197393 0.0468022 
0.618132 0.0047665 0.175523 0.129701 0.00408292 0.0025953 0.0651986 
0.660005 0.00584965 0.158832 0.107102 0.00311453 0.00254777 0.0625479 
0.738443 0.00478572 0.152887 0.0655311 0.00205513 0.00123502 0.0350623 
0.642086 0.0063872 0.169871 0.126794 0.00390083 0.00317075 0.0477911 
0.787417 0.00520247 0.121738 0.0178925 0.00277008 0.00177363 0.0632067 
0.79524 0.00537148 0.12058 0.0119498 0.00337283 0.00182759 0.0616585 
0.668422 0.00619842 0.160923 0.121845 0.0032056 0.00220082 0.0372057 
0.737183 0.00496859 0.119411 0.100898 0.00317397 0.00102127 0.0333445 
0.677583 0.0058164 0.1559 0.0989836 0.00289587 0.00219524 0.0566261 
0.709525 0.00539031 0.15529 0.0815652 0.00232941 0.0017323 0.0441684 
0.724776 0.00497672 0.150941 0.0747959 0.00231532 0.00149072 0.0407047 
0.700805 0.00498131 0.167241 0.071911 0.00234439 0.00184943 0.0508687 
0.686203 0.00554304 0.164911 0.103138 0.00271753 0.00211323 0.0353741 
0.636883 0.00630553 0.202614 0.0959954 0.00250927 0.0026481 0.0530443 
0.679014 0.00546854 0.164501 0.0964968 0.00288352 0.00187502 0.0497608 
0.613264 0.00619285 0.151026 0.168416 0.00406884 0.00254213 0.0544905 
0.58628 0.00746993 0.182502 0.144372 0.003725 0.00342587 0.072226 
0.669472 0.00616277 0.169619 0.094236 0.0026022 0.00213775 0.0557703 
0.636022 0.00585279 0.191366 0.0833316 0.00226429 0.00242768 0.0787352 
0.624136 0.00767358 0.167181 0.151742 0.00388827 0.00324928 0.0421302 
0.659484 0.00627012 0.187891 0.0917732 0.00249954 0.00293424 0.0491476 
0.680777 0.00438872 0.208636 0.0680575 0.00191589 0.00185247 0.0343732 
0.683034 0.00512411 0.192392 0.0789568 0.00193597 0.00213617 0.0364205 
0.657164 0.00353133 0.218265 0.0500108 0.00170211 0.00160624 0.0677199 
0.653589 0.00376436 0.202795 0.0545425 0.0019273 0.00169238 0.0816896 
0.647326 0.00506667 0.203893 0.0968437 0.00279826 0.00229148 0.041781 
0.673342 0.00453005 0.193878 0.070552 0.00215024 0.00214982 0.0533979 
0.686152 0.00465642 0.183043 0.0611304 0.00174033 0.0018271 0.0614509 
0.642209 0.00462931 0.224365 0.0627577 0.00184233 0.00211163 0.0620845 
0.531968 0.00830748 0.242471 0.12509 0.00471479 0.00515702 0.0822921 
0.553167 0.00807504 0.226913 0.134867 0.00469444 0.00486663 0.0674169 
0.559199 0.00695781 0.210926 0.143009 0.00471467 0.00395755 0.0712357 
0.595378 0.00622961 0.221191 0.112154 0.0039881 0.003643 0.057416 
0.666066 0.00402055 0.1987 0.0578743 0.00210212 0.00176637 0.0694703 
0.622685 0.00529062 0.198178 0.10424 0.003666 0.00272211 0.0632176 
0.519259 0.00833306 0.205501 0.177477 0.0055134 0.00524726 0.078669 
0.570483 0.00669122 0.175901 0.147157 0.0047842 0.00341384 0.0915699 
0.563951 0.00803211 0.190777 0.165123 0.0048461 0.00441404 0.0628562 
0.611314 0.00664397 0.195742 0.120811 0.00363594 0.00350514 0.0583474 
0.545521 0.00823078 0.220515 0.169953 0.0050679 0.0046054 0.046107 
0.520699 0.00789465 0.191 0.216456 0.00486894 0.00421882 0.0548627 
0.549053 0.00860002 0.216964 0.161202 0.00440225 0.00474461 0.0550342 
0.589224 0.00777158 0.197574 0.128929 0.00347122 0.00387865 0.0691523 
0.597446 0.00784057 0.194295 0.125461 0.00372952 0.00371729 0.0675114 
0.565227 0.00915071 0.191338 0.169479 0.00463931 0.0045717 0.0555943 
0.514114 0.00724104 0.17488 0.251525 0.00574302 0.00392177 0.042575 
0.535708 0.00714412 0.158851 0.248069 0.00494231 0.00345043 0.0418352 
0.638255 0.00641981 0.157233 0.149289 0.00362854 0.00279264 0.0423818 
0.548444 0.00722797 0.20635 0.170709 0.00501239 0.00464461 0.0576122 
0.591454 0.0064871 0.17585 0.173993 0.00415367 0.00362756 0.0444349 
0.608885 0.0068461 0.178956 0.150494 0.00418267 0.00414508 0.0464918 
0.657897 0.00486758 0.165845 0.122849 0.00352224 0.00202758 0.0429913 
0.558836 0.00662665 0.184813 0.174247 0.00568599 0.00437916 0.0654115 
0.616626 0.005568 0.169818 0.162409 0.00433461 0.00267305 0.0385714 
0.656585 0.00654532 0.179144 0.094063 0.00274363 0.00304164 0.0578774 
0.594104 0.00592308 0.19393 0.146251 0.00447515 0.00355143 0.051766 
0.612901 0.00535065 0.170749 0.168382 0.00433453 0.00255652 0.0357262 
0.596593 0.00500061 0.138138 0.225618 0.00448264 0.00194086 0.0282267 
0.724178 0.00511511 0.136707 0.0966063 0.00413932 9.26822E-4 0.0323269 
0.690527 0.0057146 0.132583 0.148879 0.00312178 0.00156749 0.0176058 
0.686067 0.00521522 0.130761 0.145332 0.00421235 0.00214187 0.0262709 
0.654404 0.0043476 0.124201 0.186229 0.00402504 0.00124163 0.0255507 
0.692057 0.00504761 0.168791 0.0814305 0.002608 0.00184706 0.0482185 
0.673359 0.00592557 0.162709 0.107202 0.00250405 0.00210204 0.0461983 
0.598878 0.00747586 0.210905 0.118177 0.00322827 0.00350762 0.0578282 
0.633236 0.00570335 0.213219 0.0692962 0.00186521 0.0023346 0.0743465 
0.62905 0.00602195 0.202184 0.0825852 0.00221041 0.00282756 0.0751205 
0.542882 0.00780771 0.215498 0.117679 0.00382554 0.00467104 0.107636 
0.607071 0.00650196 0.198395 0.0914146 0.00267329 0.00326672 0.0906777 
0.638448 0.00582687 0.184147 0.0739639 0.00221107 0.00271882 0.0926837 
0.630189 0.0059595 0.183071 0.0847666 0.00259868 0.00241101 0.0910033 
0.681538 0.00531929 0.178273 0.0549346 0.00155346 0.00202847 0.0763539 
0.685052 0.00596541 0.156165 0.0922848 0.00251547 0.00209483 0.055923 
0.653145 0.00576088 0.167332 0.0818681 0.002372 0.00249952 0.0870228 
0.676901 0.00619984 0.152434 0.115895 0.00325743 0.0023982 0.0429144 
0.684062 0.00535906 0.166129 0.0960954 0.00277813 0.0018526 0.0437241 
0.675802 0.00466275 0.163081 0.107833 0.00310894 0.00180444 0.0437084 
0.693906 0.00431902 0.167337 0.0799885 0.00297786 0.00206117 0.04941 
0.618563 0.00641277 0.177571 0.123459 0.00393981 0.00463323 0.0654221 
0.658888 0.00407668 0.200172 0.0563459 0.00236903 0.00264722 0.0755014 
0.652615 0.00493707 0.166828 0.102188 0.0038021 0.00285885 0.0667713 
0.494502 0.00869913 0.223173 0.172963 0.00721666 0.00685355 0.0865921 
0.617974 0.00608761 0.19803 0.12473 0.00405646 0.00306869 0.0460527 
0.424199 0.00998847 0.201478 0.285339 0.00751229 0.00625315 0.0652301 
0.397525 0.0113843 0.208635 0.320753 0.00683687 0.00662286 0.0482432 
0.50628 0.0080426 0.235006 0.128305 0.00490057 0.00546121 0.112005 
0.532494 0.00662148 0.199076 0.167117 0.0053601 0.00403899 0.085293 
0.547446 0.00786241 0.183136 0.187485 0.00570647 0.00393612 0.0644281 
0.556441 0.00758238 0.20867 0.170695 0.00531069 0.00365132 0.0476499 
0.56225 0.0075121 0.183109 0.175708 0.00543995 0.00386732 0.0621138 
0.44508 0.00623053 0.116414 0.390054 0.00447055 0.00224764 0.0355028 
0.399998 0.00783903 0.140541 0.415355 0.00414412 0.00291316 0.0292093 
0.450118 0.0101014 0.213293 0.264927 0.00690803 0.0064479 0.048204 
0.485227 0.0109514 0.218256 0.223584 0.00617505 0.00648293 0.0493231 
0.444628 0.0115817 0.247364 0.196782 0.00699458 0.00869274 0.0839576 
0.480953 0.0103316 0.199984 0.225914 0.00621941 0.00614162 0.0704568 
0.291481 0.00661902 0.124332 0.539596 0.00378104 0.0029431 0.0312469 
0.417524 0.0116624 0.216145 0.286178 0.00758621 0.0058857 0.0550189 
0.520382 0.00836634 0.185152 0.243169 0.00408057 0.00332498 0.0355253 
0.514472 0.00877314 0.212565 0.201113 0.00496367 0.00443702 0.0536766 
0.473717 0.00951753 0.257669 0.176892 0.00530099 0.00558491 0.0713179 
0.600127 0.00601277 0.245661 0.0844658 0.0025416 0.00247956 0.0587123 
0.524765 0.0101801 0.229352 0.162945 0.00549748 0.00620549 0.0610551 
0.532388 0.0068204 0.23496 0.106895 0.00400331 0.00419869 0.110735 
0.592651 0.00649818 0.171583 0.176039 0.0041979 0.00343264 0.0455985 
0.595625 0.00783802 0.179265 0.183626 0.00413659 0.00325045 0.0262588 
0.663844 0.00545569 0.162579 0.134657 0.00370529 0.00192903 0.0278295 
0.608206 0.00686654 0.197458 0.133475 0.00329866 0.00297299 0.0477231 
0.60722 0.00617287 0.182112 0.142213 0.00373278 0.00340545 0.0551434 
0.563687 0.00643138 0.14918 0.243302 0.00432877 0.00254211 0.0305284 
0.566014 0.00811085 0.231064 0.140354 0.00386173 0.00395135 0.0466443 
0.546253 0.00852538 0.190958 0.196679 0.00484177 0.00399014 0.0487532 
0.617469 0.00688411 0.236725 0.0903393 0.00275755 0.00267484 0.0431502 
0.574764 0.00742221 0.242277 0.0832213 0.00246591 0.00272619 0.0871237 
0.654884 0.00620822 0.198945 0.086476 0.00245484 0.0019537 0.0490788 
0.740029 0.00432522 0.162551 0.0355228 0.00164415 0.00100464 0.054923 
0.755416 0.00490228 0.143084 0.0569918 0.00164373 0.0014545 0.0365084 
0.730328 0.00565333 0.124272 0.0957691 0.00242088 0.00152335 0.040033 
0.683701 0.00535805 0.121586 0.142136 0.00291716 0.00147429 0.0428282 
0.631145 0.00529936 0.124171 0.207632 0.00329287 0.00152033 0.0269401 
0.529627 0.00826653 0.188151 0.231222 0.00460274 0.00388371 0.0342463 
0.642276 0.00628484 0.133142 0.182178 0.00361308 0.00183977 0.030666 
0.630354 0.00637586 0.170865 0.12091 0.00340038 0.00276525 0.065329 
0.596416 0.00984934 0.186397 0.15673 0.00454182 0.0045045 0.0415619 
0.439966 0.0160965 0.21498 0.24454 0.0090574 0.0104355 0.0649255 
0.597453 0.0102131 0.189936 0.142451 0.00455978 0.00542531 0.0499621 
0.551836 0.0100249 0.199233 0.144258 0.00479736 0.00517467 0.0846767 
0.586697 0.00927488 0.203727 0.125143 0.00359661 0.0044308 0.0671308 
0.549519 0.00945702 0.252904 0.118193 0.00414068 0.00479915 0.0609872 
0.507562 0.0123305 0.256649 0.160645 0.00612175 0.00651322 0.0501778 
0.614467 0.00782516 0.215391 0.118024 0.00362026 0.00335896 0.0373146 
0.598208 0.00822538 0.223886 0.121212 0.00375853 0.00399422 0.0407156 
0.638247 0.00675403 0.17728 0.139348 0.00358174 0.00239124 0.0323982 
0.629563 0.00724696 0.205629 0.11939 0.00352498 0.00297207 0.0316737 
0.642494 0.00771996 0.181168 0.125702 0.00400323 0.002949 0.0359649 
0.664706 0.00681908 0.189285 0.0850913 0.0027466 0.00234106 0.0490101 
0.717834 0.00521607 0.181147 0.0588609 0.00178504 0.00125155 0.0339055 
0.714576 0.00535899 0.172847 0.066339 0.00214072 0.00144443 0.0372939 
0.681812 0.00638081 0.178166 0.0675756 0.00196579 0.00175936 0.0623404 
0.686243 0.00713978 0.155074 0.0979217 0.00290723 0.00215968 0.0485545 
0.596651 0.00889164 0.215772 0.121652 0.00385048 0.00374052 0.0494425 
0.555617 0.00984318 0.208004 0.165255 0.00584126 0.00484418 0.0505952 
0.564971 0.00875276 0.23695 0.123269 0.00455467 0.0042333 0.0572697 
0.535604 0.00905384 0.231291 0.136542 0.00462873 0.00476065 0.07812 
0.569667 0.00841549 0.236841 0.115763 0.00386731 0.00437971 0.0610663 
0.578381 0.00958421 0.210255 0.142061 0.00431164 0.00426064 0.0511471 
0.650553 0.00598991 0.175228 0.0722066 0.0018244 0.00176098 0.0924367 
0.662308 0.00520728 0.171121 0.0543395 0.00152364 0.00127051 0.10423 
0.571143 0.0082885 0.205829 0.122455 0.00390395 0.00405945 0.0843207 
0.620535 0.00745529 0.184781 0.1264 0.00340651 0.0031593 0.0542633 
0.715371 0.00471767 0.165245 0.0593731 0.00180486 0.00131074 0.0521777 
0.66325 0.00661972 0.169066 0.102657 0.00264808 0.00217743 0.0535823 
0.632786 0.00641395 0.201027 0.0955865 0.00273055 0.00262528 0.058831 
0.63663 0.00691438 0.194746 0.12493 0.00322941 0.00278791 0.0307617 
0.630659 0.0066996 0.179624 0.134183 0.00386027 0.00286541 0.0421088 
0.578594 0.00798813 0.21383 0.125701 0.0040922 0.00342938 0.0663654 
0.584826 0.00727734 0.218343 0.105982 0.00350848 0.00352789 0.0765352 
0.636945 0.00692326 0.181888 0.0955247 0.00294385 0.00239761 0.0733774 
0.67363 0.00704422 0.158958 0.0956111 0.0030734 0.00199479 0.0596893 
0.703503 0.00556435 0.160329 0.0679673 0.00251695 0.00139302 0.0587263 
0.68351 0.00565038 0.161448 0.084468 0.00307482 0.00184625 0.0600028 
0.704633 0.00513523 0.164836 0.0834548 0.00342787 0.00141487 0.0370977 
0.719564 0.00499973 0.174036 0.0706326 0.00267559 0.00109394 0.0269983 
0.712002 0.00430484 0.190389 0.0396986 0.00172307 0.0010284 0.0508543 
0.744731 0.00523028 0.148671 0.06431 0.00265693 0.00100952 0.0333911 
0.75752 0.00597291 0.14311 0.053878 0.00232166 8.5806E-4 0.0363392 
0.707774 0.00610797 0.162539 0.065032 0.00231777 0.00129046 0.0549385 
0.69532 0.00565075 0.182709 0.0661966 0.00195533 0.00116486 0.0470036 
0.670294 0.00515003 0.21517 0.0557633 0.00159194 0.00117339 0.050858 
0.689434 0.00483249 0.187736 0.0694677 0.00227419 0.00138696 0.044868 
0.654756 0.00562079 0.180235 0.0887545 0.0029957 0.00153164 0.0661059 
0.700808 0.00476188 0.176359 0.0752775 0.00216564 0.00125973 0.0393685 
0.650034 0.00582891 0.179044 0.0977808 0.00287801 0.00193237 0.0625022 
0.671268 0.00493253 0.179787 0.0780914 0.00326676 0.00148236 0.0611718 
0.721026 0.004539 0.144818 0.0881655 0.00333284 9.3661E-4 0.0371821 
0.663576 0.00545093 0.1958 0.0800937 0.00286712 0.00159568 0.0506168 
0.644899 0.00636937 0.196483 0.0837209 0.00259589 0.00222928 0.0637025 
0.681272 0.00517417 0.193389 0.0702618 0.002075 0.00161614 0.0462122 
0.655873 0.0070391 0.171103 0.124207 0.00332617 0.0023403 0.0361116 
0.511392 0.00760579 0.175893 0.259257 0.00618891 0.00368176 0.0359825 
0.566922 0.00609414 0.14598 0.243587 0.00536248 0.00217005 0.0298847 
0.622305 0.00619306 0.152469 0.174657 0.00557075 0.00227899 0.036526 
0.568547 0.00518811 0.127465 0.259257 0.00510725 0.00175928 0.0326764 
0.654225 0.00512208 0.150451 0.148673 0.00464975 0.00161281 0.0352666 
0.659317 0.00508701 0.149401 0.144636 0.00411068 0.00146282 0.0359857 
0.605034 0.00560877 0.160835 0.18573 0.00412323 0.00191739 0.0367514 
0.652099 0.00541995 0.16035 0.144495 0.00362837 0.00152936 0.0324782 
0.635969 0.00531133 0.159167 0.165136 0.00344028 0.00138793 0.0295886 
0.662067 0.00506573 0.137002 0.160909 0.00368626 0.00104122 0.0302286 
0.633566 0.00593368 0.154988 0.162456 0.00418966 0.00212208 0.0367442 
0.649923 0.00700567 0.139547 0.145966 0.00322131 0.00234886 0.0519878 
0.656183 0.00733874 0.160956 0.112956 0.00282369 0.00268044 0.0570624 
0.594225 0.00755563 0.196438 0.134113 0.00389251 0.00372377 0.0600521 
0.612462 0.00744857 0.184692 0.129769 0.00314517 0.00326333 0.0592199 
0.520094 0.00972239 0.198305 0.181585 0.0054979 0.00543156 0.0793635 
0.588437 0.00820944 0.182033 0.131775 0.00343375 0.00327351 0.0828376 
0.614265 0.0082577 0.197543 0.130057 0.00333355 0.00315638 0.0433869 
0.555064 0.0103525 0.197197 0.159643 0.00431444 0.00427398 0.069155 
0.59542 0.00819318 0.179217 0.153795 0.0037155 0.00312765 0.0565328 
0.579103 0.00902745 0.181108 0.163242 0.00434996 0.00396467 0.0592049 
0.665337 0.00623154 0.151805 0.132939 0.00338385 0.00192557 0.0383777 
0.696279 0.00572852 0.148219 0.0853467 0.00239667 0.00155585 0.0604735 
0.628612 0.00627411 0.173054 0.107088 0.00294202 0.00242056 0.0796085 
0.645716 0.0061965 0.168885 0.0955163 0.00251128 0.00216084 0.0790143 
0.709811 0.00496269 0.164535 0.0573675 0.00161313 0.00143678 0.0602739 
0.682576 0.0054936 0.180627 0.070964 0.00214359 0.001523 0.0566732 
0.655653 0.00615333 0.191927 0.0926629 0.00276705 0.00222357 0.0486123 
0.577044 0.00962701 0.221141 0.147022 0.00524801 0.00459613 0.0353213 
0.67319 0.00612149 0.164133 0.114268 0.00337932 0.00224873 0.036659 
0.690273 0.00612421 0.14712 0.119774 0.00295842 0.0018556 0.0318952 
0.700335 0.00622782 0.149577 0.0941728 0.00294778 0.00186479 0.0448748 
0.679093 0.0066739 0.165801 0.102099 0.0027905 0.0023427 0.0412006 
0.711034 0.00604068 0.149772 0.0815813 0.00217859 0.00175557 0.0476379 
0.692682 0.00561663 0.158553 0.0871747 0.00257899 0.00163624 0.051758 
0.611705 0.00807806 0.176995 0.134458 0.0038034 0.00322762 0.0617334 
0.646993 0.00680721 0.183412 0.111961 0.00340872 0.00255034 0.0448678 
0.625197 0.00642784 0.213696 0.0949456 0.00300521 0.00237272 0.0543556 
0.651324 0.0062445 0.191773 0.0848019 0.00233989 0.00202689 0.0614902 
0.622249 0.00637323 0.205727 0.0827009 0.0024205 0.00234135 0.0781878 
0.516075 0.0116874 0.2507 0.155521 0.00605369 0.00634446 0.0536181 
0.633612 0.00704037 0.181021 0.125176 0.00366091 0.00252733 0.0469617 
0.631863 0.00655087 0.197805 0.119025 0.00373388 0.00260828 0.0384141 
0.668734 0.00636269 0.16221 0.0986755 0.00326095 0.00166117 0.0590957 
0.702635 0.00542497 0.188182 0.0600194 0.00180462 0.00120535 0.0407282 
0.668099 0.00557878 0.200167 0.077332 0.0021976 0.00175269 0.0448723 
0.682786 0.00562036 0.188405 0.0786493 0.00232121 0.0013234 0.0408953 
0.595304 0.00895572 0.182874 0.140401 0.00370581 0.00254125 0.0662179 
0.622828 0.00847133 0.175604 0.134058 0.00308264 0.00229856 0.0536574 
0.636926 0.00718744 0.183463 0.119606 0.00306257 0.00261004 0.0471453 
0.597406 0.00836351 0.19328 0.147807 0.00368965 0.00313533 0.0463186 
0.548027 0.00855675 0.180348 0.217745 0.00438198 0.00349009 0.0374511 
0.597427 0.00728 0.161846 0.195651 0.00317149 0.00226228 0.0323627 
0.502961 0.0118247 0.213586 0.227737 0.00555758 0.00521728 0.0331162 
0.53522 0.0113014 0.204785 0.206263 0.00477506 0.0045614 0.0330942 
0.599708 0.00819734 0.160277 0.200473 0.00302101 0.00233157 0.0259912 
0.638279 0.00818004 0.17172 0.142748 0.00311005 0.00295758 0.0330045 
0.534122 0.00868331 0.163951 0.245348 0.00483994 0.00366869 0.0393879 
0.603464 0.00914855 0.172311 0.168827 0.0048678 0.00402874 0.0373534 
0.618361 0.00916582 0.185648 0.119722 0.00352756 0.003842 0.0597338 
0.602385 0.00874137 0.202114 0.110762 0.00374864 0.00389558 0.0683532 
0.605834 0.00803353 0.185757 0.150204 0.00422578 0.00306113 0.0428852 
0.594866 0.00901467 0.166694 0.17211 0.00361206 0.00264805 0.0510544 
0.675723 0.00668597 0.167449 0.0915229 0.00266913 0.00160121 0.0543485 
0.643996 0.00763395 0.162758 0.129967 0.00313445 0.00205827 0.0504533 
0.616207 0.00872269 0.193708 0.132861 0.00358309 0.00274832 0.04217 
0.646763 0.00744103 0.187433 0.114279 0.00300919 0.00241744 0.0386571 
0.677267 0.00627275 0.173525 0.0929024 0.00291267 0.00170138 0.0454188 
0.60174 0.00895364 0.207503 0.124509 0.00383557 0.00334631 0.0501119 
0.514027 0.0092676 0.181872 0.238134 0.00640457 0.00413743 0.0461578 
0.666438 0.00625366 0.168315 0.112359 0.00339576 0.00184913 0.0413889 
0.651284 0.00527917 0.179162 0.0565807 0.00178894 0.00145931 0.104446 
0.684143 0.00554029 0.184908 0.0604479 0.0018032 0.00149234 0.0616657 
0.671928 0.0057729 0.206335 0.059378 0.00162719 0.00110325 0.0538554 
0.689498 0.00573031 0.185761 0.0724655 0.00225539 0.00128632 0.0430033 
0.692125 0.00571543 0.187354 0.0726687 0.00235133 0.00136757 0.0384184 
0.696754 0.00561697 0.181489 0.0629964 0.00214907 0.00112431 0.0498704 
0.674325 0.00566572 0.185459 0.0665534 0.00201213 0.00153717 0.0644482 
0.645011 0.00652977 0.206592 0.0818299 0.00240943 0.00208417 0.0555439 
0.633801 0.00789325 0.186443 0.115502 0.00300817 0.00263869 0.0507141 
0.672412 0.0067035 0.159753 0.0994989 0.00289837 0.00214556 0.0565888 
0.673358 0.00736645 0.164024 0.0936948 0.00263487 0.00240817 0.0565136 
0.576841 0.00928609 0.229905 0.123638 0.00418074 0.00390997 0.0522388 
0.615818 0.00728979 0.207642 0.0960374 0.00303653 0.00257202 0.0676046 
0.650535 0.00572006 0.210174 0.0726957 0.00214696 0.0017747 0.0569539 
0.622058 0.00607844 0.223444 0.0737465 0.00234955 0.00194999 0.0703736 
0.667707 0.00584364 0.178926 0.0701248 0.00278592 0.00128308 0.0733295 
0.663047 0.00554953 0.182708 0.0939902 0.00326578 0.00136739 0.0500722 
0.63901 0.00643923 0.195841 0.108676 0.00361076 0.00177609 0.044647 
0.640469 0.00525812 0.194152 0.0901105 0.00309249 0.00145452 0.0654638 
0.636287 0.00600003 0.19535 0.103433 0.00328768 0.00220944 0.0534331 
0.662539 0.00509186 0.194735 0.0744694 0.00244546 0.00157335 0.0591461 
0.652526 0.00641733 0.167752 0.111416 0.0032683 0.00223433 0.0563868 
0.685301 0.00620956 0.164333 0.0967448 0.00280376 0.00161342 0.042994 
0.660414 0.00568378 0.168781 0.114231 0.00346218 0.00155985 0.0458691 
0.702536 0.00513874 0.153691 0.0873897 0.00327089 0.00125529 0.046719 
0.609739 0.00695666 0.175478 0.168377 0.00422066 0.0025143 0.0327139 
0.621292 0.00736664 0.16622 0.164023 0.00391561 0.00267645 0.0345055 
0.694633 0.00609209 0.159408 0.0944224 0.00253842 0.0015814 0.0413247 
0.711484 0.0056947 0.167122 0.0815493 0.00207669 0.00136984 0.0307033 
0.648326 0.00672899 0.156317 0.135772 0.00357465 0.00224598 0.0470357 
0.735555 0.00489217 0.150721 0.0625693 0.00216011 9.09285E-4 0.0431933 
0.690824 0.00526497 0.178181 0.0763271 0.0026815 0.0012452 0.0454758 
0.627088 0.00590286 0.164033 0.138613 0.00481609 0.00220443 0.0573426 
0.64603 0.00617772 0.16618 0.124412 0.00442253 0.00214709 0.0506307 
0.642384 0.00620338 0.176406 0.121266 0.00454719 0.00217333 0.0470195 
0.623722 0.00631973 0.155724 0.160387 0.00455234 0.00227423 0.047021 
0.698687 0.00557497 0.154671 0.0927143 0.00326477 0.00131562 0.0437718 
0.558971 0.00771855 0.180534 0.205696 0.0052735 0.00296189 0.0388448 
0.620974 0.00625446 0.172711 0.147152 0.00440571 0.00216097 0.0463421 
0.699571 0.00597285 0.135766 0.108806 0.00382736 0.00137103 0.0446862 
0.705466 0.00481578 0.148122 0.104514 0.00361968 0.00106885 0.0323939 
0.693759 0.00467094 0.13983 0.121924 0.00417993 0.00101095 0.0346249 
0.701253 0.00473027 0.145697 0.105802 0.00411351 0.00101776 0.0373873 
0.711394 0.00445148 0.171142 0.0618153 0.0029919 9.75029E-4 0.0472297 
0.718741 0.0044533 0.165971 0.0697172 0.00365916 7.87717E-4 0.0366707 
0.689336 0.00539707 0.180108 0.0857371 0.0027511 0.00140243 0.0352676 
0.682664 0.00456577 0.165473 0.100419 0.0037054 0.00120433 0.0419678 
0.70331 0.00469033 0.162143 0.082929 0.00318122 0.00111274 0.0426335 
0.638823 0.00603166 0.171057 0.120708 0.00382118 0.00209135 0.0574683 
0.714747 0.00420597 0.175627 0.0553819 0.00224385 9.26795E-4 0.0468676 
0.681699 0.00536848 0.162355 0.108788 0.0033978 0.00154936 0.0368429 
0.707327 0.0043341 0.150281 0.0903767 0.00337257 0.00121282 0.0430951 
0.650735 0.00544134 0.159873 0.147224 0.00375603 0.00141715 0.0315544 
0.692771 0.00536356 0.158826 0.092155 0.00344647 0.00131418 0.0461242 
0.705201 0.0055544 0.168088 0.0736477 0.0025428 0.00118327 0.043782 
0.676744 0.00618196 0.154511 0.109476 0.00319666 0.00138751 0.0485035 
0.682725 0.00577112 0.15395 0.101934 0.00338193 0.00129345 0.0509448 
0.694493 0.00530669 0.173526 0.0817319 0.0027841 0.00129342 0.0408649 
0.720201 0.00564569 0.149637 0.0789045 0.0032905 0.00105877 0.0412634 
0.647045 0.00486932 0.176067 0.0952945 0.00372964 0.00160824 0.0713861 
0.647453 0.00510784 0.16588 0.121177 0.00441281 0.00171361 0.0542552 
0.692505 0.00587868 0.156087 0.0900582 0.00316232 0.00148309 0.0508256 
