0.612901 0.00535065 0.170749 0.168382 0.00433453 0.00255652 0.0357262 
0.596593 0.00500061 0.138138 0.225618 0.00448264 0.00194086 0.0282267 
0.724178 0.00511511 0.136707 0.0966063 0.00413932 9.26822E-4 0.0323269 
0.690527 0.0057146 0.132583 0.148879 0.00312178 0.00156749 0.0176058 
0.686067 0.00521522 0.130761 0.145332 0.00421235 0.00214187 0.0262709 
0.654404 0.0043476 0.124201 0.186229 0.00402504 0.00124163 0.0255507 
0.692057 0.00504761 0.168791 0.0814305 0.002608 0.00184706 0.0482185 
0.673359 0.00592557 0.162709 0.107202 0.00250405 0.00210204 0.0461983 
0.598878 0.00747586 0.210905 0.118177 0.00322827 0.00350762 0.0578282 
0.633236 0.00570335 0.213219 0.0692962 0.00186521 0.0023346 0.0743465 
0.62905 0.00602195 0.202184 0.0825852 0.00221041 0.00282756 0.0751205 
0.542882 0.00780771 0.215498 0.117679 0.00382554 0.00467104 0.107636 
0.607071 0.00650196 0.198395 0.0914146 0.00267329 0.00326672 0.0906777 
0.638448 0.00582687 0.184147 0.0739639 0.00221107 0.00271882 0.0926837 
0.630189 0.0059595 0.183071 0.0847666 0.00259868 0.00241101 0.0910033 
0.681538 0.00531929 0.178273 0.0549346 0.00155346 0.00202847 0.0763539 
0.685052 0.00596541 0.156165 0.0922848 0.00251547 0.00209483 0.055923 
0.653145 0.00576088 0.167332 0.0818681 0.002372 0.00249952 0.0870228 
0.676901 0.00619984 0.152434 0.115895 0.00325743 0.0023982 0.0429144 
0.684062 0.00535906 0.166129 0.0960954 0.00277813 0.0018526 0.0437241 
0.675802 0.00466275 0.163081 0.107833 0.00310894 0.00180444 0.0437084 
0.693906 0.00431902 0.167337 0.0799885 0.00297786 0.00206117 0.04941 
0.618563 0.00641277 0.177571 0.123459 0.00393981 0.00463323 0.0654221 
0.658888 0.00407668 0.200172 0.0563459 0.00236903 0.00264722 0.0755014 
0.652615 0.00493707 0.166828 0.102188 0.0038021 0.00285885 0.0667713 
0.494502 0.00869913 0.223173 0.172963 0.00721666 0.00685355 0.0865921 
0.617974 0.00608761 0.19803 0.12473 0.00405646 0.00306869 0.0460527 
0.424199 0.00998847 0.201478 0.285339 0.00751229 0.00625315 0.0652301 
0.397525 0.0113843 0.208635 0.320753 0.00683687 0.00662286 0.0482432 
0.50628 0.0080426 0.235006 0.128305 0.00490057 0.00546121 0.112005 
0.532494 0.00662148 0.199076 0.167117 0.0053601 0.00403899 0.085293 
0.547446 0.00786241 0.183136 0.187485 0.00570647 0.00393612 0.0644281 
0.556441 0.00758238 0.20867 0.170695 0.00531069 0.00365132 0.0476499 
0.56225 0.0075121 0.183109 0.175708 0.00543995 0.00386732 0.0621138 
0.44508 0.00623053 0.116414 0.390054 0.00447055 0.00224764 0.0355028 
0.399998 0.00783903 0.140541 0.415355 0.00414412 0.00291316 0.0292093 
0.450118 0.0101014 0.213293 0.264927 0.00690803 0.0064479 0.048204 
0.485227 0.0109514 0.218256 0.223584 0.00617505 0.00648293 0.0493231 
0.444628 0.0115817 0.247364 0.196782 0.00699458 0.00869274 0.0839576 
0.480953 0.0103316 0.199984 0.225914 0.00621941 0.00614162 0.0704568 
0.291481 0.00661902 0.124332 0.539596 0.00378104 0.0029431 0.0312469 
0.417524 0.0116624 0.216145 0.286178 0.00758621 0.0058857 0.0550189 
0.520382 0.00836634 0.185152 0.243169 0.00408057 0.00332498 0.0355253 
0.514472 0.00877314 0.212565 0.201113 0.00496367 0.00443702 0.0536766 
0.473717 0.00951753 0.257669 0.176892 0.00530099 0.00558491 0.0713179 
0.600127 0.00601277 0.245661 0.0844658 0.0025416 0.00247956 0.0587123 
0.524765 0.0101801 0.229352 0.162945 0.00549748 0.00620549 0.0610551 
0.532388 0.0068204 0.23496 0.106895 0.00400331 0.00419869 0.110735 
0.592651 0.00649818 0.171583 0.176039 0.0041979 0.00343264 0.0455985 
0.595625 0.00783802 0.179265 0.183626 0.00413659 0.00325045 0.0262588 
0.663844 0.00545569 0.162579 0.134657 0.00370529 0.00192903 0.0278295 
0.608206 0.00686654 0.197458 0.133475 0.00329866 0.00297299 0.0477231 
0.60722 0.00617287 0.182112 0.142213 0.00373278 0.00340545 0.0551434 
0.563687 0.00643138 0.14918 0.243302 0.00432877 0.00254211 0.0305284 
0.566014 0.00811085 0.231064 0.140354 0.00386173 0.00395135 0.0466443 
0.546253 0.00852538 0.190958 0.196679 0.00484177 0.00399014 0.0487532 
0.617469 0.00688411 0.236725 0.0903393 0.00275755 0.00267484 0.0431502 
0.574764 0.00742221 0.242277 0.0832213 0.00246591 0.00272619 0.0871237 
0.654884 0.00620822 0.198945 0.086476 0.00245484 0.0019537 0.0490788 
0.740029 0.00432522 0.162551 0.0355228 0.00164415 0.00100464 0.054923 
0.755416 0.00490228 0.143084 0.0569918 0.00164373 0.0014545 0.0365084 
0.730328 0.00565333 0.124272 0.0957691 0.00242088 0.00152335 0.040033 
0.683701 0.00535805 0.121586 0.142136 0.00291716 0.00147429 0.0428282 
0.631145 0.00529936 0.124171 0.207632 0.00329287 0.00152033 0.0269401 
0.529627 0.00826653 0.188151 0.231222 0.00460274 0.00388371 0.0342463 
0.642276 0.00628484 0.133142 0.182178 0.00361308 0.00183977 0.030666 
0.630354 0.00637586 0.170865 0.12091 0.00340038 0.00276525 0.065329 
0.596416 0.00984934 0.186397 0.15673 0.00454182 0.0045045 0.0415619 
0.592561 0.0106393 0.19633 0.143073 0.003721 0.00407551 0.0496004 
0.603616 0.00778732 0.226063 0.105786 0.00266393 0.00300088 0.051083 
0.409348 0.0154102 0.281748 0.221591 0.00799057 0.00901731 0.0548945 
0.500915 0.0108081 0.203151 0.215217 0.00489072 0.00488866 0.0601303 
0.58721 0.00882655 0.200321 0.14539 0.00363827 0.00311088 0.0515037 
0.617674 0.00814794 0.20169 0.121283 0.00326179 0.00243963 0.0455043 
0.499128 0.0115847 0.259849 0.167003 0.00804421 0.00717195 0.0472179 
0.605323 0.00705019 0.202813 0.140528 0.00426173 0.00330741 0.036717 
0.657249 0.00550771 0.19915 0.0775663 0.00231448 0.00190895 0.056304 
0.689695 0.00508586 0.188284 0.0662096 0.00196615 0.00143805 0.0473215 
0.650099 0.00641089 0.202789 0.0848451 0.00266006 0.00201793 0.0511788 
0.548226 0.00979517 0.218901 0.153357 0.0048273 0.00474956 0.0601437 
0.527945 0.00955165 0.237282 0.154014 0.00506252 0.00476064 0.0613845 
0.502413 0.0121164 0.2563 0.156072 0.0055315 0.00565771 0.0619093 
0.496691 0.0122717 0.268005 0.15689 0.00616064 0.00622839 0.0537536 
0.532929 0.0107461 0.25272 0.136889 0.00496625 0.00516601 0.0565838 
0.458011 0.0127434 0.267182 0.192652 0.00670868 0.00638738 0.0563151 
0.592561 0.0106393 0.19633 0.143073 0.003721 0.00407551 0.0496004 
0.603616 0.00778732 0.226063 0.105786 0.00266393 0.00300088 0.051083 
0.409348 0.0154102 0.281748 0.221591 0.00799057 0.00901731 0.0548945 
0.500915 0.0108081 0.203151 0.215217 0.00489072 0.00488866 0.0601303 
0.58721 0.00882655 0.200321 0.14539 0.00363827 0.00311088 0.0515037 
0.617674 0.00814794 0.20169 0.121283 0.00326179 0.00243963 0.0455043 
0.499128 0.0115847 0.259849 0.167003 0.00804421 0.00717195 0.0472179 
0.605323 0.00705019 0.202813 0.140528 0.00426173 0.00330741 0.036717 
0.657249 0.00550771 0.19915 0.0775663 0.00231448 0.00190895 0.056304 
0.689695 0.00508586 0.188284 0.0662096 0.00196615 0.00143805 0.0473215 
0.650099 0.00641089 0.202789 0.0848451 0.00266006 0.00201793 0.0511788 
0.548226 0.00979517 0.218901 0.153357 0.0048273 0.00474956 0.0601437 
0.527945 0.00955165 0.237282 0.154014 0.00506252 0.00476064 0.0613845 
0.502413 0.0121164 0.2563 0.156072 0.0055315 0.00565771 0.0619093 
0.496691 0.0122717 0.268005 0.15689 0.00616064 0.00622839 0.0537536 
0.532929 0.0107461 0.25272 0.136889 0.00496625 0.00516601 0.0565838 
0.458011 0.0127434 0.267182 0.192652 0.00670868 0.00638738 0.0563151 
0.874098 0.00767997 0.0610585 0.0127399 0.00273923 0.00344603 0.0382387 
0.845498 0.006473 0.0705333 0.0138815 0.00251698 0.00301113 0.0580858 
0.842455 0.00723345 0.0705966 0.0117836 0.00311698 0.00253626 0.0622781 
0.858357 0.00739647 0.0658546 0.0131997 0.00335204 0.00339511 0.048445 
0.852934 0.00801388 0.0691788 0.0116038 0.00403271 0.00252628 0.0517108 
0.833661 0.0074073 0.0717696 0.022667 0.00403271 0.00288343 0.0575786 
0.82 0.00727157 0.0711487 0.0145561 0.00467827 0.00390983 0.0784352 
0.818565 0.00684425 0.0708976 0.016731 0.00554885 0.00444391 0.0769693 
0.809594 0.00720141 0.0759943 0.0158187 0.00506056 0.00371519 0.082616 
0.802394 0.00669452 0.0769404 0.0156703 0.00544068 0.00365674 0.0892033 
0.826995 0.00649455 0.0734728 0.0145967 0.00275025 0.00419147 0.0714988 
0.810529 0.00687482 0.0781372 0.0172463 0.00434102 0.00371481 0.0791573 
0.827132 0.00718519 0.0745559 0.0212269 0.00425347 0.00309244 0.0625538 
0.812016 0.00641806 0.0772343 0.0187257 0.0029193 0.00292351 0.0797632 
0.808138 0.00627075 0.0833928 0.015054 0.00248307 0.00284237 0.0818194 
0.806039 0.00662111 0.0792772 0.013419 0.00237421 0.00308598 0.0891836 
0.811301 0.00632517 0.0847886 0.0139487 0.00204914 0.00341887 0.0781682 
0.839571 0.00664504 0.07323 0.0214392 0.00285376 0.0025906 0.0536702 
0.794943 0.00634264 0.0856968 0.013198 0.00210577 0.00301705 0.0946967 
0.843125 0.00742612 0.0690258 0.0135336 0.00289283 0.00275629 0.0612404 
0.836979 0.00660925 0.0715689 0.013778 0.00279346 0.00301693 0.0652547 
0.850244 0.00660894 0.0737432 0.0112765 0.00220979 0.00336554 0.0525524 
0.839988 0.00704334 0.0828466 0.00940287 0.00202487 0.00290648 0.0557881 
0.83063 0.0068542 0.0825186 0.0117562 0.00214607 0.00312512 0.0629699 
0.815035 0.00727675 0.0770286 0.0120472 0.00270806 0.00344702 0.0824577 
0.787547 0.00683913 0.0783065 0.0123193 0.00249023 0.00357152 0.108926 
0.807302 0.00707106 0.0725136 0.0123339 0.00255125 0.00407474 0.094153 
0.815492 0.00672208 0.0811133 0.0146769 0.00256441 0.00303281 0.0763981 
0.839612 0.00774049 0.0695596 0.0131781 0.00326576 0.00371339 0.0629305 
0.84275 0.00662825 0.0717716 0.0126663 0.00197306 0.00301239 0.0611985 
0.813256 0.00635189 0.0808743 0.0111788 0.00181382 0.00347487 0.0830499 
0.84175 0.00682015 0.078785 0.0168439 0.00248138 0.00284508 0.0504743 
0.849294 0.0069707 0.0679213 0.0255131 0.0032707 0.00265132 0.0443791 
0.84902 0.00775165 0.065556 0.0211609 0.00316318 0.00276181 0.0505867 
0.849231 0.00681052 0.0694442 0.0195578 0.00297955 0.00346252 0.0485139 
0.592561 0.0106393 0.19633 0.143073 0.003721 0.00407551 0.0496004 
0.603616 0.00778732 0.226063 0.105786 0.00266393 0.00300088 0.051083 
0.409348 0.0154102 0.281748 0.221591 0.00799057 0.00901731 0.0548945 
0.500915 0.0108081 0.203151 0.215217 0.00489072 0.00488866 0.0601303 
0.58721 0.00882655 0.200321 0.14539 0.00363827 0.00311088 0.0515037 
0.617674 0.00814794 0.20169 0.121283 0.00326179 0.00243963 0.0455043 
0.499128 0.0115847 0.259849 0.167003 0.00804421 0.00717195 0.0472179 
0.605323 0.00705019 0.202813 0.140528 0.00426173 0.00330741 0.036717 
0.657249 0.00550771 0.19915 0.0775663 0.00231448 0.00190895 0.056304 
0.689695 0.00508586 0.188284 0.0662096 0.00196615 0.00143805 0.0473215 
0.650099 0.00641089 0.202789 0.0848451 0.00266006 0.00201793 0.0511788 
0.548226 0.00979517 0.218901 0.153357 0.0048273 0.00474956 0.0601437 
0.527945 0.00955165 0.237282 0.154014 0.00506252 0.00476064 0.0613845 
0.502413 0.0121164 0.2563 0.156072 0.0055315 0.00565771 0.0619093 
0.496691 0.0122717 0.268005 0.15689 0.00616064 0.00622839 0.0537536 
0.532929 0.0107461 0.25272 0.136889 0.00496625 0.00516601 0.0565838 
0.458011 0.0127434 0.267182 0.192652 0.00670868 0.00638738 0.0563151 
0.694429 0.00343883 0.163776 0.00357808 0.00194819 0.00199541 0.130835 
0.714204 0.0037598 0.152528 0.003771 0.0026086 0.0018919 0.121237 
0.694413 0.00362625 0.150491 0.00504499 0.00293537 0.00161767 0.141871 
0.688529 0.00366025 0.14698 0.00545231 0.00250643 0.0016096 0.151263 
0.744815 0.00377032 0.157775 0.00639273 0.00234147 0.00138354 0.0835219 
0.699846 0.0041443 0.169838 0.00287864 0.00200375 0.00165905 0.11963 
0.665334 0.00365672 0.175229 0.00324915 0.00200619 0.00147 0.149054 
0.713516 0.00364955 0.162068 0.00293881 0.0021658 0.00157965 0.114082 
0.699472 0.0032912 0.1663 0.00291893 0.00197481 0.00209799 0.123945 
0.658354 0.00350602 0.181408 0.0032613 0.00242408 0.00160873 0.149438 
0.662382 0.00310062 0.184314 0.00649681 0.00271288 0.00184123 0.139153 
0.631263 0.00303164 0.184069 0.00645242 0.00238177 0.00162537 0.171177 
0.669764 0.00336554 0.171706 0.00449325 0.00390486 0.00148913 0.145278 
0.679525 0.00345588 0.161943 0.00516053 0.00420296 0.00161752 0.144095 
0.644448 0.0031986 0.179688 0.00334839 0.00249229 0.00162351 0.165201 
0.682118 0.00324236 0.170394 0.00467301 0.0023658 0.00202507 0.135182 
0.657037 0.00324034 0.167798 0.00682477 0.00321562 0.00183528 0.160049 
0.73701 0.00390425 0.147465 0.0077804 0.00331725 0.00191611 0.098607 
0.717429 0.00360095 0.154664 0.00691763 0.00323574 0.0018546 0.112298 
0.664249 0.00321181 0.170568 0.00438315 0.00198765 0.00159945 0.154002 
0.650596 0.00287099 0.18368 0.00424582 0.00222441 0.00136406 0.155019 
0.591775 0.00322702 0.19486 0.00296183 0.00166849 0.00156285 0.203946 
0.550695 0.00381233 0.184276 0.00273869 0.00249071 0.00219479 0.253792 
0.574745 0.00329212 0.18871 0.00541056 0.00291603 0.00159692 0.22333 
0.601209 0.00354225 0.183341 0.00581789 0.00282655 0.00149252 0.201771 
0.687433 0.00343853 0.164411 0.00479717 0.00241705 0.00163413 0.135869 
0.708427 0.0031349 0.166261 0.00916189 0.00309506 0.00123724 0.108684 
0.668869 0.00316983 0.181708 0.00691405 0.00241418 0.0014356 0.13549 
0.679113 0.00330127 0.171514 0.00690043 0.00215258 0.00157093 0.135448 
0.645784 0.00343825 0.18502 0.00429129 0.0021415 0.00124757 0.158078 
0.612194 0.00346706 0.182914 0.00249849 0.00130382 0.00156138 0.196061 
0.667155 0.0032206 0.187518 0.00283536 0.00129998 0.0015922 0.136379 
0.697023 0.00398018 0.16635 0.00250467 0.00207338 0.00169829 0.12637 
0.728147 0.0033768 0.157356 0.00598785 0.00179509 0.0017374 0.101599 
0.727227 0.00340062 0.154851 0.00459583 0.00225389 0.00160645 0.106065 
0.713763 0.0032583 0.164861 0.00560587 0.00252045 0.00170103 0.10829 
0.677778 0.00332829 0.172473 0.00334826 0.00211735 0.00186333 0.139091 
0.666524 0.00359048 0.168065 0.00312859 0.00152746 0.00146022 0.155704 
0.712619 0.00346836 0.159967 0.00570293 0.001871 0.00163949 0.114732 
0.748307 0.00382275 0.151837 0.004137 0.0021512 0.00144792 0.0882977 
0.74563 0.0035624 0.150367 0.00561686 0.00193717 0.00168609 0.0912001 
0.716848 0.00371694 0.16148 0.00604916 0.0015866 0.0013786 0.108941 
0.726352 0.00369425 0.152017 0.00721855 0.00213883 0.00161435 0.106965 
0.682546 0.00337986 0.171283 0.00587164 0.00162704 0.00197965 0.133313 
0.74349 0.00297582 0.156584 0.00407825 0.00161921 0.00207431 0.0891781 
0.736133 0.00316638 0.164606 0.00406916 0.00189127 0.00162982 0.0885047 
0.683774 0.00270822 0.180747 0.00357776 0.00150658 0.00187352 0.125813 
0.728618 0.00322889 0.155478 0.00292944 0.00194033 0.00226945 0.105536 
0.776868 0.00342774 0.135251 0.00470056 0.00262783 0.00200899 0.0751163 
0.763864 0.00378702 0.140521 0.0039362 0.0025121 0.00196209 0.0834178 
0.73491 0.00370142 0.153154 0.00465787 0.00284885 0.00218572 0.0985414 
0.721345 0.00320131 0.166359 0.00313001 0.00194888 0.00243272 0.101583 
0.734127 0.00337916 0.163437 0.00395559 0.00211989 0.00188441 0.0910963 
0.638285 0.00292028 0.200574 0.00405061 0.00193489 0.00121838 0.151017 
0.64981 0.00284353 0.188854 0.00780243 0.00219631 0.00154653 0.146947 
0.678285 0.00303757 0.171416 0.00594992 0.00266114 0.00161991 0.13703 
0.627517 0.00335859 0.176777 0.00390273 0.00210145 0.00210415 0.184239 
0.638939 0.0029225 0.180366 0.00582309 0.00258557 0.00142788 0.167937 
0.58228 0.00314579 0.198847 0.00334969 0.00214075 0.00177543 0.208461 
0.660639 0.00308223 0.168034 0.00419302 0.00218135 0.00177294 0.160097 
0.607472 0.00330144 0.170546 0.00507918 0.00226575 0.00172418 0.209612 
0.637386 0.00286048 0.175184 0.00750984 0.00187877 0.00166767 0.173512 
0.614916 0.00297897 0.176718 0.00379585 0.00217692 0.00188342 0.197531 
0.640406 0.00309834 0.157139 0.00608783 0.00274583 0.00172916 0.188794 
0.606505 0.00312018 0.171426 0.00477776 0.0023703 0.00170608 0.210095 
0.689673 0.00316038 0.161843 0.00496358 0.0022566 0.00121474 0.136889 
0.674241 0.002947 0.17192 0.00419339 0.00167489 0.00142644 0.143597 
0.555865 0.00312142 0.191868 0.00403983 0.0024802 0.00172853 0.240897 
0.551321 0.00285556 0.191241 0.0114542 0.00261167 0.00151458 0.239002 
0.613074 0.00256681 0.190583 0.00986559 0.0028007 0.00140795 0.179702 
0.594254 0.00240288 0.196061 0.00822604 0.00288959 0.00167886 0.194488 
0.522155 0.00271569 0.215161 0.00547671 0.00273773 0.00185388 0.249901 
0.646586 0.00268253 0.186359 0.00676566 0.00193626 0.00193965 0.15373 
0.584158 0.00275492 0.208479 0.00574327 0.00180725 0.00164539 0.195412 
0.647701 0.00317528 0.171463 0.00648043 0.00287764 0.00174091 0.166562 
0.5813 0.00381116 0.154797 0.00502555 0.00269858 0.00225238 0.250116 
0.594783 0.00403928 0.146584 0.0044784 0.00268662 0.00257886 0.24485 
0.695207 0.00374748 0.142759 0.00629614 0.00269884 0.0026006 0.146691 
0.664662 0.00324374 0.15836 0.0067934 0.00237002 0.00195221 0.162619 
0.565036 0.00325292 0.193611 0.00428812 0.00287275 0.00238594 0.228554 
0.550589 0.00277253 0.317846 0.00402997 0.00162496 0.0137443 0.109393 
0.459843 0.00291237 0.425736 0.00733028 0.00158803 0.0600917 0.0424992 
0.219785 0.00541087 0.690336 0.00134058 0.0102606 0.0536555 0.0192115 
0.303838 0.00346538 0.590204 0.00115726 0.00324695 0.052861 0.0452276 
0.326869 0.00290518 0.586355 0.00177099 0.00432775 0.0281693 0.0496033 
0.345778 0.00315137 0.557432 0.00176384 0.00563211 0.041333 0.0449096 
0.382863 0.00315473 0.537488 0.00165451 0.00544695 0.0338476 0.0355447 
0.496753 0.00404732 0.382602 0.00162734 0.00370477 0.0490978 0.0621676 
0.360283 0.00306631 0.365784 0.00713394 0.00262365 0.0195096 0.2416 
0.37835 0.0027728 0.402657 0.00964464 0.00178333 0.0208169 0.183976 
0.435949 0.0027485 0.362062 0.0101137 0.00173512 0.0256881 0.161704 
0.39149 0.00396627 0.444163 0.00759926 0.0025324 0.0883115 0.0619378 
0.478362 0.00395346 0.384514 0.00301081 0.00292209 0.0345855 0.0926522 
0.550346 0.00304482 0.275662 0.00835914 0.00416688 0.00758661 0.150834 
0.561653 0.00266887 0.272084 0.00777162 0.00388784 0.00606981 0.145865 
0.647419 0.00291691 0.209034 0.00500777 0.0038554 0.0032926 0.128475 
0.599198 0.00317854 0.202562 0.00543749 0.00394634 0.00446087 0.181217 
0.553516 0.00268117 0.23789 0.00437705 0.00315015 0.00445659 0.19393 
0.688386 0.00283549 0.190156 0.0109757 0.00354909 0.00287155 0.101226 
0.620677 0.00280801 0.216471 0.0072731 0.00337237 0.00298208 0.146416 
0.638887 0.00242512 0.235491 0.00730187 0.00197208 0.00273335 0.11119 
0.542462 0.00276365 0.239365 0.00342268 0.0016252 0.00413859 0.206223 
0.490756 0.00350012 0.223315 0.00305807 0.00218094 0.00519375 0.271996 
0.610028 0.00277163 0.230403 0.00572411 0.00205276 0.00505223 0.143968 
0.568265 0.00303291 0.235074 0.00305953 0.00270676 0.00649753 0.181364 
0.625208 0.00355569 0.205832 0.00398848 0.0034899 0.00628589 0.151639 
0.676909 0.00316378 0.199621 0.00561708 0.00242052 0.00447741 0.107792 
0.617368 0.00325659 0.213192 0.0047655 0.00265427 0.00410842 0.154655 
0.617574 0.00315728 0.205058 0.00753032 0.00338952 0.00553448 0.157757 
0.605196 0.00334584 0.238722 0.00448464 0.00213659 0.00983849 0.136277 
0.600265 0.0036413 0.271281 0.00829786 0.00174365 0.0305354 0.084236 
0.609455 0.00391043 0.254762 0.0114635 0.00158399 0.0323477 0.0864775 
0.594678 0.00453385 0.268993 0.00788327 0.00240077 0.0303026 0.091209 
0.591207 0.00423016 0.275851 0.0107864 0.00204505 0.0292287 0.0866516 
0.546176 0.00379165 0.181789 0.00441623 0.00303422 0.0036794 0.257113 
0.589705 0.00277609 0.228509 0.00641139 0.00167254 0.00490484 0.166021 
0.520815 0.00354858 0.332072 0.00483502 0.00113788 0.0887498 0.0488418 
0.447854 0.00407723 0.382815 0.0030652 0.00188229 0.100978 0.0593283 
0.520214 0.00426314 0.341355 0.00197389 0.00180797 0.062408 0.0679779 
0.586867 0.00363105 0.23427 0.00325417 0.00149177 0.0177692 0.152717 
0.679112 0.00350777 0.188968 0.00626196 0.00205537 0.00516724 0.114927 
0.651355 0.00328686 0.214502 0.00740254 0.00225133 0.00656824 0.114634 
0.663209 0.00393453 0.173421 0.0152474 0.00398475 0.00902565 0.131177 
0.659726 0.00387612 0.181402 0.0110039 0.00279625 0.00860578 0.13259 
0.734345 0.00380701 0.164472 0.0159858 0.00309938 0.00439272 0.073898 
0.641418 0.00352782 0.199404 0.00785209 0.0027006 0.00479608 0.140301 
0.67524 0.00393205 0.203072 0.00675027 0.00353892 0.00430531 0.103162 
0.746982 0.00362963 0.153992 0.0108139 0.00262228 0.00384351 0.0781169 
0.722453 0.00357015 0.174068 0.0126344 0.0018934 0.00431256 0.0810679 
0.778399 0.00369395 0.147753 0.0130373 0.00237925 0.0028081 0.0519292 
0.758094 0.0035952 0.15038 0.00803217 0.00194746 0.00413612 0.073815 
0.767399 0.00382174 0.137162 0.00598761 0.00157409 0.00422422 0.0798312 
0.759178 0.00326602 0.170444 0.00749598 0.00162083 0.00364353 0.0543513 
0.759047 0.00382354 0.17047 0.0111101 0.00224338 0.00430991 0.048996 
0.751407 0.00353456 0.17129 0.00972944 0.0017108 0.00379904 0.058529 
0.753382 0.00352224 0.167258 0.0101972 0.00180842 0.00283108 0.061001 
0.757733 0.00366403 0.163074 0.0168052 0.00235364 0.00311384 0.0532568 
0.744884 0.00384701 0.162623 0.00759341 0.00162345 0.00296716 0.0764626 
0.763397 0.00381424 0.147928 0.00764612 0.00193695 0.00343664 0.0718412 
0.703049 0.00394366 0.158369 0.00495855 0.00247326 0.00584161 0.121364 
0.722045 0.00387743 0.159202 0.00575149 0.00271046 0.00457383 0.101839 
0.703298 0.00412117 0.157336 0.00464313 0.00210291 0.00349714 0.125002 
0.728127 0.00429748 0.154524 0.0041838 0.00204918 0.00380847 0.10301 
0.733449 0.00419243 0.160022 0.00671769 0.00199307 0.00446131 0.0891644 
0.780541 0.00460795 0.131279 0.00722781 0.00337155 0.00332184 0.0696514 
0.743679 0.00362151 0.158305 0.00704491 0.00216298 0.00334563 0.0818406 
0.722433 0.00362689 0.157826 0.00729198 0.0029434 0.00318025 0.102698 
0.734269 0.00348858 0.156714 0.0114977 0.00285962 0.0034924 0.0876784 
0.637119 0.00340025 0.188599 0.00876393 0.00251919 0.00411295 0.155485 
0.660353 0.00272374 0.201732 0.00473524 0.00145394 0.00284019 0.126162 
0.706646 0.00287794 0.187395 0.00917327 0.00156533 0.00230276 0.0900393 
0.725063 0.00323261 0.162237 0.0143995 0.00233405 0.00190666 0.0908271 
0.726711 0.00322208 0.17299 0.00856345 0.00202132 0.00243552 0.0840567 
0.748737 0.00351641 0.148578 0.0172762 0.00237083 0.00225573 0.0772659 
0.669628 0.00329163 0.188007 0.00909369 0.00157257 0.00342111 0.124986 
0.681211 0.00326205 0.18908 0.00671409 0.00143983 0.00460532 0.113687 
0.772735 0.00385032 0.15559 0.0113496 0.00195495 0.00360223 0.0509172 
0.725324 0.00345876 0.166787 0.00695864 0.00172451 0.00261576 0.0931311 
0.804523 0.00340846 0.126252 0.0177321 0.00303912 0.00214405 0.0429017 
0.798612 0.0036596 0.129622 0.0171402 0.00286117 0.00252564 0.0455791 
0.780211 0.00327808 0.149752 0.0100874 0.00186863 0.00277327 0.0520302 
0.746129 0.00328373 0.161865 0.00832124 0.00144814 0.00386195 0.075091 
0.700109 0.00340603 0.172666 0.00817818 0.00190128 0.00313362 0.110606 
0.749582 0.00313759 0.163392 0.0104096 0.00185788 0.0024795 0.0691416 
0.727586 0.00361997 0.160314 0.00932733 0.00192132 0.00252715 0.0947037 
0.738313 0.00342527 0.166053 0.00551911 0.00161358 0.00276647 0.0823093 
0.719071 0.00326176 0.172991 0.00741327 0.0018681 0.00287295 0.0925223 
0.73915 0.00315846 0.162511 0.00721783 0.00175276 0.00262315 0.0835869 
0.592561 0.0106393 0.19633 0.143073 0.003721 0.00407551 0.0496004 
0.603616 0.00778732 0.226063 0.105786 0.00266393 0.00300088 0.051083 
0.409348 0.0154102 0.281748 0.221591 0.00799057 0.00901731 0.0548945 
0.500915 0.0108081 0.203151 0.215217 0.00489072 0.00488866 0.0601303 
0.58721 0.00882655 0.200321 0.14539 0.00363827 0.00311088 0.0515037 
0.617674 0.00814794 0.20169 0.121283 0.00326179 0.00243963 0.0455043 
0.499128 0.0115847 0.259849 0.167003 0.00804421 0.00717195 0.0472179 
0.605323 0.00705019 0.202813 0.140528 0.00426173 0.00330741 0.036717 
0.657249 0.00550771 0.19915 0.0775663 0.00231448 0.00190895 0.056304 
0.689695 0.00508586 0.188284 0.0662096 0.00196615 0.00143805 0.0473215 
0.650099 0.00641089 0.202789 0.0848451 0.00266006 0.00201793 0.0511788 
0.548226 0.00979517 0.218901 0.153357 0.0048273 0.00474956 0.0601437 
0.527945 0.00955165 0.237282 0.154014 0.00506252 0.00476064 0.0613845 
0.502413 0.0121164 0.2563 0.156072 0.0055315 0.00565771 0.0619093 
0.496691 0.0122717 0.268005 0.15689 0.00616064 0.00622839 0.0537536 
0.532929 0.0107461 0.25272 0.136889 0.00496625 0.00516601 0.0565838 
0.458011 0.0127434 0.267182 0.192652 0.00670868 0.00638738 0.0563151 
0.587427 0.00354415 0.173259 0.00362276 0.00140947 0.00211539 0.228623 
0.549809 0.00348043 0.192275 0.00348752 0.00170225 0.00238476 0.246861 
0.646648 0.00310416 0.179939 0.00456554 0.0014539 0.00170369 0.162587 
0.639378 0.00326732 0.176918 0.00400537 0.00124578 0.00158818 0.173598 
0.622898 0.00312429 0.171649 0.00307964 0.00159667 0.00224702 0.195405 
0.647266 0.00323206 0.163637 0.00375904 0.00170865 0.00194816 0.178449 
0.635283 0.00283045 0.184987 0.00298513 0.00132352 0.00223376 0.170357 
0.661145 0.00342406 0.161447 0.00405085 0.00230704 0.00216533 0.165462 
0.649498 0.00320828 0.17283 0.00294896 0.00201401 0.00182155 0.167679 
0.679223 0.00325994 0.162086 0.00283659 0.00240741 0.00211776 0.148069 
0.690391 0.00313555 0.15923 0.00568682 0.00203394 0.00185506 0.137667 
0.708344 0.00334946 0.154599 0.00619145 0.0032771 0.00177274 0.122467 
0.639749 0.0033689 0.176211 0.00454856 0.00131773 0.00148671 0.173318 
0.63379 0.00351395 0.168148 0.00399097 0.00191946 0.00123843 0.187398 
0.611929 0.00335149 0.175913 0.00430778 0.00174355 0.00138892 0.201367 
0.648988 0.00368647 0.161146 0.00295222 0.0016289 0.00203725 0.179561 
0.688008 0.00352539 0.160188 0.00427022 0.00142877 0.00143375 0.141146 
