0.541904 0.00971158 0.214273 0.15385 0.0051297 0.00474888 0.0703823 
0.533671 0.00852082 0.207959 0.133409 0.00461034 0.0046367 0.107194 
0.54082 0.00773493 0.222553 0.110223 0.00383776 0.00379623 0.111035 
0.45486 0.00965109 0.249858 0.13073 0.00479603 0.00520454 0.1449 
0.44884 0.0128275 0.251039 0.191955 0.00809659 0.00725454 0.079988 
0.560061 0.00817402 0.227465 0.120963 0.00353723 0.00342852 0.0763709 
0.489031 0.0104912 0.247397 0.139211 0.00518032 0.00568493 0.103005 
0.645883 0.00600045 0.202673 0.0735972 0.00206694 0.00193775 0.0678418 
0.600092 0.0066139 0.196859 0.0909239 0.00281104 0.00250267 0.100198 
0.565453 0.00597522 0.212216 0.0695371 0.00222639 0.00204162 0.14255 
0.553563 0.00774674 0.197341 0.120201 0.00392675 0.00371613 0.113505 
0.605136 0.00612922 0.182404 0.103751 0.00341496 0.00260465 0.0965609 
0.61538 0.00624863 0.175809 0.0782658 0.00222796 0.00202172 0.120047 
0.559332 0.00574884 0.210552 0.0606088 0.00164871 0.0022211 0.159889 
0.630501 0.00526103 0.17591 0.0540663 0.00191729 0.00187722 0.130467 
0.595343 0.00684993 0.185457 0.0985155 0.00328668 0.00309419 0.107454 
0.544296 0.00917492 0.189798 0.143974 0.00453715 0.00530643 0.102914 
0.556589 0.00741569 0.207143 0.0979627 0.00331813 0.00416739 0.123403 
0.551102 0.00729817 0.217216 0.0900377 0.00279403 0.00322979 0.128323 
0.603987 0.0070308 0.176031 0.108105 0.00352142 0.00354573 0.0977794 
0.637591 0.00470494 0.190328 0.0391099 0.00126333 0.00153624 0.125466 
0.601785 0.00597913 0.183806 0.0804757 0.00276227 0.00242101 0.122771 
0.467242 0.011099 0.221254 0.160509 0.00662233 0.00668094 0.126593 
0.473042 0.00883388 0.210647 0.130082 0.00460843 0.00476453 0.168022 
0.41504 0.0130925 0.233889 0.222897 0.00861988 0.0081417 0.0983204 
0.519374 0.00834742 0.224338 0.123439 0.00500927 0.00483656 0.114656 
0.415578 0.0111455 0.228109 0.164853 0.00698244 0.00719952 0.166132 
0.486829 0.00966378 0.222913 0.151327 0.00554487 0.00574747 0.117975 
0.474276 0.0105654 0.216494 0.17741 0.00690971 0.00610864 0.108235 
0.576188 0.00644779 0.183004 0.126648 0.00457564 0.00309072 0.100046 
0.514314 0.00765274 0.205097 0.132589 0.00518417 0.00459419 0.130569 
0.522437 0.00824568 0.23854 0.116689 0.00438978 0.00452915 0.10517 
0.521319 0.0097535 0.165473 0.211294 0.00646073 0.00459665 0.0811025 
0.48707 0.0107155 0.212925 0.160238 0.00642713 0.00665846 0.115966 
0.523307 0.010789 0.184408 0.198369 0.00781997 0.00632923 0.0689773 
0.620466 0.00621385 0.170844 0.0887659 0.00283317 0.00253498 0.108342 
0.616525 0.00702685 0.154876 0.137018 0.00474893 0.00358341 0.0762212 
0.59527 0.0079005 0.151254 0.168387 0.0046682 0.00379622 0.0687231 
0.613715 0.00662469 0.161883 0.104487 0.00314637 0.00253117 0.107613 
0.666212 0.0057302 0.158591 0.0977825 0.00303544 0.00209745 0.0665518 
0.626299 0.00617584 0.158345 0.0948215 0.0033 0.0024941 0.108564 
0.575142 0.00766801 0.184283 0.112741 0.00375857 0.0036116 0.112796 
0.569413 0.00984958 0.180831 0.14331 0.00459393 0.00516469 0.0868374 
0.541548 0.0116284 0.202467 0.180056 0.00648148 0.00646388 0.0513551 
0.590017 0.00685389 0.190438 0.130114 0.00382387 0.00307934 0.0756738 
0.603466 0.00715004 0.178575 0.152742 0.00450219 0.00330151 0.0502633 
0.596574 0.00642306 0.206553 0.129222 0.00498485 0.0034808 0.0527626 
0.639851 0.00246772 0.263648 0.0170744 0.00124342 0.00412712 0.071588 
0.411081 0.00259918 0.430623 0.00444714 6.00083E-4 0.0555954 0.0950543 
0.433794 0.00321784 0.46194 0.0389842 0.00109148 0.0197187 0.0412539 
0.489006 0.00612141 0.322022 0.103844 0.00565025 0.0127739 0.0605829 
0.451613 0.0091825 0.319125 0.142752 0.00767216 0.013164 0.056492 
0.392208 0.0139828 0.323723 0.184864 0.0110911 0.0196797 0.054452 
0.394547 0.0168396 0.281127 0.228656 0.0110644 0.0243716 0.0433942 
0.38443 0.0147445 0.30804 0.209904 0.0122981 0.0200818 0.050502 
0.376476 0.0137107 0.316907 0.209835 0.0102911 0.0215563 0.0512249 
0.238624 0.0159122 0.315455 0.335295 0.0114649 0.0192833 0.0639654 
0.296216 0.0153916 0.314874 0.296597 0.00953422 0.0137559 0.0536318 
0.299154 0.00834818 0.176807 0.474553 0.00507041 0.0050823 0.0309864 
0.47232 0.00878012 0.166312 0.30565 0.00604268 0.00512759 0.0357676 
0.536165 0.00587653 0.165237 0.238327 0.00558207 0.00404409 0.0447681 
0.673224 0.00546437 0.154372 0.129589 0.00287088 0.00270335 0.0317754 
0.60583 0.00607952 0.163186 0.182114 0.00403565 0.00335772 0.0353962 
0.464833 0.00982044 0.265279 0.209361 0.00714511 0.00895979 0.0346021 
0.437584 0.0104363 0.243579 0.2547 0.0071205 0.00836012 0.0382198 
0.476362 0.0108265 0.306677 0.141252 0.00654101 0.0101808 0.0481609 
0.594084 0.00662834 0.216017 0.126215 0.00473701 0.00606999 0.0462489 
0.528206 0.00863738 0.240015 0.156073 0.00607192 0.00826516 0.0527312 
0.543992 0.00772933 0.233731 0.153115 0.00549634 0.00830447 0.0476328 
0.450875 0.00815326 0.227886 0.246079 0.00732874 0.00949183 0.0501868 
0.525213 0.00807814 0.244863 0.16653 0.00623649 0.0094811 0.0395978 
0.49039 0.0100541 0.242775 0.199888 0.0073268 0.00965332 0.0399132 
0.452181 0.0116021 0.273919 0.187453 0.00837655 0.0104517 0.0560167 
0.500826 0.00818367 0.285574 0.118679 0.00475995 0.00874471 0.0732333 
0.437921 0.0131755 0.286888 0.152184 0.00744041 0.0130905 0.0893001 
0.46596 0.0101123 0.288622 0.127905 0.005718 0.0106741 0.0910088 
0.492172 0.00910865 0.278544 0.124321 0.00492181 0.0103696 0.0805623 
0.514043 0.00807575 0.278682 0.111505 0.0041159 0.00834514 0.0752334 
0.53478 0.00797229 0.28217 0.109222 0.0036685 0.00636196 0.0558261 
0.612381 0.00545006 0.240327 0.0713818 0.00204491 0.00412115 0.0642942 
0.607168 0.00438963 0.257796 0.0558635 0.00163884 0.00343234 0.0697112 
0.595972 0.00422137 0.255037 0.0493456 0.00159612 0.00326189 0.090566 
0.563808 0.0045792 0.247641 0.0555055 0.00198426 0.00575948 0.120722 
0.577992 0.00526968 0.239141 0.0769399 0.00279044 0.0052316 0.0926359 
0.604167 0.00421204 0.241143 0.0545918 0.00202597 0.00351 0.0903502 
0.678769 0.00361531 0.215197 0.0416916 0.00199252 0.00250376 0.0562308 
0.668633 0.00431046 0.209603 0.00651145 0.00182649 0.00363745 0.105478 
0.709822 0.00378566 0.196962 0.017195 0.00180795 0.00209877 0.0683287 
0.684554 0.00424759 0.206566 0.0423024 0.00163414 0.0021898 0.0585069 
0.692625 0.00463039 0.188018 0.0390411 0.00198988 0.00246529 0.0712303 
0.651787 0.0045885 0.195189 0.0543583 0.00215029 0.00243869 0.0894883 
0.609333 0.00537802 0.223093 0.0798137 0.0024814 0.00327069 0.0766298 
0.589395 0.00498546 0.244145 0.0742337 0.00245214 0.00274629 0.0820425 
0.527097 0.00840422 0.260731 0.119963 0.00450877 0.0054103 0.0738866 
0.564358 0.00783951 0.245333 0.117784 0.00414865 0.00439585 0.0561409 
0.597621 0.0053982 0.241702 0.0769098 0.00239772 0.00305848 0.0729128 
0.597108 0.00545353 0.238741 0.0608651 0.00175475 0.00282645 0.0932519 
0.628923 0.00644966 0.200797 0.0735 0.00197033 0.00304147 0.0853189 
0.608993 0.00571424 0.222272 0.0578094 0.00158789 0.00253467 0.10109 
0.663954 0.00547056 0.186245 0.0837236 0.00224669 0.00285009 0.0555105 
0.593922 0.00590616 0.217455 0.101574 0.00313319 0.00319035 0.0748187 
0.63094 0.00550538 0.202963 0.0903235 0.00243342 0.00307551 0.0647593 
0.645589 0.00588258 0.205565 0.0991533 0.00257806 0.00249211 0.03874 
0.63154 0.00563101 0.222138 0.085613 0.00227899 0.00243753 0.050361 
0.630004 0.00600378 0.212028 0.0875506 0.00253098 0.00284178 0.0590404 
0.614031 0.00661678 0.208085 0.125744 0.00340089 0.00330808 0.038815 
0.595733 0.00683028 0.196486 0.149128 0.00424456 0.00349716 0.0440814 
0.626209 0.00534024 0.17872 0.150511 0.00391875 0.00224252 0.033058 
0.640423 0.00445712 0.204027 0.084057 0.00283509 0.00211052 0.0620904 
0.635791 0.00427676 0.20375 0.0592536 0.00206827 0.00244952 0.0924107 
0.613612 0.00587846 0.210875 0.100749 0.00309777 0.00344021 0.0623468 
0.62237 0.00700665 0.194918 0.126835 0.00400961 0.00400092 0.0408596 
0.629757 0.00622947 0.207196 0.098668 0.00322497 0.00394569 0.0509788 
0.679884 0.00500823 0.18403 0.0899875 0.00275558 0.00240789 0.0359263 
0.646223 0.00569508 0.189273 0.10115 0.00331855 0.00307601 0.0512634 
0.605752 0.00647908 0.208716 0.124308 0.00398417 0.00357728 0.047183 
0.466639 0.0135457 0.25998 0.183167 0.00854465 0.0101594 0.0579645 
0.552377 0.00844298 0.204581 0.16482 0.00489767 0.00556794 0.0593144 
0.646269 0.00620393 0.167062 0.101437 0.00290338 0.00318994 0.072935 
0.616059 0.00789206 0.170897 0.143373 0.00373959 0.00407575 0.0539632 
0.664836 0.00592799 0.151062 0.135163 0.00329826 0.00243628 0.0372774 
0.685987 0.0054493 0.168843 0.0833901 0.00257608 0.0020398 0.0517147 
0.545667 0.00912223 0.195267 0.185746 0.00545989 0.00534328 0.0533945 
0.606569 0.00619966 0.172316 0.164157 0.00422532 0.00300601 0.043527 
0.66246 0.0054836 0.170056 0.108386 0.00311593 0.00233894 0.0481597 
0.711538 0.00475956 0.157428 0.07157 0.00235733 0.00183798 0.0505084 
0.721591 0.00445994 0.154007 0.0646629 0.00215038 0.00173562 0.0513924 
0.707722 0.00409388 0.179962 0.0554817 0.00158712 0.00189098 0.0492627 
0.692618 0.00457866 0.170859 0.0879553 0.00248321 0.00181821 0.0396872 
0.647068 0.00411655 0.195624 0.0766095 0.00281414 0.00181447 0.0719531 
0.668299 0.00428884 0.197483 0.064897 0.00205874 0.0018125 0.0611609 
0.66044 0.00424285 0.196683 0.055379 0.00199781 0.00221914 0.079038 
0.690139 0.00465148 0.168083 0.0670512 0.00227301 0.00242077 0.0653809 
0.695103 0.00442084 0.16889 0.0511437 0.00206179 0.00188866 0.0764915 
0.607364 0.00491674 0.225103 0.0653736 0.00176918 0.00232632 0.0931465 
0.603508 0.0052638 0.209867 0.0799079 0.0022807 0.00279838 0.0963745 
0.611474 0.00600316 0.188982 0.104504 0.00287531 0.00330374 0.082858 
0.566579 0.00760598 0.199011 0.147031 0.00388918 0.00450363 0.0713813 
0.574869 0.00679209 0.220198 0.122191 0.00326891 0.00378947 0.0688913 
0.580085 0.00628021 0.224188 0.109058 0.00317372 0.00340488 0.0738105 
0.63543 0.00555824 0.17728 0.103356 0.0035812 0.0026842 0.07211 
0.653776 0.00615463 0.146465 0.140754 0.0035214 0.00321062 0.046118 
0.616476 0.00563817 0.157984 0.16814 0.0039198 0.0026955 0.0451466 
0.60473 0.00641838 0.181804 0.145794 0.00396476 0.0036768 0.0536119 
0.645113 0.00528972 0.180426 0.086838 0.00312545 0.00252984 0.0766783 
0.661496 0.00502285 0.171219 0.0942252 0.00350317 0.00285127 0.0616833 
0.644964 0.00612019 0.174501 0.120575 0.00396422 0.00320072 0.0466746 
0.719692 0.00497375 0.158488 0.0722074 0.00200177 0.00166441 0.0409727 
0.692158 0.00531474 0.154884 0.0832618 0.00240797 0.00185502 0.0601185 
0.684077 0.00481137 0.154834 0.0944706 0.00324963 0.00202347 0.0565343 
0.738054 0.00441917 0.142303 0.0592477 0.00210307 0.00137346 0.0524994 
0.720046 0.00483597 0.150788 0.0808066 0.00236356 0.00142786 0.039732 
0.669784 0.00623926 0.149144 0.141129 0.00279766 0.00218804 0.0287179 
0.662134 0.00562488 0.170721 0.116962 0.0031743 0.00239564 0.0389889 
0.670085 0.00502645 0.173287 0.0884004 0.00288657 0.00211598 0.0581984 
0.694219 0.0043856 0.165802 0.0838117 0.0030058 0.00197393 0.0468022 
0.618132 0.0047665 0.175523 0.129701 0.00408292 0.0025953 0.0651986 
0.660005 0.00584965 0.158832 0.107102 0.00311453 0.00254777 0.0625479 
0.738443 0.00478572 0.152887 0.0655311 0.00205513 0.00123502 0.0350623 
0.642086 0.0063872 0.169871 0.126794 0.00390083 0.00317075 0.0477911 
0.787417 0.00520247 0.121738 0.0178925 0.00277008 0.00177363 0.0632067 
0.79524 0.00537148 0.12058 0.0119498 0.00337283 0.00182759 0.0616585 
0.668422 0.00619842 0.160923 0.121845 0.0032056 0.00220082 0.0372057 
0.737183 0.00496859 0.119411 0.100898 0.00317397 0.00102127 0.0333445 
0.677583 0.0058164 0.1559 0.0989836 0.00289587 0.00219524 0.0566261 
0.709525 0.00539031 0.15529 0.0815652 0.00232941 0.0017323 0.0441684 
0.724776 0.00497672 0.150941 0.0747959 0.00231532 0.00149072 0.0407047 
0.700805 0.00498131 0.167241 0.071911 0.00234439 0.00184943 0.0508687 
0.686203 0.00554304 0.164911 0.103138 0.00271753 0.00211323 0.0353741 
0.636883 0.00630553 0.202614 0.0959954 0.00250927 0.0026481 0.0530443 
0.679014 0.00546854 0.164501 0.0964968 0.00288352 0.00187502 0.0497608 
0.613264 0.00619285 0.151026 0.168416 0.00406884 0.00254213 0.0544905 
0.58628 0.00746993 0.182502 0.144372 0.003725 0.00342587 0.072226 
0.669472 0.00616277 0.169619 0.094236 0.0026022 0.00213775 0.0557703 
0.636022 0.00585279 0.191366 0.0833316 0.00226429 0.00242768 0.0787352 
0.624136 0.00767358 0.167181 0.151742 0.00388827 0.00324928 0.0421302 
0.659484 0.00627012 0.187891 0.0917732 0.00249954 0.00293424 0.0491476 
0.680777 0.00438872 0.208636 0.0680575 0.00191589 0.00185247 0.0343732 
0.683034 0.00512411 0.192392 0.0789568 0.00193597 0.00213617 0.0364205 
0.657164 0.00353133 0.218265 0.0500108 0.00170211 0.00160624 0.0677199 
0.653589 0.00376436 0.202795 0.0545425 0.0019273 0.00169238 0.0816896 
0.647326 0.00506667 0.203893 0.0968437 0.00279826 0.00229148 0.041781 
0.673342 0.00453005 0.193878 0.070552 0.00215024 0.00214982 0.0533979 
0.686152 0.00465642 0.183043 0.0611304 0.00174033 0.0018271 0.0614509 
0.642209 0.00462931 0.224365 0.0627577 0.00184233 0.00211163 0.0620845 
0.531968 0.00830748 0.242471 0.12509 0.00471479 0.00515702 0.0822921 
0.553167 0.00807504 0.226913 0.134867 0.00469444 0.00486663 0.0674169 
0.559199 0.00695781 0.210926 0.143009 0.00471467 0.00395755 0.0712357 
0.595378 0.00622961 0.221191 0.112154 0.0039881 0.003643 0.057416 
0.666066 0.00402055 0.1987 0.0578743 0.00210212 0.00176637 0.0694703 
0.622685 0.00529062 0.198178 0.10424 0.003666 0.00272211 0.0632176 
0.519259 0.00833306 0.205501 0.177477 0.0055134 0.00524726 0.078669 
0.570483 0.00669122 0.175901 0.147157 0.0047842 0.00341384 0.0915699 
0.563951 0.00803211 0.190777 0.165123 0.0048461 0.00441404 0.0628562 
0.611314 0.00664397 0.195742 0.120811 0.00363594 0.00350514 0.0583474 
0.545521 0.00823078 0.220515 0.169953 0.0050679 0.0046054 0.046107 
0.520699 0.00789465 0.191 0.216456 0.00486894 0.00421882 0.0548627 
0.549053 0.00860002 0.216964 0.161202 0.00440225 0.00474461 0.0550342 
0.589224 0.00777158 0.197574 0.128929 0.00347122 0.00387865 0.0691523 
0.597446 0.00784057 0.194295 0.125461 0.00372952 0.00371729 0.0675114 
0.565227 0.00915071 0.191338 0.169479 0.00463931 0.0045717 0.0555943 
0.514114 0.00724104 0.17488 0.251525 0.00574302 0.00392177 0.042575 
0.535708 0.00714412 0.158851 0.248069 0.00494231 0.00345043 0.0418352 
0.638255 0.00641981 0.157233 0.149289 0.00362854 0.00279264 0.0423818 
0.548444 0.00722797 0.20635 0.170709 0.00501239 0.00464461 0.0576122 
0.591454 0.0064871 0.17585 0.173993 0.00415367 0.00362756 0.0444349 
0.608885 0.0068461 0.178956 0.150494 0.00418267 0.00414508 0.0464918 
0.657897 0.00486758 0.165845 0.122849 0.00352224 0.00202758 0.0429913 
0.558836 0.00662665 0.184813 0.174247 0.00568599 0.00437916 0.0654115 
0.616626 0.005568 0.169818 0.162409 0.00433461 0.00267305 0.0385714 
0.656585 0.00654532 0.179144 0.094063 0.00274363 0.00304164 0.0578774 
0.594104 0.00592308 0.19393 0.146251 0.00447515 0.00355143 0.051766 
0.690273 0.00612421 0.14712 0.119774 0.00295842 0.0018556 0.0318952 
0.700335 0.00622782 0.149577 0.0941728 0.00294778 0.00186479 0.0448748 
0.679093 0.0066739 0.165801 0.102099 0.0027905 0.0023427 0.0412006 
0.711034 0.00604068 0.149772 0.0815813 0.00217859 0.00175557 0.0476379 
0.692682 0.00561663 0.158553 0.0871747 0.00257899 0.00163624 0.051758 
0.611705 0.00807806 0.176995 0.134458 0.0038034 0.00322762 0.0617334 
0.646993 0.00680721 0.183412 0.111961 0.00340872 0.00255034 0.0448678 
0.625197 0.00642784 0.213696 0.0949456 0.00300521 0.00237272 0.0543556 
0.651324 0.0062445 0.191773 0.0848019 0.00233989 0.00202689 0.0614902 
0.622249 0.00637323 0.205727 0.0827009 0.0024205 0.00234135 0.0781878 
0.516075 0.0116874 0.2507 0.155521 0.00605369 0.00634446 0.0536181 
0.633612 0.00704037 0.181021 0.125176 0.00366091 0.00252733 0.0469617 
0.631863 0.00655087 0.197805 0.119025 0.00373388 0.00260828 0.0384141 
0.668734 0.00636269 0.16221 0.0986755 0.00326095 0.00166117 0.0590957 
0.702635 0.00542497 0.188182 0.0600194 0.00180462 0.00120535 0.0407282 
0.668099 0.00557878 0.200167 0.077332 0.0021976 0.00175269 0.0448723 
0.682786 0.00562036 0.188405 0.0786493 0.00232121 0.0013234 0.0408953 
0.595304 0.00895572 0.182874 0.140401 0.00370581 0.00254125 0.0662179 
0.622828 0.00847133 0.175604 0.134058 0.00308264 0.00229856 0.0536574 
0.636926 0.00718744 0.183463 0.119606 0.00306257 0.00261004 0.0471453 
0.597406 0.00836351 0.19328 0.147807 0.00368965 0.00313533 0.0463186 
0.548027 0.00855675 0.180348 0.217745 0.00438198 0.00349009 0.0374511 
0.597427 0.00728 0.161846 0.195651 0.00317149 0.00226228 0.0323627 
0.502961 0.0118247 0.213586 0.227737 0.00555758 0.00521728 0.0331162 
0.53522 0.0113014 0.204785 0.206263 0.00477506 0.0045614 0.0330942 
0.599708 0.00819734 0.160277 0.200473 0.00302101 0.00233157 0.0259912 
0.638279 0.00818004 0.17172 0.142748 0.00311005 0.00295758 0.0330045 
0.534122 0.00868331 0.163951 0.245348 0.00483994 0.00366869 0.0393879 
0.603464 0.00914855 0.172311 0.168827 0.0048678 0.00402874 0.0373534 
0.618361 0.00916582 0.185648 0.119722 0.00352756 0.003842 0.0597338 
0.602385 0.00874137 0.202114 0.110762 0.00374864 0.00389558 0.0683532 
0.605834 0.00803353 0.185757 0.150204 0.00422578 0.00306113 0.0428852 
0.594866 0.00901467 0.166694 0.17211 0.00361206 0.00264805 0.0510544 
0.675723 0.00668597 0.167449 0.0915229 0.00266913 0.00160121 0.0543485 
0.643996 0.00763395 0.162758 0.129967 0.00313445 0.00205827 0.0504533 
0.616207 0.00872269 0.193708 0.132861 0.00358309 0.00274832 0.04217 
0.646763 0.00744103 0.187433 0.114279 0.00300919 0.00241744 0.0386571 
0.677267 0.00627275 0.173525 0.0929024 0.00291267 0.00170138 0.0454188 
0.60174 0.00895364 0.207503 0.124509 0.00383557 0.00334631 0.0501119 
0.514027 0.0092676 0.181872 0.238134 0.00640457 0.00413743 0.0461578 
0.666438 0.00625366 0.168315 0.112359 0.00339576 0.00184913 0.0413889 
0.651284 0.00527917 0.179162 0.0565807 0.00178894 0.00145931 0.104446 
0.684143 0.00554029 0.184908 0.0604479 0.0018032 0.00149234 0.0616657 
0.671928 0.0057729 0.206335 0.059378 0.00162719 0.00110325 0.0538554 
0.689498 0.00573031 0.185761 0.0724655 0.00225539 0.00128632 0.0430033 
0.692125 0.00571543 0.187354 0.0726687 0.00235133 0.00136757 0.0384184 
0.696754 0.00561697 0.181489 0.0629964 0.00214907 0.00112431 0.0498704 
0.674325 0.00566572 0.185459 0.0665534 0.00201213 0.00153717 0.0644482 
0.645011 0.00652977 0.206592 0.0818299 0.00240943 0.00208417 0.0555439 
0.633801 0.00789325 0.186443 0.115502 0.00300817 0.00263869 0.0507141 
0.672412 0.0067035 0.159753 0.0994989 0.00289837 0.00214556 0.0565888 
0.673358 0.00736645 0.164024 0.0936948 0.00263487 0.00240817 0.0565136 
0.576841 0.00928609 0.229905 0.123638 0.00418074 0.00390997 0.0522388 
0.615818 0.00728979 0.207642 0.0960374 0.00303653 0.00257202 0.0676046 
0.650535 0.00572006 0.210174 0.0726957 0.00214696 0.0017747 0.0569539 
0.622058 0.00607844 0.223444 0.0737465 0.00234955 0.00194999 0.0703736 
0.667707 0.00584364 0.178926 0.0701248 0.00278592 0.00128308 0.0733295 
0.663047 0.00554953 0.182708 0.0939902 0.00326578 0.00136739 0.0500722 
0.63901 0.00643923 0.195841 0.108676 0.00361076 0.00177609 0.044647 
0.640469 0.00525812 0.194152 0.0901105 0.00309249 0.00145452 0.0654638 
0.636287 0.00600003 0.19535 0.103433 0.00328768 0.00220944 0.0534331 
0.662539 0.00509186 0.194735 0.0744694 0.00244546 0.00157335 0.0591461 
0.652526 0.00641733 0.167752 0.111416 0.0032683 0.00223433 0.0563868 
0.685301 0.00620956 0.164333 0.0967448 0.00280376 0.00161342 0.042994 
0.660414 0.00568378 0.168781 0.114231 0.00346218 0.00155985 0.0458691 
0.702536 0.00513874 0.153691 0.0873897 0.00327089 0.00125529 0.046719 
0.609739 0.00695666 0.175478 0.168377 0.00422066 0.0025143 0.0327139 
0.621292 0.00736664 0.16622 0.164023 0.00391561 0.00267645 0.0345055 
0.694633 0.00609209 0.159408 0.0944224 0.00253842 0.0015814 0.0413247 
0.711484 0.0056947 0.167122 0.0815493 0.00207669 0.00136984 0.0307033 
0.648326 0.00672899 0.156317 0.135772 0.00357465 0.00224598 0.0470357 
0.735555 0.00489217 0.150721 0.0625693 0.00216011 9.09285E-4 0.0431933 
0.690824 0.00526497 0.178181 0.0763271 0.0026815 0.0012452 0.0454758 
0.627088 0.00590286 0.164033 0.138613 0.00481609 0.00220443 0.0573426 
0.64603 0.00617772 0.16618 0.124412 0.00442253 0.00214709 0.0506307 
0.642384 0.00620338 0.176406 0.121266 0.00454719 0.00217333 0.0470195 
0.623722 0.00631973 0.155724 0.160387 0.00455234 0.00227423 0.047021 
0.698687 0.00557497 0.154671 0.0927143 0.00326477 0.00131562 0.0437718 
0.558971 0.00771855 0.180534 0.205696 0.0052735 0.00296189 0.0388448 
0.620974 0.00625446 0.172711 0.147152 0.00440571 0.00216097 0.0463421 
0.699571 0.00597285 0.135766 0.108806 0.00382736 0.00137103 0.0446862 
0.705466 0.00481578 0.148122 0.104514 0.00361968 0.00106885 0.0323939 
0.693759 0.00467094 0.13983 0.121924 0.00417993 0.00101095 0.0346249 
0.701253 0.00473027 0.145697 0.105802 0.00411351 0.00101776 0.0373873 
0.711394 0.00445148 0.171142 0.0618153 0.0029919 9.75029E-4 0.0472297 
0.718741 0.0044533 0.165971 0.0697172 0.00365916 7.87717E-4 0.0366707 
0.690273 0.00612421 0.14712 0.119774 0.00295842 0.0018556 0.0318952 
0.700335 0.00622782 0.149577 0.0941728 0.00294778 0.00186479 0.0448748 
0.679093 0.0066739 0.165801 0.102099 0.0027905 0.0023427 0.0412006 
0.711034 0.00604068 0.149772 0.0815813 0.00217859 0.00175557 0.0476379 
0.692682 0.00561663 0.158553 0.0871747 0.00257899 0.00163624 0.051758 
0.611705 0.00807806 0.176995 0.134458 0.0038034 0.00322762 0.0617334 
0.646993 0.00680721 0.183412 0.111961 0.00340872 0.00255034 0.0448678 
0.625197 0.00642784 0.213696 0.0949456 0.00300521 0.00237272 0.0543556 
0.651324 0.0062445 0.191773 0.0848019 0.00233989 0.00202689 0.0614902 
0.622249 0.00637323 0.205727 0.0827009 0.0024205 0.00234135 0.0781878 
0.516075 0.0116874 0.2507 0.155521 0.00605369 0.00634446 0.0536181 
0.633612 0.00704037 0.181021 0.125176 0.00366091 0.00252733 0.0469617 
0.631863 0.00655087 0.197805 0.119025 0.00373388 0.00260828 0.0384141 
0.668734 0.00636269 0.16221 0.0986755 0.00326095 0.00166117 0.0590957 
0.702635 0.00542497 0.188182 0.0600194 0.00180462 0.00120535 0.0407282 
0.668099 0.00557878 0.200167 0.077332 0.0021976 0.00175269 0.0448723 
0.682786 0.00562036 0.188405 0.0786493 0.00232121 0.0013234 0.0408953 
0.595304 0.00895572 0.182874 0.140401 0.00370581 0.00254125 0.0662179 
0.622828 0.00847133 0.175604 0.134058 0.00308264 0.00229856 0.0536574 
0.636926 0.00718744 0.183463 0.119606 0.00306257 0.00261004 0.0471453 
0.597406 0.00836351 0.19328 0.147807 0.00368965 0.00313533 0.0463186 
0.548027 0.00855675 0.180348 0.217745 0.00438198 0.00349009 0.0374511 
0.597427 0.00728 0.161846 0.195651 0.00317149 0.00226228 0.0323627 
0.502961 0.0118247 0.213586 0.227737 0.00555758 0.00521728 0.0331162 
0.53522 0.0113014 0.204785 0.206263 0.00477506 0.0045614 0.0330942 
0.599708 0.00819734 0.160277 0.200473 0.00302101 0.00233157 0.0259912 
0.638279 0.00818004 0.17172 0.142748 0.00311005 0.00295758 0.0330045 
0.534122 0.00868331 0.163951 0.245348 0.00483994 0.00366869 0.0393879 
0.603464 0.00914855 0.172311 0.168827 0.0048678 0.00402874 0.0373534 
0.618361 0.00916582 0.185648 0.119722 0.00352756 0.003842 0.0597338 
0.602385 0.00874137 0.202114 0.110762 0.00374864 0.00389558 0.0683532 
0.605834 0.00803353 0.185757 0.150204 0.00422578 0.00306113 0.0428852 
0.594866 0.00901467 0.166694 0.17211 0.00361206 0.00264805 0.0510544 
0.675723 0.00668597 0.167449 0.0915229 0.00266913 0.00160121 0.0543485 
0.643996 0.00763395 0.162758 0.129967 0.00313445 0.00205827 0.0504533 
0.616207 0.00872269 0.193708 0.132861 0.00358309 0.00274832 0.04217 
0.646763 0.00744103 0.187433 0.114279 0.00300919 0.00241744 0.0386571 
0.677267 0.00627275 0.173525 0.0929024 0.00291267 0.00170138 0.0454188 
0.60174 0.00895364 0.207503 0.124509 0.00383557 0.00334631 0.0501119 
0.514027 0.0092676 0.181872 0.238134 0.00640457 0.00413743 0.0461578 
0.666438 0.00625366 0.168315 0.112359 0.00339576 0.00184913 0.0413889 
0.651284 0.00527917 0.179162 0.0565807 0.00178894 0.00145931 0.104446 
0.684143 0.00554029 0.184908 0.0604479 0.0018032 0.00149234 0.0616657 
0.671928 0.0057729 0.206335 0.059378 0.00162719 0.00110325 0.0538554 
0.689498 0.00573031 0.185761 0.0724655 0.00225539 0.00128632 0.0430033 
0.692125 0.00571543 0.187354 0.0726687 0.00235133 0.00136757 0.0384184 
0.696754 0.00561697 0.181489 0.0629964 0.00214907 0.00112431 0.0498704 
0.674325 0.00566572 0.185459 0.0665534 0.00201213 0.00153717 0.0644482 
0.645011 0.00652977 0.206592 0.0818299 0.00240943 0.00208417 0.0555439 
0.633801 0.00789325 0.186443 0.115502 0.00300817 0.00263869 0.0507141 
0.672412 0.0067035 0.159753 0.0994989 0.00289837 0.00214556 0.0565888 
0.673358 0.00736645 0.164024 0.0936948 0.00263487 0.00240817 0.0565136 
0.576841 0.00928609 0.229905 0.123638 0.00418074 0.00390997 0.0522388 
0.615818 0.00728979 0.207642 0.0960374 0.00303653 0.00257202 0.0676046 
0.650535 0.00572006 0.210174 0.0726957 0.00214696 0.0017747 0.0569539 
0.622058 0.00607844 0.223444 0.0737465 0.00234955 0.00194999 0.0703736 
0.667707 0.00584364 0.178926 0.0701248 0.00278592 0.00128308 0.0733295 
0.663047 0.00554953 0.182708 0.0939902 0.00326578 0.00136739 0.0500722 
0.63901 0.00643923 0.195841 0.108676 0.00361076 0.00177609 0.044647 
0.640469 0.00525812 0.194152 0.0901105 0.00309249 0.00145452 0.0654638 
0.636287 0.00600003 0.19535 0.103433 0.00328768 0.00220944 0.0534331 
0.662539 0.00509186 0.194735 0.0744694 0.00244546 0.00157335 0.0591461 
0.652526 0.00641733 0.167752 0.111416 0.0032683 0.00223433 0.0563868 
0.685301 0.00620956 0.164333 0.0967448 0.00280376 0.00161342 0.042994 
0.660414 0.00568378 0.168781 0.114231 0.00346218 0.00155985 0.0458691 
0.702536 0.00513874 0.153691 0.0873897 0.00327089 0.00125529 0.046719 
0.609739 0.00695666 0.175478 0.168377 0.00422066 0.0025143 0.0327139 
0.621292 0.00736664 0.16622 0.164023 0.00391561 0.00267645 0.0345055 
0.694633 0.00609209 0.159408 0.0944224 0.00253842 0.0015814 0.0413247 
0.711484 0.0056947 0.167122 0.0815493 0.00207669 0.00136984 0.0307033 
0.648326 0.00672899 0.156317 0.135772 0.00357465 0.00224598 0.0470357 
0.735555 0.00489217 0.150721 0.0625693 0.00216011 9.09285E-4 0.0431933 
0.690824 0.00526497 0.178181 0.0763271 0.0026815 0.0012452 0.0454758 
0.627088 0.00590286 0.164033 0.138613 0.00481609 0.00220443 0.0573426 
0.64603 0.00617772 0.16618 0.124412 0.00442253 0.00214709 0.0506307 
0.642384 0.00620338 0.176406 0.121266 0.00454719 0.00217333 0.0470195 
0.623722 0.00631973 0.155724 0.160387 0.00455234 0.00227423 0.047021 
0.698687 0.00557497 0.154671 0.0927143 0.00326477 0.00131562 0.0437718 
0.558971 0.00771855 0.180534 0.205696 0.0052735 0.00296189 0.0388448 
0.620974 0.00625446 0.172711 0.147152 0.00440571 0.00216097 0.0463421 
0.699571 0.00597285 0.135766 0.108806 0.00382736 0.00137103 0.0446862 
0.705466 0.00481578 0.148122 0.104514 0.00361968 0.00106885 0.0323939 
0.693759 0.00467094 0.13983 0.121924 0.00417993 0.00101095 0.0346249 
0.701253 0.00473027 0.145697 0.105802 0.00411351 0.00101776 0.0373873 
0.711394 0.00445148 0.171142 0.0618153 0.0029919 9.75029E-4 0.0472297 
0.718741 0.0044533 0.165971 0.0697172 0.00365916 7.87717E-4 0.0366707 
0.830824 0.00651178 0.0780103 0.0218186 0.00335901 0.00399439 0.0554814 
0.851707 0.00705189 0.0754752 0.0200943 0.00321006 0.00329664 0.0391651 
0.852725 0.00741305 0.0690746 0.0166253 0.00391644 0.00356559 0.0466798 
0.840189 0.00775941 0.0694231 0.0179377 0.00519755 0.00394061 0.0555528 
0.83707 0.00686322 0.0742425 0.0173163 0.0028861 0.00421036 0.0574116 
0.837949 0.00692141 0.07162 0.0148057 0.00303049 0.00415316 0.0615207 
0.810026 0.00656774 0.0784659 0.0161733 0.00301082 0.00355767 0.0821984 
0.825895 0.00615353 0.0779119 0.0178022 0.00252901 0.00310683 0.0666016 
0.843763 0.00711321 0.0711003 0.016673 0.00364254 0.00271385 0.0549945 
0.848934 0.00708466 0.0709724 0.0214385 0.00360328 0.00268655 0.0452805 
0.839017 0.00682684 0.0708989 0.0197999 0.00363612 0.00216892 0.0576525 
0.831529 0.00590425 0.0825962 0.0101686 0.00283138 0.00299724 0.0639729 
0.83788 0.00608187 0.078891 0.0131648 0.00341058 0.00367545 0.0568963 
0.853078 0.00619507 0.076103 0.0130571 0.00381357 0.00331191 0.0444416 
0.835167 0.00576054 0.0836063 0.00905484 0.00226736 0.00375408 0.0603896 
0.836202 0.00626413 0.0774107 0.0141339 0.00248033 0.00278049 0.0607289 
0.844345 0.00695434 0.0720187 0.0121051 0.0041419 0.00317921 0.0572552 
0.826893 0.00606211 0.0823901 0.0146164 0.00236187 0.00311589 0.0645606 
0.835239 0.00663829 0.0740042 0.0154179 0.00351137 0.00331371 0.0618756 
0.838978 0.00675877 0.0762443 0.0112886 0.0035375 0.00379873 0.0593945 
0.848478 0.0069418 0.0682379 0.0148456 0.00363769 0.00370616 0.0541526 
0.849524 0.00624611 0.0761538 0.0113077 0.00360977 0.00283601 0.0503231 
0.844003 0.00692515 0.0731645 0.0116572 0.00287168 0.00361429 0.0577642 
0.828801 0.00678779 0.0836015 0.014377 0.0031276 0.002831 0.0604739 
0.856543 0.00778414 0.0684481 0.0132549 0.00406222 0.00293553 0.0469722 
0.835192 0.00766073 0.0747869 0.0131858 0.00387178 0.00366073 0.0616417 
0.855663 0.00705679 0.0690212 0.0169414 0.00506035 0.00309259 0.043165 
0.853687 0.00657177 0.0744247 0.0154926 0.00397965 0.00240676 0.0434374 
0.842609 0.00729603 0.0731025 0.0121205 0.00361378 0.00328055 0.0579777 
0.832653 0.00688864 0.0772619 0.0104873 0.00387223 0.00369879 0.0651378 
0.842032 0.00609144 0.0773863 0.00944652 0.00272715 0.00327164 0.0590447 
0.83052 0.00611348 0.0883155 0.0112459 0.0031763 0.0025029 0.058126 
0.827198 0.00606872 0.0924474 0.0113141 0.00353709 0.00229374 0.0571412 
0.832089 0.00645427 0.0881762 0.0134737 0.00383477 0.00244298 0.0535287 
0.82049 0.00641197 0.0919565 0.010686 0.00388192 0.00233869 0.0642347 
0.811298 0.00587422 0.0858929 0.0139389 0.00421493 0.0025035 0.0762776 
0.825242 0.00552449 0.0815328 0.016533 0.00529566 0.00185404 0.0640175 
0.708406 0.00536384 0.14953 0.00178686 0.00244854 0.00764351 0.124821 
0.549421 0.00374328 0.236635 0.00128539 0.00179903 0.0168652 0.190252 
0.598734 0.00480971 0.254638 0.00205824 0.00354985 0.0376644 0.0985456 
0.640729 0.00377395 0.227799 0.00326144 0.00215972 0.0251394 0.0971376 
0.75361 0.00487354 0.167871 0.00340543 0.00182268 0.0195149 0.0489031 
0.819682 0.00591024 0.121625 0.00186831 0.00156525 0.0199114 0.0294372 
0.845875 0.00904703 0.0963471 0.00184647 0.00226641 0.0196996 0.0249187 
0.861821 0.0105692 0.0875746 0.00282811 0.0032204 0.0142077 0.0197788 
0.860743 0.00776963 0.0947509 0.00335846 0.00214762 0.0123869 0.0188434 
0.8599 0.00795606 0.0898606 0.00504006 0.00186074 0.0111498 0.0242329 
0.849663 0.00680148 0.104349 0.00558196 0.00416976 0.00625619 0.023178 
0.763495 0.0071425 0.188025 0.0157361 0.00444746 0.0102265 0.0109279 
0.808513 0.00709506 0.137805 0.00724727 0.00616005 0.0172383 0.0159415 
0.720849 0.00609708 0.22488 0.0054547 0.00233072 0.0204146 0.019974 
0.74435 0.00660971 0.193524 0.00666143 0.00202913 0.0283208 0.0185042 
0.725804 0.00546013 0.209925 0.0100789 0.00215184 0.023801 0.0227793 
0.773194 0.0087243 0.159873 0.0085266 0.00526009 0.0230369 0.0213845 
0.753763 0.0101565 0.154819 0.0189934 0.0058551 0.0325867 0.0238261 
0.716471 0.00961115 0.170729 0.0616124 0.00454439 0.0140175 0.0230149 
0.75096 0.00951132 0.1764 0.0135465 0.00210779 0.0228026 0.0246723 
0.675164 0.0115827 0.169492 0.0974621 0.00249322 0.0152604 0.0285455 
0.678262 0.0103248 0.188764 0.0711891 0.00207561 0.0183547 0.0310297 
0.695013 0.00728611 0.206063 0.0386845 0.00163098 0.0193562 0.0319661 
0.691282 0.00895803 0.204333 0.0359238 0.00187133 0.0257876 0.0318446 
0.640906 0.00723596 0.24049 0.0357279 0.00165872 0.0327611 0.0412205 
0.681866 0.00780657 0.221114 0.0246452 0.00170105 0.028204 0.0346633 
0.634727 0.00810379 0.249414 0.0251644 0.00179717 0.0387359 0.0420584 
0.651446 0.00861466 0.235597 0.0324905 0.00152253 0.0294444 0.040885 
0.612292 0.0100142 0.225148 0.024361 0.00197975 0.0678912 0.0583142 
0.641883 0.0120601 0.188181 0.0305694 0.00192913 0.06947 0.0559069 
0.741105 0.0114773 0.140122 0.0184687 0.00138305 0.0472454 0.0401985 
0.82471 0.00765907 0.0774082 0.011463 0.00180876 0.00754796 0.069403 
0.817176 0.00796857 0.0971812 0.0204943 0.0011229 0.00832772 0.0477292 
0.816016 0.0105262 0.0801543 0.0295621 0.00104058 0.00560998 0.0570909 
0.852785 0.0138478 0.0600743 0.0307733 0.0018717 0.00447586 0.0361716 
0.840535 0.0131728 0.0645616 0.0325224 0.00168392 0.00460058 0.042924 
0.865746 0.0161228 0.0481284 0.0328289 0.00197244 0.00398913 0.0312127 
0.858126 0.018732 0.0501579 0.026134 0.0018651 0.00544074 0.0395441 
0.832667 0.0209849 0.0517712 0.0552047 0.00186738 0.00362265 0.0338818 
0.857801 0.0209228 0.0499927 0.0324711 0.00194188 0.00287965 0.0339912 
0.839248 0.0183014 0.0519697 0.0454892 0.00157408 0.00336995 0.0400476 
0.853148 0.0187589 0.0501365 0.0390306 0.00163491 0.00322894 0.0340626 
0.843032 0.0169135 0.0441788 0.0568491 0.00203596 0.00305159 0.0339391 
0.865621 0.0180406 0.0446685 0.0319528 0.00270224 0.00280273 0.0342123 
0.853847 0.0152224 0.051857 0.0524704 0.00215114 0.00257619 0.0218758 
0.854534 0.016378 0.0479933 0.0485648 0.00251016 0.00287286 0.0271475 
0.838002 0.0155435 0.0492107 0.0645381 0.00227353 0.00277582 0.0276565 
0.854946 0.0129336 0.0591706 0.0489769 0.00212471 0.00139796 0.0204498 
0.866366 0.014091 0.0481163 0.0382492 0.00319051 0.00184872 0.028138 
0.872032 0.0079186 0.0612826 0.0174161 0.00186 0.00255683 0.0369337 
0.849628 0.00741507 0.0689105 0.0233453 0.00223529 0.00246762 0.0459979 
0.817175 0.00720295 0.0716793 0.0195786 0.0017959 0.00206821 0.0805003 
0.809934 0.00579778 0.0815972 0.0188164 0.00175638 0.00301287 0.0790853 
0.825802 0.00616319 0.0803661 0.0226918 0.00174137 0.00410041 0.0591347 
0.822862 0.00541002 0.0900929 0.0170461 0.0017176 0.00383045 0.0590411 
0.79461 0.00496474 0.102027 0.013439 0.0019931 0.00361265 0.079353 
0.794412 0.00470317 0.0926266 0.0112802 0.00220788 0.00441519 0.090355 
0.781296 0.00435207 0.0960412 0.0177827 0.00309997 0.00336318 0.094065 
0.728788 0.00543372 0.0940434 0.0135033 0.00348621 0.00438038 0.150365 
0.773963 0.00444169 0.101413 0.0115082 0.00328011 0.00316513 0.10223 
0.76382 0.00478158 0.0975473 0.00627768 0.00224149 0.00363296 0.121699 
0.734458 0.0050426 0.103163 0.0042964 0.00204811 0.00422558 0.146767 
0.729959 0.00445784 0.110083 0.00958371 0.00213257 0.00403645 0.139747 
0.755364 0.00454559 0.104401 0.0053855 0.00178148 0.00494128 0.123581 
0.771952 0.00421289 0.102226 0.00620436 0.00200785 0.00439715 0.109001 
0.792162 0.00413943 0.107673 0.00724078 0.00303017 0.00279924 0.0829554 
0.725416 0.00434556 0.120419 0.00632627 0.00300397 0.00303487 0.137455 
0.705398 0.00432718 0.129813 0.00577141 0.00227016 0.00240681 0.150013 
0.769189 0.00406062 0.13146 0.00725705 0.00166854 0.00226934 0.0840955 
0.696973 0.00399324 0.142359 0.00395129 0.00172332 0.00217467 0.148825 
0.694393 0.00375135 0.148104 0.00441398 0.00154219 0.00212298 0.145673 
0.73789 0.00399313 0.130407 0.00493714 0.00210385 0.00221916 0.11845 
0.704442 0.00355475 0.152426 0.00373107 0.00133858 0.00235676 0.132151 
0.785178 0.00502193 0.119016 0.00399772 0.00267602 0.00233003 0.0817802 
0.794189 0.00845857 0.0935771 0.00340943 0.00625525 0.00275318 0.0913579 
0.762526 0.00748439 0.105496 0.00223914 0.00501016 0.00298951 0.114255 
0.792385 0.00758062 0.0995179 0.00199797 0.00384564 0.00297031 0.0917028 
0.739116 0.00672455 0.111595 0.00229445 0.00373902 0.00246066 0.13407 
0.750682 0.00445758 0.140575 0.00428043 0.00204291 0.00157054 0.0963915 
0.716258 0.00465439 0.136236 0.0037836 0.00219385 0.0018597 0.135014 
0.618069 0.00428504 0.156818 0.0036847 0.00159167 0.00176304 0.213789 
0.736195 0.00430932 0.137496 0.00688002 0.00264069 0.00185204 0.110627 
0.736601 0.00428319 0.137158 0.0051181 0.00205658 0.00202011 0.112763 
0.750045 0.00368658 0.144231 0.00593276 0.00205495 0.00145434 0.0925955 
0.762709 0.00382622 0.128428 0.00621034 0.00246044 0.00201766 0.0943477 
0.759352 0.0044003 0.128416 0.00641989 0.00311506 0.002127 0.0961694 
0.768187 0.00451559 0.129156 0.00663038 0.00250899 0.00195979 0.0870422 
0.733534 0.0041717 0.139428 0.004596 0.00185662 0.00155811 0.114855 
0.739059 0.0046029 0.13686 0.00450499 0.00255633 0.00188621 0.110531 
0.78106 0.00485639 0.125707 0.00531904 0.00175512 0.00139888 0.0799034 
0.724149 0.00519649 0.129352 0.00376956 0.00207058 0.00167282 0.13379 
0.764839 0.00417258 0.127669 0.00600345 0.00263542 0.00160129 0.0930792 
0.763387 0.00437866 0.134012 0.00489995 0.0018277 0.00164258 0.0898522 
0.69081 0.00399408 0.145822 0.00376825 0.00217204 0.00165862 0.151775 
0.689648 0.00414992 0.152143 0.00291622 0.00222059 0.00171274 0.147209 
0.642225 0.00397399 0.158521 0.00350128 0.00278075 0.00175431 0.187244 
0.698554 0.0042909 0.152981 0.00618807 0.00252808 0.00132728 0.134131 
0.704764 0.00394644 0.152944 0.00812792 0.0026786 0.00131454 0.126225 
0.681493 0.00431503 0.150426 0.00484505 0.00217972 0.00130275 0.155439 
0.70796 0.00416451 0.147396 0.00338088 0.00321628 0.00165642 0.132226 
0.707571 0.00410971 0.152731 0.00416586 0.00171333 0.0015713 0.128137 
0.742137 0.00460726 0.14007 0.00349169 0.0039065 0.00233299 0.103454 
0.704259 0.00343148 0.163048 0.00403578 0.00205759 0.00138235 0.121785 
0.682624 0.00345493 0.170075 0.00509393 0.00175382 0.00152928 0.135469 
0.678515 0.00364293 0.15533 0.00980224 0.00310764 0.00153547 0.148066 
0.628969 0.00379954 0.163451 0.0045361 0.00198113 0.00185012 0.195413 
0.689139 0.00472518 0.128296 0.00684532 0.00466983 0.00236865 0.163957 
0.657307 0.0035835 0.160861 0.0050857 0.00310256 0.0020369 0.168024 
0.72531 0.00402372 0.143188 0.0060044 0.0032577 0.00238839 0.115827 
0.61984 0.00364736 0.174765 0.00498338 0.0022682 0.00171423 0.192781 
0.656464 0.00312672 0.170166 0.00813758 0.00255683 0.00161598 0.157932 
0.637579 0.00316568 0.176932 0.0078001 0.00248983 0.00191303 0.17012 
0.690273 0.00612421 0.14712 0.119774 0.00295842 0.0018556 0.0318952 
0.700335 0.00622782 0.149577 0.0941728 0.00294778 0.00186479 0.0448748 
0.679093 0.0066739 0.165801 0.102099 0.0027905 0.0023427 0.0412006 
0.711034 0.00604068 0.149772 0.0815813 0.00217859 0.00175557 0.0476379 
0.692682 0.00561663 0.158553 0.0871747 0.00257899 0.00163624 0.051758 
0.611705 0.00807806 0.176995 0.134458 0.0038034 0.00322762 0.0617334 
0.646993 0.00680721 0.183412 0.111961 0.00340872 0.00255034 0.0448678 
0.625197 0.00642784 0.213696 0.0949456 0.00300521 0.00237272 0.0543556 
0.651324 0.0062445 0.191773 0.0848019 0.00233989 0.00202689 0.0614902 
0.622249 0.00637323 0.205727 0.0827009 0.0024205 0.00234135 0.0781878 
0.516075 0.0116874 0.2507 0.155521 0.00605369 0.00634446 0.0536181 
0.633612 0.00704037 0.181021 0.125176 0.00366091 0.00252733 0.0469617 
0.631863 0.00655087 0.197805 0.119025 0.00373388 0.00260828 0.0384141 
0.668734 0.00636269 0.16221 0.0986755 0.00326095 0.00166117 0.0590957 
0.702635 0.00542497 0.188182 0.0600194 0.00180462 0.00120535 0.0407282 
0.668099 0.00557878 0.200167 0.077332 0.0021976 0.00175269 0.0448723 
0.682786 0.00562036 0.188405 0.0786493 0.00232121 0.0013234 0.0408953 
0.595304 0.00895572 0.182874 0.140401 0.00370581 0.00254125 0.0662179 
0.622828 0.00847133 0.175604 0.134058 0.00308264 0.00229856 0.0536574 
0.636926 0.00718744 0.183463 0.119606 0.00306257 0.00261004 0.0471453 
0.597406 0.00836351 0.19328 0.147807 0.00368965 0.00313533 0.0463186 
0.548027 0.00855675 0.180348 0.217745 0.00438198 0.00349009 0.0374511 
0.597427 0.00728 0.161846 0.195651 0.00317149 0.00226228 0.0323627 
0.502961 0.0118247 0.213586 0.227737 0.00555758 0.00521728 0.0331162 
0.53522 0.0113014 0.204785 0.206263 0.00477506 0.0045614 0.0330942 
0.599708 0.00819734 0.160277 0.200473 0.00302101 0.00233157 0.0259912 
0.638279 0.00818004 0.17172 0.142748 0.00311005 0.00295758 0.0330045 
0.534122 0.00868331 0.163951 0.245348 0.00483994 0.00366869 0.0393879 
0.603464 0.00914855 0.172311 0.168827 0.0048678 0.00402874 0.0373534 
0.618361 0.00916582 0.185648 0.119722 0.00352756 0.003842 0.0597338 
0.602385 0.00874137 0.202114 0.110762 0.00374864 0.00389558 0.0683532 
0.605834 0.00803353 0.185757 0.150204 0.00422578 0.00306113 0.0428852 
