0.282206 0.084338 0.00869087 0.562928 0.0534318 0.00240093 0.00600466 
0.290026 0.0632806 0.0138941 0.609847 0.0181385 8.96816E-4 0.00391689 
0.395631 0.0273335 0.0212139 0.537886 0.0133933 6.64334E-4 0.00387818 
0.677436 0.0222322 0.0280478 0.240456 0.0225775 0.00108523 0.00816558 
0.682059 0.0165067 0.0322657 0.247142 0.0141879 8.56288E-4 0.00698218 
0.725377 0.0193511 0.0478368 0.190447 0.00782658 7.49035E-4 0.00841188 
0.871222 0.0150478 0.0684076 0.015967 0.00720722 0.00104027 0.0211082 
0.847293 0.0262054 0.056957 0.030878 0.012016 0.00117568 0.0254749 
0.826315 0.0225405 0.0773552 0.0198812 0.00429567 8.9283E-4 0.0487195 
0.871755 0.0159132 0.0706306 0.0167766 0.00483015 9.62369E-4 0.0191325 
0.85364 0.0138975 0.0554241 0.0524337 0.00749735 0.00122714 0.0158802 
0.8224 0.0108878 0.0889801 0.0600397 0.0032008 8.62684E-4 0.0136289 
0.742382 0.010008 0.154443 0.0573378 0.00527744 5.61417E-4 0.0299899 
0.552716 0.00523676 0.15279 0.273496 0.00681167 3.4919E-4 0.00860023 
0.581789 0.00926418 0.115638 0.283648 0.00534755 2.97469E-4 0.00401621 
0.437152 0.0117249 0.148662 0.392827 0.00394431 0.00111172 0.00457846 
0.62248 0.0097628 0.156286 0.19435 0.0105873 0.00108366 0.00545085 
0.678381 0.00722799 0.148496 0.152495 0.00651944 0.00227981 0.00460067 
0.707168 0.0052131 0.213627 0.0442491 0.00972849 0.00994233 0.0100719 
0.688563 0.0050378 0.201184 0.0720514 0.0130846 0.00733971 0.0127402 
0.683547 0.00439007 0.185496 0.0984063 0.0102152 0.00723448 0.010711 
0.805721 0.00925156 0.105842 0.0652667 0.0028133 0.00238626 0.0087196 
0.547719 0.0336257 0.0204532 0.386421 0.00483494 0.00149388 0.00545263 
0.552265 0.0389203 0.0186598 0.377959 0.00704592 0.00112041 0.00402979 
0.58527 0.111911 0.0205866 0.26577 0.00724843 0.00238405 0.0068306 
0.62326 0.0861995 0.0234538 0.250354 0.00838279 0.0015975 0.00675183 
0.529964 0.0865425 0.0214723 0.346796 0.00673723 0.00134755 0.00714072 
0.446335 0.0705107 0.0165738 0.449967 0.0100363 0.00120365 0.00537346 
0.81653 0.0302158 0.0372337 0.101527 0.00562483 0.00187759 0.00699117 
0.76643 0.0291702 0.0387989 0.153176 0.00489185 0.00179794 0.00573506 
0.806686 0.0243583 0.0484182 0.107833 0.00374151 0.00205145 0.00691127 
0.819242 0.0250248 0.044861 0.0978198 0.00470675 0.00121323 0.00713271 
0.859613 0.014693 0.0648783 0.0427861 0.00262185 0.00225551 0.0131521 
0.841926 0.0168971 0.0484906 0.0739723 0.0088272 0.00233847 0.00754878 
0.846691 0.0125977 0.0535549 0.0721677 0.00553667 0.00285765 0.00659407 
0.857473 0.0114354 0.0600097 0.0564264 0.00461866 0.00295157 0.00708511 
0.85802 0.00818997 0.100298 0.0217441 0.00192578 0.00164194 0.00817993 
0.845281 0.00930965 0.0971618 0.0372893 0.002067 0.00166363 0.00722766 
0.85191 0.00722054 0.10542 0.0246517 0.00150351 0.00246156 0.00683227 
0.821327 0.00923392 0.089463 0.0666209 0.00275301 0.00296757 0.00763497 
0.773317 0.00878885 0.0929762 0.112177 0.00427401 0.00204806 0.00641845 
0.780781 0.0108524 0.0803969 0.114699 0.00388264 0.00229033 0.00709742 
0.876756 0.0109136 0.0612085 0.0335646 0.00469246 0.00262791 0.0102371 
0.788414 0.0191472 0.0387014 0.136304 0.00817811 0.00251753 0.00673783 
0.636217 0.0159334 0.0439176 0.289883 0.0067705 0.00139108 0.00588694 
0.788593 0.0258941 0.0391139 0.128771 0.00796435 0.00196478 0.00769831 
0.616357 0.0282908 0.0259761 0.313659 0.0101734 0.0011335 0.00441009 
0.811825 0.033329 0.0263044 0.10668 0.0143269 0.00129953 0.0062349 
0.684292 0.0403239 0.0271247 0.228701 0.0124479 0.00126913 0.00584131 
0.722449 0.0372733 0.0372323 0.189442 0.00632046 0.00100792 0.00627503 
0.707207 0.053284 0.0266521 0.196931 0.00917051 0.0014006 0.00535528 
0.657935 0.0575474 0.0260188 0.242947 0.00849518 0.00171075 0.00534516 
0.649266 0.0293529 0.0454972 0.265282 0.00403334 0.00138996 0.00517847 
0.567111 0.0365005 0.0283077 0.355836 0.00680037 0.00130749 0.0041371 
0.580351 0.0308866 0.0317045 0.34275 0.00653857 0.00224738 0.00552181 
0.589261 0.0283469 0.029966 0.336637 0.00905719 0.00185851 0.00487408 
0.57426 0.0249453 0.0309222 0.35691 0.0071929 0.00220278 0.00356606 
0.309493 0.203843 0.0176315 0.44095 0.0135217 0.00859948 0.0059613 
0.165032 0.12008 0.0108286 0.686002 0.0122926 0.00259448 0.00317046 
0.186785 0.163558 0.00978508 0.600535 0.0309588 0.0041658 0.00421261 
0.188669 0.0817669 0.00675187 0.688313 0.0299366 0.00224183 0.00232066 
0.169612 0.0973106 0.0106165 0.708434 0.00932715 0.00231007 0.00239045 
0.330948 0.199343 0.0128484 0.426216 0.0205884 0.00411112 0.00594476 
0.316171 0.112238 0.0175085 0.541429 0.00642938 0.00245517 0.00376866 
0.444926 0.0791558 0.018542 0.445661 0.00746615 0.00142074 0.00282888 
0.455843 0.0977918 0.0180043 0.411822 0.00972726 0.00208839 0.00472326 
0.440799 0.0521147 0.0149378 0.473448 0.014665 0.00110724 0.00292757 
0.61524 0.122229 0.0157132 0.217361 0.0204106 0.00210185 0.00694415 
0.696811 0.0928609 0.0193795 0.173313 0.00956291 0.00178845 0.00628466 
0.624891 0.0922427 0.0151893 0.240749 0.0193752 0.00131817 0.00623471 
0.699263 0.0481911 0.0208946 0.208576 0.015537 0.00139295 0.00614531 
0.580629 0.0561485 0.0150208 0.319093 0.0216292 0.00136457 0.00611548 
0.66756 0.0448293 0.0168355 0.243552 0.0190171 0.00136814 0.00683778 
0.676052 0.059526 0.0164457 0.223328 0.0165938 0.00142689 0.00662738 
0.681499 0.0422425 0.0212534 0.237289 0.00985639 0.00127934 0.00658047 
0.695938 0.04366 0.0203677 0.217875 0.0120142 0.00141936 0.00872532 
0.719657 0.029912 0.034732 0.200946 0.00560278 0.00114947 0.00800101 
0.75263 0.0413496 0.029056 0.157992 0.00794658 0.00121658 0.00980915 
0.736805 0.0242481 0.0285813 0.191141 0.0085044 0.00142714 0.00929273 
0.779988 0.0186501 0.0362784 0.142509 0.00596168 0.00164542 0.0149679 
0.827238 0.0195543 0.0386164 0.094484 0.00444422 0.00235814 0.0133047 
0.768711 0.0277988 0.032378 0.146855 0.00812119 0.00162319 0.0145125 
0.674025 0.0233983 0.042574 0.244834 0.00455005 0.00118111 0.0094374 
0.648978 0.0259009 0.0412912 0.270217 0.00402407 9.28949E-4 0.00866021 
0.706861 0.035581 0.0307654 0.21362 0.00527474 0.00108305 0.00681475 
0.634951 0.0291426 0.0376325 0.287536 0.00410765 7.99895E-4 0.00583008 
0.769743 0.0348456 0.0280127 0.150793 0.00724136 0.00123946 0.00812479 
0.80259 0.034243 0.026181 0.12036 0.00882072 0.00118569 0.00662027 
0.804971 0.0417223 0.0263648 0.109969 0.0071772 0.00125916 0.00853646 
0.709733 0.0465171 0.0239926 0.201433 0.0090837 0.00106522 0.00817533 
0.78887 0.051556 0.0215133 0.11982 0.0095635 0.00130981 0.00736799 
0.726515 0.0388343 0.019988 0.193624 0.0127452 0.00122171 0.00707183 
0.746901 0.0460306 0.0243596 0.166278 0.00652101 0.00162753 0.00828231 
0.753665 0.0594997 0.0182989 0.138274 0.0184071 0.00171178 0.0101427 
0.833295 0.0473545 0.0180574 0.070977 0.0197976 0.00165524 0.00886322 
0.80746 0.0354471 0.0161821 0.114906 0.0170027 0.00181734 0.00718472 
0.779584 0.0354518 0.0195307 0.144004 0.0136694 0.00144035 0.0063201 
0.801411 0.020941 0.0193388 0.132534 0.0180857 0.0018507 0.00583837 
0.854338 0.0192199 0.0243897 0.0747248 0.0186738 0.00194106 0.00671261 
0.761252 0.032889 0.0220963 0.156605 0.0180912 0.00122358 0.00784292 
0.825767 0.0283325 0.0233309 0.100776 0.0126563 0.00136272 0.00777433 
0.809894 0.0312993 0.0311206 0.109143 0.00796655 0.00130476 0.00927155 
0.770487 0.0378505 0.0230414 0.148653 0.0117662 0.00111657 0.00708448 
0.781765 0.0291708 0.0347392 0.142617 0.00484657 9.09792E-4 0.00595206 
0.837128 0.0236714 0.0353533 0.0931276 0.00402985 0.00130013 0.00539003 
0.80722 0.0248357 0.0277704 0.126576 0.00658989 0.00134719 0.00565987 
0.851382 0.0174271 0.0355859 0.0800381 0.00733311 0.00106297 0.00717114 
0.822148 0.0242838 0.0397108 0.098893 0.00498098 8.52107E-4 0.00913162 
0.775536 0.0205464 0.0393677 0.145433 0.00787963 7.69782E-4 0.0104677 
0.791201 0.0160734 0.033421 0.138274 0.0106353 9.85484E-4 0.00941011 
0.825139 0.0181152 0.0377543 0.100788 0.00707899 0.001067 0.0100573 
0.821779 0.0242824 0.0321846 0.0934299 0.00954572 0.00138629 0.0173917 
0.841056 0.0263884 0.0408209 0.0653041 0.00580495 0.0016739 0.0189514 
0.832961 0.0188897 0.0418759 0.0791629 0.00766634 0.00131932 0.0181251 
0.863828 0.0274392 0.0364692 0.0468089 0.00765787 0.00132594 0.0164704 
0.871236 0.0290406 0.0316406 0.0466316 0.00637993 0.00144769 0.0136236 
0.844583 0.0227885 0.0448022 0.0669196 0.0050459 0.00110984 0.0147509 
0.871122 0.0230371 0.0294464 0.0462356 0.0126697 0.0013666 0.0161229 
0.859299 0.0221456 0.0384857 0.0536088 0.00522276 0.0014814 0.019757 
0.850809 0.0272342 0.0331399 0.0639654 0.00784331 0.00138323 0.0156245 
0.877765 0.0227919 0.0399811 0.0340016 0.00477122 0.00166127 0.019028 
0.867074 0.0314233 0.0333612 0.0427995 0.00821232 0.00145754 0.0156719 
0.86528 0.0284918 0.0347545 0.0509011 0.00670242 0.00143556 0.0124345 
0.881687 0.0158055 0.0398727 0.044949 0.00661747 0.00121986 0.00984884 
0.866935 0.0297938 0.0308928 0.0377426 0.011775 0.00171539 0.0211454 
0.821202 0.0107761 0.0633584 0.0919515 0.00441911 0.00164018 0.00665296 
0.8347 0.0105844 0.0554638 0.0832525 0.00725036 0.0017092 0.00704031 
0.79377 0.011984 0.056658 0.11973 0.00851938 0.00146713 0.00787166 
0.789961 0.0164912 0.0515988 0.123483 0.0102247 0.00122009 0.00702099 
0.763169 0.0165788 0.0785125 0.12563 0.00624359 8.17526E-4 0.00904898 
0.809981 0.013128 0.0932225 0.0726599 0.00266545 9.55501E-4 0.00738806 
0.728768 0.015512 0.0911872 0.153228 0.00416702 6.51375E-4 0.0064865 
0.79135 0.0129332 0.0925037 0.088384 0.00512094 9.01261E-4 0.00880666 
0.803532 0.0180792 0.049432 0.109956 0.0108329 0.00120182 0.00696643 
0.810252 0.0166153 0.0601071 0.0964809 0.00863116 9.58978E-4 0.00695411 
0.795131 0.013889 0.0553668 0.120947 0.00836126 0.00113952 0.00516514 
0.830734 0.0134069 0.0445254 0.0899014 0.0130777 0.00216214 0.00619264 
0.841584 0.0104883 0.062007 0.0688608 0.00959617 0.00123829 0.00622533 
0.80277 0.0118157 0.056225 0.10897 0.0121597 0.00133048 0.00672915 
0.802087 0.012894 0.0710684 0.0933094 0.01226 0.00100177 0.00737916 
0.796172 0.0109072 0.0706852 0.110695 0.00659989 9.83624E-4 0.00395756 
0.765003 0.0146367 0.0456935 0.154544 0.0140372 0.00115034 0.0049355 
0.784127 0.0196729 0.0374284 0.138388 0.0146325 9.87304E-4 0.00476385 
0.848951 0.0137768 0.0586073 0.0662796 0.00560006 0.00197602 0.00480881 
0.851266 0.010343 0.067067 0.0584236 0.00516522 0.00153697 0.00619837 
0.795676 0.0069004 0.0889212 0.0937673 0.00525366 0.00232856 0.00715318 
0.780335 0.00580426 0.118379 0.0741013 0.00371892 0.00710617 0.0105555 
0.817707 0.00400128 0.118482 0.0385794 0.0034728 0.00407757 0.0136796 
0.785335 0.00412074 0.146221 0.0283468 0.0026481 0.0089891 0.024339 
0.796966 0.00610089 0.112951 0.0489186 0.0102446 0.00749732 0.0173219 
0.764443 0.00989742 0.105956 0.0618639 0.010993 0.0284087 0.0184376 
0.53413 0.00866054 0.103298 0.30627 0.012827 0.0207786 0.0140354 
0.777817 0.00930965 0.105816 0.0799603 0.00508437 0.011019 0.0109931 
0.78596 0.00637828 0.136154 0.0400146 0.0024924 0.0105216 0.0184794 
0.7752 0.00577251 0.142907 0.0465936 0.00228944 0.00913806 0.018099 
0.831771 0.00949716 0.0790739 0.0584715 0.00857462 0.00461535 0.00799615 
0.785011 0.0197493 0.0680653 0.100054 0.0172101 0.00238826 0.0075217 
0.854989 0.0197324 0.0746411 0.0247335 0.0126387 0.0031651 0.0101005 
0.819908 0.0122814 0.0831954 0.0566628 0.0157204 0.00292079 0.00931077 
0.835444 0.0154219 0.0676921 0.0617942 0.00764269 0.00281299 0.00919194 
0.621871 0.0270035 0.0236101 0.311391 0.0106963 0.00191856 0.0035102 
0.301255 0.116269 0.013083 0.54066 0.0215504 0.00288429 0.00429854 
0.381559 0.173411 0.0160634 0.404792 0.0158162 0.00419501 0.00416287 
0.213026 0.13815 0.0166807 0.621564 0.00536565 0.00247322 0.00274065 
0.119523 0.427817 0.0084467 0.395152 0.03887 0.00540195 0.0047894 
0.11733 0.291415 0.0227619 0.330428 0.199427 0.0201975 0.018439 
0.0993221 0.256141 0.0161176 0.471879 0.130866 0.0126276 0.0130464 
0.0676437 0.0940203 0.00518437 0.812649 0.0171682 0.00122344 0.002111 
0.767294 0.0306113 0.0395106 0.14805 0.00746145 0.00254388 0.00452905 
0.65281 0.0378885 0.0298218 0.263761 0.00932968 0.00211948 0.00426945 
0.761676 0.0273757 0.0313953 0.162028 0.0117293 0.00232451 0.00347049 
0.72455 0.0303057 0.0322912 0.197307 0.00963564 0.00212453 0.00378612 
0.781158 0.0354327 0.0355505 0.133549 0.00668395 0.00243212 0.00519432 
0.701307 0.0238693 0.0411392 0.220822 0.0063734 0.00246197 0.00402709 
0.838021 0.0251051 0.0451323 0.0802226 0.00513627 0.00277494 0.00360792 
0.739392 0.0227101 0.042555 0.182585 0.00626736 0.0028802 0.00360997 
0.681913 0.0252403 0.0319536 0.24434 0.0112482 0.00178936 0.0035153 
0.763265 0.0248798 0.0443045 0.151432 0.00845239 0.00196261 0.00570361 
0.773168 0.0202282 0.0435668 0.134941 0.0189872 0.0032007 0.00590852 
0.776092 0.0196483 0.0523921 0.137301 0.00666222 0.00318062 0.00472401 
0.790885 0.014432 0.0743533 0.109256 0.00331754 0.00266403 0.00509172 
0.685954 0.0219693 0.0321296 0.237391 0.0143317 0.00381422 0.00441004 
0.708001 0.0163078 0.0407576 0.207149 0.0188658 0.00494981 0.00396851 
0.737876 0.0176807 0.0376266 0.179867 0.0158364 0.00731967 0.00379349 
0.790901 0.0170233 0.0534317 0.112445 0.0175716 0.00266746 0.00596072 
0.736753 0.0214511 0.0574994 0.169469 0.00724791 0.00174443 0.00583573 
0.72693 0.018851 0.0322308 0.193327 0.0208706 0.00325022 0.00454045 
0.743314 0.0175132 0.0513682 0.17211 0.00859217 0.00342792 0.00367433 
0.811354 0.0259136 0.0274011 0.098451 0.029081 0.00326919 0.00452975 
0.586102 0.0179741 0.0245708 0.341566 0.0244414 0.00221669 0.00312815 
0.593762 0.0208077 0.0184341 0.325596 0.0360858 0.00200083 0.00331346 
0.570206 0.0179327 0.0274661 0.353474 0.0260416 0.00157351 0.00330575 
0.526941 0.0164228 0.0202873 0.398439 0.0326682 0.00216699 0.00307382 
0.520684 0.0161043 0.0187026 0.408073 0.0314793 0.00168443 0.00327195 
0.60594 0.0129807 0.0284032 0.326989 0.020061 0.00223637 0.00338957 
0.705034 0.0377098 0.0314894 0.210748 0.0086386 0.00228822 0.00409143 
0.683053 0.0434769 0.0200876 0.220926 0.0260352 0.00265864 0.00376289 
0.752134 0.0303231 0.0268837 0.169115 0.0151858 0.00288505 0.00347389 
0.594536 0.0147369 0.0501949 0.323701 0.0122164 0.00120723 0.00340702 
0.552578 0.0129234 0.0410013 0.367994 0.0214864 9.12107E-4 0.00310551 
0.734489 0.0162195 0.0326877 0.16828 0.0417312 0.00186123 0.00473208 
0.735825 0.0266497 0.083629 0.14371 0.00566978 0.00101931 0.00349651 
0.743933 0.0177568 0.0767021 0.148802 0.0079213 0.00132194 0.00356315 
0.711177 0.0173555 0.0734085 0.185488 0.00821225 0.00132125 0.00303688 
0.667787 0.0139164 0.0806136 0.22302 0.00987431 0.00141591 0.00337307 
0.75912 0.0121539 0.0753903 0.139266 0.0101877 0.00162532 0.00225751 
0.778424 0.0125725 0.063046 0.130603 0.00954075 0.00298294 0.00283048 
0.686031 0.0126098 0.0460224 0.233322 0.0164588 0.00269004 0.00286593 
0.626715 0.0150762 0.0470897 0.294831 0.0101782 0.00197455 0.00413479 
0.63524 0.0223247 0.0327946 0.290439 0.0143822 0.00159217 0.00322737 
0.67223 0.025418 0.0377309 0.251276 0.00855352 0.00105571 0.00373596 
0.663253 0.0354662 0.0233895 0.260705 0.0124207 0.00149027 0.00327549 
0.583257 0.0408063 0.0178168 0.331623 0.0225475 9.64479E-4 0.00298545 
0.476679 0.0372035 0.0273839 0.448498 0.00674073 5.21343E-4 0.00297376 
0.505383 0.0484272 0.0231302 0.40718 0.0104255 7.90909E-4 0.0046631 
0.549617 0.0405005 0.0235676 0.371105 0.00982965 9.33062E-4 0.00444698 
0.651175 0.0268032 0.0330444 0.275511 0.00909344 0.00103723 0.00333586 
0.56052 0.0213289 0.0279956 0.374446 0.0117604 0.00102058 0.0029278 
0.562082 0.0159675 0.055532 0.356118 0.0064842 7.27437E-4 0.00308926 
0.547547 0.0131598 0.077192 0.354383 0.00392932 7.80858E-4 0.00300782 
0.674152 0.0159347 0.0629636 0.23834 0.00530866 9.76323E-4 0.00232448 
0.651744 0.0199327 0.032354 0.27612 0.0152743 8.65803E-4 0.00370955 
0.58273 0.0208803 0.0638381 0.324709 0.00420733 6.21307E-4 0.00301383 
0.369129 0.0207985 0.0295978 0.570945 0.00679303 4.1092E-4 0.00232556 
0.35708 0.0238122 0.0386255 0.572924 0.00449249 4.56067E-4 0.00261057 
0.422501 0.0354363 0.0243416 0.501349 0.0122314 5.84746E-4 0.00355598 
0.556252 0.0489619 0.0314947 0.341646 0.0164373 8.29916E-4 0.00437849 
0.439174 0.0479072 0.0294011 0.461436 0.0176359 8.99079E-4 0.00354644 
0.381648 0.0277661 0.0242563 0.54207 0.0203114 6.40388E-4 0.0033079 
0.482629 0.0332182 0.0255607 0.432905 0.0218117 7.64348E-4 0.00311111 
0.509708 0.047725 0.0230167 0.397137 0.0178773 0.00106706 0.0034695 
0.357588 0.0361129 0.0180244 0.567944 0.0170342 6.64418E-4 0.002632 
0.247537 0.0369064 0.0142713 0.686496 0.0121125 6.00501E-4 0.00207553 
0.364388 0.0664876 0.0152958 0.51921 0.0290193 0.00122387 0.00437574 
0.309457 0.0377514 0.0164094 0.619038 0.0144317 5.97448E-4 0.00231528 
0.45163 0.0274066 0.0454782 0.465972 0.00644935 4.52879E-4 0.00261069 
0.431259 0.0342645 0.0283406 0.487682 0.0148984 5.5478E-4 0.00300063 
0.327273 0.0386807 0.0248802 0.597162 0.00896838 4.79786E-4 0.00255613 
0.313983 0.0163833 0.0227223 0.635068 0.00959734 4.32279E-4 0.00181352 
0.489226 0.0105111 0.0965448 0.391179 0.00885699 0.00101348 0.00266791 
0.605611 0.0100932 0.0670151 0.300059 0.0133921 6.37894E-4 0.00319159 
0.54773 0.0151966 0.0416072 0.367661 0.0237633 6.36785E-4 0.00340458 
0.614047 0.0224741 0.0408605 0.295762 0.022573 6.94139E-4 0.00358921 
0.449319 0.0201065 0.0407353 0.475622 0.0113404 4.03701E-4 0.00247313 
0.433245 0.0183859 0.0280723 0.500304 0.0169722 4.18083E-4 0.00260277 
0.441949 0.0171052 0.0208847 0.496033 0.0208659 5.65185E-4 0.00259693 
0.441004 0.0239295 0.0269126 0.494579 0.0106754 4.70046E-4 0.00242928 
0.367921 0.0174604 0.0342572 0.569813 0.00816218 2.99413E-4 0.00208688 
0.404515 0.0245245 0.0258008 0.531066 0.0112449 4.61287E-4 0.00238703 
0.512012 0.0252643 0.0282853 0.412643 0.0184882 5.63701E-4 0.00274276 
0.578906 0.0232836 0.0526299 0.332349 0.00925974 5.23281E-4 0.00304914 
0.625863 0.0259499 0.045081 0.286209 0.0108221 7.87226E-4 0.0052883 
0.731759 0.0339634 0.0384263 0.173818 0.0153549 0.00123122 0.00544747 
0.668269 0.036588 0.0407399 0.239131 0.0102638 0.00120347 0.00380523 
0.516444 0.0348307 0.0286223 0.40189 0.0136718 8.45572E-4 0.00369593 
0.526501 0.0294902 0.0264083 0.397044 0.0159635 8.26693E-4 0.00376716 
0.510064 0.0204997 0.0257513 0.427397 0.0128438 9.45792E-4 0.00249849 
0.489494 0.0265374 0.0279721 0.437935 0.014238 7.72289E-4 0.00305072 
0.585833 0.0290512 0.0342809 0.337166 0.00980995 8.41574E-4 0.00301734 
0.487621 0.0317891 0.0161954 0.431833 0.0283741 9.06257E-4 0.00328113 
0.409071 0.0287493 0.0162428 0.528165 0.0140991 7.27698E-4 0.00294511 
0.470292 0.0279598 0.0207347 0.460868 0.015795 7.66268E-4 0.00358449 
0.396899 0.0247941 0.0189834 0.542244 0.0135536 7.2124E-4 0.0028047 
0.43012 0.0423063 0.017769 0.491348 0.0145809 7.55045E-4 0.00312002 
0.40227 0.0387425 0.0121198 0.512562 0.0302521 7.48199E-4 0.00330546 
0.415619 0.0309459 0.0168982 0.514982 0.0182328 5.348E-4 0.00278739 
0.52036 0.0330077 0.0298384 0.402236 0.011074 5.58254E-4 0.0029261 
0.66464 0.0375682 0.0293253 0.253078 0.0122128 9.15662E-4 0.00225984 
0.456035 0.0300547 0.0230378 0.477087 0.0109183 5.6718E-4 0.00230028 
0.470167 0.0298267 0.0315453 0.45723 0.00870385 4.92042E-4 0.0020352 
0.327628 0.0377562 0.015896 0.595168 0.0205822 5.65118E-4 0.00240424 
0.396119 0.0264162 0.0324921 0.530846 0.0121341 4.56437E-4 0.00153629 
0.278113 0.0186739 0.0409054 0.653481 0.00734733 3.51379E-4 0.00112697 
0.433102 0.0369685 0.0265392 0.480807 0.0195363 7.63871E-4 0.00228334 
0.261622 0.0178263 0.0182733 0.685281 0.0153241 4.67025E-4 0.00120697 
0.366701 0.0294634 0.0164476 0.558932 0.0258747 8.71701E-4 0.00171031 
0.3732 0.0207427 0.0200922 0.563076 0.0205736 6.11266E-4 0.00170403 
0.596902 0.0238203 0.0297745 0.318294 0.0279286 0.0010567 0.00222347 
0.480498 0.02154 0.014114 0.432913 0.0464442 0.00146876 0.00302169 
0.574133 0.0115762 0.0480523 0.335133 0.0189698 0.00791621 0.00421951 
0.597424 0.0104893 0.0404926 0.316741 0.0272475 0.00414117 0.00346464 
0.605284 0.0140326 0.0410285 0.309175 0.0223817 0.00431192 0.00378685 
0.682739 0.011429 0.0446341 0.236432 0.0181756 0.00344081 0.00314934 
0.573988 0.0114108 0.0395781 0.355838 0.0148522 0.0018826 0.00244999 
0.540295 0.0158016 0.0306076 0.389698 0.0193739 0.0014238 0.00280091 
0.495473 0.0142461 0.022074 0.434657 0.0294041 0.00128928 0.00285666 
0.680432 0.0184483 0.0291733 0.226418 0.0394869 0.00190512 0.00413709 
0.638989 0.0134687 0.0593973 0.264578 0.0149879 0.00533771 0.00324126 
0.65053 0.00931191 0.116438 0.18437 0.0208608 0.0132026 0.00528649 
0.614524 0.00926238 0.142107 0.211334 0.00747908 0.00768572 0.00760788 
0.478715 0.0074427 0.047156 0.450197 0.0111303 0.00175606 0.00360329 
0.324367 0.0118872 0.0208393 0.631693 0.00794329 0.00118052 0.00208943 
0.402531 0.0156321 0.0230229 0.547206 0.00801152 0.00126851 0.00232764 
0.423588 0.0201 0.0663785 0.481716 0.00193681 0.00193604 0.0043455 
0.299672 0.0162897 0.0817176 0.594753 0.00179556 0.00169386 0.00407833 
0.538822 0.0223128 0.0715466 0.360525 0.00206661 0.00116224 0.00356475 
0.459674 0.0342955 0.0341791 0.464223 0.00385554 7.57465E-4 0.00301514 
0.529894 0.0414869 0.0198991 0.389496 0.0141488 9.84701E-4 0.00409044 
0.561513 0.0689418 0.0187707 0.326077 0.0184499 0.00139161 0.0048556 
0.290657 0.0469754 0.0116976 0.619551 0.0259079 0.00122251 0.00398792 
0.523746 0.034471 0.0172728 0.396023 0.0237249 0.00129507 0.00346805 
0.365631 0.022255 0.0147298 0.576762 0.017768 9.15882E-4 0.00193787 
0.45405 0.0290297 0.0201054 0.481513 0.0118795 0.00127294 0.00215007 
0.475275 0.0463384 0.0171286 0.437541 0.019388 0.00137857 0.00294968 
0.581509 0.039429 0.0193048 0.326508 0.028618 0.00108143 0.00354962 
0.370514 0.0293277 0.0179319 0.567461 0.0116105 7.32915E-4 0.00242192 
0.239954 0.027693 0.0106755 0.70299 0.0153748 7.3545E-4 0.00257726 
0.164485 0.027652 0.00726623 0.777043 0.0203389 6.82957E-4 0.00253183 
0.196815 0.0265945 0.00775097 0.745078 0.0205816 6.36971E-4 0.00254332 
0.327528 0.0429772 0.0121661 0.591202 0.0215301 0.00102552 0.00357072 
0.245815 0.0236665 0.00808178 0.690244 0.0289165 6.33709E-4 0.00264199 
0.284254 0.0333138 0.00881509 0.631014 0.0380715 0.0010255 0.00350582 
0.375864 0.0349911 0.0122277 0.542044 0.029879 0.00107507 0.00391877 
0.434415 0.0366419 0.0152418 0.485177 0.0236485 0.00107647 0.00380003 
0.408245 0.0256742 0.0198363 0.531371 0.0117972 6.86913E-4 0.00238934 
0.275606 0.033705 0.0144068 0.662679 0.0105253 6.96168E-4 0.00238226 
0.297976 0.031486 0.0167521 0.639655 0.0110196 5.51489E-4 0.00255913 
0.360112 0.0267632 0.0149629 0.578557 0.0167955 6.68488E-4 0.00214066 
0.518411 0.0356836 0.0178172 0.399647 0.023972 0.00114368 0.00332606 
0.417004 0.0354829 0.0156416 0.508039 0.0201471 9.61534E-4 0.00272396 
0.370129 0.0263501 0.0156187 0.561162 0.0237032 6.27721E-4 0.00240926 
0.338323 0.0322969 0.0127458 0.580343 0.0324536 8.68445E-4 0.00296886 
0.325445 0.0449586 0.0146011 0.584254 0.026544 9.1016E-4 0.00328784 
0.275518 0.0191438 0.0164975 0.672537 0.0141867 3.54332E-4 0.00176264 
0.455194 0.0442833 0.0205312 0.456588 0.0199817 7.06619E-4 0.00271539 
0.214194 0.0196582 0.0134481 0.740302 0.0106215 3.99454E-4 0.00137699 
0.23167 0.0171234 0.0123023 0.720582 0.016328 3.70234E-4 0.00162411 
0.285963 0.0154362 0.0149428 0.661284 0.0199176 4.76097E-4 0.00198039 
0.248659 0.0163745 0.0136494 0.69499 0.0239035 4.16117E-4 0.00200806 
0.266948 0.0133486 0.0184038 0.679097 0.0201025 3.47291E-4 0.00175275 
0.43236 0.0197018 0.0272483 0.498761 0.0193395 5.31376E-4 0.00205806 
0.408563 0.0202122 0.0223184 0.52458 0.0214994 4.99014E-4 0.00232774 
0.304953 0.0199163 0.019345 0.63695 0.0164271 4.0569E-4 0.00200268 
0.374197 0.0243401 0.0234074 0.561935 0.0131909 5.09537E-4 0.00242064 
0.429123 0.0298518 0.0235848 0.495046 0.0188614 5.71434E-4 0.00296172 
0.602638 0.0358609 0.0365827 0.304757 0.0163021 7.21102E-4 0.00313815 
0.594771 0.0264482 0.0326596 0.324682 0.0180652 7.54108E-4 0.00262039 
0.492603 0.0286927 0.0290388 0.433506 0.0135393 6.43148E-4 0.00197706 
0.543599 0.0271037 0.0239156 0.380553 0.0213021 8.79412E-4 0.00264706 
0.547938 0.0255678 0.0297628 0.38025 0.0129809 7.82191E-4 0.00271884 
0.42289 0.0135472 0.0290111 0.520527 0.0110255 6.79735E-4 0.00231967 
0.603519 0.0184605 0.0448409 0.319686 0.00956674 0.0012692 0.00265823 
0.54273 0.0203387 0.0283074 0.388909 0.0155896 0.00126708 0.00285802 
0.451789 0.0159633 0.0442756 0.478749 0.00624789 9.21193E-4 0.00205379 
0.522372 0.0217419 0.026329 0.410122 0.0159817 8.82134E-4 0.00257076 
0.411053 0.0257546 0.0212437 0.52615 0.0129142 6.99771E-4 0.00218475 
0.376755 0.022829 0.0184684 0.564054 0.0153881 7.33386E-4 0.0017722 
0.326148 0.0276137 0.00952301 0.599169 0.0333048 0.00244102 0.00179956 
0.373416 0.0380004 0.0108548 0.546281 0.027505 0.00221917 0.00172388 
0.750611 0.0435012 0.018114 0.141208 0.0403345 0.00322556 0.00300514 
0.313367 0.0302016 0.0108879 0.617106 0.0249493 0.0016968 0.00179085 
0.647992 0.0386222 0.026184 0.256212 0.0266002 0.00164419 0.00274482 
0.320605 0.0268295 0.0169232 0.619482 0.0136527 0.00112749 0.00137994 
0.4175 0.054837 0.0169515 0.486451 0.0201449 0.00190028 0.00221465 
0.611115 0.0344549 0.0178011 0.283739 0.047569 0.00183713 0.0034841 
0.653513 0.0212344 0.0288958 0.270587 0.0213238 0.00211918 0.00232692 
0.712121 0.0183017 0.0314821 0.212343 0.0217893 0.00150938 0.00245413 
0.300486 0.00996056 0.0754534 0.606966 0.00373471 9.10814E-4 0.00248874 
0.710142 0.013167 0.074746 0.18994 0.00760583 8.18964E-4 0.00358043 
0.412682 0.00835257 0.0468469 0.520792 0.00882075 7.87348E-4 0.00171854 
0.517207 0.0128938 0.0303782 0.420844 0.0156163 0.00100258 0.00205851 
0.614145 0.0261124 0.0224648 0.314526 0.0185962 0.00154499 0.00261097 
0.471561 0.0296696 0.0281412 0.460126 0.00803725 0.00100866 0.00145683 
0.638067 0.0301578 0.026604 0.285168 0.0166757 0.00136627 0.00196134 
0.445797 0.0250966 0.0209564 0.494113 0.0113767 0.00120886 0.0014513 
0.540391 0.0331911 0.0276021 0.386531 0.0089262 0.00128156 0.00207704 
0.438147 0.0252612 0.0275338 0.500149 0.00627336 0.00128105 0.00135444 
0.51303 0.0199214 0.0581524 0.40045 0.00377834 0.00245758 0.0022095 
0.572099 0.026417 0.0482405 0.345106 0.0040832 0.00206171 0.00199181 
0.527341 0.0203759 0.0577935 0.38575 0.00409972 0.00253912 0.00210069 
0.447256 0.0279079 0.0314642 0.485005 0.00494589 0.00167348 0.00174787 
0.398509 0.0220645 0.0260964 0.544235 0.0058878 0.00186689 0.00134031 
0.481688 0.0291363 0.025398 0.453883 0.00664484 0.00162239 0.00162742 
0.182999 0.0237053 0.011537 0.774265 0.00555484 8.6564E-4 0.00107345 
0.326288 0.0347555 0.0174956 0.61131 0.00689634 0.00167374 0.00158132 
0.393873 0.0388094 0.0180618 0.533813 0.0115994 0.00217157 0.00167218 
0.35967 0.0381637 0.0160255 0.567921 0.0135728 0.00239215 0.00225457 
0.500696 0.0247177 0.0229904 0.43211 0.0152681 0.00229474 0.00192363 
0.527839 0.0291762 0.0189501 0.397649 0.0219574 0.00218496 0.00224316 
0.394976 0.0376864 0.013271 0.526381 0.0235888 0.00214121 0.00195562 
0.382115 0.0355095 0.0142326 0.543221 0.020605 0.00237419 0.00194233 
0.361005 0.036485 0.0154836 0.566663 0.016596 0.00188142 0.00188624 
0.530598 0.026205 0.0309719 0.399782 0.00921908 0.00151981 0.00170424 
0.361704 0.0172642 0.0194803 0.58497 0.013526 0.0014527 0.00160242 
0.377534 0.0248368 0.0137836 0.55774 0.0224696 0.00171017 0.0019258 
0.345858 0.0144732 0.0181583 0.600534 0.0171201 0.00190325 0.00195303 
0.289265 0.021598 0.0192367 0.657652 0.00898829 0.00167778 0.00158219 
0.402491 0.0214035 0.0260474 0.535682 0.0106151 0.00202269 0.00173824 
0.366635 0.0164806 0.022066 0.577733 0.013512 0.0017474 0.00182557 
0.424861 0.0344168 0.0168914 0.501433 0.0186536 0.00146258 0.00228219 
0.480558 0.0254851 0.0255527 0.453951 0.0111948 0.00121576 0.00204271 
0.638394 0.0261848 0.0284885 0.290947 0.0115824 0.00178571 0.00261688 
0.453481 0.0283564 0.0241978 0.482967 0.0074936 0.00159997 0.00190509 
0.332114 0.0323163 0.0147825 0.608665 0.00888458 0.00132356 0.00191415 
0.241481 0.0268339 0.0103285 0.707364 0.0113206 0.00103412 0.00163795 
0.404371 0.0430513 0.011757 0.50954 0.0272477 0.00145019 0.00258245 
0.355152 0.0620032 0.0119486 0.543348 0.0231347 0.00152061 0.00289232 
0.268571 0.0307025 0.0113723 0.671885 0.0145592 7.1628E-4 0.00219323 
0.300375 0.0354299 0.0103929 0.627916 0.0223964 8.54059E-4 0.00263539 
0.241469 0.0506613 0.00970465 0.666201 0.0270681 0.00158865 0.00330752 
0.206337 0.0462084 0.00715502 0.706048 0.0303966 0.0013821 0.00247261 
0.25994 0.0493003 0.00823702 0.651593 0.0271091 0.00155824 0.00226239 
0.445655 0.0518004 0.0127442 0.45723 0.0273855 0.00234068 0.00284412 
0.399909 0.0361437 0.0134156 0.527167 0.0193541 0.00195823 0.00205263 
0.262553 0.0318387 0.010657 0.676603 0.0150822 0.00168477 0.00158177 
0.739435 0.0333142 0.0268719 0.179807 0.0162338 0.00183898 0.00249882 
0.286975 0.0299284 0.0135243 0.651026 0.0146085 0.00193854 0.00199876 
0.203534 0.0200612 0.010622 0.752827 0.0101524 0.00118301 0.00162018 
0.585896 0.0445509 0.046227 0.314892 0.00514434 7.37148E-4 0.0025528 
0.124553 0.0509543 0.0100053 0.798756 0.0122502 9.95405E-4 0.00248633 
0.255265 0.0293739 0.00817889 0.679693 0.0247076 7.32126E-4 0.0020497 
0.374517 0.0189194 0.0155762 0.570177 0.0181392 5.46761E-4 0.00212515 
0.086642 0.0137035 0.00422042 0.884344 0.00986543 3.69029E-4 8.55098E-4 
0.533975 0.0293409 0.0165403 0.383983 0.0320684 9.75975E-4 0.00311652 
0.286277 0.0248929 0.00977743 0.651871 0.0246708 6.90317E-4 0.00182091 
0.096984 0.0123486 0.00340231 0.849873 0.0359933 4.20552E-4 9.78408E-4 
0.514225 0.0135108 0.019942 0.421002 0.0278929 9.06049E-4 0.00252097 
0.52262 0.0339222 0.0197443 0.398691 0.0216457 8.55167E-4 0.00252178 
0.457382 0.0445322 0.0146461 0.442466 0.0368819 9.57688E-4 0.00313424 
0.504717 0.0456497 0.0270349 0.40014 0.0192949 7.62034E-4 0.00240106 
0.227631 0.0488365 0.0128347 0.685093 0.0219168 9.7432E-4 0.00271381 
0.554801 0.0618687 0.0243087 0.335813 0.0193251 0.0012241 0.00265937 
0.248287 0.0505173 0.0138935 0.652934 0.0294314 0.00153392 0.00340259 
0.328134 0.0472357 0.0160394 0.589988 0.0154843 9.60059E-4 0.00215837 
0.259943 0.015004 0.0194016 0.696352 0.007862 3.8042E-4 0.00105698 
0.187762 0.0112169 0.0179715 0.77594 0.00605565 3.18209E-4 7.35206E-4 
0.436682 0.0190996 0.0480624 0.488098 0.00598505 6.03913E-4 0.00146903 
0.378611 0.0301622 0.0184884 0.555072 0.0151269 5.75408E-4 0.00196348 
0.475831 0.0396347 0.0172892 0.437145 0.0259372 8.09409E-4 0.00335395 
0.444072 0.0561701 0.0160168 0.453907 0.0250346 8.69488E-4 0.00392916 
0.411895 0.0646248 0.0159955 0.474215 0.0278611 9.13054E-4 0.00449563 
0.493513 0.0606071 0.0148202 0.383161 0.041193 0.00118829 0.00551748 
0.412767 0.0546443 0.0141673 0.479079 0.0334462 0.00104483 0.00485132 
0.468196 0.0542565 0.0221494 0.434137 0.0171681 6.83686E-4 0.00340864 
0.490944 0.0608215 0.0174987 0.392482 0.0326527 0.00102844 0.00457199 
0.402735 0.0355926 0.0151455 0.521502 0.0220578 7.16019E-4 0.00225093 
0.439568 0.0763835 0.0153758 0.434355 0.0293922 0.00107321 0.00385252 
0.253691 0.0368968 0.014204 0.681909 0.0109542 6.03706E-4 0.00174112 
0.319344 0.0301247 0.0142918 0.613774 0.0192433 0.00129399 0.00192792 
0.308128 0.0180206 0.0144138 0.635264 0.0209199 0.00130327 0.00195044 
0.467131 0.0213211 0.0242995 0.457371 0.0263157 0.00167099 0.00188992 
0.351408 0.023247 0.0141185 0.578016 0.0297051 0.00156088 0.00194479 
0.374456 0.0543644 0.0170221 0.535825 0.0147292 0.00122937 0.00237463 
0.246258 0.0372775 0.0113184 0.690844 0.0116923 9.06936E-4 0.00170278 
0.124928 0.0303967 0.00865082 0.830681 0.00342787 6.47535E-4 0.0012681 
0.263409 0.0399602 0.0141161 0.674208 0.00614671 6.8451E-4 0.00147463 
0.131756 0.0311572 0.00893603 0.822215 0.00433314 5.80827E-4 0.00102184 
0.149115 0.0477234 0.0090483 0.777223 0.0147773 5.71185E-4 0.0015422 
0.12205 0.0288927 0.00719616 0.824189 0.0157602 4.481E-4 0.00146461 
0.0672679 0.0429456 0.00464659 0.865502 0.0175075 6.51415E-4 0.00147906 
0.290287 0.0234466 0.0174249 0.653915 0.013109 4.37911E-4 0.00138039 
0.190247 0.0274051 0.0122061 0.760789 0.00777047 3.70832E-4 0.00121106 
0.408587 0.0321258 0.0255907 0.524167 0.00726223 4.44693E-4 0.00182285 
0.352139 0.0231603 0.0157462 0.58845 0.0167275 4.98899E-4 0.0032777 
0.344903 0.053607 0.0126571 0.563231 0.0199367 0.00120866 0.00445619 
0.52566 0.032241 0.0171951 0.402519 0.0174416 9.62411E-4 0.00398083 
0.529252 0.0427274 0.0147024 0.392324 0.0161109 0.00100443 0.00387907 
0.468361 0.028116 0.0158214 0.471958 0.0126608 6.69543E-4 0.00241254 
0.347714 0.0310594 0.00766864 0.569038 0.0404534 7.78502E-4 0.00328898 
0.509641 0.0424247 0.0125416 0.405387 0.0255923 9.73848E-4 0.00343973 
0.426607 0.0207722 0.0150226 0.519789 0.0139007 7.61096E-4 0.00314711 
0.418436 0.0142145 0.0447844 0.51323 0.00653838 4.0521E-4 0.0023919 
0.522379 0.0205294 0.106383 0.340356 0.00433614 0.00148715 0.0045291 
0.158562 0.0124653 0.0110677 0.81355 0.00290729 2.59095E-4 0.00118831 
0.193908 0.0141719 0.028166 0.760463 0.00178746 2.75329E-4 0.00122768 
0.243421 0.0154005 0.0283784 0.708353 0.00219135 3.00528E-4 0.00195554 
0.32586 0.0164314 0.0370772 0.615761 0.00270454 4.10376E-4 0.00175585 
0.206367 0.00987608 0.0200088 0.758666 0.00360502 2.81239E-4 0.00119599 
0.240691 0.012979 0.0181298 0.719715 0.00645658 2.38969E-4 0.00179026 
0.225893 0.0163598 0.0316368 0.721688 0.00253876 2.93193E-4 0.00159042 
0.252348 0.0230339 0.0264354 0.693209 0.00311791 3.06748E-4 0.00154948 
0.38449 0.0242767 0.0208749 0.558049 0.00926404 4.49078E-4 0.00259644 
0.455702 0.018007 0.0214393 0.4867 0.0152321 5.35673E-4 0.00238409 
0.220923 0.00911453 0.0141258 0.747049 0.00701767 2.55468E-4 0.00151383 
0.604718 0.0154571 0.043689 0.327925 0.00319918 0.00141484 0.003597 
0.568424 0.0128111 0.0558223 0.349461 0.00684942 0.00168326 0.00494865 
0.288002 0.0472648 0.0121976 0.634747 0.0122167 0.00106686 0.00450552 
0.794864 0.0264987 0.0248043 0.124961 0.0228157 0.00124116 0.00481522 
0.0308237 0.00439159 0.0422825 0.920218 6.404E-4 7.31927E-4 9.12208E-4 
0.0785228 0.0081595 0.0123349 0.89824 0.00190347 3.01736E-4 5.37742E-4 
0.799191 0.0140183 0.0451947 0.119956 0.0174883 0.00156252 0.00258955 
0.0701553 0.00976757 0.0083631 0.909307 0.00135932 3.27871E-4 7.20257E-4 
0.397649 0.0173046 0.067071 0.510694 0.00474826 8.03742E-4 0.00172959 
0.813622 0.0115422 0.107717 0.0586962 0.00199566 0.00161949 0.00480735 
0.157293 0.0202183 0.00933569 0.806081 0.0048774 6.14321E-4 0.00158089 
0.529834 0.0215733 0.0290739 0.408481 0.00756548 8.51531E-4 0.00262104 
0.447544 0.0190187 0.0191167 0.498218 0.0123911 9.05146E-4 0.00280693 
0.250807 0.010804 0.0423874 0.689144 0.00233568 9.45872E-4 0.00357666 
0.456111 0.0232739 0.0208787 0.483933 0.0102187 0.00110761 0.0044771 
0.498844 0.0284327 0.0215823 0.434037 0.0120658 8.23274E-4 0.00421412 
0.47863 0.0385837 0.0169746 0.441674 0.01802 9.29559E-4 0.00518847 
0.569625 0.0360276 0.0262754 0.353631 0.00935361 7.43252E-4 0.004344 
0.651113 0.0282446 0.0285421 0.274143 0.0125119 7.55815E-4 0.00468981 
0.451052 0.014752 0.0235617 0.49779 0.00924385 6.15703E-4 0.00298411 
0.478374 0.0148842 0.0211609 0.466404 0.0148319 8.67733E-4 0.00347754 
0.377605 0.0207517 0.0161647 0.568856 0.0129715 5.85226E-4 0.0030658 
0.315503 0.0121854 0.0167158 0.642403 0.00983406 4.88332E-4 0.00287091 
0.50861 0.0320065 0.028354 0.410704 0.0135539 5.99928E-4 0.00617209 
0.759914 0.0224131 0.0662646 0.132678 0.00796953 9.73813E-4 0.00978715 
0.843479 0.0102965 0.106715 0.0322977 0.0028545 7.58688E-4 0.00359928 
0.826003 0.0174925 0.0986002 0.0366215 0.010734 8.8017E-4 0.00966879 
0.538605 0.0153461 0.0734399 0.353928 0.0114439 6.99787E-4 0.00653668 
0.420311 0.0151643 0.124711 0.425499 0.0059518 0.00236598 0.00599687 
0.822452 0.0145875 0.0839737 0.0661073 0.00618417 8.57359E-4 0.00583813 
0.829511 0.020849 0.079092 0.0412851 0.0167551 0.00101774 0.0114901 
0.837663 0.0260725 0.0477521 0.0616972 0.014833 0.00167956 0.0103021 
0.843812 0.0189932 0.0491988 0.0719745 0.00784586 0.00179104 0.00638431 
0.771804 0.0266675 0.0292722 0.147264 0.0160568 0.00173009 0.00720544 
0.770009 0.0189223 0.0483243 0.145216 0.00939344 0.00113795 0.00699704 
0.746705 0.0295345 0.0294203 0.156729 0.0273011 0.00134091 0.00896975 
0.820788 0.0287049 0.0389241 0.0801973 0.0198527 0.00134274 0.0101903 
0.717692 0.0398629 0.0258371 0.169805 0.0339073 0.00136216 0.0115336 
0.796373 0.0341243 0.0289696 0.0945195 0.0320766 0.00152948 0.0124077 
0.806346 0.0373438 0.0223332 0.0891111 0.0313113 0.00198059 0.0115735 
0.834374 0.0332029 0.0264228 0.0809445 0.0149231 0.00208747 0.00804567 
0.820516 0.0228375 0.0256953 0.101362 0.0208008 0.00142192 0.0073669 
0.776993 0.0203791 0.0246138 0.146497 0.0235798 0.00150841 0.00642858 
0.844618 0.0188013 0.0379918 0.0583929 0.0232517 0.00212348 0.0148212 
0.868973 0.015929 0.031454 0.0447814 0.0233383 0.00266739 0.0128569 
0.835744 0.0288158 0.0191243 0.0478743 0.053631 0.00320677 0.011604 
0.834315 0.0254065 0.0272663 0.0724475 0.0290843 0.00158604 0.00989394 
0.836457 0.0240329 0.0274473 0.078765 0.0240534 0.00138659 0.00785744 
0.787323 0.0236505 0.0273126 0.12681 0.0250975 0.00142181 0.00838433 
0.820955 0.0229766 0.0455489 0.0817471 0.0190939 0.00131453 0.00836353 
0.786059 0.0245948 0.0318682 0.120959 0.027353 0.00125979 0.00790645 
0.746915 0.0198467 0.0358826 0.167035 0.020381 0.00129002 0.00865008 
0.682885 0.0140219 0.0543448 0.226878 0.0153364 8.26883E-4 0.00570684 
0.628945 0.0175588 0.0428911 0.288973 0.0156336 8.7842E-4 0.00512029 
0.687698 0.0137929 0.0245137 0.243745 0.0250561 0.00118478 0.0040093 
0.687882 0.0226009 0.0390646 0.232572 0.0119395 8.23188E-4 0.00511764 
0.732014 0.0158904 0.037518 0.195255 0.0141462 0.00117461 0.00400203 
0.760036 0.018628 0.0364623 0.159256 0.0198787 0.0011941 0.00454583 
0.568814 0.0194897 0.0159218 0.345423 0.0445463 0.00114297 0.00466291 
0.532197 0.026228 0.0210814 0.39333 0.022464 7.59288E-4 0.00394058 
0.784145 0.0234533 0.0604123 0.1169 0.00773488 0.00110642 0.00624847 
0.71323 0.0309953 0.0469457 0.180286 0.0181863 9.21316E-4 0.00943559 
0.736472 0.0176942 0.0481993 0.174497 0.0157946 9.63586E-4 0.0063793 
0.804861 0.0149543 0.0400012 0.121067 0.0136408 0.00144941 0.00402679 
0.843857 0.0151912 0.0525322 0.0734919 0.0093466 0.00114245 0.00443884 
0.837479 0.0158585 0.0467628 0.0743 0.0175394 0.00149605 0.00656401 
0.6285 0.0124539 0.0213752 0.300674 0.0304876 0.00135613 0.00515351 
0.635913 0.0210956 0.0138708 0.236885 0.0821967 0.00184747 0.00819172 
0.62873 0.0253879 0.0144073 0.268223 0.0546584 0.0012355 0.00735721 
0.682997 0.0202381 0.0244298 0.23694 0.0279908 0.00106023 0.00634482 
0.688746 0.0272543 0.0304696 0.22285 0.0199407 7.78465E-4 0.00996051 
0.641294 0.0291905 0.0165294 0.265442 0.0394537 0.0011482 0.00694295 
0.773699 0.0277223 0.0284481 0.140036 0.0205174 0.00116171 0.0084158 
0.710303 0.0176653 0.0353752 0.217548 0.0135355 8.87904E-4 0.00468477 
0.685606 0.018566 0.0394786 0.239147 0.0119233 8.70866E-4 0.00440839 
0.732067 0.0230919 0.0337197 0.195028 0.0102492 0.00108506 0.00475964 
0.816796 0.0160179 0.0514366 0.10139 0.00762307 0.00117558 0.0055608 
0.700366 0.0138082 0.0511385 0.216941 0.0103826 8.9434E-4 0.00646947 
0.811266 0.0225678 0.0482767 0.0907855 0.0146783 9.03972E-4 0.0115219 
0.719768 0.0224374 0.0393701 0.192169 0.0175114 8.01246E-4 0.00794292 
0.747223 0.0282846 0.0202466 0.15097 0.041241 0.00141265 0.0106227 
0.792832 0.0353088 0.0182937 0.0966231 0.0436781 0.00187149 0.0113928 
0.791547 0.0362962 0.0221909 0.0908625 0.0400276 0.00163471 0.0174409 
0.772227 0.0398259 0.0197575 0.108747 0.0445514 0.00174667 0.0131439 
0.770709 0.0315615 0.0280274 0.13142 0.0240414 0.00116268 0.013078 
0.779752 0.042714 0.0319258 0.112115 0.0181261 0.00134669 0.0140211 
0.728064 0.0373018 0.0324945 0.166393 0.0202732 0.00136879 0.014104 
0.789909 0.0304295 0.0327287 0.118116 0.0181125 0.0013559 0.00934832 
0.777975 0.0347897 0.0366576 0.126816 0.0131964 0.0013252 0.00924031 
0.747683 0.0215606 0.0354917 0.174355 0.0134926 0.00107559 0.00634221 
0.786166 0.0183067 0.0535743 0.126639 0.00707478 0.00111491 0.00712436 
0.854865 0.0193257 0.0591301 0.0517763 0.00520527 0.0015379 0.00815947 
