0.52734 0.00213649 0.421791 0.0306236 7.17687E-4 0.00241372 0.0149772 
0.599717 0.00262295 0.327435 0.0457799 0.00165038 0.00359912 0.0191956 
0.806348 0.0118146 0.10675 0.0527819 0.00448609 0.00138662 0.0164326 
0.782987 0.00730227 0.137243 0.0362411 0.00210784 0.00195866 0.0321594 
0.75743 0.00894296 0.103237 0.108941 0.003347 0.00160035 0.0165009 
0.770521 0.00956201 0.0832042 0.112948 0.00497612 0.0013906 0.017398 
0.83401 0.0141049 0.0873786 0.0394217 0.00627604 0.00137431 0.0174342 
0.816771 0.010596 0.0837118 0.0654506 0.00575286 0.00228439 0.0154332 
0.830257 0.0142632 0.0979486 0.0360718 0.00398531 0.00174202 0.0157322 
0.779075 0.0114138 0.131229 0.0634574 0.00180676 0.00121044 0.011808 
0.789777 0.0125765 0.127136 0.0554157 0.00490046 6.51188E-4 0.00954299 
0.729144 0.0116763 0.108053 0.134792 0.00860472 5.65579E-4 0.00716525 
0.701334 0.0167869 0.0601395 0.183448 0.030031 6.95084E-4 0.00756543 
0.638074 0.02933 0.117089 0.194337 0.0123319 6.58193E-4 0.0081809 
0.628784 0.0272897 0.0795676 0.247752 0.0102352 6.8173E-4 0.00568988 
0.727922 0.0320095 0.101011 0.119325 0.0112954 8.25213E-4 0.00761183 
0.686903 0.0223227 0.0827743 0.184409 0.015602 7.82153E-4 0.0072063 
0.693184 0.020125 0.0837888 0.181655 0.0133255 7.63462E-4 0.00715807 
0.722019 0.0265124 0.0874365 0.144483 0.00947304 7.3079E-4 0.00934571 
0.790877 0.025413 0.0618815 0.104148 0.00821102 8.87725E-4 0.00858216 
0.87154 0.0157609 0.0467635 0.0531524 0.00741508 0.00237489 0.00299365 
0.250547 0.0934749 0.0175665 0.5962 0.0303686 0.00662746 0.00521621 
0.79297 0.0669056 0.0273406 0.0751589 0.0288343 0.00311521 0.00567592 
0.863901 0.0152356 0.0682925 0.0155866 0.0166618 0.0105731 0.00974966 
0.32408 0.00465008 0.0844333 0.556555 0.00763237 0.0119874 0.0106613 
0.818489 0.00488545 0.149548 0.0101687 0.00154214 0.00161081 0.0137551 
0.748607 0.0285741 0.0433612 0.157248 0.00854741 0.00169421 0.0119684 
0.874472 0.0276965 0.0524835 0.0231831 0.00291949 0.00230922 0.0169358 
0.755576 0.010553 0.0765716 0.131493 0.00353402 0.00545898 0.0168137 
0.87416 0.011797 0.0590517 0.0359785 0.00381986 0.00320802 0.0119852 
0.782946 0.00940606 0.0603627 0.134586 0.00587253 0.00198572 0.00484083 
0.735425 0.043008 0.0270692 0.171726 0.0103019 0.00464845 0.00782075 
0.804956 0.02385 0.0690025 0.0721129 0.00460303 0.0170472 0.00842833 
0.651313 0.0377697 0.200814 0.00560104 0.0243393 0.0639641 0.0161984 
0.220501 0.00716688 0.0824371 0.00478678 0.00417581 0.666359 0.0145734 
0.592509 0.0142728 0.145802 0.108407 0.0116422 0.102716 0.0246515 
0.634089 0.0106669 0.125393 0.100471 0.0191241 0.0853495 0.0249062 
0.176839 0.00800871 0.0723386 0.669982 0.016681 0.0449867 0.0111632 
0.673348 0.0107346 0.126828 0.111324 0.0184737 0.0402306 0.0190608 
0.467242 0.0154988 0.138476 0.292147 0.0123166 0.052882 0.0214368 
0.5464 0.0104574 0.0804457 0.336935 0.00715372 0.00717521 0.0114329 
0.618056 0.0271238 0.0236182 0.31505 0.00881225 0.0018429 0.00549708 
0.601709 0.0501665 0.0227366 0.307494 0.00802267 0.00350314 0.00636836 
0.654642 0.134996 0.0210485 0.163383 0.0127695 0.00434654 0.00881403 
0.678587 0.0947094 0.0214718 0.182903 0.00902401 0.00684064 0.00646385 
0.267641 0.122155 0.0218592 0.572237 0.00570961 0.00476719 0.00563068 
0.185051 0.102988 0.0194429 0.683031 0.00389864 0.0024145 0.00317487 
0.0592608 0.105924 0.0117465 0.809869 0.00749346 0.00241842 0.00328847 
0.0698904 0.15149 0.0121011 0.729365 0.0272626 0.00392918 0.00596135 
0.073365 0.0896258 0.0110211 0.802298 0.0168563 0.00215166 0.0046818 
0.328315 0.203709 0.0150355 0.421424 0.0218215 0.00227724 0.0074175 
0.0884108 0.0738807 0.00914923 0.803852 0.0185553 0.00168166 0.00447016 
0.227478 0.101183 0.00931777 0.604313 0.0495772 0.00232734 0.00580336 
0.0186749 0.0307154 0.00342741 0.941982 0.00397913 4.03078E-4 8.18012E-4 
0.152553 0.0547621 0.00894826 0.773207 0.00743681 8.0874E-4 0.00228366 
0.282206 0.084338 0.00869087 0.562928 0.0534318 0.00240093 0.00600466 
0.290026 0.0632806 0.0138941 0.609847 0.0181385 8.96816E-4 0.00391689 
0.395631 0.0273335 0.0212139 0.537886 0.0133933 6.64334E-4 0.00387818 
0.677436 0.0222322 0.0280478 0.240456 0.0225775 0.00108523 0.00816558 
0.682059 0.0165067 0.0322657 0.247142 0.0141879 8.56288E-4 0.00698218 
0.725377 0.0193511 0.0478368 0.190447 0.00782658 7.49035E-4 0.00841188 
0.871222 0.0150478 0.0684076 0.015967 0.00720722 0.00104027 0.0211082 
0.847293 0.0262054 0.056957 0.030878 0.012016 0.00117568 0.0254749 
0.826315 0.0225405 0.0773552 0.0198812 0.00429567 8.9283E-4 0.0487195 
0.871755 0.0159132 0.0706306 0.0167766 0.00483015 9.62369E-4 0.0191325 
0.85364 0.0138975 0.0554241 0.0524337 0.00749735 0.00122714 0.0158802 
0.8224 0.0108878 0.0889801 0.0600397 0.0032008 8.62684E-4 0.0136289 
0.742382 0.010008 0.154443 0.0573378 0.00527744 5.61417E-4 0.0299899 
0.552716 0.00523676 0.15279 0.273496 0.00681167 3.4919E-4 0.00860023 
0.581789 0.00926418 0.115638 0.283648 0.00534755 2.97469E-4 0.00401621 
0.437152 0.0117249 0.148662 0.392827 0.00394431 0.00111172 0.00457846 
0.62248 0.0097628 0.156286 0.19435 0.0105873 0.00108366 0.00545085 
0.678381 0.00722799 0.148496 0.152495 0.00651944 0.00227981 0.00460067 
0.707168 0.0052131 0.213627 0.0442491 0.00972849 0.00994233 0.0100719 
0.688563 0.0050378 0.201184 0.0720514 0.0130846 0.00733971 0.0127402 
0.683547 0.00439007 0.185496 0.0984063 0.0102152 0.00723448 0.010711 
0.805721 0.00925156 0.105842 0.0652667 0.0028133 0.00238626 0.0087196 
0.547719 0.0336257 0.0204532 0.386421 0.00483494 0.00149388 0.00545263 
0.552265 0.0389203 0.0186598 0.377959 0.00704592 0.00112041 0.00402979 
0.58527 0.111911 0.0205866 0.26577 0.00724843 0.00238405 0.0068306 
0.62326 0.0861995 0.0234538 0.250354 0.00838279 0.0015975 0.00675183 
0.529964 0.0865425 0.0214723 0.346796 0.00673723 0.00134755 0.00714072 
0.446335 0.0705107 0.0165738 0.449967 0.0100363 0.00120365 0.00537346 
0.255265 0.0293739 0.00817889 0.679693 0.0247076 7.32126E-4 0.0020497 
0.374517 0.0189194 0.0155762 0.570177 0.0181392 5.46761E-4 0.00212515 
0.086642 0.0137035 0.00422042 0.884344 0.00986543 3.69029E-4 8.55098E-4 
0.533975 0.0293409 0.0165403 0.383983 0.0320684 9.75975E-4 0.00311652 
0.286277 0.0248929 0.00977743 0.651871 0.0246708 6.90317E-4 0.00182091 
0.096984 0.0123486 0.00340231 0.849873 0.0359933 4.20552E-4 9.78408E-4 
0.514225 0.0135108 0.019942 0.421002 0.0278929 9.06049E-4 0.00252097 
0.52262 0.0339222 0.0197443 0.398691 0.0216457 8.55167E-4 0.00252178 
0.457382 0.0445322 0.0146461 0.442466 0.0368819 9.57688E-4 0.00313424 
0.504717 0.0456497 0.0270349 0.40014 0.0192949 7.62034E-4 0.00240106 
0.227631 0.0488365 0.0128347 0.685093 0.0219168 9.7432E-4 0.00271381 
0.554801 0.0618687 0.0243087 0.335813 0.0193251 0.0012241 0.00265937 
0.248287 0.0505173 0.0138935 0.652934 0.0294314 0.00153392 0.00340259 
0.328134 0.0472357 0.0160394 0.589988 0.0154843 9.60059E-4 0.00215837 
0.259943 0.015004 0.0194016 0.696352 0.007862 3.8042E-4 0.00105698 
0.187762 0.0112169 0.0179715 0.77594 0.00605565 3.18209E-4 7.35206E-4 
0.436682 0.0190996 0.0480624 0.488098 0.00598505 6.03913E-4 0.00146903 
0.378611 0.0301622 0.0184884 0.555072 0.0151269 5.75408E-4 0.00196348 
0.475831 0.0396347 0.0172892 0.437145 0.0259372 8.09409E-4 0.00335395 
0.444072 0.0561701 0.0160168 0.453907 0.0250346 8.69488E-4 0.00392916 
0.411895 0.0646248 0.0159955 0.474215 0.0278611 9.13054E-4 0.00449563 
0.493513 0.0606071 0.0148202 0.383161 0.041193 0.00118829 0.00551748 
0.412767 0.0546443 0.0141673 0.479079 0.0334462 0.00104483 0.00485132 
0.468196 0.0542565 0.0221494 0.434137 0.0171681 6.83686E-4 0.00340864 
0.490944 0.0608215 0.0174987 0.392482 0.0326527 0.00102844 0.00457199 
0.402735 0.0355926 0.0151455 0.521502 0.0220578 7.16019E-4 0.00225093 
0.439568 0.0763835 0.0153758 0.434355 0.0293922 0.00107321 0.00385252 
0.253691 0.0368968 0.014204 0.681909 0.0109542 6.03706E-4 0.00174112 
0.319344 0.0301247 0.0142918 0.613774 0.0192433 0.00129399 0.00192792 
0.308128 0.0180206 0.0144138 0.635264 0.0209199 0.00130327 0.00195044 
0.467131 0.0213211 0.0242995 0.457371 0.0263157 0.00167099 0.00188992 
0.351408 0.023247 0.0141185 0.578016 0.0297051 0.00156088 0.00194479 
0.374456 0.0543644 0.0170221 0.535825 0.0147292 0.00122937 0.00237463 
0.246258 0.0372775 0.0113184 0.690844 0.0116923 9.06936E-4 0.00170278 
0.124928 0.0303967 0.00865082 0.830681 0.00342787 6.47535E-4 0.0012681 
0.263409 0.0399602 0.0141161 0.674208 0.00614671 6.8451E-4 0.00147463 
0.131756 0.0311572 0.00893603 0.822215 0.00433314 5.80827E-4 0.00102184 
0.149115 0.0477234 0.0090483 0.777223 0.0147773 5.71185E-4 0.0015422 
0.12205 0.0288927 0.00719616 0.824189 0.0157602 4.481E-4 0.00146461 
0.0672679 0.0429456 0.00464659 0.865502 0.0175075 6.51415E-4 0.00147906 
0.290287 0.0234466 0.0174249 0.653915 0.013109 4.37911E-4 0.00138039 
0.190247 0.0274051 0.0122061 0.760789 0.00777047 3.70832E-4 0.00121106 
0.408587 0.0321258 0.0255907 0.524167 0.00726223 4.44693E-4 0.00182285 
0.352139 0.0231603 0.0157462 0.58845 0.0167275 4.98899E-4 0.0032777 
0.344903 0.053607 0.0126571 0.563231 0.0199367 0.00120866 0.00445619 
0.52566 0.032241 0.0171951 0.402519 0.0174416 9.62411E-4 0.00398083 
0.529252 0.0427274 0.0147024 0.392324 0.0161109 0.00100443 0.00387907 
0.468361 0.028116 0.0158214 0.471958 0.0126608 6.69543E-4 0.00241254 
0.347714 0.0310594 0.00766864 0.569038 0.0404534 7.78502E-4 0.00328898 
0.509641 0.0424247 0.0125416 0.405387 0.0255923 9.73848E-4 0.00343973 
0.426607 0.0207722 0.0150226 0.519789 0.0139007 7.61096E-4 0.00314711 
0.418436 0.0142145 0.0447844 0.51323 0.00653838 4.0521E-4 0.0023919 
0.522379 0.0205294 0.106383 0.340356 0.00433614 0.00148715 0.0045291 
0.158562 0.0124653 0.0110677 0.81355 0.00290729 2.59095E-4 0.00118831 
0.193908 0.0141719 0.028166 0.760463 0.00178746 2.75329E-4 0.00122768 
0.243421 0.0154005 0.0283784 0.708353 0.00219135 3.00528E-4 0.00195554 
0.32586 0.0164314 0.0370772 0.615761 0.00270454 4.10376E-4 0.00175585 
0.206367 0.00987608 0.0200088 0.758666 0.00360502 2.81239E-4 0.00119599 
0.240691 0.012979 0.0181298 0.719715 0.00645658 2.38969E-4 0.00179026 
0.225893 0.0163598 0.0316368 0.721688 0.00253876 2.93193E-4 0.00159042 
0.252348 0.0230339 0.0264354 0.693209 0.00311791 3.06748E-4 0.00154948 
0.38449 0.0242767 0.0208749 0.558049 0.00926404 4.49078E-4 0.00259644 
0.455702 0.018007 0.0214393 0.4867 0.0152321 5.35673E-4 0.00238409 
0.220923 0.00911453 0.0141258 0.747049 0.00701767 2.55468E-4 0.00151383 
0.604718 0.0154571 0.043689 0.327925 0.00319918 0.00141484 0.003597 
0.568424 0.0128111 0.0558223 0.349461 0.00684942 0.00168326 0.00494865 
0.288002 0.0472648 0.0121976 0.634747 0.0122167 0.00106686 0.00450552 
0.794864 0.0264987 0.0248043 0.124961 0.0228157 0.00124116 0.00481522 
0.0308237 0.00439159 0.0422825 0.920218 6.404E-4 7.31927E-4 9.12208E-4 
0.0785228 0.0081595 0.0123349 0.89824 0.00190347 3.01736E-4 5.37742E-4 
0.799191 0.0140183 0.0451947 0.119956 0.0174883 0.00156252 0.00258955 
0.675451 0.0555781 0.0237099 0.213357 0.0223449 0.0013507 0.00820785 
0.614896 0.0558465 0.0217984 0.271826 0.0275081 0.00123047 0.00689392 
0.656839 0.0716337 0.0170226 0.213246 0.032472 0.00157306 0.00721357 
0.752913 0.0571226 0.0151709 0.122473 0.0435888 0.00170052 0.00703148 
0.653786 0.0294781 0.016763 0.264609 0.029513 0.00109534 0.00475598 
0.73447 0.0277799 0.0268389 0.19045 0.0133213 0.00157832 0.00556117 
0.777392 0.0279129 0.0356237 0.136471 0.0157775 0.00127851 0.00554436 
0.816385 0.0214146 0.0488683 0.0965965 0.00891932 0.00136775 0.00644901 
0.741923 0.0447677 0.0237183 0.164726 0.0180302 0.00171397 0.00512046 
0.781895 0.0386784 0.0212456 0.118283 0.029714 0.00199788 0.00818535 
0.721014 0.0524523 0.0244286 0.171357 0.0226765 0.00139812 0.00667359 
0.798994 0.0763379 0.0209643 0.0698391 0.0210544 0.00317219 0.00963803 
0.80914 0.0404314 0.019516 0.0928769 0.0290048 0.00230672 0.00672447 
0.685416 0.0399575 0.014389 0.215694 0.0355068 0.00443356 0.00460416 
0.442306 0.0297681 0.0100569 0.47569 0.0363943 0.00279235 0.00299238 
0.463753 0.0502699 0.0109865 0.434244 0.0357413 0.00198494 0.00301985 
0.334157 0.0671061 0.0082545 0.558523 0.0279723 0.00161308 0.00237442 
0.405604 0.0658127 0.00843378 0.47078 0.0440062 0.00216645 0.00319706 
0.50356 0.0827988 0.0123056 0.376044 0.0197691 0.00223255 0.00329066 
0.48196 0.0460619 0.0129334 0.436882 0.0171172 0.00209293 0.00295245 
0.50402 0.0348808 0.00996601 0.402645 0.0410359 0.00344296 0.00400933 
0.230561 0.0709757 0.00494844 0.626368 0.0613649 0.00317525 0.00260666 
0.125319 0.253253 0.012449 0.479947 0.108481 0.0101066 0.0104451 
0.0495978 0.0980973 0.00407828 0.814311 0.0298424 0.00184898 0.00222461 
0.0195762 0.00824958 0.00514409 0.966024 5.6604E-4 1.27441E-4 3.13E-4 
0.0879969 0.0109889 0.00422659 0.888364 0.0068008 7.3539E-4 8.87267E-4 
0.188632 0.0149387 0.00794468 0.778453 0.00814283 8.03272E-4 0.00108526 
0.242575 0.0306692 0.0075728 0.700206 0.0149556 0.00117264 0.00284942 
0.350754 0.0147594 0.0322281 0.594724 0.00316528 9.67543E-4 0.00340164 
0.315065 0.013705 0.0256038 0.638597 0.00409903 6.82766E-4 0.00224748 
0.385081 0.00927339 0.0603043 0.536134 0.00482648 0.00104934 0.00333162 
0.711647 0.00945121 0.105301 0.15053 0.0149612 0.00206125 0.00604857 
0.761148 0.00871862 0.112998 0.105044 0.00636364 0.00212504 0.00360256 
0.586455 0.0108847 0.122453 0.256663 0.0116395 0.00471048 0.00719402 
0.751026 0.00932256 0.0976077 0.127977 0.00911513 0.00164427 0.00330747 
0.348465 0.00848281 0.0856542 0.545672 0.00568245 0.00204396 0.00399987 
0.466977 0.0141087 0.130379 0.364923 0.00906105 0.00411913 0.0104319 
0.326444 0.0106146 0.0619001 0.590142 0.00679656 8.39613E-4 0.00326347 
0.522251 0.0145179 0.112488 0.331619 0.00878716 0.00333305 0.00700411 
0.35329 0.0113692 0.0967522 0.523942 0.00577803 0.0027396 0.00612804 
0.540836 0.0139363 0.107579 0.320716 0.00712247 0.00324822 0.00656172 
0.444981 0.0177785 0.152607 0.354811 0.00966179 0.00688834 0.0132719 
0.30821 0.0143693 0.136908 0.511964 0.00889582 0.00611806 0.0135338 
0.238449 0.0104205 0.11495 0.613695 0.00628157 0.00430875 0.0118946 
0.560607 0.0109566 0.109407 0.295968 0.0105159 0.00404035 0.00850576 
0.521952 0.014822 0.0872648 0.359935 0.00811467 0.00157126 0.00634039 
0.511364 0.0114076 0.0473792 0.404193 0.0183455 6.55326E-4 0.0066559 
0.81198 0.020793 0.0571917 0.0723855 0.0238027 0.00175754 0.0120901 
0.460106 0.0150133 0.146772 0.347755 0.016371 0.0029743 0.0110078 
0.690618 0.0104594 0.163611 0.114554 0.00791805 0.00411313 0.00872651 
0.767195 0.0116257 0.0922152 0.106208 0.0114001 0.00145806 0.00989737 
0.83015 0.00937279 0.0629798 0.0775514 0.00968418 0.00221141 0.00805015 
0.546606 0.0281125 0.0327356 0.372336 0.016464 8.84308E-4 0.0028609 
0.416407 0.0213072 0.0370404 0.512744 0.0100973 4.7693E-4 0.00192701 
0.508923 0.0202239 0.0468878 0.410439 0.0101561 5.80747E-4 0.00279023 
0.378568 0.016043 0.0305848 0.557604 0.0147621 4.22802E-4 0.00201556 
0.297611 0.0136061 0.040772 0.639749 0.00554681 4.35384E-4 0.00227903 
0.300207 0.0128292 0.0407055 0.637616 0.0063133 4.12239E-4 0.00191685 
0.365933 0.0122002 0.0604723 0.550027 0.00792591 5.86066E-4 0.0028553 
0.368459 0.0217956 0.0409492 0.557425 0.00841002 4.23068E-4 0.00253808 
0.502264 0.0286988 0.0434358 0.413269 0.00888811 6.82651E-4 0.00276115 
0.398669 0.0285882 0.0609876 0.504352 0.00377649 7.7367E-4 0.00285274 
0.428274 0.0203592 0.068062 0.476288 0.00414355 8.42792E-4 0.0020312 
0.310995 0.0140252 0.0294192 0.637369 0.00594076 7.33695E-4 0.00151772 
0.352145 0.0144228 0.0168116 0.598917 0.0152736 5.58095E-4 0.00187159 
0.35102 0.0271664 0.0207093 0.586159 0.0121751 5.08804E-4 0.00226138 
0.265006 0.0431094 0.0132309 0.663402 0.0129812 9.05601E-4 0.0013653 
0.214614 0.0368573 0.00775594 0.718019 0.0202603 0.00116088 0.00133311 
0.595288 0.0392768 0.0147391 0.241366 0.0919847 0.00245476 0.0148904 
0.785204 0.040358 0.0260316 0.0828797 0.0488851 0.00421875 0.0124227 
0.271174 0.00437266 0.0503296 0.650658 0.0127118 0.00387828 0.00687494 
0.273342 0.0125513 0.0482083 0.608948 0.0117465 0.0374718 0.00773166 
0.444357 0.0265376 0.167285 0.132022 0.0129765 0.188728 0.0280949 
0.235917 0.0192052 0.180389 0.306459 0.037789 0.175039 0.0452027 
0.643319 0.00865664 0.162848 0.0920977 0.0150228 0.0560969 0.0219581 
0.199559 0.0233062 0.215024 0.0974464 0.0183736 0.418052 0.028239 
0.302151 0.0286991 0.121187 0.272527 0.0299037 0.206423 0.0391097 
0.242459 0.030368 0.136917 0.164556 0.0308213 0.355811 0.0390676 
0.551834 0.0145404 0.149473 0.0947711 0.0117778 0.153256 0.024347 
0.711775 0.014109 0.0924471 0.109313 0.0279657 0.0353034 0.00908651 
0.679189 0.0103084 0.16826 0.0917211 0.0064516 0.0309893 0.0130815 
0.769328 0.00846225 0.127672 0.0427034 0.00837885 0.0330525 0.0104025 
0.836002 0.0127623 0.0628888 0.0405999 0.0273173 0.0149693 0.00546023 
0.611959 0.0172089 0.0406208 0.224462 0.0451138 0.0530353 0.0076005 
0.429245 0.0503248 0.0204157 0.408085 0.0347807 0.0495511 0.00759773 
0.0735311 0.032177 0.00367404 0.872912 0.0135526 0.00338861 7.6506E-4 
0.079514 0.172024 0.00954575 0.628658 0.0929174 0.0102079 0.00713332 
0.0576236 0.147482 0.0225177 0.273306 0.456202 0.0269035 0.0159644 
0.10853 0.263417 0.0237041 0.295108 0.248132 0.0418586 0.019251 
0.0913254 0.225553 0.0257474 0.348392 0.246341 0.0409353 0.0217059 
0.0846807 0.202016 0.0235774 0.442756 0.197883 0.0289954 0.0200908 
0.063237 0.0627685 0.00421145 0.852938 0.0148296 0.00107154 9.43671E-4 
0.232722 0.163802 0.0122752 0.572321 0.0104463 0.00398651 0.00444684 
0.79187 0.0607661 0.0466356 0.0895064 0.00315765 0.00451695 0.00354754 
0.84143 0.0825891 0.0473809 0.0154622 0.00241995 0.00445656 0.00626136 
0.845979 0.0722517 0.0555655 0.0129785 0.00256906 0.0031668 0.00748984 
0.79378 0.121425 0.0369956 0.0158126 0.00550145 0.00299382 0.0234915 
0.827267 0.0804697 0.0432385 0.0136796 0.0043601 0.00286591 0.0281191 
0.791282 0.0911217 0.0432851 0.00854474 0.00604942 0.00336949 0.0563479 
0.864858 0.0161179 0.0981443 0.00224443 0.00136282 0.00317032 0.0141027 
0.844868 0.0116327 0.122961 0.00167202 6.84507E-4 0.00418709 0.0139954 
0.873768 0.0256557 0.0783906 0.00354052 0.00141599 0.0027505 0.0144788 
0.878325 0.0420662 0.0456266 0.0112978 0.00399259 0.00190454 0.0167869 
0.865919 0.0604983 0.0366769 0.00716411 0.0039408 0.00324114 0.0225598 
0.877482 0.0558024 0.0290789 0.0101152 0.00443619 0.00248159 0.0206041 
0.866319 0.0418799 0.0383907 0.00401468 0.0027392 0.00504735 0.0416088 
0.862926 0.051389 0.0344136 0.0145684 0.00586687 0.00237342 0.0284632 
0.546606 0.0281125 0.0327356 0.372336 0.016464 8.84308E-4 0.0028609 
0.416407 0.0213072 0.0370404 0.512744 0.0100973 4.7693E-4 0.00192701 
0.508923 0.0202239 0.0468878 0.410439 0.0101561 5.80747E-4 0.00279023 
0.378568 0.016043 0.0305848 0.557604 0.0147621 4.22802E-4 0.00201556 
0.297611 0.0136061 0.040772 0.639749 0.00554681 4.35384E-4 0.00227903 
0.300207 0.0128292 0.0407055 0.637616 0.0063133 4.12239E-4 0.00191685 
0.365933 0.0122002 0.0604723 0.550027 0.00792591 5.86066E-4 0.0028553 
0.368459 0.0217956 0.0409492 0.557425 0.00841002 4.23068E-4 0.00253808 
0.502264 0.0286988 0.0434358 0.413269 0.00888811 6.82651E-4 0.00276115 
0.398669 0.0285882 0.0609876 0.504352 0.00377649 7.7367E-4 0.00285274 
0.428274 0.0203592 0.068062 0.476288 0.00414355 8.42792E-4 0.0020312 
0.310995 0.0140252 0.0294192 0.637369 0.00594076 7.33695E-4 0.00151772 
0.352145 0.0144228 0.0168116 0.598917 0.0152736 5.58095E-4 0.00187159 
0.35102 0.0271664 0.0207093 0.586159 0.0121751 5.08804E-4 0.00226138 
0.265006 0.0431094 0.0132309 0.663402 0.0129812 9.05601E-4 0.0013653 
0.214614 0.0368573 0.00775594 0.718019 0.0202603 0.00116088 0.00133311 
0.595288 0.0392768 0.0147391 0.241366 0.0919847 0.00245476 0.0148904 
0.785204 0.040358 0.0260316 0.0828797 0.0488851 0.00421875 0.0124227 
0.271174 0.00437266 0.0503296 0.650658 0.0127118 0.00387828 0.00687494 
0.273342 0.0125513 0.0482083 0.608948 0.0117465 0.0374718 0.00773166 
0.444357 0.0265376 0.167285 0.132022 0.0129765 0.188728 0.0280949 
0.235917 0.0192052 0.180389 0.306459 0.037789 0.175039 0.0452027 
0.643319 0.00865664 0.162848 0.0920977 0.0150228 0.0560969 0.0219581 
0.199559 0.0233062 0.215024 0.0974464 0.0183736 0.418052 0.028239 
0.302151 0.0286991 0.121187 0.272527 0.0299037 0.206423 0.0391097 
0.242459 0.030368 0.136917 0.164556 0.0308213 0.355811 0.0390676 
0.551834 0.0145404 0.149473 0.0947711 0.0117778 0.153256 0.024347 
0.711775 0.014109 0.0924471 0.109313 0.0279657 0.0353034 0.00908651 
0.679189 0.0103084 0.16826 0.0917211 0.0064516 0.0309893 0.0130815 
0.769328 0.00846225 0.127672 0.0427034 0.00837885 0.0330525 0.0104025 
0.836002 0.0127623 0.0628888 0.0405999 0.0273173 0.0149693 0.00546023 
0.611959 0.0172089 0.0406208 0.224462 0.0451138 0.0530353 0.0076005 
0.429245 0.0503248 0.0204157 0.408085 0.0347807 0.0495511 0.00759773 
0.0735311 0.032177 0.00367404 0.872912 0.0135526 0.00338861 7.6506E-4 
0.079514 0.172024 0.00954575 0.628658 0.0929174 0.0102079 0.00713332 
0.0576236 0.147482 0.0225177 0.273306 0.456202 0.0269035 0.0159644 
0.10853 0.263417 0.0237041 0.295108 0.248132 0.0418586 0.019251 
0.0913254 0.225553 0.0257474 0.348392 0.246341 0.0409353 0.0217059 
0.0846807 0.202016 0.0235774 0.442756 0.197883 0.0289954 0.0200908 
0.063237 0.0627685 0.00421145 0.852938 0.0148296 0.00107154 9.43671E-4 
0.232722 0.163802 0.0122752 0.572321 0.0104463 0.00398651 0.00444684 
0.79187 0.0607661 0.0466356 0.0895064 0.00315765 0.00451695 0.00354754 
0.773797 0.00853524 0.081918 0.102006 0.0261851 0.00185493 0.00570454 
0.792008 0.00757352 0.113129 0.0640193 0.0160119 0.00152762 0.00573073 
0.719083 0.00750805 0.0967852 0.154622 0.0155201 0.00139929 0.00508224 
0.784375 0.0088594 0.0871024 0.0986289 0.0140229 0.00164361 0.0053682 
0.835397 0.0107462 0.0604303 0.0686627 0.0158478 0.0025957 0.00631991 
0.757565 0.0185485 0.0357116 0.160284 0.0224527 0.0011313 0.00430634 
0.779866 0.0261173 0.0283566 0.141449 0.0179799 0.00178578 0.00444542 
0.563501 0.0842377 0.0120449 0.253624 0.0766173 0.00244599 0.00752844 
0.446651 0.0447931 0.0122756 0.446439 0.0429985 0.001174 0.00566788 
0.631759 0.049772 0.0176477 0.25283 0.0396871 0.00137546 0.00692838 
0.672232 0.0380006 0.0209412 0.228304 0.0315002 0.00142726 0.00759543 
0.649723 0.0498365 0.0139759 0.209503 0.0656594 0.00208749 0.00921406 
0.802589 0.0401044 0.019747 0.0991166 0.0287705 0.00156142 0.00811079 
0.844005 0.0240008 0.026143 0.0709384 0.0239355 0.00121179 0.00976609 
0.799532 0.0248245 0.0280133 0.114771 0.0230342 0.00114204 0.0086826 
0.773258 0.0284838 0.0193157 0.106292 0.0588564 0.00161865 0.0121752 
0.811487 0.0263291 0.0215424 0.0881183 0.0416052 0.00157064 0.00934683 
0.758333 0.0322549 0.0232443 0.145907 0.0303358 0.00143842 0.00848613 
0.771596 0.037242 0.0218261 0.114581 0.0426781 0.00149973 0.010578 
0.753552 0.0477583 0.0260363 0.135015 0.0259382 0.00136014 0.0103394 
0.657147 0.0432742 0.0297264 0.239867 0.0220513 8.93744E-4 0.00704075 
0.679517 0.0499074 0.0301215 0.220339 0.0130369 9.66306E-4 0.00611208 
0.605618 0.0614586 0.0200887 0.280163 0.0244139 0.001052 0.00720578 
0.623654 0.0459686 0.0274138 0.282657 0.0136055 8.19448E-4 0.00588153 
0.743035 0.0354178 0.0358322 0.167768 0.0108561 9.40437E-4 0.00615115 
0.768893 0.0301565 0.0477033 0.133466 0.0106815 8.52196E-4 0.00824733 
0.777364 0.0235148 0.0474202 0.132116 0.0119665 8.44658E-4 0.00677305 
0.81351 0.0325651 0.0407439 0.0901392 0.0133449 0.0013557 0.00834091 
0.704162 0.0354824 0.0297119 0.215367 0.00862834 0.00101462 0.00563398 
