0.69239 0.040518 0.048374 0.201094 0.00947317 6.56408E-4 0.00749464 
0.71761 0.0348084 0.043411 0.183413 0.012923 7.05133E-4 0.00713006 
0.740655 0.0403136 0.0348752 0.160758 0.0157515 7.9182E-4 0.00685541 
0.767537 0.0371118 0.0413495 0.130659 0.0146991 8.58887E-4 0.007785 
0.726553 0.0290191 0.0484153 0.180338 0.00798365 7.01441E-4 0.00699031 
0.67096 0.0261464 0.0397487 0.24445 0.0121659 6.29767E-4 0.00589939 
0.689445 0.0216471 0.0569371 0.217095 0.00686338 6.67148E-4 0.00734596 
0.706746 0.0383212 0.0492614 0.187211 0.0095328 7.32432E-4 0.0081948 
0.708018 0.0383698 0.0598122 0.172581 0.0106122 8.82574E-4 0.00972427 
0.542295 0.00635762 0.242056 0.192314 0.00692757 4.44987E-4 0.00960519 
0.378152 0.00334574 0.496598 0.103353 0.00556546 5.63992E-4 0.0124218 
0.521622 0.00743766 0.369998 0.0832557 0.00597179 4.24489E-4 0.0112903 
0.59695 0.0106597 0.251289 0.118992 0.00956559 4.55809E-4 0.0120878 
0.728062 0.0159725 0.106478 0.123934 0.0119005 6.90096E-4 0.0129621 
0.764369 0.0313528 0.0686669 0.110816 0.0126781 8.20649E-4 0.0112966 
0.734631 0.0293927 0.0459173 0.162448 0.0197698 8.89773E-4 0.00695098 
0.712586 0.0287529 0.037684 0.197051 0.0182071 0.00103049 0.00468875 
0.582079 0.0308205 0.0228009 0.34133 0.0192498 9.30016E-4 0.00278968 
0.852682 0.02034 0.0463144 0.0554214 0.0195877 0.00279397 0.00286037 
0.101674 0.0243098 0.0041731 0.794633 0.0705321 0.00271918 0.00195891 
0.588852 0.0220686 0.0187023 0.335597 0.0298026 0.0017539 0.00322386 
0.75443 0.0128745 0.0329158 0.149163 0.0362866 0.00588019 0.0084504 
0.173079 0.011664 0.0932214 0.705299 0.00198894 0.00829061 0.00645633 
0.860638 0.0088748 0.0883228 0.0214295 0.00507656 0.00449483 0.0111639 
0.627248 0.0185417 0.0277487 0.310118 0.0109425 0.001723 0.00367789 
0.147235 0.0113438 0.0072056 0.82464 0.006957 9.36782E-4 0.00168129 
0.894688 0.0155994 0.0455358 0.0338677 0.00419879 0.00224746 0.00386264 
0.0421038 0.00773434 0.00277025 0.943334 0.00298555 2.90828E-4 7.81362E-4 
0.363487 0.0156241 0.0128762 0.584273 0.0201765 7.37461E-4 0.0028258 
0.461498 0.017712 0.0180249 0.486703 0.012128 0.00121943 0.00271516 
0.161597 0.0505029 0.0107632 0.761566 0.00877318 0.00255076 0.00424649 
0.209606 0.264698 0.0206032 0.456988 0.0305063 0.00824723 0.00935072 
0.131157 0.384784 0.0158952 0.350433 0.0946098 0.0115643 0.0115567 
0.114379 0.257558 0.014751 0.507086 0.0859501 0.00995024 0.0103258 
0.156452 0.203728 0.0162776 0.566013 0.0429392 0.00612309 0.00846773 
0.110455 0.0694178 0.00994587 0.785879 0.0186846 0.00209637 0.00352195 
0.107192 0.0579917 0.00913956 0.804096 0.0167717 0.00182908 0.00298013 
0.0816142 0.0259186 0.00575116 0.879714 0.00526474 5.86912E-4 0.00115072 
0.112978 0.0394864 0.00758645 0.829675 0.00703474 8.50571E-4 0.00238831 
0.191675 0.0203035 0.0102003 0.771242 0.00520608 3.93519E-4 9.7977E-4 
0.183662 0.0288211 0.0134536 0.769632 0.00245427 4.7476E-4 0.00150283 
0.323898 0.0224152 0.0227366 0.624142 0.00347771 6.40699E-4 0.00268934 
0.343064 0.0157443 0.0451881 0.589562 0.00176543 8.72136E-4 0.00380402 
0.195649 0.00849568 0.0320739 0.759226 0.00183593 4.08274E-4 0.0023108 
0.27971 0.0100644 0.0349829 0.669378 0.00217157 5.4642E-4 0.00314682 
0.205504 0.0141404 0.0190425 0.756949 0.00174097 4.31028E-4 0.00219275 
0.339626 0.0146848 0.0216618 0.617274 0.00352168 7.3144E-4 0.00250066 
0.376544 0.0194103 0.0267979 0.5706 0.00310959 7.24783E-4 0.00281354 
0.32022 0.012962 0.0340598 0.62635 0.00244709 6.44474E-4 0.003317 
0.340237 0.0133109 0.021619 0.617217 0.00426934 5.78719E-4 0.00276758 
0.262279 0.0130314 0.0219978 0.696979 0.00285923 4.77357E-4 0.00237591 
0.349448 0.0106979 0.0819572 0.548247 0.00245774 0.00161942 0.0055723 
0.561559 0.0136524 0.0480129 0.36715 0.00327789 0.00104083 0.00530645 
0.325009 0.010641 0.060801 0.596647 0.00161983 9.73649E-4 0.00430852 
0.276663 0.0083467 0.0429622 0.665463 0.00161658 9.82513E-4 0.00396593 
0.430534 0.0125763 0.105692 0.435525 0.00284638 0.00229661 0.0105297 
0.843767 0.00973362 0.0753367 0.0514793 0.0033766 0.00200714 0.0142997 
0.878733 0.00921555 0.0604652 0.0296535 0.00356986 0.0033075 0.0150553 
0.857188 0.0082383 0.0631149 0.0531548 0.00348672 0.00172285 0.0130949 
0.873527 0.0108374 0.0663724 0.0337005 0.00218236 0.00159418 0.0117863 
0.881631 0.0128606 0.0606933 0.0224374 0.00275024 0.00193713 0.0176903 
0.86829 0.0190882 0.0481779 0.0493092 0.00560925 0.00150605 0.00801994 
0.897014 0.0146794 0.0436965 0.0219681 0.00713088 0.0019999 0.0135117 
0.854038 0.00879866 0.107383 0.0131557 0.00205579 8.44515E-4 0.0137245 
0.878701 0.0160892 0.0496145 0.036956 0.00797561 0.00124076 0.00942279 
0.849653 0.0164961 0.0478099 0.0628243 0.0100814 0.00118755 0.0119477 
0.869472 0.0135429 0.0498961 0.0413296 0.0107599 0.00133161 0.0136677 
0.867049 0.0154648 0.0504008 0.0382664 0.0127451 0.00199789 0.0140761 
0.868307 0.0187046 0.0332415 0.039845 0.0263407 0.00247519 0.0110855 
0.852798 0.010034 0.0431411 0.0425604 0.0282439 0.00241932 0.0208033 
0.817777 0.00986867 0.063484 0.0758141 0.0128596 0.00159779 0.0185986 
0.814431 0.0130661 0.063958 0.080077 0.00998647 0.00142088 0.017061 
0.809184 0.00988491 0.0696088 0.0852538 0.00851797 0.00188094 0.0156693 
0.846609 0.011634 0.0598215 0.0556926 0.00730271 0.001943 0.0169969 
0.817278 0.00938974 0.0903186 0.0447799 0.004726 0.00182475 0.0316827 
0.861702 0.0100088 0.0752227 0.025662 0.00398696 0.00221035 0.021207 
0.862831 0.00878542 0.0722918 0.0292088 0.00679538 0.00233693 0.0177507 
0.875726 0.00769949 0.0719755 0.0213987 0.00328456 0.00265484 0.0172612 
0.872499 0.00803432 0.0684096 0.0271401 0.00564277 0.00182909 0.0164449 
0.850138 0.0115692 0.0470822 0.0717825 0.00842836 0.00179416 0.009206 
0.889989 0.0116697 0.0436626 0.0280442 0.00628157 0.0024135 0.0179392 
0.811535 0.00968189 0.0641071 0.084735 0.00390801 0.00318397 0.0228493 
0.653175 0.0384119 0.0143826 0.238626 0.0439982 0.00554459 0.0058624 
0.313593 0.0277464 0.00614274 0.591523 0.0539244 0.00444611 0.00262452 
0.302884 0.0201187 0.00961785 0.63172 0.0279832 0.00551797 0.00215837 
0.802154 0.0143477 0.0634743 0.106788 0.00364453 0.00172122 0.00787086 
0.809298 0.0137274 0.0680044 0.0926147 0.00255268 0.00261755 0.0111857 
0.666496 0.0146665 0.0819071 0.222677 0.00325544 0.00259991 0.00839829 
0.676373 0.010938 0.0868768 0.209568 0.00444421 0.00317202 0.00862818 
0.79832 0.0102866 0.0763449 0.0999045 0.00401678 0.00183273 0.00929447 
0.833604 0.0122024 0.0573642 0.0772819 0.0084296 0.00257451 0.00854383 
0.722511 0.0125103 0.0686459 0.181809 0.00527807 0.00255333 0.00669284 
0.772392 0.00865794 0.101839 0.0963658 0.0034264 0.00288269 0.0144357 
0.785356 0.012088 0.0646914 0.123158 0.00528405 0.00214811 0.00727466 
0.796494 0.00821707 0.0933332 0.0867018 0.00420221 0.00196018 0.00909174 
0.741219 0.00767074 0.123596 0.105295 0.00343797 0.00377473 0.0150066 
0.61744 0.0116115 0.138885 0.203548 0.00564984 0.00603549 0.0168306 
0.785738 0.0057142 0.1299 0.0645116 0.00203144 0.00272125 0.00938331 
0.734453 0.00605961 0.167921 0.0725329 0.00238548 0.00376023 0.0128878 
0.77099 0.00582016 0.141529 0.066178 0.00233453 0.00264954 0.0104985 
0.771582 0.00595217 0.154044 0.0547099 0.00194806 0.00220726 0.00955662 
0.752401 0.00806702 0.146126 0.0740381 0.00204908 0.0026258 0.014693 
0.752453 0.00781302 0.144803 0.0784355 0.00191327 0.00234284 0.0122392 
0.755205 0.00830301 0.107606 0.11464 0.0026714 0.00249102 0.0090841 
0.818352 0.0066019 0.107616 0.0564874 0.00181485 0.00179456 0.00733276 
0.81653 0.0302158 0.0372337 0.101527 0.00562483 0.00187759 0.00699117 
0.76643 0.0291702 0.0387989 0.153176 0.00489185 0.00179794 0.00573506 
0.806686 0.0243583 0.0484182 0.107833 0.00374151 0.00205145 0.00691127 
0.819242 0.0250248 0.044861 0.0978198 0.00470675 0.00121323 0.00713271 
0.859613 0.014693 0.0648783 0.0427861 0.00262185 0.00225551 0.0131521 
0.841926 0.0168971 0.0484906 0.0739723 0.0088272 0.00233847 0.00754878 
0.846691 0.0125977 0.0535549 0.0721677 0.00553667 0.00285765 0.00659407 
0.857473 0.0114354 0.0600097 0.0564264 0.00461866 0.00295157 0.00708511 
0.85802 0.00818997 0.100298 0.0217441 0.00192578 0.00164194 0.00817993 
0.845281 0.00930965 0.0971618 0.0372893 0.002067 0.00166363 0.00722766 
0.85191 0.00722054 0.10542 0.0246517 0.00150351 0.00246156 0.00683227 
0.821327 0.00923392 0.089463 0.0666209 0.00275301 0.00296757 0.00763497 
0.773317 0.00878885 0.0929762 0.112177 0.00427401 0.00204806 0.00641845 
0.780781 0.0108524 0.0803969 0.114699 0.00388264 0.00229033 0.00709742 
0.876756 0.0109136 0.0612085 0.0335646 0.00469246 0.00262791 0.0102371 
0.788414 0.0191472 0.0387014 0.136304 0.00817811 0.00251753 0.00673783 
0.636217 0.0159334 0.0439176 0.289883 0.0067705 0.00139108 0.00588694 
0.788593 0.0258941 0.0391139 0.128771 0.00796435 0.00196478 0.00769831 
0.616357 0.0282908 0.0259761 0.313659 0.0101734 0.0011335 0.00441009 
0.811825 0.033329 0.0263044 0.10668 0.0143269 0.00129953 0.0062349 
0.684292 0.0403239 0.0271247 0.228701 0.0124479 0.00126913 0.00584131 
0.722449 0.0372733 0.0372323 0.189442 0.00632046 0.00100792 0.00627503 
0.707207 0.053284 0.0266521 0.196931 0.00917051 0.0014006 0.00535528 
0.657935 0.0575474 0.0260188 0.242947 0.00849518 0.00171075 0.00534516 
0.649266 0.0293529 0.0454972 0.265282 0.00403334 0.00138996 0.00517847 
0.567111 0.0365005 0.0283077 0.355836 0.00680037 0.00130749 0.0041371 
0.580351 0.0308866 0.0317045 0.34275 0.00653857 0.00224738 0.00552181 
0.589261 0.0283469 0.029966 0.336637 0.00905719 0.00185851 0.00487408 
0.57426 0.0249453 0.0309222 0.35691 0.0071929 0.00220278 0.00356606 
0.309493 0.203843 0.0176315 0.44095 0.0135217 0.00859948 0.0059613 
0.165032 0.12008 0.0108286 0.686002 0.0122926 0.00259448 0.00317046 
0.186785 0.163558 0.00978508 0.600535 0.0309588 0.0041658 0.00421261 
0.188669 0.0817669 0.00675187 0.688313 0.0299366 0.00224183 0.00232066 
0.169612 0.0973106 0.0106165 0.708434 0.00932715 0.00231007 0.00239045 
0.330948 0.199343 0.0128484 0.426216 0.0205884 0.00411112 0.00594476 
0.316171 0.112238 0.0175085 0.541429 0.00642938 0.00245517 0.00376866 
0.444926 0.0791558 0.018542 0.445661 0.00746615 0.00142074 0.00282888 
0.455843 0.0977918 0.0180043 0.411822 0.00972726 0.00208839 0.00472326 
0.440799 0.0521147 0.0149378 0.473448 0.014665 0.00110724 0.00292757 
0.61524 0.122229 0.0157132 0.217361 0.0204106 0.00210185 0.00694415 
0.696811 0.0928609 0.0193795 0.173313 0.00956291 0.00178845 0.00628466 
0.624891 0.0922427 0.0151893 0.240749 0.0193752 0.00131817 0.00623471 
0.699263 0.0481911 0.0208946 0.208576 0.015537 0.00139295 0.00614531 
0.580629 0.0561485 0.0150208 0.319093 0.0216292 0.00136457 0.00611548 
0.66756 0.0448293 0.0168355 0.243552 0.0190171 0.00136814 0.00683778 
0.676052 0.059526 0.0164457 0.223328 0.0165938 0.00142689 0.00662738 
0.681499 0.0422425 0.0212534 0.237289 0.00985639 0.00127934 0.00658047 
0.695938 0.04366 0.0203677 0.217875 0.0120142 0.00141936 0.00872532 
0.719657 0.029912 0.034732 0.200946 0.00560278 0.00114947 0.00800101 
0.75263 0.0413496 0.029056 0.157992 0.00794658 0.00121658 0.00980915 
0.736805 0.0242481 0.0285813 0.191141 0.0085044 0.00142714 0.00929273 
0.779988 0.0186501 0.0362784 0.142509 0.00596168 0.00164542 0.0149679 
0.827238 0.0195543 0.0386164 0.094484 0.00444422 0.00235814 0.0133047 
0.768711 0.0277988 0.032378 0.146855 0.00812119 0.00162319 0.0145125 
0.674025 0.0233983 0.042574 0.244834 0.00455005 0.00118111 0.0094374 
0.648978 0.0259009 0.0412912 0.270217 0.00402407 9.28949E-4 0.00866021 
0.706861 0.035581 0.0307654 0.21362 0.00527474 0.00108305 0.00681475 
0.634951 0.0291426 0.0376325 0.287536 0.00410765 7.99895E-4 0.00583008 
0.769743 0.0348456 0.0280127 0.150793 0.00724136 0.00123946 0.00812479 
0.80259 0.034243 0.026181 0.12036 0.00882072 0.00118569 0.00662027 
0.804971 0.0417223 0.0263648 0.109969 0.0071772 0.00125916 0.00853646 
0.709733 0.0465171 0.0239926 0.201433 0.0090837 0.00106522 0.00817533 
0.78887 0.051556 0.0215133 0.11982 0.0095635 0.00130981 0.00736799 
0.726515 0.0388343 0.019988 0.193624 0.0127452 0.00122171 0.00707183 
0.746901 0.0460306 0.0243596 0.166278 0.00652101 0.00162753 0.00828231 
0.753665 0.0594997 0.0182989 0.138274 0.0184071 0.00171178 0.0101427 
0.833295 0.0473545 0.0180574 0.070977 0.0197976 0.00165524 0.00886322 
0.80746 0.0354471 0.0161821 0.114906 0.0170027 0.00181734 0.00718472 
0.779584 0.0354518 0.0195307 0.144004 0.0136694 0.00144035 0.0063201 
0.801411 0.020941 0.0193388 0.132534 0.0180857 0.0018507 0.00583837 
0.854338 0.0192199 0.0243897 0.0747248 0.0186738 0.00194106 0.00671261 
0.761252 0.032889 0.0220963 0.156605 0.0180912 0.00122358 0.00784292 
0.825767 0.0283325 0.0233309 0.100776 0.0126563 0.00136272 0.00777433 
0.809894 0.0312993 0.0311206 0.109143 0.00796655 0.00130476 0.00927155 
0.770487 0.0378505 0.0230414 0.148653 0.0117662 0.00111657 0.00708448 
0.781765 0.0291708 0.0347392 0.142617 0.00484657 9.09792E-4 0.00595206 
0.837128 0.0236714 0.0353533 0.0931276 0.00402985 0.00130013 0.00539003 
0.80722 0.0248357 0.0277704 0.126576 0.00658989 0.00134719 0.00565987 
0.851382 0.0174271 0.0355859 0.0800381 0.00733311 0.00106297 0.00717114 
0.822148 0.0242838 0.0397108 0.098893 0.00498098 8.52107E-4 0.00913162 
0.775536 0.0205464 0.0393677 0.145433 0.00787963 7.69782E-4 0.0104677 
0.791201 0.0160734 0.033421 0.138274 0.0106353 9.85484E-4 0.00941011 
0.825139 0.0181152 0.0377543 0.100788 0.00707899 0.001067 0.0100573 
0.821779 0.0242824 0.0321846 0.0934299 0.00954572 0.00138629 0.0173917 
0.841056 0.0263884 0.0408209 0.0653041 0.00580495 0.0016739 0.0189514 
0.832961 0.0188897 0.0418759 0.0791629 0.00766634 0.00131932 0.0181251 
0.863828 0.0274392 0.0364692 0.0468089 0.00765787 0.00132594 0.0164704 
0.871236 0.0290406 0.0316406 0.0466316 0.00637993 0.00144769 0.0136236 
0.844583 0.0227885 0.0448022 0.0669196 0.0050459 0.00110984 0.0147509 
0.871122 0.0230371 0.0294464 0.0462356 0.0126697 0.0013666 0.0161229 
0.859299 0.0221456 0.0384857 0.0536088 0.00522276 0.0014814 0.019757 
0.850809 0.0272342 0.0331399 0.0639654 0.00784331 0.00138323 0.0156245 
0.877765 0.0227919 0.0399811 0.0340016 0.00477122 0.00166127 0.019028 
0.867074 0.0314233 0.0333612 0.0427995 0.00821232 0.00145754 0.0156719 
0.86528 0.0284918 0.0347545 0.0509011 0.00670242 0.00143556 0.0124345 
0.881687 0.0158055 0.0398727 0.044949 0.00661747 0.00121986 0.00984884 
0.866935 0.0297938 0.0308928 0.0377426 0.011775 0.00171539 0.0211454 
0.767294 0.0306113 0.0395106 0.14805 0.00746145 0.00254388 0.00452905 
0.65281 0.0378885 0.0298218 0.263761 0.00932968 0.00211948 0.00426945 
0.761676 0.0273757 0.0313953 0.162028 0.0117293 0.00232451 0.00347049 
0.72455 0.0303057 0.0322912 0.197307 0.00963564 0.00212453 0.00378612 
0.781158 0.0354327 0.0355505 0.133549 0.00668395 0.00243212 0.00519432 
0.701307 0.0238693 0.0411392 0.220822 0.0063734 0.00246197 0.00402709 
0.838021 0.0251051 0.0451323 0.0802226 0.00513627 0.00277494 0.00360792 
0.739392 0.0227101 0.042555 0.182585 0.00626736 0.0028802 0.00360997 
0.681913 0.0252403 0.0319536 0.24434 0.0112482 0.00178936 0.0035153 
0.763265 0.0248798 0.0443045 0.151432 0.00845239 0.00196261 0.00570361 
0.773168 0.0202282 0.0435668 0.134941 0.0189872 0.0032007 0.00590852 
0.776092 0.0196483 0.0523921 0.137301 0.00666222 0.00318062 0.00472401 
0.790885 0.014432 0.0743533 0.109256 0.00331754 0.00266403 0.00509172 
0.685954 0.0219693 0.0321296 0.237391 0.0143317 0.00381422 0.00441004 
0.708001 0.0163078 0.0407576 0.207149 0.0188658 0.00494981 0.00396851 
0.737876 0.0176807 0.0376266 0.179867 0.0158364 0.00731967 0.00379349 
0.790901 0.0170233 0.0534317 0.112445 0.0175716 0.00266746 0.00596072 
0.736753 0.0214511 0.0574994 0.169469 0.00724791 0.00174443 0.00583573 
0.72693 0.018851 0.0322308 0.193327 0.0208706 0.00325022 0.00454045 
0.743314 0.0175132 0.0513682 0.17211 0.00859217 0.00342792 0.00367433 
0.811354 0.0259136 0.0274011 0.098451 0.029081 0.00326919 0.00452975 
0.586102 0.0179741 0.0245708 0.341566 0.0244414 0.00221669 0.00312815 
0.593762 0.0208077 0.0184341 0.325596 0.0360858 0.00200083 0.00331346 
0.570206 0.0179327 0.0274661 0.353474 0.0260416 0.00157351 0.00330575 
0.526941 0.0164228 0.0202873 0.398439 0.0326682 0.00216699 0.00307382 
0.520684 0.0161043 0.0187026 0.408073 0.0314793 0.00168443 0.00327195 
0.60594 0.0129807 0.0284032 0.326989 0.020061 0.00223637 0.00338957 
0.705034 0.0377098 0.0314894 0.210748 0.0086386 0.00228822 0.00409143 
0.683053 0.0434769 0.0200876 0.220926 0.0260352 0.00265864 0.00376289 
0.752134 0.0303231 0.0268837 0.169115 0.0151858 0.00288505 0.00347389 
0.594536 0.0147369 0.0501949 0.323701 0.0122164 0.00120723 0.00340702 
0.552578 0.0129234 0.0410013 0.367994 0.0214864 9.12107E-4 0.00310551 
0.734489 0.0162195 0.0326877 0.16828 0.0417312 0.00186123 0.00473208 
0.735825 0.0266497 0.083629 0.14371 0.00566978 0.00101931 0.00349651 
0.743933 0.0177568 0.0767021 0.148802 0.0079213 0.00132194 0.00356315 
0.711177 0.0173555 0.0734085 0.185488 0.00821225 0.00132125 0.00303688 
0.667787 0.0139164 0.0806136 0.22302 0.00987431 0.00141591 0.00337307 
0.75912 0.0121539 0.0753903 0.139266 0.0101877 0.00162532 0.00225751 
0.778424 0.0125725 0.063046 0.130603 0.00954075 0.00298294 0.00283048 
0.686031 0.0126098 0.0460224 0.233322 0.0164588 0.00269004 0.00286593 
0.626715 0.0150762 0.0470897 0.294831 0.0101782 0.00197455 0.00413479 
0.63524 0.0223247 0.0327946 0.290439 0.0143822 0.00159217 0.00322737 
0.67223 0.025418 0.0377309 0.251276 0.00855352 0.00105571 0.00373596 
0.663253 0.0354662 0.0233895 0.260705 0.0124207 0.00149027 0.00327549 
0.583257 0.0408063 0.0178168 0.331623 0.0225475 9.64479E-4 0.00298545 
0.476679 0.0372035 0.0273839 0.448498 0.00674073 5.21343E-4 0.00297376 
0.505383 0.0484272 0.0231302 0.40718 0.0104255 7.90909E-4 0.0046631 
0.549617 0.0405005 0.0235676 0.371105 0.00982965 9.33062E-4 0.00444698 
0.651175 0.0268032 0.0330444 0.275511 0.00909344 0.00103723 0.00333586 
0.56052 0.0213289 0.0279956 0.374446 0.0117604 0.00102058 0.0029278 
0.562082 0.0159675 0.055532 0.356118 0.0064842 7.27437E-4 0.00308926 
0.547547 0.0131598 0.077192 0.354383 0.00392932 7.80858E-4 0.00300782 
0.674152 0.0159347 0.0629636 0.23834 0.00530866 9.76323E-4 0.00232448 
0.651744 0.0199327 0.032354 0.27612 0.0152743 8.65803E-4 0.00370955 
0.58273 0.0208803 0.0638381 0.324709 0.00420733 6.21307E-4 0.00301383 
0.369129 0.0207985 0.0295978 0.570945 0.00679303 4.1092E-4 0.00232556 
0.35708 0.0238122 0.0386255 0.572924 0.00449249 4.56067E-4 0.00261057 
0.422501 0.0354363 0.0243416 0.501349 0.0122314 5.84746E-4 0.00355598 
0.556252 0.0489619 0.0314947 0.341646 0.0164373 8.29916E-4 0.00437849 
0.439174 0.0479072 0.0294011 0.461436 0.0176359 8.99079E-4 0.00354644 
0.381648 0.0277661 0.0242563 0.54207 0.0203114 6.40388E-4 0.0033079 
0.482629 0.0332182 0.0255607 0.432905 0.0218117 7.64348E-4 0.00311111 
0.509708 0.047725 0.0230167 0.397137 0.0178773 0.00106706 0.0034695 
0.357588 0.0361129 0.0180244 0.567944 0.0170342 6.64418E-4 0.002632 
0.247537 0.0369064 0.0142713 0.686496 0.0121125 6.00501E-4 0.00207553 
0.364388 0.0664876 0.0152958 0.51921 0.0290193 0.00122387 0.00437574 
0.309457 0.0377514 0.0164094 0.619038 0.0144317 5.97448E-4 0.00231528 
0.45163 0.0274066 0.0454782 0.465972 0.00644935 4.52879E-4 0.00261069 
0.431259 0.0342645 0.0283406 0.487682 0.0148984 5.5478E-4 0.00300063 
0.327273 0.0386807 0.0248802 0.597162 0.00896838 4.79786E-4 0.00255613 
0.313983 0.0163833 0.0227223 0.635068 0.00959734 4.32279E-4 0.00181352 
0.81653 0.0302158 0.0372337 0.101527 0.00562483 0.00187759 0.00699117 
0.76643 0.0291702 0.0387989 0.153176 0.00489185 0.00179794 0.00573506 
0.806686 0.0243583 0.0484182 0.107833 0.00374151 0.00205145 0.00691127 
0.819242 0.0250248 0.044861 0.0978198 0.00470675 0.00121323 0.00713271 
0.859613 0.014693 0.0648783 0.0427861 0.00262185 0.00225551 0.0131521 
0.841926 0.0168971 0.0484906 0.0739723 0.0088272 0.00233847 0.00754878 
0.846691 0.0125977 0.0535549 0.0721677 0.00553667 0.00285765 0.00659407 
0.857473 0.0114354 0.0600097 0.0564264 0.00461866 0.00295157 0.00708511 
0.85802 0.00818997 0.100298 0.0217441 0.00192578 0.00164194 0.00817993 
0.845281 0.00930965 0.0971618 0.0372893 0.002067 0.00166363 0.00722766 
0.85191 0.00722054 0.10542 0.0246517 0.00150351 0.00246156 0.00683227 
0.821327 0.00923392 0.089463 0.0666209 0.00275301 0.00296757 0.00763497 
0.773317 0.00878885 0.0929762 0.112177 0.00427401 0.00204806 0.00641845 
0.780781 0.0108524 0.0803969 0.114699 0.00388264 0.00229033 0.00709742 
0.876756 0.0109136 0.0612085 0.0335646 0.00469246 0.00262791 0.0102371 
0.788414 0.0191472 0.0387014 0.136304 0.00817811 0.00251753 0.00673783 
0.636217 0.0159334 0.0439176 0.289883 0.0067705 0.00139108 0.00588694 
0.788593 0.0258941 0.0391139 0.128771 0.00796435 0.00196478 0.00769831 
0.616357 0.0282908 0.0259761 0.313659 0.0101734 0.0011335 0.00441009 
0.811825 0.033329 0.0263044 0.10668 0.0143269 0.00129953 0.0062349 
0.684292 0.0403239 0.0271247 0.228701 0.0124479 0.00126913 0.00584131 
0.722449 0.0372733 0.0372323 0.189442 0.00632046 0.00100792 0.00627503 
0.707207 0.053284 0.0266521 0.196931 0.00917051 0.0014006 0.00535528 
0.657935 0.0575474 0.0260188 0.242947 0.00849518 0.00171075 0.00534516 
0.649266 0.0293529 0.0454972 0.265282 0.00403334 0.00138996 0.00517847 
0.567111 0.0365005 0.0283077 0.355836 0.00680037 0.00130749 0.0041371 
0.580351 0.0308866 0.0317045 0.34275 0.00653857 0.00224738 0.00552181 
0.589261 0.0283469 0.029966 0.336637 0.00905719 0.00185851 0.00487408 
0.57426 0.0249453 0.0309222 0.35691 0.0071929 0.00220278 0.00356606 
0.309493 0.203843 0.0176315 0.44095 0.0135217 0.00859948 0.0059613 
0.165032 0.12008 0.0108286 0.686002 0.0122926 0.00259448 0.00317046 
0.186785 0.163558 0.00978508 0.600535 0.0309588 0.0041658 0.00421261 
0.188669 0.0817669 0.00675187 0.688313 0.0299366 0.00224183 0.00232066 
0.169612 0.0973106 0.0106165 0.708434 0.00932715 0.00231007 0.00239045 
0.330948 0.199343 0.0128484 0.426216 0.0205884 0.00411112 0.00594476 
0.316171 0.112238 0.0175085 0.541429 0.00642938 0.00245517 0.00376866 
0.444926 0.0791558 0.018542 0.445661 0.00746615 0.00142074 0.00282888 
0.455843 0.0977918 0.0180043 0.411822 0.00972726 0.00208839 0.00472326 
0.440799 0.0521147 0.0149378 0.473448 0.014665 0.00110724 0.00292757 
0.61524 0.122229 0.0157132 0.217361 0.0204106 0.00210185 0.00694415 
0.696811 0.0928609 0.0193795 0.173313 0.00956291 0.00178845 0.00628466 
0.624891 0.0922427 0.0151893 0.240749 0.0193752 0.00131817 0.00623471 
0.699263 0.0481911 0.0208946 0.208576 0.015537 0.00139295 0.00614531 
0.580629 0.0561485 0.0150208 0.319093 0.0216292 0.00136457 0.00611548 
0.66756 0.0448293 0.0168355 0.243552 0.0190171 0.00136814 0.00683778 
0.676052 0.059526 0.0164457 0.223328 0.0165938 0.00142689 0.00662738 
0.681499 0.0422425 0.0212534 0.237289 0.00985639 0.00127934 0.00658047 
0.695938 0.04366 0.0203677 0.217875 0.0120142 0.00141936 0.00872532 
0.719657 0.029912 0.034732 0.200946 0.00560278 0.00114947 0.00800101 
0.75263 0.0413496 0.029056 0.157992 0.00794658 0.00121658 0.00980915 
0.736805 0.0242481 0.0285813 0.191141 0.0085044 0.00142714 0.00929273 
0.779988 0.0186501 0.0362784 0.142509 0.00596168 0.00164542 0.0149679 
0.827238 0.0195543 0.0386164 0.094484 0.00444422 0.00235814 0.0133047 
0.768711 0.0277988 0.032378 0.146855 0.00812119 0.00162319 0.0145125 
0.674025 0.0233983 0.042574 0.244834 0.00455005 0.00118111 0.0094374 
0.648978 0.0259009 0.0412912 0.270217 0.00402407 9.28949E-4 0.00866021 
0.706861 0.035581 0.0307654 0.21362 0.00527474 0.00108305 0.00681475 
0.634951 0.0291426 0.0376325 0.287536 0.00410765 7.99895E-4 0.00583008 
0.769743 0.0348456 0.0280127 0.150793 0.00724136 0.00123946 0.00812479 
0.80259 0.034243 0.026181 0.12036 0.00882072 0.00118569 0.00662027 
0.804971 0.0417223 0.0263648 0.109969 0.0071772 0.00125916 0.00853646 
0.709733 0.0465171 0.0239926 0.201433 0.0090837 0.00106522 0.00817533 
0.78887 0.051556 0.0215133 0.11982 0.0095635 0.00130981 0.00736799 
0.726515 0.0388343 0.019988 0.193624 0.0127452 0.00122171 0.00707183 
0.746901 0.0460306 0.0243596 0.166278 0.00652101 0.00162753 0.00828231 
0.753665 0.0594997 0.0182989 0.138274 0.0184071 0.00171178 0.0101427 
0.833295 0.0473545 0.0180574 0.070977 0.0197976 0.00165524 0.00886322 
0.80746 0.0354471 0.0161821 0.114906 0.0170027 0.00181734 0.00718472 
0.779584 0.0354518 0.0195307 0.144004 0.0136694 0.00144035 0.0063201 
0.801411 0.020941 0.0193388 0.132534 0.0180857 0.0018507 0.00583837 
0.854338 0.0192199 0.0243897 0.0747248 0.0186738 0.00194106 0.00671261 
0.761252 0.032889 0.0220963 0.156605 0.0180912 0.00122358 0.00784292 
0.825767 0.0283325 0.0233309 0.100776 0.0126563 0.00136272 0.00777433 
0.809894 0.0312993 0.0311206 0.109143 0.00796655 0.00130476 0.00927155 
0.770487 0.0378505 0.0230414 0.148653 0.0117662 0.00111657 0.00708448 
0.781765 0.0291708 0.0347392 0.142617 0.00484657 9.09792E-4 0.00595206 
0.837128 0.0236714 0.0353533 0.0931276 0.00402985 0.00130013 0.00539003 
0.80722 0.0248357 0.0277704 0.126576 0.00658989 0.00134719 0.00565987 
0.851382 0.0174271 0.0355859 0.0800381 0.00733311 0.00106297 0.00717114 
0.822148 0.0242838 0.0397108 0.098893 0.00498098 8.52107E-4 0.00913162 
0.775536 0.0205464 0.0393677 0.145433 0.00787963 7.69782E-4 0.0104677 
0.791201 0.0160734 0.033421 0.138274 0.0106353 9.85484E-4 0.00941011 
0.825139 0.0181152 0.0377543 0.100788 0.00707899 0.001067 0.0100573 
0.821779 0.0242824 0.0321846 0.0934299 0.00954572 0.00138629 0.0173917 
0.841056 0.0263884 0.0408209 0.0653041 0.00580495 0.0016739 0.0189514 
0.832961 0.0188897 0.0418759 0.0791629 0.00766634 0.00131932 0.0181251 
0.863828 0.0274392 0.0364692 0.0468089 0.00765787 0.00132594 0.0164704 
0.871236 0.0290406 0.0316406 0.0466316 0.00637993 0.00144769 0.0136236 
0.844583 0.0227885 0.0448022 0.0669196 0.0050459 0.00110984 0.0147509 
0.871122 0.0230371 0.0294464 0.0462356 0.0126697 0.0013666 0.0161229 
0.859299 0.0221456 0.0384857 0.0536088 0.00522276 0.0014814 0.019757 
0.850809 0.0272342 0.0331399 0.0639654 0.00784331 0.00138323 0.0156245 
0.877765 0.0227919 0.0399811 0.0340016 0.00477122 0.00166127 0.019028 
0.867074 0.0314233 0.0333612 0.0427995 0.00821232 0.00145754 0.0156719 
0.86528 0.0284918 0.0347545 0.0509011 0.00670242 0.00143556 0.0124345 
0.881687 0.0158055 0.0398727 0.044949 0.00661747 0.00121986 0.00984884 
0.866935 0.0297938 0.0308928 0.0377426 0.011775 0.00171539 0.0211454 
0.783757 0.00641339 0.163363 0.0248555 0.0103889 0.00137885 0.00984387 
0.782243 0.00489425 0.168491 0.0216693 0.0125776 0.00106104 0.00906379 
0.774817 0.00709441 0.15327 0.0368661 0.0184185 0.00117666 0.00835706 
0.763584 0.00752675 0.158268 0.0512346 0.011759 0.00112513 0.00650221 
0.785688 0.00616865 0.140584 0.0435314 0.0156527 0.00142825 0.00694714 
0.805507 0.00773232 0.117098 0.0400036 0.0182226 0.00157848 0.00985793 
0.796483 0.00964334 0.110243 0.0535232 0.0210234 0.00153546 0.00754903 
0.73904 0.00912302 0.0744628 0.146117 0.0223128 0.00227171 0.00667288 
0.732847 0.00831044 0.0871375 0.147689 0.016235 0.00244022 0.00534095 
0.804057 0.00575442 0.122162 0.0494251 0.00901755 0.00294142 0.00664242 
0.806434 0.00630552 0.0966018 0.0546915 0.0258047 0.0023934 0.00776909 
0.766186 0.0039629 0.112738 0.0852081 0.0215713 0.00346369 0.00686976 
0.783185 0.00429812 0.130096 0.0553706 0.0126854 0.00329914 0.011066 
0.833346 0.0046773 0.13137 0.0137351 0.00499414 0.0044665 0.00741103 
0.826048 0.00456105 0.129038 0.0223374 0.00957962 0.00277813 0.00565851 
0.727402 0.00597156 0.100508 0.137239 0.0199778 0.00295155 0.0059506 
0.749025 0.00553556 0.0917574 0.118665 0.0239915 0.00348258 0.00754323 
0.824626 0.00583799 0.0943937 0.0492726 0.016452 0.00317954 0.00623814 
0.782169 0.0065165 0.101316 0.07791 0.0208322 0.00383398 0.00742206 
0.804739 0.00576977 0.113926 0.0490631 0.0173919 0.00206644 0.00704386 
0.802559 0.00590443 0.123704 0.0487817 0.0113205 0.00170382 0.00602662 
0.79635 0.00638497 0.135705 0.0356371 0.0175281 0.00156558 0.00682904 
0.783639 0.00363774 0.183076 0.017748 0.00459657 0.00174518 0.00555802 
0.789573 0.00509801 0.112931 0.0649352 0.020133 0.00253033 0.00479908 
0.798642 0.00544572 0.162612 0.0157224 0.00656581 0.00302446 0.0079872 
0.615779 0.0082906 0.186086 0.165333 0.00661516 0.00756386 0.0103311 
0.620823 0.00734931 0.119315 0.235332 0.00989417 0.00237526 0.00491085 
0.807383 0.00877895 0.111395 0.0523639 0.0125341 0.00247668 0.00506776 
0.73641 0.00917348 0.125912 0.112899 0.00770921 0.00220854 0.00568669 
0.78136 0.020703 0.0340792 0.142251 0.0137395 0.00104324 0.00682462 
0.689897 0.0127452 0.0453313 0.236984 0.00726519 0.00101827 0.0067594 
0.62468 0.0166726 0.0346297 0.308186 0.00960146 8.68455E-4 0.00536272 
0.719873 0.0105981 0.0618059 0.19212 0.00625986 0.00131452 0.00802779 
0.628168 0.0105347 0.0619747 0.28716 0.00545121 0.00100735 0.00570461 
0.724107 0.00954 0.0634583 0.190439 0.00532142 0.00141318 0.00572076 
0.667046 0.0131305 0.0455474 0.260808 0.00741024 0.00102307 0.00503443 
0.620448 0.0137895 0.0693068 0.281923 0.00465425 0.00107086 0.00880765 
0.56877 0.0212486 0.0341366 0.359426 0.0105556 8.63495E-4 0.00499924 
0.706242 0.0197777 0.0390048 0.217352 0.00965001 0.0011301 0.00684359 
0.640994 0.0120224 0.0485111 0.281948 0.00875045 0.00158222 0.006192 
0.869516 0.00874449 0.079503 0.0188705 0.00529668 0.00694706 0.0111225 
0.728064 0.0057365 0.160299 0.0169006 0.00834985 0.0599344 0.0207155 
0.683636 0.00683904 0.162858 0.0711712 0.00799755 0.0493697 0.0181287 
0.645108 0.0046357 0.237071 0.0395206 0.00317744 0.0512301 0.0192575 
0.688775 0.00398917 0.220177 0.0403128 0.00350761 0.0272754 0.0159625 
0.740137 0.00480852 0.160132 0.0191041 0.00606342 0.0540433 0.0157113 
0.778717 0.00610634 0.141029 0.010595 0.0167872 0.0308147 0.0159512 
0.803875 0.0074171 0.103147 0.0206806 0.0180827 0.0351122 0.0116853 
0.78526 0.00722401 0.122198 0.0295775 0.0137224 0.0275945 0.0144231 
0.775855 0.00697566 0.114871 0.069603 0.00358703 0.0185952 0.0105129 
0.74866 0.0185852 0.0747401 0.143448 0.00251713 0.00393695 0.00811312 
0.187657 0.0352892 0.0110952 0.753332 0.00608201 0.00455191 0.00199337 
0.231022 0.0288807 0.0217969 0.706142 0.00429092 0.00662998 0.00123717 
0.460056 0.0452457 0.0194952 0.463858 0.0056846 0.00357692 0.00208355 
0.496512 0.0420145 0.0326782 0.422019 0.00427393 0.00121908 0.00128327 
0.540084 0.0227447 0.0352372 0.394317 0.00503035 7.10566E-4 0.00187697 
0.347331 0.0209745 0.0322376 0.593748 0.00289921 5.78821E-4 0.00223146 
0.403973 0.0141735 0.0348058 0.538797 0.0043906 5.34897E-4 0.00332559 
0.268729 0.0119075 0.0378848 0.67361 0.00416668 3.95739E-4 0.00330589 
0.290576 0.0126433 0.0360784 0.652646 0.0039406 3.98739E-4 0.00371694 
0.252856 0.011763 0.0517974 0.676722 0.00246836 6.64376E-4 0.00372842 
0.242802 0.010644 0.0557443 0.684103 0.00205681 8.27049E-4 0.00382311 
0.423652 0.0114558 0.0845878 0.468664 0.00396354 0.00177567 0.00590135 
0.638452 0.0125598 0.123096 0.203637 0.00496768 0.00412246 0.0131654 
0.844327 0.00652934 0.0899131 0.0498491 0.00288178 9.3658E-4 0.00556292 
0.873479 0.00594257 0.0911134 0.0170262 0.00248855 7.99121E-4 0.00915082 
0.723721 0.01369 0.0653745 0.18179 0.00583088 7.42017E-4 0.00885169 
0.699932 0.0123457 0.0895777 0.176654 0.00433697 0.00176939 0.0153842 
0.549388 0.0135406 0.108429 0.30622 0.00544704 0.00246899 0.0145062 
0.621281 0.0156494 0.11219 0.234525 0.00584391 0.00244488 0.00806575 
0.436337 0.0174666 0.124204 0.406569 0.0048071 0.00285797 0.00775844 
0.513257 0.0165888 0.13986 0.311363 0.00543763 0.00414571 0.00934755 
0.582245 0.0173431 0.208206 0.159946 0.00688196 0.00773317 0.0176445 
0.721261 0.00934694 0.146746 0.104511 0.00345615 0.00371884 0.0109602 
0.55896 0.0189683 0.218822 0.162032 0.00834793 0.0113826 0.0214863 
0.604779 0.0143386 0.16447 0.183752 0.00607706 0.00827607 0.0183081 
0.610207 0.0145207 0.155761 0.188668 0.00600926 0.00729632 0.0175385 
0.862429 0.0309129 0.0242238 0.0536903 0.0175022 0.00193555 0.00930676 
0.862887 0.0272377 0.0297819 0.05933 0.0103471 0.00177312 0.00864353 
0.884302 0.0282715 0.0311575 0.034309 0.0111644 0.00179489 0.00900069 
0.869962 0.0398655 0.0306824 0.0351775 0.00994981 0.00174292 0.0126201 
0.835144 0.0255887 0.0360352 0.0784683 0.0152211 0.00121451 0.00832855 
0.868743 0.0280866 0.0274337 0.0487782 0.0167434 0.00172693 0.00848814 
0.858964 0.0385644 0.0217431 0.0466376 0.0238736 0.00217041 0.0080473 
0.866289 0.0385155 0.0211228 0.0282927 0.031098 0.00315579 0.0115262 
0.842576 0.0264513 0.0184571 0.0477783 0.0507895 0.00263945 0.0113081 
0.797568 0.0269569 0.0207317 0.0854015 0.054519 0.00249977 0.0123234 
0.841185 0.0197354 0.0219581 0.0507074 0.052894 0.00241111 0.0111093 
0.781989 0.0144498 0.0246239 0.133234 0.0373137 0.00145437 0.00693557 
0.820015 0.0140146 0.0343837 0.104932 0.0189082 0.00141334 0.00633291 
0.892797 0.00954597 0.046964 0.0303574 0.00985489 0.00227158 0.00820903 
0.882079 0.00856816 0.0529871 0.0360125 0.00996618 0.0021691 0.00821782 
0.835077 0.00853375 0.0768404 0.0612774 0.00729186 0.00161006 0.00936978 
0.842572 0.00850651 0.0636474 0.0636084 0.0100085 0.00253663 0.00912032 
0.892937 0.00797043 0.0641941 0.00911504 0.00680434 0.00812546 0.0108538 
0.826901 0.0052093 0.117738 0.0118362 0.00785966 0.0164421 0.0140132 
0.643016 0.00680375 0.141112 0.0381173 0.00390655 0.119682 0.0473621 
0.745828 0.00469251 0.138026 0.0259677 0.00868704 0.0458173 0.0309819 
0.780578 0.00590523 0.116757 0.00532469 0.0037692 0.066176 0.0214899 
0.803024 0.00477342 0.128563 0.00414411 0.00252817 0.0411405 0.015827 
0.796995 0.00538402 0.123225 0.00895169 0.00379537 0.0424067 0.0192422 
0.839905 0.00581764 0.113678 0.0120818 0.00378053 0.0124359 0.0123014 
0.825338 0.00674502 0.0947804 0.0337346 0.00646325 0.0187176 0.0142213 
0.82333 0.00542487 0.108751 0.0358878 0.00383956 0.0135229 0.00924433 
0.859637 0.00814875 0.0708748 0.0370154 0.0102632 0.00804622 0.00601454 
0.636197 0.0158895 0.0483541 0.279766 0.00840575 0.00813323 0.00325411 
0.253702 0.0407324 0.0416812 0.640837 0.0033057 0.0174024 0.00233925 
0.280489 0.0278961 0.0389393 0.641869 0.00395569 0.00558502 0.00126578 
0.232914 0.0240679 0.00879457 0.717658 0.0142839 0.0013335 9.47332E-4 
0.222297 0.032685 0.00874492 0.723534 0.0107772 0.0011414 8.20422E-4 
0.24871 0.0468824 0.0119881 0.685544 0.00479611 9.3944E-4 0.00113981 
0.528815 0.0473404 0.0183881 0.395459 0.00592934 0.00186627 0.00220174 
0.356771 0.0211863 0.0470077 0.568814 0.0026808 0.00111723 0.00242226 
0.69257 0.0249978 0.0502821 0.221729 0.00432692 0.00168267 0.00441091 
0.520756 0.0255947 0.0408471 0.403626 0.00486022 9.91567E-4 0.00332441 
0.393541 0.016226 0.0740579 0.505342 0.00372057 0.00127684 0.00583491 
0.694421 0.0144763 0.0893267 0.188023 0.00414748 0.00186661 0.00773936 
0.591717 0.0158299 0.126615 0.243584 0.00471671 0.00390771 0.0136299 
0.665459 0.0148967 0.0884064 0.214909 0.00372515 0.00282163 0.00978239 
0.543448 0.0177282 0.143264 0.266174 0.00592287 0.00615905 0.017304 
0.638243 0.0143991 0.164048 0.152265 0.00638825 0.00578242 0.0188736 
0.853765 0.00395971 0.103017 0.0259496 0.00211329 0.00256034 0.00863452 
0.840791 0.00970681 0.0679226 0.0453325 0.0130158 0.00133473 0.0218963 
0.893364 0.00852199 0.0535284 0.0158627 0.00945401 0.00229748 0.0169715 
0.856177 0.00813871 0.08843 0.0295385 0.00311394 0.00164373 0.0129579 
0.826977 0.00765159 0.1265 0.0143699 0.00184838 0.00150095 0.0211519 
0.833251 0.00667132 0.116655 0.0213048 0.00179571 0.0013444 0.0189784 
0.82537 0.00696431 0.105654 0.0432885 0.00279947 0.00246772 0.0134556 
0.818603 0.00683213 0.0991347 0.0506578 0.00295018 0.00282067 0.0190014 
0.835687 0.00652217 0.129805 0.0174513 0.00170929 0.00144015 0.00738531 
0.835494 0.00531258 0.12351 0.0124889 0.00184085 0.00319498 0.0181591 
0.826616 0.00608881 0.135501 0.0161095 0.0014898 0.00247319 0.0117217 
0.750164 0.00443854 0.218144 0.00989198 7.6229E-4 0.00351771 0.0130819 
0.719575 0.00421605 0.25087 0.00755534 6.75602E-4 0.00345926 0.0136497 
0.733912 0.0046014 0.231686 0.00929474 7.82264E-4 0.00468623 0.0150376 
0.765963 0.00483806 0.203208 0.0120578 0.00122132 0.00275954 0.00995192 
0.792056 0.00424498 0.161912 0.0237165 0.0024478 0.00439029 0.011232 
0.836505 0.0056077 0.113882 0.0161531 0.00294552 0.00532287 0.0195835 
0.865432 0.00977696 0.0896059 0.00725099 0.0033038 0.0039826 0.0206473 
0.853657 0.0164213 0.078129 0.0107699 0.00865009 0.00443351 0.0279395 
0.851153 0.00948664 0.0703868 0.0361387 0.00387004 0.0118534 0.0171114 
0.828997 0.0200572 0.0663368 0.0578303 0.00251278 0.00689456 0.0173714 
0.814324 0.0387027 0.0224537 0.0702273 0.031519 0.00559411 0.017179 
0.774604 0.0889734 0.0238962 0.0388679 0.0375297 0.00375079 0.0323775 
0.774787 0.0763701 0.0173171 0.0506121 0.0564537 0.00415154 0.0203088 
0.724662 0.0833816 0.0169983 0.07066 0.0756612 0.00385285 0.0247838 
0.691718 0.0997916 0.0166622 0.0663745 0.0914361 0.00451382 0.0295042 
0.738764 0.0936244 0.022687 0.0459715 0.0530481 0.00374348 0.042162 
0.780654 0.0902657 0.0194582 0.0411009 0.0402454 0.00328855 0.0249871 
0.777151 0.0919518 0.0275321 0.0364616 0.0305924 0.00313279 0.0331778 
0.723419 0.127665 0.0303564 0.0455535 0.0263262 0.00252223 0.0441584 
0.719657 0.111503 0.0231899 0.063792 0.0478873 0.0030963 0.0308747 
0.691745 0.0923048 0.0196902 0.0968959 0.0659045 0.00354327 0.0299167 
0.645771 0.0865856 0.0197431 0.0988351 0.1124 0.00489931 0.0317657 
0.612084 0.107934 0.0211217 0.0859744 0.126198 0.00630051 0.0403869 
0.647835 0.0769631 0.0209404 0.11894 0.0985032 0.00418782 0.0326298 
0.699561 0.0830855 0.0191829 0.088395 0.0736032 0.00361465 0.0325581 
0.710736 0.0891009 0.017495 0.0827061 0.0724458 0.00369861 0.0238174 
0.509728 0.040667 0.0177051 0.342634 0.0696815 0.0014195 0.0181651 
0.789996 0.0329268 0.0382992 0.0960317 0.0225231 0.00132165 0.0189015 
0.86824 0.0170178 0.0525264 0.0350603 0.00991702 0.00224989 0.0149884 
0.874542 0.0103014 0.0741769 0.014577 0.00566373 0.00205052 0.0186889 
0.86931 0.0131341 0.0747059 0.0239072 0.00329107 0.00310441 0.012547 
0.833661 0.010186 0.0849569 0.0522568 0.00343089 0.00282419 0.0126843 
0.709336 0.0103823 0.0964686 0.162919 0.005 0.00475242 0.011141 
0.809898 0.00874144 0.109051 0.0577207 0.0020008 0.00271986 0.0098689 
0.611747 0.0139804 0.114432 0.236704 0.00339861 0.00373694 0.0160015 
0.514625 0.0105449 0.0962915 0.361981 0.00546411 0.00311213 0.00798136 
0.797603 0.00986569 0.0859013 0.0953939 0.00403057 0.00242709 0.0047782 
0.76437 0.0126252 0.0928895 0.117878 0.00291448 0.0026435 0.00667946 
0.0819781 7.45974E-4 0.892986 0.00958742 6.35521E-4 0.00813262 0.00593481 
0.140262 0.00125387 0.816201 0.0138923 0.00130732 0.0151372 0.0119463 
0.423418 0.00411426 0.444625 0.0860311 0.0107752 0.0174342 0.0136022 
0.563639 0.00476724 0.299799 0.0884802 0.0181284 0.0172712 0.00791487 
0.64487 0.00626353 0.106503 0.183315 0.0396991 0.0130957 0.00625334 
0.777966 0.0109192 0.0653512 0.10131 0.0334645 0.00629964 0.00468934 
0.770383 0.0106977 0.0857955 0.103177 0.0229995 0.00376194 0.00318563 
0.791362 0.0145702 0.0516194 0.10253 0.0332023 0.00290616 0.00380964 
0.799553 0.0114612 0.080267 0.07261 0.0297765 0.00233546 0.00399705 
0.698346 0.0110896 0.0668347 0.179209 0.0391178 0.00158653 0.00381683 
0.629986 0.019837 0.0311125 0.234449 0.0771305 0.00280486 0.00468069 
0.604817 0.0170643 0.0317675 0.217814 0.11597 0.0053162 0.00725099 
0.647887 0.0237777 0.0289771 0.137814 0.145486 0.00641371 0.00964446 
0.693788 0.0383926 0.0289248 0.100929 0.123752 0.00538053 0.0088325 
0.700833 0.0252193 0.0308935 0.123491 0.104411 0.00712635 0.00802532 
0.772591 0.0159285 0.0476891 0.097463 0.0537248 0.00685085 0.0057529 
0.825978 0.0109215 0.088716 0.0378546 0.0268122 0.00534447 0.00437314 
0.818454 0.00721462 0.116705 0.0317673 0.0163757 0.00580841 0.00367509 
0.806152 0.0118849 0.102286 0.0542176 0.0155717 0.00581456 0.00407253 
0.828366 0.0150194 0.0691877 0.0421158 0.0293293 0.00999451 0.00598697 
0.753319 0.00659076 0.209075 0.0156877 0.00519672 0.00514778 0.00498248 
0.787777 0.00955984 0.158407 0.0186527 0.0132801 0.00451745 0.00780572 
0.636403 0.00491848 0.281915 0.0162785 0.0204814 0.0287962 0.0112066 
