0.0701553 0.00976757 0.0083631 0.909307 0.00135932 3.27871E-4 7.20257E-4 
0.397649 0.0173046 0.067071 0.510694 0.00474826 8.03742E-4 0.00172959 
0.813622 0.0115422 0.107717 0.0586962 0.00199566 0.00161949 0.00480735 
0.157293 0.0202183 0.00933569 0.806081 0.0048774 6.14321E-4 0.00158089 
0.529834 0.0215733 0.0290739 0.408481 0.00756548 8.51531E-4 0.00262104 
0.447544 0.0190187 0.0191167 0.498218 0.0123911 9.05146E-4 0.00280693 
0.250807 0.010804 0.0423874 0.689144 0.00233568 9.45872E-4 0.00357666 
0.456111 0.0232739 0.0208787 0.483933 0.0102187 0.00110761 0.0044771 
0.498844 0.0284327 0.0215823 0.434037 0.0120658 8.23274E-4 0.00421412 
0.47863 0.0385837 0.0169746 0.441674 0.01802 9.29559E-4 0.00518847 
0.569625 0.0360276 0.0262754 0.353631 0.00935361 7.43252E-4 0.004344 
0.651113 0.0282446 0.0285421 0.274143 0.0125119 7.55815E-4 0.00468981 
0.451052 0.014752 0.0235617 0.49779 0.00924385 6.15703E-4 0.00298411 
0.478374 0.0148842 0.0211609 0.466404 0.0148319 8.67733E-4 0.00347754 
0.377605 0.0207517 0.0161647 0.568856 0.0129715 5.85226E-4 0.0030658 
0.315503 0.0121854 0.0167158 0.642403 0.00983406 4.88332E-4 0.00287091 
0.50861 0.0320065 0.028354 0.410704 0.0135539 5.99928E-4 0.00617209 
0.759914 0.0224131 0.0662646 0.132678 0.00796953 9.73813E-4 0.00978715 
0.843479 0.0102965 0.106715 0.0322977 0.0028545 7.58688E-4 0.00359928 
0.826003 0.0174925 0.0986002 0.0366215 0.010734 8.8017E-4 0.00966879 
0.538605 0.0153461 0.0734399 0.353928 0.0114439 6.99787E-4 0.00653668 
0.420311 0.0151643 0.124711 0.425499 0.0059518 0.00236598 0.00599687 
0.822452 0.0145875 0.0839737 0.0661073 0.00618417 8.57359E-4 0.00583813 
0.829511 0.020849 0.079092 0.0412851 0.0167551 0.00101774 0.0114901 
0.837663 0.0260725 0.0477521 0.0616972 0.014833 0.00167956 0.0103021 
0.843812 0.0189932 0.0491988 0.0719745 0.00784586 0.00179104 0.00638431 
0.771804 0.0266675 0.0292722 0.147264 0.0160568 0.00173009 0.00720544 
0.770009 0.0189223 0.0483243 0.145216 0.00939344 0.00113795 0.00699704 
0.746705 0.0295345 0.0294203 0.156729 0.0273011 0.00134091 0.00896975 
0.820788 0.0287049 0.0389241 0.0801973 0.0198527 0.00134274 0.0101903 
0.717692 0.0398629 0.0258371 0.169805 0.0339073 0.00136216 0.0115336 
0.796373 0.0341243 0.0289696 0.0945195 0.0320766 0.00152948 0.0124077 
0.806346 0.0373438 0.0223332 0.0891111 0.0313113 0.00198059 0.0115735 
0.834374 0.0332029 0.0264228 0.0809445 0.0149231 0.00208747 0.00804567 
0.820516 0.0228375 0.0256953 0.101362 0.0208008 0.00142192 0.0073669 
0.776993 0.0203791 0.0246138 0.146497 0.0235798 0.00150841 0.00642858 
0.844618 0.0188013 0.0379918 0.0583929 0.0232517 0.00212348 0.0148212 
0.868973 0.015929 0.031454 0.0447814 0.0233383 0.00266739 0.0128569 
0.835744 0.0288158 0.0191243 0.0478743 0.053631 0.00320677 0.011604 
0.834315 0.0254065 0.0272663 0.0724475 0.0290843 0.00158604 0.00989394 
0.836457 0.0240329 0.0274473 0.078765 0.0240534 0.00138659 0.00785744 
0.787323 0.0236505 0.0273126 0.12681 0.0250975 0.00142181 0.00838433 
0.820955 0.0229766 0.0455489 0.0817471 0.0190939 0.00131453 0.00836353 
0.786059 0.0245948 0.0318682 0.120959 0.027353 0.00125979 0.00790645 
0.746915 0.0198467 0.0358826 0.167035 0.020381 0.00129002 0.00865008 
0.682885 0.0140219 0.0543448 0.226878 0.0153364 8.26883E-4 0.00570684 
0.628945 0.0175588 0.0428911 0.288973 0.0156336 8.7842E-4 0.00512029 
0.687698 0.0137929 0.0245137 0.243745 0.0250561 0.00118478 0.0040093 
0.687882 0.0226009 0.0390646 0.232572 0.0119395 8.23188E-4 0.00511764 
0.732014 0.0158904 0.037518 0.195255 0.0141462 0.00117461 0.00400203 
0.760036 0.018628 0.0364623 0.159256 0.0198787 0.0011941 0.00454583 
0.568814 0.0194897 0.0159218 0.345423 0.0445463 0.00114297 0.00466291 
0.532197 0.026228 0.0210814 0.39333 0.022464 7.59288E-4 0.00394058 
0.784145 0.0234533 0.0604123 0.1169 0.00773488 0.00110642 0.00624847 
0.71323 0.0309953 0.0469457 0.180286 0.0181863 9.21316E-4 0.00943559 
0.736472 0.0176942 0.0481993 0.174497 0.0157946 9.63586E-4 0.0063793 
0.804861 0.0149543 0.0400012 0.121067 0.0136408 0.00144941 0.00402679 
0.843857 0.0151912 0.0525322 0.0734919 0.0093466 0.00114245 0.00443884 
0.837479 0.0158585 0.0467628 0.0743 0.0175394 0.00149605 0.00656401 
0.6285 0.0124539 0.0213752 0.300674 0.0304876 0.00135613 0.00515351 
0.635913 0.0210956 0.0138708 0.236885 0.0821967 0.00184747 0.00819172 
0.62873 0.0253879 0.0144073 0.268223 0.0546584 0.0012355 0.00735721 
0.682997 0.0202381 0.0244298 0.23694 0.0279908 0.00106023 0.00634482 
0.688746 0.0272543 0.0304696 0.22285 0.0199407 7.78465E-4 0.00996051 
0.641294 0.0291905 0.0165294 0.265442 0.0394537 0.0011482 0.00694295 
0.773699 0.0277223 0.0284481 0.140036 0.0205174 0.00116171 0.0084158 
0.710303 0.0176653 0.0353752 0.217548 0.0135355 8.87904E-4 0.00468477 
0.685606 0.018566 0.0394786 0.239147 0.0119233 8.70866E-4 0.00440839 
0.732067 0.0230919 0.0337197 0.195028 0.0102492 0.00108506 0.00475964 
0.816796 0.0160179 0.0514366 0.10139 0.00762307 0.00117558 0.0055608 
0.700366 0.0138082 0.0511385 0.216941 0.0103826 8.9434E-4 0.00646947 
0.811266 0.0225678 0.0482767 0.0907855 0.0146783 9.03972E-4 0.0115219 
0.863436 0.0172235 0.0703731 0.0272952 0.00331094 0.00149458 0.0168665 
0.864064 0.015378 0.070309 0.0289998 0.0029464 0.0017343 0.0165687 
0.882341 0.014927 0.0544167 0.0276842 0.00470043 0.00146849 0.014462 
0.866973 0.0236077 0.0598016 0.0276469 0.00472968 0.00116732 0.0160738 
0.86661 0.0259444 0.0569423 0.0304016 0.00507813 0.00132289 0.013701 
0.84645 0.0284872 0.0618343 0.0414967 0.0045764 0.0011536 0.0160021 
0.839255 0.0248878 0.041876 0.0704448 0.010663 0.00116096 0.0117125 
0.877363 0.0198073 0.0565423 0.0287459 0.00382486 0.00134292 0.0123737 
0.850602 0.0237263 0.0624959 0.0393811 0.00436924 0.00152919 0.0178962 
0.856551 0.0247212 0.0571797 0.0438926 0.00513967 0.00122666 0.0112892 
0.821354 0.014667 0.0697736 0.0745809 0.00584884 0.00100683 0.0127691 
0.829794 0.0200606 0.0757106 0.0489109 0.00527858 0.00126729 0.0189779 
0.841662 0.0148029 0.0779885 0.0374955 0.0054191 0.00113765 0.0214939 
0.799153 0.0132081 0.0955976 0.0682076 0.00544584 8.19234E-4 0.0175683 
0.699388 0.0344323 0.0285618 0.20653 0.0167456 6.55912E-4 0.0136861 
0.881688 0.0155452 0.0573608 0.0206497 0.00549515 0.00133048 0.0179308 
0.847528 0.0066523 0.116419 0.00559732 0.00271116 0.00458987 0.016503 
0.827663 0.00691404 0.133851 0.00411892 0.00258166 0.00468304 0.020188 
0.843684 0.00860169 0.113396 0.00774711 0.00319818 0.00412945 0.0192433 
0.813172 0.0075024 0.10793 0.0483549 0.00285947 0.00482075 0.0153609 
0.855579 0.00590463 0.103817 0.0170255 0.00332453 0.00732734 0.00702217 
0.838845 0.00523342 0.120079 0.0164478 0.00644238 0.00733461 0.00561698 
0.75609 0.00628119 0.146756 0.0576135 0.00470355 0.0191819 0.00937351 
0.757427 0.00792368 0.118558 0.0517523 0.00512131 0.0479022 0.0113156 
0.687559 0.0081362 0.17114 0.0740025 0.00318729 0.0414661 0.0145088 
0.699689 0.00964845 0.143894 0.0945887 0.00351964 0.0363715 0.0122889 
0.707626 0.0135571 0.122947 0.134079 0.00334854 0.00889504 0.00954735 
0.147657 0.0225963 0.0138454 0.811684 0.00188665 0.00111785 0.00121292 
0.100911 0.0358222 0.00585453 0.848314 0.00694853 0.00122409 9.25179E-4 
0.0399824 0.0578267 0.0025086 0.87699 0.0202485 0.00134452 0.00109971 
0.0399641 0.0957995 0.00553849 0.790489 0.0599115 0.00392073 0.00437708 
0.0450463 0.13307 0.00874974 0.714232 0.0853185 0.00627846 0.00730584 
0.0850772 0.198115 0.0164803 0.569082 0.10631 0.0114783 0.0134565 
0.217797 0.07713 0.0100925 0.684936 0.00648846 0.0013308 0.00222566 
0.189446 0.0290504 0.00681942 0.761711 0.0106098 7.91171E-4 0.00157251 
0.250091 0.0304963 0.00554245 0.683851 0.0273624 9.94726E-4 0.00166213 
0.244729 0.0443852 0.00614564 0.664628 0.0349406 0.00198118 0.00319014 
0.266273 0.0258997 0.00893705 0.679423 0.0159903 0.00128285 0.00219419 
0.34695 0.0160609 0.0150963 0.604012 0.0137616 0.00130984 0.0028086 
0.389649 0.0123192 0.0131541 0.548047 0.0316851 0.00164454 0.00350077 
0.645075 0.0158917 0.0237255 0.282424 0.0250533 0.00225819 0.00557273 
0.694003 0.0157643 0.0353327 0.234032 0.0133803 0.00168882 0.00579914 
0.724389 0.0142011 0.0389296 0.201595 0.013718 0.00148511 0.00568211 
0.772366 0.0099857 0.0654508 0.139504 0.00619412 0.00172329 0.00477674 
0.531312 0.0106042 0.118245 0.320342 0.00481166 0.00415695 0.0105281 
0.388666 0.00891724 0.0823673 0.508353 0.00379521 0.00174069 0.00616122 
0.42759 0.00782358 0.0895174 0.461158 0.00582994 0.00185851 0.00622304 
0.581383 0.0109415 0.0922645 0.299637 0.00439475 0.00290663 0.0084726 
0.557133 0.0107861 0.0733586 0.346513 0.00488398 0.00166592 0.00565878 
0.438277 0.0072198 0.0571809 0.484971 0.00590573 0.00105173 0.00539384 
0.462374 0.0067389 0.0594337 0.459387 0.00682227 0.00130439 0.0039399 
0.596108 0.0088048 0.072647 0.309206 0.00629431 0.00140138 0.00553826 
0.712743 0.0101887 0.0895263 0.173783 0.00411949 0.00211857 0.00752077 
0.771915 0.00853328 0.109596 0.0962898 0.00318969 0.00223095 0.00824452 
0.442526 0.0110412 0.101179 0.425412 0.00435038 0.00284617 0.0126462 
0.52789 0.0103173 0.103012 0.339437 0.00436115 0.0030046 0.0119768 
0.834672 0.0360209 0.033962 0.06988 0.01488 0.00117675 0.00940814 
0.794343 0.0359013 0.0292994 0.116774 0.0147577 0.00111237 0.00781188 
0.713033 0.0349573 0.0235784 0.201188 0.0187803 0.00118167 0.00728157 
0.829163 0.0416496 0.0252547 0.076825 0.0157422 0.00191656 0.00944912 
0.81454 0.028602 0.0275652 0.0992108 0.0197925 0.001465 0.00882458 
0.82332 0.024964 0.0306539 0.0901439 0.020504 0.00122699 0.00918728 
0.825723 0.0237918 0.0343515 0.0803086 0.0233657 0.00124834 0.011211 
0.733897 0.0271277 0.0267991 0.174645 0.0267932 0.00107983 0.0096577 
0.717346 0.0179867 0.0321948 0.197993 0.0247946 8.84177E-4 0.00880087 
0.738637 0.0222878 0.0504208 0.167354 0.0103149 8.31352E-4 0.0101541 
0.823265 0.0234178 0.0474802 0.0839556 0.0107065 0.00141984 0.00975456 
0.747054 0.0243828 0.0419208 0.160174 0.0164789 0.00116073 0.00882916 
0.735983 0.0305544 0.0264231 0.167617 0.030409 0.00117161 0.00784182 
0.845557 0.0251622 0.042631 0.0613668 0.0131284 0.00157485 0.0105796 
0.836048 0.0253043 0.0270258 0.0713081 0.0297848 0.00194514 0.00858422 
0.853482 0.0275203 0.0280341 0.0453856 0.0319848 0.00180075 0.0117924 
0.854249 0.0223015 0.0432215 0.0498572 0.016791 0.00151073 0.0120691 
0.836013 0.018283 0.0688195 0.0596417 0.00626366 0.0010033 0.00997633 
0.809824 0.0203649 0.0502712 0.0881848 0.0166546 0.00115377 0.0135467 
0.818004 0.0315289 0.0290935 0.0833683 0.0256724 0.00163762 0.010695 
0.842673 0.0286176 0.0313509 0.0675125 0.0194509 0.00139127 0.00900402 
0.810995 0.0231817 0.0285013 0.0994262 0.0271589 0.00152049 0.00921655 
0.799597 0.0263706 0.0222582 0.104892 0.0368169 0.00174339 0.00832123 
0.838187 0.0320056 0.0257376 0.0705003 0.0230122 0.00199347 0.00856406 
0.810858 0.0298114 0.0287706 0.105434 0.0154612 0.00168177 0.00798293 
0.833932 0.0255509 0.0380423 0.0831724 0.0106506 0.0013511 0.00730045 
0.855039 0.0298688 0.0304774 0.06274 0.0132648 0.00158824 0.00702182 
0.823659 0.0181324 0.0448898 0.0986518 0.00827624 0.00120396 0.00518637 
0.782077 0.016127 0.0495875 0.135566 0.00937604 0.00108851 0.00617722 
0.666797 0.0176808 0.0365147 0.263007 0.00979894 9.62759E-4 0.00523859 
0.721433 0.015086 0.0413492 0.204129 0.0120529 9.336E-4 0.00501663 
0.592658 0.0216429 0.0332876 0.33543 0.00909082 9.2502E-4 0.00696574 
0.76231 0.0223936 0.0617909 0.137375 0.00633396 8.27733E-4 0.00896911 
0.830448 0.0163203 0.0580039 0.078771 0.00660023 0.00147968 0.00837687 
0.800708 0.0130299 0.0707985 0.101262 0.00414598 0.00158162 0.00847474 
0.796534 0.0139963 0.0565932 0.118103 0.00713127 0.00148687 0.0061545 
0.872432 0.0126265 0.0514846 0.0481566 0.00729826 0.00201014 0.00599203 
0.860989 0.0152544 0.0445461 0.0631035 0.00778028 0.0017224 0.00660419 
0.804347 0.0144092 0.0421565 0.114868 0.0154553 0.0016172 0.00714636 
0.751493 0.0296604 0.0224703 0.160715 0.0268378 0.00162186 0.00720195 
0.760434 0.0269806 0.0258287 0.158388 0.0209498 0.00152549 0.00589336 
0.781573 0.0351577 0.0353833 0.127528 0.0119971 0.00115559 0.00720496 
0.80759 0.0223375 0.0282175 0.112435 0.0213098 0.00130227 0.00680755 
0.8413 0.0279304 0.0249206 0.0733413 0.0237894 0.00140858 0.00731002 
0.859711 0.0234081 0.0324528 0.0600908 0.0162022 0.00151978 0.00661514 
0.846728 0.023659 0.0263317 0.0748301 0.0198292 0.00178922 0.00683274 
0.859869 0.0218732 0.0336871 0.0620975 0.013383 0.00169093 0.00739915 
0.832011 0.0234023 0.0210471 0.0771737 0.0359179 0.00247123 0.00797702 
0.82736 0.0249711 0.0335845 0.084844 0.019314 0.00132278 0.00860346 
0.827302 0.033339 0.0316745 0.0643127 0.0289035 0.00193066 0.0125374 
0.824215 0.0364064 0.0356925 0.0648636 0.0239458 0.00166199 0.0132145 
0.790702 0.030622 0.0272006 0.107994 0.030778 0.00147404 0.011229 
0.769885 0.0284892 0.0251618 0.131832 0.0338326 0.00143684 0.00936344 
0.824231 0.0294814 0.02648 0.0734206 0.0316527 0.00171434 0.01302 
0.81087 0.0254076 0.0244116 0.0915118 0.0366056 0.0013943 0.00979939 
0.776208 0.0213842 0.0344605 0.136151 0.0222986 9.85884E-4 0.00851196 
0.830557 0.0240072 0.0424005 0.073746 0.015288 0.00142389 0.0125778 
0.859576 0.0199709 0.0442404 0.0552652 0.00968399 0.00160319 0.0096606 
0.827052 0.0230804 0.0531981 0.0794979 0.00775288 0.00116059 0.00825794 
0.785535 0.0145272 0.0644562 0.121836 0.00658859 8.51496E-4 0.00620545 
0.774913 0.013562 0.0819768 0.117184 0.004926 8.72673E-4 0.00656539 
0.818458 0.0159886 0.0502917 0.100364 0.00771914 0.00131599 0.00586249 
0.829999 0.0131925 0.0624078 0.0729111 0.0122285 0.00129743 0.00796356 
0.797829 0.0102235 0.0449005 0.126491 0.0139966 0.00128249 0.00527694 
0.785743 0.00871738 0.0415658 0.130204 0.0266008 0.00128041 0.00588784 
0.661608 0.0123276 0.0339155 0.260942 0.0266291 7.12743E-4 0.00386531 
0.757131 0.0172048 0.0511298 0.146941 0.0214086 9.51556E-4 0.00523306 
0.725672 0.0261522 0.0284893 0.176812 0.036229 0.00122333 0.00542218 
0.829313 0.0229335 0.0419409 0.0759395 0.0220218 0.00143287 0.00641824 
0.775101 0.027191 0.0364222 0.136683 0.0182793 0.00125066 0.00507325 
0.847539 0.0121185 0.056889 0.0624528 0.0155004 0.00116014 0.00434014 
0.752475 0.0123115 0.0334639 0.167146 0.0285717 0.00141492 0.00461695 
0.802996 0.0105896 0.111578 0.060269 0.006529 0.0024193 0.00561936 
0.776851 0.00983465 0.127118 0.0722977 0.00563616 0.00177896 0.00648275 
0.788873 0.00894903 0.133692 0.0547361 0.00261105 0.00236331 0.00877609 
0.789308 0.00618207 0.140331 0.049668 0.00297405 0.00226368 0.00927351 
0.786623 0.00558652 0.15658 0.037785 0.00216289 0.00182179 0.00944008 
0.829041 0.00480923 0.129796 0.0240193 0.00217202 0.00207573 0.00808628 
0.814147 0.007557 0.107933 0.0520595 0.00297267 0.00502204 0.0103088 
0.764178 0.00964762 0.0900325 0.118996 0.00652345 0.00272131 0.00790076 
0.800494 0.0148012 0.0804968 0.0916208 0.00425424 0.00270082 0.00563231 
0.700823 0.0308507 0.0342569 0.209267 0.013635 0.0053515 0.00581599 
0.695505 0.0360992 0.0233412 0.209004 0.0261897 0.00461687 0.00524408 
0.487957 0.0599124 0.0185201 0.412533 0.0118848 0.0050246 0.00416745 
0.554978 0.0612354 0.0252801 0.34339 0.00743771 0.00350596 0.004173 
0.576178 0.098163 0.0184652 0.283786 0.0154848 0.00294342 0.00497933 
0.569045 0.0585922 0.015612 0.326466 0.024324 0.00263764 0.00332314 
0.666668 0.0766036 0.0160594 0.208965 0.0247801 0.00294102 0.00398329 
0.617284 0.0769216 0.017401 0.26027 0.0186796 0.00386225 0.00558158 
0.679005 0.0577682 0.0176532 0.212597 0.024204 0.00374058 0.00503208 
0.471112 0.0659273 0.0149162 0.421118 0.0208516 0.00193926 0.00413538 
0.478688 0.0642302 0.012111 0.403871 0.0354743 0.00201844 0.00360668 
0.544568 0.0717366 0.0174462 0.34277 0.0163171 0.00341704 0.00374485 
0.638643 0.0553132 0.0282091 0.260568 0.0090792 0.00381197 0.00437522 
0.544776 0.091182 0.0221071 0.324091 0.00843726 0.00447204 0.00493448 
0.658864 0.0902621 0.0255831 0.211226 0.00783815 0.00256634 0.00366058 
0.754628 0.0599488 0.0282238 0.139925 0.0111431 0.00255384 0.00357762 
0.58344 0.073279 0.0159263 0.295398 0.0256486 0.00245446 0.00385372 
0.492671 0.0833276 0.0110671 0.353347 0.0503551 0.00370496 0.0055273 
0.592034 0.153402 0.0119763 0.168486 0.0604567 0.00486198 0.00878307 
0.443653 0.139306 0.00998436 0.255309 0.135966 0.00643089 0.00935085 
0.400966 0.179737 0.00969887 0.278752 0.11477 0.00804431 0.00803132 
0.397076 0.14914 0.0086575 0.348406 0.0848498 0.00569554 0.0061755 
0.452723 0.170393 0.0090938 0.24361 0.110042 0.00703704 0.00710089 
0.545056 0.198458 0.0109189 0.190169 0.0435369 0.00486581 0.00699527 
0.453257 0.159892 0.00961989 0.308961 0.0571259 0.00486994 0.0062738 
0.380896 0.17832 0.00819508 0.341892 0.0779956 0.00673655 0.00596442 
0.312558 0.217688 0.00686675 0.382258 0.0711854 0.00429094 0.00515309 
0.316579 0.30621 0.00621689 0.287531 0.0715878 0.00642266 0.00545339 
0.218738 0.236848 0.00705578 0.443984 0.0821764 0.00494605 0.00625269 
0.16348 0.346649 0.00766302 0.348974 0.117244 0.0078166 0.00817331 
0.172651 0.345736 0.00743207 0.355592 0.103431 0.00775371 0.00740337 
0.282001 0.272148 0.00798048 0.405863 0.0241519 0.00369703 0.00415957 
0.243967 0.282077 0.00724361 0.412377 0.0446556 0.00435041 0.00532929 
0.269484 0.246628 0.00802752 0.398248 0.0661482 0.00568962 0.00577495 
0.811114 0.0117221 0.038643 0.10493 0.0212566 0.00190556 0.0104283 
0.779661 0.0118176 0.0538297 0.134581 0.0136244 0.00154734 0.00493867 
0.510894 0.0185674 0.0221927 0.423965 0.0195537 0.00169056 0.00313589 
0.715833 0.0232578 0.0253009 0.217375 0.0123449 0.00255938 0.00332916 
0.888916 0.0294905 0.0255677 0.0382979 0.0073278 0.00258507 0.00781521 
0.120607 0.0112935 0.011891 0.850073 8.3526E-4 0.00121801 0.00408226 
0.599072 0.0243204 0.017634 0.328355 0.0150943 0.00196365 0.0135608 
0.856892 0.0162013 0.0308559 0.0501245 0.0131169 0.00191229 0.0308974 
0.861362 0.0184115 0.0286834 0.0616113 0.0087852 0.00190178 0.0192444 
0.817797 0.0280358 0.0219265 0.0947721 0.0223804 0.00148148 0.0136073 
0.852113 0.0228467 0.0383149 0.0673785 0.0057441 0.00160881 0.0119944 
0.764748 0.027404 0.0253776 0.152412 0.0169153 0.00180909 0.0113346 
0.697715 0.0288289 0.0240761 0.223839 0.0150283 0.0014572 0.00905567 
0.805885 0.0270035 0.0188221 0.0994471 0.0330454 0.00347677 0.0123203 
0.795849 0.0514523 0.0152705 0.0676124 0.048486 0.00403128 0.0172987 
0.748485 0.0251278 0.0254863 0.179665 0.0118031 0.00181886 0.00761379 
0.789052 0.0165921 0.0246608 0.134069 0.0237393 0.00194073 0.00994602 
0.74478 0.018702 0.0229678 0.176825 0.02271 0.00169181 0.0123237 
0.790402 0.016514 0.0305039 0.13596 0.0120924 0.00224935 0.0122781 
0.780804 0.00807478 0.097099 0.0568665 0.0176485 0.00953856 0.0299691 
0.802822 0.00762791 0.090363 0.0736688 0.00523359 0.00539101 0.0148936 
0.772492 0.00838277 0.0816174 0.11795 0.00736916 0.00350351 0.0086848 
0.746497 0.00760793 0.0761779 0.148813 0.010909 0.00512585 0.00486889 
0.622094 0.00709704 0.0807131 0.270664 0.00987009 0.00409745 0.00546442 
0.580534 0.00869559 0.0430319 0.351423 0.00915567 0.00149096 0.00566868 
0.48562 0.00850094 0.0571106 0.430899 0.00787654 0.00322476 0.00676843 
0.639571 0.00961224 0.0861851 0.242103 0.00609828 0.00771787 0.00871337 
0.573415 0.00798652 0.073699 0.321795 0.00844559 0.0054715 0.00918728 
0.609765 0.0109189 0.168144 0.175995 0.00841885 0.0101986 0.0165603 
0.173213 0.00723218 0.679179 0.0640042 0.00633323 0.0297278 0.0403098 
0.00789907 5.3249E-4 0.948177 0.00108334 1.31384E-4 0.0235514 0.0186258 
0.0761862 0.00267208 0.79773 0.0167585 0.00147481 0.0256041 0.0795746 
0.398985 0.0115973 0.107526 0.467484 0.00441368 0.0038634 0.00613021 
0.134315 0.0113458 0.00936082 0.837483 0.00585215 0.00110426 5.38341E-4 
0.155227 0.0335938 0.00366142 0.777062 0.0283789 9.88485E-4 0.00108779 
0.0607605 0.0152098 0.00263357 0.909359 0.0110162 3.70775E-4 6.50456E-4 
0.139607 0.0231856 0.00404914 0.814399 0.017049 6.01625E-4 0.0011086 
0.0768781 0.0237799 0.00395888 0.886032 0.00791662 4.59819E-4 9.74385E-4 
0.127102 0.020085 0.0068432 0.839711 0.00448941 4.64463E-4 0.00130477 
0.158656 0.0138442 0.00527395 0.80712 0.012758 4.08578E-4 0.00193939 
0.16117 0.00769472 0.0123336 0.812652 0.00463161 2.61265E-4 0.00125739 
0.235921 0.00718988 0.0328146 0.71831 0.00325136 5.11215E-4 0.00200145 
0.490653 0.010062 0.0456814 0.442311 0.00655031 7.07519E-4 0.00403501 
0.715343 0.00963879 0.0800816 0.179482 0.00751397 0.0013616 0.0065786 
0.820541 0.00597802 0.107227 0.0499382 0.00321227 0.00124779 0.0118555 
0.867254 0.0115215 0.0413408 0.0471149 0.019587 0.00141329 0.0117682 
0.745832 0.0124722 0.0701516 0.143851 0.0106318 0.00105044 0.0160109 
0.74538 0.0105644 0.0744796 0.149372 0.00623774 0.00150009 0.0124654 
0.522682 0.345249 0.0100103 0.0296166 0.0300228 0.00626064 0.0561585 
0.494133 0.35864 0.0108768 0.0295401 0.0280998 0.00641932 0.0722914 
0.514413 0.349228 0.0104076 0.0353461 0.02707 0.00565577 0.0578791 
0.621754 0.228825 0.0165179 0.0207711 0.0150233 0.00781542 0.0892936 
0.493553 0.325355 0.0144813 0.0203188 0.0140544 0.00835796 0.12388 
0.636254 0.205482 0.0219011 0.032017 0.00866817 0.0077406 0.0879368 
0.629879 0.23331 0.0171441 0.0329981 0.0130439 0.00765707 0.0659681 
0.641237 0.235427 0.0165352 0.0304643 0.012693 0.00698493 0.0566579 
0.704058 0.146212 0.0117413 0.0549004 0.0472631 0.0066653 0.02916 
0.622309 0.228562 0.0103739 0.0362817 0.0509091 0.00966862 0.0418958 
0.679842 0.149702 0.0118903 0.0571449 0.0636944 0.00839042 0.0293362 
0.636984 0.247518 0.0135905 0.0272199 0.0239463 0.010405 0.0403368 
0.695684 0.165457 0.0135235 0.0411877 0.0457584 0.00855794 0.0298321 
0.747224 0.136213 0.0166535 0.0262488 0.0225356 0.0129231 0.0382026 
0.752494 0.129883 0.0159538 0.0174315 0.0206925 0.0176478 0.0458971 
0.800919 0.0752111 0.0174684 0.0298972 0.0268018 0.0205247 0.0291781 
0.758651 0.0952837 0.0140845 0.042611 0.042563 0.0297273 0.0170794 
0.794117 0.0812446 0.0162005 0.0226058 0.0197556 0.0536831 0.0123937 
0.711172 0.117238 0.0136863 0.0485629 0.0494942 0.0468316 0.0130156 
0.691163 0.130452 0.0127748 0.0563811 0.0554871 0.0436874 0.0100546 
0.743225 0.109142 0.0157881 0.0393835 0.033509 0.0488755 0.0100774 
0.74803 0.0862487 0.0163281 0.0508225 0.0320829 0.059104 0.00738386 
0.640616 0.137449 0.0129043 0.0642022 0.0546488 0.0837402 0.00643913 
0.626053 0.180538 0.0141607 0.0368976 0.039852 0.0961708 0.00632789 
0.184974 0.0475445 0.0125343 0.0325026 0.00797623 0.711917 0.0025513 
0.0194817 0.0124998 0.00521805 0.00625292 0.00266589 0.952651 0.00123111 
0.0215752 0.00959826 0.0129246 0.00721879 0.00740037 0.939356 0.00192662 
0.0171151 0.0104154 0.0104227 0.00532461 0.00896758 0.946437 0.00131717 
0.0154376 0.00825922 0.0251756 0.00837586 0.0122543 0.928379 0.0021182 
0.181442 0.0311285 0.116091 0.125185 0.118869 0.40714 0.0201437 
0.327413 0.0336913 0.136933 0.176619 0.123893 0.179957 0.0214937 
0.379753 0.0260558 0.177819 0.17038 0.103291 0.120851 0.0218513 
0.524093 0.0213482 0.158322 0.141684 0.0707793 0.0717322 0.012042 
0.65557 0.0188268 0.180269 0.0496147 0.0497708 0.0388998 0.007049 
0.69889 0.0224779 0.169729 0.0328818 0.0366468 0.0340283 0.00534592 
0.728977 0.0323386 0.136914 0.0414148 0.0322146 0.0240973 0.00404363 
0.629425 0.0128015 0.268214 0.0480416 0.0169068 0.02095 0.00366127 
0.607025 0.0105873 0.27036 0.0671795 0.0140776 0.0264122 0.00435822 
0.516243 0.0148199 0.27743 0.127773 0.0163625 0.0394474 0.0079244 
0.540686 0.00847231 0.333353 0.0757563 0.0119687 0.0247064 0.00505678 
0.488696 0.00626901 0.411993 0.0620734 0.00984162 0.0173411 0.00378649 
0.231711 0.00479241 0.646776 0.0829947 0.00999816 0.0168864 0.00684141 
0.179726 0.00387904 0.718456 0.0662785 0.00986726 0.0153095 0.00648395 
0.121609 0.0033873 0.821263 0.0315794 0.00520807 0.0124539 0.00449962 
0.132982 0.0010439 0.837316 0.0188718 0.00322567 0.00481948 0.00174132 
0.0670721 7.05709E-4 0.916592 0.00885251 0.00110973 0.00398762 0.00167986 
0.0619131 0.00130653 0.910619 0.00801342 0.00208969 0.0134907 0.00256766 
0.0707415 0.00173436 0.892989 0.00997398 0.00341935 0.0168858 0.00425615 
0.0983733 0.0010859 0.876007 0.0124944 0.00170064 0.0075842 0.0027547 
0.0541703 0.0010684 0.922967 0.00724986 9.98566E-4 0.0104203 0.00312561 
0.0620651 5.57526E-4 0.922094 0.00735829 7.02062E-4 0.00496294 0.00225961 
0.114182 4.46497E-4 0.872442 0.00636746 0.0011921 0.00352177 0.0018485 
0.106689 7.35031E-4 0.871979 0.0125873 0.00152788 0.00436581 0.00211661 
0.115613 6.11357E-4 0.866912 0.00966513 7.89417E-4 0.00444465 0.00196408 
0.0965455 6.66183E-4 0.885595 0.0103636 6.18146E-4 0.00438167 0.00182947 
0.0448646 4.29984E-4 0.944254 0.00525616 3.33661E-4 0.00358617 0.00127513 
0.0522155 4.06488E-4 0.934841 0.00482286 2.23075E-4 0.00570756 0.00178402 
0.844222 0.0107732 0.078878 0.0191429 0.00427821 0.0294653 0.0132408 
0.783896 0.0078873 0.1153 0.0262255 0.00453778 0.0458426 0.0163107 
0.699151 0.00784403 0.0994374 0.0256127 0.00553823 0.144383 0.018034 
0.69953 0.00644039 0.139594 0.0323557 0.00712579 0.0946343 0.02032 
0.602336 0.00878927 0.143263 0.0790585 0.0105627 0.106561 0.0494301 
0.801284 0.00620344 0.103174 0.0336954 0.00324468 0.0252132 0.0271854 
0.874364 0.0114038 0.0689732 0.0109914 0.00642805 0.00891181 0.0189276 
0.789031 0.00782851 0.11949 0.0464514 0.0110057 0.0037515 0.022442 
0.721612 0.00399242 0.21855 0.0278237 0.00603745 0.00271656 0.0192673 
0.616511 0.00370219 0.32395 0.0241422 0.0109814 0.00435105 0.0163623 
0.567606 0.0030971 0.382253 0.00932487 0.00668519 0.00460409 0.0264298 
0.586495 0.0112301 0.319465 0.00963994 0.0292121 0.0069317 0.0370268 
0.688307 0.0127132 0.235626 0.0169336 0.0168659 0.00577098 0.0237825 
0.650071 0.037251 0.0986239 0.0662497 0.118572 0.00968061 0.0195522 
0.629319 0.0194502 0.138041 0.10474 0.078743 0.00980547 0.0199006 
0.625672 0.0290563 0.0938847 0.0910347 0.13104 0.0108628 0.0184492 
0.655621 0.0209983 0.128685 0.0865882 0.0814576 0.00854058 0.0181102 
0.60554 0.0142337 0.177838 0.102335 0.0781327 0.00591988 0.0160005 
0.625306 0.0148926 0.171639 0.105344 0.0604861 0.00661982 0.0157125 
0.614446 0.0172894 0.119666 0.113763 0.113448 0.00757775 0.0138104 
0.540741 0.00939915 0.219536 0.163236 0.0440982 0.00818187 0.0148082 
0.473722 0.00731042 0.253533 0.179869 0.0595239 0.00712271 0.0189195 
0.566213 0.00798723 0.273551 0.0859768 0.0463213 0.00453197 0.0154184 
0.572702 0.00746408 0.304554 0.0570654 0.0414085 0.00457057 0.0122347 
0.540842 0.00615446 0.332366 0.0658248 0.0408272 0.00337105 0.0106149 
0.553322 0.00783135 0.317283 0.0654217 0.0400163 0.00377145 0.012354 
0.46976 0.00502524 0.425685 0.0531129 0.0294576 0.00334979 0.013609 
0.545801 0.00518679 0.381617 0.0380549 0.0134176 0.00317899 0.0127431 
0.560258 0.00536505 0.338469 0.0480316 0.0297662 0.003896 0.014214 
0.545055 0.00446603 0.37207 0.0399286 0.0212013 0.0027416 0.014538 
0.504402 0.00435704 0.428523 0.0154311 0.0246211 0.00376481 0.0189003 
0.472697 0.00357246 0.440234 0.0446016 0.0190296 0.00306278 0.0168024 
0.526497 0.00507045 0.348384 0.0722156 0.032616 0.00355512 0.0116616 
0.461145 0.0103531 0.295853 0.117645 0.0881492 0.006659 0.0201966 
0.490128 0.0128002 0.234258 0.138129 0.099403 0.00718385 0.0180979 
0.508446 0.0125506 0.242279 0.103159 0.105781 0.00750046 0.0202843 
0.440423 0.0127137 0.344651 0.0639443 0.099402 0.00872788 0.0301379 
0.494847 0.00581982 0.375732 0.0599285 0.0431291 0.00555924 0.0149842 
0.524884 0.0110453 0.296465 0.0599564 0.0795414 0.00901305 0.019095 
0.489424 0.00514492 0.4326 0.0230228 0.026505 0.00566669 0.0176369 
0.46637 0.00603801 0.388366 0.0594971 0.0509792 0.00800863 0.0207413 
0.546304 0.00622697 0.32993 0.0492771 0.0415382 0.00856821 0.0181557 
0.449198 0.00627135 0.416796 0.0388042 0.0584668 0.008438 0.0220258 
