0.821202 0.0107761 0.0633584 0.0919515 0.00441911 0.00164018 0.00665296 
0.8347 0.0105844 0.0554638 0.0832525 0.00725036 0.0017092 0.00704031 
0.79377 0.011984 0.056658 0.11973 0.00851938 0.00146713 0.00787166 
0.789961 0.0164912 0.0515988 0.123483 0.0102247 0.00122009 0.00702099 
0.763169 0.0165788 0.0785125 0.12563 0.00624359 8.17526E-4 0.00904898 
0.809981 0.013128 0.0932225 0.0726599 0.00266545 9.55501E-4 0.00738806 
0.728768 0.015512 0.0911872 0.153228 0.00416702 6.51375E-4 0.0064865 
0.79135 0.0129332 0.0925037 0.088384 0.00512094 9.01261E-4 0.00880666 
0.803532 0.0180792 0.049432 0.109956 0.0108329 0.00120182 0.00696643 
0.810252 0.0166153 0.0601071 0.0964809 0.00863116 9.58978E-4 0.00695411 
0.795131 0.013889 0.0553668 0.120947 0.00836126 0.00113952 0.00516514 
0.830734 0.0134069 0.0445254 0.0899014 0.0130777 0.00216214 0.00619264 
0.841584 0.0104883 0.062007 0.0688608 0.00959617 0.00123829 0.00622533 
0.80277 0.0118157 0.056225 0.10897 0.0121597 0.00133048 0.00672915 
0.802087 0.012894 0.0710684 0.0933094 0.01226 0.00100177 0.00737916 
0.796172 0.0109072 0.0706852 0.110695 0.00659989 9.83624E-4 0.00395756 
0.765003 0.0146367 0.0456935 0.154544 0.0140372 0.00115034 0.0049355 
0.784127 0.0196729 0.0374284 0.138388 0.0146325 9.87304E-4 0.00476385 
0.848951 0.0137768 0.0586073 0.0662796 0.00560006 0.00197602 0.00480881 
0.851266 0.010343 0.067067 0.0584236 0.00516522 0.00153697 0.00619837 
0.795676 0.0069004 0.0889212 0.0937673 0.00525366 0.00232856 0.00715318 
0.780335 0.00580426 0.118379 0.0741013 0.00371892 0.00710617 0.0105555 
0.817707 0.00400128 0.118482 0.0385794 0.0034728 0.00407757 0.0136796 
0.785335 0.00412074 0.146221 0.0283468 0.0026481 0.0089891 0.024339 
0.796966 0.00610089 0.112951 0.0489186 0.0102446 0.00749732 0.0173219 
0.764443 0.00989742 0.105956 0.0618639 0.010993 0.0284087 0.0184376 
0.53413 0.00866054 0.103298 0.30627 0.012827 0.0207786 0.0140354 
0.777817 0.00930965 0.105816 0.0799603 0.00508437 0.011019 0.0109931 
0.78596 0.00637828 0.136154 0.0400146 0.0024924 0.0105216 0.0184794 
0.7752 0.00577251 0.142907 0.0465936 0.00228944 0.00913806 0.018099 
0.831771 0.00949716 0.0790739 0.0584715 0.00857462 0.00461535 0.00799615 
0.785011 0.0197493 0.0680653 0.100054 0.0172101 0.00238826 0.0075217 
0.854989 0.0197324 0.0746411 0.0247335 0.0126387 0.0031651 0.0101005 
0.819908 0.0122814 0.0831954 0.0566628 0.0157204 0.00292079 0.00931077 
0.835444 0.0154219 0.0676921 0.0617942 0.00764269 0.00281299 0.00919194 
0.621871 0.0270035 0.0236101 0.311391 0.0106963 0.00191856 0.0035102 
0.301255 0.116269 0.013083 0.54066 0.0215504 0.00288429 0.00429854 
0.381559 0.173411 0.0160634 0.404792 0.0158162 0.00419501 0.00416287 
0.213026 0.13815 0.0166807 0.621564 0.00536565 0.00247322 0.00274065 
0.119523 0.427817 0.0084467 0.395152 0.03887 0.00540195 0.0047894 
0.11733 0.291415 0.0227619 0.330428 0.199427 0.0201975 0.018439 
0.0993221 0.256141 0.0161176 0.471879 0.130866 0.0126276 0.0130464 
0.0676437 0.0940203 0.00518437 0.812649 0.0171682 0.00122344 0.002111 
0.0831278 0.0833676 0.00570118 0.800902 0.0228583 0.00131331 0.00272935 
0.0402982 0.0462936 0.00441608 0.902344 0.00509824 4.90895E-4 0.00105875 
0.132923 0.0554117 0.00764333 0.789762 0.0112744 7.62586E-4 0.00222278 
0.169256 0.0365382 0.0111743 0.777395 0.00351443 4.75445E-4 0.00164647 
0.254795 0.0645134 0.00907594 0.651107 0.0159382 0.00103762 0.00353232 
0.234774 0.0453511 0.0095516 0.69203 0.0148928 5.90575E-4 0.00280998 
0.243427 0.0442154 0.0101701 0.690432 0.00834733 7.26856E-4 0.00268077 
0.513329 0.0330887 0.0262314 0.414366 0.00802216 9.89726E-4 0.00397347 
0.542048 0.018101 0.0268034 0.391965 0.0151007 0.00217275 0.003809 
0.550007 0.0136861 0.0280906 0.356862 0.0432474 0.0047767 0.00333008 
0.602113 0.0213386 0.031251 0.327105 0.00998726 0.00522247 0.00298332 
0.821202 0.0107761 0.0633584 0.0919515 0.00441911 0.00164018 0.00665296 
0.8347 0.0105844 0.0554638 0.0832525 0.00725036 0.0017092 0.00704031 
0.79377 0.011984 0.056658 0.11973 0.00851938 0.00146713 0.00787166 
0.789961 0.0164912 0.0515988 0.123483 0.0102247 0.00122009 0.00702099 
0.763169 0.0165788 0.0785125 0.12563 0.00624359 8.17526E-4 0.00904898 
0.809981 0.013128 0.0932225 0.0726599 0.00266545 9.55501E-4 0.00738806 
0.728768 0.015512 0.0911872 0.153228 0.00416702 6.51375E-4 0.0064865 
0.79135 0.0129332 0.0925037 0.088384 0.00512094 9.01261E-4 0.00880666 
0.803532 0.0180792 0.049432 0.109956 0.0108329 0.00120182 0.00696643 
0.810252 0.0166153 0.0601071 0.0964809 0.00863116 9.58978E-4 0.00695411 
0.795131 0.013889 0.0553668 0.120947 0.00836126 0.00113952 0.00516514 
0.830734 0.0134069 0.0445254 0.0899014 0.0130777 0.00216214 0.00619264 
0.841584 0.0104883 0.062007 0.0688608 0.00959617 0.00123829 0.00622533 
0.80277 0.0118157 0.056225 0.10897 0.0121597 0.00133048 0.00672915 
0.802087 0.012894 0.0710684 0.0933094 0.01226 0.00100177 0.00737916 
0.796172 0.0109072 0.0706852 0.110695 0.00659989 9.83624E-4 0.00395756 
0.765003 0.0146367 0.0456935 0.154544 0.0140372 0.00115034 0.0049355 
0.784127 0.0196729 0.0374284 0.138388 0.0146325 9.87304E-4 0.00476385 
0.848951 0.0137768 0.0586073 0.0662796 0.00560006 0.00197602 0.00480881 
0.851266 0.010343 0.067067 0.0584236 0.00516522 0.00153697 0.00619837 
0.795676 0.0069004 0.0889212 0.0937673 0.00525366 0.00232856 0.00715318 
0.780335 0.00580426 0.118379 0.0741013 0.00371892 0.00710617 0.0105555 
0.817707 0.00400128 0.118482 0.0385794 0.0034728 0.00407757 0.0136796 
0.785335 0.00412074 0.146221 0.0283468 0.0026481 0.0089891 0.024339 
0.796966 0.00610089 0.112951 0.0489186 0.0102446 0.00749732 0.0173219 
0.764443 0.00989742 0.105956 0.0618639 0.010993 0.0284087 0.0184376 
0.53413 0.00866054 0.103298 0.30627 0.012827 0.0207786 0.0140354 
0.777817 0.00930965 0.105816 0.0799603 0.00508437 0.011019 0.0109931 
0.78596 0.00637828 0.136154 0.0400146 0.0024924 0.0105216 0.0184794 
0.7752 0.00577251 0.142907 0.0465936 0.00228944 0.00913806 0.018099 
0.831771 0.00949716 0.0790739 0.0584715 0.00857462 0.00461535 0.00799615 
0.785011 0.0197493 0.0680653 0.100054 0.0172101 0.00238826 0.0075217 
0.854989 0.0197324 0.0746411 0.0247335 0.0126387 0.0031651 0.0101005 
0.819908 0.0122814 0.0831954 0.0566628 0.0157204 0.00292079 0.00931077 
0.835444 0.0154219 0.0676921 0.0617942 0.00764269 0.00281299 0.00919194 
0.621871 0.0270035 0.0236101 0.311391 0.0106963 0.00191856 0.0035102 
0.301255 0.116269 0.013083 0.54066 0.0215504 0.00288429 0.00429854 
0.381559 0.173411 0.0160634 0.404792 0.0158162 0.00419501 0.00416287 
0.213026 0.13815 0.0166807 0.621564 0.00536565 0.00247322 0.00274065 
0.119523 0.427817 0.0084467 0.395152 0.03887 0.00540195 0.0047894 
0.11733 0.291415 0.0227619 0.330428 0.199427 0.0201975 0.018439 
0.0993221 0.256141 0.0161176 0.471879 0.130866 0.0126276 0.0130464 
0.0676437 0.0940203 0.00518437 0.812649 0.0171682 0.00122344 0.002111 
0.719768 0.0224374 0.0393701 0.192169 0.0175114 8.01246E-4 0.00794292 
0.747223 0.0282846 0.0202466 0.15097 0.041241 0.00141265 0.0106227 
0.792832 0.0353088 0.0182937 0.0966231 0.0436781 0.00187149 0.0113928 
0.791547 0.0362962 0.0221909 0.0908625 0.0400276 0.00163471 0.0174409 
0.772227 0.0398259 0.0197575 0.108747 0.0445514 0.00174667 0.0131439 
0.770709 0.0315615 0.0280274 0.13142 0.0240414 0.00116268 0.013078 
0.779752 0.042714 0.0319258 0.112115 0.0181261 0.00134669 0.0140211 
0.728064 0.0373018 0.0324945 0.166393 0.0202732 0.00136879 0.014104 
0.789909 0.0304295 0.0327287 0.118116 0.0181125 0.0013559 0.00934832 
0.777975 0.0347897 0.0366576 0.126816 0.0131964 0.0013252 0.00924031 
0.747683 0.0215606 0.0354917 0.174355 0.0134926 0.00107559 0.00634221 
0.786166 0.0183067 0.0535743 0.126639 0.00707478 0.00111491 0.00712436 
0.854865 0.0193257 0.0591301 0.0517763 0.00520527 0.0015379 0.00815947 
0.788754 0.0179202 0.0541396 0.123839 0.00887798 0.00123982 0.00522954 
0.81892 0.0144175 0.0698026 0.0864231 0.00475545 0.00118426 0.00449671 
0.746426 0.0164206 0.0489415 0.172173 0.0100713 0.00107241 0.00489529 
0.618512 0.0146531 0.0323113 0.31366 0.0151192 0.0010653 0.00467958 
0.780278 0.01811 0.0374999 0.135302 0.0198325 0.00134207 0.00763539 
0.735689 0.028486 0.0318776 0.173786 0.0205805 0.00125214 0.00832903 
0.710541 0.0219858 0.0314876 0.20644 0.0209128 0.00123554 0.00739716 
0.756486 0.0333074 0.0255749 0.129663 0.0397317 0.00156076 0.0136767 
0.723222 0.0272848 0.0304619 0.174208 0.0295533 0.00126152 0.0140082 
0.762051 0.0202873 0.0322946 0.146583 0.0263569 0.00125497 0.0111717 
0.692202 0.0212077 0.0211212 0.182512 0.0688908 0.00157747 0.0124887 
0.796117 0.0159201 0.0391407 0.110198 0.0243057 0.00122986 0.0130885 
0.789354 0.0131997 0.0355066 0.116162 0.030275 0.00137805 0.0141248 
0.727417 0.0127701 0.0405815 0.183252 0.0249778 0.00115984 0.00984201 
0.814634 0.0134271 0.0553141 0.0811779 0.0189138 0.00148562 0.0150474 
0.781299 0.0121252 0.0833555 0.0997602 0.00566983 0.00140748 0.0163832 
0.791835 0.0136435 0.0651416 0.111047 0.00755941 0.00155554 0.00921765 
0.853827 0.0140668 0.0588493 0.0547487 0.00752961 0.00224582 0.00873235 
0.837335 0.0167635 0.0591962 0.0709432 0.00759391 0.00191984 0.00624848 
0.841784 0.0184284 0.0501873 0.0714449 0.00940472 0.00158321 0.0071675 
0.794627 0.0192539 0.0564094 0.116101 0.00522885 0.00168707 0.00669212 
0.757909 0.0125322 0.0724036 0.144864 0.00475443 0.00169604 0.00584085 
0.828804 0.0134643 0.0572873 0.0874028 0.00477776 0.00169031 0.00657324 
0.730909 0.0198169 0.038969 0.189809 0.0133392 9.95012E-4 0.00616244 
0.803519 0.0326732 0.0374666 0.102951 0.0135366 0.00115865 0.0086955 
0.683921 0.0192802 0.0344339 0.232824 0.0221727 9.14675E-4 0.00645315 
0.833643 0.0258022 0.0352114 0.0826634 0.0137302 0.0011654 0.00778469 
0.855516 0.0363419 0.0352584 0.0503823 0.0131328 0.00130126 0.00806725 
0.84107 0.0219242 0.0453262 0.0760873 0.00802499 0.00135435 0.00621291 
0.842546 0.0309502 0.0432126 0.0657834 0.00859126 0.00148603 0.00743036 
0.844355 0.0218497 0.0377516 0.0765909 0.0121436 0.00156353 0.00574609 
0.849302 0.0233296 0.0378385 0.0629992 0.0154763 0.00168744 0.00936714 
0.842556 0.0290548 0.0329877 0.0682387 0.0153218 0.00226166 0.00957911 
0.827862 0.0174234 0.0384847 0.0927928 0.0150694 0.00194809 0.00641963 
0.80167 0.0290859 0.0372225 0.109449 0.014126 0.00124101 0.00720588 
0.817017 0.0306219 0.0409287 0.0870656 0.0125524 0.00115231 0.0106616 
0.743805 0.0337713 0.0201813 0.153401 0.038196 0.00158751 0.00905778 
0.807462 0.0338563 0.0238868 0.0981586 0.0266225 0.00142363 0.00858983 
0.864127 0.0368997 0.0288531 0.0409723 0.0185468 0.0017201 0.00888133 
0.87978 0.0373453 0.0307113 0.0295897 0.012479 0.00189172 0.00820335 
0.878106 0.0295755 0.0437132 0.0260712 0.0124634 0.00138972 0.00868098 
0.875563 0.0200265 0.0518944 0.0378557 0.00855793 0.00143154 0.00467073 
0.830679 0.0176004 0.0346425 0.0875857 0.0232466 0.00115907 0.00508634 
0.768673 0.0192787 0.0315886 0.149587 0.0244349 0.00107693 0.0053604 
0.735876 0.0292187 0.0235347 0.167754 0.0367297 0.00131474 0.00557183 
0.798217 0.0280774 0.0218675 0.102967 0.041226 0.00152137 0.00612314 
0.707473 0.0370804 0.0147827 0.132072 0.0974839 0.00268161 0.00842679 
0.800493 0.0448422 0.0164667 0.0665061 0.0615932 0.00283332 0.00726505 
0.832926 0.0383345 0.0168688 0.0556371 0.0471204 0.00292608 0.00618693 
0.845695 0.0305388 0.0254208 0.058487 0.0316009 0.0025468 0.0057104 
0.763134 0.0293046 0.0170857 0.127312 0.0551635 0.00188559 0.00611442 
0.754003 0.0291548 0.0182969 0.147685 0.0431882 0.00219044 0.00548179 
0.839547 0.0208071 0.0249445 0.0789203 0.0284148 0.00245676 0.00490975 
0.843985 0.0279373 0.0217846 0.0692867 0.0293438 0.00228042 0.00538206 
0.783424 0.0410165 0.0159567 0.112647 0.0388502 0.00210848 0.0059969 
0.829552 0.0256652 0.0273355 0.0982489 0.0130981 0.00179252 0.00430719 
0.860841 0.0193294 0.039858 0.0649646 0.00916977 0.00160722 0.00422988 
0.850676 0.0259974 0.0337108 0.0712217 0.0122033 0.00149571 0.0046954 
0.865681 0.0425306 0.0340805 0.0435941 0.00658863 0.00166322 0.00586252 
0.858436 0.0385323 0.0355363 0.0536219 0.00694955 0.00119285 0.00573095 
0.876107 0.0331458 0.0331053 0.0414166 0.00910885 0.0014838 0.00563267 
0.853155 0.0393677 0.0222459 0.0521598 0.0247093 0.00182703 0.00653476 
0.881147 0.0278274 0.0363341 0.0387013 0.0084991 0.00169236 0.00579878 
0.874176 0.0338604 0.0331698 0.0431471 0.00935347 0.00143855 0.00485506 
0.8586 0.0422701 0.0272918 0.0491833 0.0147998 0.00142947 0.00642532 
0.871183 0.0202583 0.0391345 0.0523101 0.0115082 0.00128685 0.00431872 
0.871843 0.0223063 0.041734 0.046279 0.0114991 0.0012987 0.00503995 
0.850992 0.0336427 0.0482008 0.0509637 0.00861314 0.00124014 0.00634793 
0.822605 0.0326756 0.0256319 0.0837249 0.0266009 0.00178882 0.00697298 
0.811426 0.0394561 0.0270898 0.103683 0.012471 0.00150883 0.0043654 
0.842966 0.0394768 0.0334697 0.0650444 0.00998113 0.00191302 0.00714927 
0.868025 0.0285853 0.0375024 0.0482193 0.00858852 0.00210038 0.0069796 
0.805505 0.0111736 0.0549248 0.0945144 0.0233914 0.00142564 0.00906561 
0.81579 0.0142801 0.0567331 0.0865155 0.0164523 0.00133503 0.00889356 
0.777009 0.0141904 0.0575147 0.124191 0.0179337 0.00112955 0.0080322 
0.747736 0.0143589 0.0587542 0.154239 0.0163536 9.67565E-4 0.00759079 
0.788606 0.0151601 0.0354204 0.118222 0.0329121 0.00152627 0.00815365 
0.792683 0.0183354 0.0358887 0.109118 0.0348262 0.00130895 0.00783921 
0.793545 0.0120158 0.0464998 0.109807 0.0303199 0.00123785 0.00657481 
0.806115 0.0152298 0.0385739 0.105928 0.0270106 0.0014495 0.00569318 
0.848716 0.0178412 0.0505771 0.0513157 0.024278 0.00192085 0.00535096 
0.844061 0.0139943 0.0571938 0.0535804 0.0219289 0.0019564 0.00728512 
0.810846 0.0178229 0.06476 0.0792457 0.016178 0.00241229 0.00873479 
0.839393 0.0173008 0.0498453 0.0677517 0.0187478 0.00126866 0.00569254 
0.832725 0.00959808 0.0865308 0.052922 0.0121064 0.00189642 0.00422153 
0.839014 0.00868327 0.0804739 0.0499247 0.0131218 0.00222958 0.00655259 
0.780469 0.0091908 0.0662549 0.118624 0.0186496 0.00184643 0.00496521 
0.800547 0.0121 0.0838136 0.0776814 0.0164313 0.00159446 0.00783236 
0.784436 0.0116258 0.0531623 0.110991 0.0307974 0.0019081 0.00707978 
0.786959 0.015487 0.0585617 0.110487 0.0200846 0.00123792 0.00718257 
0.793504 0.0120259 0.0536127 0.0942664 0.0349137 0.00266611 0.00901118 
0.771996 0.0118052 0.0730703 0.108671 0.0220127 0.00273049 0.00971439 
0.809382 0.00750056 0.101471 0.0596426 0.0105992 0.00315924 0.00824553 
0.789844 0.0119366 0.059017 0.0981015 0.0297813 0.00361781 0.00770157 
0.845332 0.0136449 0.0512831 0.044881 0.0326372 0.00488894 0.00733272 
0.827873 0.00822957 0.095564 0.0423446 0.0104982 0.0082212 0.00726918 
0.835239 0.00876272 0.0709739 0.054473 0.016043 0.00737298 0.00713559 
0.773198 0.0141788 0.0626669 0.136499 0.00737226 0.00296487 0.00311936 
0.615821 0.0124284 0.0531168 0.302275 0.0110415 0.00231687 0.00299986 
0.437929 0.0305205 0.0125618 0.49202 0.0219071 0.00240048 0.00266153 
0.0427486 0.0203051 0.00163545 0.914939 0.0191434 8.34317E-4 3.9408E-4 
0.0504727 0.142835 0.00474565 0.743594 0.0508263 0.00468097 0.00284503 
0.0505841 0.117888 0.00688415 0.734018 0.07971 0.00557639 0.0053387 
0.0365446 0.140876 0.00355003 0.774156 0.0404777 0.00226603 0.00212956 
0.0148569 0.0373176 0.00270174 0.942486 0.00195913 2.11587E-4 4.66651E-4 
0.0236453 0.0149875 0.0030259 0.955495 0.00225796 1.59824E-4 4.28818E-4 
0.118613 0.0309951 0.00440277 0.82268 0.0210979 5.37364E-4 0.00167378 
0.099621 0.0330173 0.00547888 0.852444 0.00765414 4.61147E-4 0.0013239 
0.200406 0.0318352 0.00841547 0.748027 0.00851071 7.21624E-4 0.00208467 
0.317831 0.0259681 0.0129592 0.629637 0.00951948 8.56285E-4 0.00322884 
0.710098 0.0212925 0.0399622 0.212806 0.0108441 0.00132546 0.00367239 
0.65472 0.0106832 0.0662491 0.250895 0.0122398 0.00109755 0.00411546 
0.639673 0.0143277 0.163489 0.156733 0.0067245 0.00652378 0.0125299 
0.47999 0.0126168 0.11695 0.370386 0.00585661 0.00415264 0.0100484 
0.321202 0.0130589 0.140606 0.506519 0.00601361 0.00432392 0.00827664 
0.312145 0.00837782 0.0548898 0.614625 0.00635737 8.277E-4 0.00277791 
0.436989 0.0108873 0.07054 0.470275 0.00685231 0.00115504 0.00330121 
0.386989 0.0146238 0.11134 0.474784 0.00475865 0.00277202 0.00473354 
0.274293 0.0238441 0.214766 0.441318 0.0119482 0.0132117 0.0206193 
0.266858 0.0137274 0.141076 0.558488 0.00529039 0.00562145 0.00893918 
0.55442 0.0131429 0.132049 0.281412 0.00522703 0.00492949 0.00881976 
0.528753 0.0204444 0.219926 0.191339 0.0108443 0.0116479 0.0170458 
0.73265 0.00825136 0.144748 0.0959675 0.00515606 0.00648456 0.00674256 
0.708027 0.00637743 0.184512 0.0837212 0.00535279 0.00361077 0.00839902 
0.345499 0.186086 0.00816683 0.352211 0.0966173 0.00568392 0.00573655 
0.533751 0.102298 0.0126074 0.285012 0.0553738 0.00510932 0.00584899 
0.510557 0.0642179 0.0113973 0.345084 0.0611175 0.00284147 0.00478398 
0.60693 0.0477039 0.0132121 0.249442 0.0717781 0.00464742 0.00628656 
0.705829 0.0324436 0.0168017 0.170226 0.0635654 0.00380666 0.00732806 
0.712326 0.0469535 0.0210526 0.175396 0.0327435 0.00387674 0.00765177 
0.72689 0.0222226 0.0286466 0.180395 0.0294975 0.00458838 0.0077604 
0.66646 0.0161424 0.0374271 0.256262 0.0159953 0.00274559 0.00496781 
0.866858 0.0141775 0.0687406 0.0361627 0.00576461 0.00222076 0.00607576 
0.805911 0.0209853 0.0597681 0.0980674 0.00836256 0.00211549 0.00479018 
0.699529 0.023187 0.0281717 0.216148 0.0255052 0.00170564 0.00575376 
0.720568 0.0305968 0.0296264 0.200821 0.0121718 0.00151745 0.00469837 
0.797625 0.0328648 0.042009 0.110703 0.00857605 0.00185047 0.00637147 
0.6692 0.0175725 0.0457273 0.247586 0.0119907 0.00171149 0.00621159 
0.714186 0.0144594 0.0811548 0.177064 0.00569037 0.00177086 0.00567389 
0.54125 0.0142047 0.0537006 0.376234 0.00883332 0.00165739 0.00412007 
0.631315 0.0137591 0.0603659 0.276698 0.0112379 0.00151712 0.00510678 
0.47401 0.0135331 0.0394653 0.456725 0.0102635 9.81959E-4 0.00502147 
0.476737 0.012386 0.0314389 0.46002 0.0144413 9.51824E-4 0.00402562 
0.275787 0.0140382 0.0228458 0.675341 0.00917381 4.40939E-4 0.00237327 
0.352769 0.0111982 0.0355529 0.587431 0.00995769 6.35344E-4 0.00245608 
0.272529 0.00693158 0.0186614 0.684211 0.0154578 4.43733E-4 0.00176609 
0.211072 0.00775775 0.00881808 0.752898 0.0177183 4.15504E-4 0.00132104 
0.368837 0.0116523 0.015589 0.580706 0.0205664 7.13967E-4 0.00193507 
0.447664 0.00921332 0.0236875 0.488959 0.0269792 9.07009E-4 0.00258911 
0.28391 0.0092155 0.010235 0.664817 0.0288792 5.89238E-4 0.00235434 
0.249628 0.00793665 0.0100167 0.711502 0.0184711 4.62803E-4 0.00198205 
0.231989 0.00700339 0.0152201 0.733418 0.0104771 4.85793E-4 0.00140652 
0.321702 0.00955286 0.0203145 0.63525 0.0105768 6.91314E-4 0.00191297 
0.30764 0.011859 0.0162764 0.646487 0.0153605 5.35688E-4 0.00184167 
0.272622 0.0118027 0.0113733 0.684557 0.0172734 5.32828E-4 0.00183856 
0.277223 0.0200287 0.00758233 0.65665 0.0350946 7.21043E-4 0.00270004 
0.238936 0.0210192 0.00743456 0.710312 0.0201738 6.32868E-4 0.00149235 
0.323053 0.0215952 0.00701167 0.605516 0.0393794 9.09304E-4 0.00253548 
0.40345 0.0167321 0.00941014 0.523805 0.042627 0.00107137 0.00290437 
0.207207 0.0162517 0.00526935 0.725715 0.0433353 6.97075E-4 0.00152453 
0.435769 0.011466 0.0145574 0.498583 0.0363687 0.00160954 0.00164626 
0.372885 0.018677 0.00919475 0.528574 0.067011 0.00154887 0.00210845 
0.341073 0.0124869 0.0138609 0.598011 0.0317835 8.87014E-4 0.00189722 
0.186222 0.00833029 0.00677397 0.755562 0.0409926 5.56452E-4 0.00156244 
0.233328 0.0110916 0.0109452 0.719392 0.023283 4.93797E-4 0.00146652 
0.174589 0.0103495 0.00502378 0.760214 0.0475505 6.00194E-4 0.0016731 
0.121262 0.00856186 0.00372542 0.819178 0.0452542 4.15579E-4 0.00160312 
0.247529 0.0191615 0.00624733 0.669171 0.0542209 8.35482E-4 0.00283453 
0.120926 0.0118791 0.00429138 0.840829 0.0203899 5.62768E-4 0.00112123 
0.200282 0.0165191 0.00628797 0.748958 0.0252238 9.69926E-4 0.0017595 
0.0900158 0.0145567 0.00454266 0.87471 0.0142166 6.97599E-4 0.00126035 
0.138614 0.0150059 0.00816023 0.824126 0.0117966 0.00112459 0.00117208 
0.206995 0.0222008 0.00824998 0.735718 0.0224984 0.00283086 0.00150742 
0.274776 0.0247884 0.00920651 0.657898 0.0296569 0.00216983 0.00150388 
0.248494 0.0143837 0.0107443 0.702474 0.0208743 0.00167302 0.00135705 
0.201885 0.0116557 0.00737494 0.756258 0.0199981 0.00173368 0.00109404 
0.0855761 0.0120031 0.00349558 0.876602 0.0208316 5.71072E-4 9.20957E-4 
0.151721 0.0198151 0.00606309 0.801399 0.0187191 8.33669E-4 0.00144959 
0.134695 0.0177581 0.00600048 0.82883 0.0110425 6.0953E-4 0.00106527 
0.241762 0.0227408 0.00701238 0.702252 0.0234908 9.27893E-4 0.00181404 
0.271977 0.0185061 0.0085642 0.675984 0.022143 8.5148E-4 0.00197464 
0.309456 0.0210213 0.0101921 0.637607 0.0178831 0.00175881 0.00208092 
0.20334 0.0179521 0.01007 0.758535 0.00752578 0.0010623 0.00151438 
0.331469 0.0294073 0.0121869 0.60841 0.0137803 0.00202488 0.00272124 
0.196641 0.0176523 0.00934835 0.763243 0.00998657 0.00133044 0.0017988 
0.462109 0.029723 0.0151762 0.46728 0.0210128 0.00194672 0.00275206 
0.551786 0.0349756 0.0182382 0.370989 0.0174083 0.0031419 0.00346089 
0.357445 0.0247695 0.0169798 0.588429 0.00863797 0.00149757 0.00224058 
0.349247 0.0292294 0.0134951 0.591927 0.0123545 0.00131815 0.00242919 
0.27406 0.0265297 0.014441 0.673879 0.00711702 0.00178277 0.00219025 
0.375613 0.0256463 0.0168214 0.567553 0.0101544 0.00188317 0.00232904 
0.49914 0.026257 0.0192848 0.437445 0.0131715 0.00208482 0.00261718 
0.470711 0.0222107 0.0326714 0.465586 0.00448033 0.00214794 0.00219333 
0.392254 0.0402118 0.0130213 0.535415 0.0149286 0.00140714 0.00276206 
0.473493 0.0507974 0.0187625 0.435759 0.0149065 0.00144406 0.00483731 
0.773688 0.026518 0.0468854 0.136963 0.00637791 8.18233E-4 0.00874999 
0.786331 0.054082 0.0268768 0.11059 0.0106735 0.00119434 0.010252 
0.574457 0.0859926 0.0162057 0.290854 0.0239387 0.0011705 0.00738195 
0.647783 0.0490882 0.0250022 0.255994 0.0153137 8.21599E-4 0.0059965 
0.715372 0.0347141 0.0398148 0.191548 0.00839067 7.81301E-4 0.00937942 
0.624979 0.0217343 0.0470803 0.291629 0.00632437 7.49734E-4 0.00750322 
0.773314 0.0380465 0.03596 0.130851 0.0115856 0.00107624 0.00916683 
0.608809 0.0543661 0.0248537 0.291123 0.0127911 0.00118434 0.00687284 
0.745168 0.0411949 0.0223766 0.167082 0.0174878 0.00157632 0.00511419 
0.651793 0.0239604 0.0319826 0.276586 0.0100393 0.0012548 0.00438476 
0.785791 0.0116474 0.0378075 0.135947 0.0224376 0.00159067 0.00477936 
0.823467 0.00927398 0.0868763 0.0663524 0.00629049 0.00302749 0.00471212 
0.825489 0.0118363 0.095164 0.0376049 0.012592 0.00368008 0.0136334 
0.784697 0.0109256 0.0720133 0.109392 0.0121817 0.0027305 0.00806055 
0.76311 0.0116042 0.0449787 0.144718 0.0267415 0.00240242 0.00644474 
0.735975 0.0114183 0.0555374 0.16539 0.0220492 0.00213752 0.00749229 
0.796584 0.0202624 0.0328181 0.110624 0.0300524 0.00255059 0.00710894 
0.854222 0.0232683 0.0391229 0.0523343 0.0206064 0.00278717 0.00765932 
0.780097 0.0188003 0.0357992 0.134029 0.0228842 0.00238942 0.00600079 
0.808232 0.0121722 0.0581574 0.0988586 0.0159876 0.0016773 0.00491487 
0.793368 0.00885907 0.0590936 0.111008 0.0202384 0.00151303 0.00592006 
0.732831 0.00799328 0.0591841 0.160618 0.0309826 0.00147775 0.00691319 
0.800095 0.00894623 0.0406312 0.10783 0.0348231 0.00184901 0.00582537 
0.819698 0.00889587 0.0474047 0.0884526 0.0268311 0.00210948 0.00660849 
0.732395 0.0070291 0.0910474 0.143517 0.017847 0.00118616 0.00697837 
0.770307 0.00975009 0.0658653 0.111096 0.0333898 0.00164184 0.00794931 
0.824404 0.00751054 0.0944983 0.0495162 0.0147118 0.00286703 0.00649237 
0.829785 0.00953087 0.104695 0.0359393 0.0107787 0.00181743 0.00745438 
