0.790097 0.0245473 0.0339511 0.130517 0.010144 9.98367E-4 0.00974575 
0.815633 0.0192831 0.0397374 0.108462 0.00488678 0.00117025 0.0108268 
0.807042 0.022535 0.0386314 0.114606 0.00633457 0.0014041 0.00944712 
0.801772 0.0252603 0.0413257 0.112524 0.00546005 0.00111059 0.0125476 
0.850032 0.0196402 0.0627051 0.051278 0.00389855 8.39581E-4 0.0116065 
0.775997 0.0229454 0.055838 0.125903 0.00682236 6.83275E-4 0.0118115 
0.816573 0.0176749 0.0625585 0.0757006 0.00623504 7.58881E-4 0.0204992 
0.830884 0.0221007 0.0494351 0.0614162 0.00795343 9.17803E-4 0.0272926 
0.785852 0.0195711 0.0511924 0.102672 0.00986662 8.80654E-4 0.0299652 
0.800753 0.0316725 0.039008 0.0971876 0.0146633 9.50256E-4 0.0157653 
0.848747 0.0187209 0.0452112 0.0590559 0.0111896 0.00122734 0.0158478 
0.852867 0.0176029 0.0581163 0.0443405 0.0117761 0.0013114 0.0139854 
0.66227 0.00992137 0.0527872 0.261354 0.00568509 0.00138175 0.00660028 
0.812375 0.0128255 0.0681342 0.0894285 0.00409163 0.0012016 0.0119438 
0.734738 0.00793048 0.0618893 0.18077 0.00658307 0.00119659 0.00689271 
0.666832 0.011472 0.0439929 0.265866 0.00607411 9.36584E-4 0.00482679 
0.775616 0.0145498 0.0591403 0.13736 0.00425586 9.7079E-4 0.00810705 
0.719356 0.020555 0.0448761 0.201557 0.00623596 7.53674E-4 0.00666576 
0.510189 0.027099 0.0367015 0.416761 0.00375102 6.49985E-4 0.004849 
0.448044 0.0139539 0.0504981 0.478224 0.00392961 6.00357E-4 0.00474945 
0.703045 0.0129258 0.0874798 0.183821 0.0032947 0.00100948 0.00842455 
0.814256 0.00983049 0.116024 0.0447305 0.0015483 9.2499E-4 0.0126855 
0.819689 0.00821682 0.0953477 0.0332805 0.00316803 8.74414E-4 0.0394236 
0.617436 0.0111621 0.123089 0.220712 0.00343268 0.0034422 0.0207259 
0.618116 0.00983601 0.124938 0.227485 0.00322791 0.00212584 0.014271 
0.148016 0.00401516 0.0513987 0.788274 0.00178316 5.83625E-4 0.00593018 
0.556419 0.0133234 0.0733198 0.343639 0.00563301 6.24735E-4 0.0070417 
0.657815 0.0101923 0.193521 0.121815 0.00424362 0.00307876 0.00933469 
0.638725 0.010089 0.153718 0.178355 0.00376547 0.00259111 0.0127562 
0.718246 0.00856911 0.10481 0.153724 0.00318239 0.00162716 0.00984213 
0.493553 0.0105952 0.12448 0.347399 0.00473699 0.00410664 0.0151294 
0.680809 0.00858339 0.116473 0.178084 0.00356144 0.00174685 0.0107427 
0.624359 0.00975976 0.164077 0.171549 0.0046311 0.00473539 0.0208875 
0.64932 0.00885902 0.163742 0.147328 0.00425144 0.00483214 0.0216671 
0.66245 0.00757258 0.106694 0.203093 0.00469285 0.00168905 0.0138081 
0.661286 0.00954052 0.146304 0.158945 0.00364465 0.00343309 0.0168473 
0.561571 0.0118554 0.148646 0.248038 0.00559442 0.00496593 0.0193298 
0.69548 0.0095716 0.125867 0.151713 0.00325679 0.00238552 0.0117254 
0.676 0.0102079 0.126979 0.16798 0.00354195 0.00319601 0.0120946 
0.702266 0.00842281 0.12456 0.150388 0.00370761 0.00228357 0.00837282 
0.652211 0.0078025 0.10332 0.222099 0.0059678 0.00188768 0.00671224 
0.59318 0.0119453 0.119045 0.259374 0.00466742 0.00172496 0.010063 
0.476121 0.00727997 0.0825259 0.42144 0.00591995 9.24057E-4 0.00578891 
0.77811 0.00863766 0.111086 0.0824356 0.00223155 0.0017694 0.0157299 
0.755482 0.00632729 0.155037 0.0683184 0.00179511 0.0021321 0.0109079 
0.762134 0.00743547 0.145482 0.0725388 0.00188759 0.0017873 0.00873447 
0.729751 0.0114915 0.103106 0.142367 0.00263669 0.00228991 0.0083579 
0.758014 0.00871258 0.107284 0.110033 0.00254331 0.00222508 0.0111882 
0.754734 0.00707696 0.121436 0.102224 0.00340376 0.00228089 0.00884362 
0.82889 0.00646489 0.102297 0.0492591 0.00525697 6.9665E-4 0.00713471 
0.670705 0.0105891 0.124031 0.181164 0.00350379 0.00263255 0.00737434 
0.788629 0.00837081 0.0882884 0.102383 0.00479885 9.04396E-4 0.0066247 
0.828064 0.00876214 0.089216 0.0610593 0.00411308 9.04854E-4 0.00788064 
0.798952 0.0112788 0.0978935 0.077624 0.00313543 0.00118686 0.00992925 
0.824445 0.00973269 0.0955606 0.0571929 0.00639449 9.68038E-4 0.00570644 
0.7763 0.00720118 0.105425 0.0918125 0.00403704 0.00227953 0.0129455 
0.812016 0.00892584 0.0962764 0.0684144 0.00268929 0.0017931 0.00988476 
0.668107 0.0104371 0.0946731 0.213058 0.00304717 0.00286294 0.00781475 
0.608448 0.00982499 0.0965304 0.270902 0.00313526 0.00295117 0.00820789 
0.654937 0.00796468 0.131281 0.186987 0.00466574 0.00304639 0.0111184 
0.529606 0.0138874 0.182681 0.236956 0.00723931 0.00805935 0.0215708 
0.660375 0.00839424 0.185689 0.123532 0.0045224 0.00362565 0.0138621 
0.602004 0.0104449 0.16819 0.190464 0.00768134 0.00541757 0.0157985 
0.713878 0.00841541 0.13154 0.129123 0.00515196 0.00243584 0.00945558 
0.86894 0.0137741 0.0484835 0.0517569 0.0103986 0.0011144 0.00553286 
0.849319 0.0158232 0.0630713 0.0539045 0.00897536 9.89619E-4 0.0079166 
0.849722 0.0113429 0.0613778 0.0626519 0.00677525 0.00119815 0.00693165 
0.770266 0.00872462 0.0723107 0.1297 0.00952129 9.51621E-4 0.00852622 
0.725298 0.00705801 0.0664586 0.182021 0.0107697 0.00103848 0.00735615 
0.817551 0.0077318 0.076749 0.0806009 0.00644691 0.00121869 0.00970188 
0.812458 0.00768927 0.0828651 0.0776323 0.00684527 0.00131792 0.0111918 
0.851306 0.00613642 0.0834559 0.0392011 0.00595066 0.00193977 0.0120097 
0.883469 0.00605076 0.0698616 0.0215179 0.00828262 0.00261001 0.00820858 
0.854114 0.00601535 0.0696731 0.0381277 0.0136342 0.00314664 0.0152887 
0.837885 0.00691553 0.0561565 0.068338 0.0194601 0.00284274 0.00840245 
0.870974 0.00967699 0.0540682 0.0292944 0.0200289 0.00299923 0.0129581 
0.844295 0.00919631 0.0441788 0.06354 0.0258576 0.00394153 0.00899029 
0.860307 0.00907227 0.0467379 0.0542106 0.021327 0.002166 0.00617877 
0.848438 0.00950558 0.061112 0.059676 0.0132234 0.00167665 0.00636831 
0.842357 0.00850215 0.072376 0.0555274 0.0097468 0.00202307 0.00946725 
0.822107 0.00786082 0.0784558 0.0697029 0.0082985 0.00144366 0.0121311 
0.778397 0.00667719 0.112487 0.0860988 0.00474751 0.00128921 0.0103035 
0.805747 0.00788124 0.081825 0.0858685 0.00754633 0.00107405 0.010058 
0.851042 0.00916569 0.0721777 0.0440431 0.00801374 0.00130497 0.0142528 
0.829758 0.010337 0.053656 0.0739265 0.0163433 0.00203875 0.0139403 
0.850055 0.0177286 0.0396069 0.0630873 0.0191061 0.00149085 0.00892551 
0.835703 0.010891 0.0717536 0.0599844 0.00717705 0.00133226 0.013159 
0.781375 0.00986573 0.068802 0.114092 0.00846768 0.00150338 0.0158937 
0.865765 0.0157084 0.0549051 0.0374448 0.00923806 0.00166634 0.0152718 
0.868511 0.0103064 0.0781677 0.0230349 0.00466698 0.00173815 0.0135754 
0.830454 0.00932851 0.0788581 0.0578272 0.00628929 0.00140373 0.0158396 
0.798766 0.0114391 0.0483357 0.119711 0.0130916 0.00114175 0.00751542 
0.810014 0.0116245 0.0506374 0.104509 0.0141273 9.40069E-4 0.00814759 
0.850399 0.0100379 0.0578404 0.0605722 0.0103262 0.0013622 0.00946195 
0.871569 0.0069229 0.0747813 0.0311258 0.00405844 0.00138598 0.0101569 
0.880554 0.00945456 0.0646177 0.028102 0.00411944 0.00157705 0.0115752 
0.824634 0.00751368 0.0751442 0.0702202 0.00483509 0.00173712 0.015916 
0.857382 0.00964906 0.0692703 0.0424021 0.00566093 0.00165101 0.0139848 
0.832671 0.0102625 0.0578255 0.0813238 0.00639994 0.00160429 0.00991288 
0.81152 0.00644608 0.093815 0.0700055 0.00310821 0.0023126 0.012793 
0.802069 0.00663321 0.0987077 0.0615521 0.0034192 0.00303543 0.0245837 
0.78716 0.00983817 0.0742432 0.10807 0.00678993 0.00150124 0.0123973 
0.849153 0.00945438 0.078623 0.0336916 0.00480194 0.00316388 0.021112 
0.87055 0.00844362 0.0765689 0.0246235 0.00314974 0.00210292 0.0145616 
0.833499 0.00930151 0.0722551 0.0660901 0.00596568 0.00170073 0.0111875 
0.844209 0.0129407 0.0683477 0.0538716 0.00669843 0.00123433 0.0126981 
0.857951 0.0180618 0.0626139 0.0378628 0.00777183 0.00126859 0.0144706 
0.845877 0.016967 0.0623595 0.0500198 0.00956129 0.00120968 0.0140056 
0.845235 0.0118166 0.068801 0.0526725 0.00725926 0.00121087 0.0130045 
0.833914 0.00920124 0.0602116 0.0667511 0.0120852 0.00146807 0.0163686 
0.769783 0.0127966 0.0507019 0.146785 0.00931663 0.00125963 0.00935721 
0.824747 0.0119893 0.0427307 0.0956578 0.0156571 0.00203755 0.00718053 
0.859663 0.00600808 0.073347 0.0460605 0.0050831 0.00194471 0.00789343 
0.848556 0.00727807 0.0808269 0.0466828 0.00595381 0.00177261 0.00892929 
0.817987 0.00675825 0.105245 0.0521551 0.00421081 0.00128135 0.0123624 
0.769163 0.00557411 0.10885 0.0947923 0.00876822 0.00159318 0.0112594 
0.708547 0.00653666 0.140038 0.124122 0.00687098 0.00229118 0.011594 
0.733284 0.00643066 0.15147 0.0915012 0.00425371 0.00178874 0.0112719 
0.757243 0.00652317 0.115326 0.104527 0.00569389 0.00113214 0.0095543 
0.735239 0.00755067 0.12452 0.11782 0.00561125 0.00100133 0.00825717 
0.671861 0.00872948 0.0824181 0.222627 0.00612467 9.10472E-4 0.00732919 
0.752052 0.00890713 0.123225 0.102292 0.00291988 0.00137792 0.0092252 
0.667032 0.0106138 0.142326 0.163141 0.00340384 0.00205368 0.0114301 
0.676605 0.00974495 0.1734 0.122866 0.00408572 0.00315196 0.0101463 
0.722353 0.00774545 0.114441 0.138706 0.00547052 0.00136515 0.00991786 
0.787026 0.00479744 0.148654 0.0477012 0.00187086 0.00125796 0.00869222 
0.783293 0.0062838 0.0923519 0.101052 0.00665037 0.00153337 0.00883571 
0.802765 0.00742301 0.0632931 0.107884 0.0130119 0.00103663 0.00458674 
0.489226 0.0105111 0.0965448 0.391179 0.00885699 0.00101348 0.00266791 
0.605611 0.0100932 0.0670151 0.300059 0.0133921 6.37894E-4 0.00319159 
0.54773 0.0151966 0.0416072 0.367661 0.0237633 6.36785E-4 0.00340458 
0.614047 0.0224741 0.0408605 0.295762 0.022573 6.94139E-4 0.00358921 
0.449319 0.0201065 0.0407353 0.475622 0.0113404 4.03701E-4 0.00247313 
0.433245 0.0183859 0.0280723 0.500304 0.0169722 4.18083E-4 0.00260277 
0.441949 0.0171052 0.0208847 0.496033 0.0208659 5.65185E-4 0.00259693 
0.441004 0.0239295 0.0269126 0.494579 0.0106754 4.70046E-4 0.00242928 
0.367921 0.0174604 0.0342572 0.569813 0.00816218 2.99413E-4 0.00208688 
0.404515 0.0245245 0.0258008 0.531066 0.0112449 4.61287E-4 0.00238703 
0.512012 0.0252643 0.0282853 0.412643 0.0184882 5.63701E-4 0.00274276 
0.578906 0.0232836 0.0526299 0.332349 0.00925974 5.23281E-4 0.00304914 
0.625863 0.0259499 0.045081 0.286209 0.0108221 7.87226E-4 0.0052883 
0.731759 0.0339634 0.0384263 0.173818 0.0153549 0.00123122 0.00544747 
0.668269 0.036588 0.0407399 0.239131 0.0102638 0.00120347 0.00380523 
0.516444 0.0348307 0.0286223 0.40189 0.0136718 8.45572E-4 0.00369593 
0.526501 0.0294902 0.0264083 0.397044 0.0159635 8.26693E-4 0.00376716 
0.510064 0.0204997 0.0257513 0.427397 0.0128438 9.45792E-4 0.00249849 
0.489494 0.0265374 0.0279721 0.437935 0.014238 7.72289E-4 0.00305072 
0.585833 0.0290512 0.0342809 0.337166 0.00980995 8.41574E-4 0.00301734 
0.487621 0.0317891 0.0161954 0.431833 0.0283741 9.06257E-4 0.00328113 
0.409071 0.0287493 0.0162428 0.528165 0.0140991 7.27698E-4 0.00294511 
0.470292 0.0279598 0.0207347 0.460868 0.015795 7.66268E-4 0.00358449 
0.396899 0.0247941 0.0189834 0.542244 0.0135536 7.2124E-4 0.0028047 
0.43012 0.0423063 0.017769 0.491348 0.0145809 7.55045E-4 0.00312002 
0.40227 0.0387425 0.0121198 0.512562 0.0302521 7.48199E-4 0.00330546 
0.415619 0.0309459 0.0168982 0.514982 0.0182328 5.348E-4 0.00278739 
0.52036 0.0330077 0.0298384 0.402236 0.011074 5.58254E-4 0.0029261 
0.66464 0.0375682 0.0293253 0.253078 0.0122128 9.15662E-4 0.00225984 
0.456035 0.0300547 0.0230378 0.477087 0.0109183 5.6718E-4 0.00230028 
0.470167 0.0298267 0.0315453 0.45723 0.00870385 4.92042E-4 0.0020352 
0.327628 0.0377562 0.015896 0.595168 0.0205822 5.65118E-4 0.00240424 
0.396119 0.0264162 0.0324921 0.530846 0.0121341 4.56437E-4 0.00153629 
0.278113 0.0186739 0.0409054 0.653481 0.00734733 3.51379E-4 0.00112697 
0.433102 0.0369685 0.0265392 0.480807 0.0195363 7.63871E-4 0.00228334 
0.261622 0.0178263 0.0182733 0.685281 0.0153241 4.67025E-4 0.00120697 
0.366701 0.0294634 0.0164476 0.558932 0.0258747 8.71701E-4 0.00171031 
0.3732 0.0207427 0.0200922 0.563076 0.0205736 6.11266E-4 0.00170403 
0.596902 0.0238203 0.0297745 0.318294 0.0279286 0.0010567 0.00222347 
0.480498 0.02154 0.014114 0.432913 0.0464442 0.00146876 0.00302169 
0.574133 0.0115762 0.0480523 0.335133 0.0189698 0.00791621 0.00421951 
0.597424 0.0104893 0.0404926 0.316741 0.0272475 0.00414117 0.00346464 
0.605284 0.0140326 0.0410285 0.309175 0.0223817 0.00431192 0.00378685 
0.682739 0.011429 0.0446341 0.236432 0.0181756 0.00344081 0.00314934 
0.573988 0.0114108 0.0395781 0.355838 0.0148522 0.0018826 0.00244999 
0.540295 0.0158016 0.0306076 0.389698 0.0193739 0.0014238 0.00280091 
0.495473 0.0142461 0.022074 0.434657 0.0294041 0.00128928 0.00285666 
0.680432 0.0184483 0.0291733 0.226418 0.0394869 0.00190512 0.00413709 
0.638989 0.0134687 0.0593973 0.264578 0.0149879 0.00533771 0.00324126 
0.65053 0.00931191 0.116438 0.18437 0.0208608 0.0132026 0.00528649 
0.614524 0.00926238 0.142107 0.211334 0.00747908 0.00768572 0.00760788 
0.478715 0.0074427 0.047156 0.450197 0.0111303 0.00175606 0.00360329 
0.324367 0.0118872 0.0208393 0.631693 0.00794329 0.00118052 0.00208943 
0.402531 0.0156321 0.0230229 0.547206 0.00801152 0.00126851 0.00232764 
0.423588 0.0201 0.0663785 0.481716 0.00193681 0.00193604 0.0043455 
0.299672 0.0162897 0.0817176 0.594753 0.00179556 0.00169386 0.00407833 
0.538822 0.0223128 0.0715466 0.360525 0.00206661 0.00116224 0.00356475 
0.459674 0.0342955 0.0341791 0.464223 0.00385554 7.57465E-4 0.00301514 
0.529894 0.0414869 0.0198991 0.389496 0.0141488 9.84701E-4 0.00409044 
0.561513 0.0689418 0.0187707 0.326077 0.0184499 0.00139161 0.0048556 
0.290657 0.0469754 0.0116976 0.619551 0.0259079 0.00122251 0.00398792 
0.523746 0.034471 0.0172728 0.396023 0.0237249 0.00129507 0.00346805 
0.365631 0.022255 0.0147298 0.576762 0.017768 9.15882E-4 0.00193787 
0.45405 0.0290297 0.0201054 0.481513 0.0118795 0.00127294 0.00215007 
0.475275 0.0463384 0.0171286 0.437541 0.019388 0.00137857 0.00294968 
0.581509 0.039429 0.0193048 0.326508 0.028618 0.00108143 0.00354962 
0.370514 0.0293277 0.0179319 0.567461 0.0116105 7.32915E-4 0.00242192 
0.239954 0.027693 0.0106755 0.70299 0.0153748 7.3545E-4 0.00257726 
0.164485 0.027652 0.00726623 0.777043 0.0203389 6.82957E-4 0.00253183 
0.196815 0.0265945 0.00775097 0.745078 0.0205816 6.36971E-4 0.00254332 
0.327528 0.0429772 0.0121661 0.591202 0.0215301 0.00102552 0.00357072 
0.245815 0.0236665 0.00808178 0.690244 0.0289165 6.33709E-4 0.00264199 
0.284254 0.0333138 0.00881509 0.631014 0.0380715 0.0010255 0.00350582 
0.375864 0.0349911 0.0122277 0.542044 0.029879 0.00107507 0.00391877 
0.434415 0.0366419 0.0152418 0.485177 0.0236485 0.00107647 0.00380003 
0.408245 0.0256742 0.0198363 0.531371 0.0117972 6.86913E-4 0.00238934 
0.275606 0.033705 0.0144068 0.662679 0.0105253 6.96168E-4 0.00238226 
0.297976 0.031486 0.0167521 0.639655 0.0110196 5.51489E-4 0.00255913 
0.360112 0.0267632 0.0149629 0.578557 0.0167955 6.68488E-4 0.00214066 
0.518411 0.0356836 0.0178172 0.399647 0.023972 0.00114368 0.00332606 
0.417004 0.0354829 0.0156416 0.508039 0.0201471 9.61534E-4 0.00272396 
0.370129 0.0263501 0.0156187 0.561162 0.0237032 6.27721E-4 0.00240926 
0.338323 0.0322969 0.0127458 0.580343 0.0324536 8.68445E-4 0.00296886 
0.325445 0.0449586 0.0146011 0.584254 0.026544 9.1016E-4 0.00328784 
0.275518 0.0191438 0.0164975 0.672537 0.0141867 3.54332E-4 0.00176264 
0.455194 0.0442833 0.0205312 0.456588 0.0199817 7.06619E-4 0.00271539 
0.214194 0.0196582 0.0134481 0.740302 0.0106215 3.99454E-4 0.00137699 
0.23167 0.0171234 0.0123023 0.720582 0.016328 3.70234E-4 0.00162411 
0.285963 0.0154362 0.0149428 0.661284 0.0199176 4.76097E-4 0.00198039 
0.248659 0.0163745 0.0136494 0.69499 0.0239035 4.16117E-4 0.00200806 
0.266948 0.0133486 0.0184038 0.679097 0.0201025 3.47291E-4 0.00175275 
0.43236 0.0197018 0.0272483 0.498761 0.0193395 5.31376E-4 0.00205806 
0.408563 0.0202122 0.0223184 0.52458 0.0214994 4.99014E-4 0.00232774 
0.304953 0.0199163 0.019345 0.63695 0.0164271 4.0569E-4 0.00200268 
0.374197 0.0243401 0.0234074 0.561935 0.0131909 5.09537E-4 0.00242064 
0.429123 0.0298518 0.0235848 0.495046 0.0188614 5.71434E-4 0.00296172 
0.602638 0.0358609 0.0365827 0.304757 0.0163021 7.21102E-4 0.00313815 
0.594771 0.0264482 0.0326596 0.324682 0.0180652 7.54108E-4 0.00262039 
0.492603 0.0286927 0.0290388 0.433506 0.0135393 6.43148E-4 0.00197706 
0.543599 0.0271037 0.0239156 0.380553 0.0213021 8.79412E-4 0.00264706 
0.547938 0.0255678 0.0297628 0.38025 0.0129809 7.82191E-4 0.00271884 
0.42289 0.0135472 0.0290111 0.520527 0.0110255 6.79735E-4 0.00231967 
0.603519 0.0184605 0.0448409 0.319686 0.00956674 0.0012692 0.00265823 
0.54273 0.0203387 0.0283074 0.388909 0.0155896 0.00126708 0.00285802 
0.451789 0.0159633 0.0442756 0.478749 0.00624789 9.21193E-4 0.00205379 
0.522372 0.0217419 0.026329 0.410122 0.0159817 8.82134E-4 0.00257076 
0.411053 0.0257546 0.0212437 0.52615 0.0129142 6.99771E-4 0.00218475 
0.376755 0.022829 0.0184684 0.564054 0.0153881 7.33386E-4 0.0017722 
0.326148 0.0276137 0.00952301 0.599169 0.0333048 0.00244102 0.00179956 
0.373416 0.0380004 0.0108548 0.546281 0.027505 0.00221917 0.00172388 
0.750611 0.0435012 0.018114 0.141208 0.0403345 0.00322556 0.00300514 
0.313367 0.0302016 0.0108879 0.617106 0.0249493 0.0016968 0.00179085 
0.647992 0.0386222 0.026184 0.256212 0.0266002 0.00164419 0.00274482 
0.320605 0.0268295 0.0169232 0.619482 0.0136527 0.00112749 0.00137994 
0.4175 0.054837 0.0169515 0.486451 0.0201449 0.00190028 0.00221465 
0.611115 0.0344549 0.0178011 0.283739 0.047569 0.00183713 0.0034841 
0.653513 0.0212344 0.0288958 0.270587 0.0213238 0.00211918 0.00232692 
0.712121 0.0183017 0.0314821 0.212343 0.0217893 0.00150938 0.00245413 
0.300486 0.00996056 0.0754534 0.606966 0.00373471 9.10814E-4 0.00248874 
0.710142 0.013167 0.074746 0.18994 0.00760583 8.18964E-4 0.00358043 
0.412682 0.00835257 0.0468469 0.520792 0.00882075 7.87348E-4 0.00171854 
0.517207 0.0128938 0.0303782 0.420844 0.0156163 0.00100258 0.00205851 
0.614145 0.0261124 0.0224648 0.314526 0.0185962 0.00154499 0.00261097 
0.471561 0.0296696 0.0281412 0.460126 0.00803725 0.00100866 0.00145683 
0.638067 0.0301578 0.026604 0.285168 0.0166757 0.00136627 0.00196134 
0.445797 0.0250966 0.0209564 0.494113 0.0113767 0.00120886 0.0014513 
0.540391 0.0331911 0.0276021 0.386531 0.0089262 0.00128156 0.00207704 
0.438147 0.0252612 0.0275338 0.500149 0.00627336 0.00128105 0.00135444 
0.51303 0.0199214 0.0581524 0.40045 0.00377834 0.00245758 0.0022095 
0.572099 0.026417 0.0482405 0.345106 0.0040832 0.00206171 0.00199181 
0.527341 0.0203759 0.0577935 0.38575 0.00409972 0.00253912 0.00210069 
0.447256 0.0279079 0.0314642 0.485005 0.00494589 0.00167348 0.00174787 
0.398509 0.0220645 0.0260964 0.544235 0.0058878 0.00186689 0.00134031 
0.481688 0.0291363 0.025398 0.453883 0.00664484 0.00162239 0.00162742 
0.182999 0.0237053 0.011537 0.774265 0.00555484 8.6564E-4 0.00107345 
0.326288 0.0347555 0.0174956 0.61131 0.00689634 0.00167374 0.00158132 
0.393873 0.0388094 0.0180618 0.533813 0.0115994 0.00217157 0.00167218 
0.35967 0.0381637 0.0160255 0.567921 0.0135728 0.00239215 0.00225457 
0.500696 0.0247177 0.0229904 0.43211 0.0152681 0.00229474 0.00192363 
0.527839 0.0291762 0.0189501 0.397649 0.0219574 0.00218496 0.00224316 
0.394976 0.0376864 0.013271 0.526381 0.0235888 0.00214121 0.00195562 
0.382115 0.0355095 0.0142326 0.543221 0.020605 0.00237419 0.00194233 
0.361005 0.036485 0.0154836 0.566663 0.016596 0.00188142 0.00188624 
0.530598 0.026205 0.0309719 0.399782 0.00921908 0.00151981 0.00170424 
0.361704 0.0172642 0.0194803 0.58497 0.013526 0.0014527 0.00160242 
0.377534 0.0248368 0.0137836 0.55774 0.0224696 0.00171017 0.0019258 
0.345858 0.0144732 0.0181583 0.600534 0.0171201 0.00190325 0.00195303 
0.289265 0.021598 0.0192367 0.657652 0.00898829 0.00167778 0.00158219 
0.402491 0.0214035 0.0260474 0.535682 0.0106151 0.00202269 0.00173824 
0.366635 0.0164806 0.022066 0.577733 0.013512 0.0017474 0.00182557 
0.424861 0.0344168 0.0168914 0.501433 0.0186536 0.00146258 0.00228219 
0.480558 0.0254851 0.0255527 0.453951 0.0111948 0.00121576 0.00204271 
0.638394 0.0261848 0.0284885 0.290947 0.0115824 0.00178571 0.00261688 
0.453481 0.0283564 0.0241978 0.482967 0.0074936 0.00159997 0.00190509 
0.332114 0.0323163 0.0147825 0.608665 0.00888458 0.00132356 0.00191415 
0.241481 0.0268339 0.0103285 0.707364 0.0113206 0.00103412 0.00163795 
0.404371 0.0430513 0.011757 0.50954 0.0272477 0.00145019 0.00258245 
0.355152 0.0620032 0.0119486 0.543348 0.0231347 0.00152061 0.00289232 
0.268571 0.0307025 0.0113723 0.671885 0.0145592 7.1628E-4 0.00219323 
0.300375 0.0354299 0.0103929 0.627916 0.0223964 8.54059E-4 0.00263539 
0.241469 0.0506613 0.00970465 0.666201 0.0270681 0.00158865 0.00330752 
0.206337 0.0462084 0.00715502 0.706048 0.0303966 0.0013821 0.00247261 
0.25994 0.0493003 0.00823702 0.651593 0.0271091 0.00155824 0.00226239 
0.445655 0.0518004 0.0127442 0.45723 0.0273855 0.00234068 0.00284412 
0.399909 0.0361437 0.0134156 0.527167 0.0193541 0.00195823 0.00205263 
0.262553 0.0318387 0.010657 0.676603 0.0150822 0.00168477 0.00158177 
0.739435 0.0333142 0.0268719 0.179807 0.0162338 0.00183898 0.00249882 
0.286975 0.0299284 0.0135243 0.651026 0.0146085 0.00193854 0.00199876 
0.203534 0.0200612 0.010622 0.752827 0.0101524 0.00118301 0.00162018 
0.585896 0.0445509 0.046227 0.314892 0.00514434 7.37148E-4 0.0025528 
0.124553 0.0509543 0.0100053 0.798756 0.0122502 9.95405E-4 0.00248633 
0.145966 0.0461128 0.00388389 0.749032 0.0518262 0.00189227 0.00128673 
0.200359 0.0790412 0.0055907 0.651102 0.0589098 0.00275542 0.00224155 
0.122908 0.063601 0.0037586 0.696607 0.108114 0.00268003 0.00233169 
0.173904 0.0575164 0.00355167 0.654551 0.106136 0.00225501 0.00208625 
0.23826 0.0898594 0.00593001 0.605732 0.0556837 0.00222856 0.00230672 
0.174854 0.112111 0.00595303 0.572655 0.125114 0.00484764 0.00446466 
0.181202 0.135941 0.00617781 0.633974 0.0377012 0.00268451 0.00231852 
0.227197 0.108406 0.00559084 0.594156 0.0584882 0.00325192 0.00290982 
0.509144 0.042948 0.0256164 0.403766 0.0142947 0.00269868 0.0015321 
0.546558 0.0826763 0.0233711 0.330969 0.0111624 0.00340751 0.00185509 
0.380876 0.093395 0.0101467 0.473715 0.0357127 0.00302492 0.00312976 
0.445656 0.0419618 0.0155648 0.462029 0.0295167 0.00267102 0.00260144 
0.45663 0.0575697 0.017184 0.432468 0.0309399 0.00175691 0.00345111 
0.256338 0.0404933 0.0122684 0.665489 0.0217198 0.00103426 0.00265733 
0.164503 0.03643 0.00518495 0.748228 0.0426638 0.00113312 0.00185665 
0.339489 0.0442532 0.0176139 0.57851 0.0169886 0.00180364 0.00134222 
0.186218 0.02271 0.0128181 0.762068 0.0110146 0.00389984 0.0012723 
0.268814 0.0153585 0.0242735 0.670459 0.0123409 0.00619659 0.00255786 
0.214239 0.0058618 0.0292953 0.732528 0.0126744 0.00352671 0.00187513 
0.185357 0.00790829 0.0142493 0.774469 0.0151373 0.00141481 0.00146501 
0.350656 0.00716372 0.0869892 0.530561 0.0160166 0.00448056 0.00413249 
0.487642 0.0119885 0.135093 0.331897 0.012889 0.0112468 0.00924355 
0.499386 0.00997648 0.0849541 0.361353 0.0190901 0.0165508 0.00868908 
0.378116 0.0151204 0.146073 0.424548 0.00913167 0.0155246 0.0114861 
0.622957 0.0142079 0.163054 0.16297 0.0102092 0.0146949 0.011908 
0.449439 0.0244747 0.230182 0.218409 0.0174124 0.0318361 0.0282466 
0.38478 0.0293753 0.28531 0.203157 0.017638 0.0473297 0.0324099 
0.492695 0.022894 0.229822 0.192269 0.0164291 0.0235337 0.022357 
0.261038 0.030042 0.254665 0.376411 0.0199842 0.0293284 0.0285308 
0.255041 0.0171562 0.208293 0.471096 0.0157066 0.0130305 0.0196769 
0.379098 0.0147513 0.176281 0.391081 0.0122839 0.0117793 0.0147256 
0.364428 0.021105 0.222652 0.334713 0.014485 0.0187592 0.0238583 
0.358779 0.0181772 0.185076 0.382145 0.0204307 0.0159338 0.0194594 
0.50736 0.0168669 0.150243 0.288509 0.0149149 0.0113587 0.0107468 
0.300274 0.0164228 0.13186 0.527626 0.0080311 0.00774049 0.00804554 
0.171543 0.0110575 0.0953782 0.708558 0.00599924 0.00311589 0.00434837 
0.238626 0.0200664 0.143381 0.576585 0.0074561 0.00559235 0.00829252 
0.31282 0.0307406 0.203995 0.414122 0.012488 0.0111184 0.0147165 
0.291816 0.0259287 0.155134 0.503329 0.00799333 0.00690006 0.00889914 
0.388032 0.0365572 0.170781 0.376748 0.00820572 0.00731163 0.0123652 
0.304896 0.0342667 0.196188 0.429303 0.0105647 0.0100097 0.0147726 
0.247848 0.0319091 0.0877787 0.621615 0.00305386 0.00246874 0.00532646 
0.304395 0.0303549 0.1454 0.495676 0.00781028 0.00533628 0.0110272 
0.370304 0.0372805 0.0813784 0.499964 0.0040505 0.00216771 0.00485489 
0.35636 0.0225272 0.0278808 0.581918 0.00867965 0.0010342 0.00159972 
0.230075 0.0180033 0.0102644 0.724582 0.0147432 9.87116E-4 0.00134495 
0.396644 0.0183405 0.0211296 0.549122 0.0116795 0.00125995 0.00182374 
0.297819 0.0121925 0.0151459 0.653501 0.0186573 6.82054E-4 0.00200232 
0.448166 0.0231992 0.0195983 0.492878 0.0127931 0.00128376 0.00208171 
0.737457 0.0524086 0.0253423 0.151439 0.0258777 0.00258137 0.00489333 
0.494726 0.0556846 0.0100872 0.36139 0.0683421 0.00255493 0.00721518 
0.485375 0.0361713 0.0130949 0.411082 0.0469386 0.00224917 0.0050888 
0.623619 0.039441 0.0175968 0.274078 0.0353192 0.00281233 0.00713328 
0.525876 0.0311052 0.0145274 0.376052 0.0448847 0.00207723 0.00547729 
0.477316 0.0224272 0.0110932 0.436538 0.0461503 0.00184951 0.00462662 
0.263761 0.0173911 0.00724484 0.675009 0.0329919 6.75439E-4 0.00292631 
0.618164 0.0260083 0.0195797 0.292328 0.0361872 0.00156889 0.00616446 
0.689045 0.0512929 0.0141888 0.191918 0.0433386 0.00296522 0.00725143 
0.751139 0.0482068 0.0243693 0.131693 0.0325856 0.00194052 0.0100661 
0.662514 0.0328377 0.0233751 0.244472 0.0290143 0.00183675 0.00594968 
0.673578 0.0333901 0.0341944 0.238113 0.0141535 0.00185176 0.00471917 
0.606101 0.0175482 0.0775251 0.272562 0.0124826 0.00307423 0.0107063 
0.481662 0.012853 0.0480904 0.42759 0.0219732 0.00153 0.00630128 
0.748718 0.0180385 0.0723948 0.13484 0.0129642 0.00293638 0.0101086 
0.756927 0.019647 0.0617801 0.135123 0.013722 0.00373446 0.00906639 
0.794996 0.0411902 0.0321208 0.0862327 0.0275846 0.00417788 0.0136975 
0.767744 0.0491272 0.0403059 0.104939 0.0212237 0.00300261 0.0136585 
0.819472 0.0295003 0.0424348 0.0782568 0.0145022 0.0045949 0.0112391 
0.768186 0.0328827 0.0382923 0.131322 0.0175258 0.00296791 0.00882316 
0.603102 0.0408703 0.0233731 0.293632 0.0306642 0.00216643 0.00619188 
0.652967 0.0334254 0.0208561 0.241554 0.0415557 0.00232232 0.00731919 
0.547366 0.0217032 0.0215843 0.362507 0.0371548 0.00160196 0.00808275 
0.495838 0.0206426 0.0225973 0.42117 0.0292897 0.00146049 0.0090027 
0.449237 0.0225858 0.0162029 0.468059 0.0355835 0.00129061 0.00704063 
0.599498 0.0366616 0.0159294 0.27439 0.0593725 0.00256286 0.0115864 
0.792089 0.0485964 0.024557 0.0907545 0.0274839 0.00400711 0.0125117 
0.75013 0.0392074 0.0238655 0.147542 0.029606 0.00292873 0.00672113 
0.63966 0.0671596 0.0190665 0.241263 0.0235769 0.00286482 0.00640886 
0.624825 0.0711608 0.0135395 0.235767 0.0410628 0.0073598 0.00628491 
0.329175 0.0567062 0.00683301 0.533902 0.0618514 0.00779289 0.00373898 
0.130569 0.0722428 0.00365656 0.648192 0.137982 0.00379825 0.00355939 
0.102674 0.0402193 0.00168974 0.75099 0.10131 0.00161169 0.00150456 
0.0993238 0.0398851 0.00178338 0.779335 0.0768301 0.00134157 0.0015012 
0.169493 0.0285673 0.00253653 0.702917 0.0936647 0.0016137 0.00120763 
0.223597 0.0443855 0.00330363 0.63061 0.0930796 0.00339054 0.00163371 
0.373627 0.0519818 0.00658796 0.49348 0.0674197 0.00465119 0.0022521 
0.238498 0.0139033 0.0103352 0.716471 0.0177517 0.00194895 0.00109203 
0.242656 0.0221054 0.00762947 0.691307 0.0325309 0.00197098 0.00180039 
0.498926 0.0228292 0.0354016 0.427449 0.00942081 0.00303861 0.00293458 
0.429611 0.0133679 0.104031 0.432651 0.0106728 0.00373631 0.00592993 
0.344848 0.0292974 0.238759 0.323159 0.0165943 0.0212668 0.0260759 
0.455207 0.0228916 0.320184 0.151801 0.0097454 0.0187142 0.0214573 
0.275691 0.0234628 0.531341 0.123593 0.0123509 0.0137639 0.0197971 
0.293349 0.0250446 0.510659 0.124342 0.0111271 0.0145249 0.0209539 
0.239894 0.0252254 0.569301 0.115395 0.0111428 0.0166491 0.0223923 
0.402315 0.00319978 0.545892 0.0416533 0.00105097 0.0027242 0.00316508 
0.201852 0.00290134 0.750985 0.0234156 8.63287E-4 0.0175278 0.00245516 
0.685035 0.112904 0.0139733 0.106408 0.067773 0.00555057 0.00835651 
0.689125 0.16571 0.0168773 0.082277 0.0296017 0.00724664 0.00916152 
0.654454 0.124253 0.017218 0.123316 0.0613279 0.00872411 0.0107072 
0.640587 0.0863577 0.0162271 0.103098 0.133227 0.0086061 0.011896 
0.632455 0.140741 0.0160766 0.101344 0.0888331 0.00980629 0.0107439 
0.703382 0.139076 0.0219708 0.0885124 0.0315094 0.00760441 0.00794525 
0.823897 0.0641438 0.0445506 0.0412168 0.0094549 0.00993891 0.00679797 
0.852242 0.0280154 0.0750943 0.0184777 0.00456909 0.0139033 0.00769853 
0.846797 0.0222311 0.0665351 0.0411208 0.00959193 0.00797081 0.0057536 
0.860973 0.0299375 0.076567 0.0123635 0.00280914 0.00907107 0.00827927 
0.860244 0.0273093 0.0668212 0.0281287 0.00317553 0.00625198 0.00806892 
0.86411 0.0254384 0.0623363 0.0273911 0.00542624 0.00425574 0.0110422 
0.834761 0.0238658 0.0727914 0.0498673 0.00232826 0.00427437 0.0121118 
0.840753 0.0429548 0.0416301 0.0470945 0.00717056 0.00821713 0.0121799 
0.797217 0.0493566 0.0402505 0.0874096 0.00749092 0.00689537 0.0113797 
0.818776 0.037322 0.0365039 0.0753313 0.0106856 0.0119613 0.00942021 
0.844127 0.0442808 0.030277 0.0434372 0.0114502 0.0173768 0.00905102 
0.857467 0.0322929 0.0366583 0.0441223 0.00904353 0.0127265 0.0076895 
0.833678 0.0299403 0.0570239 0.0610908 0.00618294 0.00472387 0.00736019 
0.795281 0.0830839 0.0552165 0.0409484 0.00518175 0.00728022 0.0130084 
0.853735 0.0432774 0.0574999 0.0220899 0.00464963 0.00903188 0.00971631 
0.823662 0.0497818 0.0727603 0.0330345 0.00335977 0.00595368 0.0114476 
0.82525 0.0416958 0.07647 0.0360245 0.00199801 0.00498796 0.0135736 
0.825757 0.035319 0.0803147 0.032588 0.00181484 0.00704068 0.0171656 
0.816512 0.0518647 0.0597787 0.0497368 0.00411278 0.00655661 0.011438 
0.823432 0.0559867 0.0591936 0.03917 0.0048989 0.00705792 0.0102613 
0.836448 0.0292402 0.0697758 0.043763 0.00503422 0.00646161 0.00927674 
0.833872 0.0203006 0.0915478 0.0293435 0.00378554 0.0106944 0.0104566 
0.74392 0.0153846 0.14199 0.0785398 0.00643946 0.00703994 0.00668604 
0.559417 0.00395111 0.371071 0.0512695 0.0026708 0.00336827 0.00825284 
0.511162 0.00248968 0.42631 0.0399076 0.00273964 0.00798053 0.00941049 
0.609197 0.0040905 0.284474 0.0747778 0.00892683 0.0100037 0.00853035 
0.597276 0.0105986 0.184927 0.184629 0.00650461 0.00725073 0.00881494 
0.582974 0.0156154 0.0354727 0.319192 0.0367203 0.00396779 0.00605763 
0.631171 0.0327143 0.0254176 0.233878 0.0619336 0.00603184 0.00885355 
0.719386 0.0374482 0.0236942 0.136105 0.0700269 0.00547182 0.00786831 
0.724031 0.0469968 0.0229467 0.119681 0.070987 0.00548489 0.00987211 
0.644189 0.0405445 0.01888 0.228225 0.0581686 0.00335641 0.0066367 
0.603066 0.038043 0.0187652 0.277262 0.0535022 0.00303857 0.00632333 
0.611827 0.0482673 0.0147704 0.220541 0.0927355 0.00335797 0.00850046 
0.447522 0.0744665 0.00982168 0.268692 0.186643 0.00415045 0.00870393 
0.308482 0.0626015 0.00619011 0.392618 0.2212 0.00249714 0.00641101 
0.5243 0.0765306 0.0114417 0.265205 0.110369 0.00357848 0.00857476 
0.654332 0.0852307 0.0147447 0.152778 0.0789971 0.00382481 0.010093 
0.745302 0.0991546 0.0235048 0.0748258 0.0399754 0.00558889 0.0116486 
0.748282 0.0644865 0.023156 0.0989606 0.0527617 0.00482649 0.00752699 
0.704314 0.0676751 0.0193721 0.125489 0.0701925 0.00470053 0.00825659 
0.602119 0.0934543 0.013949 0.155112 0.119705 0.0059234 0.00973718 
0.64047 0.0867528 0.0148137 0.147877 0.0955379 0.00582401 0.00872423 
0.495002 0.125137 0.0121573 0.208448 0.142066 0.00672774 0.0104619 
0.524993 0.239557 0.010349 0.128184 0.0844303 0.00539409 0.00709191 
0.567806 0.174756 0.011831 0.123018 0.106222 0.00679358 0.00957418 
0.487063 0.149704 0.0114749 0.213473 0.122797 0.0057184 0.00976936 
0.512951 0.0780265 0.0127327 0.237491 0.144185 0.00470121 0.00991218 
0.462289 0.0689405 0.0111097 0.274405 0.170152 0.00529319 0.00781102 
0.375579 0.0516104 0.00885643 0.470377 0.0874011 0.00240435 0.00377119 
0.467994 0.0706044 0.0101595 0.345027 0.0969563 0.0039438 0.00531554 
0.520777 0.0812034 0.0127873 0.238712 0.131941 0.00528916 0.00928995 
0.67502 0.0574804 0.0150276 0.166896 0.0743031 0.00374914 0.00752378 
0.518434 0.0630312 0.01304 0.356931 0.042289 0.00268965 0.00358561 
0.481353 0.046243 0.0107304 0.383255 0.0713022 0.00246407 0.00465228 
0.451983 0.0673233 0.00990224 0.37122 0.0915994 0.0025457 0.00542664 
0.32721 0.0578 0.00706753 0.500591 0.100306 0.00226274 0.00476353 
0.294631 0.0342023 0.00611062 0.591847 0.06888 0.00145501 0.00287424 
0.232176 0.021173 0.00642259 0.701345 0.0363808 9.97152E-4 0.00150591 
0.268022 0.0274847 0.00693326 0.643094 0.0507715 0.00157352 0.00212191 
0.280367 0.0239433 0.00809048 0.634158 0.0495582 0.0012089 0.002674 
0.274353 0.0154999 0.00853624 0.640485 0.0577079 9.30216E-4 0.00248806 
0.230404 0.0159961 0.0077336 0.683302 0.0601839 6.44685E-4 0.00173587 
0.374175 0.027054 0.00951061 0.463261 0.120838 0.00158003 0.00358158 
0.346025 0.0476543 0.00752429 0.447621 0.145269 0.00188396 0.00402319 
0.860454 0.0166372 0.0486426 0.0546511 0.00503287 0.00461011 0.00997255 
0.864696 0.0386376 0.0262779 0.0436762 0.0112742 0.00470366 0.0107343 
0.840002 0.0472527 0.0250389 0.0611395 0.0107033 0.00409395 0.0117697 
0.860854 0.032505 0.0259733 0.0607058 0.0101929 0.00391341 0.00585605 
0.881829 0.0200039 0.0389155 0.0383558 0.00544532 0.00522632 0.0102244 
0.862417 0.0221024 0.0357552 0.0538387 0.00869519 0.00338158 0.0138102 
0.853959 0.0255227 0.0377586 0.0626112 0.00681784 0.00236312 0.0109672 
0.870473 0.032584 0.0293551 0.0429308 0.00839474 0.00284307 0.0134191 
0.827606 0.0379992 0.0246991 0.0885631 0.0106335 0.00186542 0.00863313 
0.820727 0.0403449 0.0261628 0.0910128 0.0110192 0.00181259 0.00892111 
0.837345 0.0324513 0.0316696 0.0760343 0.00964749 0.0016395 0.011213 
0.790295 0.0470799 0.0262291 0.102242 0.0176673 0.00183665 0.0146494 
0.818046 0.0434586 0.0214256 0.0765095 0.0253639 0.0024051 0.0127916 
0.825994 0.0355317 0.0195682 0.0752498 0.0305291 0.00224495 0.0108819 
0.744297 0.0588328 0.0121716 0.107507 0.0630826 0.00302997 0.0110782 
0.740997 0.0801716 0.0156559 0.0566785 0.0750625 0.00399653 0.0274376 
0.788397 0.0644299 0.0143299 0.059124 0.0546061 0.00372835 0.015385 
0.83114 0.0490217 0.0206584 0.0384968 0.0351464 0.00338699 0.0221493 
0.831729 0.0361334 0.0235363 0.0511926 0.0328716 0.00251157 0.0220251 
0.778225 0.054222 0.0184451 0.0573553 0.0606409 0.00313849 0.0279737 
0.798424 0.035018 0.0217181 0.0858598 0.0417004 0.0023187 0.0149607 
0.799388 0.0335555 0.0324528 0.0908907 0.026582 0.00187727 0.0152535 
0.721997 0.0486557 0.0172056 0.125533 0.0703242 0.00278575 0.0134987 
0.81017 0.0397207 0.0205623 0.0789271 0.0371965 0.00218876 0.0112341 
0.829484 0.0359088 0.0221596 0.0691383 0.0292209 0.00193675 0.0121517 
0.809577 0.0483911 0.0240926 0.0830484 0.0197787 0.00228281 0.0128293 
0.820968 0.0529553 0.0186553 0.0620183 0.0310859 0.00296362 0.011353 
0.811213 0.0724047 0.0226765 0.0502243 0.0245974 0.00273285 0.0161507 
0.767265 0.088476 0.0198069 0.0790468 0.0290258 0.00260306 0.0137762 
0.779592 0.0731144 0.0198224 0.0846875 0.0287123 0.00207262 0.0119984 
0.854548 0.0379022 0.0280403 0.0502411 0.014681 0.00253343 0.0120538 
0.869848 0.0267341 0.0433692 0.0411999 0.00674959 0.00201806 0.0100812 
0.804473 0.0302529 0.0424674 0.097359 0.0130274 0.00138924 0.0110308 
0.816135 0.0226319 0.0339512 0.103213 0.0141447 0.00197677 0.00794788 
0.861215 0.0220635 0.0404497 0.0403934 0.0221131 0.00189805 0.0118674 
0.856618 0.0175082 0.0468046 0.0498756 0.0179234 0.00241402 0.00885595 
0.855287 0.0148898 0.0392485 0.0488049 0.029805 0.00204661 0.00991788 
0.826781 0.0217557 0.0356607 0.0686077 0.0363235 0.002176 0.00869564 
0.807454 0.0141904 0.0588075 0.0855459 0.0256931 0.00195803 0.00635059 
0.744857 0.00914173 0.124293 0.0811792 0.0304728 0.00194494 0.0081107 
0.769696 0.00640691 0.176656 0.0249099 0.011493 0.00185997 0.00897817 
0.769909 0.00678986 0.176326 0.0236404 0.011767 0.00228451 0.00928375 
0.771413 0.00702402 0.169587 0.0338838 0.00910484 0.00201185 0.00697613 
0.781801 0.00937641 0.120115 0.0672617 0.0138712 0.00207135 0.00550321 
0.728089 0.00777405 0.146178 0.102413 0.00849557 0.00207318 0.00497786 
0.789236 0.012732 0.0909685 0.0725597 0.0266042 0.00187047 0.0060293 
0.807865 0.0102416 0.0846271 0.0641589 0.025671 0.0021407 0.00529593 
0.752883 0.00829928 0.0814094 0.110787 0.0359661 0.00275829 0.00789684 
0.790574 0.00769589 0.0928355 0.0751095 0.0249362 0.00261045 0.00623851 
0.783657 0.00857636 0.129769 0.0575478 0.0118954 0.00176671 0.00678784 
0.797794 0.00752105 0.119523 0.0536285 0.0123901 0.00228948 0.00685378 
0.811524 0.00561698 0.12973 0.0353787 0.0101612 0.00248888 0.00510012 
0.804581 0.00523366 0.14976 0.0237966 0.00759609 0.00221069 0.00682256 
0.768075 0.00494652 0.191261 0.0185105 0.00396055 0.00176658 0.0114797 
0.771427 0.00418546 0.189392 0.0201992 0.00574004 0.0013482 0.00770842 
0.776519 0.00521044 0.1748 0.0310152 0.00566121 0.00153389 0.00526022 
0.789164 0.00537438 0.161583 0.0290226 0.00804964 0.00146254 0.00534349 
0.0489132 0.596883 0.0049727 0.100267 0.230151 0.0116499 0.00716309 
0.0237541 0.501812 0.00479261 0.100685 0.350191 0.0132563 0.00550885 
0.0239149 0.446154 0.0037222 0.0878791 0.419035 0.0156622 0.00363272 
0.0641665 0.364874 0.0137981 0.21862 0.298271 0.0284986 0.0117723 
0.0462055 0.369769 0.011117 0.191671 0.348564 0.0220598 0.0106142 
0.0234669 0.610213 0.00177059 0.08385 0.268578 0.0100659 0.0020552 
0.0161612 0.629489 0.00149569 0.074068 0.267241 0.00987157 0.00167358 
0.00931854 0.764949 6.04489E-4 0.0435924 0.172072 0.00885273 6.11034E-4 
0.0192367 0.652017 0.00314294 0.12468 0.133359 0.064752 0.00281191 
0.0344446 0.154395 0.00970497 0.0792672 0.139315 0.574787 0.00808682 
0.0384557 0.0501737 0.0360639 0.0947874 0.173516 0.588713 0.0182899 
0.00291764 0.0366414 0.00573538 0.00535231 0.012567 0.936013 7.7298E-4 
0.00196547 0.0371815 0.00155166 0.00277101 0.00564019 0.950497 3.93443E-4 
0.00177361 0.135885 0.00317075 9.19573E-4 0.00292305 0.854685 6.43525E-4 
0.00124432 0.114117 4.97679E-4 7.37589E-4 7.27231E-4 0.882269 4.07493E-4 
0.00115616 0.0321419 9.20252E-4 0.00109852 0.0029892 0.961291 4.02779E-4 
0.00127291 0.020773 0.00154111 0.00365663 0.00697189 0.965344 4.40281E-4 
0.0520874 0.110358 0.307416 0.0892242 0.176303 0.228175 0.0364372 
0.036651 0.0990473 0.532559 0.0757694 0.12559 0.105048 0.0253353 
0.0253669 0.0244933 0.0617262 0.0537501 0.0968098 0.725538 0.0123155 
0.010552 0.78037 0.0515696 0.0186991 0.0216271 0.108432 0.00875038 
0.0303079 0.504675 0.157126 0.104046 0.0795405 0.0958396 0.0284655 
0.0427513 0.222589 0.290799 0.155095 0.116575 0.129261 0.0429292 
0.102264 0.407884 0.142788 0.0856838 0.0126278 0.231967 0.0167848 
0.0157031 0.802811 0.0349026 0.0270309 0.00365058 0.111929 0.0039732 
0.00297652 0.915543 0.0109745 0.0595356 2.45097E-4 0.0106014 1.23983E-4 
0.00215532 0.899591 0.00237782 0.0831289 3.86356E-4 0.0121464 2.14156E-4 
0.0161705 0.0289787 0.344149 0.108252 0.0018126 0.488898 0.0117386 
0.00226942 0.00899835 0.51965 9.91022E-4 0.00109062 0.462482 0.00451917 
0.0640897 0.0353895 0.54589 0.00887206 0.00634622 0.280873 0.0585392 
0.0410076 0.173988 0.666795 0.0796489 0.0045156 0.0226354 0.0114097 
0.0148279 0.108724 0.809487 0.0312627 0.0106622 0.0170736 0.00796239 
0.0418343 0.174818 0.649182 0.0795112 0.0125959 0.0267821 0.0152768 
0.0192573 0.935309 0.0016175 0.0274616 9.27283E-4 0.00778659 0.00764022 
0.0120211 0.130773 0.00436947 0.0216357 5.30035E-4 0.826958 0.00371353 
0.00191992 0.0114016 0.0166587 0.00531083 0.00251883 0.960732 0.00145837 
0.01027 0.0286258 0.194057 0.0265213 0.0159878 0.714241 0.0102967 
0.0480673 0.116974 0.359072 0.115506 0.0694737 0.228937 0.0619692 
0.0418238 0.0980973 0.404132 0.116516 0.0585072 0.232586 0.0483379 
0.0126277 0.0245484 0.232397 0.0387179 0.00903405 0.667428 0.0152463 
0.00842159 0.0284586 0.0752322 0.0264498 0.00510762 0.846848 0.00948267 
0.0103047 0.0185675 0.0864232 0.0244363 0.00163235 0.847936 0.0106997 
