0.772042 0.0103219 0.0699177 0.131705 0.00182399 0.00212207 0.0120677 
0.781333 0.0106609 0.0620552 0.124094 0.00189917 0.00312564 0.0168317 
0.807899 0.00965953 0.0723774 0.0887921 0.00158621 0.00250081 0.0171844 
0.803027 0.011691 0.0597735 0.106769 0.00177339 0.00286672 0.0140998 
0.709436 0.0112891 0.0699236 0.190562 0.00175491 0.00273829 0.0142961 
0.753963 0.0102212 0.0709723 0.146051 0.00171616 0.00254851 0.0145274 
0.789395 0.00891707 0.0726624 0.109412 0.00191921 0.00254865 0.0151453 
0.827282 0.00909895 0.0662021 0.0763484 0.0015325 0.00327139 0.0162645 
0.790479 0.00971915 0.0747914 0.0998943 0.00142961 0.00300942 0.0206776 
0.79887 0.011769 0.0579246 0.11011 0.00223589 0.00319791 0.0158934 
0.825231 0.010678 0.0564648 0.0905576 0.00205264 0.0026276 0.0123883 
0.818947 0.0113618 0.0569232 0.098517 0.00214767 0.0019149 0.0101888 
0.824063 0.0128687 0.0530482 0.0946332 0.00210794 0.00223979 0.0110391 
0.809057 0.0100365 0.0614651 0.104859 0.00191203 0.00234399 0.010326 
0.847865 0.0103823 0.0577279 0.0629401 0.00238822 0.00511748 0.0135786 
0.87897 0.0104889 0.0530147 0.0357488 0.00258624 0.00542992 0.0137616 
0.855576 0.00965907 0.0595894 0.0546057 0.00233887 0.00412396 0.0141067 
0.870293 0.0095967 0.0652276 0.031972 0.00190435 0.00407091 0.016935 
0.867177 0.00827327 0.0712981 0.0277203 0.00145674 0.00547435 0.0186005 
0.837348 0.00796511 0.0716377 0.0577666 0.00219893 0.00483755 0.0182465 
0.847575 0.00903859 0.0657225 0.0489874 0.00210679 0.0082308 0.0183393 
0.834365 0.00938681 0.0716894 0.0595255 0.00157793 0.00661083 0.0168444 
0.768501 0.0099913 0.0763111 0.119131 0.00157619 0.00725636 0.0172333 
0.765294 0.00860561 0.0733328 0.129877 0.00186531 0.00423342 0.0167911 
0.786572 0.00961551 0.0703736 0.108569 0.00157775 0.00510754 0.0181848 
0.798066 0.00918326 0.0781347 0.0893564 0.00131936 0.00421566 0.019725 
0.840291 0.00951783 0.0674033 0.0632112 0.00199137 0.00304541 0.0145402 
0.847715 0.00906658 0.0648812 0.0618384 0.00161647 0.00418807 0.0106938 
0.821782 0.00943161 0.0568765 0.094452 0.00197059 0.00384661 0.0116411 
0.791576 0.00645432 0.09624 0.0738606 0.00175248 0.00812756 0.0219891 
0.805565 0.00657037 0.0936042 0.0616809 0.00161717 0.00582972 0.025133 
0.797849 0.00615085 0.104215 0.0587677 0.00133757 0.00496456 0.0267151 
0.745403 0.00659907 0.119935 0.09707 0.00195032 0.0052325 0.0238104 
0.749515 0.00613714 0.1086 0.105738 0.00230719 0.00489976 0.0228036 
0.812591 0.00659596 0.091071 0.0593891 0.00175398 0.00577789 0.0228209 
0.800574 0.00618739 0.099242 0.0689937 0.00142694 0.00453344 0.0190426 
0.783418 0.00644101 0.094707 0.0854982 0.00204038 0.00479936 0.0230964 
0.760094 0.00723719 0.0903977 0.115514 0.00208531 0.00552562 0.0191463 
0.74221 0.0068959 0.0961409 0.126633 0.00228449 0.00463513 0.0212002 
0.764541 0.00736679 0.0815369 0.119559 0.00273526 0.00570803 0.0185528 
0.772535 0.00713131 0.0817009 0.111925 0.00204201 0.00479977 0.0198665 
0.783197 0.00623891 0.0911153 0.0940277 0.00234187 0.00362344 0.0194554 
0.763397 0.0060546 0.0999416 0.103843 0.0026172 0.00384994 0.0202966 
0.762917 0.00888961 0.065844 0.149245 0.00210844 0.00141655 0.00957981 
0.882623 0.0225753 0.0507991 0.006528 0.0086548 0.00854695 0.0202724 
0.882539 0.0128547 0.0551023 0.0266504 0.00386209 0.00280403 0.016188 
0.827537 0.0092524 0.0615719 0.082153 0.00222592 0.0017087 0.0155515 
0.765246 0.00933962 0.0653437 0.144419 0.00208175 0.00126969 0.0123003 
0.742795 0.00912201 0.0626228 0.165808 0.00230753 0.00192248 0.0154221 
0.743145 0.00852086 0.0780006 0.141098 0.00188869 0.00271334 0.024633 
0.734926 0.00874097 0.0773011 0.159475 0.00169367 0.00196391 0.0159002 
0.785107 0.00829954 0.0789306 0.099857 0.00141261 0.00278261 0.023611 
0.787414 0.00925396 0.0731542 0.105869 0.00143056 0.00263809 0.0202401 
0.774512 0.010394 0.0680934 0.124965 0.00151743 0.00273563 0.0177827 
0.818688 0.0114513 0.0573523 0.0874987 0.00158336 0.00360657 0.0198193 
0.781252 0.00844827 0.0732373 0.103963 0.00156117 0.00326819 0.0282698 
0.765503 0.00874912 0.0789605 0.121131 0.00155386 0.00292068 0.0211819 
