0.686914 0.134265 0.0408256 0.00831015 0.0227028 0.0874517 0.0195306 
0.696778 0.189116 0.0288574 0.0166541 0.0330167 0.0289167 0.00666075 
0.626189 0.221022 0.0247958 0.0313376 0.0774986 0.015492 0.00366515 
0.545738 0.256714 0.0185036 0.0275306 0.132357 0.01548 0.00367683 
0.527344 0.272179 0.0163514 0.0288759 0.128403 0.0233807 0.00346604 
0.62249 0.17232 0.0226737 0.0497846 0.106904 0.0218999 0.00392772 
0.749695 0.137445 0.0286973 0.0251094 0.0418816 0.0135999 0.00357087 
0.705405 0.147982 0.0249762 0.0301424 0.0739959 0.0132656 0.00423264 
0.795841 0.113905 0.0286244 0.029871 0.0170104 0.0112613 0.00348634 
0.798114 0.0986295 0.0331774 0.0498891 0.00557081 0.0109118 0.0037076 
0.818639 0.0839125 0.038275 0.0365388 0.00499024 0.0125575 0.00508671 
0.845561 0.0649645 0.0377881 0.0248853 0.00761704 0.0136987 0.00548553 
0.866281 0.0385278 0.0457443 0.0230101 0.00456752 0.0141184 0.00775122 
0.847858 0.0281579 0.0425133 0.0555817 0.00576975 0.0131412 0.00697775 
0.859246 0.0120558 0.0589682 0.0347771 0.0036009 0.0146656 0.0166862 
0.860736 0.0136781 0.0440069 0.0418511 0.00334996 0.0235265 0.0128518 
0.849123 0.0123148 0.0532584 0.0510639 0.00406806 0.0163695 0.0138025 
0.840177 0.014579 0.0512361 0.0581147 0.00388201 0.0159626 0.0160489 
0.821552 0.0135789 0.0528199 0.073506 0.00342887 0.0142301 0.0208839 
0.809396 0.0148934 0.0542458 0.0852298 0.00352727 0.0125681 0.0201395 
0.820528 0.0132856 0.0608739 0.0652103 0.00276898 0.0126946 0.024639 
0.846428 0.0137623 0.0493905 0.0531492 0.00277223 0.0117051 0.0227932 
0.805669 0.0123835 0.0577221 0.0878077 0.00247992 0.0110674 0.0228704 
0.832443 0.0133112 0.0562655 0.064019 0.00233606 0.0106743 0.0209513 
0.839372 0.01249 0.0549514 0.066532 0.00240577 0.00750925 0.0167395 
0.845759 0.0139184 0.0534774 0.0564674 0.00250639 0.010184 0.0176873 
0.869411 0.0112881 0.0611131 0.027979 0.00148958 0.00968625 0.0190326 
0.837515 0.0127926 0.071043 0.0473035 0.00154209 0.00950566 0.0202984 
0.848638 0.00959069 0.0805004 0.0376418 0.00117988 0.00572471 0.0167251 
0.835106 0.0109018 0.0592798 0.077738 0.00173706 0.00313286 0.0121045 
0.785648 0.0107627 0.0565046 0.13114 0.00248521 0.00248158 0.0109774 
0.806005 0.00947901 0.0598505 0.105931 0.00247231 0.00267476 0.0135874 
0.75653 0.0117366 0.0440219 0.170558 0.00324996 0.00254798 0.0113555 
0.837357 0.0108765 0.0506118 0.082863 0.00295316 0.0024094 0.0129293 
0.823504 0.010987 0.0526094 0.092995 0.00277723 0.00242082 0.0147066 
0.792678 0.00961119 0.0651444 0.112867 0.00204957 0.0023159 0.015334 
0.741501 0.0104393 0.0731834 0.155328 0.0018363 0.0023976 0.0153143 
0.784971 0.00958509 0.0762089 0.111135 0.00154976 0.00212246 0.0144274 
0.73304 0.0108281 0.0718164 0.162905 0.00181541 0.00270688 0.0168888 
0.795302 0.010964 0.0618516 0.11454 0.00188929 0.00240721 0.0130451 
0.794722 0.0116676 0.0563016 0.119458 0.00242182 0.00206921 0.0133594 
0.78945 0.0119223 0.0551153 0.121086 0.0026289 0.00277696 0.0170204 
0.803784 0.0143355 0.0511328 0.110127 0.00219537 0.0028428 0.015582 
0.776136 0.0128332 0.0563026 0.138388 0.00193288 0.0023229 0.0120837 
0.835106 0.0109018 0.0592798 0.077738 0.00173706 0.00313286 0.0121045 
0.785648 0.0107627 0.0565046 0.13114 0.00248521 0.00248158 0.0109774 
0.806005 0.00947901 0.0598505 0.105931 0.00247231 0.00267476 0.0135874 
0.75653 0.0117366 0.0440219 0.170558 0.00324996 0.00254798 0.0113555 
0.837357 0.0108765 0.0506118 0.082863 0.00295316 0.0024094 0.0129293 
0.823504 0.010987 0.0526094 0.092995 0.00277723 0.00242082 0.0147066 
0.792678 0.00961119 0.0651444 0.112867 0.00204957 0.0023159 0.015334 
0.741501 0.0104393 0.0731834 0.155328 0.0018363 0.0023976 0.0153143 
0.784971 0.00958509 0.0762089 0.111135 0.00154976 0.00212246 0.0144274 
0.73304 0.0108281 0.0718164 0.162905 0.00181541 0.00270688 0.0168888 
0.795302 0.010964 0.0618516 0.11454 0.00188929 0.00240721 0.0130451 
0.794722 0.0116676 0.0563016 0.119458 0.00242182 0.00206921 0.0133594 
0.78945 0.0119223 0.0551153 0.121086 0.0026289 0.00277696 0.0170204 
0.803784 0.0143355 0.0511328 0.110127 0.00219537 0.0028428 0.015582 
0.776136 0.0128332 0.0563026 0.138388 0.00193288 0.0023229 0.0120837 
0.837933 0.0115992 0.0560525 0.0619333 0.00137673 0.00319952 0.0279061 
0.73647 0.00962415 0.0685099 0.146788 0.0019092 0.00323913 0.0334595 
0.719292 0.0111599 0.0640424 0.171603 0.00192901 0.00320177 0.0287723 
0.693753 0.00923401 0.0648998 0.195792 0.00216072 0.00348543 0.0306752 
0.700965 0.0115157 0.0613998 0.202641 0.00177658 0.0028438 0.0188574 
0.685796 0.0123986 0.0590067 0.216111 0.00189926 0.00384636 0.020942 
0.74954 0.00970553 0.0663731 0.151133 0.00173035 0.00286107 0.0186572 
0.750719 0.0099828 0.0707137 0.140553 0.00172274 0.00256369 0.0237449 
0.742677 0.00969925 0.0700769 0.146658 0.00173386 0.00270304 0.0264522 
0.670206 0.00907921 0.0732624 0.214986 0.00220995 0.00336043 0.0268961 
0.758756 0.00998809 0.0644696 0.132011 0.00182655 0.00343787 0.0295106 
0.779167 0.0105651 0.0613505 0.124222 0.00158143 0.00351971 0.0195937 
0.766488 0.0113365 0.0610023 0.133811 0.00161023 0.00416679 0.0215858 
0.731338 0.0122287 0.0557688 0.169572 0.00169467 0.00461805 0.02478 
0.671377 0.0124214 0.0620159 0.223628 0.00171682 0.00444623 0.0243944 
0.658197 0.0115505 0.0657833 0.233939 0.00191771 0.00342734 0.025185 
0.742499 0.0117068 0.0629505 0.15239 0.00172291 0.00297481 0.0257555 
0.775383 0.012641 0.0547393 0.130908 0.00151792 0.00365259 0.0211574 
0.789427 0.010279 0.0693791 0.09829 0.00130809 0.00370928 0.027608 
0.774303 0.0103403 0.0614637 0.123429 0.00171444 0.00289372 0.0258564 
0.80595 0.00871246 0.0738636 0.0791667 0.00131503 0.00360992 0.0273819 
0.801928 0.00718697 0.0788814 0.0818475 0.00164547 0.00303621 0.0254744 
0.791338 0.00764637 0.0770417 0.0971188 0.00161114 0.00331508 0.0219287 
0.793297 0.0079895 0.0814124 0.0850663 0.0013982 0.0035386 0.0272982 
0.738632 0.0108288 0.0685519 0.155789 0.0015093 0.00347081 0.0212177 
0.849807 0.0126161 0.0463045 0.0621788 0.00177121 0.00520808 0.0221137 
0.895957 0.0213246 0.0310219 0.0106882 0.00336024 0.0116984 0.0259499 
0.804072 0.0105078 0.0531226 0.0975591 0.00247961 0.00511782 0.0271407 
0.835106 0.0109018 0.0592798 0.077738 0.00173706 0.00313286 0.0121045 
0.785648 0.0107627 0.0565046 0.13114 0.00248521 0.00248158 0.0109774 
0.806005 0.00947901 0.0598505 0.105931 0.00247231 0.00267476 0.0135874 
0.75653 0.0117366 0.0440219 0.170558 0.00324996 0.00254798 0.0113555 
0.837357 0.0108765 0.0506118 0.082863 0.00295316 0.0024094 0.0129293 
0.823504 0.010987 0.0526094 0.092995 0.00277723 0.00242082 0.0147066 
0.792678 0.00961119 0.0651444 0.112867 0.00204957 0.0023159 0.015334 
0.741501 0.0104393 0.0731834 0.155328 0.0018363 0.0023976 0.0153143 
0.784971 0.00958509 0.0762089 0.111135 0.00154976 0.00212246 0.0144274 
0.73304 0.0108281 0.0718164 0.162905 0.00181541 0.00270688 0.0168888 
0.795302 0.010964 0.0618516 0.11454 0.00188929 0.00240721 0.0130451 
0.794722 0.0116676 0.0563016 0.119458 0.00242182 0.00206921 0.0133594 
0.78945 0.0119223 0.0551153 0.121086 0.0026289 0.00277696 0.0170204 
0.803784 0.0143355 0.0511328 0.110127 0.00219537 0.0028428 0.015582 
0.776136 0.0128332 0.0563026 0.138388 0.00193288 0.0023229 0.0120837 
0.792084 0.00687183 0.0988737 0.0723845 0.0018041 0.00546453 0.0225172 
0.780746 0.00687093 0.0853852 0.0931999 0.00280365 0.00466277 0.0263312 
0.769141 0.0066894 0.0932752 0.105036 0.00218586 0.00402326 0.019649 
0.820399 0.00636485 0.0832773 0.0593202 0.0022761 0.00492614 0.0234359 
0.763283 0.00664493 0.0962989 0.103949 0.00264605 0.00400996 0.0231674 
0.787 0.00688142 0.100388 0.0746115 0.00189485 0.0040398 0.0251843 
0.793787 0.00654451 0.089765 0.0854752 0.00249068 0.0034304 0.0185073 
0.753949 0.00683936 0.0881877 0.124591 0.00279382 0.00359439 0.020045 
0.794688 0.00686198 0.088425 0.0797793 0.00208774 0.00455009 0.023608 
0.744252 0.00567295 0.114593 0.103404 0.00229634 0.00329245 0.0264887 
0.707059 0.00685656 0.117271 0.129619 0.00224613 0.00560909 0.0313386 
0.72986 0.00761249 0.0945514 0.129963 0.00234394 0.00524358 0.0304253 
0.751419 0.00702735 0.0988918 0.101319 0.00201285 0.00469604 0.0346341 
0.75217 0.00741089 0.0999425 0.105253 0.00183892 0.00453337 0.0288518 
0.737269 0.00777613 0.100839 0.12333 0.00175667 0.00391474 0.0251137 
0.710702 0.00842319 0.093802 0.166843 0.00167664 0.00218169 0.0163721 
0.718989 0.00883737 0.0986394 0.149195 0.00157214 0.00333948 0.019428 
0.722178 0.00848528 0.0970542 0.148201 0.00160489 0.00237053 0.0201063 
0.760327 0.00815677 0.0784953 0.126166 0.00178704 0.00278063 0.0222879 
0.783055 0.008775 0.0742007 0.106156 0.00185125 0.00279043 0.0231718 
0.759747 0.00975483 0.0772906 0.134762 0.00148093 0.00204907 0.0149161 
0.699091 0.00904156 0.0891053 0.181173 0.00172364 0.00305493 0.0168104 
0.706967 0.00894307 0.0883835 0.170904 0.00185481 0.00350937 0.0194389 
0.691318 0.00914361 0.082151 0.194551 0.00176659 0.00389153 0.0171789 
0.776804 0.00866553 0.0730466 0.121093 0.00151664 0.00319232 0.0156815 
0.744203 0.0107009 0.0712204 0.158016 0.00147399 0.00271162 0.0116744 
0.750908 0.0102992 0.0680527 0.150415 0.00159382 0.00212903 0.0166018 
0.725392 0.0133746 0.0610581 0.179047 0.00154957 0.0032534 0.0163253 
0.727632 0.0125505 0.076127 0.159346 0.00127409 0.00352619 0.0195447 
0.835106 0.0109018 0.0592798 0.077738 0.00173706 0.00313286 0.0121045 
0.785648 0.0107627 0.0565046 0.13114 0.00248521 0.00248158 0.0109774 
0.806005 0.00947901 0.0598505 0.105931 0.00247231 0.00267476 0.0135874 
0.75653 0.0117366 0.0440219 0.170558 0.00324996 0.00254798 0.0113555 
0.837357 0.0108765 0.0506118 0.082863 0.00295316 0.0024094 0.0129293 
0.823504 0.010987 0.0526094 0.092995 0.00277723 0.00242082 0.0147066 
0.792678 0.00961119 0.0651444 0.112867 0.00204957 0.0023159 0.015334 
0.741501 0.0104393 0.0731834 0.155328 0.0018363 0.0023976 0.0153143 
0.784971 0.00958509 0.0762089 0.111135 0.00154976 0.00212246 0.0144274 
0.73304 0.0108281 0.0718164 0.162905 0.00181541 0.00270688 0.0168888 
0.795302 0.010964 0.0618516 0.11454 0.00188929 0.00240721 0.0130451 
0.794722 0.0116676 0.0563016 0.119458 0.00242182 0.00206921 0.0133594 
0.78945 0.0119223 0.0551153 0.121086 0.0026289 0.00277696 0.0170204 
0.803784 0.0143355 0.0511328 0.110127 0.00219537 0.0028428 0.015582 
0.776136 0.0128332 0.0563026 0.138388 0.00193288 0.0023229 0.0120837 
0.718914 0.00751705 0.0850477 0.163928 0.00221188 0.0026393 0.0197416 
0.785892 0.00691651 0.0879193 0.0996902 0.00163789 0.0024989 0.0154456 
0.783875 0.00622344 0.0903855 0.0968204 0.00194573 0.00309742 0.0176522 
0.743187 0.00807555 0.0841397 0.146086 0.00216995 0.00208672 0.0142553 
0.798953 0.00730023 0.0851852 0.0909853 0.00177051 0.00210491 0.0137006 
0.769396 0.00887618 0.0709675 0.130838 0.00261469 0.00211305 0.015195 
0.765769 0.0082312 0.0739008 0.132972 0.00223391 0.00265057 0.0142424 
0.725541 0.00695356 0.0821046 0.161042 0.00277886 0.00273893 0.0188406 
0.753467 0.00721929 0.0912259 0.124839 0.00182294 0.00274775 0.0186784 
0.787186 0.00764537 0.0879731 0.0965579 0.00153116 0.00228194 0.016825 
0.798365 0.00707565 0.0908229 0.0772067 0.00126215 0.00288147 0.0223864 
0.805794 0.00744291 0.0828104 0.0812229 0.00140227 0.00251353 0.018814 
0.804526 0.00625864 0.0948692 0.0627836 0.00127411 0.00334183 0.0269465 
0.783845 0.00712158 0.0896648 0.0913921 0.00142943 0.00371219 0.0228348 
0.810353 0.00803739 0.0830981 0.075568 0.00130347 0.00290928 0.0187311 
0.747437 0.00728573 0.0950681 0.122105 0.00173809 0.00303136 0.0233353 
0.747508 0.0071497 0.0909433 0.124197 0.00202157 0.00352326 0.0246577 
0.714192 0.0068955 0.0947818 0.154742 0.00222726 0.00279468 0.0243664 
0.774256 0.00787531 0.0839492 0.108092 0.00165458 0.00275464 0.0214184 
0.743987 0.00727243 0.0938379 0.128801 0.00186096 0.00358286 0.0206571 
0.775151 0.00680558 0.0887824 0.0976038 0.00172287 0.00321994 0.0267143 
0.774571 0.00704651 0.0976654 0.0875557 0.00148415 0.00411408 0.0275629 
0.80842 0.00745656 0.0885441 0.069116 0.0011166 0.00441587 0.0209304 
0.796189 0.00764756 0.0848448 0.0824718 0.00135457 0.00387021 0.0236219 
0.816124 0.00698748 0.0935755 0.0551597 0.0011078 0.00389683 0.023149 
0.788741 0.00780521 0.0868841 0.0905431 0.00127842 0.00416702 0.0205809 
0.795203 0.00715059 0.091175 0.080345 0.00132344 0.00363218 0.0211704 
0.815043 0.0072719 0.0925148 0.0592324 0.00104331 0.00376305 0.0211319 
