0.835715 0.0120481 0.0564616 0.0782291 0.00205115 0.00296453 0.01253 
0.813423 0.0108273 0.0656984 0.0936893 0.00172684 0.00266417 0.0119716 
0.827506 0.0119647 0.0586999 0.085002 0.00203334 0.00257523 0.0122188 
0.793384 0.0117852 0.059503 0.119465 0.00198293 0.00248246 0.0113973 
0.812174 0.0121396 0.0563625 0.0996616 0.00190179 0.003262 0.0144981 
0.752853 0.0116501 0.0616035 0.156357 0.00192781 0.00238099 0.0132277 
0.787803 0.0113167 0.0552679 0.128265 0.00213114 0.00251175 0.0127052 
0.791069 0.0119912 0.056085 0.123416 0.00226851 0.00241894 0.0127518 
0.814982 0.0147626 0.0471894 0.109217 0.00255122 0.00211841 0.00917985 
0.795543 0.0126806 0.0505555 0.125861 0.00241402 0.00232833 0.0106179 
0.755832 0.0134316 0.0486982 0.166695 0.0021133 0.00269767 0.0105319 
0.782357 0.0117307 0.056574 0.133437 0.00201445 0.00219389 0.0116933 
0.816495 0.0107124 0.0532863 0.104798 0.00225728 0.00192898 0.0105216 
0.802825 0.0122935 0.0495141 0.118812 0.00228414 0.00306471 0.0112072 
0.792988 0.0105364 0.0524422 0.124365 0.00275618 0.00279118 0.0141209 
0.821719 0.0116892 0.0464786 0.102416 0.00281333 0.00283603 0.0120479 
0.823389 0.0108907 0.0517633 0.0970519 0.00229854 0.00245433 0.0121521 
0.792766 0.0134446 0.0512429 0.126588 0.00206177 0.0020585 0.0118376 
0.806098 0.0132157 0.0456323 0.121888 0.00309264 0.00161184 0.00846141 
0.771386 0.0133489 0.040119 0.160165 0.00412658 0.0020617 0.00879277 
0.818386 0.0144806 0.0423076 0.10777 0.00332406 0.00311884 0.0106124 
0.808277 0.01125 0.0537631 0.110931 0.00233402 0.00242034 0.0110243 
0.799653 0.0122615 0.0563352 0.111426 0.00205407 0.00381641 0.0144538 
0.854802 0.0116659 0.0502529 0.0664632 0.00253163 0.00252348 0.0117606 
0.847865 0.00898123 0.0646089 0.0609633 0.00185022 0.00212769 0.0136033 
0.844642 0.0105105 0.0565815 0.0675002 0.00209443 0.00287789 0.0157932 
0.78466 0.00958439 0.0682041 0.112229 0.00185301 0.00439519 0.0190747 
0.782192 0.0103111 0.0616501 0.122989 0.00226694 0.00363763 0.0169535 
0.79417 0.0109354 0.0587311 0.116597 0.00206507 0.00354319 0.0139588 
0.516739 0.381443 0.00891122 0.0648567 0.00513772 0.00963207 0.0132801 
0.673445 0.226617 0.0130765 0.0598112 0.00405276 0.00935184 0.0136455 
0.723423 0.157351 0.0139869 0.0835551 0.00384442 0.00790178 0.00993817 
0.70573 0.15274 0.0131075 0.106669 0.0045766 0.00701889 0.0101583 
0.750566 0.107823 0.0200442 0.101802 0.00212232 0.00630228 0.0113403 
0.771925 0.101091 0.0204169 0.0866112 0.00234814 0.00506845 0.012539 
0.772512 0.122962 0.0214458 0.0607357 0.00213559 0.00812641 0.0120826 
0.752675 0.109005 0.0255746 0.0934022 0.00186171 0.00629113 0.0111898 
0.749701 0.109235 0.0197317 0.0971318 0.00234589 0.0087421 0.0131128 
0.808397 0.0436917 0.0307476 0.101546 0.00193082 0.00382388 0.00986258 
0.844924 0.0147656 0.0497633 0.0609327 0.00162134 0.00386239 0.024131 
0.822658 0.0147719 0.0475999 0.0856831 0.00160189 0.0058198 0.0218653 
0.818131 0.0141551 0.050892 0.0904821 0.00156521 0.00772315 0.0170519 
0.807951 0.0154535 0.0495296 0.101742 0.00151641 0.00951868 0.0142894 
0.8307 0.0117614 0.0539004 0.0706985 0.00139159 0.00901888 0.0225295 
0.818332 0.0122182 0.0562642 0.075319 0.00139219 0.0103437 0.0261312 
0.830059 0.0123225 0.0504649 0.0818589 0.00170975 0.00662271 0.0169621 
0.791519 0.0146164 0.052835 0.118108 0.00175327 0.00740943 0.0137587 
0.763365 0.0128086 0.0562348 0.143692 0.00203135 0.00930483 0.0125633 
0.840175 0.011635 0.0457267 0.0659512 0.0024397 0.0130992 0.020973 
0.843638 0.0122771 0.0472152 0.0551672 0.00209052 0.0170491 0.0225624 
0.835506 0.0115648 0.0497743 0.0715216 0.00231735 0.0142157 0.0151 
0.840721 0.00990635 0.0594221 0.0582989 0.00192087 0.0120364 0.0176939 
0.883437 0.0112544 0.0557391 0.0288105 0.00193315 0.00725438 0.0115719 
0.890178 0.00990871 0.0486217 0.031328 0.00259651 0.00658223 0.010785 
0.862609 0.0106806 0.053723 0.0565898 0.00196917 0.00552217 0.00890649 
0.842138 0.00894123 0.0679415 0.0598466 0.00150604 0.00672324 0.0129034 
0.868103 0.00888383 0.0616103 0.0377745 0.00194614 0.00584378 0.0158381 
0.849131 0.00891558 0.0630174 0.0483606 0.00211716 0.00829556 0.0201622 
0.825141 0.00731698 0.0809644 0.0488234 0.00175716 0.00803134 0.0279657 
0.800705 0.00832294 0.0785688 0.0824967 0.00184177 0.00689009 0.0211742 
0.825022 0.00731705 0.081748 0.0620258 0.00194049 0.00324098 0.0187057 
0.812004 0.00756929 0.0800386 0.080258 0.00178005 0.00453776 0.0138126 
0.819065 0.00679141 0.0954648 0.0591448 0.00141778 0.00475795 0.0133586 
0.826103 0.00730779 0.0740276 0.0701415 0.00225545 0.0053234 0.0148415 
0.838857 0.00730436 0.0781154 0.0523139 0.00163043 0.0053114 0.0164678 
0.787962 0.00700872 0.0908019 0.0876804 0.00216193 0.00468268 0.0197027 
0.773364 0.00746239 0.096293 0.0931695 0.00200268 0.00670861 0.0209998 
0.790609 0.00669496 0.0917434 0.0807975 0.00195343 0.00631184 0.0218897 
0.807848 0.00663347 0.0920135 0.0599243 0.00170911 0.00569543 0.0261764 
0.811948 0.00705888 0.0841857 0.0664606 0.00215954 0.0063092 0.021878 
0.771659 0.00640894 0.100629 0.089225 0.00196826 0.00675842 0.023351 
0.750189 0.0112989 0.0689452 0.144925 0.00147871 0.00350967 0.0196534 
0.798634 0.00848753 0.079276 0.0902255 0.00127483 0.00259936 0.0195032 
0.822802 0.0102058 0.0606393 0.0853114 0.00152093 0.00347616 0.0160448 
0.781376 0.00857142 0.0685751 0.117483 0.00198196 0.00317825 0.0188337 
0.845884 0.00847246 0.0673096 0.0517566 0.00205057 0.00471102 0.0198153 
0.865297 0.00795837 0.0661866 0.039511 0.00203786 0.00467144 0.0143381 
0.847087 0.0086234 0.06963 0.0535138 0.00263307 0.00515337 0.0133593 
0.81254 0.00934418 0.0701101 0.0828852 0.00284635 0.00608174 0.0161922 
0.836023 0.00819833 0.0749053 0.0577574 0.0021036 0.00549304 0.0155198 
0.806665 0.00994811 0.0683913 0.0889798 0.00320238 0.00690528 0.0159079 
0.837917 0.0323593 0.0562487 0.0036412 0.0116133 0.0352832 0.0229374 
0.881014 0.0198617 0.0537152 0.0049639 0.00450636 0.0195593 0.0163799 
0.856901 0.00773503 0.0831336 0.0300542 0.00170846 0.00485212 0.0156159 
0.82089 0.00906419 0.0781525 0.0676623 0.00264687 0.00537342 0.0162104 
0.824291 0.008165 0.0798341 0.0646288 0.00184898 0.00571078 0.0155208 
0.838838 0.00885573 0.0782078 0.0530279 0.00151813 0.00581307 0.0137394 
0.854283 0.00765069 0.070044 0.0460013 0.00206574 0.00572702 0.0142282 
0.821538 0.00936036 0.0702474 0.0755785 0.00251669 0.00489658 0.0158629 
0.855712 0.00841579 0.0712159 0.0360886 0.00153739 0.00654287 0.020487 
0.824388 0.00797722 0.0817856 0.0455784 0.00152315 0.00917106 0.029577 
0.825555 0.00958629 0.0696242 0.0646666 0.00189215 0.00748267 0.0211931 
0.842084 0.00697603 0.0846275 0.0399206 0.0013282 0.0054164 0.0196469 
0.816558 0.00868856 0.0762161 0.0706762 0.0019285 0.00546279 0.0204694 
0.835641 0.00681033 0.0863423 0.0457702 0.00130407 0.00518813 0.0189441 
0.803421 0.00914134 0.0799355 0.0784691 0.00158556 0.00695356 0.0204942 
0.80829 0.00674681 0.0975733 0.0599517 0.0013053 0.00578535 0.020348 
0.823849 0.00709113 0.0859321 0.0544238 0.00178122 0.00540784 0.0215151 
0.822961 0.00673082 0.0877817 0.0543106 0.00162469 0.00507566 0.0215159 
0.841455 0.00623534 0.0854069 0.0304322 0.00133747 0.00647915 0.0286535 
0.809669 0.00705951 0.0890324 0.0509522 0.00165775 0.00680968 0.034819 
0.82786 0.00595997 0.0894496 0.0417535 0.00152877 0.00583209 0.0276162 
0.822792 0.00713198 0.085295 0.0525222 0.00162918 0.0065376 0.0240919 
0.799351 0.00632453 0.0937152 0.0697791 0.00175881 0.00504693 0.0240244 
0.819451 0.00712814 0.0843535 0.0643765 0.00169461 0.0060426 0.0169537 
0.826822 0.00742858 0.0756407 0.0669512 0.00157448 0.00412333 0.0174592 
0.802665 0.00803793 0.0755372 0.0895807 0.0021952 0.00404295 0.0179415 
0.810678 0.00667063 0.0856843 0.0754353 0.00182017 0.00412228 0.015589 
0.748374 0.00869819 0.0773401 0.142772 0.00202845 0.00378638 0.0170012 
0.807655 0.00777913 0.079523 0.0857012 0.00169784 0.00378675 0.0138574 
0.732015 0.00760646 0.0976348 0.138458 0.00195303 0.00489078 0.0174415 
0.736809 0.00728257 0.113637 0.115197 0.00164507 0.00458045 0.020849 
0.719341 0.00824584 0.0990273 0.156185 0.00157136 0.00259609 0.0130341 
0.706521 0.00773594 0.099696 0.16293 0.00177223 0.00300014 0.018345 
0.677422 0.00773283 0.0986668 0.191112 0.00201747 0.00270326 0.0203454 
0.674515 0.00876472 0.107102 0.181986 0.00222194 0.00311812 0.0222922 
0.656457 0.00862535 0.107633 0.196914 0.00230656 0.00305954 0.0250041 
0.71084 0.00818827 0.0911647 0.162991 0.00207062 0.00274258 0.0220026 
0.619718 0.00937489 0.0970654 0.235386 0.00231454 0.00429576 0.0318457 
0.630246 0.0091894 0.105573 0.21778 0.0025248 0.00400077 0.0306862 
0.602679 0.00983271 0.105375 0.249536 0.0026535 0.00383329 0.0260905 
0.622639 0.00944565 0.0992519 0.230786 0.00232141 0.00399343 0.0315619 
0.579954 0.00891886 0.0896902 0.294928 0.00206376 0.00249813 0.0219467 
0.690343 0.00833781 0.103835 0.167115 0.00194518 0.00322536 0.0251989 
0.672273 0.00897769 0.11084 0.172948 0.00209756 0.00302628 0.0298377 
0.73505 0.00792739 0.0877102 0.140784 0.001845 0.00238807 0.0242961 
0.85936 0.0100231 0.0552409 0.0427311 0.0027352 0.00299018 0.0269198 
0.831289 0.00802323 0.0638757 0.0720624 0.00187344 0.00291397 0.0199621 
0.817478 0.00646406 0.0858838 0.0630593 0.00134971 0.00238055 0.0233845 
0.80298 0.00771951 0.0792834 0.090096 0.00155324 0.00149727 0.0168706 
0.767965 0.0080039 0.0772652 0.117617 0.00170576 0.00196336 0.0254798 
0.769043 0.00794761 0.085913 0.105415 0.00144647 0.00218819 0.0280475 
0.773789 0.00766251 0.0715061 0.121513 0.00167849 0.0027212 0.0211292 
0.799248 0.00762606 0.0854886 0.0735561 0.00126746 0.00277322 0.0300408 
0.762023 0.00740109 0.0838967 0.107417 0.00182109 0.00241774 0.0350231 
0.782419 0.00810765 0.078349 0.0969666 0.00163985 0.00245564 0.0300624 
0.744665 0.00893096 0.0695771 0.143747 0.0018641 0.00308348 0.0281324 
0.720517 0.0085062 0.0733144 0.169883 0.00237739 0.00241775 0.0229837 
0.762243 0.00816296 0.0738595 0.129897 0.00200401 0.00246711 0.0213662 
0.767274 0.00875785 0.0655891 0.13128 0.00245004 0.0024257 0.0222227 
0.732851 0.00765596 0.0817576 0.156818 0.001813 0.00196937 0.0171354 
0.738429 0.00926107 0.0800332 0.151829 0.0015987 0.00203799 0.0168116 
0.778495 0.00745781 0.0955831 0.0978409 0.00130845 0.0023097 0.0170051 
