0.85385 0.0136942 0.0748841 0.0365196 0.00419866 0.00255101 0.014302 
0.854143 0.0122165 0.088216 0.0217896 0.00399599 0.00203749 0.0176017 
0.844761 0.0119508 0.0953187 0.0222865 0.00395456 0.00287108 0.018857 
0.841185 0.0137299 0.080221 0.0430951 0.00487309 0.00249261 0.0144032 
0.855759 0.0138778 0.0851049 0.0269487 0.00405681 0.00185249 0.0124005 
0.857512 0.0113642 0.0867116 0.0204835 0.00375046 0.00313632 0.0170421 
0.828492 0.0119285 0.0899925 0.0469696 0.00402948 0.00226945 0.0163186 
0.832703 0.0114642 0.0863727 0.0508813 0.00630419 0.00143801 0.0108362 
0.81049 0.00977385 0.0685677 0.0907854 0.00850432 0.001675 0.010204 
0.79616 0.0113516 0.0648333 0.107346 0.00807338 0.00238826 0.00984774 
0.847862 0.0124054 0.0716054 0.0509327 0.00451925 0.00196885 0.010706 
0.849137 0.0114662 0.0825492 0.0351478 0.00574145 0.00178246 0.0141757 
0.838868 0.0082855 0.102174 0.0284325 0.00265517 0.00171806 0.0178665 
0.834742 0.0124467 0.0966882 0.0319178 0.00586042 0.00223726 0.0161076 
0.838178 0.012465 0.0779512 0.0514294 0.00600048 0.00230423 0.011672 
0.84889 0.0146043 0.0670564 0.0467066 0.00992542 0.00230748 0.0105102 
0.823392 0.0156139 0.0587571 0.079173 0.0113196 0.00238206 0.00936239 
0.830535 0.00838131 0.0657309 0.0730166 0.00233361 0.00227035 0.0177318 
0.783669 0.00772564 0.0687183 0.116977 0.00385666 0.00191476 0.0171396 
0.759079 0.00849647 0.0580451 0.149648 0.0037339 0.00214297 0.0188549 
0.830911 0.00733248 0.0774738 0.0573651 0.00183874 0.00247766 0.0226009 
0.839181 0.00878813 0.0644283 0.0636052 0.00232773 0.00263375 0.0190355 
0.826342 0.00731909 0.0784575 0.0580877 0.00186997 0.00188626 0.0260379 
0.852893 0.00663469 0.0782287 0.0388211 0.00135802 0.00268696 0.0193779 
0.787157 0.0067014 0.0815318 0.101058 0.00263593 0.00231648 0.0186001 
0.819595 0.00635154 0.0924169 0.0559356 0.00191748 0.00175724 0.0220265 
0.81206 0.00729012 0.0846031 0.0667479 0.00181864 0.00234807 0.0251325 
0.813207 0.00873312 0.0740718 0.0811649 0.00244125 0.00168023 0.0187012 
0.788183 0.00709677 0.0820236 0.0965383 0.00185823 0.0026324 0.0216675 
0.752918 0.00634799 0.121219 0.0917687 0.00190339 0.00223475 0.0236079 
0.835512 0.0054362 0.0866118 0.0415672 0.00192754 0.00254746 0.0263978 
0.811301 0.00746212 0.0866811 0.047525 0.00198974 0.00275888 0.042282 
0.803295 0.00665232 0.0906433 0.0662251 0.00170767 0.00239378 0.0290825 
0.828212 0.00701225 0.080159 0.0445437 0.00243927 0.00227345 0.0353602 
0.824164 0.00822063 0.0706606 0.0575391 0.00304104 0.00266126 0.0337136 
0.828332 0.00681084 0.0699197 0.0571647 0.00293391 0.00337839 0.0314601 
0.83553 0.00618212 0.0921161 0.0204502 0.00183778 0.00218072 0.0417034 
0.822231 0.00700489 0.0884183 0.0398096 0.00159557 0.00298212 0.0379586 
0.823642 0.00619723 0.080314 0.0637656 0.00208292 0.0021658 0.0218328 
0.807727 0.00673989 0.0921717 0.0564649 0.00173738 0.00285938 0.0323002 
0.819284 0.00589614 0.0869821 0.0566117 0.00165759 0.00257288 0.0269957 
0.83216 0.00610291 0.0782096 0.0501298 0.00277458 0.00218024 0.0284431 
0.774554 0.00607923 0.0925571 0.0933316 0.00263796 0.0018883 0.028952 
0.781386 0.0066663 0.0807347 0.0864769 0.00325465 0.00306845 0.0384133 
0.754963 0.00736186 0.0869086 0.116091 0.0027068 0.00295063 0.0290174 
0.798005 0.00600993 0.0996905 0.0651178 0.00165346 0.00252628 0.0269969 
0.824611 0.00805718 0.0699768 0.0749208 0.00344343 0.00178692 0.0172043 
0.821193 0.00757958 0.0913038 0.0494368 0.0016344 0.00164502 0.0272077 
0.848381 0.00728657 0.0713556 0.0425896 0.00247812 0.00220744 0.0257019 
0.855313 0.00728559 0.0765147 0.0280905 0.00244966 0.00266801 0.0276784 
0.844402 0.00720298 0.0794427 0.0352708 0.00229904 0.00263077 0.0287514 
0.830219 0.00752828 0.0704928 0.0702434 0.00262161 0.00164046 0.0172548 
0.849987 0.00672326 0.0854797 0.02302 0.00214306 0.0020726 0.0305744 
0.847502 0.00669489 0.082355 0.0330919 0.00172501 0.0021526 0.0264782 
0.850155 0.00654244 0.0827741 0.0229918 0.00170542 0.00224402 0.0335874 
0.853774 0.00771073 0.0809442 0.0232095 0.00229217 0.00204787 0.0300213 
0.864126 0.00662324 0.0809689 0.0221033 0.00143268 0.00199529 0.0227508 
0.844047 0.00676113 0.0913197 0.0301674 0.00160095 0.00206034 0.0240439 
0.856812 0.00738566 0.0766748 0.0272528 0.00159868 0.00295136 0.0273245 
0.82636 0.00837431 0.0803241 0.0491076 0.00232188 0.00298789 0.0305246 
0.829076 0.00772486 0.0899224 0.0314159 0.00148836 0.00342547 0.036947 
0.823575 0.00681749 0.0969197 0.0278812 0.00127136 0.00361063 0.039925 
0.826266 0.00755028 0.0846224 0.0384081 0.00184714 0.00342811 0.0378776 
0.781217 0.00568438 0.110134 0.0392546 0.00172368 0.00357992 0.0584061 
0.818193 0.00683096 0.0913972 0.0296965 0.00166714 0.00482788 0.0473874 
0.841245 0.00738295 0.0813823 0.0249133 0.00160966 0.00372337 0.039743 
0.811252 0.00777951 0.0769832 0.0448089 0.00294166 0.00435301 0.0518821 
0.829726 0.00595111 0.093642 0.0216975 0.0017426 0.00315959 0.0440813 
0.858262 0.00839895 0.0657468 0.0459777 0.0026787 0.00324087 0.0156945 
0.848959 0.0079554 0.075754 0.0432692 0.00178038 0.00257659 0.0197058 
0.826775 0.0127593 0.0425294 0.100373 0.00483089 0.00211759 0.010615 
0.855245 0.00756511 0.0663532 0.0471792 0.00232628 0.00337656 0.0179544 
0.851418 0.00617496 0.0921445 0.00939017 0.00117 0.00208825 0.0376138 
0.816896 0.00732976 0.0733545 0.0692706 0.00347751 0.00267497 0.0269962 
0.803438 0.00474688 0.125922 0.0328039 0.00105719 0.0032596 0.0287716 
0.779722 0.00722702 0.10675 0.0129143 0.00120419 0.0062628 0.08592 
0.801531 0.00524631 0.120893 0.00890525 0.00112546 0.00357993 0.0587193 
0.810159 0.00497634 0.10607 0.0189115 0.00177511 0.00240328 0.0557049 
0.837124 0.0082304 0.0823369 0.0242276 0.00314628 0.00356821 0.0413663 
0.857827 0.00648001 0.0808681 0.0226941 0.00226644 0.00279067 0.0270737 
0.857933 0.00745743 0.0787515 0.0307557 0.00229201 0.00310867 0.0197018 
0.816753 0.0108797 0.0622272 0.0905013 0.00255718 0.00218342 0.0148977 
0.863187 0.0105726 0.0609996 0.0359548 0.00426043 0.00328179 0.0217439 
0.844625 0.00934775 0.0661069 0.0425986 0.00246967 0.00299049 0.0318612 
0.824926 0.0106242 0.065902 0.0572007 0.00653409 0.00472409 0.0300884 
0.836004 0.0070212 0.0846616 0.0280522 0.00231426 0.00285593 0.0390908 
0.840601 0.0073094 0.0764032 0.0367537 0.00292405 0.00256314 0.0334457 
0.831503 0.00648275 0.0899639 0.0333331 0.0021221 0.0030162 0.0335785 
0.859082 0.00624811 0.0867811 0.0189657 0.0012321 0.00269361 0.0249979 
0.846347 0.00600188 0.0870502 0.0215056 0.00182623 0.00411819 0.0331511 
0.843409 0.0063618 0.0879525 0.0271602 0.002189 0.0031704 0.0297574 
0.853214 0.00713591 0.0747267 0.03507 0.00359151 0.00228154 0.0239805 
0.859983 0.00990187 0.0579167 0.0448436 0.0052819 0.00313378 0.0189393 
0.862962 0.0124272 0.0623768 0.0365943 0.00296724 0.00341397 0.0192584 
0.872043 0.0100809 0.0689177 0.0190058 0.00260075 0.00289653 0.0244549 
0.865725 0.00915114 0.0602993 0.036568 0.00539994 0.00353554 0.0193214 
0.879087 0.0113272 0.0535202 0.0351412 0.00331981 0.00247573 0.0151288 
0.856219 0.0102379 0.0671419 0.039708 0.00341547 0.00382851 0.0194492 
0.840858 0.00866334 0.077391 0.0370669 0.00248221 0.00596132 0.027577 
0.842243 0.0102274 0.0810475 0.0223288 0.00383526 0.00707476 0.0332434 
0.861506 0.0063861 0.0890342 0.0098107 0.00229069 0.0057326 0.0252401 
0.874685 0.029509 0.0514255 0.00539681 0.00419955 0.011459 0.0233255 
0.859324 0.0201713 0.0695037 0.00492147 0.00313833 0.0151477 0.0277938 
0.688491 0.0141826 0.155167 0.00212252 0.00207185 0.113562 0.0244031 
0.759151 0.0136736 0.141352 0.00334424 0.00262066 0.0471564 0.0327018 
0.822147 0.0160249 0.0920311 0.00370624 0.00262033 0.0334965 0.0299744 
0.799441 0.0192969 0.122324 0.00336055 0.00333923 0.0237744 0.0284638 
0.593927 0.00712472 0.210024 0.0817255 0.00290843 0.0322776 0.0720121 
0.381815 0.0102915 0.291693 0.092134 0.00493772 0.097078 0.122051 
0.625718 0.00539772 0.227325 0.0307345 0.00144139 0.0481813 0.0612018 
0.580137 0.00966426 0.260989 0.00495518 0.00258613 0.105295 0.0363743 
0.613801 0.00759341 0.247022 0.00408464 0.00170889 0.0861258 0.0396651 
0.698319 0.00768648 0.193601 0.00572867 0.00149608 0.0544235 0.038745 
0.639864 0.00870753 0.219534 0.00457146 0.00181288 0.0807674 0.0447435 
0.680871 0.0103269 0.204742 0.00435794 0.00237592 0.0661271 0.0311988 
0.727346 0.00909366 0.187803 0.00948695 0.00129212 0.031513 0.033466 
0.879172 0.0109746 0.0611319 0.0143961 0.00118192 0.0049758 0.0281674 
0.867061 0.00710641 0.0840714 0.00781687 0.00117363 0.00445212 0.0283189 
0.836969 0.00916721 0.106261 0.00820908 0.00116334 0.0142611 0.0239694 
0.840795 0.00905335 0.104184 0.0118867 0.00142551 0.00947971 0.0231757 
0.756137 0.0134546 0.142029 0.0052423 0.00121704 0.0593859 0.0225336 
0.536106 0.0145743 0.267889 0.00313613 0.00232158 0.164162 0.0118108 
0.596636 0.00728654 0.252062 0.0113607 0.00125003 0.107491 0.0239135 
0.621786 0.00977004 0.147824 0.126477 0.00269924 0.00636335 0.0850805 
0.807149 0.00711737 0.148652 0.00156837 5.49557E-4 0.00880725 0.0261565 
0.831867 0.0173719 0.0843658 0.00334105 0.00179728 0.040234 0.0210226 
0.404237 0.0191978 0.177451 0.242944 0.00580823 0.0569237 0.0934385 
0.174963 0.0166111 0.221247 0.506519 0.00862118 0.0367127 0.035326 
0.71651 0.0144969 0.144929 0.0748107 0.00361473 0.0294984 0.01614 
0.0326942 0.535361 0.0303069 6.54837E-4 0.0203546 0.378088 0.00254039 
0.0242841 0.479216 0.0798004 0.00846612 0.0200205 0.380126 0.00808637 
0.0460887 0.256143 0.127853 0.086908 0.367693 0.0730326 0.0422814 
0.140439 0.126985 0.0387989 0.665571 0.0065497 0.00608963 0.0155665 
0.12368 0.00830672 0.0663601 0.788685 0.00104159 0.00131443 0.0106115 
0.254414 0.0191726 0.283888 0.209692 0.00809494 0.0252503 0.199488 
0.610699 0.0245441 0.135887 0.103852 0.00471333 0.0327474 0.0875571 
0.444351 0.0483785 0.0562212 0.00481158 0.00531564 0.342998 0.0979235 
0.411394 0.0643251 0.114706 0.00165381 0.00261385 0.345825 0.0594825 
0.741373 0.103602 0.0640877 0.0189194 0.0035649 0.0462118 0.0222418 
0.648294 0.0183963 0.101244 0.00594016 6.66514E-4 0.196326 0.0291328 
0.770562 0.01558 0.106936 0.00829289 9.27727E-4 0.0756553 0.0220456 
0.429533 0.0260912 0.110162 0.00107475 7.5648E-4 0.399834 0.0325488 
0.677262 0.0221965 0.108624 0.00406468 0.00184098 0.161349 0.0246623 
0.668733 0.0166707 0.13274 0.00230892 0.0010141 0.146971 0.0315625 
0.654173 0.0156864 0.159687 0.00216647 0.00217803 0.13249 0.0336194 
0.751608 0.0348461 0.103748 0.0135367 0.0016654 0.0729553 0.0216404 
0.677209 0.0304825 0.112449 0.0629821 0.00172879 0.0821761 0.0329728 
0.814395 0.0318037 0.0815039 0.0119244 9.78424E-4 0.037357 0.0220377 
0.574139 0.0749537 0.0413729 0.283001 0.00224003 0.0119774 0.012316 
0.802289 0.0347448 0.0670798 0.0583762 0.00162625 0.0108708 0.0250131 
0.58398 0.067858 0.0454607 0.274601 0.00225824 0.0129331 0.012909 
0.679999 0.0823291 0.0422016 0.163358 0.00357301 0.0153207 0.0132189 
0.730002 0.0694013 0.054122 0.115875 0.00222369 0.0136338 0.0147421 
0.6163 0.112736 0.0374004 0.194555 0.00500731 0.0180717 0.015929 
0.757585 0.106081 0.0422181 0.054524 0.00286923 0.0153428 0.0213801 
0.708564 0.0844026 0.034608 0.143698 0.00290694 0.0102881 0.0155322 
0.763506 0.067657 0.0416355 0.0971858 0.00273992 0.00841288 0.018863 
0.812545 0.0657824 0.0387152 0.0474645 0.00269922 0.0127344 0.020059 
0.78712 0.0794129 0.0409123 0.0581139 0.00247871 0.0114676 0.0204944 
0.819877 0.0454186 0.0473822 0.068651 0.00234021 0.00466876 0.0116624 
0.826369 0.0262807 0.0521567 0.069717 0.00183387 0.00653963 0.0171033 
0.820833 0.0400835 0.0470512 0.0663128 0.00211947 0.00596746 0.0176328 
0.84043 0.046994 0.040059 0.0509548 0.00233077 0.00601124 0.0132204 
0.835199 0.0390966 0.0538713 0.0443938 0.00180383 0.00512046 0.0205152 
0.817637 0.0355165 0.0500925 0.065467 0.00163207 0.00700696 0.0226475 
0.81026 0.0354113 0.0675989 0.0580348 0.00110108 0.0053332 0.0222608 
0.844052 0.0300543 0.0537694 0.0345531 0.00127929 0.00484915 0.0314426 
0.798597 0.0262422 0.0625435 0.0820685 0.0012157 0.0031011 0.0262326 
0.823897 0.0272136 0.0548736 0.0618767 0.00163153 0.00326156 0.0272465 
0.847762 0.0221935 0.0551653 0.0396396 0.00132976 0.00434826 0.0295611 
0.845195 0.0295264 0.0359075 0.0643025 0.00288581 0.00428502 0.0178982 
0.86942 0.0276248 0.0396065 0.0376275 0.00194214 0.00504039 0.0187389 
0.868745 0.0277418 0.0360381 0.0395641 0.00341206 0.00353399 0.0209647 
0.865667 0.033801 0.0387331 0.0390187 0.00232827 0.0034622 0.0169899 
0.842931 0.0301495 0.0374608 0.0696404 0.0032999 0.00240079 0.0141177 
0.808804 0.024472 0.0412913 0.10474 0.00240829 0.0030168 0.0152683 
0.714153 0.051885 0.0305328 0.185186 0.00390478 0.0023713 0.0119676 
0.736471 0.0343722 0.0521688 0.147078 0.00197566 0.00451665 0.0234178 
0.798484 0.0335638 0.0426647 0.0954992 0.00230405 0.00423719 0.0232467 
0.833577 0.0357575 0.0484637 0.0477853 0.00203669 0.00784174 0.0245379 
0.817421 0.0362819 0.0749848 0.0316984 0.00192888 0.0157242 0.0219608 
0.595961 0.0425674 0.178797 0.00586542 0.0023726 0.159181 0.015257 
0.596541 0.0807123 0.156931 0.0100456 0.00916284 0.134036 0.0125718 
0.622351 0.0913811 0.127044 0.013585 0.0133385 0.119308 0.0129926 
0.653706 0.0718807 0.124425 0.00949692 0.0069097 0.12115 0.0124318 
0.624936 0.0726537 0.133083 0.00783658 0.00710053 0.138723 0.0156675 
0.646875 0.0702517 0.139896 0.00713809 0.00904332 0.114207 0.0125889 
0.605426 0.071282 0.130867 0.00751767 0.00816377 0.16346 0.0132836 
0.463032 0.123751 0.123857 0.00743771 0.00947238 0.265344 0.00710553 
0.436757 0.131298 0.127969 0.00516723 0.00493227 0.285974 0.00790234 
0.310461 0.068296 0.0902706 0.00336898 0.00297669 0.518688 0.00593867 
0.246163 0.108214 0.0803036 0.00244948 0.00253054 0.55516 0.00517918 
0.104768 0.055873 0.0483735 7.08857E-4 0.00106091 0.786728 0.00248694 
0.0471734 0.0408393 0.0299886 3.2378E-4 6.34865E-4 0.879145 0.00189545 
0.011396 0.0133394 0.0127626 5.79378E-5 8.67377E-5 0.961715 6.42573E-4 
0.00436348 0.0110235 0.00407071 2.45815E-5 5.08681E-5 0.980176 2.91117E-4 
0.00394916 0.00923392 0.00465516 2.62442E-5 5.24574E-5 0.981798 2.84931E-4 
0.0036675 0.00511276 0.0102217 1.85192E-5 5.22776E-5 0.980567 3.60083E-4 
0.00406058 0.00323462 0.0154994 2.20893E-5 4.65364E-5 0.976502 6.34785E-4 
0.00245092 0.00196682 0.0332216 2.43821E-5 4.29828E-5 0.960439 0.00185446 
0.00273198 0.00202832 0.0567429 5.42374E-5 1.02874E-4 0.935965 0.00237473 
0.0018066 0.00229803 0.122251 9.78037E-5 1.31415E-4 0.871055 0.00236016 
0.00185375 0.00264279 0.155284 1.13587E-4 1.54912E-4 0.83707 0.00288115 
0.00196958 0.00288783 0.20181 1.3736E-4 2.12511E-4 0.788964 0.00401954 
0.00279214 0.00328618 0.401509 1.90073E-4 1.83104E-4 0.585916 0.00612266 
0.00247604 0.00528752 0.499487 1.95774E-4 2.27377E-4 0.488539 0.00378748 
0.00226757 0.0046109 0.426778 2.20432E-4 2.14564E-4 0.562093 0.00381617 
0.00246695 0.00414448 0.591574 3.13613E-4 2.80533E-4 0.396101 0.00511928 
0.00180061 0.0061339 0.872523 4.07621E-4 5.04607E-4 0.115318 0.00331238 
0.00168309 0.00411945 0.842444 2.46121E-4 2.27777E-4 0.147325 0.00395434 
0.00171903 0.0068313 0.954737 3.21748E-4 4.53527E-4 0.0339652 0.00197218 
0.00101733 0.00417296 0.974983 2.98626E-4 4.04759E-4 0.0173096 0.0018136 
0.00107796 0.00471258 0.976083 3.57156E-4 5.11949E-4 0.0154191 0.00183811 
0.0013809 0.00861139 0.976391 8.65509E-4 0.00116858 0.0100204 0.00156247 
0.00140509 0.00903785 0.970708 8.34797E-4 0.00106041 0.0151416 0.00181179 
0.0015068 0.00947678 0.968997 7.83666E-4 9.65712E-4 0.0163964 0.00187378 
0.00162541 0.0107425 0.965464 9.88042E-4 0.00134624 0.0180046 0.0018295 
0.00132297 0.00708197 0.962499 6.10402E-4 8.02287E-4 0.0253918 0.00229158 
0.00131166 0.00643882 0.964549 5.45761E-4 7.41922E-4 0.0241163 0.00229646 
0.00137679 0.00842239 0.974192 8.18805E-4 0.00113928 0.0123608 0.00168985 
0.00124495 0.00777876 0.974196 7.43258E-4 0.00101814 0.0132779 0.00174122 
0.00166186 0.011756 0.970058 0.00124633 0.00167896 0.0118505 0.00174822 
0.00130333 0.0088164 0.970855 8.58728E-4 0.0010118 0.0152641 0.00189025 
0.0011495 0.00778063 0.978357 6.73372E-4 9.90523E-4 0.00949037 0.00155818 
8.54424E-4 0.00441764 0.980377 3.54061E-4 5.43604E-4 0.0116238 0.00182993 
0.00107971 0.00680259 0.98132 6.40307E-4 0.00101936 0.00775747 0.00138028 
8.61402E-4 0.00409938 0.982622 3.21439E-4 5.44853E-4 0.00987889 0.00167195 
9.06219E-4 0.00527198 0.979828 4.94325E-4 7.19754E-4 0.0110765 0.00170288 
8.25111E-4 0.0043783 0.979145 3.74205E-4 5.57347E-4 0.012864 0.00185552 
0.00102224 0.00247432 0.917541 2.32168E-4 3.40896E-4 0.0723931 0.00599635 
0.00118599 0.00184817 0.913356 2.03935E-4 3.19275E-4 0.0746175 0.008469 
0.00167342 0.00186404 0.871905 3.1498E-4 3.82306E-4 0.112495 0.011366 
0.00141425 0.00213241 0.929917 1.94096E-4 3.75132E-4 0.0600452 0.00592237 
0.00133809 0.00175582 0.929615 1.667E-4 3.59292E-4 0.0593895 0.00737541 
0.00146544 0.00153667 0.888361 2.34341E-4 3.12484E-4 0.0965473 0.011543 
0.00239758 0.00141806 0.844222 4.10811E-4 3.66638E-4 0.132445 0.0187407 
0.00265502 0.0017939 0.888142 2.95457E-4 5.29466E-4 0.0922519 0.0143325 
0.00199795 0.00204262 0.863111 3.42066E-4 4.47388E-4 0.117629 0.0144291 
0.00429553 0.00168552 0.68739 0.00127816 9.81602E-4 0.256292 0.0480777 
0.00222552 0.00132859 0.874966 3.54262E-4 4.24706E-4 0.100196 0.0205051 
0.00176897 0.00146284 0.865874 3.34481E-4 3.85757E-4 0.113511 0.0166633 
0.00161285 0.00134623 0.841031 4.2008E-4 3.66551E-4 0.135812 0.0194113 
0.00129431 0.00162224 0.904938 2.23743E-4 3.16943E-4 0.0809469 0.0106582 
0.00119532 0.00147398 0.903616 2.17869E-4 2.81386E-4 0.0815984 0.0116168 
0.00119126 0.00203854 0.905077 2.44035E-4 3.75909E-4 0.0818887 0.00918463 
0.00120562 0.00195571 0.917506 2.13279E-4 3.25337E-4 0.070358 0.0084365 
0.00125221 0.0023754 0.94492 1.99248E-4 4.44078E-4 0.0444331 0.00637554 
0.00114089 0.00177734 0.917745 1.95755E-4 3.27744E-4 0.0690454 0.00976806 
0.00161786 0.00153206 0.830637 4.44741E-4 4.37153E-4 0.146068 0.0192633 
0.00183841 0.00140384 0.736898 4.44272E-4 5.02854E-4 0.232554 0.0263588 
0.00220479 0.00138716 0.651829 6.86525E-4 6.4303E-4 0.309178 0.034071 
0.00334499 0.00183055 0.624718 0.00149639 0.00130089 0.315792 0.051518 
0.00391252 0.00207244 0.534083 0.00181885 0.00141387 0.400908 0.0557917 
0.00364359 0.00190283 0.591868 0.00139428 0.00119199 0.350803 0.049196 
0.0029645 0.00163626 0.670784 0.00112124 0.00102778 0.277902 0.0445647 
0.00312412 0.00160934 0.620646 0.00118814 9.91819E-4 0.326801 0.04564 
0.00259698 0.00157036 0.709998 9.29994E-4 9.45241E-4 0.243485 0.040474 
0.00195058 0.00129762 0.762952 6.12817E-4 6.76446E-4 0.200001 0.032509 
0.00199546 0.00131083 0.757915 7.13064E-4 7.88851E-4 0.201781 0.0354955 
0.00161617 0.00131244 0.805594 6.06498E-4 6.11578E-4 0.162354 0.0279055 
0.001515 0.00123484 0.74211 5.55755E-4 5.96263E-4 0.222987 0.0310012 
0.00184971 0.00125884 0.729228 6.81323E-4 6.72591E-4 0.231703 0.0346058 
0.00139781 9.68291E-4 0.85252 5.55211E-4 4.79257E-4 0.114316 0.0297637 
6.57617E-4 0.00143058 0.969426 9.66988E-5 1.95618E-4 0.0231757 0.00501751 
6.13322E-4 0.00290912 0.984002 2.27877E-4 3.24456E-4 0.00984392 0.00207885 
5.63915E-4 0.00261073 0.98328 1.84322E-4 2.94792E-4 0.0113457 0.00172091 
7.52627E-4 0.00320528 0.974479 2.33066E-4 3.83608E-4 0.0190256 0.00192035 
0.00138277 0.00321113 0.930033 2.47112E-4 3.77545E-4 0.0609883 0.00376052 
0.0124719 0.00250287 0.533587 0.00144639 0.00120674 0.399094 0.0496911 
0.0855859 0.00658955 0.359513 0.00486314 0.0037676 0.418056 0.121625 
0.698995 0.00612513 0.179817 0.00651605 0.00135878 0.0186343 0.0885539 
0.799222 0.00843012 0.126164 0.00881405 0.00165597 0.0139426 0.0417715 
0.808888 0.00916767 0.12359 0.0136899 0.00107926 0.0102645 0.0333203 
0.807884 0.00881053 0.112323 0.0116625 0.0010597 0.014272 0.0439886 
0.803646 0.00747102 0.115022 0.0129305 0.00103787 0.0146813 0.045212 
0.834939 0.00821857 0.0978546 0.0156829 0.00147396 0.00810952 0.0337214 
0.791242 0.00685648 0.127145 0.016954 0.00108494 0.0102023 0.0465159 
0.798182 0.00747967 0.121897 0.0126451 0.00126995 0.0126037 0.0459225 
0.76144 0.0065211 0.134967 0.0124692 8.58374E-4 0.012211 0.0715339 
0.779739 0.00652645 0.11989 0.0156944 9.81861E-4 0.0084561 0.0687128 
0.783434 0.00643283 0.110375 0.013007 0.00122696 0.00905667 0.0764675 
0.824838 0.00771617 0.0967129 0.0179578 0.00163293 0.00662726 0.0445151 
0.814526 0.0083437 0.104457 0.0188719 0.00123857 0.00597425 0.0465887 
0.810494 0.00726692 0.102715 0.032844 0.00145913 0.00581171 0.0394094 
0.840073 0.00810977 0.088943 0.0179114 0.00190146 0.00484006 0.038221 
0.824494 0.00855448 0.0937636 0.0112798 0.00119494 0.00498332 0.0557301 
0.831985 0.0057897 0.1045 0.0118506 8.66582E-4 0.00483234 0.0401758 
0.843722 0.00806547 0.0924431 0.0143555 9.40551E-4 0.00552894 0.0349442 
0.825813 0.00826321 0.0912743 0.0168745 0.0010358 0.00748424 0.0492551 
0.845842 0.00969526 0.0763631 0.0279386 0.00141761 0.00624184 0.0325018 
0.859722 0.0105718 0.0663998 0.018665 0.00182393 0.00934525 0.0334724 
0.84523 0.0103283 0.0739118 0.0276691 0.00150666 0.00645322 0.034901 
0.847723 0.014036 0.0729664 0.0299632 0.00119729 0.00567344 0.0284404 
0.803381 0.0121248 0.091221 0.0347341 0.00115041 0.00821825 0.0491701 
0.842256 0.0114623 0.0786406 0.0252201 0.00113172 0.00638753 0.0349014 
0.841329 0.0125633 0.0811649 0.0273287 0.00123455 0.00507623 0.031303 
0.840391 0.0114348 0.0775005 0.0306072 0.00143768 0.00575668 0.0328717 
0.844823 0.010164 0.0787908 0.0268642 0.00115507 0.006382 0.031821 
0.858123 0.0105609 0.0740312 0.0121881 0.0013231 0.00688877 0.0368853 
0.847444 0.0116499 0.0762927 0.0199074 0.0010795 0.00827396 0.035353 
0.840974 0.0100674 0.0840613 0.0139103 9.17968E-4 0.00855121 0.0415181 
0.854375 0.0103527 0.0774468 0.00753447 8.53475E-4 0.00690707 0.042531 
0.851837 0.0121449 0.0758213 0.0160929 0.00114769 0.00645731 0.0364986 
0.834623 0.0109786 0.0754784 0.021152 0.00102968 0.0101457 0.0465927 
0.824806 0.00956748 0.0885163 0.0189671 0.00100335 0.00641945 0.0507203 
0.826017 0.00793828 0.0999362 0.0230408 9.52517E-4 0.00638838 0.0357263 
0.838562 0.00855365 0.0891549 0.024415 0.00115318 0.00813862 0.0300228 
0.824725 0.0102202 0.0855504 0.0383306 0.00143474 0.00877053 0.030969 
0.837404 0.0117887 0.0777069 0.039193 0.00120533 0.00686384 0.0258387 
0.856088 0.0120604 0.0747075 0.0268276 0.00118247 0.00648982 0.0226444 
0.876093 0.0126822 0.0563615 0.0287078 0.0018091 0.0055449 0.0188014 
0.867421 0.0129477 0.0617265 0.0275456 0.00166802 0.00685441 0.0218366 
0.859343 0.0142644 0.059801 0.0372727 0.00202076 0.00711212 0.0201858 
0.843491 0.0176493 0.0688477 0.036879 0.00146591 0.00631634 0.0253506 
0.864853 0.0224437 0.0517999 0.0343192 0.00197844 0.00576888 0.0188371 
0.861236 0.0209109 0.0645186 0.0268049 0.0013127 0.00557484 0.0196424 
0.853844 0.0200485 0.0609256 0.0314274 0.00175701 0.00720122 0.0247959 
0.86189 0.0218911 0.0592385 0.0282984 0.00168924 0.00716867 0.0198242 
0.849141 0.0251713 0.0567433 0.0426848 0.0018725 0.00494838 0.0194392 
0.844893 0.0250128 0.060747 0.0428966 0.00212088 0.00433466 0.0199953 
0.83114 0.0277496 0.0584096 0.0532021 0.00215413 0.00447973 0.0228646 
0.799738 0.0227791 0.0785061 0.061814 0.00157165 0.00491684 0.0306747 
0.833632 0.0234636 0.0662621 0.0416661 0.00148364 0.00612999 0.0273628 
0.794665 0.0227951 0.0837048 0.0589686 0.00147952 0.00461994 0.0337674 
0.80697 0.0179597 0.0875717 0.0520924 0.00116891 0.00633545 0.0279022 
0.809 0.0188049 0.0802211 0.0558883 0.00133586 0.0069337 0.0278161 
0.811084 0.0250541 0.0956149 0.0346117 0.00153058 0.0125928 0.0195123 
0.564957 0.0162554 0.173398 0.0141498 0.00119918 0.217505 0.0125356 
0.721643 0.0153021 0.142945 0.0131521 0.00125748 0.0801699 0.0255304 
0.746615 0.0110678 0.139581 0.0210723 0.00124947 0.0444153 0.0359989 
0.730955 0.0135593 0.14094 0.0286257 0.00141195 0.0461252 0.0383824 
0.753275 0.0182407 0.0987314 0.100981 0.00156625 0.00977868 0.0174269 
0.828843 0.019386 0.0906541 0.0337387 0.00180458 0.00567516 0.0198983 
0.829944 0.0212922 0.0806284 0.0436749 0.00208901 0.00546758 0.0169044 
0.772774 0.0214267 0.0919435 0.0857854 0.00165318 0.00616186 0.0202552 
0.804112 0.0176626 0.104073 0.0456981 0.00111523 0.00547195 0.0218665 
0.830488 0.0191487 0.0865266 0.03541 0.00134034 0.00556877 0.0215177 
0.821509 0.0231741 0.0772263 0.0541774 0.00144798 0.00608853 0.016377 
0.800892 0.0229112 0.0782828 0.0723597 0.00175214 0.00530584 0.0184964 
0.82274 0.0323199 0.0582622 0.0632901 0.00240485 0.00510762 0.0158756 
0.838141 0.0253303 0.064732 0.0494543 0.00173463 0.00474083 0.0158666 
0.844518 0.025117 0.0564339 0.0513484 0.00270538 0.00527751 0.0145998 
0.838793 0.0245652 0.0628393 0.0533341 0.00227691 0.00410111 0.0140909 
0.811345 0.033245 0.0550986 0.0787614 0.00330251 0.00420676 0.0140408 
0.818535 0.0253334 0.0512889 0.0825074 0.00333574 0.0055421 0.0134574 
0.786072 0.0253977 0.0500291 0.115005 0.00371286 0.00602128 0.0137616 
0.825026 0.0320377 0.0472784 0.0632071 0.00715898 0.00750104 0.0177906 
0.822511 0.0274695 0.0499106 0.0737255 0.00351921 0.00649631 0.0163681 
0.821107 0.0253885 0.052021 0.0741792 0.00390722 0.00441659 0.0189806 
0.791776 0.0330362 0.0492376 0.10472 0.00378676 0.00513199 0.0123121 
0.81556 0.0214201 0.0577271 0.0738297 0.00349958 0.00533448 0.0226295 
0.835282 0.0218004 0.0582811 0.0578564 0.00352973 0.00523129 0.0180193 
0.790674 0.0266777 0.051747 0.101154 0.00413436 0.00595496 0.0196582 
0.821894 0.0253829 0.0538284 0.0618612 0.00440554 0.00760973 0.0250187 
0.834421 0.0211334 0.0555401 0.0599666 0.00512781 0.00453043 0.0192807 
0.814553 0.0221937 0.054921 0.0778834 0.00482779 0.00567316 0.0199475 
0.823966 0.0212526 0.0574846 0.0692379 0.00479769 0.00451188 0.0187498 
0.809141 0.0194809 0.0670675 0.0724371 0.00312495 0.00499403 0.0237548 
0.840496 0.0158648 0.0634445 0.0450857 0.00429124 0.00505068 0.0257673 
0.80134 0.0179541 0.0556976 0.0982219 0.00489793 0.00451664 0.0173717 
0.841424 0.0166864 0.0590237 0.0512082 0.0041429 0.00426633 0.0232483 
0.826887 0.0155378 0.0617 0.0609169 0.00319173 0.00475609 0.0270102 
0.852144 0.0141809 0.0546303 0.0443798 0.00393105 0.00452538 0.0262085 
0.800231 0.0178802 0.0520099 0.0940654 0.00473743 0.00610701 0.0249693 
0.82164 0.0209031 0.0480834 0.0768365 0.00585049 0.00568867 0.020998 
0.837793 0.0169928 0.0574677 0.0598145 0.0052207 0.00434666 0.0183643 
0.831883 0.0178016 0.0567331 0.0611615 0.00533616 0.00485711 0.0222271 
0.81608 0.0167181 0.0540031 0.0833 0.00720834 0.00389103 0.0187995 
0.818187 0.0147547 0.0661687 0.0689544 0.00370778 0.00525522 0.0229727 
0.850201 0.0148343 0.0692655 0.0286384 0.0024048 0.00714556 0.0275099 
0.861232 0.012233 0.0670118 0.0238465 0.00207287 0.00577624 0.027828 
0.839389 0.0112471 0.0734783 0.0212249 0.00182298 0.00670335 0.046134 
0.858041 0.0113809 0.0662297 0.0240856 0.00306021 0.00694068 0.0302621 
0.848501 0.00947293 0.0756402 0.0237826 0.0020243 0.00551782 0.0350612 
0.839202 0.0101825 0.0765075 0.0186726 0.00228364 0.00817593 0.0449759 
0.816508 0.0101299 0.0838144 0.0216704 0.0028397 0.0110206 0.0540173 
0.848767 0.0127231 0.0662795 0.0279616 0.0031787 0.00817877 0.0329113 
0.848762 0.011186 0.0755113 0.0166395 0.00222566 0.00600882 0.0396672 
0.833968 0.011201 0.0678075 0.0505185 0.0042185 0.00438866 0.0278975 
0.856692 0.0105441 0.0746403 0.0154852 0.0019726 0.00541364 0.0352517 
0.853675 0.0105404 0.0790405 0.0172231 0.00277262 0.00389013 0.0328586 
0.845406 0.00822594 0.0815424 0.0237988 0.00162577 0.00469447 0.0347068 
0.845613 0.00862182 0.0784616 0.026866 0.00240621 0.00367198 0.0343595 
0.870935 0.00987206 0.0645084 0.0223349 0.00280768 0.00587437 0.0236672 
0.822326 0.00865238 0.0849317 0.0255933 0.00179965 0.0053044 0.051393 
0.858949 0.00849236 0.0704238 0.0136418 0.00291858 0.00538304 0.0401919 
0.864878 0.0113357 0.0656108 0.0143328 0.00280113 0.00532942 0.0357125 
0.841332 0.0103324 0.070829 0.0146674 0.0024494 0.00689931 0.0534907 
0.855001 0.0112563 0.069212 0.00948873 0.00320299 0.00661661 0.0452223 
0.865341 0.0106382 0.0640358 0.011681 0.00286673 0.00777726 0.0376603 
0.856996 0.0101718 0.068584 0.0095342 0.00265762 0.0064049 0.0456516 
0.856085 0.00941571 0.0709516 0.0175685 0.00213708 0.00500646 0.0388355 
0.856106 0.0106936 0.0634534 0.018885 0.00267663 0.00586781 0.0423181 
0.846095 0.0116551 0.0668904 0.0234534 0.0022282 0.00669514 0.0429823 
0.848979 0.0127036 0.0749514 0.0155913 0.00181674 0.00671635 0.0392421 
0.841112 0.0138486 0.0804471 0.0190409 0.00218644 0.00596168 0.0374035 
0.828915 0.0135601 0.082238 0.0206645 0.00212665 0.00926086 0.0432348 
0.826568 0.0122515 0.0765955 0.0193729 0.00206936 0.00922334 0.0539198 
0.829731 0.0106375 0.0802697 0.0272774 0.00176849 0.00644363 0.0438723 
0.840073 0.0100701 0.0732427 0.031302 0.00377406 0.00622905 0.0353092 
0.818857 0.00859499 0.0888276 0.0299242 0.00171102 0.00549672 0.0465887 
0.820354 0.00935968 0.0828784 0.0465451 0.00217246 0.00407496 0.0346156 
0.841425 0.0100168 0.0767498 0.0294544 0.00208785 0.00551761 0.0347485 
0.830024 0.00947146 0.081753 0.0305045 0.0016886 0.00508469 0.0414741 
0.844259 0.00864332 0.0773335 0.0221766 0.00171701 0.00582007 0.0400508 
0.83642 0.0109974 0.0762238 0.0315007 0.00170724 0.00538459 0.0377668 
0.82879 0.0102018 0.0813144 0.0312178 0.00202962 0.0060187 0.0404282 
0.839897 0.0112508 0.0735743 0.0355791 0.00204122 0.00544393 0.0322137 
0.825953 0.00906492 0.076654 0.0409824 0.00199858 0.00623741 0.0391098 
0.848832 0.00997086 0.0773943 0.0209282 0.00158439 0.00642232 0.0348675 
0.831271 0.00819989 0.0840522 0.0261085 0.00198136 0.00642445 0.0419625 
0.825089 0.00885091 0.0861136 0.0345197 0.001864 0.00506591 0.0384964 
0.800482 0.00938584 0.0893905 0.0384085 0.00174961 0.00527708 0.0553061 
0.83046 0.0107483 0.0613808 0.0558081 0.00286194 0.0053557 0.0333853 
0.839747 0.00982661 0.0675967 0.0272955 0.00218862 0.00632595 0.0470199 
0.849833 0.00921142 0.0644583 0.0433292 0.00303913 0.00396885 0.0261598 
0.87692 0.0127372 0.0608075 0.0173446 0.00307441 0.00494716 0.0241695 
0.853412 0.00864331 0.0815759 0.0175472 0.00171131 0.00346337 0.0336466 
0.859523 0.00896071 0.073467 0.0213827 0.00224255 0.00387453 0.0305495 
0.875854 0.010341 0.0658608 0.0155292 0.003182 0.00345904 0.0257739 
0.864441 0.0112813 0.0704142 0.0194457 0.00231767 0.00331413 0.0287858 
0.871188 0.0125053 0.0653839 0.0185141 0.00230799 0.00409415 0.0260061 
0.875387 0.0127896 0.0633988 0.0124434 0.00288145 0.00372751 0.0293726 
0.86852 0.0102989 0.0680944 0.0194453 0.00306886 0.00355052 0.0270219 
0.873724 0.0117144 0.0597444 0.0208669 0.00379086 0.00341582 0.0267438 
0.856255 0.0117982 0.071254 0.0114457 0.00279628 0.00416725 0.0422838 
0.822411 0.00848656 0.0934781 0.0392494 0.00190889 0.00300037 0.0314661 
0.857753 0.00970948 0.0716664 0.025062 0.00282205 0.00382751 0.0291594 
0.849308 0.00967891 0.0761842 0.0158468 0.00278623 0.00497099 0.0412247 
0.876721 0.0126049 0.0582306 0.019335 0.00308342 0.00518885 0.0248362 
0.852474 0.0119852 0.0663371 0.0327436 0.00250387 0.00555849 0.0283979 
0.854604 0.0110494 0.0761459 0.0207238 0.00185869 0.00559041 0.030028 
0.855012 0.0106026 0.0727323 0.0214809 0.0024661 0.00526843 0.032438 
0.844185 0.0121078 0.066542 0.0374298 0.00322892 0.00569255 0.0308136 
0.834446 0.0093089 0.0746094 0.0254481 0.0022405 0.00654138 0.0474054 
0.824269 0.0103034 0.0770261 0.0428705 0.00174948 0.00446945 0.0393123 
0.835045 0.00940616 0.0807592 0.0139807 0.00148076 0.00695663 0.0523718 
0.838264 0.00857437 0.0774438 0.0219988 0.00209656 0.00617361 0.045449 
0.838149 0.00990474 0.0731655 0.0246421 0.00186391 0.00741796 0.044857 
0.836219 0.00949865 0.076823 0.0295987 0.00181333 0.00727259 0.038775 
0.832213 0.00907142 0.0762942 0.0251326 0.00257014 0.00741069 0.0473082 
0.825486 0.00990435 0.0733246 0.0419519 0.00291186 0.00620447 0.040217 
0.787497 0.011513 0.0712918 0.081912 0.00448497 0.00554811 0.0377533 
0.848842 0.00935995 0.0661016 0.026526 0.00378257 0.00555743 0.0398306 
0.85036 0.00861365 0.0686235 0.0363725 0.00297024 0.00614814 0.0269121 
0.857879 0.00818713 0.0776671 0.0128952 0.00394078 0.00538204 0.0340485 
0.75587 0.00819825 0.0943153 0.0813981 0.00229388 0.00541495 0.0525097 
0.801706 0.00841792 0.0856723 0.0504966 0.00266587 0.00366652 0.0473751 
0.832147 0.0070102 0.0885458 0.0167526 0.00159285 0.00379996 0.0501512 
0.831066 0.00676649 0.0848235 0.0216916 0.00200137 0.00391811 0.0497329 
0.814358 0.00713408 0.0883743 0.0164136 0.00172511 0.00342031 0.0685745 
0.777312 0.00697728 0.0983837 0.0121063 0.00160022 0.00418789 0.0994324 
0.82762 0.00755342 0.0966719 0.00796346 0.00288443 0.00238807 0.0549187 
0.858236 0.00736117 0.0876277 0.00651942 0.00218347 0.0028126 0.0352595 
0.852631 0.00732921 0.0835165 0.0180785 0.00283436 0.00252189 0.0330887 
0.859649 0.010276 0.068616 0.0297269 0.00264062 0.00313625 0.0259553 
0.844642 0.00945245 0.0803953 0.0129438 0.00199711 0.00569679 0.0448728 
0.843772 0.00958507 0.0811076 0.0152142 0.00182231 0.0067553 0.0417433 
0.860639 0.0109021 0.0671897 0.0173528 0.00268967 0.0050306 0.0361959 
0.859983 0.010288 0.070393 0.0177021 0.00397908 0.00458167 0.0330735 
0.854314 0.0111338 0.0740845 0.0171979 0.00224341 0.00468816 0.0363382 
0.861043 0.00972208 0.0745387 0.0139468 0.00184285 0.0049521 0.0339547 
0.839998 0.0115177 0.0807822 0.0085771 0.00281573 0.0058111 0.050498 
0.824931 0.00984283 0.0917224 0.0122353 0.00156975 0.00511995 0.0545786 
0.843495 0.0113064 0.0783578 0.0141953 0.00270931 0.00570486 0.0442316 
0.846014 0.0093072 0.0778937 0.0186447 0.00198372 0.0055632 0.0405931 
0.86107 0.00993795 0.0689331 0.02286 0.00192077 0.00406662 0.031212 
0.872161 0.0100786 0.0637492 0.0142874 0.00320985 0.00515805 0.0313555 
0.849433 0.00777823 0.0725888 0.0125616 0.00296307 0.00535912 0.0493162 
0.846572 0.00698635 0.0816966 0.0216926 0.00231817 0.00367799 0.0370562 
0.856345 0.00883001 0.0742852 0.0139474 0.00293556 0.00399696 0.0396594 
0.85803 0.00854289 0.0779414 0.0170394 0.00249013 0.00401923 0.0319367 
0.855742 0.00886116 0.0742789 0.0200226 0.0023706 0.00454207 0.0341823 
0.864115 0.0132297 0.062331 0.0201877 0.00296335 0.00448525 0.0326884 
0.860134 0.00994859 0.0689667 0.0221719 0.00337491 0.00255731 0.0328467 
0.849012 0.00911336 0.0717245 0.0327709 0.00315217 0.00326709 0.0309601 
0.85861 0.00832414 0.0762724 0.0179198 0.00333251 0.00290338 0.0326382 
0.871763 0.00845155 0.0677526 0.0212268 0.0041938 0.00298547 0.0236269 
0.858217 0.00917928 0.0684139 0.0235745 0.0034953 0.00370198 0.0334179 
0.863533 0.00767036 0.0716862 0.0110662 0.00308565 0.00361349 0.0393453 
0.849423 0.00668265 0.0823981 0.0147822 0.00246201 0.00417067 0.0400814 
0.823295 0.00732976 0.0918613 0.0118449 0.00222152 0.00475153 0.0586959 
0.842471 0.00708665 0.0875134 0.00968126 0.00296201 0.00482901 0.0454567 
0.827674 0.00640912 0.0991329 0.0129996 0.00174347 0.00486589 0.047175 
0.849138 0.00719956 0.0849699 0.0141729 0.00214743 0.00318095 0.0391915 
0.827808 0.00708668 0.0937318 0.0272231 0.00211371 0.003742 0.0382947 
0.835531 0.00758952 0.078955 0.0197661 0.00353681 0.00382451 0.0507967 
0.858101 0.0091396 0.0761562 0.0123989 0.00228873 0.00469479 0.0372203 
0.85744 0.00949765 0.0743802 0.0155126 0.00321266 0.00389507 0.0360618 
0.850674 0.00938453 0.0750915 0.0167865 0.00322648 0.00499456 0.0398426 
0.851113 0.00794908 0.0717136 0.0229599 0.00357836 0.00420159 0.038484 
0.835429 0.00782195 0.083034 0.0234056 0.00266828 0.00555624 0.0420847 
0.870461 0.00769531 0.0715357 0.0115171 0.00265656 0.00632683 0.0298075 
0.864983 0.00664965 0.0750074 0.0138574 0.0030819 0.00434189 0.0320789 
0.852113 0.00716159 0.0815809 0.017796 0.00273684 0.00453055 0.0340806 
0.850964 0.00875623 0.0843985 0.0125875 0.00320907 0.00434823 0.035736 
0.863537 0.00773009 0.0777552 0.0136976 0.00360451 0.00299699 0.0306783 
0.849313 0.00740318 0.086668 0.0146698 0.00229988 0.00449881 0.0351478 
0.855033 0.00841812 0.0816239 0.0164109 0.00297267 0.00341771 0.032124 
0.852271 0.00732991 0.0848948 0.0143595 0.00250756 0.00441601 0.0342214 
0.848634 0.0073016 0.090157 0.0082759 0.00168762 0.00470671 0.0392367 
0.83208 0.00842631 0.0872806 0.00802385 0.00246943 0.00891926 0.0528003 
0.834626 0.00793964 0.0818236 0.00832324 0.0020632 0.00662145 0.0586032 
0.831905 0.00705356 0.0889804 0.00902557 0.00278356 0.00616494 0.0540869 
0.835727 0.00724422 0.0922416 0.0154228 0.0020346 0.00870611 0.0386233 
0.647489 0.0112769 0.235627 0.00527031 0.00161679 0.0836305 0.0150896 
0.50756 0.0171243 0.226527 0.0022582 0.00355243 0.231289 0.0116889 
0.69583 0.0170001 0.204657 0.00249693 0.00327794 0.0623862 0.0143525 
0.739106 0.0119867 0.185406 0.00287137 0.00317095 0.0342832 0.023176 
0.665309 0.00695012 0.219213 0.00377032 0.00188322 0.0421291 0.0607449 
0.696218 0.0092975 0.195547 0.00506359 0.00285216 0.0451761 0.0458451 
0.711908 0.00879619 0.186762 0.00443896 0.0024813 0.0337957 0.0518177 
0.692692 0.0116727 0.194515 0.00419115 0.00496571 0.0425283 0.0494359 
0.702487 0.0115036 0.193834 0.00523521 0.00331475 0.0363188 0.0473066 
0.673819 0.0104638 0.207665 0.00605399 0.00354513 0.0365966 0.0618567 
0.695535 0.00897059 0.202358 0.00789929 0.00457096 0.032666 0.0479997 
0.716309 0.0115788 0.180157 0.00738449 0.00540668 0.0325262 0.0466382 
0.743479 0.00915939 0.164404 0.0110463 0.00317317 0.0285236 0.0402152 
0.719109 0.00932292 0.178366 0.00517678 0.00362265 0.0299775 0.0544255 
0.746912 0.0122254 0.164138 0.00562463 0.00233789 0.0401048 0.0286574 
0.766493 0.0208556 0.128481 0.00767268 0.00473375 0.0501055 0.0216582 
0.617715 0.0652866 0.149893 0.0034939 0.00956315 0.132858 0.0211902 
0.521744 0.0411618 0.244048 0.00379329 0.011992 0.169599 0.00766269 
0.619205 0.0387189 0.220231 0.00427521 0.0104637 0.0978544 0.00925205 
0.664606 0.0135295 0.219563 0.00342352 0.00582134 0.0706448 0.0224115 
0.732058 0.0128531 0.179381 0.00326274 0.00448685 0.0292192 0.0387385 
0.771029 0.0105034 0.14684 0.0108145 0.00344092 0.015633 0.041739 
0.758087 0.00852812 0.153995 0.0239544 0.00321679 0.0187141 0.0335047 
0.795327 0.00971964 0.132115 0.0107812 0.00307009 0.0235857 0.0254014 
0.777766 0.0096759 0.152417 0.010506 0.00191218 0.0153628 0.0323607 
0.799401 0.0109103 0.135003 0.0107877 0.00352921 0.0136823 0.0266864 
0.786432 0.010079 0.119834 0.0470193 0.00531786 0.0116877 0.0196299 
0.80085 0.0115092 0.124834 0.0229531 0.00465767 0.0120656 0.0231302 
0.827695 0.00927065 0.105167 0.0182336 0.00226101 0.00895467 0.0284183 
0.813898 0.0108425 0.115841 0.0121764 0.00306578 0.0125224 0.0316536 
0.82696 0.011011 0.10825 0.0112756 0.00262313 0.00954944 0.0303311 
0.813361 0.0102741 0.107335 0.0199736 0.00390597 0.0132437 0.031906 
0.824006 0.0128218 0.101059 0.0225414 0.00330756 0.00874781 0.0275167 
0.838135 0.0128449 0.0877041 0.026909 0.00346363 0.0078869 0.0230561 
0.834204 0.0116383 0.0927441 0.0220253 0.00297531 0.0113158 0.0250976 
0.832165 0.00810227 0.103934 0.0151496 0.00205703 0.00765005 0.0309423 
0.83384 0.0105772 0.0994726 0.0177175 0.00369354 0.00831335 0.0263861 
0.834153 0.0141741 0.0850509 0.0302461 0.00613051 0.00722133 0.0230244 
0.820887 0.0106657 0.10408 0.0138144 0.00333211 0.0120175 0.0352035 
0.817137 0.00954124 0.1102 0.0126457 0.00381656 0.010173 0.036486 
0.799159 0.00967709 0.116409 0.0217528 0.00212634 0.0150793 0.0357965 
0.811587 0.00952751 0.110448 0.0335845 0.00310521 0.0059549 0.0257929 
0.724947 0.0106854 0.129974 0.0955355 0.00265579 0.00877727 0.0274254 
0.824654 0.00823223 0.103038 0.0217379 0.00249649 0.00842199 0.0314188 
0.800765 0.0104118 0.117251 0.0164712 0.00506484 0.0126282 0.0374081 
0.779629 0.00823829 0.127422 0.0346687 0.00267027 0.0112537 0.0361178 
0.792236 0.00790219 0.115337 0.0328102 0.00403471 0.0087399 0.0389405 
0.81771 0.00622414 0.113247 0.0289582 0.00332505 0.00625785 0.0242781 
0.828808 0.00881148 0.0999545 0.0175797 0.00858928 0.00710817 0.0291491 
0.784636 0.00731687 0.131897 0.020054 0.00412996 0.0072031 0.0447627 
0.80694 0.00789707 0.127772 0.00873096 0.00330481 0.00923058 0.0361253 
0.807241 0.00989242 0.128861 0.00525951 0.00463111 0.00889206 0.0352228 
0.795626 0.0100394 0.133471 0.0063887 0.00485919 0.0108542 0.0387616 
