0.854773 0.00937156 0.0651511 0.0368732 0.00285569 0.00251961 0.0284562 
0.843168 0.00809105 0.0787133 0.0200021 0.00198563 0.00235773 0.045682 
0.830942 0.00725193 0.0828361 0.0130471 0.00197555 0.00285815 0.0610895 
0.850994 0.00792766 0.0744206 0.0115312 0.00309163 0.00343938 0.0485954 
0.875414 0.00838434 0.062322 0.0169839 0.00299885 0.00336901 0.0305275 
0.855065 0.0107277 0.0718552 0.0157886 0.00255079 0.00312306 0.0408891 
0.867169 0.00978637 0.066934 0.0170675 0.00248501 0.00298428 0.0335736 
0.843747 0.00650483 0.0847787 0.0155401 0.00220765 0.00291411 0.0443075 
0.824793 0.00697971 0.0855083 0.0149834 0.00219051 0.00306599 0.0624791 
0.840998 0.00941625 0.071044 0.0191208 0.00241428 0.00349369 0.053513 
0.850129 0.00817388 0.0713832 0.0227196 0.00269342 0.0028726 0.0420287 
0.848733 0.00828524 0.0681971 0.03549 0.00247321 0.00297818 0.0338437 
0.847908 0.00885838 0.0719228 0.0314915 0.00317771 0.00308114 0.033561 
0.852332 0.00918125 0.068926 0.0257707 0.00317272 0.00281915 0.0377981 
0.872563 0.0104266 0.061455 0.0225296 0.00318151 0.00249775 0.027346 
0.858754 0.0112066 0.0663443 0.0210595 0.00237294 0.00315829 0.037104 
0.862487 0.0100362 0.0678396 0.0211756 0.00180003 0.00345711 0.0332045 
0.869079 0.00863413 0.0588801 0.0252181 0.0047307 0.00326332 0.0301944 
0.856319 0.00976559 0.060208 0.0394262 0.00246848 0.00235101 0.0294612 
0.852652 0.00923259 0.069974 0.0214273 0.00246648 0.00206132 0.0421859 
0.837856 0.0105083 0.0542734 0.0635517 0.00518606 0.00129043 0.0273344 
0.840596 0.00843508 0.0703993 0.0250745 0.00218288 0.00143196 0.0518804 
0.851617 0.00957526 0.0618302 0.0277692 0.00327627 0.00164278 0.0442895 
0.863185 0.0106848 0.0368016 0.0464887 0.00203187 0.00111953 0.0396886 
0.849673 0.0102107 0.0499108 0.0259274 0.00122216 0.00158747 0.0614684 
0.827319 0.00789925 0.0677711 0.00861499 0.00106908 0.0028321 0.0844941 
0.806068 0.00912302 0.107954 0.00159674 7.78234E-4 0.00780281 0.0666775 
0.803622 0.00561085 0.127852 0.00141015 6.93966E-4 0.00357909 0.0572317 
0.862376 0.00728274 0.0971063 0.00496055 0.00149594 0.003489 0.0232897 
0.78657 0.00904756 0.0862864 0.0715977 0.00334413 0.00548153 0.037673 
0.800868 0.00934565 0.077797 0.057959 0.00404155 0.00654458 0.0434443 
0.883546 0.00862439 0.0610398 0.0117273 0.00299912 0.0075951 0.0244679 
0.845687 0.00657387 0.0870295 0.024908 0.00132154 0.00761291 0.0268671 
0.857529 0.0073222 0.0805148 0.0144087 0.00180801 0.00425675 0.0341603 
0.865054 0.00833927 0.0821511 0.00630054 0.00144507 0.00443148 0.0322787 
0.692708 0.00998331 0.10078 0.105163 0.00249201 0.00995653 0.0789175 
0.80152 0.0106149 0.0729782 0.035619 0.00237466 0.0109384 0.0659546 
0.732721 0.00985473 0.0782752 0.0370499 0.00257343 0.0138904 0.125636 
0.709992 0.00989985 0.0848254 0.0420251 0.0034709 0.0101593 0.139628 
0.785514 0.00959042 0.0796197 0.0415552 0.00211424 0.00618991 0.0754168 
0.774598 0.00832007 0.078439 0.0295373 0.00242684 0.00394413 0.102735 
0.757743 0.00718636 0.0859401 0.0706176 0.0034626 0.00480001 0.07025 
0.725179 0.00808865 0.0908208 0.0759074 0.00295595 0.00642071 0.0906273 
0.740375 0.00734002 0.102017 0.0507936 0.00209149 0.00506822 0.0923151 
0.713623 0.00843558 0.100003 0.0846354 0.00343065 0.00581383 0.0840579 
0.752609 0.00784948 0.0951239 0.0520564 0.0023235 0.0077782 0.0822596 
0.771805 0.00775485 0.0831124 0.0500333 0.00227479 0.00677646 0.0782436 
0.735682 0.00851244 0.088054 0.0496302 0.00237669 0.00562146 0.110124 
0.792003 0.00906209 0.0778571 0.0279337 0.00281023 0.0041926 0.0861415 
0.778904 0.0102086 0.0867586 0.0466212 0.00262687 0.00856347 0.0663169 
0.780094 0.00968314 0.0892702 0.0358141 0.00204223 0.00657004 0.0765265 
0.779278 0.0103124 0.0840193 0.0413516 0.00186856 0.00772168 0.0754483 
0.721426 0.00868474 0.11533 0.0403527 0.00155692 0.00614969 0.1065 
0.759451 0.00808323 0.104193 0.0325796 0.00164702 0.0053358 0.0887109 
0.760159 0.00863517 0.101542 0.0495853 0.00179854 0.00567491 0.0726053 
0.769495 0.00868526 0.0976216 0.0409863 0.00201538 0.00436545 0.0768308 
0.737222 0.0101632 0.0823419 0.0793491 0.00296917 0.0051263 0.0828284 
0.754577 0.00880158 0.0923125 0.0321306 0.00147959 0.00496941 0.10573 
0.781435 0.00928628 0.0920614 0.0337884 0.00151846 0.00425244 0.0776583 
0.758543 0.00833359 0.0964273 0.0352448 0.00154028 0.00407264 0.0958384 
0.741776 0.00782858 0.0896135 0.0474286 0.0021155 0.00405281 0.107185 
0.7567 0.00863903 0.0883247 0.041587 0.00167935 0.00383412 0.0992358 
0.691844 0.00985351 0.114842 0.065167 0.00154369 0.00634822 0.110402 
0.66091 0.0111092 0.119563 0.0705195 0.00161651 0.0064494 0.129832 
0.660159 0.0110579 0.108752 0.107566 0.00246864 0.00791415 0.102082 
0.59789 0.0108656 0.0969502 0.103299 0.00267473 0.00996625 0.178354 
0.639435 0.0114314 0.0901213 0.116846 0.00298068 0.00893045 0.130255 
0.638746 0.0130684 0.0973015 0.149939 0.00300313 0.00684861 0.0910925 
0.710627 0.0116844 0.0816153 0.103894 0.00300697 0.00761155 0.0815608 
0.618367 0.0151796 0.0982709 0.186544 0.0031983 0.0116011 0.0668392 
0.765017 0.0120001 0.0925112 0.0584878 0.00171091 0.00878488 0.0614883 
0.787242 0.0128796 0.0825691 0.0329852 0.00180842 0.010208 0.0723079 
0.774278 0.0112268 0.0965015 0.0485941 0.0015141 0.00777932 0.0601064 
0.771222 0.010532 0.0957836 0.0501893 0.0016209 0.00831679 0.0623354 
0.79668 0.0110686 0.0918216 0.0521512 0.0017803 0.00492432 0.0415744 
0.60774 0.0145462 0.0727573 0.269917 0.00296393 0.00450076 0.0275748 
0.71832 0.0134023 0.0849905 0.143362 0.0023306 0.00435006 0.0332446 
0.663452 0.012906 0.105702 0.147219 0.0029125 0.00715586 0.0606522 
0.767336 0.0140649 0.0947524 0.0735781 0.00182761 0.00589944 0.0425413 
0.792858 0.0115728 0.0834944 0.0683395 0.00221028 0.00526264 0.0362623 
0.795064 0.0141936 0.0715141 0.0851986 0.00333694 0.00557146 0.025121 
0.727747 0.0147911 0.0986989 0.12195 0.00240281 0.00557072 0.0288396 
0.781585 0.0158177 0.0958986 0.0726731 0.00177566 0.00537792 0.0268723 
0.783443 0.0165638 0.0990781 0.0602916 0.00163124 0.005326 0.0336663 
0.752674 0.0164426 0.0993451 0.092813 0.00176546 0.00635191 0.0306081 
0.7374 0.015737 0.111246 0.0992015 0.00193281 0.00525613 0.0292263 
0.758887 0.0125738 0.112499 0.0749742 0.00190189 0.00538253 0.033781 
0.766035 0.0174662 0.104575 0.0722037 0.00198294 0.00653271 0.0312041 
0.787114 0.0179404 0.089825 0.0698396 0.00236341 0.00630098 0.0266171 
0.809765 0.0158978 0.0929274 0.045627 0.0020582 0.00755141 0.026173 
0.800266 0.0203626 0.0914595 0.0568445 0.00213881 0.00721688 0.0217118 
0.789608 0.0218505 0.088219 0.0696946 0.00221833 0.00765088 0.0207583 
0.764531 0.0190559 0.117304 0.0614081 0.00182936 0.00883665 0.0270353 
0.750353 0.0227721 0.101752 0.083757 0.00169534 0.0117322 0.0279379 
0.759641 0.0182594 0.0956903 0.093298 0.00218219 0.00854268 0.0223863 
0.778716 0.0198586 0.0779741 0.0967714 0.00220123 0.00632891 0.0181501 
0.748003 0.0150852 0.102029 0.089391 0.00223079 0.0119834 0.0312775 
0.767431 0.0165346 0.0920776 0.0875022 0.00216573 0.00934682 0.024942 
0.775662 0.0182574 0.0885576 0.0796147 0.0018788 0.00930188 0.0267278 
0.690734 0.0196581 0.0947608 0.15314 0.00258497 0.0120392 0.0270825 
0.723659 0.0174216 0.108026 0.0964668 0.00202437 0.0133089 0.0390937 
0.786836 0.0150754 0.0983225 0.0534817 0.00147786 0.0133803 0.031426 
0.801247 0.0167868 0.0922939 0.0380071 0.00132416 0.0163452 0.0339958 
0.780254 0.0164933 0.099948 0.0624733 0.00154822 0.00902532 0.0302579 
0.747629 0.0151012 0.0954472 0.0957856 0.00203923 0.00830431 0.0356935 
0.777553 0.0118988 0.100371 0.0629674 0.00159502 0.00558742 0.0400269 
0.806582 0.012971 0.0867129 0.0527242 0.00173951 0.00597297 0.0332973 
0.776331 0.0132977 0.0950315 0.0637773 0.00159046 0.00652926 0.0434427 
0.800709 0.0134284 0.0823652 0.0462944 0.00140354 0.00769751 0.0481018 
0.808557 0.013179 0.0801319 0.0479794 0.00171497 0.00567966 0.042758 
0.790232 0.0130671 0.0879972 0.0676517 0.00157434 0.00513527 0.0343422 
0.809151 0.0129358 0.0882224 0.0440125 0.00135865 0.00545558 0.0388642 
0.816506 0.0114237 0.0897333 0.034987 0.00123786 0.0054177 0.0406947 
0.797352 0.0130717 0.0861185 0.0589478 0.00159049 0.0059706 0.0369485 
0.790216 0.0135973 0.0809883 0.0671392 0.0018986 0.00649834 0.0396624 
0.774895 0.0138649 0.0910864 0.0631823 0.00167308 0.00573066 0.0495678 
0.81301 0.0123775 0.0773252 0.0487778 0.00193848 0.00580247 0.0407688 
0.813707 0.0143054 0.0748553 0.0432756 0.00159663 0.00659733 0.0456626 
0.762215 0.0129118 0.083298 0.0699995 0.00218043 0.00733255 0.0620628 
0.79111 0.0153726 0.0782113 0.0482485 0.00165307 0.0082471 0.0571575 
0.811656 0.0176051 0.0662622 0.0488646 0.00239747 0.00842334 0.0447912 
0.831448 0.0157987 0.0730357 0.0365096 0.00175718 0.00632943 0.0351217 
0.831593 0.0133717 0.0726049 0.0342076 0.00199896 0.00477829 0.0414454 
0.830786 0.0144055 0.0721084 0.0488131 0.00159018 0.00428795 0.0280085 
0.849042 0.0155259 0.0648439 0.0394245 0.00202142 0.00405768 0.0250845 
0.829382 0.0168784 0.0668311 0.0514708 0.00186166 0.00525661 0.0283194 
0.828849 0.0171954 0.0672298 0.04607 0.00202661 0.00600345 0.0326255 
0.830308 0.0177118 0.0700666 0.0419256 0.00193338 0.00582511 0.0322291 
0.827646 0.0176305 0.0628362 0.0593172 0.00253299 0.00558086 0.0244563 
0.835651 0.0200389 0.0604655 0.0515849 0.0023476 0.00565502 0.0242572 
0.841563 0.0171765 0.064803 0.0395862 0.0021353 0.0059208 0.0288153 
0.775694 0.0152705 0.0740286 0.0971828 0.00207643 0.00588034 0.029867 
0.815562 0.0166899 0.0652958 0.0636518 0.00322934 0.00706268 0.0285081 
0.831657 0.0156667 0.0591225 0.066082 0.00261981 0.00483165 0.0200203 
0.820597 0.018403 0.0601324 0.0736096 0.00216294 0.0052876 0.0198077 
0.792826 0.0182717 0.0639384 0.0967476 0.00215415 0.0055106 0.0205512 
0.811673 0.0186296 0.0612749 0.0811868 0.00215772 0.00522161 0.0198567 
0.823299 0.0157394 0.0654077 0.063505 0.0024976 0.00533415 0.0242172 
0.802704 0.0171024 0.0643089 0.0863796 0.00290865 0.00480712 0.0217892 
0.839497 0.0139377 0.0642692 0.0497649 0.00293243 0.00503144 0.0245677 
0.830087 0.0159235 0.0680578 0.0559637 0.00206204 0.00498514 0.0229211 
0.801731 0.0140026 0.0750991 0.0814248 0.00197195 0.00479735 0.020973 
0.841224 0.0129687 0.0682625 0.0438404 0.00239701 0.00568873 0.0256185 
0.849602 0.0101645 0.0806707 0.0241425 0.00163983 0.00576396 0.0280162 
0.822409 0.0120909 0.0858451 0.0469314 0.00259211 0.00465935 0.025472 
0.801901 0.0185619 0.0933065 0.066096 0.00221453 0.00433396 0.0135861 
0.800547 0.0121533 0.0998465 0.0553908 0.0021896 0.00778584 0.0220868 
0.769077 0.0115983 0.118552 0.0614061 0.00169408 0.00781421 0.0298581 
0.815627 0.0154454 0.109083 0.0269235 0.00108989 0.00856378 0.0232677 
0.804137 0.0143759 0.106327 0.0315863 0.00127176 0.0115128 0.0307886 
0.818822 0.013375 0.111026 0.0256601 0.0011104 0.00613514 0.0238711 
0.843137 0.0159969 0.0876701 0.0246864 0.00134823 0.00711923 0.0200419 
0.837093 0.012949 0.0883231 0.0292469 0.00138101 0.00631475 0.0246928 
0.796192 0.012162 0.103972 0.0513734 0.00157998 0.00575984 0.02896 
0.82558 0.0114773 0.101116 0.023159 0.00141105 0.00534416 0.0319131 
0.746931 0.0124237 0.157555 0.029495 0.00183268 0.0188313 0.0329314 
0.73111 0.0137949 0.172441 0.0177058 0.00172964 0.0367106 0.026508 
0.583091 0.00935751 0.291549 0.0264045 0.0015703 0.0663063 0.021721 
0.249709 0.00675985 0.550509 0.00634114 0.0014702 0.176161 0.00905068 
0.384978 0.00671146 0.442094 0.00399487 0.00130766 0.143464 0.01745 
0.530922 0.0102662 0.349199 0.00388475 0.00231638 0.0867236 0.0166874 
0.750752 0.0100632 0.0984213 0.0290786 0.00171953 0.00780837 0.102157 
0.771475 0.0124505 0.0915919 0.028682 0.00244635 0.00704769 0.086307 
0.796366 0.0130358 0.090945 0.0266815 0.00197176 0.00880232 0.0621981 
0.818214 0.0128752 0.0711393 0.0346068 0.00124235 0.00492087 0.057002 
0.810279 0.0182235 0.0643419 0.0630418 0.00179964 0.00512538 0.0371889 
0.812037 0.0224535 0.0544956 0.0717352 0.00198306 0.00564285 0.0316529 
0.774887 0.0150462 0.0676856 0.0874965 0.00220253 0.00647981 0.0462024 
0.79435 0.0119564 0.0750936 0.0305711 0.00264364 0.00437869 0.0810065 
0.806369 0.00935102 0.0848114 0.0279051 0.00252088 0.00396444 0.0650785 
0.854672 0.0151068 0.0581794 0.0182906 0.00243191 0.00474835 0.0465708 
0.824551 0.0139878 0.073318 0.0358749 0.00208219 0.00442561 0.0457601 
0.679543 0.00612606 0.184536 0.00359927 0.00112776 0.0321924 0.0928754 
0.733511 0.00747413 0.170306 0.00518743 0.00155871 0.0257843 0.0561782 
0.71401 0.00676223 0.151334 0.00544834 0.00124674 0.0382037 0.0829951 
0.659095 0.00646932 0.18976 0.00836346 0.00116209 0.0375506 0.0975996 
0.729448 0.00800475 0.161395 0.00733227 0.00129408 0.0237565 0.0687697 
0.751803 0.00876639 0.145372 0.00850859 0.0012878 0.017511 0.0667506 
0.724961 0.00739736 0.168925 0.0146389 0.00169854 0.0192589 0.0631202 
0.742795 0.00829615 0.150461 0.0110776 0.00176939 0.0196338 0.0659672 
0.780025 0.00995765 0.128553 0.0161074 0.00191213 0.0152457 0.0481996 
0.743763 0.00961305 0.140984 0.0149043 0.00242667 0.0196177 0.0686907 
0.742789 0.00858118 0.139861 0.00676437 0.00181841 0.0287785 0.071407 
0.715725 0.00710797 0.160327 0.00967393 0.00136989 0.0207356 0.0850605 
0.749323 0.00773273 0.143391 0.0059635 0.00133137 0.0211866 0.0710727 
0.775937 0.00622945 0.133152 0.00558778 0.00102758 0.0142542 0.0638112 
0.7755 0.00929593 0.116324 0.0103131 0.00173102 0.0255668 0.0612695 
0.731981 0.00696644 0.139301 0.0088826 0.00118372 0.0205238 0.0911614 
0.752183 0.00666628 0.146805 0.00507496 9.22646E-4 0.0201665 0.068182 
0.732024 0.00461189 0.116758 0.0122969 8.39846E-4 0.0126327 0.120837 
0.562953 0.00379222 0.227196 0.00262881 7.14339E-4 0.0355554 0.16716 
0.496566 0.00477572 0.298397 0.00175037 9.19053E-4 0.0715493 0.126042 
0.470547 0.00311874 0.360681 6.58591E-4 3.57099E-4 0.0336825 0.130956 
0.167947 0.00443039 0.455025 0.00240613 0.00170223 0.0831057 0.285384 
0.0394541 0.00455352 0.704476 0.00699292 0.00277297 0.139977 0.101774 
0.0385407 0.00293919 0.733879 0.00312549 0.00199364 0.129923 0.089599 
0.185098 0.00539966 0.526882 0.00166882 0.00109397 0.223057 0.0568002 
0.0579796 0.00273874 0.761605 0.00108405 7.80935E-4 0.134135 0.041676 
0.0465955 0.0104311 0.110575 6.00231E-4 3.3823E-4 0.828739 0.00272114 
0.0400916 0.359685 0.146216 0.018268 0.00379992 0.424915 0.00702479 
0.0463623 0.212968 0.299632 0.12972 0.112516 0.1565 0.0423016 
0.186156 0.141031 0.0243188 9.76186E-4 0.00352348 0.622333 0.0216613 
0.00574188 0.00389835 0.0183074 1.18633E-5 6.14187E-5 0.971168 8.11462E-4 
0.00728689 0.00142215 0.0457852 3.26404E-5 4.81986E-5 0.942505 0.00292038 
0.0132777 0.00260679 0.0174041 8.25761E-5 1.01388E-4 0.909035 0.0574928 
0.0155575 0.00122298 0.0427463 7.37381E-5 9.40716E-5 0.924631 0.015674 
0.00455643 4.6959E-4 0.021309 7.77206E-6 1.96812E-5 0.971559 0.00207869 
0.0310518 0.0031115 0.0274775 2.07537E-4 3.83293E-4 0.925258 0.0125104 
0.200577 0.00841889 0.144806 0.00554005 0.00249293 0.0658162 0.572349 
0.126535 0.00496944 0.111799 3.93823E-4 5.63187E-4 0.736967 0.0187724 
0.0344285 0.00470057 0.513999 0.0027181 0.00131419 0.403029 0.0398112 
0.042928 0.00346783 0.262768 0.00205285 0.00112228 0.499102 0.188559 
0.0134035 9.53925E-4 0.77353 3.82551E-4 2.92991E-4 0.189247 0.0221899 
0.716915 0.00606151 0.163484 0.00266046 8.10864E-4 0.0238668 0.0862013 
0.711072 0.00725277 0.157497 0.00316218 0.00127747 0.0335796 0.0861591 
0.790908 0.00750245 0.12777 0.00377917 0.00120194 0.021819 0.047019 
0.767791 0.00697001 0.147831 0.00311927 9.36157E-4 0.0256281 0.0477248 
0.767983 0.00744183 0.143151 0.00203392 8.46932E-4 0.0282573 0.0502855 
0.691554 0.00565649 0.197574 0.00213606 6.23812E-4 0.0299198 0.0725365 
0.729743 0.00788784 0.173837 0.00210813 8.90433E-4 0.0283547 0.0571793 
0.586727 0.00711223 0.192251 0.00202033 0.00106448 0.0652479 0.145577 
0.625453 0.0068908 0.207385 0.00299584 0.00123204 0.0473269 0.108717 
0.548351 0.00638652 0.225891 0.00258414 8.77758E-4 0.0717997 0.14411 
0.61506 0.00755492 0.187999 0.00268055 0.00138391 0.0554209 0.1299 
0.632072 0.0083408 0.199755 0.00447828 0.00144974 0.0398462 0.114058 
0.735576 0.00696246 0.172793 0.00419975 0.00115206 0.0253408 0.0539763 
0.69983 0.00786858 0.148299 0.00266771 0.0010791 0.0376286 0.102628 
0.68826 0.00680046 0.168474 0.00180981 7.71081E-4 0.0365434 0.0973414 
0.720386 0.00721098 0.164584 0.00393521 9.96745E-4 0.03264 0.0702475 
0.612462 0.00637337 0.215032 0.0028041 9.20834E-4 0.0434997 0.118909 
0.679766 0.00728765 0.170307 0.00317295 0.00148155 0.0369531 0.101032 
0.728658 0.00775051 0.155543 0.003584 0.00132605 0.0299902 0.0731476 
0.718332 0.0102365 0.144904 0.0035514 0.00168145 0.036771 0.0845233 
0.711391 0.00799751 0.189804 0.00267132 0.0012675 0.0224487 0.06442 
0.740938 0.00696241 0.16679 0.00303237 9.86977E-4 0.0227119 0.058579 
0.763755 0.00745146 0.150363 0.00271855 0.00118387 0.018776 0.0557521 
0.677526 0.00655797 0.172643 0.00208691 7.49236E-4 0.0431831 0.097253 
0.45563 0.00530829 0.288985 0.00297691 7.60863E-4 0.0894065 0.156932 
0.345451 0.00583239 0.383188 0.00159723 9.10579E-4 0.134923 0.128099 
0.147074 0.00562398 0.491981 0.00225079 0.00162125 0.262821 0.0886286 
0.0187681 0.00235734 0.561385 4.8861E-4 3.22296E-4 0.402592 0.0140868 
0.0158525 0.0144276 0.839642 5.25372E-4 0.00171833 0.122611 0.00522407 
0.00881079 0.0191293 0.941074 5.90286E-4 0.0014287 0.0265141 0.00245248 
0.00390948 0.0164956 0.96703 0.00165797 0.00134863 0.00779753 0.00176121 
0.00289395 0.00752977 0.97917 4.54031E-4 2.5307E-4 0.00781437 0.00188469 
0.00184696 8.19825E-4 0.980479 1.10555E-4 4.73378E-5 0.0101414 0.00655479 
0.00168939 0.0012907 0.957704 4.07524E-4 2.56916E-4 0.0195842 0.019067 
9.52998E-4 0.00160111 0.983028 1.75044E-4 8.65279E-5 0.00807363 0.00608271 
7.31637E-4 0.00576921 0.990934 4.91236E-4 2.96988E-4 7.91465E-4 9.85794E-4 
0.0866848 0.0294978 0.447391 0.223338 0.00835478 0.0220452 0.182688 
0.406312 0.00669309 0.252494 8.91542E-4 5.87166E-4 0.0400867 0.292936 
0.0366601 0.0010316 0.0610487 2.63984E-5 1.84471E-5 0.891887 0.00932753 
0.0266532 8.39337E-4 0.0390501 8.65161E-6 2.11669E-5 0.928235 0.00519244 
0.00375741 6.48924E-4 0.0716028 1.62694E-5 2.4069E-5 0.921799 0.00215194 
0.0123462 0.00388019 0.557729 1.47022E-4 2.05961E-4 0.421259 0.00443299 
0.00540719 0.00646211 0.824543 1.25191E-4 1.11997E-4 0.159225 0.0041262 
0.00545229 0.00239838 0.205873 6.90949E-5 6.3191E-5 0.780887 0.00525681 
0.00224889 3.40159E-4 0.0347418 8.97845E-6 9.03328E-6 0.960142 0.00250916 
0.00220272 5.86036E-4 0.0168177 4.85926E-6 9.96343E-6 0.979198 0.00118048 
0.00373256 0.00171492 0.0460857 1.94909E-5 3.43991E-5 0.946876 0.00153712 
0.00472858 0.00198975 0.0386049 2.02426E-5 4.49927E-5 0.953111 0.00150094 
0.0150466 0.00210752 0.0466422 3.9719E-5 7.49574E-5 0.931638 0.00445102 
0.0231228 0.00373395 0.110891 1.58558E-4 2.31394E-4 0.854102 0.00776045 
0.0237769 0.00211508 0.172556 3.03102E-4 2.59423E-4 0.788186 0.0128032 
0.0288163 0.00214325 0.150766 2.50385E-4 2.45416E-4 0.806573 0.0112059 
0.0160206 0.00191889 0.138288 1.63881E-4 1.87613E-4 0.834863 0.00855838 
0.0229688 0.00158173 0.0409885 3.14785E-5 1.04673E-4 0.928857 0.0054675 
0.0365438 0.00118639 0.0579507 3.44579E-5 6.57135E-5 0.898166 0.00605256 
0.00447628 4.91475E-4 0.0202223 1.28779E-5 2.18633E-5 0.9731 0.00167564 
0.0202658 0.00137982 0.0148589 6.02651E-6 5.86058E-5 0.959625 0.00380604 
0.00466187 3.81819E-4 0.0183167 5.90805E-6 1.66189E-5 0.975105 0.00151262 
0.00741205 6.70557E-4 0.0644009 2.47681E-5 3.96757E-5 0.923638 0.00381429 
0.0289989 0.00926962 0.585704 3.58833E-4 7.77405E-4 0.360074 0.014818 
0.00678049 0.00426675 0.943282 1.55227E-4 2.84554E-4 0.0388089 0.00642199 
0.0112073 0.00228658 0.898325 2.383E-4 2.55026E-4 0.0737785 0.0139091 
0.0118071 0.00211883 0.838474 2.69407E-4 2.76267E-4 0.130857 0.0161973 
0.0071437 9.73539E-4 0.749341 3.22235E-4 2.36363E-4 0.218337 0.0236461 
0.00968131 0.00113216 0.792328 3.25595E-4 2.57411E-4 0.173815 0.0224607 
0.0022762 9.95784E-4 0.917702 8.39597E-5 3.24056E-5 0.0716549 0.00725431 
0.00215345 0.00185952 0.960087 7.5831E-5 3.13701E-5 0.0304532 0.00534012 
0.00210224 4.09077E-4 0.644777 2.46637E-5 1.46952E-5 0.347433 0.00523895 
0.00436764 4.23275E-4 0.647193 3.22413E-5 2.62188E-5 0.343332 0.00462572 
0.00559694 3.29643E-4 0.220012 8.60075E-5 7.03326E-5 0.761907 0.0119972 
0.0240582 0.00106608 0.116577 2.8137E-4 2.52095E-4 0.828395 0.0293703 
0.168384 0.00378487 0.191667 2.79263E-4 2.76819E-4 0.593427 0.0421812 
0.0192343 0.00181264 0.24529 4.09059E-4 3.27608E-4 0.718275 0.0146513 
0.065313 0.00411381 0.28198 0.00142752 0.00114247 0.600243 0.0457796 
0.024022 0.0020748 0.143575 5.08114E-4 3.94611E-4 0.804193 0.0252324 
0.104739 0.0026333 0.0767068 4.9613E-5 6.8276E-5 0.793266 0.0225367 
0.167153 0.00413664 0.106418 1.51128E-4 1.65239E-4 0.700682 0.0212941 
0.112511 0.00561959 0.105616 2.3657E-4 3.25602E-4 0.747255 0.0284373 
0.294838 0.0108637 0.110814 3.37128E-4 4.23418E-4 0.549701 0.0330217 
0.25813 0.015191 0.0665949 2.61436E-4 4.3378E-4 0.635046 0.0243424 
0.209243 0.0199578 0.0569806 2.73591E-4 8.01867E-4 0.69167 0.0210726 
0.183818 0.0102668 0.0405868 2.14305E-4 3.73707E-4 0.742383 0.0223571 
0.0351355 0.00230743 0.0289579 4.68871E-5 5.81945E-5 0.915825 0.0176696 
0.0589161 0.00276336 0.0410701 4.23244E-5 7.12708E-5 0.876942 0.0201951 
0.0404132 0.00240754 0.027802 3.32237E-5 5.39392E-5 0.908773 0.0205167 
0.0352815 0.00190441 0.0148886 9.97194E-6 3.55068E-5 0.937084 0.0107961 
0.147635 0.00855611 0.0313102 5.34862E-5 1.65881E-4 0.802565 0.00971443 
0.194272 0.0136467 0.0398949 1.10299E-4 3.06882E-4 0.745144 0.00662538 
0.250304 0.0205518 0.040487 2.33283E-4 8.41457E-4 0.66058 0.0270024 
0.156585 0.0117709 0.0365664 1.23408E-4 3.36719E-4 0.748795 0.0458224 
0.0554241 0.00920167 0.0300059 2.2223E-4 2.62639E-4 0.859561 0.0453229 
0.00551791 6.60478E-4 0.0686292 5.9806E-5 5.36618E-5 0.916644 0.00843543 
0.00948056 0.0012932 0.114551 9.71548E-5 9.92645E-5 0.866327 0.00815174 
0.00663875 0.00139884 0.0350824 2.41265E-5 3.59269E-5 0.952606 0.00421428 
0.0108883 0.00329414 0.396368 1.52379E-4 1.50838E-4 0.581719 0.00742653 
0.00628229 0.00134694 0.0815361 5.48117E-5 5.4493E-5 0.906056 0.00466926 
0.0106171 0.00224923 0.041085 4.98772E-5 7.77854E-5 0.941844 0.00407693 
0.010186 0.0011186 0.0456606 7.6541E-5 7.95826E-5 0.932742 0.0101371 
0.026088 0.00158244 0.056559 8.34808E-5 9.52934E-5 0.903813 0.0117785 
0.00797003 0.00198173 0.0323518 1.57621E-5 5.72813E-5 0.954906 0.00271773 
0.00446035 8.42707E-4 0.028816 5.54517E-6 1.61717E-5 0.964994 8.64833E-4 
0.00331601 4.63664E-4 0.0120767 2.88406E-6 1.05512E-5 0.983221 9.09552E-4 
0.00619493 0.00122113 0.00796186 3.00111E-6 1.69994E-5 0.983809 7.92758E-4 
0.0251342 0.00381433 0.0279567 2.80631E-5 1.65499E-4 0.935565 0.00733662 
0.0516585 0.00432145 0.0136949 2.83348E-5 2.42352E-4 0.923258 0.0067965 
0.221986 0.00906989 0.0563978 7.21573E-5 2.68317E-4 0.689626 0.0225805 
0.417882 0.0216989 0.137596 2.12941E-4 6.14838E-4 0.325296 0.096699 
0.434203 0.00901098 0.15372 5.15053E-4 0.00102754 0.350201 0.0513228 
0.559371 0.0138275 0.113516 5.04799E-4 7.47895E-4 0.271406 0.0406263 
0.368871 0.00607105 0.129621 4.72826E-4 5.44832E-4 0.410531 0.0838886 
0.248129 0.00483752 0.202199 6.91771E-4 5.89582E-4 0.405762 0.137791 
0.296511 0.00469764 0.208408 8.1833E-4 5.80812E-4 0.329369 0.159614 
0.385967 0.00699442 0.16956 4.73156E-4 4.61385E-4 0.314152 0.122393 
0.529153 0.00830368 0.205404 9.13144E-4 9.43063E-4 0.156517 0.0987658 
0.505347 0.0100195 0.199189 6.76029E-4 0.00100177 0.191837 0.0919294 
0.500784 0.00799871 0.202606 8.66667E-4 6.45923E-4 0.175862 0.111237 
0.439739 0.00767021 0.201807 7.50279E-4 5.84356E-4 0.200007 0.149442 
0.491255 0.00896804 0.22732 0.00101527 0.0010247 0.165263 0.105153 
0.502616 0.00549368 0.243687 0.00101822 4.22941E-4 0.103779 0.142983 
0.300943 0.00464504 0.206227 3.74457E-4 3.11761E-4 0.442991 0.0445086 
0.382665 0.0256641 0.236391 5.08317E-4 0.00216744 0.325833 0.0267707 
0.0352989 0.00343614 0.233853 0.00109027 8.93861E-4 0.683819 0.0416091 
0.0269773 0.00380978 0.355448 0.00306398 0.00142852 0.523217 0.0860554 
0.034938 0.00441187 0.480502 0.00250705 0.00165319 0.415269 0.0607193 
0.00534919 0.00293965 0.957543 2.83976E-4 1.76264E-4 0.0266117 0.00709627 
0.0387096 0.00304698 0.366652 0.00157873 0.00121511 0.500415 0.0883828 
0.0991481 0.00428526 0.233889 0.00140348 0.00119424 0.528281 0.131799 
0.0206435 0.0032813 0.314746 0.00164634 0.00134232 0.60404 0.0543011 
0.0052041 0.00905104 0.918237 3.40615E-4 2.10886E-4 0.0619357 0.00502106 
0.00608369 0.0109814 0.948281 3.45342E-4 2.65682E-4 0.0309789 0.00306345 
0.00862294 0.0249205 0.924665 0.00150809 0.00110447 0.034956 0.00422259 
0.861023 0.00903231 0.0838573 0.0192089 7.40868E-4 0.00990696 0.016231 
0.838594 0.00752812 0.105194 0.0122602 6.26889E-4 0.00981263 0.0259841 
0.862402 0.00854205 0.0956091 0.00827014 6.86781E-4 0.00831843 0.016171 
0.881107 0.0105037 0.0682154 0.0082688 0.0011311 0.0126166 0.0181576 
0.871783 0.0108091 0.0798528 0.00789117 6.65169E-4 0.0123518 0.0166466 
0.868758 0.011654 0.0823421 0.00901595 5.40625E-4 0.00872624 0.0189626 
0.878554 0.00971778 0.0797458 0.00436574 5.68267E-4 0.0117802 0.0152682 
0.853692 0.0108336 0.0912097 0.00666441 5.32569E-4 0.0120328 0.0250348 
0.873028 0.00991623 0.0769352 0.0117913 7.48691E-4 0.0087031 0.0188775 
0.871272 0.0110491 0.0730476 0.0177316 0.0016436 0.00875575 0.0165002 
0.835214 0.00824779 0.090779 0.00490242 8.27573E-4 0.029633 0.0303964 
0.83631 0.00798493 0.112947 0.00371795 4.81686E-4 0.0172832 0.0212754 
0.847778 0.00728834 0.0957286 0.00949953 0.00107073 0.019474 0.0191611 
0.815431 0.00820908 0.124194 0.00368738 8.39586E-4 0.020962 0.0266773 
0.81571 0.00714768 0.107915 0.00568289 0.00121142 0.0339737 0.0283591 
0.761851 0.00731353 0.140318 0.00385086 7.7266E-4 0.0528889 0.0330057 
0.593695 0.00778682 0.202167 0.00173765 0.00120412 0.144869 0.0485398 
0.361497 0.00627009 0.441065 0.00517364 0.00156052 0.104536 0.0798975 
0.159146 0.00422504 0.45006 9.67695E-4 0.00105845 0.330437 0.0541067 
0.0484415 0.00608302 0.404561 6.53323E-4 9.46139E-4 0.516908 0.0224069 
0.109068 0.00562119 0.352427 4.10433E-4 4.62953E-4 0.517174 0.0148367 
0.292684 0.0369018 0.0889546 1.64456E-4 9.56345E-4 0.576984 0.00335505 
0.249863 0.0435068 0.14028 3.80749E-4 0.00233869 0.558431 0.0052008 
0.296479 0.0405765 0.211237 9.70056E-4 0.00394873 0.441557 0.005232 
0.0584402 0.0153045 0.0782086 2.30227E-4 9.52191E-4 0.843867 0.002997 
0.0233093 0.00469189 0.0292823 2.44552E-5 7.56235E-5 0.940141 0.00247541 
0.0335744 0.0151283 0.0144658 7.14867E-5 4.45038E-4 0.934275 0.00204005 
0.0878523 0.112028 0.017174 8.31178E-4 0.00380473 0.772128 0.00618197 
0.11466 0.447191 0.0133416 0.0017146 0.00726726 0.404796 0.01103 
0.162198 0.259744 0.0218363 0.00290742 0.00885384 0.529501 0.01496 
0.063466 0.0559302 0.0147932 9.09459E-4 0.00208826 0.853553 0.0092598 
0.0568682 0.0405462 0.0176672 6.05549E-4 0.00165593 0.875498 0.00715902 
0.0598762 0.0738942 0.0232465 0.00115989 0.00329094 0.826379 0.0121533 
0.101344 0.104085 0.0217754 0.00150074 0.00641852 0.752524 0.0123528 
0.190247 0.199646 0.0228036 0.00232875 0.00752964 0.55097 0.0264745 
0.198193 0.205135 0.0186968 0.00259842 0.004893 0.54794 0.0225434 
0.209689 0.176183 0.0257227 0.00497474 0.00369987 0.538521 0.0412098 
0.312236 0.182817 0.0339738 0.00669344 0.00360968 0.400667 0.0600033 
0.301258 0.191021 0.0384271 0.0074722 0.00340613 0.390419 0.0679964 
0.234051 0.184139 0.0254566 0.00504835 0.00258346 0.499172 0.0495504 
0.237242 0.208983 0.0198436 0.0038032 0.00315216 0.489511 0.0374655 
0.199843 0.132781 0.0203491 0.00258788 0.00207554 0.605924 0.0364391 
0.250458 0.133687 0.0211202 0.00244942 0.0020787 0.557695 0.0325122 
0.34114 0.158132 0.0292383 0.00303057 0.00203659 0.434636 0.0317855 
0.279114 0.183669 0.0219041 0.00176652 0.0016267 0.484099 0.0278204 
0.218402 0.174057 0.0207146 0.00214448 0.00208737 0.542738 0.0398557 
0.250904 0.172658 0.0283504 0.00273086 0.00158396 0.512141 0.0316307 
0.309697 0.122483 0.0569863 0.0117374 0.00264626 0.459444 0.0370064 
0.284457 0.087827 0.0395442 0.00850269 0.00144113 0.560386 0.0178421 
0.389452 0.0620825 0.0704387 0.0130536 0.00186961 0.440268 0.0228348 
0.09186 0.00994217 0.41923 0.0128899 0.00210786 0.432546 0.0314246 
0.102854 0.0153819 0.118776 0.00965216 0.00108622 0.739129 0.0131203 
0.658667 0.116791 0.0875903 0.0553477 0.00188203 0.0518781 0.0278438 
0.739851 0.078857 0.0624422 0.0649036 0.00162076 0.0342074 0.0181177 
0.0924783 0.846702 0.00223537 0.0406062 0.00665094 0.00276965 0.00855766 
0.0158699 0.953505 5.04886E-4 0.0234338 0.00361587 6.87388E-4 0.00238279 
0.0487289 0.650179 0.010768 0.0902305 0.168714 0.0124789 0.0189002 
0.0305899 0.814958 0.00504739 0.112575 0.029294 0.0023647 0.00517025 
0.0395239 0.592689 0.0117511 0.34134 0.00719832 0.00195628 0.00554079 
0.0672667 0.419497 0.033645 0.227487 0.186766 0.0229827 0.0423567 
0.112367 0.394402 0.0354126 0.334445 0.0639888 0.0120532 0.0473309 
0.121139 0.264239 0.0436519 0.400512 0.0794896 0.0178352 0.0731335 
0.0789463 0.175642 0.0286207 0.582701 0.0451727 0.0140637 0.0748542 
0.0439961 0.108338 0.031975 0.741675 0.0222113 0.0180314 0.0337737 
0.0490445 0.358211 0.141417 0.377182 0.00507028 0.0456272 0.0234484 
0.0130835 0.211898 0.0844769 0.649053 0.00212053 0.0257559 0.013612 
0.00308856 0.0251277 0.0181427 0.944308 0.00134092 0.00285314 0.00513926 
0.00437941 0.037747 0.0141106 0.936796 0.00138834 0.00235405 0.00322415 
0.00379209 0.0317389 0.0109203 0.948873 0.00104712 0.00142993 0.00219918 
0.00251023 0.0173125 0.00801588 0.96845 9.42884E-4 8.59186E-4 0.00190977 
0.00317941 0.0259233 0.00624999 0.95938 0.00192212 0.00139341 0.00195203 
0.00392083 0.0446108 0.00917341 0.935818 0.00206328 0.0020576 0.00235579 
0.00446909 0.0474138 0.00852398 0.933322 0.0020273 0.00213737 0.00210619 
0.0053495 0.0781635 0.0142277 0.888938 0.00330373 0.00606644 0.00395153 
0.00334604 0.0412426 0.0079649 0.938402 0.00303705 0.00357678 0.00243077 
0.00505424 0.0628842 0.0127455 0.90244 0.00512744 0.00717441 0.00457385 
0.00308706 0.0413939 0.00827256 0.936586 0.00344764 0.00434197 0.0028713 
0.00196916 0.0228064 0.00496474 0.96421 0.00180443 0.00264969 0.00159568 
0.00255495 0.0283945 0.00670471 0.953307 0.00234716 0.00421695 0.00247495 
0.00425166 0.0383723 0.00955723 0.934033 0.00356966 0.00594217 0.00427399 
0.0073231 0.0954034 0.0114003 0.872545 0.0063453 0.00409177 0.00289112 
0.00854358 0.124552 0.0114215 0.834633 0.0102936 0.00678662 0.00376949 
0.00983925 0.403159 0.0240405 0.545685 0.00278317 0.0110705 0.00342283 
0.0101089 0.406183 0.0208498 0.548154 0.00306331 0.00886391 0.00277647 
0.0107472 0.445923 0.0165864 0.506023 0.00501304 0.0127304 0.00297751 
0.0117424 0.32468 0.00904866 0.633114 0.0145259 0.00526371 0.00162621 
0.00844132 0.398292 0.0142741 0.571205 0.00210895 0.00462733 0.00105093 
0.00827725 0.450094 0.00956383 0.519541 0.00466691 0.00675432 0.00110248 
0.0289412 0.322027 0.0198702 0.49792 0.0947727 0.0275522 0.00891648 
0.0446383 0.256471 0.0323276 0.468829 0.137588 0.0410062 0.0191397 
0.0499844 0.217772 0.0393254 0.457759 0.174564 0.0349946 0.025601 
0.0381901 0.174705 0.0308577 0.397877 0.309023 0.0300034 0.0193432 
0.0306172 0.126473 0.025073 0.2809 0.494963 0.0264875 0.0154856 
0.0308863 0.100515 0.0257007 0.215778 0.58489 0.0261337 0.0160956 
0.843212 0.00589382 0.0825558 0.0221583 0.00255657 0.00298771 0.0406362 
0.872502 0.00647833 0.0614353 0.033389 0.00354768 0.0018432 0.0208043 
0.844507 0.00560363 0.0980195 0.0158969 0.00115855 0.00317096 0.0316438 
0.835883 0.00779727 0.0879262 0.0284154 0.00338231 0.00371555 0.0328804 
0.833289 0.00662353 0.0915265 0.0170333 0.0025802 0.00325298 0.0456949 
0.845412 0.00813271 0.0792877 0.0243513 0.00257104 0.00326153 0.036984 
0.83881 0.00586212 0.0900607 0.0295439 0.00277495 0.00241441 0.0305343 
0.819281 0.00565322 0.0977142 0.0386058 0.00221763 0.0035635 0.0329648 
0.824233 0.00695539 0.0889217 0.0327412 0.0035546 0.0039924 0.0396015 
0.823796 0.0061071 0.101264 0.017793 0.00237283 0.00317021 0.0454976 
0.826649 0.00791122 0.0947639 0.0246843 0.00297097 0.00332366 0.0396966 
0.815003 0.00605308 0.105803 0.0183852 0.00159073 0.0026618 0.0505034 
0.821184 0.00710998 0.0935144 0.0247747 0.00215044 0.00280179 0.048465 
0.817773 0.00677749 0.0923386 0.0337845 0.00224974 0.00313504 0.0439413 
0.812467 0.00621156 0.0944366 0.0477917 0.00236302 0.00285949 0.0338703 
0.786887 0.00606164 0.113143 0.0212564 0.00137234 0.00340033 0.0678791 
0.820756 0.00694428 0.0935173 0.021978 0.00151967 0.00368163 0.0516035 
0.80528 0.00751733 0.104569 0.0268864 0.00172011 0.0034273 0.0506004 
0.819883 0.00920786 0.0846819 0.0425416 0.00198877 0.00355636 0.0381411 
0.809794 0.00734255 0.104263 0.0185171 0.00193697 0.00382898 0.0543169 
0.825453 0.00686331 0.101234 0.0161892 0.00205712 0.00485868 0.0433446 
0.829993 0.00823124 0.0830434 0.0351506 0.00299061 0.00336502 0.0372262 
0.84743 0.0084986 0.0810655 0.0138568 0.0026851 0.0029668 0.0434968 
0.842237 0.00656812 0.0755126 0.0242901 0.00187852 0.00327674 0.0462371 
0.857256 0.00621167 0.0742393 0.0304972 0.00146426 0.0017498 0.028582 
0.823595 0.00503125 0.0949116 0.030558 0.00196434 0.00311491 0.0408254 
0.797546 0.0062842 0.1326 0.0121014 0.00125497 0.00778873 0.0424248 
0.833427 0.00681322 0.11035 0.0192473 0.00137828 0.00466802 0.0241164 
0.848184 0.00855906 0.102858 0.0121529 0.00116566 0.00376137 0.0233185 
0.872469 0.0269862 0.0393049 0.0377707 0.00415057 0.00303499 0.0162833 
0.858535 0.034144 0.0340499 0.0404179 0.00631272 0.00427747 0.0222629 
0.307329 0.145121 0.0112625 0.500359 0.0246492 0.00171577 0.00956336 
0.323037 0.2528 0.0104109 0.378415 0.0217435 0.00336293 0.0102303 
0.453009 0.373074 0.0214153 0.115688 0.00593849 0.0107694 0.0201062 
0.217832 0.382299 0.0188884 0.342918 0.0156946 0.00935409 0.0130141 
0.123149 0.641316 0.00978831 0.192971 0.0181377 0.00589326 0.00874416 
0.110429 0.763499 0.00537419 0.0939193 0.0153085 0.00474168 0.00672814 
0.110846 0.5816 0.010456 0.26583 0.0164956 0.00629155 0.00848063 
0.154937 0.583287 0.0194378 0.198966 0.0149559 0.0143591 0.0140571 
0.233706 0.423148 0.0226123 0.261667 0.0263542 0.0156747 0.0168376 
0.25571 0.284765 0.032413 0.371492 0.0200077 0.0179735 0.0176385 
0.287925 0.243675 0.0386672 0.359659 0.0156855 0.0328833 0.0215041 
0.377955 0.208393 0.0434587 0.310832 0.0117606 0.0289179 0.0186827 
0.424706 0.204237 0.0482927 0.252944 0.0107492 0.0410816 0.0179894 
0.379222 0.26066 0.038321 0.269494 0.0108885 0.0251222 0.0162926 
0.40431 0.28889 0.0356584 0.210188 0.0137741 0.0304996 0.0166796 
0.415536 0.249159 0.0343647 0.242846 0.0155979 0.028895 0.0136013 
0.455184 0.289421 0.0562848 0.109579 0.00716586 0.0712606 0.011104 
0.287691 0.243398 0.051915 0.0224506 0.0101092 0.37743 0.00700661 
0.33953 0.265125 0.062529 0.0571366 0.00877766 0.252208 0.014693 
0.435164 0.267331 0.0516391 0.0454412 0.0100085 0.168833 0.021583 
0.408477 0.369995 0.0445898 0.0283215 0.00872258 0.121207 0.0186873 
0.42407 0.217193 0.0416046 0.248799 0.00750339 0.0400275 0.020802 
0.327608 0.141704 0.0409474 0.421507 0.00824065 0.0373618 0.0226319 
0.270168 0.610069 0.0174925 0.0240773 0.00827996 0.0599323 0.00998018 
0.145543 0.753446 0.00859251 0.006562 0.00252182 0.079239 0.00409576 
0.153184 0.755509 0.00576391 0.00480992 0.0029956 0.0679309 0.00980667 
0.380457 0.508368 0.01281 0.0386054 0.00651549 0.0436521 0.00959192 
0.451586 0.211641 0.0350323 0.245737 0.00673546 0.0278309 0.0214373 
0.250101 0.619578 0.0139929 0.00475534 0.00458567 0.0969646 0.0100225 
0.285299 0.647199 0.0131712 0.00931002 0.00329847 0.0331465 0.00857557 
0.19239 0.516551 0.0167987 0.240812 0.0105918 0.0111832 0.0116735 
0.830535 0.00838131 0.0657309 0.0730166 0.00233361 0.00227035 0.0177318 
0.783669 0.00772564 0.0687183 0.116977 0.00385666 0.00191476 0.0171396 
0.759079 0.00849647 0.0580451 0.149648 0.0037339 0.00214297 0.0188549 
0.830911 0.00733248 0.0774738 0.0573651 0.00183874 0.00247766 0.0226009 
0.839181 0.00878813 0.0644283 0.0636052 0.00232773 0.00263375 0.0190355 
0.826342 0.00731909 0.0784575 0.0580877 0.00186997 0.00188626 0.0260379 
0.852893 0.00663469 0.0782287 0.0388211 0.00135802 0.00268696 0.0193779 
0.787157 0.0067014 0.0815318 0.101058 0.00263593 0.00231648 0.0186001 
0.819595 0.00635154 0.0924169 0.0559356 0.00191748 0.00175724 0.0220265 
0.81206 0.00729012 0.0846031 0.0667479 0.00181864 0.00234807 0.0251325 
0.813207 0.00873312 0.0740718 0.0811649 0.00244125 0.00168023 0.0187012 
0.788183 0.00709677 0.0820236 0.0965383 0.00185823 0.0026324 0.0216675 
0.752918 0.00634799 0.121219 0.0917687 0.00190339 0.00223475 0.0236079 
0.835512 0.0054362 0.0866118 0.0415672 0.00192754 0.00254746 0.0263978 
0.811301 0.00746212 0.0866811 0.047525 0.00198974 0.00275888 0.042282 
0.803295 0.00665232 0.0906433 0.0662251 0.00170767 0.00239378 0.0290825 
0.828212 0.00701225 0.080159 0.0445437 0.00243927 0.00227345 0.0353602 
0.824164 0.00822063 0.0706606 0.0575391 0.00304104 0.00266126 0.0337136 
0.828332 0.00681084 0.0699197 0.0571647 0.00293391 0.00337839 0.0314601 
0.83553 0.00618212 0.0921161 0.0204502 0.00183778 0.00218072 0.0417034 
0.822231 0.00700489 0.0884183 0.0398096 0.00159557 0.00298212 0.0379586 
0.823642 0.00619723 0.080314 0.0637656 0.00208292 0.0021658 0.0218328 
0.807727 0.00673989 0.0921717 0.0564649 0.00173738 0.00285938 0.0323002 
0.819284 0.00589614 0.0869821 0.0566117 0.00165759 0.00257288 0.0269957 
0.83216 0.00610291 0.0782096 0.0501298 0.00277458 0.00218024 0.0284431 
0.774554 0.00607923 0.0925571 0.0933316 0.00263796 0.0018883 0.028952 
0.781386 0.0066663 0.0807347 0.0864769 0.00325465 0.00306845 0.0384133 
0.754963 0.00736186 0.0869086 0.116091 0.0027068 0.00295063 0.0290174 
0.798005 0.00600993 0.0996905 0.0651178 0.00165346 0.00252628 0.0269969 
0.824611 0.00805718 0.0699768 0.0749208 0.00344343 0.00178692 0.0172043 
0.821193 0.00757958 0.0913038 0.0494368 0.0016344 0.00164502 0.0272077 
0.848381 0.00728657 0.0713556 0.0425896 0.00247812 0.00220744 0.0257019 
0.855313 0.00728559 0.0765147 0.0280905 0.00244966 0.00266801 0.0276784 
0.844402 0.00720298 0.0794427 0.0352708 0.00229904 0.00263077 0.0287514 
0.830219 0.00752828 0.0704928 0.0702434 0.00262161 0.00164046 0.0172548 
0.849987 0.00672326 0.0854797 0.02302 0.00214306 0.0020726 0.0305744 
0.847502 0.00669489 0.082355 0.0330919 0.00172501 0.0021526 0.0264782 
0.850155 0.00654244 0.0827741 0.0229918 0.00170542 0.00224402 0.0335874 
0.853774 0.00771073 0.0809442 0.0232095 0.00229217 0.00204787 0.0300213 
0.864126 0.00662324 0.0809689 0.0221033 0.00143268 0.00199529 0.0227508 
0.844047 0.00676113 0.0913197 0.0301674 0.00160095 0.00206034 0.0240439 
0.856812 0.00738566 0.0766748 0.0272528 0.00159868 0.00295136 0.0273245 
0.82636 0.00837431 0.0803241 0.0491076 0.00232188 0.00298789 0.0305246 
0.829076 0.00772486 0.0899224 0.0314159 0.00148836 0.00342547 0.036947 
0.823575 0.00681749 0.0969197 0.0278812 0.00127136 0.00361063 0.039925 
0.826266 0.00755028 0.0846224 0.0384081 0.00184714 0.00342811 0.0378776 
0.781217 0.00568438 0.110134 0.0392546 0.00172368 0.00357992 0.0584061 
0.818193 0.00683096 0.0913972 0.0296965 0.00166714 0.00482788 0.0473874 
0.841245 0.00738295 0.0813823 0.0249133 0.00160966 0.00372337 0.039743 
0.811252 0.00777951 0.0769832 0.0448089 0.00294166 0.00435301 0.0518821 
0.829726 0.00595111 0.093642 0.0216975 0.0017426 0.00315959 0.0440813 
0.858262 0.00839895 0.0657468 0.0459777 0.0026787 0.00324087 0.0156945 
0.848959 0.0079554 0.075754 0.0432692 0.00178038 0.00257659 0.0197058 
0.826775 0.0127593 0.0425294 0.100373 0.00483089 0.00211759 0.010615 
0.855245 0.00756511 0.0663532 0.0471792 0.00232628 0.00337656 0.0179544 
0.851418 0.00617496 0.0921445 0.00939017 0.00117 0.00208825 0.0376138 
0.816896 0.00732976 0.0733545 0.0692706 0.00347751 0.00267497 0.0269962 
0.803438 0.00474688 0.125922 0.0328039 0.00105719 0.0032596 0.0287716 
0.779722 0.00722702 0.10675 0.0129143 0.00120419 0.0062628 0.08592 
0.801531 0.00524631 0.120893 0.00890525 0.00112546 0.00357993 0.0587193 
0.810159 0.00497634 0.10607 0.0189115 0.00177511 0.00240328 0.0557049 
