0.701511 0.00666325 0.232339 0.0138346 0.00153915 0.0219603 0.022153 
0.690702 0.00878305 0.241396 0.00274802 0.00257426 0.0235743 0.0302225 
0.69695 0.00794928 0.238899 0.00245378 0.00200602 0.0215548 0.0301876 
0.676906 0.00649402 0.257494 0.00550424 0.00230927 0.0215065 0.0297855 
0.639553 0.00900694 0.272338 0.00348956 0.0027938 0.0349923 0.0378264 
0.669931 0.00691914 0.236861 0.00883641 0.00222816 0.0471867 0.0280367 
0.648609 0.00745132 0.281686 0.00514248 0.00231634 0.028489 0.0263056 
0.622632 0.00687129 0.300921 0.00428003 0.00180858 0.0301252 0.033362 
0.684557 0.00796818 0.259447 0.00277418 0.0014889 0.0211251 0.0226401 
0.625187 0.00683785 0.291156 0.00207601 0.00168706 0.0360019 0.037054 
0.692477 0.0106827 0.238405 0.00273569 0.00403594 0.0225825 0.0290815 
0.706611 0.0064283 0.237474 0.00400934 0.00183694 0.0195917 0.024049 
0.633051 0.00463441 0.293236 0.00392936 0.00124716 0.0299899 0.0339116 
0.583921 0.00457739 0.336678 0.00392839 0.0017282 0.0263319 0.0428349 
0.605589 0.00429492 0.309061 0.00410574 0.0013696 0.0268792 0.048701 
0.616756 0.00512358 0.297232 0.00338406 0.00134672 0.0275921 0.0485652 
0.709702 0.0053407 0.222986 0.00432661 0.00197191 0.0190133 0.0366591 
0.725112 0.00527462 0.203697 0.00260261 0.00144498 0.0143348 0.0475333 
0.710851 0.00662956 0.225712 0.0023338 0.00203996 0.0135451 0.0388886 
0.662171 0.00645996 0.238029 0.00240081 0.0022485 0.0348176 0.0538734 
0.428574 0.00569162 0.426464 0.00137906 0.00163579 0.0685141 0.0677406 
0.300704 0.00730305 0.460989 0.00146727 0.00184847 0.181796 0.0458919 
0.0754715 0.00714875 0.519137 0.00611725 0.00377606 0.244722 0.143627 
0.122976 0.0110568 0.230733 0.00636645 0.00427978 0.256559 0.368029 
0.253467 0.0180738 0.206486 0.00423372 0.00321683 0.174292 0.34023 
0.150518 0.0396458 0.159678 0.00446603 0.0052466 0.466602 0.173843 
0.134642 0.0135229 0.269578 0.00922166 0.00372338 0.344383 0.224929 
0.0226799 0.00581212 0.686348 0.00214721 0.00145503 0.227194 0.0543635 
0.00818693 0.00228465 0.54743 0.00140974 8.5564E-4 0.39233 0.0475031 
0.00853398 0.00112225 0.598907 4.97835E-4 3.72697E-4 0.359844 0.0307218 
0.00734519 0.00165914 0.74658 0.00100561 2.76512E-4 0.216493 0.0266405 
0.00377131 0.00111808 0.623583 4.68134E-4 1.2472E-4 0.352737 0.0181979 
0.00536567 0.0420629 0.903981 0.00390198 0.0013617 0.0316574 0.0116698 
0.0047031 0.0400673 0.934913 0.00379721 0.00164242 0.00814071 0.00673664 
0.027372 0.132499 0.637579 0.0429319 0.0330732 0.093552 0.0329933 
0.621394 0.192211 0.0571547 0.00981664 0.0524675 0.0115055 0.0554507 
0.205635 0.0285046 0.244791 0.0034421 0.00372467 0.485303 0.0285994 
0.0362506 0.0125738 0.139568 0.018993 0.00131505 0.784533 0.00676712 
0.0476498 0.00438491 0.0672656 2.36834E-4 2.02406E-4 0.878833 0.00142785 
0.0750017 0.0051488 0.429706 7.09285E-4 5.99118E-4 0.485047 0.00378753 
0.0351399 0.00228227 0.239674 2.448E-4 2.05416E-4 0.720554 0.00189918 
0.0482352 0.00844489 0.387229 3.80081E-4 4.05174E-4 0.553372 0.0019337 
0.00630868 0.0256212 0.522348 0.0037632 0.00138422 0.433326 0.00724838 
0.0130676 0.0441156 0.672296 0.0176901 0.0151555 0.22511 0.0125648 
0.0269996 0.0684907 0.381698 0.216347 0.0567208 0.225232 0.0245129 
0.0311407 0.10423 0.203155 0.346584 0.0726487 0.210915 0.0313263 
0.0158325 0.0296662 0.0683251 0.812499 0.015567 0.0548872 0.0032226 
0.0632056 0.0268965 0.288504 0.390702 0.0691704 0.0849278 0.0765932 
0.0164692 0.0488799 0.729142 0.0711857 0.0252567 0.0936486 0.0154183 
0.0380743 0.137449 0.392108 0.171309 0.0810204 0.143538 0.0365015 
0.0428782 0.185043 0.306556 0.171412 0.113846 0.135947 0.0443182 
9.90397E-4 0.00184737 9.91064E-5 0.132801 0.864096 1.37892E-4 2.83098E-5 
2.52455E-5 2.97138E-4 1.08712E-5 0.00600169 0.993639 2.52546E-5 6.8476E-7 
0.875815 0.00923845 0.076024 0.0143078 0.0027854 0.00310315 0.0187258 
0.860658 0.0082015 0.0914429 0.00810619 0.00207754 0.00287567 0.0266387 
0.871375 0.00672388 0.0866809 0.00871752 0.00198176 0.0025909 0.0219299 
0.80968 0.00533037 0.101513 0.0147126 0.00122476 0.00772532 0.0598143 
0.85181 0.00799384 0.0850556 0.0149881 0.00136137 0.00721759 0.0315736 
0.84135 0.00584757 0.102792 0.0156374 0.00157746 0.00351571 0.0292794 
0.860556 0.00776104 0.0784622 0.0213782 0.00307779 0.00385567 0.0249095 
0.847975 0.00602303 0.0944936 0.0154969 0.00212019 0.00415003 0.0297414 
0.874079 0.00687645 0.0824746 0.00836402 0.00154986 0.00397395 0.0226823 
0.876911 0.00553038 0.0834753 0.0140778 0.00159129 0.00377919 0.0146348 
0.866858 0.00649452 0.0798196 0.0200656 0.0018255 0.00411108 0.0208261 
0.873286 0.00572176 0.0834876 0.0102496 0.00127199 0.00437439 0.0216084 
0.893472 0.00632747 0.0604705 0.0143777 0.00181192 0.00274584 0.0207941 
0.881654 0.00665955 0.0550299 0.00854621 0.00105037 0.00146173 0.0455983 
0.838436 0.00892074 0.0677083 0.00804538 0.00191326 0.00338975 0.0715865 
0.45084 0.00982775 0.339985 0.0012446 0.00206202 0.0598445 0.136196 
0.253813 0.00909366 0.531474 0.00231753 0.00654821 0.0593227 0.137431 
0.015624 0.00123025 0.122674 1.60289E-4 1.2927E-4 0.852348 0.00783451 
0.00949195 0.0429701 0.504084 0.00274178 0.0013787 0.423988 0.0153452 
0.0102533 0.0633225 0.872994 0.0109497 0.0110315 0.0229796 0.00846974 
0.016524 0.0942538 0.774665 0.023019 0.0248341 0.0522571 0.0144473 
0.0317938 0.106626 0.0095824 0.333529 0.501547 0.0104114 0.00651072 
0.00355854 0.0480303 0.00204008 0.282381 0.65873 0.00394546 0.00131484 
6.29814E-4 0.0154807 2.50116E-4 0.136601 0.846114 8.04948E-4 1.19116E-4 
4.34411E-4 0.00950045 1.72829E-4 0.0712446 0.917731 8.62588E-4 5.42837E-5 
0.048209 0.299366 0.0134421 0.524879 0.0964266 0.0126686 0.00500906 
0.0162375 0.20922 0.0399459 0.497645 0.0950015 0.13177 0.01018 
0.117937 0.172234 0.360906 0.0482329 0.100196 0.076908 0.123586 
0.129111 0.109471 0.535197 0.0313978 0.0102915 0.105445 0.0790864 
0.0463509 0.208582 0.503598 0.0540355 0.0223878 0.118471 0.0465749 
0.0451745 0.239213 0.370743 0.10423 0.0650164 0.12543 0.0501933 
0.0430263 0.181679 0.33812 0.150784 0.110731 0.131282 0.0443771 
0.0428897 0.176377 0.333397 0.15638 0.114368 0.132899 0.0436904 
0.0428206 0.172732 0.327468 0.162778 0.116656 0.134236 0.0433086 
0.0428037 0.174863 0.333301 0.158548 0.114518 0.132499 0.0434679 
0.0427903 0.173157 0.33033 0.1613 0.115724 0.133329 0.0433692 
0.0427557 0.172455 0.329884 0.162095 0.116048 0.133474 0.0432887 
0.0427066 0.172354 0.332322 0.160711 0.115661 0.133021 0.0432242 
0.0430297 0.180565 0.334867 0.157737 0.109252 0.129538 0.0450126 
0.0433184 0.181193 0.327367 0.160279 0.110739 0.131697 0.0454055 
0.0432821 0.178725 0.323096 0.163458 0.113233 0.133236 0.0449699 
0.043337 0.17897 0.322716 0.16202 0.113839 0.134236 0.0448818 
0.85385 0.0136942 0.0748841 0.0365196 0.00419866 0.00255101 0.014302 
0.854143 0.0122165 0.088216 0.0217896 0.00399599 0.00203749 0.0176017 
0.844761 0.0119508 0.0953187 0.0222865 0.00395456 0.00287108 0.018857 
0.841185 0.0137299 0.080221 0.0430951 0.00487309 0.00249261 0.0144032 
0.855759 0.0138778 0.0851049 0.0269487 0.00405681 0.00185249 0.0124005 
0.857512 0.0113642 0.0867116 0.0204835 0.00375046 0.00313632 0.0170421 
0.828492 0.0119285 0.0899925 0.0469696 0.00402948 0.00226945 0.0163186 
0.832703 0.0114642 0.0863727 0.0508813 0.00630419 0.00143801 0.0108362 
0.81049 0.00977385 0.0685677 0.0907854 0.00850432 0.001675 0.010204 
0.79616 0.0113516 0.0648333 0.107346 0.00807338 0.00238826 0.00984774 
0.847862 0.0124054 0.0716054 0.0509327 0.00451925 0.00196885 0.010706 
0.849137 0.0114662 0.0825492 0.0351478 0.00574145 0.00178246 0.0141757 
0.838868 0.0082855 0.102174 0.0284325 0.00265517 0.00171806 0.0178665 
0.834742 0.0124467 0.0966882 0.0319178 0.00586042 0.00223726 0.0161076 
0.838178 0.012465 0.0779512 0.0514294 0.00600048 0.00230423 0.011672 
0.84889 0.0146043 0.0670564 0.0467066 0.00992542 0.00230748 0.0105102 
0.823392 0.0156139 0.0587571 0.079173 0.0113196 0.00238206 0.00936239 
0.800765 0.0104118 0.117251 0.0164712 0.00506484 0.0126282 0.0374081 
0.779629 0.00823829 0.127422 0.0346687 0.00267027 0.0112537 0.0361178 
0.792236 0.00790219 0.115337 0.0328102 0.00403471 0.0087399 0.0389405 
0.81771 0.00622414 0.113247 0.0289582 0.00332505 0.00625785 0.0242781 
0.828808 0.00881148 0.0999545 0.0175797 0.00858928 0.00710817 0.0291491 
0.784636 0.00731687 0.131897 0.020054 0.00412996 0.0072031 0.0447627 
0.80694 0.00789707 0.127772 0.00873096 0.00330481 0.00923058 0.0361253 
0.807241 0.00989242 0.128861 0.00525951 0.00463111 0.00889206 0.0352228 
0.795626 0.0100394 0.133471 0.0063887 0.00485919 0.0108542 0.0387616 
0.794257 0.00958946 0.138331 0.00518024 0.00641859 0.0076989 0.0385254 
0.786351 0.00830826 0.145497 0.00922025 0.00520684 0.00842287 0.0369939 
0.797708 0.00955035 0.135317 0.00885661 0.00335154 0.00828849 0.0369284 
0.803519 0.00972845 0.13073 0.0110104 0.00370588 0.00766686 0.0336393 
0.811214 0.00970879 0.125267 0.00654781 0.00345057 0.00898978 0.0348224 
0.771656 0.008006 0.15716 0.00708605 0.0022241 0.00991062 0.0439577 
0.797695 0.00956945 0.139044 0.00633539 0.00340738 0.0103068 0.0336422 
0.788294 0.0097885 0.139281 0.00866872 0.00480004 0.0197702 0.0293976 
0.778038 0.0142599 0.135981 0.0102202 0.00450634 0.0377047 0.0192903 
0.726463 0.0146742 0.160654 0.00356023 0.0030546 0.0724896 0.0191052 
0.74756 0.0131986 0.159244 0.00681809 0.00327633 0.0497273 0.0201761 
0.724034 0.0151588 0.195534 0.00536533 0.00342556 0.0342999 0.022183 
0.770684 0.00969033 0.167415 0.00480005 0.00237896 0.0206392 0.0243923 
0.739185 0.00826113 0.182706 0.00480676 0.00228727 0.0329193 0.0298349 
0.753273 0.0114255 0.165759 0.00491013 0.00263622 0.0291131 0.0328826 
0.735336 0.00968836 0.175633 0.00467639 0.00291701 0.0375028 0.0342457 
0.715878 0.00891342 0.197669 0.00490814 0.0024347 0.0321775 0.0380189 
0.682495 0.0113487 0.219414 0.00275748 0.00242071 0.0368671 0.0446971 
0.742118 0.0110052 0.177844 0.00633823 0.00273384 0.0303064 0.0296546 
0.707309 0.0110773 0.205115 0.00368592 0.00316038 0.0330303 0.0366216 
0.708192 0.0111068 0.202943 0.005257 0.00420597 0.0306544 0.0376414 
0.723663 0.0082414 0.189508 0.0069004 0.00237862 0.036269 0.03304 
0.736485 0.0112048 0.190075 0.00642663 0.00301193 0.0157302 0.0370668 
0.72076 0.00875288 0.207978 0.00747323 0.00302586 0.0168415 0.0351692 
0.735321 0.00867697 0.194261 0.00621817 0.00417234 0.0141232 0.0372278 
0.711866 0.00851047 0.213963 0.00489565 0.00368899 0.0152511 0.0418249 
0.757495 0.00893045 0.173748 0.00494132 0.00250547 0.015434 0.0369455 
0.793997 0.00957964 0.144526 0.00573101 0.00304344 0.00982826 0.033295 
0.769314 0.00947632 0.163831 0.00560282 0.00248603 0.0127193 0.0365709 
0.723111 0.00775843 0.185016 0.0056354 0.00208608 0.0178321 0.0585606 
0.769911 0.0106713 0.155162 0.00793018 0.00262913 0.0125746 0.0411214 
0.729502 0.00859858 0.185318 0.00589027 0.00234872 0.0200746 0.0482679 
0.738078 0.00923625 0.176045 0.00486667 0.00373805 0.017907 0.050129 
0.764569 0.0130071 0.156934 0.00612768 0.00430784 0.0161417 0.038912 
0.767859 0.00734082 0.1507 0.0222511 0.00416621 0.0100257 0.0376572 
0.797002 0.0108476 0.123872 0.0262429 0.00700887 0.0087861 0.0262404 
0.757711 0.00852626 0.161611 0.0218318 0.00304242 0.00827718 0.0389999 
0.744378 0.008273 0.181504 0.00872707 0.00311416 0.00870592 0.0452975 
0.722502 0.00735275 0.201836 0.00796009 0.00257293 0.0118648 0.0459111 
0.740162 0.00943416 0.183002 0.00629486 0.00228661 0.0122185 0.0466019 
0.750613 0.00783486 0.175329 0.00438128 0.00278935 0.0129537 0.0460986 
0.761899 0.00907936 0.148924 0.00779848 0.00322714 0.0144259 0.054646 
0.729144 0.010206 0.184291 0.00615258 0.00353973 0.012531 0.0541349 
0.682167 0.00670575 0.198893 0.00988649 0.00165606 0.032555 0.0681366 
0.670936 0.00545047 0.226219 0.0044755 0.00133801 0.0259725 0.0656082 
0.67613 0.00571477 0.219775 0.00535477 0.00206347 0.0211255 0.0698359 
0.725381 0.0060406 0.187868 0.00478819 0.0019522 0.0185206 0.0554489 
0.756847 0.00842817 0.159229 0.0025257 0.00288428 0.0243124 0.045773 
0.775652 0.0100214 0.150123 0.00539396 0.00570988 0.00970427 0.0433953 
0.823595 0.0154952 0.0999423 0.0050803 0.00436888 0.0145479 0.0369703 
0.773982 0.00850243 0.136449 0.00759289 0.00769448 0.0176303 0.0481493 
0.727857 0.00958925 0.167092 0.00756346 0.0046113 0.0341129 0.0491743 
0.769395 0.0112448 0.153748 0.0124256 0.00390898 0.0172358 0.0320413 
0.583058 0.0111467 0.283461 0.00268447 0.00216345 0.051921 0.065566 
0.788228 0.0139459 0.128813 0.0140261 0.00460411 0.0243005 0.0260827 
0.754346 0.010059 0.166712 0.00324185 0.00189607 0.0347066 0.0290382 
0.769973 0.0131458 0.144177 0.00444256 0.00290195 0.0363323 0.0290273 
0.804036 0.0167273 0.115493 0.00885949 0.00455399 0.0283034 0.0220271 
0.635057 0.0122216 0.147918 0.0352374 0.00142135 0.0511105 0.117034 
0.608204 0.00607085 0.182551 0.0208641 7.04461E-4 0.0229825 0.158623 
0.56916 0.00889326 0.210262 0.0338536 0.00137801 0.0564518 0.120001 
0.357633 0.00691382 0.217688 0.0111904 8.0708E-4 0.112963 0.292805 
0.257579 0.009101 0.23572 0.0378586 0.00259846 0.121031 0.336113 
0.245204 0.0142162 0.256473 0.117296 0.00610912 0.0395499 0.321152 
0.177315 0.0101975 0.26151 0.0368781 0.00297271 0.46027 0.0508568 
0.0980276 0.00608329 0.14844 0.00839687 9.5746E-4 0.717712 0.0203833 
0.103602 0.00700773 0.150753 0.00139448 9.97696E-4 0.72173 0.0145141 
0.118131 0.00885549 0.352473 0.0101535 0.00228052 0.477718 0.0303887 
0.155359 0.00548378 0.1913 0.00262086 0.00106782 0.578926 0.0652426 
0.130028 0.00706504 0.194159 0.00299838 0.00143598 0.61669 0.0476226 
0.338429 0.00797509 0.227657 0.00320415 0.00137679 0.360811 0.0605467 
0.503096 0.0105609 0.261163 0.00480844 0.00259045 0.118042 0.0997388 
0.51467 0.0097174 0.202186 0.00829898 0.00172178 0.162601 0.100805 
0.476415 0.00881641 0.211697 0.0112878 0.00164029 0.169461 0.120683 
0.587717 0.00865635 0.195242 0.00621538 0.00132342 0.0685706 0.132275 
0.629512 0.0123543 0.172962 0.0282885 0.00192225 0.0731488 0.0818123 
0.522003 0.00745057 0.190578 0.00311722 9.8056E-4 0.0992337 0.176637 
0.687042 0.00618061 0.170478 0.00844648 9.37058E-4 0.0606228 0.0662934 
0.747889 0.00922476 0.151074 0.0077384 7.75115E-4 0.0345829 0.0487153 
0.691828 0.00769609 0.160842 0.0323203 0.00123762 0.0465763 0.0595005 
0.590128 0.00848349 0.196489 0.00662504 0.0014539 0.113459 0.0833613 
0.48359 0.00839945 0.201795 0.0105178 0.00144516 0.184606 0.109647 
0.436555 0.0107442 0.172488 0.00144905 0.00173312 0.152307 0.224724 
0.486671 0.0173443 0.06905 0.00152684 0.00140339 0.268714 0.155291 
0.278688 0.0147438 0.0690056 0.00145247 9.37741E-4 0.579382 0.0557895 
0.165375 0.010468 0.0735763 0.00128837 6.08482E-4 0.721722 0.0269617 
0.0780488 0.00599528 0.0465764 5.057E-4 6.85733E-4 0.845777 0.0224107 
0.103373 0.00696304 0.0388826 6.06077E-4 6.08265E-4 0.81474 0.0348275 
0.140701 0.0127486 0.0309479 0.00164169 8.49496E-4 0.77571 0.0374012 
0.483537 0.0196048 0.10129 0.0236673 0.00147705 0.274666 0.095757 
0.435774 0.033198 0.153513 0.0845706 0.00475883 0.165957 0.122228 
0.125556 0.0531406 0.14177 0.390757 0.0077078 0.123618 0.157449 
0.0534884 0.0414745 0.0974543 0.585899 0.00549772 0.0857208 0.130466 
0.050282 0.0981472 0.0805156 0.38575 0.0512098 0.163812 0.170284 
0.00194777 0.975903 2.15884E-4 0.00234743 0.00724226 0.0108104 0.00153339 
0.00190572 0.889257 9.53126E-4 0.00125248 0.00149777 0.104233 9.01555E-4 
0.00700403 0.400229 0.0220968 0.0189902 0.00658469 0.543417 0.00167878 
0.0312019 0.297098 0.200876 0.100332 0.0559274 0.29021 0.0243544 
0.00626256 0.00370658 2.96178E-4 0.0142075 0.975025 3.09404E-4 1.92675E-4 
7.85756E-5 0.00247346 7.77316E-6 0.0408637 0.956539 3.20735E-5 5.32534E-6 
3.84727E-4 0.00687273 9.11138E-5 0.178031 0.814198 3.95412E-4 2.6841E-5 
4.20605E-4 0.014303 2.60057E-4 0.138062 0.845681 0.00117712 9.55218E-5 
0.443073 0.310461 0.0526068 0.00445016 0.120625 0.0419978 0.0267867 
0.393417 0.253237 0.0935856 0.0112394 0.0515686 0.170106 0.0268464 
0.43999 0.158115 0.0584168 0.107821 0.0098425 0.162097 0.0637169 
0.259332 0.149273 0.0553917 0.439582 0.0059295 0.0370045 0.053486 
0.388637 0.23117 0.0499884 0.273463 0.00508251 0.0180484 0.03361 
0.647736 0.139438 0.0582103 0.100416 0.0023821 0.0239727 0.0278454 
0.624736 0.152309 0.0559491 0.116813 0.00231525 0.0200613 0.0278166 
0.51291 0.0713304 0.0558732 0.328414 0.00196571 0.00782727 0.0216793 
0.702825 0.0595321 0.0652721 0.112198 0.00202316 0.0151483 0.0430015 
0.732765 0.0528492 0.0651522 0.0752549 0.00194583 0.0192396 0.0527934 
0.692028 0.0320537 0.115324 0.0952634 0.00173383 0.0224798 0.0411164 
0.196579 0.0189437 0.371442 0.232549 0.00687197 0.103253 0.0703618 
0.0938699 0.00537951 0.744446 0.0924865 0.00257301 0.0185376 0.042708 
0.216198 0.00338679 0.653948 0.100747 0.00265384 0.00498589 0.01808 
0.435039 0.0816954 0.293464 0.0269429 0.089435 0.0126652 0.0607586 
0.499787 0.100352 0.17759 0.0195182 0.131141 0.0159027 0.0557083 
0.4906 0.053073 0.322752 0.0240986 0.0728823 0.00628654 0.0303077 
0.580948 0.0564546 0.246651 0.0351646 0.0589676 0.00481609 0.016998 
0.585667 0.0728283 0.207008 0.0269771 0.0738341 0.0067091 0.0269753 
0.722785 0.112941 0.102424 0.0157822 0.0301024 0.00426204 0.0117034 
0.740905 0.174187 0.0432268 0.0167196 0.012298 0.00625371 0.00641011 
0.278972 0.672178 0.00731793 0.00623329 0.00607216 0.0228877 0.00633902 
0.330611 0.585357 0.0156279 0.0205204 0.00365567 0.0340348 0.0101934 
0.466459 0.418221 0.0343657 0.0211616 0.00352554 0.0433858 0.0128814 
0.468229 0.404332 0.0368182 0.0120922 0.00285645 0.0588009 0.0168711 
0.54829 0.273284 0.0633516 0.0172975 0.0034775 0.0803172 0.0139821 
0.602253 0.16766 0.0833776 0.0172816 0.00489385 0.102733 0.0218018 
0.634821 0.172949 0.0616278 0.043238 0.00307538 0.0665886 0.0177008 
0.249055 0.0607314 0.0808157 0.53171 0.00270965 0.0283347 0.0466432 
0.621791 0.0545072 0.0746494 0.194231 0.00149704 0.011433 0.0418916 
0.751091 0.0784553 0.0533768 0.0810314 0.00126175 0.0115506 0.023233 
0.767685 0.118667 0.0490484 0.0362108 0.00141404 0.00993876 0.0170352 
0.730132 0.0705657 0.0616797 0.115783 0.00113763 0.0068482 0.0138533 
0.766356 0.0478706 0.0549899 0.102029 0.00145944 0.0060979 0.0211979 
0.686383 0.0444231 0.0610304 0.175487 0.0014566 0.00664469 0.0245753 
0.527409 0.0444427 0.0425337 0.355852 0.00209041 0.00756305 0.0201088 
0.556541 0.0268082 0.115794 0.248037 0.00300092 0.0102886 0.0395301 
0.715522 0.0332605 0.078618 0.134645 0.00139449 0.00936987 0.0271904 
0.712739 0.0372337 0.0799351 0.126038 0.00146403 0.00730254 0.0352879 
0.680539 0.0247507 0.07469 0.1779 0.00161645 0.00649574 0.0340082 
0.688809 0.0242491 0.0871197 0.114242 0.00190863 0.00649538 0.077176 
0.73921 0.0286152 0.0662787 0.0913531 0.00195831 0.0128657 0.0597193 
0.678217 0.0281707 0.0932239 0.12416 0.00204282 0.0133542 0.0608309 
0.741624 0.037019 0.0593194 0.121057 0.00210454 0.00924513 0.0296306 
0.831584 0.0355916 0.0474482 0.0558014 0.00210895 0.00503887 0.0224267 
0.800917 0.0210836 0.054694 0.0857736 0.00260281 0.00628859 0.0286404 
0.824544 0.0188836 0.0584902 0.0608706 0.00252449 0.0052984 0.0293884 
0.78289 0.0182023 0.0736405 0.0613289 0.00168561 0.00962747 0.0526256 
0.771712 0.0320633 0.0567981 0.100413 0.00251624 0.00726164 0.0292355 
0.77391 0.0219907 0.0767162 0.0719783 0.00161341 0.00809894 0.0456925 
0.724216 0.0181801 0.0875954 0.107758 0.00197572 0.00788298 0.052392 
0.781137 0.0207358 0.0582189 0.0789622 0.00193573 0.00752078 0.0514901 
0.756145 0.0180176 0.0580547 0.118571 0.00296161 0.00571008 0.0405397 
0.747011 0.0219583 0.0571068 0.122455 0.002938 0.00930807 0.0392226 
0.720922 0.0310625 0.0582963 0.153254 0.00195855 0.00459143 0.0299161 
0.747515 0.0428305 0.0496357 0.122647 0.00213835 0.00723313 0.0280003 
0.71301 0.0522571 0.0372743 0.151757 0.00314663 0.00630934 0.0362461 
0.618489 0.0765038 0.0489139 0.203482 0.00233934 0.0104173 0.0398546 
0.636208 0.106065 0.0441857 0.147015 0.00234213 0.0111709 0.0530132 
0.52588 0.194226 0.0342443 0.195276 0.00358055 0.0110383 0.0357537 
0.379939 0.244147 0.0369722 0.256769 0.00995042 0.0318377 0.0403846 
0.257443 0.378715 0.0404869 0.261944 0.0072913 0.0264482 0.0276716 
0.171031 0.650465 0.0148165 0.123706 0.00870444 0.0163757 0.0149007 
0.15603 0.595679 0.0186021 0.181197 0.00996534 0.0196882 0.0188381 
0.133217 0.63836 0.0238466 0.16391 0.00515931 0.0190621 0.0164443 
0.0895016 0.826859 0.00640554 0.0455691 0.0036029 0.0195854 0.00847617 
0.0418752 0.898848 0.00358057 0.0394589 0.00235711 0.0101245 0.00375574 
0.0407864 0.896879 0.00313978 0.0382712 0.00251633 0.0150421 0.00336555 
0.013713 0.962765 8.03004E-4 0.00991306 0.00187686 0.00993626 9.9302E-4 
0.00316756 0.989688 1.10266E-4 0.00260376 0.00136735 0.00279577 2.67667E-4 
0.0031841 0.989845 1.13848E-4 0.00273411 6.23568E-4 0.00328027 2.18759E-4 
7.18125E-4 0.99427 4.04816E-5 0.00132969 2.7369E-4 0.00330942 5.90399E-5 
4.25339E-6 0.996858 2.24549E-6 4.95589E-6 1.20355E-4 0.00298924 2.06433E-5 
2.6255E-6 0.997529 1.37905E-6 2.942E-6 8.18864E-5 0.00236777 1.47596E-5 
5.30554E-6 0.99654 2.72747E-6 6.12325E-6 5.59871E-5 0.00337791 1.16419E-5 
3.54079E-6 0.997125 1.89848E-6 4.31911E-6 4.61572E-5 0.0028112 8.14304E-6 
6.15464E-6 0.996167 3.38545E-6 7.51306E-6 2.27309E-5 0.00378467 8.67596E-6 
5.42159E-6 0.996409 3.03258E-6 6.26289E-6 2.39013E-5 0.00354741 4.83738E-6 
2.07496E-6 0.997789 1.16341E-6 2.41864E-6 1.79764E-5 0.00218328 3.88013E-6 
4.81943E-6 0.996655 2.65297E-6 5.72267E-6 1.55708E-5 0.003311 5.64513E-6 
1.51363E-5 0.994264 7.77317E-6 1.59401E-5 1.43312E-5 0.00567374 8.99292E-6 
1.78295E-6 0.997926 1.04771E-6 2.00541E-6 8.21296E-6 0.00205814 2.57418E-6 
1.88253E-6 0.997887 1.07455E-6 2.2749E-6 6.0878E-6 0.00209868 3.19227E-6 
7.37387E-6 0.995932 3.88855E-6 8.299E-6 5.85927E-6 0.00403755 5.18646E-6 
1.2671E-5 0.994501 7.01281E-6 1.53319E-5 6.14043E-6 0.00544737 1.07369E-5 
6.93172E-6 0.99597 3.90137E-6 8.21278E-6 8.82838E-6 0.00399353 8.83751E-6 
4.06999E-6 0.996802 2.4831E-6 5.17873E-6 5.45654E-6 0.0031758 4.57756E-6 
8.19897E-6 0.995475 4.93252E-6 1.02925E-5 5.10066E-6 0.00448989 6.59591E-6 
1.14846E-5 0.994654 6.71626E-6 1.43175E-5 4.56574E-6 0.00530175 7.23626E-6 
3.43064E-5 0.991596 1.63439E-5 3.24846E-5 9.93698E-6 0.00829567 1.56438E-5 
9.49002E-6 0.995404 5.03545E-6 1.00512E-5 6.49142E-6 0.00455839 6.46744E-6 
7.32606E-6 0.995983 3.9246E-6 6.95227E-6 7.06368E-6 0.00398654 5.68168E-6 
4.27778E-6 0.996969 2.24375E-6 3.92367E-6 5.37805E-6 0.00301135 3.40967E-6 
5.80746E-6 0.996468 2.98618E-6 5.72849E-6 5.81173E-6 0.00350675 4.45324E-6 
4.61424E-6 0.996862 2.35305E-6 4.68533E-6 4.97808E-6 0.0031181 3.72248E-6 
7.22567E-6 0.996072 3.63427E-6 7.63118E-6 5.15924E-6 0.00389832 5.584E-6 
7.65808E-6 0.995611 4.63037E-6 9.62517E-6 6.38861E-6 0.00435422 6.90057E-6 
2.01175E-5 0.992793 1.23566E-5 2.52915E-5 6.21834E-6 0.0071304 1.27589E-5 
2.13974E-5 0.992659 1.26529E-5 2.6782E-5 6.89166E-6 0.00726072 1.20912E-5 
7.76116E-6 0.995591 4.61241E-6 9.84019E-6 4.4691E-6 0.00437755 4.91238E-6 
9.85117E-6 0.995157 5.57796E-6 1.1869E-5 4.7005E-6 0.00480544 5.38147E-6 
1.71426E-5 0.993587 9.5774E-6 2.09038E-5 5.14882E-6 0.00635135 8.93578E-6 
1.57531E-5 0.99389 8.84679E-6 1.89771E-5 5.70456E-6 0.00605222 8.20279E-6 
1.38853E-5 0.994197 7.9521E-6 1.70726E-5 5.41647E-6 0.00574985 9.1074E-6 
2.66483E-5 0.992135 1.44054E-5 3.12552E-5 7.73635E-6 0.0077709 1.41108E-5 
6.71451E-5 0.986859 4.0567E-5 8.28184E-5 9.0423E-6 0.0129052 3.59444E-5 
5.28563E-5 0.988592 3.04767E-5 6.38757E-5 7.3872E-6 0.0112259 2.7909E-5 
8.40397E-5 0.987428 3.54071E-5 7.08739E-5 1.62091E-5 0.0123346 3.06758E-5 
0.678526 0.00748961 0.142541 0.0576539 0.00251618 0.0142467 0.0970275 
0.61339 0.0078304 0.150577 0.0491573 0.00195055 0.0259303 0.151164 
0.685672 0.006962 0.152663 0.0424963 0.00168057 0.0191792 0.0913467 
0.741569 0.00574704 0.143183 0.0210495 0.00107969 0.0173165 0.0700552 
0.513851 0.00867414 0.192005 0.0648442 0.0025734 0.0243456 0.193707 
0.463951 0.00484706 0.213173 0.011872 8.60846E-4 0.0204397 0.284856 
0.515394 0.00498729 0.164319 0.00598754 9.52146E-4 0.0147023 0.293658 
0.793234 0.00481031 0.123082 0.0151713 0.00146084 0.00742872 0.0548137 
0.676179 0.00536566 0.15756 0.0310611 0.00103121 0.0104782 0.118326 
0.664884 0.00658327 0.17442 0.0498832 0.00146659 0.0120861 0.0906768 
0.593688 0.00598448 0.200131 0.0547005 0.00210758 0.0100671 0.133322 
0.451712 0.00345441 0.336991 0.0087452 4.42579E-4 0.0193373 0.179317 
0.15447 0.00467457 0.493497 0.00966875 0.00238423 0.0725934 0.262712 
0.0891735 0.00607229 0.624212 0.0141179 0.00400626 0.100701 0.161717 
0.0555384 0.00606423 0.634498 0.0134444 0.00406524 0.168653 0.117736 
0.0120585 0.00236479 0.892573 0.00707816 0.0016379 0.0473179 0.0369692 
0.00599776 0.00220809 0.971002 0.0041678 7.40092E-4 0.00604379 0.00984005 
0.00686781 0.0276951 0.756634 0.167047 0.0152453 0.0202022 0.00630913 
0.0260606 0.0857487 0.504486 0.205694 0.0633829 0.0922446 0.0223832 
0.0385613 0.135559 0.372752 0.185443 0.102591 0.128982 0.0361117 
0.0422702 0.165499 0.322318 0.174797 0.117235 0.13582 0.0420613 
0.00526481 0.0232719 0.00144711 0.629928 0.33867 9.95052E-4 4.23227E-4 
2.94254E-4 0.00486089 1.03522E-4 0.283478 0.710889 3.38001E-4 3.68614E-5 
3.14616E-4 0.00595722 1.646E-4 0.252197 0.740613 7.18868E-4 3.40469E-5 
3.80629E-4 0.00405523 1.19196E-4 0.108701 0.886162 5.65278E-4 1.74267E-5 
0.00504412 0.020054 0.00103531 0.340181 0.632349 9.56225E-4 3.80348E-4 
0.00108955 0.0220864 4.6579E-4 0.426111 0.549186 8.01887E-4 2.59182E-4 
0.00203632 0.0445142 0.00145186 0.424543 0.524884 0.00174995 8.21192E-4 
0.0634689 0.0395745 0.00833185 0.0286769 0.810274 0.018488 0.0311863 
0.00149629 0.0106573 2.5926E-4 0.0477617 0.938947 6.49587E-4 2.28904E-4 
2.07441E-4 0.00598207 6.64507E-5 0.0370027 0.95627 4.40854E-4 3.09035E-5 
9.96722E-4 0.0141924 4.94827E-4 0.115989 0.865906 0.00228803 1.331E-4 
0.00385423 0.0116811 4.18748E-4 0.271761 0.711865 2.12234E-4 2.06961E-4 
1.30774E-4 0.00305302 2.01357E-5 0.109191 0.887546 4.90108E-5 1.01255E-5 
2.35944E-4 5.27402E-4 1.88498E-4 0.0264847 0.972519 4.19513E-5 3.02102E-6 
2.53667E-4 0.00338959 5.17317E-5 0.105179 0.890914 2.03805E-4 8.48254E-6 
0.00468548 0.0124089 5.53798E-4 0.415014 0.566883 2.26655E-4 2.28101E-4 
3.92628E-4 0.00473082 8.85403E-5 0.303216 0.691458 8.13122E-5 3.23696E-5 
5.92272E-5 8.31491E-4 1.03285E-5 0.0534893 0.945549 5.7733E-5 2.97565E-6 
1.8407E-4 0.00661288 9.46387E-5 0.226499 0.766189 3.95631E-4 2.51296E-5 
0.209149 0.0120367 0.299572 0.00514882 0.0053258 0.359711 0.109057 
0.301822 0.00832578 0.305775 0.0032686 0.00204398 0.279175 0.0995892 
0.357512 0.00910338 0.231399 0.00480275 0.00164737 0.332263 0.0632727 
0.6727 0.00965525 0.158753 0.0362015 0.00138913 0.0555801 0.0657208 
0.645072 0.0102443 0.174937 0.0690633 0.00213312 0.0440447 0.0545058 
0.605051 0.00904175 0.198977 0.0423764 0.00162238 0.0571702 0.0857608 
0.608404 0.00853602 0.179331 0.0450085 0.00192648 0.0679203 0.0888741 
0.708827 0.00721067 0.157728 0.0373616 0.00155233 0.0349867 0.0523338 
0.641746 0.01058 0.182161 0.056096 0.00225506 0.042407 0.0647552 
0.679435 0.0125735 0.195442 0.0164509 0.00220708 0.0578325 0.0360589 
0.469491 0.0122752 0.315414 0.00909435 0.0018559 0.160438 0.0314319 
0.609827 0.0100107 0.254833 0.00844618 0.00139487 0.0843982 0.0310901 
0.573771 0.0141518 0.263793 0.00375427 0.00206675 0.107052 0.0354115 
0.568334 0.00772069 0.301136 0.00575785 0.00193803 0.0814347 0.0336787 
0.560978 0.00674821 0.310923 0.00450598 0.0016242 0.077998 0.0372223 
0.556244 0.0125076 0.207102 0.0740016 0.00407163 0.116537 0.029537 
0.408461 0.00785427 0.207062 0.0108276 0.00125814 0.327027 0.03751 
0.354278 0.00808692 0.408969 0.00290123 0.00157409 0.190917 0.0332736 
0.630256 0.00763902 0.228901 0.0144587 0.00300724 0.102687 0.0130507 
0.552452 0.00572729 0.246418 0.0113551 0.00167449 0.12166 0.0607133 
0.564616 0.00643187 0.24498 0.0140411 0.00187862 0.106335 0.0617179 
0.557066 0.00693085 0.26634 0.0280799 0.00136103 0.0879899 0.0522322 
0.468271 0.0111851 0.219673 0.0640217 0.00316196 0.184582 0.0491053 
0.242755 0.00411232 0.595007 0.00275883 9.0409E-4 0.123213 0.0312497 
0.210389 0.0148131 0.405198 0.127356 0.00816513 0.131257 0.102822 
0.247413 0.0144745 0.201621 0.129575 0.00583377 0.0358788 0.365204 
0.225684 0.00446712 0.36444 0.00123287 0.00113713 0.380568 0.0224703 
0.430112 0.0194656 0.19156 0.00181977 0.00145507 0.335341 0.0202468 
0.058836 0.0177602 0.133354 0.00213813 0.00421757 0.765817 0.0178777 
0.0308127 0.0102423 0.31155 0.00100942 0.00240314 0.629432 0.0145508 
0.127932 0.0781133 0.139601 0.0410887 0.264971 0.315587 0.0327063 
0.00571374 0.0152157 0.939937 0.00305892 0.0108828 0.0190141 0.0061775 
0.00700958 0.0309553 0.911787 0.00675666 0.0193343 0.0186511 0.00550615 
0.0196678 0.0589351 0.77532 0.0198234 0.0600599 0.0526497 0.013544 
0.0502562 0.123291 0.316714 0.102773 0.0969154 0.265966 0.0440834 
0.0453989 0.144969 0.479379 0.0445411 0.0737362 0.182476 0.0295002 
0.0164301 0.0557657 0.798242 0.0199036 0.0313477 0.0554032 0.0229075 
0.0158656 0.0588252 0.802923 0.0195305 0.0282429 0.0540484 0.0205643 
0.0237809 0.110338 0.708727 0.0314031 0.0462241 0.0610071 0.0185193 
0.02769 0.108612 0.680522 0.0362163 0.0593596 0.0665329 0.0210666 
0.0361564 0.138566 0.569831 0.0601388 0.0832294 0.0849912 0.0270873 
0.0382563 0.139365 0.497189 0.0965611 0.100759 0.0966182 0.0312515 
0.0429864 0.135184 0.434323 0.119899 0.119657 0.11176 0.0361901 
0.039032 0.128839 0.491815 0.099022 0.103682 0.104005 0.0336068 
0.454209 0.273746 0.0484412 0.154241 0.0034086 0.0122919 0.0536628 
0.0308366 0.128225 0.00931023 0.661961 0.154444 0.00716894 0.0080549 
5.64214E-4 0.82585 3.18093E-4 0.00207717 0.163542 0.00758677 6.18054E-5 
5.45233E-4 0.168374 7.28589E-5 0.00379781 0.818617 0.00856571 2.79604E-5 
8.94829E-4 0.0968374 8.30692E-5 0.0117927 0.878469 0.0118598 6.27191E-5 
0.00139175 0.0239747 4.02686E-4 0.0268675 0.918103 0.0289278 3.32111E-4 
0.0073801 0.563195 2.90472E-4 0.00782333 0.0395822 0.381528 2.00135E-4 
0.00672359 0.265204 0.00498328 6.94292E-4 1.49116E-4 0.722014 2.30921E-4 
0.0101899 0.691113 0.0850684 0.00544937 0.00207076 0.200105 0.00600397 
0.0150033 0.539262 0.121298 0.00979754 0.00403145 0.30088 0.00972694 
0.0188943 0.664227 0.138991 0.0183125 0.00355529 0.14702 0.00899963 
0.0195317 0.604999 0.176856 0.015611 0.00476013 0.164287 0.0139551 
0.0198513 0.63236 0.184807 0.019873 0.00471678 0.123439 0.0149531 
0.0203888 0.633558 0.198675 0.0304653 0.00677592 0.0937239 0.0164131 
0.0201333 0.617499 0.179212 0.0184555 0.00720644 0.134417 0.023077 
0.0216669 0.543956 0.249326 0.020535 0.00683713 0.133049 0.0246299 
0.0170609 0.538431 0.2323 0.0114644 0.00261946 0.185295 0.0128284 
0.0233193 0.268658 0.429247 0.00703492 0.00108603 0.260898 0.00975652 
0.00636685 0.0701565 0.00759471 0.836638 0.0736892 0.00354684 0.00200797 
0.00767357 0.0828282 0.00863359 0.781063 0.112108 0.004902 0.00279128 
0.00553761 0.0650093 0.0058976 0.819241 0.0992759 0.00325963 0.00177905 
0.00437481 0.0493185 0.00438003 0.827177 0.111516 0.00206891 0.00116476 
0.00374237 0.0402899 0.00396266 0.769664 0.17964 0.00178673 9.14128E-4 
0.00285177 0.0252756 0.0021096 0.87116 0.0972966 8.70656E-4 4.35791E-4 
0.00207844 0.0193075 0.00139877 0.907038 0.0692692 6.37211E-4 2.7119E-4 
0.0173162 0.123087 0.0175164 0.746677 0.0790309 0.00956048 0.00681238 
0.0230592 0.175439 0.0351028 0.684543 0.0590115 0.0134167 0.00942796 
0.017378 0.152736 0.0320127 0.739417 0.0415148 0.0102691 0.00667266 
0.024698 0.30226 0.0488245 0.530895 0.0621192 0.0208402 0.0103629 
0.0179674 0.291443 0.0533018 0.580121 0.0366729 0.0149875 0.0055068 
0.0213219 0.326871 0.0602783 0.523892 0.0412697 0.0205028 0.00586419 
0.0188252 0.344626 0.0797062 0.513452 0.0187393 0.0211306 0.0035205 
0.02181 0.356387 0.089641 0.477796 0.0257968 0.0238173 0.00475146 
0.0284512 0.274542 0.140284 0.500419 0.0204291 0.0302814 0.00559257 
0.029825 0.282365 0.162089 0.471145 0.0204026 0.0266344 0.00753902 
0.0329332 0.250746 0.166959 0.494746 0.0242929 0.021197 0.00912654 
0.0226514 0.12415 0.176994 0.655035 0.00790091 0.00957692 0.00369215 
0.0185643 0.123796 0.134612 0.709827 0.00455907 0.00649938 0.00214285 
0.0593694 0.371559 0.229314 0.276504 0.0104899 0.0370137 0.0157492 
0.065674 0.490972 0.155469 0.211345 0.00557186 0.0600109 0.0109573 
0.0558001 0.65674 0.0632164 0.166806 0.00303994 0.0484195 0.00597849 
0.0214703 0.935484 0.00528675 0.0149503 8.07319E-4 0.02034 0.00166186 
0.024145 0.932288 0.00110221 0.00114446 6.32842E-4 0.039999 6.88075E-4 
0.0285473 0.803508 8.64089E-4 4.28877E-4 8.5476E-4 0.165142 6.55018E-4 
0.0363115 0.836447 0.00104184 8.8927E-4 6.23252E-4 0.124154 5.32568E-4 
0.0435357 0.575759 0.00135797 0.00260347 0.00224802 0.373236 0.00125981 
0.0811455 0.574657 0.00362078 0.00310139 0.00284338 0.330701 0.00393109 
0.227869 0.604678 0.0164043 0.00962794 0.00498379 0.126078 0.0103594 
0.39383 0.265289 0.0395038 0.0198181 0.00686715 0.260398 0.0142937 
0.269052 0.123326 0.0600376 0.00346777 0.0079934 0.526986 0.00913792 
0.0733305 0.0209167 0.165131 0.00183667 0.0045556 0.729916 0.00431388 
0.0334977 0.00794899 0.218331 0.00142807 0.00159254 0.728239 0.00896291 
0.166847 0.0221097 0.257701 0.00210692 0.00606402 0.523411 0.0217611 
0.154106 0.0249879 0.133216 0.00239035 0.00655009 0.654752 0.023998 
0.243799 0.0371078 0.0703241 0.00373695 0.00821241 0.598945 0.0378751 
0.375285 0.120099 0.141078 0.00626755 0.0348157 0.300479 0.0219755 
0.434056 0.0523386 0.10816 0.160752 0.00793926 0.142312 0.0944433 
0.183441 0.0288615 0.188356 0.368466 0.00837603 0.126584 0.0959152 
0.143108 0.0237332 0.206832 0.134388 0.00713769 0.45409 0.0307111 
0.251515 0.0284816 0.208546 0.121647 0.00808373 0.299963 0.0817628 
0.205255 0.0245001 0.0831499 0.372087 0.00491604 0.0314107 0.278681 
0.186007 0.0320812 0.192652 0.312078 0.0104856 0.132524 0.134173 
0.0920816 0.0177616 0.2897 0.0372715 0.00358158 0.537397 0.0222063 
0.0293181 0.0198433 0.034191 0.00161376 7.7642E-4 0.91102 0.00323748 
0.055289 0.0519604 0.0320592 0.00208026 0.00190765 0.852974 0.00372987 
0.224404 0.0648481 0.14291 0.00958178 0.00238043 0.540741 0.0151342 
0.270753 0.0182065 0.278769 0.093182 0.00693796 0.105704 0.226448 
0.0989234 0.0173459 0.431869 0.10486 0.00779019 0.0480718 0.291139 
0.251549 0.0177844 0.244324 0.0853406 0.00542533 0.272609 0.122968 
0.40641 0.0195927 0.245757 0.0703391 0.00442819 0.190784 0.0626896 
0.329927 0.0182435 0.216729 0.0604773 0.00452253 0.300687 0.0694131 
0.320535 0.014774 0.160078 0.0219394 0.00357753 0.431392 0.0477043 
0.416791 0.0236925 0.195067 0.0426748 0.00364903 0.250082 0.068044 
0.447008 0.0316145 0.125109 0.0427033 0.00342665 0.293211 0.056928 
0.625264 0.0443563 0.0771383 0.0393055 0.00605947 0.159764 0.0481122 
0.515278 0.0487602 0.0918317 0.0385108 0.00532183 0.246163 0.0541344 
0.423144 0.0416612 0.142345 0.0646581 0.00379959 0.263916 0.060476 
0.654392 0.0492463 0.084774 0.107584 0.00341887 0.0564048 0.04418 
0.386559 0.0703018 0.0458918 0.423265 0.0049447 0.0336919 0.035345 
0.670696 0.00770373 0.190334 0.00340675 0.00101192 0.0331288 0.0937192 
0.684422 0.0065982 0.209288 0.00458682 9.13233E-4 0.0256489 0.0685429 
0.721055 0.00619943 0.178227 0.00393646 9.01797E-4 0.0285733 0.0611067 
0.643981 0.006428 0.203207 0.00600949 0.00108118 0.037134 0.102159 
0.653003 0.0064993 0.207707 0.00470696 0.0011572 0.0326405 0.0942859 
0.638461 0.0075602 0.22897 0.00995238 0.00169171 0.0394463 0.0739181 
0.637385 0.00733638 0.223514 0.00569075 0.00190767 0.0445386 0.0796277 
0.645992 0.00643716 0.236609 0.00343866 0.00127552 0.0416358 0.0646118 
0.628263 0.0073686 0.225607 0.00623682 0.00115255 0.0509284 0.0804435 
0.589829 0.00624328 0.256319 0.0042308 0.00118591 0.029468 0.112724 
0.556373 0.00658753 0.281921 0.00673629 0.00153581 0.0428643 0.103983 
0.628296 0.00543153 0.230737 0.00682891 0.00130162 0.043677 0.0837276 
0.617907 0.00589641 0.225686 0.00315513 9.61756E-4 0.067809 0.0785848 
0.58104 0.0053702 0.224348 0.00366197 9.75944E-4 0.0892506 0.0953536 
0.611724 0.00579336 0.204401 0.00315977 9.77473E-4 0.0735331 0.100411 
0.639724 0.00551064 0.228505 0.00228349 6.63384E-4 0.0477578 0.0755552 
0.622047 0.00520307 0.229149 0.00215784 7.14537E-4 0.0379846 0.102744 
0.658883 0.00548548 0.213884 0.00267349 0.00102686 0.020969 0.0970778 
0.653592 0.00607433 0.188714 0.00465892 0.00128467 0.0393373 0.10634 
0.724971 0.0043602 0.18936 0.0038589 9.57779E-4 0.0207586 0.0557337 
0.654074 0.00396761 0.187454 0.00671452 6.41616E-4 0.0140975 0.133051 
0.754141 0.00693092 0.104071 0.0125531 4.94597E-4 0.00533431 0.116475 
0.782116 0.00610255 0.0919252 0.0223233 8.22789E-4 0.00819666 0.0885133 
0.678645 0.00622519 0.137673 0.00260048 5.22825E-4 0.0436832 0.13065 
0.246342 0.0045561 0.305804 0.00184698 0.00113246 0.222924 0.217394 
0.249702 0.00827966 0.387188 0.00344413 0.00212337 0.22193 0.127333 
0.0989321 0.00464012 0.330097 0.00206677 0.0015121 0.480125 0.0826271 
0.0610004 0.00476278 0.387374 0.00334856 0.00216024 0.450756 0.0905988 
0.0417569 0.00532639 0.57709 0.00585698 0.00354634 0.252094 0.114329 
0.0302889 0.00407456 0.629394 0.00439746 0.0029381 0.235 0.0939079 
0.0365804 0.004143 0.580722 0.00358888 0.00278876 0.2931 0.0790771 
0.0320086 0.00445169 0.67359 0.00473035 0.00345863 0.191106 0.0906544 
0.0314975 0.00460842 0.743713 0.00494158 0.0035766 0.122378 0.0892854 
0.0528969 0.00629241 0.681042 0.00635695 0.00616499 0.130468 0.116778 
0.0493962 0.00720413 0.628927 0.00951091 0.00571575 0.164232 0.135014 
0.054386 0.00815665 0.574748 0.0134918 0.00639214 0.195504 0.147321 
0.0529374 0.00738452 0.574984 0.0167379 0.00543018 0.21442 0.128106 
0.114844 0.00838274 0.531492 0.0203145 0.00667858 0.103688 0.214599 
0.0765471 0.00692037 0.626278 0.0234812 0.00618478 0.0920271 0.168562 
0.0935632 0.00944173 0.529731 0.0210756 0.00639864 0.172626 0.167164 
0.135851 0.00853213 0.426957 0.0179903 0.00575411 0.119504 0.285412 
0.0611755 0.00920721 0.531551 0.0314973 0.00704717 0.189127 0.170395 
0.0676374 0.00777658 0.506237 0.0208876 0.00654549 0.243646 0.14727 
0.12994 0.00956688 0.384561 0.00829266 0.00807604 0.287616 0.171948 
0.139366 0.00967231 0.308226 0.0176224 0.00598555 0.339093 0.180036 
0.117064 0.00958216 0.322431 0.0232601 0.00572026 0.337869 0.184073 
0.227746 0.0111408 0.215521 0.0323048 0.00521223 0.275129 0.232945 
0.264463 0.0106274 0.261494 0.0213497 0.0049618 0.246498 0.190606 
0.218722 0.00913944 0.277027 0.017661 0.00328251 0.287724 0.186445 
0.186219 0.00784896 0.22908 0.0137087 0.00261031 0.365176 0.195356 
0.171741 0.00710326 0.289825 0.00704234 0.00301568 0.31458 0.206693 
0.153174 0.00709876 0.292316 0.0059652 0.00306708 0.341555 0.196825 
0.201215 0.00620168 0.306025 0.00412907 0.0022102 0.323735 0.156484 
0.20997 0.00693748 0.325003 0.00388969 0.00265631 0.286677 0.164867 
0.19028 0.00667788 0.312511 0.00425097 0.00275103 0.305209 0.178319 
0.204741 0.00736806 0.298798 0.00408042 0.00299698 0.290101 0.191915 
0.191103 0.00730585 0.30813 0.00516443 0.00314858 0.329237 0.155912 
0.240612 0.006426 0.313583 0.00483338 0.00223177 0.257665 0.174649 
0.433544 0.00599509 0.257872 0.00318922 0.00121849 0.136733 0.161449 
0.399897 0.00639026 0.309482 0.00302319 0.00148058 0.160348 0.119378 
0.320552 0.00661126 0.361648 0.0111382 0.00185015 0.151738 0.146462 
0.266669 0.00465341 0.485517 0.015749 0.00117836 0.10698 0.119253 
0.212377 0.00644133 0.478896 0.0102199 0.00205502 0.178914 0.111096 
0.670696 0.00770373 0.190334 0.00340675 0.00101192 0.0331288 0.0937192 
0.684422 0.0065982 0.209288 0.00458682 9.13233E-4 0.0256489 0.0685429 
0.721055 0.00619943 0.178227 0.00393646 9.01797E-4 0.0285733 0.0611067 
0.643981 0.006428 0.203207 0.00600949 0.00108118 0.037134 0.102159 
0.653003 0.0064993 0.207707 0.00470696 0.0011572 0.0326405 0.0942859 
0.638461 0.0075602 0.22897 0.00995238 0.00169171 0.0394463 0.0739181 
0.637385 0.00733638 0.223514 0.00569075 0.00190767 0.0445386 0.0796277 
0.645992 0.00643716 0.236609 0.00343866 0.00127552 0.0416358 0.0646118 
0.628263 0.0073686 0.225607 0.00623682 0.00115255 0.0509284 0.0804435 
0.589829 0.00624328 0.256319 0.0042308 0.00118591 0.029468 0.112724 
