0.43169 0.00974323 0.175086 0.011474 0.00165041 0.266674 0.103681 
0.416801 0.0160528 0.143605 0.00123951 0.00198686 0.388698 0.0316172 
0.296437 0.00646621 0.240898 0.00116736 0.00108803 0.424596 0.0293478 
0.28863 0.00701715 0.223377 0.00921261 0.00173174 0.201244 0.268787 
0.598095 0.00726404 0.255127 0.00288123 0.00219305 0.0574604 0.0769795 
0.508913 0.00672078 0.249298 0.00176344 0.00105842 0.159563 0.0726833 
0.579274 0.00969082 0.145001 0.0027015 0.00127559 0.197438 0.0646197 
0.550647 0.0133917 0.0857945 0.00292558 0.00184733 0.263407 0.0819873 
0.590536 0.0146289 0.109484 0.00193507 0.00193771 0.174458 0.107021 
0.649528 0.0155092 0.0908078 0.00233168 0.00247135 0.167528 0.0718244 
0.554746 0.0166703 0.0834018 0.00177988 0.00246402 0.2683 0.0726385 
0.520934 0.0171538 0.146821 0.00172137 0.00255946 0.282538 0.0282721 
0.458029 0.0103382 0.19288 0.00164224 0.00212433 0.317395 0.0175924 
0.35291 0.0126507 0.241627 0.00147859 0.00257054 0.373778 0.0149847 
0.340626 0.0104317 0.285672 0.00125328 0.00179031 0.338565 0.0216616 
0.457811 0.0138341 0.214397 0.00158218 0.00226723 0.294509 0.0155988 
0.115071 0.00743478 0.449849 0.00186326 0.00169436 0.366025 0.0580625 
0.180433 0.00655716 0.302168 9.53394E-4 9.08177E-4 0.461657 0.047323 
0.119686 0.00746514 0.511105 0.00150759 0.00148586 0.312607 0.0461438 
0.050747 0.00546351 0.662751 0.00211726 0.00139319 0.242901 0.0346263 
0.00997708 0.0036829 0.812677 0.00186647 6.43245E-4 0.1338 0.0373537 
0.0154912 0.00315776 0.804468 0.00142477 6.72429E-4 0.139357 0.0354291 
0.029861 0.00673132 0.80569 0.00292266 0.00134768 0.124662 0.0287856 
0.0169979 0.00589814 0.870794 0.00303665 0.00101156 0.0840377 0.0182236 
0.0251961 0.00821137 0.827745 0.00688631 0.00260362 0.103141 0.0262176 
0.0620483 0.011613 0.592565 0.0160589 0.0056428 0.239272 0.0728006 
0.044636 0.00772662 0.603708 0.00562691 0.0030406 0.261901 0.0733613 
0.0366468 0.00677787 0.618214 0.0060677 0.0029472 0.25167 0.0776765 
0.0472099 0.00629004 0.498747 0.00648047 0.00384543 0.32322 0.114207 
0.0601652 0.00528491 0.326021 0.00392303 0.00255138 0.506528 0.0955269 
0.0293209 0.00364148 0.122896 9.57481E-4 7.66658E-4 0.811296 0.0311214 
0.0301723 0.00440348 0.189555 0.00103236 0.00105919 0.744091 0.0296861 
0.0530268 0.00691285 0.265562 0.00231556 0.00201113 0.622868 0.0473029 
0.07878 0.0102212 0.345494 0.00199202 0.00225586 0.524733 0.0365238 
0.0299653 0.00821037 0.452733 4.99418E-4 6.22338E-4 0.499751 0.00821867 
0.0368228 0.0151806 0.560075 0.00151019 0.00134737 0.378358 0.00670591 
0.038633 0.0145378 0.54837 0.00188415 0.00178121 0.384142 0.0106519 
0.0678544 0.00980261 0.3497 0.00192161 0.00189463 0.530709 0.0381181 
0.181819 0.011363 0.150053 8.33708E-4 0.00125085 0.540481 0.114199 
0.241735 0.0165491 0.145279 5.96375E-4 0.00218599 0.397167 0.196487 
0.108339 0.00790761 0.189207 7.4081E-4 0.00126626 0.639935 0.0526038 
0.031763 0.00513849 0.218158 4.01927E-4 6.88737E-4 0.731636 0.0122139 
0.0444515 0.00325288 0.095409 1.4186E-4 2.47308E-4 0.845224 0.0112735 
0.0403418 0.0219123 0.575875 0.00101124 0.00340704 0.352547 0.00490559 
0.0194141 0.00481066 0.586424 0.00159122 6.06868E-4 0.36772 0.0194332 
0.0188692 0.00526726 0.501845 0.00496124 0.00150634 0.406591 0.0609599 
0.0227452 0.00340742 0.66835 0.00207888 7.41136E-4 0.276956 0.0257206 
0.0191891 0.00687694 0.584081 9.19616E-4 6.54306E-4 0.382623 0.00565632 
0.0198873 0.00447795 0.358651 7.88069E-4 4.22295E-4 0.60666 0.00911307 
0.116988 0.00547569 0.32038 0.0034223 0.00155529 0.47808 0.0740986 
0.202263 0.00579145 0.239884 0.00194802 9.90823E-4 0.350954 0.198169 
0.185314 0.00766633 0.147505 9.76341E-4 6.42588E-4 0.570608 0.0872887 
0.0569246 0.00599952 0.316333 3.33444E-4 6.32658E-4 0.604408 0.0153695 
0.0712564 0.00448981 0.322012 7.59197E-4 6.61625E-4 0.574523 0.0262985 
0.288502 0.00639154 0.223913 7.32196E-4 6.47847E-4 0.376717 0.103097 
0.0877902 0.00627159 0.348392 0.00182873 0.00154211 0.504737 0.0494387 
0.089209 0.00553289 0.245867 0.00183358 0.00127508 0.590264 0.0660184 
0.0945272 0.00555577 0.145686 0.00157597 0.00130891 0.642461 0.108885 
0.147753 0.0036063 0.168184 5.74481E-4 4.40831E-4 0.601449 0.0779922 
0.82164 0.0209031 0.0480834 0.0768365 0.00585049 0.00568867 0.020998 
0.837793 0.0169928 0.0574677 0.0598145 0.0052207 0.00434666 0.0183643 
0.831883 0.0178016 0.0567331 0.0611615 0.00533616 0.00485711 0.0222271 
0.81608 0.0167181 0.0540031 0.0833 0.00720834 0.00389103 0.0187995 
0.818187 0.0147547 0.0661687 0.0689544 0.00370778 0.00525522 0.0229727 
0.850201 0.0148343 0.0692655 0.0286384 0.0024048 0.00714556 0.0275099 
0.861232 0.012233 0.0670118 0.0238465 0.00207287 0.00577624 0.027828 
0.839389 0.0112471 0.0734783 0.0212249 0.00182298 0.00670335 0.046134 
0.858041 0.0113809 0.0662297 0.0240856 0.00306021 0.00694068 0.0302621 
0.848501 0.00947293 0.0756402 0.0237826 0.0020243 0.00551782 0.0350612 
0.839202 0.0101825 0.0765075 0.0186726 0.00228364 0.00817593 0.0449759 
0.816508 0.0101299 0.0838144 0.0216704 0.0028397 0.0110206 0.0540173 
0.848767 0.0127231 0.0662795 0.0279616 0.0031787 0.00817877 0.0329113 
0.848762 0.011186 0.0755113 0.0166395 0.00222566 0.00600882 0.0396672 
0.833968 0.011201 0.0678075 0.0505185 0.0042185 0.00438866 0.0278975 
0.856692 0.0105441 0.0746403 0.0154852 0.0019726 0.00541364 0.0352517 
0.853675 0.0105404 0.0790405 0.0172231 0.00277262 0.00389013 0.0328586 
0.845406 0.00822594 0.0815424 0.0237988 0.00162577 0.00469447 0.0347068 
0.845613 0.00862182 0.0784616 0.026866 0.00240621 0.00367198 0.0343595 
0.870935 0.00987206 0.0645084 0.0223349 0.00280768 0.00587437 0.0236672 
0.822326 0.00865238 0.0849317 0.0255933 0.00179965 0.0053044 0.051393 
0.858949 0.00849236 0.0704238 0.0136418 0.00291858 0.00538304 0.0401919 
0.864878 0.0113357 0.0656108 0.0143328 0.00280113 0.00532942 0.0357125 
0.841332 0.0103324 0.070829 0.0146674 0.0024494 0.00689931 0.0534907 
0.855001 0.0112563 0.069212 0.00948873 0.00320299 0.00661661 0.0452223 
0.865341 0.0106382 0.0640358 0.011681 0.00286673 0.00777726 0.0376603 
0.856996 0.0101718 0.068584 0.0095342 0.00265762 0.0064049 0.0456516 
0.856085 0.00941571 0.0709516 0.0175685 0.00213708 0.00500646 0.0388355 
0.856106 0.0106936 0.0634534 0.018885 0.00267663 0.00586781 0.0423181 
0.846095 0.0116551 0.0668904 0.0234534 0.0022282 0.00669514 0.0429823 
0.848979 0.0127036 0.0749514 0.0155913 0.00181674 0.00671635 0.0392421 
0.841112 0.0138486 0.0804471 0.0190409 0.00218644 0.00596168 0.0374035 
0.828915 0.0135601 0.082238 0.0206645 0.00212665 0.00926086 0.0432348 
0.826568 0.0122515 0.0765955 0.0193729 0.00206936 0.00922334 0.0539198 
0.829731 0.0106375 0.0802697 0.0272774 0.00176849 0.00644363 0.0438723 
0.840073 0.0100701 0.0732427 0.031302 0.00377406 0.00622905 0.0353092 
0.818857 0.00859499 0.0888276 0.0299242 0.00171102 0.00549672 0.0465887 
0.820354 0.00935968 0.0828784 0.0465451 0.00217246 0.00407496 0.0346156 
0.841425 0.0100168 0.0767498 0.0294544 0.00208785 0.00551761 0.0347485 
0.830024 0.00947146 0.081753 0.0305045 0.0016886 0.00508469 0.0414741 
0.844259 0.00864332 0.0773335 0.0221766 0.00171701 0.00582007 0.0400508 
0.83642 0.0109974 0.0762238 0.0315007 0.00170724 0.00538459 0.0377668 
0.82879 0.0102018 0.0813144 0.0312178 0.00202962 0.0060187 0.0404282 
0.839897 0.0112508 0.0735743 0.0355791 0.00204122 0.00544393 0.0322137 
0.825953 0.00906492 0.076654 0.0409824 0.00199858 0.00623741 0.0391098 
0.848832 0.00997086 0.0773943 0.0209282 0.00158439 0.00642232 0.0348675 
0.831271 0.00819989 0.0840522 0.0261085 0.00198136 0.00642445 0.0419625 
0.825089 0.00885091 0.0861136 0.0345197 0.001864 0.00506591 0.0384964 
0.800482 0.00938584 0.0893905 0.0384085 0.00174961 0.00527708 0.0553061 
0.83046 0.0107483 0.0613808 0.0558081 0.00286194 0.0053557 0.0333853 
0.839747 0.00982661 0.0675967 0.0272955 0.00218862 0.00632595 0.0470199 
0.849833 0.00921142 0.0644583 0.0433292 0.00303913 0.00396885 0.0261598 
0.87692 0.0127372 0.0608075 0.0173446 0.00307441 0.00494716 0.0241695 
0.853412 0.00864331 0.0815759 0.0175472 0.00171131 0.00346337 0.0336466 
0.859523 0.00896071 0.073467 0.0213827 0.00224255 0.00387453 0.0305495 
0.875854 0.010341 0.0658608 0.0155292 0.003182 0.00345904 0.0257739 
0.864441 0.0112813 0.0704142 0.0194457 0.00231767 0.00331413 0.0287858 
0.871188 0.0125053 0.0653839 0.0185141 0.00230799 0.00409415 0.0260061 
0.875387 0.0127896 0.0633988 0.0124434 0.00288145 0.00372751 0.0293726 
0.86852 0.0102989 0.0680944 0.0194453 0.00306886 0.00355052 0.0270219 
0.873724 0.0117144 0.0597444 0.0208669 0.00379086 0.00341582 0.0267438 
0.856255 0.0117982 0.071254 0.0114457 0.00279628 0.00416725 0.0422838 
0.822411 0.00848656 0.0934781 0.0392494 0.00190889 0.00300037 0.0314661 
0.857753 0.00970948 0.0716664 0.025062 0.00282205 0.00382751 0.0291594 
0.849308 0.00967891 0.0761842 0.0158468 0.00278623 0.00497099 0.0412247 
0.876721 0.0126049 0.0582306 0.019335 0.00308342 0.00518885 0.0248362 
0.852474 0.0119852 0.0663371 0.0327436 0.00250387 0.00555849 0.0283979 
0.854604 0.0110494 0.0761459 0.0207238 0.00185869 0.00559041 0.030028 
0.809356 0.00640765 0.123457 0.0233733 0.00271762 0.00378528 0.0309024 
0.818997 0.00694554 0.115474 0.0161449 0.00214437 0.00436974 0.0359244 
0.811746 0.0056776 0.129832 0.0186102 0.00214438 0.00336711 0.0286232 
0.798892 0.00593786 0.125979 0.0202662 0.00226401 0.0050533 0.0416081 
0.766991 0.00574574 0.154362 0.0146979 0.00169808 0.00401 0.052496 
0.799315 0.00751272 0.125573 0.0250734 0.00259561 0.00422407 0.0357057 
0.809363 0.00775552 0.114231 0.0213205 0.00274462 0.00594615 0.0386396 
0.835485 0.0096226 0.0978699 0.0232487 0.00203086 0.00508274 0.0266601 
0.831115 0.0080636 0.102343 0.020875 0.00389488 0.00540848 0.0283001 
0.828308 0.00885261 0.107975 0.0209528 0.002524 0.00455054 0.0268376 
0.81631 0.0102209 0.0794566 0.0689836 0.00390742 0.00429692 0.0168244 
0.818989 0.00822739 0.117144 0.0131664 0.00184389 0.00674704 0.033882 
0.852452 0.00712662 0.0871073 0.0215795 0.00204308 0.00525138 0.0244403 
0.821629 0.0081975 0.10564 0.00513645 0.00184172 0.00725817 0.0502972 
0.807109 0.00958697 0.119961 0.00418713 0.00163888 0.0176047 0.0399124 
0.827587 0.0106121 0.10601 0.0135848 0.00183738 0.00927198 0.0310971 
0.808143 0.0117215 0.120761 0.00538398 0.00256659 0.0148053 0.0366187 
0.850852 0.0133397 0.0912886 0.0147414 0.00333573 0.00552747 0.0209152 
0.776212 0.00838239 0.127809 0.0422653 0.00206509 0.00692745 0.0363383 
0.771517 0.00825242 0.121777 0.0493489 0.00373192 0.00515167 0.0402207 
0.826928 0.0102793 0.0824797 0.0212466 0.00149415 0.00719955 0.0503726 
0.748003 0.0160305 0.0873314 0.10471 0.00155098 0.00719274 0.0351811 
0.675672 0.020115 0.0839678 0.195979 0.00162451 0.00444969 0.0181916 
0.713385 0.0269846 0.0573216 0.17634 0.00152611 0.00618531 0.0182569 
0.615407 0.0357358 0.034225 0.299928 0.00202076 0.00331271 0.00937069 
0.767939 0.031963 0.0395748 0.12761 0.00234414 0.00653074 0.0240383 
0.688443 0.0523662 0.0186212 0.216596 0.00909432 0.00420931 0.0106702 
0.738725 0.022516 0.0572768 0.149949 0.00248511 0.00275155 0.026296 
0.779345 0.0241212 0.0543619 0.102427 0.00277643 0.00323573 0.0337329 
0.77367 0.0115776 0.0944779 0.0667187 0.0016407 0.00426641 0.0476486 
0.818122 0.0145367 0.0801037 0.0426582 0.00147689 0.00781409 0.0352888 
0.766549 0.0151006 0.0776207 0.0884898 0.00185836 0.00965211 0.0407296 
0.754221 0.00968379 0.120078 0.0340761 0.00169764 0.0086551 0.0715884 
0.784361 0.0109997 0.134153 0.0163737 0.00170585 0.0180956 0.0343113 
0.33336 0.00922265 0.288504 0.00107181 0.00105186 0.357238 0.00955102 
0.527662 0.00885994 0.19327 0.00176999 8.65352E-4 0.242769 0.0248033 
0.733257 0.00731579 0.189407 0.00551045 5.88174E-4 0.0305861 0.0333359 
0.704104 0.00966802 0.199422 0.0151149 7.15931E-4 0.0385884 0.0323868 
0.669841 0.00897164 0.225329 0.00782993 0.00164102 0.0469603 0.0394271 
0.731035 0.0109822 0.200832 0.00277691 0.00147332 0.0220483 0.030852 
0.707407 0.00908473 0.204929 0.00407298 0.00159813 0.0294534 0.0434539 
0.807187 0.0122059 0.114609 0.00824914 0.00256503 0.0191637 0.0360205 
0.799157 0.0160596 0.112547 0.0101462 0.00477785 0.0193699 0.0379422 
0.771439 0.0106292 0.131177 0.00582717 0.00247396 0.0232907 0.0551625 
0.807534 0.00977868 0.110886 0.00553486 0.00134635 0.0119723 0.0529475 
0.815702 0.00835334 0.101499 0.00607896 0.00200622 0.00544081 0.0609193 
0.729531 0.0160125 0.080065 0.131437 0.00495066 0.0105676 0.0274367 
0.801854 0.0109096 0.0926322 0.0443728 0.00299075 0.0143105 0.0329304 
0.817414 0.0120109 0.0950553 0.0142454 0.00383328 0.017582 0.0398587 
0.791854 0.0118738 0.111895 0.0129238 0.00237601 0.0339427 0.0351342 
0.786569 0.0118618 0.121488 0.00993397 0.00224119 0.0295571 0.0383493 
0.81476 0.0123032 0.102446 0.0129841 0.00167379 0.0270686 0.0287646 
0.803896 0.0123052 0.102112 0.0279686 0.00293011 0.0249597 0.0258285 
0.753182 0.013237 0.113942 0.0431003 0.00201453 0.039176 0.035348 
0.740455 0.0130694 0.117061 0.0571026 0.00212288 0.0311724 0.0390164 
0.761451 0.0117274 0.117119 0.0392044 0.00247363 0.0286406 0.0393836 
0.739979 0.0125936 0.110968 0.0736437 0.00295588 0.0244405 0.0354192 
0.758411 0.0112307 0.134754 0.0354653 0.00169239 0.0203675 0.0380791 
0.84416 0.0093919 0.0827785 0.0250383 0.00273864 0.00413583 0.031757 
0.834004 0.00910522 0.0879728 0.0298536 0.00246379 0.00540807 0.0311929 
0.840542 0.0103035 0.0754796 0.0404581 0.00300905 0.00428325 0.0259243 
0.820556 0.00888017 0.0812043 0.0513387 0.00276806 0.00505379 0.0301988 
0.82653 0.00954675 0.0836013 0.0430948 0.00361397 0.00518103 0.0284325 
0.829735 0.00847497 0.0795365 0.0486925 0.00325447 0.00452039 0.0257867 
0.81796 0.00778971 0.0892455 0.0503815 0.00457645 0.0046512 0.025396 
0.816286 0.00675393 0.0965281 0.0404645 0.00364041 0.0036265 0.0327001 
0.846858 0.0105114 0.07624 0.0394541 0.0033932 0.00349496 0.0200481 
0.827348 0.00880018 0.0808932 0.0499029 0.00379781 0.00466655 0.0245913 
0.845569 0.00711485 0.0825089 0.0280176 0.00303024 0.00453314 0.0292262 
0.856296 0.00722568 0.0796147 0.0300704 0.00312546 0.00250597 0.0211621 
0.847095 0.00631602 0.0835265 0.023352 0.00180278 0.00286807 0.0350395 
0.881023 0.00787804 0.065168 0.0189499 0.00238453 0.00221022 0.022386 
0.851615 0.00871883 0.0772291 0.0246509 0.00257962 0.00412562 0.0310811 
0.85583 0.00884224 0.0808796 0.0210045 0.00164746 0.0043322 0.0274637 
0.85369 0.00968317 0.0863134 0.0140987 0.00154401 0.00488645 0.0297847 
0.835687 0.00819673 0.0975332 0.0134479 0.00123071 0.0062117 0.0376923 
0.855194 0.008584 0.0846246 0.0108178 0.0014279 0.00668052 0.032671 
0.838564 0.00708566 0.0992246 0.0104543 0.00115267 0.00964164 0.0338774 
0.821794 0.00746396 0.106451 0.0215047 0.00116744 0.00828213 0.0333371 
0.59523 0.00419749 0.294158 0.00460127 9.49422E-4 0.0258716 0.0749922 
0.29906 0.00319961 0.516222 9.37621E-4 5.07185E-4 0.131256 0.0488176 
0.298027 0.00316273 0.461031 8.55863E-4 4.6845E-4 0.173957 0.062498 
0.317306 0.00323914 0.524155 7.02984E-4 4.47278E-4 0.106123 0.0480269 
0.1649 0.00357839 0.521392 5.4101E-4 4.43064E-4 0.283473 0.0256731 
0.0630429 0.00637854 0.802684 0.00135897 0.00110915 0.0996712 0.0257548 
0.0134148 0.0315588 0.612301 0.261919 0.0228237 0.0519242 0.00605838 
0.0277438 0.0920914 0.508833 0.181535 0.0596873 0.1082 0.0219092 
0.0361059 0.124959 0.400219 0.187958 0.0921542 0.128333 0.0302706 
0.0313024 0.104529 0.400507 0.238152 0.0818406 0.118472 0.0251968 
0.0336949 0.108683 0.444154 0.176748 0.0926931 0.117296 0.0267326 
0.0339824 0.111819 0.446756 0.169553 0.0967366 0.113694 0.0274589 
0.0262064 0.0825207 0.578727 0.129607 0.0794191 0.0846653 0.0188547 
0.0228111 0.0703043 0.620795 0.130078 0.0678546 0.0728834 0.0152734 
0.0216262 0.0548054 0.631403 0.143127 0.0884685 0.0494505 0.0111197 
0.00993039 0.0229823 0.444097 0.430248 0.0709744 0.0169737 0.004795 
0.00631439 0.0182668 0.330483 0.579543 0.0460625 0.0162587 0.00307164 
0.00322183 0.023495 0.0434872 0.895375 0.0141963 0.018465 0.00175985 
0.00843007 0.0789417 0.0347305 0.819022 0.0152666 0.0382953 0.00531373 
0.0303924 0.490173 0.0782172 0.201912 0.0736481 0.0990415 0.0266161 
0.030291 0.523041 0.109876 0.143785 0.0771559 0.0912366 0.0246146 
0.037151 0.387705 0.15451 0.178676 0.0942063 0.115456 0.0322956 
0.0374674 0.351456 0.175364 0.185263 0.100411 0.115822 0.0342164 
0.244337 9.08936E-4 0.714539 7.26948E-4 7.01732E-5 0.00321089 0.0362066 
0.00975711 0.00483772 0.966838 0.00213788 2.72263E-4 0.0113813 0.00477607 
0.0356973 0.294878 0.385508 0.0542394 0.0233253 0.150281 0.0560705 
0.0192034 0.659043 0.15555 0.0379545 0.012335 0.0933254 0.0225887 
0.0287383 0.506116 0.194344 0.103447 0.0500306 0.0851883 0.0321359 
0.0311446 0.162572 0.755208 0.0156494 0.00146946 0.0263482 0.00760852 
0.0523704 0.00500351 0.18192 0.662696 0.0118195 0.053234 0.0329563 
0.00199806 9.50469E-4 0.0391771 0.93297 0.0103909 0.00182282 0.0126903 
0.00667712 0.00700787 0.159708 0.757521 0.0428044 0.00746758 0.0188138 
0.00473534 0.0089246 0.089699 0.853681 0.0256696 0.00729779 0.00999309 
0.00326205 0.00505358 0.0559349 0.916737 0.01324 0.00310136 0.00267101 
0.00606204 0.0144225 0.0789931 0.841729 0.0289887 0.0231249 0.00667973 
0.00474381 0.0123193 0.0581721 0.877241 0.0249129 0.017382 0.00522895 
0.00572163 0.0166087 0.0521428 0.853981 0.0299749 0.0358676 0.0057029 
0.00537 0.0150571 0.0333146 0.874123 0.0266327 0.0413509 0.00415173 
0.00157389 0.00675198 0.00248863 0.934291 0.0487489 0.00548942 6.55924E-4 
0.00752359 0.0448307 0.00405641 0.823048 0.093552 0.0241868 0.00280265 
0.00643827 0.88151 0.00133804 0.053533 0.0236007 0.0291498 0.00443039 
0.00288883 0.961325 0.00133908 0.0136339 0.00288752 0.0164115 0.00151382 
0.00412125 0.949473 9.0156E-4 0.00347076 0.00118286 0.0399188 9.31769E-4 
9.77474E-4 0.910509 2.89588E-4 6.49795E-5 1.17817E-4 0.0877543 2.86895E-4 
0.00122388 0.806077 2.24662E-4 3.7894E-5 7.87518E-5 0.192078 2.79466E-4 
0.00138664 0.815615 3.34806E-4 5.2893E-5 1.03225E-4 0.182237 2.70463E-4 
3.18807E-4 0.796122 7.06062E-5 1.8869E-5 3.39115E-5 0.203385 5.01924E-5 
8.12605E-4 0.913598 1.81994E-4 1.37086E-4 9.35608E-5 0.0850864 9.06288E-5 
6.24127E-4 0.91626 1.4794E-4 7.18458E-5 8.43608E-5 0.0827363 7.58624E-5 
1.38063E-4 0.944611 5.49827E-5 9.44961E-6 1.40329E-5 0.055138 3.4629E-5 
8.2502E-5 0.965535 3.26724E-5 7.5349E-6 1.07935E-5 0.0343028 2.88802E-5 
8.65757E-5 0.948308 7.36497E-5 1.70455E-5 1.07935E-5 0.0514681 3.53679E-5 
2.22022E-4 0.944505 9.45655E-5 5.88479E-5 1.74428E-5 0.0550475 5.4943E-5 
2.65598E-4 0.933235 1.1235E-4 1.06632E-4 1.6257E-5 0.0662046 5.92314E-5 
2.57853E-4 0.67343 3.60235E-5 1.12031E-5 1.05849E-5 0.326169 8.48892E-5 
5.89534E-4 0.781951 1.24308E-4 7.08492E-5 1.87904E-5 0.217138 1.07173E-4 
7.68973E-4 0.681586 1.51554E-4 8.39427E-5 1.94726E-5 0.31726 1.29917E-4 
0.00110555 0.740357 6.80567E-5 4.56521E-5 2.77146E-5 0.25822 1.76996E-4 
0.00390587 0.903768 2.1215E-4 3.53223E-4 8.0215E-5 0.091244 4.3672E-4 
0.0015879 0.821352 4.05915E-5 4.90646E-5 1.57253E-4 0.176596 2.17655E-4 
0.00136067 0.744576 6.14886E-5 5.43513E-5 9.10255E-5 0.253694 1.62231E-4 
1.14836E-4 0.813181 2.66625E-5 8.70138E-6 2.91298E-5 0.186627 1.20828E-5 
7.3868E-5 0.931435 1.26108E-4 6.5121E-5 1.19578E-5 0.0682738 1.45815E-5 
2.89857E-5 0.824486 1.19797E-5 1.67641E-6 7.43927E-6 0.175457 6.42453E-6 
2.1057E-4 0.598345 7.61864E-5 1.3293E-5 1.42002E-5 0.401326 1.49026E-5 
3.39904E-4 0.560152 1.92149E-4 4.06784E-5 2.4877E-5 0.439189 6.14688E-5 
1.38045E-4 0.708398 1.19406E-4 4.30062E-5 1.85738E-5 0.291243 3.98353E-5 
1.79005E-4 0.69615 1.64224E-4 4.55365E-5 2.16169E-5 0.303352 8.73812E-5 
3.62188E-4 0.736557 1.18354E-4 2.42195E-5 2.85393E-5 0.262665 2.44689E-4 
1.74499E-4 0.78577 4.78372E-5 1.18272E-5 2.16963E-5 0.213837 1.37122E-4 
1.0073E-4 0.723043 9.53707E-5 3.18334E-5 1.45526E-5 0.276676 3.84987E-5 
5.07826E-5 0.455614 2.03019E-5 2.70361E-6 6.71413E-6 0.544286 1.92598E-5 
6.73766E-5 0.251866 3.07377E-5 3.4261E-6 5.50077E-6 0.748005 2.2039E-5 
1.26906E-4 0.1091 7.94887E-5 9.3706E-6 4.63107E-6 0.89065 3.02367E-5 
3.64034E-5 0.054332 2.76911E-5 1.32709E-6 1.33878E-6 0.945592 9.77325E-6 
2.40892E-4 0.0932768 1.4348E-4 3.34155E-6 1.17184E-6 0.906291 4.3009E-5 
1.85399E-4 0.0849292 1.20128E-4 1.09146E-5 1.72228E-6 0.914723 3.00308E-5 
3.25686E-5 0.045607 2.56849E-5 1.06255E-6 9.69616E-7 0.954326 6.49831E-6 
9.42763E-5 0.0390246 8.30709E-5 9.14667E-7 2.40169E-6 0.960779 1.5359E-5 
2.12162E-4 0.0210047 1.61052E-4 8.31317E-5 4.03501E-6 0.978514 2.06097E-5 
9.7021E-5 0.0915128 5.58172E-5 5.29004E-6 1.68097E-6 0.908314 1.28909E-5 
6.66718E-5 0.350982 3.31533E-5 5.15065E-6 2.39522E-6 0.6489 1.08777E-5 
4.3476E-5 0.229719 1.96932E-5 1.41108E-6 2.32387E-6 0.770204 9.23619E-6 
6.30974E-5 0.0610324 3.83886E-5 1.40839E-6 1.65053E-6 0.938845 1.76135E-5 
1.41244E-5 0.00518108 1.14903E-5 5.39973E-6 3.90471E-7 0.994784 3.72049E-6 
5.8581E-5 0.0657649 3.26869E-5 1.84495E-6 1.55348E-6 0.934126 1.40904E-5 
2.52088E-5 0.0382879 1.60504E-5 4.31704E-7 6.33448E-7 0.961664 5.91695E-6 
3.75572E-5 0.0575119 2.56575E-5 3.54754E-6 2.12779E-6 0.942409 1.02712E-5 
0.127933 0.0455387 0.0113728 0.807131 0.00280887 0.00105126 0.00416405 
0.257205 0.031039 0.0170278 0.686243 0.00178789 0.00145054 0.00524675 
0.374198 0.0367737 0.0189842 0.559258 0.00266999 0.00159707 0.00651974 
0.310667 0.0303539 0.015103 0.633582 0.00301601 0.00147847 0.0057995 
0.325685 0.0251015 0.0204522 0.620134 0.0013752 0.00151834 0.0057345 
0.352253 0.0315628 0.0136823 0.592154 0.00382145 0.00114397 0.00538272 
0.424232 0.0276205 0.0158929 0.518992 0.00499342 0.00126348 0.00700511 
0.381317 0.0477018 0.0189443 0.537003 0.00407141 0.00173701 0.00922552 
0.325058 0.0218662 0.0262174 0.614258 0.00129742 0.00128712 0.0100167 
0.444535 0.0222176 0.0312791 0.49213 0.00158001 0.00100911 0.00724951 
0.386644 0.0233075 0.0205539 0.558775 0.00211855 0.0011366 0.00746431 
0.406337 0.0188672 0.0240227 0.535813 0.00206492 0.00121156 0.0116836 
0.596459 0.0286802 0.0245213 0.33657 0.00233786 0.00126406 0.0101674 
0.474882 0.0294517 0.0348548 0.447627 0.0011325 0.00153441 0.0105174 
0.508477 0.021265 0.0335285 0.425047 0.00131182 0.00120077 0.00917012 
0.534428 0.0241218 0.0293909 0.399964 0.00155333 0.00144961 0.00909252 
0.491775 0.0224288 0.0300015 0.435827 0.00142291 0.00175029 0.0167939 
0.382296 0.0170953 0.0829663 0.489799 0.00162323 0.0054341 0.0207861 
0.515883 0.0164678 0.0923425 0.325207 0.00227599 0.0159526 0.0318714 
0.377089 0.0181531 0.0582543 0.510734 0.00144986 0.00895056 0.0253691 
0.73776 0.00884132 0.0452705 0.167252 0.00288754 0.00335261 0.034636 
0.818862 0.0100964 0.0664256 0.038982 0.00110515 0.00571263 0.058816 
0.686253 0.0111276 0.0798464 0.12062 0.0019292 0.00756247 0.092661 
0.557823 0.0175599 0.0629806 0.250914 0.00365056 0.0297483 0.0773238 
0.559048 0.0249918 0.0865123 0.258102 0.00237561 0.0232926 0.0456776 
0.627266 0.0216111 0.0612834 0.0853147 0.00144721 0.0203351 0.182742 
0.727998 0.0425562 0.0417286 0.13906 0.00132713 0.0180891 0.0292415 
0.142393 0.0312569 0.0266691 0.777232 9.88278E-4 0.0109937 0.0104666 
0.285657 0.0448534 0.036218 0.596629 0.00180186 0.0163717 0.0184684 
0.134903 0.0213809 0.0632027 0.740954 0.00138549 0.0145995 0.0235738 
0.444333 0.0278033 0.0476329 0.446014 0.00138966 0.0131282 0.0196991 
0.408104 0.0223414 0.107029 0.393974 0.00314582 0.0192306 0.0461751 
0.304429 0.0219487 0.049818 0.583189 0.00143837 0.0188343 0.0203421 
0.473937 0.0397873 0.0586572 0.382985 0.00157632 0.0190754 0.0239827 
0.376952 0.0335602 0.0322179 0.525305 0.00179483 0.0133477 0.0168229 
0.438641 0.0333742 0.0512625 0.439212 0.00139453 0.013556 0.0225596 
0.473327 0.03241 0.055574 0.392321 0.00146371 0.0151588 0.0297453 
0.630168 0.0293055 0.0453706 0.258355 0.00134148 0.0161586 0.0193006 
0.614842 0.0457179 0.0329943 0.282943 0.00180836 0.0085439 0.0131502 
0.526814 0.02387 0.0408363 0.379881 0.00217655 0.00875007 0.0176712 
0.275089 0.00987523 0.0670582 0.617305 0.00179768 0.00509733 0.0237782 
0.27439 0.010624 0.107964 0.558709 0.00226669 0.00733806 0.0387087 
0.288256 0.00590457 0.0820001 0.579724 0.00296748 0.00288874 0.0382594 
0.321011 0.00863743 0.0690211 0.551833 0.00369421 0.00167479 0.0441282 
0.675571 0.00902368 0.0389161 0.21392 0.0113898 9.65852E-4 0.0502136 
0.742631 0.0158942 0.0549097 0.0381103 0.0278549 0.00108923 0.119511 
0.732532 0.0150585 0.0693807 0.130561 0.0206628 0.00112763 0.0306778 
0.646046 0.0108855 0.0784006 0.229234 0.021687 0.00118952 0.0125567 
0.625801 0.0083668 0.0780919 0.25509 0.0191787 0.00119928 0.0122721 
0.760972 0.00512344 0.127261 0.0793531 0.00919412 0.00120437 0.0168916 
0.75784 0.0106516 0.0685394 0.130913 0.0201387 0.00108525 0.0108319 
0.730399 0.0133967 0.0944903 0.0926937 0.0388225 0.00155703 0.0286412 
0.271344 0.0138036 0.0228462 0.661436 0.0220769 5.73457E-4 0.00792008 
0.359951 0.0212954 0.0239315 0.52384 0.0536682 0.00198308 0.015331 
0.24515 0.0100802 0.0271948 0.685118 0.0172844 8.3213E-4 0.0143398 
0.241531 0.0130495 0.0316291 0.673245 0.0212962 0.00100723 0.0182415 
0.397884 0.0160665 0.0380116 0.50586 0.0277458 8.8092E-4 0.0135517 
0.360381 0.0222696 0.0319163 0.547238 0.0206946 0.00117833 0.0163228 
0.434722 0.0234553 0.0399772 0.409012 0.0687389 0.00268508 0.0214095 
0.464781 0.0226969 0.0500999 0.39397 0.0401169 0.00172275 0.026612 
0.659439 0.0210878 0.058463 0.205642 0.027597 0.00128545 0.0264855 
0.756025 0.0312878 0.0480382 0.132571 0.0149427 0.00103952 0.0160962 
0.502281 0.0146995 0.0442301 0.413632 0.00995602 7.08684E-4 0.0144929 
0.280245 0.531486 0.0198025 0.0859132 0.00213227 0.0682487 0.012172 
0.282597 0.535977 0.0240026 0.0808466 0.00170879 0.062057 0.012811 
0.308924 0.563787 0.0192148 0.0531488 0.00119283 0.0460394 0.00769298 
0.326098 0.553659 0.0204758 0.0380283 0.00121339 0.0501213 0.0104043 
0.323261 0.535158 0.0204304 0.0651316 0.00146378 0.043042 0.0115131 
0.419595 0.4337 0.0270128 0.0676948 0.00154758 0.036915 0.0135339 
0.391071 0.474088 0.0241315 0.0448024 0.00153014 0.0528589 0.0115176 
0.415842 0.450521 0.0258132 0.0617553 0.00185411 0.0304461 0.0137684 
0.429249 0.40948 0.0310304 0.0548422 0.00225047 0.0546903 0.0184575 
0.467731 0.3787 0.030146 0.0439369 0.00283211 0.0534151 0.0232392 
0.535358 0.254471 0.0527412 0.0904723 0.00210444 0.0391346 0.0257183 
0.528059 0.26742 0.0363916 0.112401 0.00263038 0.0330137 0.0200841 
0.581927 0.191192 0.0489568 0.075241 0.00246075 0.0701398 0.0300821 
0.550279 0.182044 0.0558277 0.146613 0.00212852 0.0364726 0.0266356 
0.540306 0.175478 0.046158 0.170381 0.00240252 0.0387651 0.0265097 
0.456101 0.19828 0.0469902 0.24938 0.00245337 0.0290259 0.0177695 
0.487794 0.168548 0.0633995 0.208865 0.00216778 0.0486438 0.0205819 
0.0903594 0.0284453 0.234114 0.0296145 0.00393478 0.541817 0.071715 
0.476153 0.036389 0.137469 0.0355945 0.0020155 0.270604 0.0417753 
0.350975 0.108232 0.0540238 0.00602037 0.00187077 0.457512 0.0213657 
0.201742 0.163164 0.0488953 0.00243772 0.00187808 0.568553 0.0133296 
0.0751467 0.649784 0.00644605 5.82578E-4 0.00215359 0.261457 0.0044297 
0.0334678 0.631462 0.0067007 9.4109E-4 2.54504E-4 0.325439 0.00173552 
0.037525 0.0940596 0.0308561 0.814811 0.00346652 0.0180353 0.00124653 
0.0152175 0.0575693 0.0505834 0.716472 0.0474238 0.0923372 0.020397 
0.0261277 0.0903812 0.121629 0.534295 0.0728412 0.123384 0.0313418 
0.0299401 0.0966391 0.155757 0.468666 0.0858236 0.127292 0.0358813 
0.0238176 0.0712189 0.0867561 0.593991 0.0770909 0.114703 0.032422 
0.0171506 0.0519909 0.0548852 0.696683 0.0578886 0.0935524 0.0278496 
0.0364699 0.0841393 0.163349 0.398548 0.0654126 0.217818 0.0342635 
0.161514 0.210269 0.0589952 0.00367071 0.0235416 0.532448 0.00956153 
0.101981 0.0238516 0.0976085 0.0725051 0.00588239 0.1263 0.571872 
0.144366 0.0304056 0.278975 0.167816 0.00753927 0.299583 0.0713149 
0.0704238 0.0289362 0.0250487 0.00560632 8.22206E-4 0.863666 0.00549663 
0.435413 0.0771741 0.085739 0.0263561 0.00243894 0.333423 0.0394554 
0.610159 0.0049034 0.234608 0.00469486 7.97146E-4 0.0147274 0.13011 
0.610137 0.00378369 0.251815 0.00798565 9.16611E-4 0.00907469 0.116287 
0.674123 0.0031595 0.234845 0.00547483 9.43599E-4 0.005409 0.0760454 
0.610636 0.0033104 0.230619 0.00968934 0.00101686 0.0089495 0.135779 
0.607546 0.00395116 0.229299 0.00859113 0.00131884 0.0133507 0.135943 
0.653926 0.00433333 0.21144 0.00826452 0.00120746 0.0123312 0.108497 
0.655953 0.00469315 0.214913 0.0161984 0.00174466 0.0100848 0.0964125 
0.636513 0.00349113 0.232546 0.00445069 7.97786E-4 0.0108263 0.111375 
0.631385 0.00375569 0.16188 0.00818088 6.66984E-4 0.00429875 0.189832 
0.56631 0.00548548 0.101752 0.00649529 8.87244E-4 0.00667454 0.312395 
0.723783 0.00507775 0.104336 0.00893202 6.64723E-4 0.00725898 0.149947 
0.670717 0.0045032 0.21957 0.00786047 0.00104808 0.0126474 0.0836534 
0.623144 0.00423294 0.265123 0.00843862 0.00108572 0.0274736 0.0705024 
0.47334 0.00449694 0.391679 0.00573958 9.12568E-4 0.0691522 0.0546797 
0.444356 0.00523132 0.378983 0.00603308 0.0010416 0.0965058 0.0678494 
0.600374 0.0060033 0.204703 0.0101102 0.00147471 0.114205 0.0631298 
0.517279 0.00511192 0.315632 0.00857556 0.00103817 0.0838276 0.0685362 
0.580386 0.00483182 0.30036 0.00429013 9.06582E-4 0.0541281 0.0550973 
0.589909 0.00761338 0.282924 0.0143978 0.00148143 0.053766 0.0499088 
0.339813 0.00849479 0.370712 0.028693 0.00246318 0.145419 0.104405 
0.252744 0.00660509 0.487345 0.028525 0.0053063 0.124679 0.0947946 
0.192643 0.00576611 0.558172 0.0147529 0.00282219 0.125604 0.10024 
0.185087 0.00576558 0.574694 0.0155123 0.0030979 0.103798 0.112045 
0.190478 0.00718374 0.610339 0.0110038 0.00919964 0.0776945 0.0941009 
0.211344 0.00777302 0.563603 0.0178874 0.00469019 0.0926 0.102102 
0.218056 0.00737397 0.528071 0.0251923 0.00870739 0.102124 0.110475 
0.113846 0.00737427 0.580549 0.0194766 0.00661235 0.178377 0.0937652 
0.128663 0.00777662 0.624561 0.0343217 0.00659858 0.0981577 0.0999214 
0.103648 0.00669616 0.666018 0.0255963 0.00468508 0.104437 0.0889197 
0.067815 0.00607148 0.684053 0.0107163 0.00355151 0.153618 0.0741749 
0.0972772 0.00729756 0.640283 0.0178683 0.00493729 0.135204 0.0971333 
0.130792 0.00825964 0.550549 0.0176626 0.00480282 0.15603 0.131903 
0.119794 0.00927334 0.5129 0.0356553 0.00655851 0.142142 0.173677 
0.1108 0.0100468 0.457987 0.0323016 0.00811922 0.189371 0.191374 
0.193308 0.00740752 0.519503 0.0156186 0.00452952 0.160208 0.099425 
0.168392 0.00841492 0.594174 0.00307057 0.00598713 0.182423 0.0375383 
0.13219 0.00948714 0.462255 0.0268936 0.00847869 0.108071 0.252625 
0.299647 0.0104618 0.390698 0.0232373 0.00523569 0.156288 0.114431 
0.184429 0.00874123 0.334342 0.0105995 0.00330286 0.333677 0.124908 
0.402091 0.010762 0.238639 0.0116522 0.00234883 0.160096 0.174411 
0.236877 0.0134932 0.224953 0.0858186 0.00470954 0.150664 0.283485 
0.59821 0.00774812 0.186145 0.0142928 0.00103578 0.0468157 0.145754 
0.0588094 0.00331341 0.224295 9.12041E-4 6.09274E-4 0.690629 0.0214321 
0.0906179 0.00759064 0.26622 8.98229E-4 7.80085E-4 0.626886 0.00700733 
0.0231951 0.0033028 0.139745 0.00129258 4.39519E-4 0.81809 0.0139351 
0.198202 0.0130384 0.0639956 0.00229239 6.5984E-4 0.66367 0.0581418 
0.280762 0.0198726 0.0703032 0.0101658 0.0021825 0.533058 0.083656 
0.117815 0.0186575 0.398169 0.0264961 0.00383258 0.325243 0.109787 
0.521502 0.0120625 0.153881 0.0263318 0.00163284 0.173369 0.111221 
0.565215 0.0112107 0.188422 0.00969949 0.00135948 0.139651 0.0844432 
0.574362 0.00999422 0.184966 0.00546615 8.09178E-4 0.175745 0.0486571 
0.560306 0.00709534 0.237765 0.0180206 7.66412E-4 0.0746597 0.101387 
0.526753 0.00931591 0.193721 0.00771191 0.00121831 0.169337 0.0919423 
0.248177 0.00676271 0.123601 0.00119659 5.56278E-4 0.59639 0.0233165 
0.36904 0.00955977 0.158691 0.00185313 5.04894E-4 0.432402 0.0279492 
0.59876 0.0081752 0.188611 0.00302856 5.49576E-4 0.16594 0.0349353 
0.790944 0.00931316 0.0966805 0.0149502 8.89165E-4 0.0269407 0.0602825 
0.760703 0.00865507 0.116055 0.0265473 8.82482E-4 0.0347035 0.052454 
0.730865 0.0197376 0.0674931 0.142267 0.00135873 0.0152806 0.0229985 
0.803173 0.0577791 0.036262 0.0819844 0.00137887 0.00998247 0.00944024 
0.775797 0.0365043 0.0759409 0.0804741 8.62652E-4 0.00847632 0.0219451 
0.868939 0.0143692 0.0673211 0.0270044 6.22682E-4 0.00465837 0.017085 
0.863096 0.016547 0.0508113 0.0169792 7.013E-4 0.0139192 0.0379456 
0.704765 0.0384251 0.0732304 0.12608 0.00154191 0.0246826 0.0312743 
0.768972 0.0250479 0.0738938 0.0548036 0.00122719 0.0300397 0.0460159 
0.879262 0.0224374 0.049314 0.0325025 0.00101323 0.005146 0.0103244 
0.878726 0.0246927 0.0422279 0.024633 0.00141387 0.00563437 0.0226725 
0.715962 0.0684413 0.037326 0.131448 0.00183608 0.0194719 0.0255154 
0.712963 0.05109 0.0418138 0.176326 0.00158302 0.00382364 0.0124002 
0.524534 0.106292 0.0244167 0.325441 0.00345813 0.00734819 0.00850964 
0.474579 0.0796326 0.0324025 0.379936 0.00320076 0.0154408 0.0148092 
0.535202 0.0766754 0.0438368 0.310626 0.00208303 0.0178321 0.0137451 
0.517456 0.122218 0.0340534 0.255225 0.00453692 0.0454476 0.0210629 
0.540117 0.143309 0.0390968 0.186205 0.00311741 0.0590586 0.0290957 
0.610862 0.146687 0.0320239 0.121722 0.00358328 0.0571189 0.0280022 
0.542377 0.21989 0.0335543 0.0774138 0.00344835 0.0938147 0.0295017 
0.49692 0.224701 0.0376682 0.0590515 0.00374611 0.124594 0.0533187 
0.411057 0.303022 0.0297146 0.168749 0.00465835 0.0574187 0.0253802 
0.448761 0.2838 0.0311503 0.104721 0.00408872 0.0926948 0.034783 
0.360543 0.379934 0.0265892 0.119501 0.00656171 0.0833134 0.0235577 
0.360646 0.340294 0.0334378 0.178592 0.00829285 0.0538527 0.0248852 
0.291836 0.458468 0.0268574 0.166276 0.00776574 0.0252992 0.0234972 
0.0993442 0.789902 0.00702639 0.0768915 0.0072167 0.00827561 0.0113437 
0.0140531 0.943725 9.57189E-4 0.0357069 0.00319492 0.00100562 0.0013572 
0.0167378 0.887964 0.00228568 0.0405936 0.0457366 0.00269337 0.00398934 
0.00869958 0.945836 6.05061E-4 0.0275027 0.0146213 0.00128921 0.00144601 
3.51505E-4 0.987634 3.32366E-5 2.54886E-4 3.28111E-4 0.0113683 2.99309E-5 
1.48079E-4 0.981956 7.18058E-5 1.5727E-4 7.4069E-5 0.0175309 6.19497E-5 
1.28825E-4 0.955053 8.14282E-5 3.42552E-5 4.11423E-5 0.0446486 1.24994E-5 
2.75878E-4 0.937873 1.34274E-4 6.91333E-5 7.52886E-5 0.0615553 1.66622E-5 
3.6894E-4 0.884608 1.46229E-4 7.82905E-5 9.65622E-5 0.11466 4.2433E-5 
3.54929E-4 0.970397 9.78061E-5 9.73197E-5 1.37052E-4 0.0288513 6.50558E-5 
3.04183E-5 0.991634 1.57298E-5 3.05068E-5 1.04886E-4 0.00816243 2.21295E-5 
1.23831E-4 0.959368 1.9623E-5 4.41769E-5 1.17535E-4 0.0403191 8.23379E-6 
1.43357E-4 0.949935 3.40283E-5 2.68575E-5 2.20587E-5 0.0498314 7.56295E-6 
2.53806E-4 0.977234 1.12587E-4 2.28804E-4 6.5562E-5 0.0220129 9.23599E-5 
9.80099E-5 0.887926 2.43493E-5 1.52232E-5 2.57742E-5 0.1119 1.07342E-5 
1.13586E-4 0.958464 2.55506E-5 1.99713E-5 1.28006E-5 0.0413589 5.32474E-6 
4.11792E-5 0.973266 1.18471E-5 6.69695E-6 6.47777E-6 0.0266654 2.87524E-6 
1.50653E-4 0.944995 2.49936E-4 5.69067E-5 3.99105E-5 0.0544741 3.34527E-5 
9.23837E-5 0.972915 1.12606E-4 4.35593E-5 2.83533E-5 0.0267744 3.36729E-5 
1.02171E-4 0.910867 2.40346E-5 2.4011E-5 2.85934E-5 0.0889269 2.71749E-5 
2.89984E-4 0.83073 1.96382E-4 5.97329E-5 8.25147E-5 0.168616 2.49825E-5 
9.01454E-5 0.887192 4.4686E-5 2.08756E-5 2.6656E-5 0.112619 6.93386E-6 
4.80486E-5 0.897094 1.95384E-5 1.55119E-5 1.66536E-5 0.102799 6.47613E-6 
7.75545E-6 0.995589 4.55739E-6 9.73001E-6 6.87548E-6 0.0043757 6.16912E-6 
9.33629E-6 0.995153 5.52659E-6 1.16243E-5 6.47415E-6 0.00480561 8.12359E-6 
8.60658E-6 0.99538 4.96098E-6 1.06768E-5 7.38426E-6 0.00458133 6.9356E-6 
1.0791E-5 0.994818 6.17165E-6 1.33654E-5 7.24955E-6 0.00513573 8.81644E-6 
2.96211E-5 0.991179 1.81443E-5 3.71811E-5 8.81578E-6 0.00870784 1.9044E-5 
1.90031E-5 0.992963 1.16633E-5 2.38898E-5 7.99337E-6 0.00696144 1.34339E-5 
1.00629E-5 0.994947 5.94574E-6 1.25289E-5 6.23055E-6 0.0050101 8.06893E-6 
7.3889E-6 0.995722 4.23228E-6 9.14956E-6 5.94807E-6 0.00424554 6.24241E-6 
8.37513E-6 0.995342 5.20594E-6 1.05689E-5 7.39847E-6 0.00461756 8.48595E-6 
5.98419E-6 0.996148 3.4825E-6 7.43786E-6 8.09159E-6 0.00382035 6.85404E-6 
4.21614E-6 0.996766 2.47481E-6 5.27816E-6 8.08114E-6 0.00320829 5.81009E-6 
5.26348E-6 0.996347 3.21657E-6 6.62292E-6 8.28258E-6 0.00362265 6.60821E-6 
1.05728E-5 0.994828 6.48327E-6 1.31519E-5 8.76148E-6 0.00512021 1.32816E-5 
6.93526E-6 0.995986 3.74294E-6 8.3252E-6 6.33674E-6 0.00398296 6.16297E-6 
6.19143E-6 0.996142 3.42444E-6 7.55721E-6 5.68538E-6 0.00382906 5.62552E-6 
8.79171E-6 0.995372 4.98749E-6 1.07637E-5 5.81417E-6 0.00458993 7.67852E-6 
9.33031E-6 0.995181 5.4661E-6 1.15181E-5 5.94477E-6 0.0047782 8.11015E-6 
4.73644E-6 0.996584 2.73679E-6 5.8524E-6 5.67981E-6 0.00339135 5.95748E-6 
7.68744E-6 0.995588 4.56276E-6 9.60657E-6 5.87629E-6 0.00437743 6.69842E-6 
5.91802E-6 0.996114 3.59165E-6 7.43769E-6 6.55734E-6 0.0038557 7.00326E-6 
7.18255E-6 0.995754 4.17553E-6 8.93193E-6 5.16459E-6 0.00421497 5.72767E-6 
7.63932E-6 0.995761 4.1261E-6 9.24313E-6 5.46686E-6 0.0042071 5.36742E-6 
1.27129E-5 0.994458 7.00468E-6 1.54344E-5 5.72926E-6 0.00549278 8.11054E-6 
7.85404E-6 0.99561 4.47033E-6 9.68841E-6 5.11572E-6 0.00435749 5.46629E-6 
7.38805E-6 0.995773 4.14348E-6 9.07197E-6 4.68717E-6 0.00419636 5.28027E-6 
1.77176E-5 0.993352 1.02188E-5 2.17929E-5 4.82958E-6 0.00658264 1.09903E-5 
1.69197E-5 0.993737 8.95302E-6 1.9883E-5 4.73573E-6 0.00620264 9.48612E-6 
2.70606E-5 0.991913 1.46844E-5 3.25173E-5 5.57021E-6 0.00799241 1.46564E-5 
1.52385E-5 0.993964 8.35619E-6 1.826E-5 5.1155E-6 0.00597895 1.02219E-5 
2.80165E-5 0.991678 1.58091E-5 3.38289E-5 5.20433E-6 0.0082236 1.60394E-5 
9.83431E-6 0.995363 4.94576E-6 1.12429E-5 5.31592E-6 0.00459953 6.26067E-6 
1.61005E-5 0.994179 7.78349E-6 1.63391E-5 9.13618E-6 0.00576422 7.90717E-6 
1.28085E-4 0.982919 6.36825E-5 1.31445E-4 3.48417E-5 0.0166686 5.44949E-5 
2.40469E-4 0.97507 1.27917E-4 2.86828E-4 3.93381E-5 0.0241266 1.09039E-4 
3.53175E-5 0.990371 2.07511E-5 4.41545E-5 6.21337E-6 0.009504 1.85277E-5 
3.00066E-5 0.991129 1.79673E-5 3.7833E-5 8.20419E-6 0.00876027 1.63656E-5 
1.11081E-5 0.994651 6.77543E-6 1.40588E-5 7.09634E-6 0.00530215 7.66176E-6 
6.4812E-6 0.995903 3.96585E-6 8.41054E-6 8.08781E-6 0.00406534 5.17359E-6 
3.02572E-6 0.997266 1.75559E-6 3.823E-6 5.96275E-6 0.00271569 3.58865E-6 
6.39955E-6 0.996039 3.64268E-6 7.93567E-6 5.09061E-6 0.00393228 5.51059E-6 
2.29182E-6 0.997614 1.49135E-6 2.93716E-6 1.04717E-5 0.00236292 5.52079E-6 
2.52137E-6 0.997459 1.60162E-6 3.21583E-6 8.32596E-6 0.00252088 4.54352E-6 
4.16246E-6 0.996798 2.41341E-6 5.18826E-6 3.86473E-6 0.00318169 4.26917E-6 
3.46557E-6 0.997041 2.08932E-6 4.36913E-6 4.8861E-6 0.00293966 4.3528E-6 
2.34646E-6 0.99752 1.46445E-6 3.02941E-6 5.91303E-6 0.00246458 2.39145E-6 
4.65043E-6 0.99651 2.91354E-6 5.93404E-6 5.88404E-6 0.00346618 4.09515E-6 
1.3316E-5 0.994312 7.51369E-6 1.63683E-5 4.71626E-6 0.00563792 8.54205E-6 
2.08131E-6 0.997662 1.29988E-6 2.72963E-6 5.64866E-6 0.00232379 2.22946E-6 
4.54127E-6 0.996537 2.79794E-6 6.01167E-6 5.03319E-6 0.00344098 3.20626E-6 
5.68509E-6 0.996179 3.40394E-6 7.24184E-6 5.39209E-6 0.00379455 4.80122E-6 
7.81597E-6 0.995392 4.86257E-6 1.02541E-5 7.44935E-6 0.00457245 4.89723E-6 
2.85946E-5 0.991275 1.89375E-5 3.5879E-5 1.41376E-5 0.00860894 1.83617E-5 
1.63734E-4 0.978752 1.24597E-4 1.98737E-4 4.18734E-5 0.0206145 1.04772E-4 
0.00499987 0.017459 0.00157575 0.971469 0.00309305 1.50108E-4 0.00125279 
0.00842124 0.0677891 0.00327538 0.899353 0.0170643 0.00159596 0.00250121 
0.0212487 0.405139 0.0105724 0.483704 0.0667255 0.00749986 0.00511042 
0.0043675 0.926768 0.00117652 0.0579113 0.00494781 0.00457416 2.54558E-4 
0.00240699 0.962596 8.80202E-4 0.0290197 7.33038E-4 0.00427616 8.75648E-5 
9.7663E-4 0.98732 4.94079E-4 0.00389339 5.20858E-4 0.00675327 4.17317E-5 
4.13185E-4 0.993975 2.04362E-4 0.00251082 1.89696E-4 0.00269399 1.25127E-5 
2.15896E-6 0.997784 1.31545E-6 2.79033E-6 5.54667E-5 0.00214849 6.07686E-6 
8.615E-6 0.995515 4.76158E-6 1.02343E-5 1.20424E-5 0.00444195 7.03515E-6 
3.81181E-6 0.996969 2.15846E-6 4.66952E-6 8.62755E-6 0.00300763 4.07175E-6 
