0.790648 0.00779466 0.0870149 0.0667069 0.00151743 0.00475434 0.0415637 
0.800411 0.00735159 0.0866737 0.0599312 0.00141125 0.00510413 0.039117 
0.820806 0.00789944 0.0749349 0.0549981 0.00175314 0.00485413 0.0347547 
0.817653 0.00864883 0.0746831 0.066681 0.00144266 0.00364326 0.0272477 
0.854471 0.00782469 0.0746811 0.0326302 0.0019142 0.00242815 0.0260507 
0.856412 0.00916915 0.0723857 0.0198151 0.00167827 0.00298911 0.0375512 
0.827436 0.00739684 0.0830267 0.0310385 0.00142772 0.00372674 0.0459473 
0.830903 0.00716027 0.0939491 0.0235163 8.9606E-4 0.00358082 0.0399947 
0.849237 0.00757072 0.0804146 0.0321975 0.00106681 0.00431034 0.0252029 
0.847519 0.0076703 0.0723216 0.037178 0.00145744 0.00202145 0.031832 
0.7797 0.00694471 0.0923923 0.0724949 0.00164124 0.00260214 0.0442242 
0.808735 0.00714877 0.0786686 0.0544555 0.0018004 0.00311601 0.046076 
0.679004 0.00987409 0.0934206 0.00226751 0.0011443 0.00654356 0.207746 
0.77022 0.00885182 0.111974 0.00220049 0.0012685 0.00587153 0.0996144 
0.756611 0.00918943 0.139742 0.002502 0.00237099 0.0090905 0.0804937 
0.343046 0.0159355 0.505927 0.00196085 0.00562282 0.0588928 0.0686148 
0.722079 0.00576191 0.193311 0.00123799 0.00115165 0.0382748 0.0381833 
0.584731 0.00469891 0.242492 9.81493E-4 7.76923E-4 0.108012 0.0583073 
0.617186 0.00569216 0.250216 0.00812823 0.001233 0.0506177 0.0669276 
0.51206 0.00737828 0.295482 0.0136733 0.00214461 0.0734804 0.095782 
0.505165 0.00717835 0.280396 0.0347258 0.00155079 0.0904703 0.0805137 
0.554186 0.00492498 0.291907 0.00738383 8.04838E-4 0.0780378 0.0627556 
0.650472 0.00456755 0.246708 0.00230729 0.00110914 0.0435133 0.0513227 
0.509687 0.00355857 0.35913 0.00452981 8.72388E-4 0.0244765 0.097746 
0.609985 0.00537496 0.269676 7.2887E-4 5.17575E-4 0.0346328 0.079085 
0.759702 0.00680112 0.185572 0.001417 7.07477E-4 0.0184245 0.0273754 
0.784562 0.00723535 0.163497 0.0012908 8.13654E-4 0.0173878 0.0252134 
0.84263 0.0188451 0.0537921 0.0163676 0.00653199 0.0280505 0.0337825 
0.858819 0.0168538 0.0614602 0.00533057 0.00188473 0.0290801 0.0265716 
0.861812 0.0124034 0.0723284 0.00377488 0.00163652 0.018239 0.0298061 
0.863212 0.00835276 0.0774728 0.00540559 8.8713E-4 0.0140574 0.0306127 
0.859257 0.0102102 0.0732011 0.00408364 6.66025E-4 0.0194296 0.0331525 
0.56783 0.00847569 0.134944 0.00237697 0.00190716 0.0608729 0.223593 
0.740385 0.0130258 0.0878693 0.00187547 0.00183883 0.0402742 0.114731 
0.737805 0.0054449 0.14408 0.00165955 5.50761E-4 0.0147523 0.0957076 
0.757753 0.00740403 0.103306 0.00314634 0.0010789 0.0216974 0.105615 
0.849738 0.00823825 0.0796067 0.0165753 0.00115952 0.0101796 0.034503 
0.868555 0.0142231 0.0600186 0.0312921 0.00129428 0.00674693 0.0178694 
0.868693 0.0122999 0.0560524 0.0175714 0.00109766 0.014631 0.029655 
0.86885 0.00998955 0.0619008 0.0190258 9.35406E-4 0.014208 0.0250903 
0.647527 0.0135237 0.0847196 0.207083 0.00218662 0.0215515 0.0234082 
0.882846 0.00905591 0.0612988 0.0296434 0.00212461 0.00619433 0.00883645 
0.887847 0.00758322 0.0649105 0.0105692 0.00233627 0.0101838 0.0165701 
0.904855 0.00960357 0.0508476 0.00583025 0.00136707 0.013992 0.0135041 
0.8934 0.0137125 0.044529 0.0109726 0.00159376 0.0151551 0.0206373 
0.855645 0.0091217 0.0696807 0.00803346 0.00101013 0.0187979 0.0377107 
0.827879 0.00858706 0.0916728 0.00437409 7.56339E-4 0.013815 0.0529157 
0.879893 0.00938272 0.0596786 0.0111874 0.00104592 0.0105989 0.0282131 
0.884835 0.00811152 0.059858 0.00878071 0.00116417 0.0150568 0.0221933 
0.850663 0.00741337 0.0993928 0.0144989 5.7164E-4 0.00730974 0.0201508 
0.873168 0.0086522 0.0810125 0.00416332 8.37242E-4 0.00783633 0.0243308 
0.848914 0.00697322 0.0954489 0.00328935 5.5081E-4 0.0160715 0.0287525 
0.830451 0.00649041 0.0990366 0.0049748 6.44406E-4 0.0188834 0.0395197 
0.861468 0.00901854 0.0664754 0.00351939 7.35574E-4 0.0240332 0.0347502 
0.778304 0.00644705 0.113161 0.00165244 5.26702E-4 0.0113343 0.0885746 
0.887406 0.00997758 0.0673542 0.0067674 6.02141E-4 0.00786631 0.0200268 
0.88037 0.0108513 0.0722321 0.0155286 6.85972E-4 0.00611382 0.0142184 
0.874685 0.029509 0.0514255 0.00539681 0.00419955 0.011459 0.0233255 
0.859324 0.0201713 0.0695037 0.00492147 0.00313833 0.0151477 0.0277938 
0.688491 0.0141826 0.155167 0.00212252 0.00207185 0.113562 0.0244031 
0.759151 0.0136736 0.141352 0.00334424 0.00262066 0.0471564 0.0327018 
0.822147 0.0160249 0.0920311 0.00370624 0.00262033 0.0334965 0.0299744 
0.799441 0.0192969 0.122324 0.00336055 0.00333923 0.0237744 0.0284638 
0.593927 0.00712472 0.210024 0.0817255 0.00290843 0.0322776 0.0720121 
0.381815 0.0102915 0.291693 0.092134 0.00493772 0.097078 0.122051 
0.625718 0.00539772 0.227325 0.0307345 0.00144139 0.0481813 0.0612018 
0.580137 0.00966426 0.260989 0.00495518 0.00258613 0.105295 0.0363743 
0.613801 0.00759341 0.247022 0.00408464 0.00170889 0.0861258 0.0396651 
0.698319 0.00768648 0.193601 0.00572867 0.00149608 0.0544235 0.038745 
0.639864 0.00870753 0.219534 0.00457146 0.00181288 0.0807674 0.0447435 
0.680871 0.0103269 0.204742 0.00435794 0.00237592 0.0661271 0.0311988 
0.727346 0.00909366 0.187803 0.00948695 0.00129212 0.031513 0.033466 
0.879172 0.0109746 0.0611319 0.0143961 0.00118192 0.0049758 0.0281674 
0.867061 0.00710641 0.0840714 0.00781687 0.00117363 0.00445212 0.0283189 
0.836969 0.00916721 0.106261 0.00820908 0.00116334 0.0142611 0.0239694 
0.840795 0.00905335 0.104184 0.0118867 0.00142551 0.00947971 0.0231757 
0.756137 0.0134546 0.142029 0.0052423 0.00121704 0.0593859 0.0225336 
0.536106 0.0145743 0.267889 0.00313613 0.00232158 0.164162 0.0118108 
0.596636 0.00728654 0.252062 0.0113607 0.00125003 0.107491 0.0239135 
0.621786 0.00977004 0.147824 0.126477 0.00269924 0.00636335 0.0850805 
0.807149 0.00711737 0.148652 0.00156837 5.49557E-4 0.00880725 0.0261565 
0.831867 0.0173719 0.0843658 0.00334105 0.00179728 0.040234 0.0210226 
0.404237 0.0191978 0.177451 0.242944 0.00580823 0.0569237 0.0934385 
0.174963 0.0166111 0.221247 0.506519 0.00862118 0.0367127 0.035326 
0.71651 0.0144969 0.144929 0.0748107 0.00361473 0.0294984 0.01614 
0.0326942 0.535361 0.0303069 6.54837E-4 0.0203546 0.378088 0.00254039 
0.0242841 0.479216 0.0798004 0.00846612 0.0200205 0.380126 0.00808637 
0.0460887 0.256143 0.127853 0.086908 0.367693 0.0730326 0.0422814 
0.140439 0.126985 0.0387989 0.665571 0.0065497 0.00608963 0.0155665 
0.12368 0.00830672 0.0663601 0.788685 0.00104159 0.00131443 0.0106115 
0.254414 0.0191726 0.283888 0.209692 0.00809494 0.0252503 0.199488 
0.610699 0.0245441 0.135887 0.103852 0.00471333 0.0327474 0.0875571 
0.444351 0.0483785 0.0562212 0.00481158 0.00531564 0.342998 0.0979235 
0.411394 0.0643251 0.114706 0.00165381 0.00261385 0.345825 0.0594825 
0.741373 0.103602 0.0640877 0.0189194 0.0035649 0.0462118 0.0222418 
0.648294 0.0183963 0.101244 0.00594016 6.66514E-4 0.196326 0.0291328 
0.770562 0.01558 0.106936 0.00829289 9.27727E-4 0.0756553 0.0220456 
0.429533 0.0260912 0.110162 0.00107475 7.5648E-4 0.399834 0.0325488 
0.677262 0.0221965 0.108624 0.00406468 0.00184098 0.161349 0.0246623 
0.668733 0.0166707 0.13274 0.00230892 0.0010141 0.146971 0.0315625 
0.654173 0.0156864 0.159687 0.00216647 0.00217803 0.13249 0.0336194 
0.751608 0.0348461 0.103748 0.0135367 0.0016654 0.0729553 0.0216404 
0.677209 0.0304825 0.112449 0.0629821 0.00172879 0.0821761 0.0329728 
0.814395 0.0318037 0.0815039 0.0119244 9.78424E-4 0.037357 0.0220377 
0.574139 0.0749537 0.0413729 0.283001 0.00224003 0.0119774 0.012316 
0.802289 0.0347448 0.0670798 0.0583762 0.00162625 0.0108708 0.0250131 
0.58398 0.067858 0.0454607 0.274601 0.00225824 0.0129331 0.012909 
0.679999 0.0823291 0.0422016 0.163358 0.00357301 0.0153207 0.0132189 
0.730002 0.0694013 0.054122 0.115875 0.00222369 0.0136338 0.0147421 
0.6163 0.112736 0.0374004 0.194555 0.00500731 0.0180717 0.015929 
0.757585 0.106081 0.0422181 0.054524 0.00286923 0.0153428 0.0213801 
0.708564 0.0844026 0.034608 0.143698 0.00290694 0.0102881 0.0155322 
0.763506 0.067657 0.0416355 0.0971858 0.00273992 0.00841288 0.018863 
0.812545 0.0657824 0.0387152 0.0474645 0.00269922 0.0127344 0.020059 
0.78712 0.0794129 0.0409123 0.0581139 0.00247871 0.0114676 0.0204944 
0.874685 0.029509 0.0514255 0.00539681 0.00419955 0.011459 0.0233255 
0.859324 0.0201713 0.0695037 0.00492147 0.00313833 0.0151477 0.0277938 
0.688491 0.0141826 0.155167 0.00212252 0.00207185 0.113562 0.0244031 
0.759151 0.0136736 0.141352 0.00334424 0.00262066 0.0471564 0.0327018 
0.822147 0.0160249 0.0920311 0.00370624 0.00262033 0.0334965 0.0299744 
0.799441 0.0192969 0.122324 0.00336055 0.00333923 0.0237744 0.0284638 
0.593927 0.00712472 0.210024 0.0817255 0.00290843 0.0322776 0.0720121 
0.381815 0.0102915 0.291693 0.092134 0.00493772 0.097078 0.122051 
0.625718 0.00539772 0.227325 0.0307345 0.00144139 0.0481813 0.0612018 
0.580137 0.00966426 0.260989 0.00495518 0.00258613 0.105295 0.0363743 
0.613801 0.00759341 0.247022 0.00408464 0.00170889 0.0861258 0.0396651 
0.698319 0.00768648 0.193601 0.00572867 0.00149608 0.0544235 0.038745 
0.639864 0.00870753 0.219534 0.00457146 0.00181288 0.0807674 0.0447435 
0.680871 0.0103269 0.204742 0.00435794 0.00237592 0.0661271 0.0311988 
0.727346 0.00909366 0.187803 0.00948695 0.00129212 0.031513 0.033466 
0.879172 0.0109746 0.0611319 0.0143961 0.00118192 0.0049758 0.0281674 
0.867061 0.00710641 0.0840714 0.00781687 0.00117363 0.00445212 0.0283189 
0.836969 0.00916721 0.106261 0.00820908 0.00116334 0.0142611 0.0239694 
0.840795 0.00905335 0.104184 0.0118867 0.00142551 0.00947971 0.0231757 
0.756137 0.0134546 0.142029 0.0052423 0.00121704 0.0593859 0.0225336 
0.536106 0.0145743 0.267889 0.00313613 0.00232158 0.164162 0.0118108 
0.596636 0.00728654 0.252062 0.0113607 0.00125003 0.107491 0.0239135 
0.621786 0.00977004 0.147824 0.126477 0.00269924 0.00636335 0.0850805 
0.807149 0.00711737 0.148652 0.00156837 5.49557E-4 0.00880725 0.0261565 
0.831867 0.0173719 0.0843658 0.00334105 0.00179728 0.040234 0.0210226 
0.404237 0.0191978 0.177451 0.242944 0.00580823 0.0569237 0.0934385 
0.174963 0.0166111 0.221247 0.506519 0.00862118 0.0367127 0.035326 
0.71651 0.0144969 0.144929 0.0748107 0.00361473 0.0294984 0.01614 
0.0326942 0.535361 0.0303069 6.54837E-4 0.0203546 0.378088 0.00254039 
0.0242841 0.479216 0.0798004 0.00846612 0.0200205 0.380126 0.00808637 
0.0460887 0.256143 0.127853 0.086908 0.367693 0.0730326 0.0422814 
0.140439 0.126985 0.0387989 0.665571 0.0065497 0.00608963 0.0155665 
0.12368 0.00830672 0.0663601 0.788685 0.00104159 0.00131443 0.0106115 
0.254414 0.0191726 0.283888 0.209692 0.00809494 0.0252503 0.199488 
0.610699 0.0245441 0.135887 0.103852 0.00471333 0.0327474 0.0875571 
0.444351 0.0483785 0.0562212 0.00481158 0.00531564 0.342998 0.0979235 
0.411394 0.0643251 0.114706 0.00165381 0.00261385 0.345825 0.0594825 
0.741373 0.103602 0.0640877 0.0189194 0.0035649 0.0462118 0.0222418 
0.648294 0.0183963 0.101244 0.00594016 6.66514E-4 0.196326 0.0291328 
0.770562 0.01558 0.106936 0.00829289 9.27727E-4 0.0756553 0.0220456 
0.429533 0.0260912 0.110162 0.00107475 7.5648E-4 0.399834 0.0325488 
0.677262 0.0221965 0.108624 0.00406468 0.00184098 0.161349 0.0246623 
0.668733 0.0166707 0.13274 0.00230892 0.0010141 0.146971 0.0315625 
0.654173 0.0156864 0.159687 0.00216647 0.00217803 0.13249 0.0336194 
0.751608 0.0348461 0.103748 0.0135367 0.0016654 0.0729553 0.0216404 
0.677209 0.0304825 0.112449 0.0629821 0.00172879 0.0821761 0.0329728 
0.814395 0.0318037 0.0815039 0.0119244 9.78424E-4 0.037357 0.0220377 
0.574139 0.0749537 0.0413729 0.283001 0.00224003 0.0119774 0.012316 
0.802289 0.0347448 0.0670798 0.0583762 0.00162625 0.0108708 0.0250131 
0.58398 0.067858 0.0454607 0.274601 0.00225824 0.0129331 0.012909 
0.679999 0.0823291 0.0422016 0.163358 0.00357301 0.0153207 0.0132189 
0.730002 0.0694013 0.054122 0.115875 0.00222369 0.0136338 0.0147421 
0.6163 0.112736 0.0374004 0.194555 0.00500731 0.0180717 0.015929 
0.757585 0.106081 0.0422181 0.054524 0.00286923 0.0153428 0.0213801 
0.708564 0.0844026 0.034608 0.143698 0.00290694 0.0102881 0.0155322 
0.763506 0.067657 0.0416355 0.0971858 0.00273992 0.00841288 0.018863 
0.812545 0.0657824 0.0387152 0.0474645 0.00269922 0.0127344 0.020059 
0.78712 0.0794129 0.0409123 0.0581139 0.00247871 0.0114676 0.0204944 
0.855012 0.0106026 0.0727323 0.0214809 0.0024661 0.00526843 0.032438 
0.844185 0.0121078 0.066542 0.0374298 0.00322892 0.00569255 0.0308136 
0.834446 0.0093089 0.0746094 0.0254481 0.0022405 0.00654138 0.0474054 
0.824269 0.0103034 0.0770261 0.0428705 0.00174948 0.00446945 0.0393123 
0.835045 0.00940616 0.0807592 0.0139807 0.00148076 0.00695663 0.0523718 
0.838264 0.00857437 0.0774438 0.0219988 0.00209656 0.00617361 0.045449 
0.838149 0.00990474 0.0731655 0.0246421 0.00186391 0.00741796 0.044857 
0.836219 0.00949865 0.076823 0.0295987 0.00181333 0.00727259 0.038775 
0.832213 0.00907142 0.0762942 0.0251326 0.00257014 0.00741069 0.0473082 
0.825486 0.00990435 0.0733246 0.0419519 0.00291186 0.00620447 0.040217 
0.787497 0.011513 0.0712918 0.081912 0.00448497 0.00554811 0.0377533 
0.848842 0.00935995 0.0661016 0.026526 0.00378257 0.00555743 0.0398306 
0.85036 0.00861365 0.0686235 0.0363725 0.00297024 0.00614814 0.0269121 
0.857879 0.00818713 0.0776671 0.0128952 0.00394078 0.00538204 0.0340485 
0.75587 0.00819825 0.0943153 0.0813981 0.00229388 0.00541495 0.0525097 
0.801706 0.00841792 0.0856723 0.0504966 0.00266587 0.00366652 0.0473751 
0.832147 0.0070102 0.0885458 0.0167526 0.00159285 0.00379996 0.0501512 
0.831066 0.00676649 0.0848235 0.0216916 0.00200137 0.00391811 0.0497329 
0.814358 0.00713408 0.0883743 0.0164136 0.00172511 0.00342031 0.0685745 
0.777312 0.00697728 0.0983837 0.0121063 0.00160022 0.00418789 0.0994324 
0.82762 0.00755342 0.0966719 0.00796346 0.00288443 0.00238807 0.0549187 
0.858236 0.00736117 0.0876277 0.00651942 0.00218347 0.0028126 0.0352595 
0.852631 0.00732921 0.0835165 0.0180785 0.00283436 0.00252189 0.0330887 
0.859649 0.010276 0.068616 0.0297269 0.00264062 0.00313625 0.0259553 
0.844642 0.00945245 0.0803953 0.0129438 0.00199711 0.00569679 0.0448728 
0.843772 0.00958507 0.0811076 0.0152142 0.00182231 0.0067553 0.0417433 
0.860639 0.0109021 0.0671897 0.0173528 0.00268967 0.0050306 0.0361959 
0.859983 0.010288 0.070393 0.0177021 0.00397908 0.00458167 0.0330735 
0.854314 0.0111338 0.0740845 0.0171979 0.00224341 0.00468816 0.0363382 
0.861043 0.00972208 0.0745387 0.0139468 0.00184285 0.0049521 0.0339547 
0.839998 0.0115177 0.0807822 0.0085771 0.00281573 0.0058111 0.050498 
0.824931 0.00984283 0.0917224 0.0122353 0.00156975 0.00511995 0.0545786 
0.843495 0.0113064 0.0783578 0.0141953 0.00270931 0.00570486 0.0442316 
0.846014 0.0093072 0.0778937 0.0186447 0.00198372 0.0055632 0.0405931 
0.866259 0.00859755 0.078614 0.00901087 0.00208099 0.0050295 0.0304081 
0.851391 0.00842275 0.0748071 0.0118291 0.00357861 0.00877003 0.0412009 
0.858166 0.00911376 0.0777755 0.00735422 0.00202195 0.00632686 0.0392412 
0.854501 0.0101731 0.0862962 0.00629787 0.00196608 0.00566875 0.0350971 
0.838156 0.00796205 0.0840211 0.00688329 0.00208111 0.00536341 0.0555334 
0.832153 0.00653377 0.0949774 0.0175198 0.00156615 0.00449657 0.0427536 
0.866813 0.00908287 0.0671339 0.0237106 0.00183769 0.00570893 0.0257125 
0.89005 0.00845543 0.0617435 0.0159736 0.0017475 0.00355244 0.0184774 
0.861913 0.00601746 0.0835713 0.0156244 0.00149972 0.00406104 0.0273131 
0.821992 0.00766188 0.112586 0.00870976 0.00116499 0.00495714 0.0429284 
0.81802 0.0175393 0.0616018 0.0757282 0.00327166 0.00399155 0.0198473 
0.72465 0.0110983 0.115888 0.00850903 0.00164731 0.00184627 0.136361 
0.834061 0.00803559 0.105282 0.00610556 0.00133638 0.00501818 0.0401614 
0.864588 0.00782321 0.0645118 0.0109975 0.00212196 0.00417446 0.0457831 
0.812541 0.00595586 0.0921419 0.01745 0.00122504 0.00337275 0.0673132 
0.855014 0.00790456 0.074277 0.028234 0.00146929 0.00507865 0.0280229 
0.854576 0.00588336 0.0790877 0.0195015 0.00180306 0.00401852 0.0351299 
0.847624 0.00578842 0.0966882 0.00673567 9.82862E-4 0.00643768 0.0357431 
0.864926 0.00950666 0.0770121 0.00643223 0.00132715 0.0129766 0.0278192 
0.831266 0.00777202 0.0825658 0.0287309 0.00160395 0.0113389 0.0367224 
0.637518 0.00853219 0.0949223 0.0122207 0.00150665 0.0102903 0.235009 
0.580526 0.0135367 0.1278 0.0430568 0.00933289 0.0174193 0.208329 
0.00650778 0.00972091 0.854347 0.0992015 0.00190855 0.00521023 0.0231042 
0.0406801 0.173336 0.327532 0.189908 0.0935573 0.131731 0.0432552 
0.0411168 0.183998 0.296681 0.197594 0.108753 0.129874 0.0419835 
0.0414629 0.195301 0.29009 0.190209 0.112209 0.128894 0.0418351 
0.030179 0.228911 0.215844 0.314417 0.0742571 0.105728 0.0306646 
0.0253975 0.217861 0.170331 0.39572 0.064037 0.102123 0.0245302 
0.0321196 0.225673 0.194349 0.31332 0.0875617 0.115963 0.0310138 
0.0385009 0.205727 0.258699 0.230352 0.105108 0.123592 0.0380198 
0.0396516 0.211217 0.265963 0.211587 0.10817 0.124121 0.0392911 
0.0335909 0.239019 0.216386 0.275334 0.0911017 0.112015 0.0325531 
0.0141571 0.158417 0.0857511 0.62834 0.0350313 0.0672836 0.0110199 
0.0117353 0.13243 0.0303617 0.769497 0.0202143 0.0292217 0.00653994 
0.0227925 0.148862 0.158901 0.482494 0.0589567 0.108192 0.0198023 
0.0182857 0.149663 0.0916234 0.584554 0.0438818 0.0983467 0.0136462 
0.018454 0.19528 0.0445274 0.620985 0.0385024 0.0709626 0.0112884 
0.0293825 0.277748 0.0494176 0.518167 0.0495501 0.058828 0.0169065 
0.0222797 0.380201 0.0465684 0.413922 0.0495675 0.073959 0.0135023 
0.0700396 0.159418 0.0801943 0.588792 0.0449082 0.0357908 0.0208573 
0.175691 0.0674436 0.116254 0.103474 0.503711 0.0149259 0.0185008 
0.14391 0.120756 0.190139 0.188245 0.275611 0.0467481 0.0345905 
0.131772 0.114089 0.197445 0.295401 0.153234 0.0707955 0.0372635 
0.055824 0.0283125 0.106782 0.798603 0.00399773 0.00380674 0.00267351 
0.568543 0.016329 0.156962 0.249143 0.00137161 0.00185125 0.00579958 
0.74038 0.0150685 0.0884667 0.118353 0.00141979 0.00455473 0.0317575 
0.548496 0.145531 0.0625391 0.198775 0.00344582 0.0171341 0.0240781 
0.671073 0.153497 0.0734247 0.0458205 0.00233281 0.0347066 0.0191449 
0.484552 0.334854 0.0491641 0.0300268 0.00783468 0.0714212 0.0221474 
0.549691 0.122055 0.0904854 0.0170627 0.00836337 0.166311 0.046031 
0.546291 0.0928103 0.056478 0.00254531 0.00300757 0.249163 0.0497052 
0.0329524 0.0586533 0.0118591 1.22593E-4 7.99295E-4 0.893829 0.00178418 
0.0219788 0.108432 0.00651392 1.01119E-4 8.2842E-4 0.861129 0.00101667 
0.0493463 0.148868 0.0165328 4.06816E-4 0.00261719 0.779177 0.00305151 
0.460232 0.0460845 0.0662462 0.00356589 9.31817E-4 0.41773 0.00520876 
0.47149 0.155574 0.0415927 0.0086427 0.00183783 0.31096 0.00990309 
0.404659 0.247228 0.0352934 0.00480487 0.003055 0.291438 0.0135224 
0.346813 0.374527 0.0248525 0.00549993 0.00257069 0.235944 0.00979316 
0.283897 0.269406 0.029956 0.0143623 0.00145236 0.386182 0.0147447 
0.470526 0.157026 0.0618961 0.268476 0.00205755 0.0281405 0.0118778 
0.533001 0.0460197 0.145763 0.236342 0.00545577 0.0126679 0.020751 
0.595334 0.234319 0.0345698 0.114753 0.00268384 0.00684201 0.0114974 
0.641482 0.224784 0.0379999 0.0662502 0.00273815 0.0130591 0.0136862 
0.543765 0.323903 0.0282169 0.0636583 0.00288828 0.0189052 0.0186634 
0.562575 0.290799 0.0342748 0.0713496 0.00266616 0.0195839 0.0187516 
0.527659 0.320967 0.0244089 0.0947502 0.00335691 0.0153473 0.0135109 
0.41732 0.489889 0.0108347 0.0536996 0.00942502 0.0076621 0.0111695 
0.539377 0.307007 0.0178305 0.107678 0.00524839 0.0074445 0.0154149 
0.507692 0.194748 0.0254242 0.241971 0.00483352 0.0122844 0.0130475 
0.485843 0.340432 0.0291828 0.106907 0.00478081 0.0229382 0.0099158 
0.611755 0.216867 0.0398385 0.0966339 0.00430806 0.0191119 0.0114858 
0.586815 0.240743 0.0409369 0.0905347 0.00496238 0.0243032 0.011705 
0.582745 0.194064 0.0626111 0.109102 0.00348331 0.0319041 0.0160904 
0.601231 0.214526 0.0578567 0.0735497 0.00329119 0.0354801 0.014065 
0.53422 0.259753 0.0526868 0.0695788 0.00358945 0.0616177 0.0185544 
0.551482 0.240618 0.0545273 0.0740929 0.00332029 0.0602331 0.0157267 
0.607734 0.191403 0.04887 0.0913491 0.00364094 0.040437 0.0165663 
0.590228 0.207696 0.0528096 0.100705 0.00254805 0.0277263 0.0182875 
0.504198 0.340617 0.0269139 0.0936256 0.00380326 0.0192859 0.0115568 
0.493067 0.368834 0.0168093 0.0940257 0.00409893 0.00560963 0.0175548 
0.489967 0.281796 0.020508 0.179208 0.00455585 0.00597166 0.017994 
0.472088 0.273859 0.0212137 0.207365 0.00430705 0.00658347 0.0145838 
0.600372 0.153052 0.0199717 0.205118 0.00669885 0.00333569 0.0114518 
0.643053 0.0784629 0.0312417 0.228106 0.00268264 0.00458851 0.0118659 
0.604598 0.12719 0.0270557 0.221678 0.00314091 0.00416523 0.012172 
0.483043 0.0995075 0.0215639 0.379035 0.00328595 0.00223319 0.0113313 
0.598608 0.122657 0.0201016 0.236993 0.00584941 0.00296693 0.0128248 
0.648602 0.179513 0.0184665 0.12225 0.00662975 0.00670551 0.0178332 
0.677946 0.153401 0.0229371 0.108151 0.00477929 0.00892857 0.023857 
0.614688 0.148833 0.0280738 0.171237 0.00359768 0.00824233 0.0253276 
0.855012 0.0106026 0.0727323 0.0214809 0.0024661 0.00526843 0.032438 
0.844185 0.0121078 0.066542 0.0374298 0.00322892 0.00569255 0.0308136 
0.834446 0.0093089 0.0746094 0.0254481 0.0022405 0.00654138 0.0474054 
0.824269 0.0103034 0.0770261 0.0428705 0.00174948 0.00446945 0.0393123 
0.835045 0.00940616 0.0807592 0.0139807 0.00148076 0.00695663 0.0523718 
0.838264 0.00857437 0.0774438 0.0219988 0.00209656 0.00617361 0.045449 
0.838149 0.00990474 0.0731655 0.0246421 0.00186391 0.00741796 0.044857 
0.836219 0.00949865 0.076823 0.0295987 0.00181333 0.00727259 0.038775 
0.832213 0.00907142 0.0762942 0.0251326 0.00257014 0.00741069 0.0473082 
0.825486 0.00990435 0.0733246 0.0419519 0.00291186 0.00620447 0.040217 
0.787497 0.011513 0.0712918 0.081912 0.00448497 0.00554811 0.0377533 
0.848842 0.00935995 0.0661016 0.026526 0.00378257 0.00555743 0.0398306 
0.85036 0.00861365 0.0686235 0.0363725 0.00297024 0.00614814 0.0269121 
0.857879 0.00818713 0.0776671 0.0128952 0.00394078 0.00538204 0.0340485 
0.75587 0.00819825 0.0943153 0.0813981 0.00229388 0.00541495 0.0525097 
0.801706 0.00841792 0.0856723 0.0504966 0.00266587 0.00366652 0.0473751 
0.832147 0.0070102 0.0885458 0.0167526 0.00159285 0.00379996 0.0501512 
0.831066 0.00676649 0.0848235 0.0216916 0.00200137 0.00391811 0.0497329 
0.814358 0.00713408 0.0883743 0.0164136 0.00172511 0.00342031 0.0685745 
0.777312 0.00697728 0.0983837 0.0121063 0.00160022 0.00418789 0.0994324 
0.82762 0.00755342 0.0966719 0.00796346 0.00288443 0.00238807 0.0549187 
0.858236 0.00736117 0.0876277 0.00651942 0.00218347 0.0028126 0.0352595 
0.852631 0.00732921 0.0835165 0.0180785 0.00283436 0.00252189 0.0330887 
0.859649 0.010276 0.068616 0.0297269 0.00264062 0.00313625 0.0259553 
0.844642 0.00945245 0.0803953 0.0129438 0.00199711 0.00569679 0.0448728 
0.843772 0.00958507 0.0811076 0.0152142 0.00182231 0.0067553 0.0417433 
0.860639 0.0109021 0.0671897 0.0173528 0.00268967 0.0050306 0.0361959 
0.859983 0.010288 0.070393 0.0177021 0.00397908 0.00458167 0.0330735 
0.854314 0.0111338 0.0740845 0.0171979 0.00224341 0.00468816 0.0363382 
0.861043 0.00972208 0.0745387 0.0139468 0.00184285 0.0049521 0.0339547 
0.839998 0.0115177 0.0807822 0.0085771 0.00281573 0.0058111 0.050498 
0.824931 0.00984283 0.0917224 0.0122353 0.00156975 0.00511995 0.0545786 
0.843495 0.0113064 0.0783578 0.0141953 0.00270931 0.00570486 0.0442316 
0.846014 0.0093072 0.0778937 0.0186447 0.00198372 0.0055632 0.0405931 
0.469037 0.0339682 0.112747 0.0434406 0.00268402 0.259028 0.0790957 
0.492427 0.0272274 0.110861 0.035707 0.00247127 0.234425 0.0968813 
0.449744 0.0256094 0.108583 0.0343912 0.00270498 0.274569 0.104398 
0.412981 0.0232528 0.0999026 0.020994 0.00236623 0.31654 0.123963 
0.481618 0.0225151 0.123534 0.0248763 0.00219139 0.241672 0.103594 
0.528695 0.0294679 0.0848841 0.0457344 0.00267594 0.227395 0.0811476 
0.543679 0.0257653 0.117177 0.0612857 0.00298674 0.156281 0.0928262 
0.541208 0.0205829 0.126727 0.0239012 0.00187742 0.184323 0.10138 
0.583955 0.0203097 0.100434 0.0621196 0.00273599 0.147419 0.0830272 
0.646753 0.0176407 0.101706 0.0545066 0.0021584 0.103977 0.0732582 
0.690776 0.0134616 0.0962555 0.0276595 0.00162098 0.0959799 0.0742464 
0.687472 0.012192 0.111813 0.0430273 0.00161016 0.0611516 0.082734 
0.689176 0.0128661 0.114526 0.0662118 0.00203847 0.0430371 0.0721449 
0.61895 0.0115827 0.134729 0.0415978 0.0016242 0.060109 0.131408 
0.647879 0.0130648 0.121324 0.0376446 0.00169656 0.087717 0.0906745 
0.731002 0.0131043 0.116028 0.0146811 0.00113397 0.0641798 0.0598716 
0.758223 0.0114206 0.125771 0.0157395 7.93677E-4 0.039654 0.0483986 
0.743807 0.0107968 0.121279 0.0232896 0.0012607 0.036868 0.0626987 
0.704923 0.00861905 0.145093 0.0242013 0.00121745 0.0462723 0.0696736 
0.692549 0.00924577 0.140153 0.0210403 0.00116693 0.0626735 0.0731715 
0.732531 0.00803705 0.142575 0.00927806 8.33721E-4 0.0489599 0.0577847 
0.716651 0.00739254 0.162785 0.00898963 9.32247E-4 0.0398019 0.0634476 
0.621044 0.00579255 0.195355 0.0113465 8.01651E-4 0.0584164 0.107244 
0.649841 0.00588168 0.218969 0.00893599 7.44566E-4 0.0453873 0.0702402 
0.624727 0.00582866 0.208716 0.0108424 8.98419E-4 0.0595524 0.0894355 
0.524907 0.00589331 0.242538 0.00898013 7.71302E-4 0.0840174 0.132893 
0.500818 0.00635508 0.270372 0.00686846 8.60138E-4 0.11855 0.0961768 
0.490534 0.0070818 0.27344 0.00582585 8.05941E-4 0.175567 0.0467452 
0.513514 0.0061888 0.282947 0.00476614 8.19661E-4 0.137622 0.0541422 
0.457584 0.00570893 0.308443 0.00375886 0.00123884 0.142206 0.0810607 
0.440331 0.00637192 0.291836 0.00585883 0.00109948 0.171257 0.0832455 
0.405864 0.00784746 0.271765 0.00329647 0.00122752 0.222696 0.0873039 
0.402695 0.0101687 0.244074 0.00524286 0.00165196 0.250307 0.085861 
0.528491 0.00891586 0.227491 0.0039863 0.00122773 0.158736 0.0711523 
0.558843 0.00868223 0.238924 0.00387261 0.00117883 0.12475 0.0637502 
0.561138 0.00870562 0.226557 0.00433147 0.00111167 0.126406 0.0717514 
0.571169 0.00832167 0.195006 0.00452239 0.00142933 0.146916 0.0726347 
0.45378 0.00862119 0.251073 0.00423244 0.00127345 0.180006 0.101014 
0.380672 0.00658467 0.229198 0.00307073 7.44872E-4 0.235929 0.143801 
0.395655 0.00816513 0.229865 0.00336398 0.00117042 0.226932 0.134849 
0.458414 0.00791059 0.223815 0.0072359 0.00129331 0.174403 0.126928 
0.530514 0.00589754 0.241558 0.00528313 0.00103303 0.108989 0.106725 
0.515498 0.00498302 0.268159 0.00521227 8.26037E-4 0.09496 0.110363 
0.269334 0.00582036 0.405672 0.0178808 0.00143728 0.131107 0.168749 
0.297463 0.00429019 0.437416 0.0130356 8.31044E-4 0.125159 0.121804 
0.306161 0.00525011 0.376967 0.0116309 9.94282E-4 0.157235 0.141761 
0.274594 0.00492031 0.396586 0.00835496 0.00109899 0.15456 0.159885 
0.150343 0.00641089 0.425922 0.0123545 0.00292322 0.222708 0.179338 
0.164194 0.00586333 0.44775 0.0116617 0.00258557 0.214107 0.153839 
0.136442 0.00631544 0.432853 0.0135179 0.00302222 0.242235 0.165613 
0.214315 0.0052509 0.44005 0.0119303 0.00191002 0.165521 0.161023 
0.294847 0.00403138 0.441669 0.0137592 8.90516E-4 0.117217 0.127586 
0.367184 0.00367123 0.401495 0.0114309 5.87671E-4 0.11348 0.102151 
0.411179 0.00363434 0.430071 0.0150347 6.39323E-4 0.0527398 0.0867018 
0.516704 0.0029324 0.376449 0.0132928 5.26249E-4 0.0167221 0.0733728 
0.490187 0.00373107 0.347922 0.0202357 6.44411E-4 0.0223526 0.114927 
0.572139 0.00424987 0.271443 0.0159109 6.95859E-4 0.021529 0.114032 
0.592169 0.00537616 0.250478 0.0299427 9.48013E-4 0.0171525 0.103933 
0.659205 0.0061516 0.20667 0.0220335 8.75738E-4 0.0178428 0.0872212 
0.634636 0.0059042 0.203299 0.0202501 8.95612E-4 0.0203069 0.114708 
0.630011 0.0056051 0.201725 0.0246711 9.76458E-4 0.0139914 0.12302 
0.671948 0.00575028 0.212769 0.0113597 0.00103516 0.0132006 0.0839364 
0.52061 0.00419053 0.346902 0.00428392 9.45312E-4 0.0239978 0.0990702 
0.410521 0.00386701 0.4175 0.0102359 6.61763E-4 0.0544022 0.102812 
0.326659 0.00466303 0.507938 0.0146946 0.00107767 0.0821758 0.0627919 
0.350313 0.00453226 0.482824 0.0176358 0.00104939 0.0712045 0.0724414 
0.392271 0.00418361 0.45342 0.00994232 0.00133439 0.0783221 0.0605267 
0.350739 0.00317703 0.478466 0.0106533 5.23877E-4 0.0674049 0.0890362 
0.351125 0.00420747 0.421076 0.0130618 6.09811E-4 0.100891 0.109028 
0.465765 0.00582162 0.348699 0.0229252 5.9452E-4 0.0307969 0.125398 
0.613714 0.00889495 0.183156 0.0253888 7.27811E-4 0.0333915 0.134726 
0.621108 0.014973 0.137378 0.0415492 0.00134067 0.0423857 0.141266 
0.697856 0.0114439 0.142844 0.0184576 6.81377E-4 0.0313767 0.0973412 
0.657178 0.011727 0.121889 0.0202786 7.43016E-4 0.0290217 0.159164 
0.669473 0.0147054 0.114527 0.0219871 9.77212E-4 0.0446022 0.133727 
0.491294 0.00690399 0.169125 0.0279838 0.00107337 0.022302 0.281318 
0.466468 0.00707148 0.168314 0.0169211 9.70939E-4 0.0276882 0.312567 
0.498579 0.0064034 0.187877 0.00619627 7.91255E-4 0.0391235 0.26103 
0.558873 0.00548183 0.18877 0.022408 7.38155E-4 0.0162178 0.207511 
0.623671 0.00585714 0.145191 0.0281003 0.0010046 0.0159889 0.180187 
0.668334 0.00528847 0.130235 0.0129458 7.67399E-4 0.00957763 0.172852 
0.621242 0.00454626 0.159809 0.0136842 6.60756E-4 0.00975346 0.190305 
0.568663 0.00551614 0.158199 0.0144037 7.2054E-4 0.0110279 0.24147 
0.577747 0.00521308 0.159642 0.0141193 7.49285E-4 0.0140335 0.228496 
0.639758 0.00515007 0.142138 0.00948832 0.00111621 0.00864872 0.193701 
0.526124 0.00544026 0.164762 0.00908871 8.02706E-4 0.0122095 0.281573 
0.534964 0.00515878 0.176957 0.0140014 8.79901E-4 0.0139511 0.254088 
0.428254 0.00613567 0.179671 0.0120087 0.00135235 0.02671 0.345868 
0.563716 0.00482345 0.171666 0.00800287 9.89013E-4 0.0196176 0.231185 
0.483801 0.00475067 0.182708 0.00524609 8.59131E-4 0.0199959 0.302639 
0.3295 0.00638638 0.200564 0.00731845 0.00148334 0.0434376 0.41131 
0.335753 0.00678202 0.231292 0.00951264 0.00139859 0.0451108 0.37015 
0.40529 0.0063854 0.206587 0.00906548 0.00133451 0.0413318 0.330006 
0.371012 0.00634378 0.23094 0.00743722 7.75831E-4 0.0428484 0.340643 
0.585842 0.00447633 0.20319 0.0104179 6.21046E-4 0.0186407 0.176812 
0.496742 0.0050319 0.23639 0.0174687 7.30241E-4 0.0237709 0.219866 
0.551635 0.00431928 0.207725 0.0188738 0.00100151 0.0212302 0.195215 
0.413963 0.00472721 0.233303 0.0125984 7.56822E-4 0.0191405 0.315511 
0.51197 0.00445883 0.193872 0.00614809 5.16748E-4 0.0134826 0.269551 
0.529692 0.00443008 0.205797 0.00421801 4.41055E-4 0.0170172 0.238405 
0.526221 0.00427937 0.199989 0.00309762 3.8936E-4 0.0137974 0.252227 
0.855012 0.0106026 0.0727323 0.0214809 0.0024661 0.00526843 0.032438 
0.844185 0.0121078 0.066542 0.0374298 0.00322892 0.00569255 0.0308136 
0.834446 0.0093089 0.0746094 0.0254481 0.0022405 0.00654138 0.0474054 
0.824269 0.0103034 0.0770261 0.0428705 0.00174948 0.00446945 0.0393123 
0.835045 0.00940616 0.0807592 0.0139807 0.00148076 0.00695663 0.0523718 
0.838264 0.00857437 0.0774438 0.0219988 0.00209656 0.00617361 0.045449 
0.838149 0.00990474 0.0731655 0.0246421 0.00186391 0.00741796 0.044857 
0.836219 0.00949865 0.076823 0.0295987 0.00181333 0.00727259 0.038775 
0.832213 0.00907142 0.0762942 0.0251326 0.00257014 0.00741069 0.0473082 
0.825486 0.00990435 0.0733246 0.0419519 0.00291186 0.00620447 0.040217 
0.787497 0.011513 0.0712918 0.081912 0.00448497 0.00554811 0.0377533 
0.848842 0.00935995 0.0661016 0.026526 0.00378257 0.00555743 0.0398306 
0.85036 0.00861365 0.0686235 0.0363725 0.00297024 0.00614814 0.0269121 
0.857879 0.00818713 0.0776671 0.0128952 0.00394078 0.00538204 0.0340485 
0.75587 0.00819825 0.0943153 0.0813981 0.00229388 0.00541495 0.0525097 
0.801706 0.00841792 0.0856723 0.0504966 0.00266587 0.00366652 0.0473751 
0.832147 0.0070102 0.0885458 0.0167526 0.00159285 0.00379996 0.0501512 
0.831066 0.00676649 0.0848235 0.0216916 0.00200137 0.00391811 0.0497329 
0.814358 0.00713408 0.0883743 0.0164136 0.00172511 0.00342031 0.0685745 
0.777312 0.00697728 0.0983837 0.0121063 0.00160022 0.00418789 0.0994324 
0.82762 0.00755342 0.0966719 0.00796346 0.00288443 0.00238807 0.0549187 
0.858236 0.00736117 0.0876277 0.00651942 0.00218347 0.0028126 0.0352595 
0.852631 0.00732921 0.0835165 0.0180785 0.00283436 0.00252189 0.0330887 
0.859649 0.010276 0.068616 0.0297269 0.00264062 0.00313625 0.0259553 
0.844642 0.00945245 0.0803953 0.0129438 0.00199711 0.00569679 0.0448728 
0.843772 0.00958507 0.0811076 0.0152142 0.00182231 0.0067553 0.0417433 
0.860639 0.0109021 0.0671897 0.0173528 0.00268967 0.0050306 0.0361959 
0.859983 0.010288 0.070393 0.0177021 0.00397908 0.00458167 0.0330735 
0.854314 0.0111338 0.0740845 0.0171979 0.00224341 0.00468816 0.0363382 
0.861043 0.00972208 0.0745387 0.0139468 0.00184285 0.0049521 0.0339547 
0.839998 0.0115177 0.0807822 0.0085771 0.00281573 0.0058111 0.050498 
0.824931 0.00984283 0.0917224 0.0122353 0.00156975 0.00511995 0.0545786 
0.843495 0.0113064 0.0783578 0.0141953 0.00270931 0.00570486 0.0442316 
0.846014 0.0093072 0.0778937 0.0186447 0.00198372 0.0055632 0.0405931 
0.532394 0.26177 0.0314266 0.0568516 0.00277501 0.0914556 0.0233277 
0.599535 0.191775 0.0435185 0.0260807 0.00216284 0.104002 0.0329267 
0.587404 0.169386 0.0417242 0.0333692 0.00248375 0.128938 0.0366958 
0.679671 0.154734 0.0398431 0.0485175 0.00180221 0.0537816 0.0216513 
0.664759 0.187481 0.0360975 0.0356333 0.00207625 0.0488309 0.0251223 
0.701835 0.1514 0.041707 0.0320083 0.00182949 0.0438418 0.0273784 
0.74305 0.0968517 0.0493141 0.0178675 0.00150283 0.0589266 0.0324871 
0.714436 0.116014 0.0572122 0.0189455 0.00152705 0.0615453 0.0303199 
0.711444 0.0992596 0.0447767 0.0166072 0.00178751 0.0901898 0.035935 
0.652654 0.120436 0.048436 0.0127508 0.00189485 0.125533 0.0382955 
0.680582 0.0892028 0.0526657 0.0201347 0.00185616 0.117624 0.037935 
0.668183 0.0806366 0.0443673 0.0163174 0.00208569 0.144304 0.0441061 
0.629315 0.0850561 0.0386819 0.0255524 0.00314319 0.166512 0.0517387 
0.617284 0.071799 0.0400863 0.0247099 0.00313735 0.185361 0.0576221 
0.6899 0.07033 0.033583 0.0176588 0.00258712 0.141831 0.0441095 
0.691022 0.0499032 0.0499309 0.0237094 0.00234906 0.133823 0.0492617 
0.743923 0.0377327 0.0399056 0.0179148 0.00205558 0.110889 0.0475795 
0.79432 0.0301134 0.0462963 0.0151522 0.00140699 0.0799698 0.0327413 
0.779977 0.0301868 0.0493446 0.0117317 0.00132099 0.0889672 0.0384713 
0.774363 0.0303356 0.0459016 0.0140463 0.00155953 0.0937309 0.0400631 
0.297311 0.0366449 0.170643 0.309342 0.00899163 0.0729953 0.104072 
0.747142 0.0153567 0.100682 0.0116535 0.00107496 0.0733717 0.050719 
0.817094 0.016906 0.0683514 0.0319982 9.04939E-4 0.0322579 0.0324876 
0.764386 0.0177586 0.0594592 0.0560357 0.00172553 0.0477655 0.0528697 
0.868428 0.00921881 0.0701894 0.0100326 7.77543E-4 0.011804 0.02955 
0.842644 0.0097111 0.0749911 0.00769865 7.28512E-4 0.0159802 0.0482461 
0.823136 0.00970659 0.0903455 0.00286847 5.82293E-4 0.0226349 0.0507261 
0.857363 0.0139882 0.0632612 0.00377241 8.64978E-4 0.0295628 0.0311878 
0.856294 0.012003 0.0673803 0.00503227 9.4912E-4 0.0306329 0.0277082 
0.858125 0.0129177 0.0580217 0.0192111 0.00112119 0.0241315 0.0264718 
0.592475 0.0238633 0.0872637 0.218518 0.00246846 0.0369457 0.0384656 
0.767105 0.0153067 0.0841815 0.0724883 0.00134708 0.0279122 0.0316594 
0.669694 0.0128174 0.122282 0.122827 0.00345296 0.0295252 0.0394018 
0.778211 0.00978193 0.100574 0.0466131 0.00107168 0.0175091 0.0462396 
0.79109 0.00966896 0.0921985 0.0229518 0.00103151 0.0418248 0.041234 
0.797032 0.0104718 0.0942075 0.0136828 0.00174805 0.0410011 0.0418566 
0.721374 0.0106582 0.120034 0.0156647 0.00156152 0.0686374 0.0620703 
0.704174 0.0103339 0.122125 0.0392221 0.00244806 0.0649836 0.0567133 
0.736412 0.0089725 0.121338 0.016322 0.00140335 0.0583279 0.0572245 
0.655347 0.00751407 0.179277 0.0187144 9.74042E-4 0.059361 0.0788126 
0.65022 0.00807653 0.174675 0.0140664 9.85515E-4 0.0471308 0.104846 
0.675079 0.00799303 0.167016 0.0208393 0.0011019 0.0489688 0.0790022 
0.543584 0.0163657 0.111964 0.0822808 0.00229632 0.0349828 0.208527 
0.728121 0.0168809 0.0866841 0.0448891 0.0012805 0.0445529 0.0775919 
0.722185 0.0121186 0.114429 0.0347864 9.44545E-4 0.0415273 0.0740089 
0.782139 0.0096458 0.0860056 0.0268549 7.85855E-4 0.0307295 0.0638391 
0.679871 0.00742405 0.102635 0.00990459 8.36841E-4 0.0420552 0.157273 
0.703659 0.006925 0.124264 0.0067831 5.05429E-4 0.0363715 0.121492 
0.669173 0.00571444 0.141879 0.00841202 4.07974E-4 0.0210421 0.153371 
0.719029 0.00709631 0.108159 0.0149336 7.06315E-4 0.0186226 0.131453 
0.563769 0.00657587 0.156506 0.0119414 5.39273E-4 0.0285584 0.232109 
0.614236 0.0066812 0.135824 0.00735192 6.10222E-4 0.0416715 0.193625 
0.741079 0.00591023 0.115826 0.00710711 9.35669E-4 0.0294714 0.0996701 
0.678883 0.00621901 0.137174 0.00749699 6.34745E-4 0.0320323 0.13756 
0.658481 0.00651307 0.130319 0.00722737 7.58717E-4 0.0330566 0.163644 
0.665443 0.00760758 0.127785 0.025982 9.55016E-4 0.026056 0.146171 
0.657031 0.00799276 0.11665 0.00951057 6.43862E-4 0.0417143 0.166458 
0.754027 0.00768992 0.0989701 0.00658792 5.90935E-4 0.0313107 0.100823 
0.664386 0.00792356 0.111301 0.00852625 6.9816E-4 0.0482229 0.158942 
0.754442 0.0104236 0.0771196 0.0313397 0.00104062 0.0375305 0.0881043 
0.65044 0.011402 0.101169 0.027336 0.0011192 0.0529725 0.155561 
0.650226 0.0101755 0.0933548 0.0167561 0.00108803 0.0625652 0.165834 
0.594393 0.00981727 0.117992 0.0240615 9.1187E-4 0.0456626 0.207162 
0.6237 0.00791179 0.126039 0.0135177 6.72521E-4 0.0386742 0.189484 
0.482002 0.00725201 0.235607 0.0216665 0.00111144 0.149262 0.103098 
0.378849 0.00687837 0.392294 0.0136564 0.00123466 0.154505 0.052582 
0.165048 0.00606816 0.413456 0.00921158 0.00163505 0.377256 0.0273252 
0.238078 0.00578946 0.338857 0.00456657 0.00123756 0.368514 0.0429576 
0.237881 0.00641338 0.393819 0.0140664 0.00167501 0.27163 0.0745149 
0.214685 0.00656438 0.380075 0.0138438 0.00182753 0.27349 0.109514 
0.382566 0.00582482 0.294046 0.0114806 8.68268E-4 0.233045 0.0721699 
0.264952 0.00542505 0.231018 0.00336981 8.04832E-4 0.431213 0.0632175 
0.243985 0.00559752 0.437382 0.00493193 0.00146075 0.25522 0.0514224 
0.296232 0.0061284 0.392106 0.00437284 0.00130064 0.257208 0.0426521 
0.321553 0.00465261 0.443995 0.00169923 9.10156E-4 0.162869 0.0643211 
0.153834 0.00799773 0.443949 0.0235268 0.0028982 0.29727 0.0705249 
0.240785 0.00807917 0.398395 0.0260792 0.0025353 0.26998 0.0541462 
0.341382 0.00538817 0.346618 0.00206044 8.99027E-4 0.262362 0.0412903 
0.27937 0.00480383 0.43665 0.00248371 0.00110086 0.214427 0.0611646 
0.290454 0.00486701 0.431091 0.00274235 0.00133598 0.198949 0.07056 
0.290884 0.00467321 0.44111 0.00526887 0.00118379 0.173799 0.083081 
0.212819 0.00420689 0.499933 0.00720649 0.0013979 0.190535 0.0839014 
0.140894 0.00533621 0.446474 0.00562063 0.00225967 0.304437 0.0949793 
0.0855362 0.00449613 0.438408 0.00436386 0.00217185 0.382847 0.0821768 
0.0853216 0.00542291 0.531465 0.00658375 0.00286735 0.278951 0.0893882 
0.108018 0.00478383 0.527823 0.00470703 0.00249205 0.261994 0.0901825 
0.25102 0.00346557 0.403137 0.00301715 9.63452E-4 0.279125 0.0592716 
0.214741 0.00359067 0.462242 0.00244836 0.00104192 0.244096 0.0718399 
0.233741 0.0032881 0.524353 0.00126464 7.35369E-4 0.184885 0.0517336 
0.111721 0.0030341 0.725721 0.00452166 0.00108404 0.0988696 0.055049 
0.0325384 0.00139401 0.906714 0.00229856 6.18463E-4 0.0303 0.026137 
0.0381483 0.0018614 0.836062 0.00189808 7.39672E-4 0.0886607 0.03263 
0.0159199 0.00117041 0.90517 0.00111488 3.88015E-4 0.0549103 0.0213267 
0.0138578 9.77901E-4 0.92518 7.72249E-4 3.31993E-4 0.0388683 0.0200113 
0.0128291 7.63665E-4 0.939749 5.04299E-4 2.77268E-4 0.0257442 0.0201325 
0.0103849 9.94122E-4 0.955895 6.99533E-4 3.25725E-4 0.0207736 0.0109273 
0.0150922 9.85344E-4 0.925784 5.32992E-4 2.91423E-4 0.0396411 0.017673 
0.00966108 7.78482E-4 0.949105 6.54168E-4 2.58244E-4 0.023462 0.0160807 
0.00956434 7.5743E-4 0.946167 5.53065E-4 2.84034E-4 0.02402 0.0186538 
0.0114801 7.75925E-4 0.943795 5.30639E-4 2.35653E-4 0.0231623 0.0200201 
0.0149936 8.11955E-4 0.941131 6.47558E-4 2.68196E-4 0.0237 0.0184478 
0.0107891 6.18661E-4 0.949357 6.93016E-4 2.23087E-4 0.0191267 0.0191927 
