0.786666 0.0225759 0.0299555 0.130333 0.00644097 0.00171777 0.0223116 
0.782518 0.0204167 0.0296976 0.144048 0.00655301 0.00163534 0.0151318 
0.807539 0.0221095 0.0314695 0.113738 0.00548058 0.00170994 0.0179536 
0.807528 0.0245605 0.02847 0.113759 0.00712295 0.00164857 0.0169109 
0.783865 0.0222771 0.0281486 0.140304 0.00768868 0.00156021 0.0161566 
0.795799 0.0221267 0.029009 0.128769 0.00627687 0.00174727 0.0162723 
0.754594 0.0205341 0.0286952 0.173106 0.00742716 0.00152536 0.014118 
0.764332 0.0177519 0.0327518 0.162971 0.00616102 0.00146697 0.0145654 
0.757091 0.021768 0.0265452 0.174211 0.00795931 0.0014316 0.0109937 
0.767859 0.0230814 0.0272593 0.159828 0.00733053 0.00127712 0.0133653 
0.754848 0.0213583 0.0359497 0.158787 0.00674299 0.00115803 0.021156 
0.734407 0.0205856 0.0259851 0.195494 0.00973625 0.00126478 0.0125277 
0.773423 0.0271862 0.0253765 0.151601 0.00722449 0.00138437 0.013805 
0.775622 0.0194664 0.0317867 0.144455 0.00721852 0.00167597 0.0197759 
0.714343 0.0212298 0.030707 0.208746 0.00794992 0.00111323 0.0159116 
0.81993 0.0180772 0.0374384 0.0846087 0.00689316 0.00178453 0.0312684 
0.8044 0.0172411 0.0386238 0.109205 0.00495115 0.00178096 0.0237978 
0.800105 0.0157605 0.0409905 0.111406 0.00539826 0.00165087 0.0246881 
0.755908 0.0145376 0.0502295 0.142211 0.00374413 0.00201502 0.031354 
0.810887 0.01499 0.0398532 0.104953 0.00444816 0.00169369 0.0231749 
0.823883 0.0160325 0.0403653 0.0894243 0.00368538 0.00206116 0.0245482 
0.834664 0.0177421 0.0388175 0.0763731 0.00356662 0.00206887 0.0267678 
0.709333 0.0155043 0.0452529 0.201518 0.00403614 0.00167304 0.0226823 
0.710314 0.0139086 0.0489231 0.199147 0.0035787 0.00167249 0.0224565 
0.735981 0.0149978 0.039868 0.177194 0.00495723 0.00193052 0.0250711 
0.793482 0.0133724 0.0461269 0.115762 0.00363168 0.00232058 0.0253039 
0.795549 0.0136217 0.041684 0.120581 0.00441167 0.00175925 0.0223934 
0.768719 0.0150247 0.0392146 0.147634 0.00495658 0.0017712 0.0226798 
0.774541 0.0182783 0.0369619 0.143593 0.00445529 0.00164567 0.0205251 
0.734025 0.0173508 0.0357892 0.18992 0.00467473 0.00145673 0.0167827 
0.766609 0.0152747 0.0441325 0.147383 0.00403239 0.00159825 0.0209699 
0.715117 0.0165566 0.0350254 0.210063 0.00537845 0.00168199 0.0161771 
0.768549 0.0197911 0.0338357 0.152685 0.00497319 0.00148107 0.0186849 
0.791953 0.0202846 0.0340802 0.128488 0.00478192 0.00143681 0.0189753 
0.77425 0.0162426 0.0300594 0.157089 0.00685239 0.00129065 0.0142161 
0.83304 0.0177536 0.0320371 0.0927751 0.00587714 0.00165386 0.0168636 
0.782717 0.01496 0.0396521 0.133897 0.00451802 0.00170248 0.0225534 
0.797685 0.0158659 0.0337194 0.1234 0.00681711 0.00166937 0.0208435 
0.795885 0.0151982 0.0381339 0.122418 0.00559415 0.00167286 0.0210978 
0.788357 0.0150528 0.0372287 0.13057 0.00630729 0.00136152 0.0211227 
0.793167 0.0127461 0.046325 0.115306 0.00424006 0.00191749 0.0262981 
0.80413 0.0138061 0.0420336 0.110782 0.00448545 0.00193171 0.022831 
0.786135 0.0164577 0.0365477 0.135335 0.00571961 0.0015565 0.0182485 
0.769407 0.0158934 0.0397473 0.148304 0.00581892 0.00152049 0.019309 
0.790489 0.0156138 0.0331519 0.132708 0.0078693 0.00160922 0.0185592 
0.806933 0.0187461 0.0316446 0.111108 0.0083453 0.00167873 0.0215444 
0.820771 0.0175938 0.0338357 0.0933299 0.00718732 0.00194236 0.0253405 
0.809392 0.0195115 0.0317767 0.106678 0.00734137 0.0019387 0.0233623 
0.785182 0.0169578 0.0379852 0.124775 0.00495715 0.00210835 0.0280347 
0.78083 0.0161155 0.0371432 0.132305 0.00563511 0.00191437 0.0260572 
0.816108 0.0170127 0.039524 0.0964832 0.00446045 0.00187373 0.0245378 
0.81669 0.0172933 0.0350756 0.0971753 0.00768115 0.00154214 0.0245428 
0.80461 0.0166279 0.035096 0.115966 0.00637305 0.00152574 0.0198008 
0.791139 0.013957 0.0394254 0.126485 0.0065051 0.00150366 0.0209843 
0.823493 0.016216 0.0341232 0.0960611 0.00655504 0.00154372 0.0220077 
0.823746 0.0141679 0.042119 0.0808176 0.00546179 0.00191973 0.0317681 
0.82066 0.0171552 0.0312307 0.099474 0.0076043 0.00184141 0.0220348 
0.839886 0.0159512 0.0374259 0.0775046 0.00449047 0.00209296 0.0226492 
0.802328 0.0161156 0.0440678 0.107591 0.00366565 0.00206264 0.0241692 
0.79418 0.0183272 0.0367905 0.124066 0.0049637 0.00172788 0.0199447 
0.803664 0.0155488 0.044142 0.107249 0.00340088 0.00203207 0.0239637 
0.790884 0.0159921 0.0358235 0.131631 0.00520873 0.00164614 0.0188148 
0.782622 0.0160175 0.0385209 0.138761 0.0040662 0.00179977 0.0182118 
0.804579 0.0154135 0.0514017 0.0970002 0.00265199 0.00183605 0.027118 
0.793453 0.018429 0.0375593 0.121978 0.00402375 0.00200507 0.0225517 
0.808996 0.0172959 0.0410838 0.10032 0.0036338 0.00273108 0.0259387 
0.797051 0.0213954 0.0329071 0.121357 0.00466749 0.00203112 0.0205915 
0.805618 0.0196597 0.0314265 0.116424 0.00509276 0.00231226 0.0194665 
0.847238 0.0151977 0.041026 0.0606833 0.00312083 0.00284478 0.029889 
0.809325 0.0184413 0.0368291 0.109226 0.00455532 0.0020321 0.019591 
0.771918 0.014691 0.0411185 0.144563 0.00386761 0.00211177 0.0217306 
0.793661 0.0152808 0.0461776 0.114079 0.00302276 0.00249736 0.0252815 
0.6089 0.0149092 0.0318331 0.320711 0.0067738 0.00148145 0.0153911 
0.828872 0.0172152 0.0415062 0.0636626 0.00323401 0.00269002 0.04282 
0.846933 0.0114415 0.0606009 0.026448 0.00130464 0.00257919 0.0506927 
0.741576 0.0147901 0.0441561 0.172012 0.00352237 0.00209003 0.0218535 
0.868027 0.0117999 0.0569113 0.0213631 0.00120178 0.00324624 0.0374506 
0.830327 0.0145187 0.0473238 0.0741078 0.00250179 0.00244455 0.0287761 
0.830323 0.0128259 0.0464459 0.0824197 0.00333379 0.00212907 0.0225228 
0.865062 0.0145032 0.0455077 0.0443656 0.00275284 0.00224437 0.0255639 
0.772273 0.0141179 0.0468901 0.139465 0.00372777 0.00191517 0.0216105 
0.81674 0.0149415 0.0461575 0.092332 0.00311494 0.00230949 0.0244049 
0.823172 0.0151994 0.0465967 0.0819448 0.00298536 0.00251543 0.0275861 
0.80872 0.014704 0.0482632 0.0980785 0.00362005 0.00179346 0.0248204 
0.801043 0.013168 0.0527042 0.0983709 0.00279095 0.00212814 0.0297945 
0.818446 0.0133128 0.0438047 0.0830935 0.0034271 0.00178132 0.0361341 
0.817304 0.0130038 0.0470393 0.0782151 0.00212303 0.00283321 0.0394813 
0.856096 0.0148484 0.0349592 0.0501776 0.00308937 0.0025833 0.0382458 
0.874783 0.0171686 0.0348253 0.0264444 0.00298864 0.00312381 0.0406658 
0.880416 0.0163267 0.0302736 0.0334877 0.0043347 0.00288192 0.0322794 
0.868927 0.0146788 0.037048 0.0389548 0.00369093 0.00292151 0.0337789 
0.878164 0.0141429 0.038453 0.0291328 0.00260297 0.00283599 0.0346682 
0.868764 0.0175866 0.0325706 0.0395774 0.00430924 0.00250681 0.0346857 
0.850939 0.0140171 0.0323978 0.0646131 0.0044989 0.00278572 0.0307487 
0.841108 0.0144814 0.0308161 0.0704971 0.00664323 0.00235868 0.0340956 
0.825712 0.0125138 0.0332249 0.0907466 0.00792105 0.00210513 0.0277761 
0.767763 0.0146514 0.0299858 0.160682 0.00684241 0.00207366 0.0180022 
0.767457 0.0146192 0.0328186 0.15691 0.00594895 0.00227961 0.0199666 
0.84955 0.0140333 0.0351533 0.0634245 0.00478984 0.00228606 0.0307634 
0.836961 0.0141554 0.0305638 0.0916707 0.00644281 0.00219968 0.0180067 
0.860937 0.0177896 0.0290511 0.0615192 0.00541893 0.00230874 0.0229756 
0.816635 0.0157686 0.0324585 0.101937 0.0053335 0.00244375 0.025423 
0.830435 0.0183239 0.0291713 0.0897036 0.00675182 0.00252332 0.0230916 
0.852727 0.0171844 0.0309509 0.061515 0.00658311 0.00294587 0.0280938 
0.874688 0.01372 0.0392243 0.0391254 0.0028535 0.00269324 0.0276953 
0.857228 0.0158932 0.0380196 0.0533434 0.00314043 0.00289 0.0294857 
0.858364 0.0165349 0.0413321 0.0509742 0.00344466 0.00223656 0.0271139 
0.877859 0.0218735 0.0436285 0.0263008 0.00424859 0.00173106 0.0243587 
0.866699 0.0213903 0.0406074 0.0430075 0.00426746 0.00177302 0.0222553 
0.867137 0.0241324 0.0448769 0.0397117 0.00335625 0.00175732 0.0190282 
0.862022 0.0238154 0.053471 0.0426413 0.00221894 0.00313116 0.0127001 
0.842683 0.035654 0.05378 0.0422737 0.00224201 0.0122846 0.011083 
0.814186 0.0256209 0.0747111 0.0437719 0.00133482 0.0264991 0.0138763 
0.455668 0.0510372 0.142539 0.171375 0.0062339 0.149594 0.023552 
0.839416 0.0258991 0.0617102 0.0411065 0.00126576 0.0185411 0.0120615 
0.871077 0.0221624 0.0440075 0.03678 0.00182877 0.00943317 0.0147114 
0.81508 0.0205477 0.0428296 0.0818192 0.00225156 0.0016718 0.0357998 
0.800372 0.0397542 0.0280521 0.103303 0.00303527 0.00228912 0.0231937 
0.841294 0.0480141 0.0255432 0.0604633 0.00483434 0.00226204 0.0175887 
0.839158 0.0415492 0.0258308 0.0712144 0.00386088 0.00192637 0.0164605 
0.833705 0.0173904 0.0404187 0.0793884 0.00242967 0.00198938 0.0246782 
0.842554 0.0281387 0.0340594 0.0775745 0.00256612 0.00175921 0.0133476 
0.836381 0.030248 0.0427666 0.0632058 0.00238676 0.00193128 0.0230806 
0.845537 0.0284378 0.0398071 0.0656034 0.00218932 0.00204756 0.0163781 
0.841379 0.0210032 0.0442089 0.0626473 0.0022291 0.00192089 0.0266114 
0.832508 0.0248989 0.0370874 0.0771843 0.00253891 0.00201084 0.0237719 
0.8621 0.027045 0.0324552 0.0539455 0.00274788 0.00238898 0.0193173 
0.880129 0.0201641 0.0368445 0.0375244 0.00221564 0.00247888 0.0206435 
0.80991 0.0172442 0.0425869 0.112723 0.00242498 0.00194892 0.0131622 
0.879799 0.0212021 0.0427719 0.0309328 0.00204717 0.00250396 0.0207429 
0.888108 0.0201211 0.0356995 0.0261117 0.00313139 0.00241414 0.0244139 
0.77454 0.018608 0.0291207 0.154151 0.00629418 0.00188599 0.0153993 
0.822637 0.0181123 0.0305042 0.101474 0.00559971 0.00213839 0.0195341 
0.831995 0.0154494 0.0561785 0.0104724 0.00154698 0.00377558 0.0805823 
0.807261 0.0187841 0.0221167 0.125994 0.00817275 0.00235935 0.0153123 
0.880391 0.0201576 0.0294326 0.0395227 0.00481523 0.00269399 0.0229868 
0.876287 0.0191859 0.0335632 0.0417639 0.00458944 0.00197275 0.0226375 
0.801741 0.0224728 0.0211183 0.131208 0.00909369 0.00192885 0.012437 
0.888789 0.019863 0.0363622 0.0211244 0.00410305 0.00271907 0.0270396 
0.786708 0.0178404 0.0262046 0.147202 0.0070766 0.00200134 0.0129671 
0.824804 0.0173156 0.0286915 0.103282 0.00670064 0.00226158 0.016945 
0.865771 0.0165513 0.0315034 0.0596708 0.00512208 0.00236645 0.0190146 
0.827077 0.0221351 0.0222108 0.104753 0.00894981 0.00200915 0.0128647 
0.886982 0.0200612 0.0353461 0.0260337 0.00433998 0.00276556 0.0244714 
0.835046 0.0169768 0.0281702 0.0952226 0.00655838 0.00196309 0.0160632 
0.861197 0.0191644 0.0285126 0.0626479 0.00495741 0.00238713 0.0211336 
0.860353 0.0174569 0.0389804 0.0496668 0.00277947 0.0025937 0.0281695 
0.794624 0.0146249 0.0402513 0.12149 0.00335301 0.00245763 0.0231995 
0.877912 0.017599 0.0377036 0.0336574 0.00317509 0.00324719 0.0267059 
0.85766 0.0146586 0.042785 0.0481315 0.00305882 0.00255047 0.0311554 
0.87072 0.0154174 0.037918 0.0360559 0.00355696 0.00288081 0.0334511 
0.873329 0.0155612 0.0418548 0.0283566 0.00312602 0.00304973 0.0347228 
0.87607 0.0173315 0.0361976 0.0306704 0.00425914 0.00299971 0.0324721 
0.874531 0.01612 0.0434135 0.0306346 0.00290732 0.00284504 0.0295488 
0.875411 0.0152237 0.0421932 0.0333685 0.00294848 0.00274844 0.0281064 
0.863399 0.0140747 0.0401174 0.0433713 0.00453142 0.00219657 0.0323099 
0.860571 0.0130116 0.045371 0.0397285 0.00317322 0.00307645 0.0350683 
0.867269 0.0130288 0.0464414 0.0288068 0.00282635 0.00280928 0.0388186 
0.861663 0.017634 0.0464141 0.0348918 0.00253028 0.00232062 0.0345462 
0.873892 0.0172821 0.0434483 0.0339038 0.0023858 0.00226635 0.0268215 
0.86191 0.0174412 0.0399777 0.0521688 0.00290163 0.00213838 0.0234621 
0.869002 0.015142 0.0425353 0.0361681 0.00257826 0.00253823 0.0320362 
0.866212 0.0185819 0.036821 0.0511125 0.00403439 0.00207611 0.0211617 
0.874562 0.017329 0.0402911 0.025075 0.00400417 0.00271738 0.0360216 
0.863101 0.017851 0.0381957 0.0389208 0.00412377 0.00233485 0.0354728 
0.850746 0.0194375 0.0382499 0.0400263 0.00442382 0.00237594 0.0447409 
0.854006 0.0188295 0.0364413 0.0435628 0.00555991 0.00210727 0.0394936 
0.836106 0.0157227 0.0390211 0.0617729 0.00533544 0.00239054 0.0396514 
0.870196 0.0171292 0.0357699 0.0385456 0.0044818 0.00240386 0.0314736 
0.86835 0.0167217 0.0339869 0.0435257 0.00498646 0.0022839 0.0301455 
0.868317 0.0172251 0.0339688 0.0466569 0.00438538 0.00240078 0.0270461 
0.857939 0.0203534 0.0333556 0.0536865 0.00493194 0.00234005 0.0273936 
0.861264 0.0219949 0.0317789 0.0521315 0.00540358 0.00211073 0.0253168 
0.853924 0.0204759 0.0317263 0.0601866 0.00688066 0.00193761 0.0248686 
0.854059 0.016584 0.0364628 0.0599578 0.00496939 0.00204009 0.0259274 
0.841604 0.0164091 0.0373539 0.0618501 0.004696 0.00215207 0.0359349 
0.854208 0.0202332 0.0330499 0.0547009 0.00538981 0.00179727 0.0306212 
0.853882 0.0179108 0.0376521 0.0531373 0.00382969 0.0021511 0.0314372 
0.855176 0.0198093 0.0356719 0.0520655 0.00437741 0.00235891 0.0305407 
0.863237 0.0162944 0.0388301 0.0316456 0.0033032 0.0024601 0.0442294 
0.738582 0.0129408 0.0580174 0.00667309 0.00243518 0.00334778 0.178004 
0.775437 0.00866112 0.0541908 0.00243003 0.00245402 0.0233106 0.133516 
0.835498 0.0108826 0.0377666 0.0034492 0.00162161 0.085224 0.0255581 
0.80264 0.00786658 0.0632856 0.00354915 9.70983E-4 0.100924 0.0207644 
0.831539 0.0102843 0.0379178 0.0177082 0.0141625 0.0275247 0.0608633 
0.763164 0.0155048 0.0411639 0.00856019 0.0157133 0.0158604 0.140034 
0.794886 0.0131404 0.0459717 0.0153159 0.0106559 0.00752056 0.11251 
0.72838 0.0123136 0.0479564 0.019475 0.0149512 0.0111919 0.165732 
0.693186 0.0150096 0.0526326 0.0136014 0.0134212 0.0108071 0.201342 
0.791834 0.0137277 0.0412807 0.0214378 0.0153003 0.00669335 0.109727 
0.697756 0.0137448 0.0546443 0.00941265 0.0137547 0.0110665 0.199621 
0.63379 0.0149364 0.0601608 0.0059401 0.012052 0.0161723 0.256948 
0.743507 0.0159669 0.0458606 0.00662646 0.0103957 0.0121991 0.165444 
0.743942 0.0161941 0.0476732 0.00781508 0.0132622 0.0125598 0.158553 
0.741061 0.0137134 0.0528071 0.00794075 0.0126635 0.0128884 0.158926 
0.746326 0.0142328 0.0487337 0.00721356 0.0105202 0.011839 0.161135 
0.756858 0.0145982 0.0456372 0.00735443 0.0108461 0.0127783 0.151928 
0.774409 0.0117302 0.0516671 0.00672005 0.00609164 0.0109338 0.138449 
0.837174 0.0113089 0.0449376 0.00894928 0.00561655 0.00830508 0.0837088 
0.819993 0.0142314 0.0359524 0.0854736 0.00550089 0.00305567 0.035793 
0.837902 0.0144937 0.0357647 0.0714218 0.0055702 0.00273311 0.0321145 
0.833634 0.0153074 0.0362528 0.0778114 0.00568342 0.00246707 0.0288444 
0.835839 0.0171722 0.0341175 0.0803468 0.00546958 0.00221315 0.0248417 
0.839591 0.0184523 0.0324242 0.0755245 0.00534473 0.00257691 0.0260859 
0.83957 0.015307 0.0335672 0.0791292 0.00519313 0.00211443 0.0251192 
0.816314 0.0171793 0.0349101 0.0989376 0.00520382 0.00203934 0.0254161 
0.827207 0.0196703 0.0331207 0.0870266 0.00548334 0.00241949 0.0250724 
0.837 0.0189178 0.0325655 0.0722159 0.0050801 0.00256847 0.0316524 
0.841113 0.018925 0.033263 0.0640847 0.00552197 0.00261032 0.0344817 
0.835709 0.0180938 0.0342601 0.0620851 0.00550176 0.00308616 0.0412643 
0.844132 0.0175889 0.0334816 0.0558128 0.00560827 0.00311237 0.0402644 
0.841195 0.0185205 0.0327745 0.0579597 0.00573166 0.00285679 0.0409617 
0.823246 0.0190113 0.0343231 0.0692606 0.00504655 0.0029706 0.0461417 
0.811928 0.0177587 0.0348767 0.0836773 0.00520335 0.00275238 0.0438037 
0.830692 0.0194308 0.033502 0.0601807 0.00549121 0.00283902 0.0478647 
0.839666 0.0191995 0.0307838 0.0697963 0.00646249 0.00264854 0.0314439 
0.842736 0.021255 0.0311224 0.0663381 0.00625149 0.00230654 0.0299908 
0.83949 0.0223139 0.0312895 0.0678464 0.00551223 0.00225872 0.0312891 
0.845833 0.0201066 0.0297743 0.0684209 0.00691569 0.00223476 0.0267149 
0.831431 0.0211618 0.0303165 0.0789366 0.00733573 0.00221558 0.0286029 
0.82226 0.0183193 0.0312051 0.0920598 0.00597659 0.00244762 0.0277313 
0.827135 0.0158466 0.0383213 0.0794677 0.0045599 0.00233764 0.0323318 
0.844444 0.0156322 0.0370973 0.0594073 0.00393808 0.002948 0.0365334 
0.852798 0.0157382 0.0370953 0.0482461 0.0045069 0.00287695 0.0387383 
0.846258 0.015794 0.0363464 0.0639945 0.00487494 0.00261797 0.0301142 
0.835487 0.0141661 0.0437767 0.0583522 0.00445343 0.00319525 0.0405688 
0.813388 0.01343 0.0437655 0.0864955 0.00409055 0.00277536 0.0360549 
0.835457 0.013136 0.0434177 0.0585614 0.00402711 0.0031486 0.042252 
0.820438 0.0129505 0.0464946 0.056694 0.00375202 0.00353764 0.0561331 
0.832198 0.0125014 0.0441816 0.0600916 0.0034209 0.00311207 0.0444945 
0.809096 0.0121364 0.0447414 0.0727225 0.00380189 0.00350868 0.0539928 
0.814293 0.0121281 0.0424382 0.0649454 0.0044554 0.00308344 0.0586563 
0.806748 0.0115117 0.0433033 0.0613973 0.00399789 0.0038703 0.0691715 
0.780125 0.0133882 0.0427662 0.0989379 0.0049908 0.00318876 0.0566036 
0.792887 0.0127995 0.0446185 0.0899769 0.00385658 0.00323103 0.0526307 
0.763591 0.0131971 0.0457364 0.126777 0.0043668 0.00287625 0.0434559 
0.81576 0.0149455 0.0372612 0.0748175 0.00534183 0.00291369 0.0489601 
0.831998 0.0117684 0.0406029 0.0446232 0.00315018 0.00367808 0.0641789 
0.82676 0.0147774 0.0371285 0.0791294 0.00479128 0.00239137 0.0350215 
0.819031 0.0118297 0.0405464 0.0619263 0.00392078 0.00330827 0.0594373 
0.82695 0.0133984 0.0378631 0.0663703 0.0046242 0.00307328 0.0477209 
0.822613 0.0150796 0.0344666 0.0768229 0.00540903 0.00218846 0.0434203 
0.830566 0.0131105 0.0385352 0.0535631 0.00457012 0.00313834 0.0565165 
0.775101 0.015382 0.0306747 0.138705 0.00701387 0.00201222 0.0311116 
0.832332 0.0169146 0.0331966 0.0605403 0.00598349 0.00255894 0.048474 
0.836936 0.0170705 0.0337919 0.0586892 0.0054033 0.002367 0.0457419 
0.846186 0.0174452 0.0315843 0.0605939 0.00621563 0.00246854 0.0355063 
0.832424 0.0169655 0.033155 0.0541214 0.00693341 0.00253397 0.0538666 
0.832686 0.0162726 0.0299509 0.0729267 0.00715993 0.00257874 0.0384247 
0.838773 0.0157754 0.0307412 0.0618368 0.00811371 0.00254637 0.0422138 
0.84801 0.0175921 0.0298392 0.0577543 0.0070857 0.00257301 0.0371455 
0.852083 0.0198456 0.0268261 0.0584601 0.00810179 0.00272261 0.0319605 
0.839966 0.0179717 0.0323124 0.0623259 0.00603286 0.00268427 0.0387073 
0.855764 0.0193247 0.0273004 0.0456749 0.00789535 0.00310379 0.0409371 
0.838117 0.0167313 0.0330243 0.0460755 0.00585755 0.00290904 0.0572852 
0.856987 0.0175803 0.0282674 0.0404409 0.00733448 0.00268879 0.0467008 
0.854471 0.0175155 0.0245759 0.0521514 0.00952429 0.00299925 0.0387623 
0.854569 0.0164307 0.0288681 0.0339184 0.00887119 0.00284368 0.0544993 
0.855713 0.0173455 0.0263837 0.0447874 0.0083069 0.00283244 0.0446314 
0.861309 0.0180001 0.0257954 0.038338 0.00994909 0.0027806 0.0438275 
0.857101 0.0170532 0.0262139 0.0437007 0.00987248 0.00282526 0.0432336 
0.854072 0.016948 0.026466 0.0443689 0.011458 0.00288858 0.0437986 
0.858739 0.0171757 0.0266243 0.0366365 0.0109354 0.00261826 0.0472707 
0.858506 0.0183579 0.0235497 0.0441342 0.0118369 0.00223972 0.0413755 
0.858228 0.0189577 0.0246619 0.0416281 0.0120442 0.00243126 0.0420493 
0.850997 0.018863 0.0259687 0.0434414 0.0106321 0.00240861 0.0476891 
0.854337 0.017952 0.0286604 0.0405474 0.00894063 0.0020978 0.0474652 
0.84552 0.0167248 0.031697 0.0337907 0.0065949 0.00239208 0.0632804 
0.841924 0.01885 0.0292944 0.0356066 0.00755688 0.00243492 0.064333 
0.839173 0.0179828 0.0287975 0.0419156 0.0098932 0.00238663 0.0598517 
0.851212 0.0167747 0.0317481 0.033213 0.00856056 0.00209663 0.0563951 
0.847068 0.0159614 0.0310308 0.0531575 0.00743673 0.00241337 0.0429317 
0.845393 0.0148575 0.0331449 0.0451695 0.00715665 0.0024215 0.0518566 
0.864377 0.0183323 0.0272955 0.0381053 0.00887919 0.00259248 0.0404181 
0.846946 0.0174904 0.029584 0.0362591 0.00863951 0.00248288 0.0585976 
0.851123 0.0137683 0.0326779 0.0414914 0.00727167 0.00187587 0.0517923 
0.842305 0.0163806 0.0321854 0.0476355 0.00714374 0.0017522 0.0525977 
0.841313 0.0144547 0.0363556 0.0341577 0.00560514 0.00210137 0.0660121 
0.843304 0.0157088 0.0323863 0.0322632 0.00852853 0.00215153 0.0656575 
0.845032 0.0155179 0.0321341 0.0364385 0.00753152 0.00210691 0.0612391 
0.840796 0.0159914 0.0315969 0.0410866 0.00780081 0.00223662 0.0604912 
0.852467 0.0144522 0.0322133 0.0392441 0.00877975 0.0021977 0.0506459 
0.860406 0.013577 0.0317618 0.0397346 0.00631428 0.00257618 0.0456297 
0.859773 0.0145844 0.0347659 0.0337054 0.00588774 0.00217026 0.0491134 
0.865383 0.0139272 0.0387723 0.0286468 0.00462832 0.00204311 0.0465998 
0.874714 0.0161979 0.0361329 0.0260677 0.00539495 0.00190322 0.0395893 
0.856769 0.0141717 0.0410824 0.0185057 0.00499806 0.00220529 0.0622675 
0.854979 0.0129877 0.0403457 0.0221183 0.00606875 0.00215917 0.061341 
0.840301 0.0132148 0.0453604 0.0113171 0.00389328 0.00303998 0.0828735 
0.81683 0.0108505 0.0544988 0.00891875 0.00231605 0.00292416 0.103662 
0.833592 0.00996982 0.0461285 0.0257476 0.00420746 0.00253141 0.0778229 
0.825744 0.0100934 0.0471453 0.0190381 0.00532489 0.00248797 0.0901666 
0.831018 0.011447 0.0450254 0.0163482 0.00595014 0.00228536 0.0879262 
0.707767 0.0107599 0.0539533 0.0178823 0.00578922 0.00225932 0.201588 
0.793881 0.0105534 0.0498742 0.0316403 0.00585721 0.0015363 0.106658 
0.7389 0.0111309 0.0513953 0.0241905 0.00596967 0.00212268 0.166291 
0.780586 0.0116196 0.0491958 0.0199487 0.00550038 0.00172621 0.131423 
0.768059 0.0119782 0.0517914 0.021333 0.00501724 0.00173076 0.140091 
0.749641 0.0105293 0.0509233 0.0210748 0.00583616 0.00190384 0.160092 
0.776121 0.01039 0.0501413 0.0264048 0.00572354 0.0015701 0.129649 
0.745325 0.0104068 0.0496866 0.0155196 0.00382544 0.00238711 0.172849 
0.771219 0.00885514 0.0553499 0.0237837 0.00374701 0.0020481 0.134997 
0.805147 0.0110294 0.0442739 0.0252814 0.00564023 0.00166973 0.106958 
0.747195 0.0105455 0.0508268 0.0200353 0.00429923 0.00224432 0.164854 
0.785184 0.00993331 0.0489131 0.0270966 0.00648828 0.00157227 0.120812 
0.747157 0.00937346 0.0534479 0.025259 0.00499503 0.00194969 0.157818 
0.774916 0.0102713 0.0491512 0.0240195 0.00502964 0.0018481 0.134764 
0.769621 0.0101422 0.049745 0.0218261 0.00513223 0.00184823 0.141686 
0.758973 0.0101121 0.0506259 0.0300351 0.00540515 0.00168179 0.143167 
0.785688 0.00959602 0.0454861 0.0282765 0.00692569 0.00167596 0.122352 
0.740112 0.0104521 0.048905 0.0189496 0.00659005 0.00207465 0.172917 
0.770994 0.0098238 0.0474008 0.0186649 0.00664639 0.00181423 0.144656 
0.716174 0.0106916 0.0537823 0.0122469 0.00589397 0.00201126 0.1992 
0.784399 0.0107925 0.0458221 0.0326761 0.00754952 0.00151821 0.117243 
0.783188 0.00995574 0.0457313 0.0248521 0.00681616 0.0015155 0.127941 
0.779784 0.00964413 0.0495431 0.0210133 0.00607641 0.0017344 0.132205 
0.793926 0.00990544 0.0452248 0.0254006 0.00621478 0.00164517 0.117683 
0.775998 0.0109354 0.0469997 0.0162929 0.0059193 0.0020734 0.141781 
0.765294 0.00951208 0.051438 0.0223706 0.0051163 0.00176505 0.144505 
0.776006 0.00982701 0.0485784 0.0172585 0.00550452 0.00191131 0.140914 
0.735588 0.0107242 0.0526711 0.0139385 0.00515038 0.00186581 0.180062 
0.780102 0.0112394 0.0471444 0.0218742 0.00618526 0.00139317 0.132061 
0.74543 0.0106329 0.0514767 0.0174061 0.00638936 0.00159545 0.16707 
0.73236 0.0120585 0.0469392 0.0206107 0.00686523 0.00171847 0.179448 
0.780355 0.0120354 0.0452235 0.0172486 0.0071859 0.00158892 0.136363 
0.766222 0.0113311 0.0460004 0.0197576 0.00719845 0.00176381 0.147726 
0.780468 0.010747 0.0467034 0.0154609 0.00621374 0.00209437 0.138312 
0.774192 0.0113915 0.0468008 0.0186881 0.00594385 0.00181787 0.141166 
0.756443 0.011108 0.0497202 0.0218494 0.00590846 0.001693 0.153278 
0.764269 0.0122448 0.0446219 0.0152368 0.00748192 0.00179362 0.154352 
0.766892 0.0118331 0.0447711 0.0169579 0.00790946 0.00176311 0.149874 
0.818962 0.0143785 0.038163 0.0164733 0.010376 0.00171324 0.0999339 
0.77439 0.0157239 0.0409889 0.015391 0.00752076 0.0017572 0.144228 
0.805305 0.0128359 0.0426027 0.0162506 0.00730084 0.00185103 0.113854 
0.812877 0.0131372 0.0425976 0.0128314 0.00680745 0.00179509 0.109954 
0.807559 0.0127888 0.0414812 0.0150169 0.0082094 0.00180769 0.113137 
0.802641 0.0133635 0.0437678 0.011684 0.00719164 0.00191748 0.119434 
0.804443 0.0110088 0.0457957 0.0158495 0.00724575 0.00166264 0.113994 
0.757071 0.0109914 0.051579 0.0138471 0.00553905 0.00173172 0.159241 
0.760695 0.0128395 0.0459797 0.0130172 0.00605393 0.00197425 0.15944 
0.80882 0.0126868 0.043606 0.0154808 0.00652967 0.00154408 0.111333 
0.828618 0.0147278 0.0392462 0.0136171 0.00517666 0.00190672 0.0967077 
0.822396 0.0146441 0.0425639 0.0124392 0.00491159 0.00188212 0.101163 
0.811544 0.0133243 0.0394404 0.0184189 0.00759712 0.00176894 0.107906 
0.820138 0.014729 0.0422402 0.0154071 0.00547213 0.0016573 0.100356 
0.784517 0.0135449 0.046616 0.0143654 0.00478401 0.0018206 0.134352 
0.822599 0.0135564 0.0433579 0.0142191 0.00446534 0.0016507 0.100151 
0.820928 0.0132937 0.0455548 0.0123999 0.00395151 0.00188212 0.10199 
0.775666 0.0113988 0.0528264 0.0135881 0.00538226 0.00164369 0.139494 
0.78261 0.010674 0.0540754 0.0101317 0.00541772 0.00198234 0.135109 
0.791079 0.0117277 0.0487236 0.0106551 0.00540388 0.00228455 0.130126 
0.798741 0.0114284 0.0467073 0.0160873 0.00634691 0.00176924 0.11892 
0.828692 0.010235 0.0458843 0.0140636 0.00607351 0.00178445 0.0932676 
0.822472 0.0102707 0.0474042 0.0145722 0.00588548 0.00169365 0.0977021 
0.828721 0.0140681 0.0368217 0.0145697 0.00838552 0.00169675 0.0957376 
0.787171 0.0117271 0.0433446 0.013319 0.00735445 0.00234292 0.13474 
0.834391 0.0132294 0.0356661 0.0252302 0.0106569 0.00137301 0.0794537 
0.777818 0.0124684 0.045875 0.0103332 0.00491624 0.00250828 0.146081 
0.811303 0.0120596 0.0428363 0.0117386 0.00612948 0.00259231 0.113341 
0.788413 0.0134305 0.0413484 0.0148034 0.00712017 0.00218767 0.132697 
0.802934 0.0148386 0.0414234 0.00958497 0.00668209 0.00240597 0.122131 
0.803908 0.0165795 0.0383276 0.0119391 0.00756637 0.00191912 0.11976 
0.796639 0.0138723 0.0417251 0.0171267 0.00700019 0.00179711 0.12184 
0.870964 0.0144899 0.0230279 0.0418576 0.0150691 0.00141223 0.0331795 
0.869492 0.0160357 0.0254342 0.033846 0.0110531 0.00154434 0.0425944 
0.850236 0.0183936 0.0286067 0.0287453 0.00961576 0.0014547 0.0629482 
0.852404 0.0218311 0.0288574 0.0241777 0.0102612 0.00147906 0.0609891 
0.799457 0.0232862 0.035369 0.016973 0.0068476 0.00178564 0.116282 
0.723951 0.0188834 0.0394442 0.0162276 0.00539578 0.00179469 0.194303 
0.528129 0.0173224 0.0528489 0.0100065 0.00574474 0.00197085 0.383978 
0.45488 0.0191647 0.0515601 0.00734129 0.0073268 0.00236972 0.457357 
0.405174 0.0161277 0.0554621 0.00631904 0.00484011 0.00223535 0.509842 
0.339401 0.0198009 0.0457622 0.00945655 0.0134569 0.00247183 0.56965 
0.310323 0.0190649 0.046134 0.00622726 0.00928147 0.0026831 0.606286 
0.430864 0.0218175 0.0434983 0.0115447 0.00988243 0.0023858 0.480008 
0.408467 0.0214188 0.0435312 0.00976763 0.0102822 0.00271083 0.503823 
0.595865 0.0192234 0.0404925 0.0242026 0.0119148 0.00186612 0.306435 
0.521551 0.0228325 0.0413569 0.0148146 0.0133541 0.00234426 0.383746 
0.576354 0.0229913 0.0418524 0.01733 0.0128704 0.00210488 0.326497 
0.658108 0.0233642 0.0376829 0.020659 0.0106196 0.0021983 0.247368 
0.716004 0.025802 0.0337729 0.0223845 0.00740092 0.00201207 0.192623 
0.746816 0.0257027 0.0322488 0.0192126 0.00818594 0.00214268 0.165692 
0.744417 0.0257658 0.0306794 0.0285443 0.0102124 0.00191949 0.158461 
0.759275 0.0248496 0.0312676 0.0299055 0.00743817 0.00198886 0.145275 
0.795056 0.0270076 0.0268636 0.0313089 0.0124077 0.00171794 0.105639 
0.806743 0.0236296 0.028698 0.0347232 0.00864427 0.00164406 0.0959182 
0.796541 0.0244546 0.0287728 0.0353163 0.00829474 0.00167181 0.104949 
0.805022 0.0225019 0.0255406 0.0395942 0.0112122 0.00175815 0.0943708 
0.787594 0.0229522 0.0278795 0.0414674 0.00980255 0.00177862 0.108526 
0.778492 0.0220314 0.0305793 0.0328014 0.00784018 0.00203141 0.126224 
0.822793 0.0216432 0.0272735 0.0343656 0.0103938 0.00186023 0.081671 
0.832425 0.0243948 0.0245332 0.037869 0.00934755 0.00186461 0.0695653 
0.84103 0.0256791 0.0240542 0.0399392 0.00770543 0.0019584 0.0596341 
0.834896 0.0259026 0.02333 0.0560528 0.00817675 0.00179203 0.0498502 
0.84445 0.0242147 0.0241553 0.0532126 0.00647274 0.00183297 0.0456618 
0.851005 0.0310904 0.0229247 0.0411079 0.00734963 0.00203144 0.0444911 
0.842155 0.0369332 0.0220872 0.0363333 0.00851362 0.00217447 0.0518034 
0.828458 0.042862 0.0179536 0.0596999 0.015189 0.00193512 0.0339021 
0.829206 0.0387198 0.0182261 0.0699711 0.0125284 0.00174856 0.0296005 
0.839723 0.0355857 0.0210563 0.0558091 0.00916813 0.00166604 0.0369921 
0.835827 0.0364931 0.0201086 0.0613191 0.00948817 0.00177783 0.0349859 
0.843474 0.0350078 0.0205834 0.0506083 0.00847864 0.00196708 0.0398807 
0.84086 0.0371119 0.021498 0.0524542 0.00717713 0.0018995 0.0389996 
0.834103 0.0362569 0.0215761 0.056784 0.00710153 0.00172016 0.0424583 
0.845824 0.040188 0.0188495 0.055585 0.00872443 0.00177418 0.0290554 
0.836625 0.0326352 0.023433 0.0573683 0.00525737 0.00197562 0.0427056 
0.850466 0.0380746 0.0215072 0.0441069 0.00640445 0.00201773 0.0374231 
0.842621 0.0364944 0.0199928 0.0574307 0.00795984 0.00191061 0.0335904 
0.834258 0.0434021 0.0187046 0.0549671 0.0103752 0.00181239 0.0364804 
0.841955 0.0400167 0.0180676 0.0589361 0.00975165 0.00166961 0.029603 
0.844748 0.033532 0.0209712 0.0570542 0.00670806 0.00176696 0.0352192 
0.848394 0.0335004 0.0209617 0.0543876 0.00669973 0.00183899 0.0342174 
0.849301 0.0329706 0.0226791 0.0451873 0.00642756 0.00196496 0.0414693 
0.851648 0.0365393 0.0219901 0.0407653 0.00720645 0.00202396 0.0398264 
0.833816 0.0376043 0.0221486 0.0387458 0.00883923 0.00257487 0.0562712 
0.844981 0.0264647 0.0263637 0.0470315 0.00519609 0.00222133 0.0477419 
0.838864 0.0249683 0.0262357 0.0536307 0.00589739 0.00199599 0.0484078 
0.840972 0.0245056 0.0269627 0.0366643 0.00528099 0.00267377 0.0629406 
0.837738 0.0246463 0.0273034 0.0404457 0.00508534 0.00252808 0.0622536 
0.839367 0.0237369 0.0271942 0.0406093 0.00562306 0.00230296 0.0611665 
0.848157 0.0234701 0.0281141 0.0403133 0.00506173 0.00209554 0.0527879 
0.839514 0.0258696 0.0266208 0.047013 0.00573604 0.00192343 0.0533231 
0.85683 0.0249646 0.0260127 0.0409143 0.00595399 0.00203391 0.0432905 
0.843134 0.0226269 0.0284019 0.0425304 0.00494222 0.00202771 0.056337 
0.839468 0.0220179 0.0292921 0.0413919 0.00542892 0.00203882 0.0603622 
0.847843 0.0192568 0.031148 0.0454058 0.0043678 0.00183243 0.0501458 
0.838337 0.0204157 0.0284886 0.0599987 0.0051881 0.00166757 0.0459039 
0.832697 0.0217563 0.028564 0.05227 0.00535203 0.00191953 0.0574412 
0.836899 0.0231757 0.0263454 0.0457812 0.00671307 0.0021127 0.0589731 
0.840734 0.0225582 0.0256047 0.0558545 0.00619642 0.0019994 0.047053 
0.83597 0.0232386 0.0260267 0.0470122 0.00609017 0.00212184 0.0595402 
0.825202 0.0225712 0.0255331 0.0588487 0.00656979 0.00192854 0.059347 
0.818659 0.0210499 0.026421 0.0726176 0.00824146 0.00136291 0.051648 
0.828708 0.023852 0.0229068 0.0646344 0.00968442 0.00171059 0.0485043 
0.835991 0.0224424 0.02466 0.0655495 0.00727199 0.00145849 0.0426265 
0.836102 0.0219287 0.0258714 0.0514557 0.00697646 0.00194364 0.0557216 
0.844038 0.0211372 0.0265635 0.0491078 0.00628318 0.0019013 0.0509686 
0.855386 0.0215649 0.0239954 0.0451011 0.00918057 0.00179558 0.0429767 
0.852885 0.0220729 0.0236523 0.0481844 0.00928069 0.00195268 0.0419719 
0.860461 0.0224042 0.0224852 0.0446293 0.0108039 0.00166549 0.0375511 
0.84975 0.0204467 0.0249064 0.0459728 0.00982832 0.001724 0.0473716 
0.837005 0.0182842 0.0262503 0.0555622 0.010308 0.00176079 0.0508292 
0.860727 0.0234826 0.0225868 0.0371916 0.0121543 0.00184879 0.0420093 
0.868482 0.0228792 0.0256367 0.0298019 0.00674087 0.00222639 0.0442327 
0.869264 0.0276169 0.0244732 0.031646 0.00725226 0.0020179 0.0377293 
0.859133 0.0223588 0.0294132 0.0236307 0.0058183 0.00217085 0.0574757 
0.866311 0.0237501 0.0279729 0.023786 0.00700519 0.0020988 0.0490763 
0.863189 0.0244709 0.028469 0.0211578 0.00620421 0.00232294 0.0541862 
0.848177 0.0166369 0.0307607 0.0281788 0.00622575 0.00312103 0.0668996 
0.831114 0.0187118 0.0319077 0.0256278 0.00867922 0.00246813 0.0814915 
0.831205 0.0162751 0.0358058 0.0261218 0.00654437 0.00212458 0.0819231 
0.827184 0.01716 0.0340621 0.0283325 0.00792596 0.00199512 0.0833408 
0.851045 0.0191633 0.0293607 0.0302198 0.00967734 0.00188711 0.0586467 
0.850185 0.0175663 0.0300175 0.0331802 0.00744473 0.00196038 0.0596458 
0.834258 0.0189245 0.0314174 0.0366445 0.00804622 0.00183579 0.0688739 
0.837788 0.0193495 0.0274622 0.0557025 0.00771505 0.0019183 0.0500649 
0.845478 0.0169009 0.0298043 0.0404468 0.00759953 0.0017573 0.0580129 
0.849146 0.019503 0.0268977 0.0449369 0.0107887 0.00153983 0.047188 
0.834053 0.0205797 0.028209 0.0494378 0.00818702 0.00169827 0.0578352 
0.839992 0.0204663 0.0263624 0.0552718 0.00935893 0.00153722 0.0470116 
0.829981 0.0162917 0.0295656 0.062699 0.00786094 0.00137835 0.0522229 
0.84292 0.0194416 0.0253635 0.0561168 0.00901187 0.00145503 0.0456907 
0.851702 0.0200081 0.0216148 0.0569226 0.011573 0.00142559 0.0367539 
0.869457 0.0244559 0.0210539 0.0371187 0.0103799 0.001829 0.0357053 
0.856274 0.0233403 0.0226414 0.0404221 0.00984944 0.00189148 0.0455811 
0.851553 0.0211995 0.0258568 0.0368926 0.00908993 0.00195636 0.053452 
0.853382 0.0201464 0.0255244 0.0460499 0.00912181 0.00190055 0.0438749 
0.858764 0.0212677 0.0244634 0.0385082 0.00986807 0.00215582 0.0449727 
0.8597 0.0185682 0.0272902 0.0416497 0.0072832 0.00199771 0.0435107 
0.866571 0.0202369 0.0271952 0.0327032 0.00749587 0.00197444 0.0438235 
0.86606 0.0196908 0.0273853 0.0291683 0.00703316 0.00235449 0.0483083 
0.860444 0.0194113 0.0268962 0.0385807 0.0101729 0.00191934 0.0425756 
0.871528 0.0195638 0.0250695 0.0353483 0.00915146 0.00218167 0.0371576 
0.856638 0.019351 0.0243049 0.0509043 0.010247 0.00192587 0.0366286 
0.861108 0.0174636 0.0296266 0.0313739 0.00634041 0.0020787 0.0520084 
0.848151 0.0161588 0.0319583 0.0300015 0.00710045 0.00212631 0.0645033 
0.860505 0.0198474 0.0304673 0.022451 0.00480472 0.00224754 0.0596772 
0.849561 0.0184027 0.032442 0.0277316 0.00493242 0.00220995 0.0647207 
0.850942 0.0193044 0.0313354 0.02617 0.00503162 0.00214108 0.0650759 
0.863963 0.0207231 0.0284515 0.0291686 0.00588617 0.00213962 0.0496678 
0.848212 0.0173086 0.0313586 0.0282564 0.00526087 0.00243648 0.0671674 
0.857243 0.0184522 0.0311639 0.0251096 0.00546364 0.00195323 0.0606139 
0.853039 0.0214724 0.0302385 0.0231984 0.00581773 0.00246792 0.0637664 
0.843645 0.0201099 0.0297091 0.0326883 0.00763022 0.00236914 0.0638485 
0.837239 0.019612 0.0314565 0.024386 0.00741191 0.00230308 0.0775917 
0.827176 0.0189653 0.0327297 0.0272578 0.00566443 0.00210429 0.086102 
0.838935 0.0192459 0.0330812 0.0251432 0.00527667 0.00217838 0.0761396 
0.819993 0.0142314 0.0359524 0.0854736 0.00550089 0.00305567 0.035793 
0.837902 0.0144937 0.0357647 0.0714218 0.0055702 0.00273311 0.0321145 
0.833634 0.0153074 0.0362528 0.0778114 0.00568342 0.00246707 0.0288444 
0.835839 0.0171722 0.0341175 0.0803468 0.00546958 0.00221315 0.0248417 
0.839591 0.0184523 0.0324242 0.0755245 0.00534473 0.00257691 0.0260859 
0.83957 0.015307 0.0335672 0.0791292 0.00519313 0.00211443 0.0251192 
0.816314 0.0171793 0.0349101 0.0989376 0.00520382 0.00203934 0.0254161 
0.827207 0.0196703 0.0331207 0.0870266 0.00548334 0.00241949 0.0250724 
0.837 0.0189178 0.0325655 0.0722159 0.0050801 0.00256847 0.0316524 
0.841113 0.018925 0.033263 0.0640847 0.00552197 0.00261032 0.0344817 
0.835709 0.0180938 0.0342601 0.0620851 0.00550176 0.00308616 0.0412643 
0.844132 0.0175889 0.0334816 0.0558128 0.00560827 0.00311237 0.0402644 
0.841195 0.0185205 0.0327745 0.0579597 0.00573166 0.00285679 0.0409617 
0.823246 0.0190113 0.0343231 0.0692606 0.00504655 0.0029706 0.0461417 
0.811928 0.0177587 0.0348767 0.0836773 0.00520335 0.00275238 0.0438037 
0.830692 0.0194308 0.033502 0.0601807 0.00549121 0.00283902 0.0478647 
0.839666 0.0191995 0.0307838 0.0697963 0.00646249 0.00264854 0.0314439 
0.842736 0.021255 0.0311224 0.0663381 0.00625149 0.00230654 0.0299908 
0.83949 0.0223139 0.0312895 0.0678464 0.00551223 0.00225872 0.0312891 
0.845833 0.0201066 0.0297743 0.0684209 0.00691569 0.00223476 0.0267149 
0.831431 0.0211618 0.0303165 0.0789366 0.00733573 0.00221558 0.0286029 
0.82226 0.0183193 0.0312051 0.0920598 0.00597659 0.00244762 0.0277313 
0.827135 0.0158466 0.0383213 0.0794677 0.0045599 0.00233764 0.0323318 
0.844444 0.0156322 0.0370973 0.0594073 0.00393808 0.002948 0.0365334 
0.852798 0.0157382 0.0370953 0.0482461 0.0045069 0.00287695 0.0387383 
0.846258 0.015794 0.0363464 0.0639945 0.00487494 0.00261797 0.0301142 
0.835487 0.0141661 0.0437767 0.0583522 0.00445343 0.00319525 0.0405688 
0.813388 0.01343 0.0437655 0.0864955 0.00409055 0.00277536 0.0360549 
0.835457 0.013136 0.0434177 0.0585614 0.00402711 0.0031486 0.042252 
0.820438 0.0129505 0.0464946 0.056694 0.00375202 0.00353764 0.0561331 
0.832198 0.0125014 0.0441816 0.0600916 0.0034209 0.00311207 0.0444945 
0.809096 0.0121364 0.0447414 0.0727225 0.00380189 0.00350868 0.0539928 
0.814293 0.0121281 0.0424382 0.0649454 0.0044554 0.00308344 0.0586563 
0.806748 0.0115117 0.0433033 0.0613973 0.00399789 0.0038703 0.0691715 
0.780125 0.0133882 0.0427662 0.0989379 0.0049908 0.00318876 0.0566036 
0.792887 0.0127995 0.0446185 0.0899769 0.00385658 0.00323103 0.0526307 
0.763591 0.0131971 0.0457364 0.126777 0.0043668 0.00287625 0.0434559 
0.81576 0.0149455 0.0372612 0.0748175 0.00534183 0.00291369 0.0489601 
0.831998 0.0117684 0.0406029 0.0446232 0.00315018 0.00367808 0.0641789 
0.82676 0.0147774 0.0371285 0.0791294 0.00479128 0.00239137 0.0350215 
0.819031 0.0118297 0.0405464 0.0619263 0.00392078 0.00330827 0.0594373 
0.82695 0.0133984 0.0378631 0.0663703 0.0046242 0.00307328 0.0477209 
0.822613 0.0150796 0.0344666 0.0768229 0.00540903 0.00218846 0.0434203 
0.830566 0.0131105 0.0385352 0.0535631 0.00457012 0.00313834 0.0565165 
0.775101 0.015382 0.0306747 0.138705 0.00701387 0.00201222 0.0311116 
0.832332 0.0169146 0.0331966 0.0605403 0.00598349 0.00255894 0.048474 
0.836936 0.0170705 0.0337919 0.0586892 0.0054033 0.002367 0.0457419 
0.846186 0.0174452 0.0315843 0.0605939 0.00621563 0.00246854 0.0355063 
0.832424 0.0169655 0.033155 0.0541214 0.00693341 0.00253397 0.0538666 
0.832686 0.0162726 0.0299509 0.0729267 0.00715993 0.00257874 0.0384247 
0.838773 0.0157754 0.0307412 0.0618368 0.00811371 0.00254637 0.0422138 
0.84801 0.0175921 0.0298392 0.0577543 0.0070857 0.00257301 0.0371455 
0.852083 0.0198456 0.0268261 0.0584601 0.00810179 0.00272261 0.0319605 
0.839966 0.0179717 0.0323124 0.0623259 0.00603286 0.00268427 0.0387073 
0.855764 0.0193247 0.0273004 0.0456749 0.00789535 0.00310379 0.0409371 
0.838117 0.0167313 0.0330243 0.0460755 0.00585755 0.00290904 0.0572852 
0.856987 0.0175803 0.0282674 0.0404409 0.00733448 0.00268879 0.0467008 
0.854471 0.0175155 0.0245759 0.0521514 0.00952429 0.00299925 0.0387623 
0.854569 0.0164307 0.0288681 0.0339184 0.00887119 0.00284368 0.0544993 
0.855713 0.0173455 0.0263837 0.0447874 0.0083069 0.00283244 0.0446314 
0.861309 0.0180001 0.0257954 0.038338 0.00994909 0.0027806 0.0438275 
0.857101 0.0170532 0.0262139 0.0437007 0.00987248 0.00282526 0.0432336 
0.854072 0.016948 0.026466 0.0443689 0.011458 0.00288858 0.0437986 
0.858739 0.0171757 0.0266243 0.0366365 0.0109354 0.00261826 0.0472707 
0.858506 0.0183579 0.0235497 0.0441342 0.0118369 0.00223972 0.0413755 
0.858228 0.0189577 0.0246619 0.0416281 0.0120442 0.00243126 0.0420493 
0.850997 0.018863 0.0259687 0.0434414 0.0106321 0.00240861 0.0476891 
0.854337 0.017952 0.0286604 0.0405474 0.00894063 0.0020978 0.0474652 
0.84552 0.0167248 0.031697 0.0337907 0.0065949 0.00239208 0.0632804 
0.841924 0.01885 0.0292944 0.0356066 0.00755688 0.00243492 0.064333 
0.839173 0.0179828 0.0287975 0.0419156 0.0098932 0.00238663 0.0598517 
0.851212 0.0167747 0.0317481 0.033213 0.00856056 0.00209663 0.0563951 
0.847068 0.0159614 0.0310308 0.0531575 0.00743673 0.00241337 0.0429317 
0.845393 0.0148575 0.0331449 0.0451695 0.00715665 0.0024215 0.0518566 
0.864377 0.0183323 0.0272955 0.0381053 0.00887919 0.00259248 0.0404181 
0.846946 0.0174904 0.029584 0.0362591 0.00863951 0.00248288 0.0585976 
0.851123 0.0137683 0.0326779 0.0414914 0.00727167 0.00187587 0.0517923 
