0.768549 0.0197911 0.0338357 0.152685 0.00497319 0.00148107 0.0186849 
0.791953 0.0202846 0.0340802 0.128488 0.00478192 0.00143681 0.0189753 
0.77425 0.0162426 0.0300594 0.157089 0.00685239 0.00129065 0.0142161 
0.83304 0.0177536 0.0320371 0.0927751 0.00587714 0.00165386 0.0168636 
0.782717 0.01496 0.0396521 0.133897 0.00451802 0.00170248 0.0225534 
0.797685 0.0158659 0.0337194 0.1234 0.00681711 0.00166937 0.0208435 
0.795885 0.0151982 0.0381339 0.122418 0.00559415 0.00167286 0.0210978 
0.788357 0.0150528 0.0372287 0.13057 0.00630729 0.00136152 0.0211227 
0.793167 0.0127461 0.046325 0.115306 0.00424006 0.00191749 0.0262981 
0.80413 0.0138061 0.0420336 0.110782 0.00448545 0.00193171 0.022831 
0.786135 0.0164577 0.0365477 0.135335 0.00571961 0.0015565 0.0182485 
0.769407 0.0158934 0.0397473 0.148304 0.00581892 0.00152049 0.019309 
0.790489 0.0156138 0.0331519 0.132708 0.0078693 0.00160922 0.0185592 
0.806933 0.0187461 0.0316446 0.111108 0.0083453 0.00167873 0.0215444 
0.820771 0.0175938 0.0338357 0.0933299 0.00718732 0.00194236 0.0253405 
0.809392 0.0195115 0.0317767 0.106678 0.00734137 0.0019387 0.0233623 
0.785182 0.0169578 0.0379852 0.124775 0.00495715 0.00210835 0.0280347 
0.78083 0.0161155 0.0371432 0.132305 0.00563511 0.00191437 0.0260572 
0.816108 0.0170127 0.039524 0.0964832 0.00446045 0.00187373 0.0245378 
0.81669 0.0172933 0.0350756 0.0971753 0.00768115 0.00154214 0.0245428 
0.80461 0.0166279 0.035096 0.115966 0.00637305 0.00152574 0.0198008 
0.791139 0.013957 0.0394254 0.126485 0.0065051 0.00150366 0.0209843 
0.823493 0.016216 0.0341232 0.0960611 0.00655504 0.00154372 0.0220077 
0.823746 0.0141679 0.042119 0.0808176 0.00546179 0.00191973 0.0317681 
0.82066 0.0171552 0.0312307 0.099474 0.0076043 0.00184141 0.0220348 
0.839886 0.0159512 0.0374259 0.0775046 0.00449047 0.00209296 0.0226492 
0.802328 0.0161156 0.0440678 0.107591 0.00366565 0.00206264 0.0241692 
0.79418 0.0183272 0.0367905 0.124066 0.0049637 0.00172788 0.0199447 
0.803664 0.0155488 0.044142 0.107249 0.00340088 0.00203207 0.0239637 
0.790884 0.0159921 0.0358235 0.131631 0.00520873 0.00164614 0.0188148 
0.782622 0.0160175 0.0385209 0.138761 0.0040662 0.00179977 0.0182118 
0.804579 0.0154135 0.0514017 0.0970002 0.00265199 0.00183605 0.027118 
0.793453 0.018429 0.0375593 0.121978 0.00402375 0.00200507 0.0225517 
0.808996 0.0172959 0.0410838 0.10032 0.0036338 0.00273108 0.0259387 
0.86606 0.0196908 0.0273853 0.0291683 0.00703316 0.00235449 0.0483083 
0.860444 0.0194113 0.0268962 0.0385807 0.0101729 0.00191934 0.0425756 
0.871528 0.0195638 0.0250695 0.0353483 0.00915146 0.00218167 0.0371576 
0.856638 0.019351 0.0243049 0.0509043 0.010247 0.00192587 0.0366286 
0.861108 0.0174636 0.0296266 0.0313739 0.00634041 0.0020787 0.0520084 
0.848151 0.0161588 0.0319583 0.0300015 0.00710045 0.00212631 0.0645033 
0.860505 0.0198474 0.0304673 0.022451 0.00480472 0.00224754 0.0596772 
0.849561 0.0184027 0.032442 0.0277316 0.00493242 0.00220995 0.0647207 
0.850942 0.0193044 0.0313354 0.02617 0.00503162 0.00214108 0.0650759 
0.863963 0.0207231 0.0284515 0.0291686 0.00588617 0.00213962 0.0496678 
0.848212 0.0173086 0.0313586 0.0282564 0.00526087 0.00243648 0.0671674 
0.857243 0.0184522 0.0311639 0.0251096 0.00546364 0.00195323 0.0606139 
0.853039 0.0214724 0.0302385 0.0231984 0.00581773 0.00246792 0.0637664 
0.843645 0.0201099 0.0297091 0.0326883 0.00763022 0.00236914 0.0638485 
0.837239 0.019612 0.0314565 0.024386 0.00741191 0.00230308 0.0775917 
0.827176 0.0189653 0.0327297 0.0272578 0.00566443 0.00210429 0.086102 
0.838935 0.0192459 0.0330812 0.0251432 0.00527667 0.00217838 0.0761396 
0.86606 0.0196908 0.0273853 0.0291683 0.00703316 0.00235449 0.0483083 
0.860444 0.0194113 0.0268962 0.0385807 0.0101729 0.00191934 0.0425756 
0.871528 0.0195638 0.0250695 0.0353483 0.00915146 0.00218167 0.0371576 
0.856638 0.019351 0.0243049 0.0509043 0.010247 0.00192587 0.0366286 
0.861108 0.0174636 0.0296266 0.0313739 0.00634041 0.0020787 0.0520084 
0.848151 0.0161588 0.0319583 0.0300015 0.00710045 0.00212631 0.0645033 
0.860505 0.0198474 0.0304673 0.022451 0.00480472 0.00224754 0.0596772 
0.849561 0.0184027 0.032442 0.0277316 0.00493242 0.00220995 0.0647207 
0.850942 0.0193044 0.0313354 0.02617 0.00503162 0.00214108 0.0650759 
0.863963 0.0207231 0.0284515 0.0291686 0.00588617 0.00213962 0.0496678 
0.848212 0.0173086 0.0313586 0.0282564 0.00526087 0.00243648 0.0671674 
0.857243 0.0184522 0.0311639 0.0251096 0.00546364 0.00195323 0.0606139 
0.853039 0.0214724 0.0302385 0.0231984 0.00581773 0.00246792 0.0637664 
0.843645 0.0201099 0.0297091 0.0326883 0.00763022 0.00236914 0.0638485 
0.837239 0.019612 0.0314565 0.024386 0.00741191 0.00230308 0.0775917 
0.827176 0.0189653 0.0327297 0.0272578 0.00566443 0.00210429 0.086102 
0.838935 0.0192459 0.0330812 0.0251432 0.00527667 0.00217838 0.0761396 
0.798238 0.0288184 0.026104 0.115366 0.00355794 0.00160823 0.0263075 
0.80339 0.0275059 0.0241859 0.118395 0.00380315 0.00154851 0.0211714 
0.808925 0.027913 0.0234251 0.113288 0.00435 0.00146992 0.0206291 
0.805769 0.0272867 0.0263333 0.116825 0.00323136 0.0016386 0.0189161 
0.743422 0.023424 0.0304621 0.180069 0.00247413 0.00155293 0.0185955 
0.768301 0.0246974 0.0293088 0.156181 0.00276526 0.00162883 0.0171181 
0.750361 0.0252826 0.031076 0.172287 0.00282736 0.00148233 0.0166834 
0.77654 0.0277142 0.026518 0.146216 0.00323437 0.0017838 0.0179937 
0.774111 0.0329482 0.0231439 0.147466 0.00373094 0.00188697 0.0167132 
0.787369 0.0311799 0.0220539 0.137488 0.00414643 0.00183024 0.0159329 
0.811658 0.0305308 0.0222283 0.113558 0.00396296 0.00184545 0.0162163 
0.822555 0.0261864 0.0239409 0.101762 0.00383875 0.00172097 0.0199956 
0.795536 0.0291785 0.021692 0.130254 0.0041907 0.00168209 0.0174665 
0.773246 0.0307931 0.0218124 0.150921 0.00405793 0.00175118 0.0174182 
0.745393 0.031575 0.0217056 0.176574 0.00514974 0.00161532 0.0179874 
0.75963 0.0311233 0.0233512 0.161959 0.00414324 0.0015583 0.0182355 
0.786295 0.0297719 0.024545 0.133997 0.00360979 0.00185089 0.0199309 
0.778513 0.0310351 0.0232905 0.143764 0.00373436 0.00164915 0.0180139 
0.804777 0.0349753 0.0216582 0.111986 0.00454202 0.00181134 0.0202505 
0.801698 0.0357001 0.0203678 0.119255 0.00519722 0.00167901 0.0161029 
0.810196 0.0279276 0.0248315 0.114201 0.00352779 0.00195135 0.0173645 
0.811303 0.02725 0.0252901 0.110979 0.00402529 0.00200739 0.0191452 
0.810072 0.0324038 0.022548 0.108083 0.00457509 0.00183692 0.0204817 
0.832334 0.0312135 0.0219061 0.0841633 0.00461917 0.00193301 0.0238311 
0.82632 0.0313667 0.0214104 0.0934633 0.00466553 0.00189198 0.0208817 
0.82184 0.0305039 0.0233319 0.0985742 0.00385834 0.00202498 0.0198668 
0.835676 0.0294717 0.0221481 0.0886796 0.00405121 0.00200756 0.0179662 
0.79918 0.0305647 0.0245868 0.124322 0.00325343 0.0018146 0.0162781 
0.8302 0.0315973 0.0240036 0.0895286 0.00369583 0.00202625 0.018948 
0.805967 0.0409036 0.0204633 0.109258 0.00421534 0.00190497 0.0172882 
0.825669 0.0333283 0.021915 0.093812 0.00372019 0.00198456 0.0195706 
0.819517 0.0336659 0.0239311 0.100443 0.00331634 0.00193279 0.0171938 
0.818877 0.0447265 0.0178689 0.094941 0.00589212 0.00210527 0.0155894 
0.820937 0.0496979 0.0169436 0.0862973 0.00624672 0.00229396 0.0175832 
0.796544 0.0323306 0.02192 0.126688 0.00420687 0.00157432 0.0167365 
0.835767 0.0107671 0.0431528 0.0281601 0.00842328 0.00272553 0.0710041 
0.84506 0.0113431 0.0396693 0.0320765 0.00875492 0.00249952 0.060597 
0.83908 0.0104543 0.0420221 0.0432102 0.00848337 0.00243843 0.0543113 
0.853388 0.0105658 0.0415782 0.0266076 0.00691869 0.00305263 0.0578892 
0.861614 0.0107946 0.0396687 0.0263091 0.00709869 0.00318976 0.0513253 
0.832903 0.0109882 0.0437092 0.0276644 0.00744639 0.00265168 0.074637 
0.832401 0.0111735 0.0441798 0.022427 0.00877135 0.00318334 0.0778639 
0.859945 0.0114551 0.0387322 0.0236123 0.00567727 0.00308525 0.0574933 
0.821576 0.0121236 0.0423297 0.0239659 0.00675688 0.00430142 0.0889465 
0.814531 0.0126131 0.0447884 0.0186736 0.00523231 0.00401225 0.10015 
0.85434 0.0178355 0.0391424 0.0129617 0.0100798 0.00262455 0.0630163 
0.851093 0.0169639 0.0330625 0.0118211 0.00774453 0.0046414 0.0746736 
0.870433 0.0170015 0.0313397 0.0191359 0.0130712 0.00335949 0.0456591 
0.863462 0.0144507 0.0352308 0.0252058 0.0103876 0.00297871 0.0482844 
0.847716 0.012801 0.0400615 0.0208916 0.00694647 0.00360767 0.0679759 
0.852211 0.0132518 0.0358954 0.0312235 0.0076159 0.00270041 0.0571021 
0.83383 0.0116415 0.0462744 0.0200643 0.00538039 0.00324604 0.0795638 
0.863242 0.0137686 0.0354095 0.0238012 0.00678896 0.00279921 0.0541903 
0.818767 0.0134295 0.040398 0.0156713 0.00721222 0.00281624 0.101706 
0.730654 0.0159182 0.0466591 0.00739245 0.00874464 0.00346806 0.187163 
0.822908 0.0169488 0.0369398 0.0171528 0.0113094 0.00345812 0.0912826 
0.846749 0.0126023 0.0521049 0.0107659 0.00679865 0.00980218 0.0611768 
0.828578 0.0109688 0.0962876 0.00865321 0.00283734 0.026445 0.0262302 
0.455708 0.00744746 0.214006 0.0167193 0.00113279 0.263714 0.0412724 
0.537594 0.0138217 0.0832046 0.0313775 0.00182081 0.293195 0.0389863 
0.700478 0.0123333 0.0342967 0.0864275 0.00575067 0.00506295 0.155651 
0.465177 0.0167336 0.0343071 0.0635512 0.0227083 0.0050383 0.392484 
0.619915 0.0232328 0.0286863 0.0401821 0.00851187 0.00581973 0.273653 
0.787336 0.0238676 0.0182408 0.0988319 0.0128604 0.00276509 0.0560986 
0.811733 0.044565 0.0129338 0.0542473 0.0297592 0.00518952 0.0415725 
0.775596 0.0379124 0.0166802 0.0893524 0.0134533 0.00316412 0.0638418 
0.781825 0.0294595 0.0162367 0.135404 0.0112287 0.00286205 0.0229841 
0.654657 0.0417817 0.01245 0.244517 0.0165936 0.00302043 0.0269804 
0.798881 0.0279096 0.0268749 0.0731249 0.00442082 0.00241525 0.0663736 
0.784696 0.0431091 0.0176327 0.0977449 0.00821559 0.00295764 0.0456441 
0.784018 0.078684 0.0169611 0.0346501 0.0114054 0.00394598 0.0703354 
0.798755 0.072362 0.0163447 0.0520353 0.00982638 0.00353988 0.0471365 
0.812043 0.0373554 0.0217059 0.0724556 0.00474465 0.00325376 0.0484419 
0.812523 0.0541962 0.0161483 0.0684722 0.00904538 0.00277124 0.0368433 
0.826936 0.0411279 0.0183996 0.0517992 0.00846008 0.00317021 0.0501067 
0.808038 0.0338294 0.0228586 0.0486517 0.00599941 0.0038261 0.0767965 
0.819991 0.037346 0.0208108 0.053369 0.00776126 0.00270793 0.058014 
0.830303 0.0338691 0.0228633 0.0445232 0.00541719 0.00292836 0.0600957 
0.824305 0.0325658 0.0230266 0.046447 0.00776224 0.00243064 0.0634629 
0.839077 0.030005 0.0209859 0.0585451 0.00597969 0.00227734 0.0431295 
0.845203 0.0329141 0.0187648 0.05519 0.00691031 0.00310238 0.037915 
0.805219 0.0404911 0.0152097 0.108489 0.00834482 0.00248954 0.0197567 
0.850224 0.0300241 0.021353 0.0612306 0.00406744 0.00317503 0.0299257 
0.815347 0.0265682 0.0261606 0.0963179 0.00299211 0.00280182 0.0298124 
0.834488 0.0319743 0.0216597 0.0719378 0.00442973 0.00248439 0.0330263 
0.832344 0.0356236 0.0218876 0.0751725 0.00448568 0.00281905 0.0276672 
0.841068 0.0425869 0.020247 0.0634593 0.00504623 0.00282769 0.0247646 
0.837797 0.0406153 0.0205861 0.0659967 0.00465143 0.00301927 0.0273341 
0.841131 0.0385034 0.0201972 0.0682183 0.0049867 0.00292259 0.0240406 
0.841465 0.0357291 0.0205977 0.0678115 0.00559541 0.00254295 0.0262588 
0.843375 0.0402833 0.0209385 0.0624634 0.00445354 0.00291528 0.0255709 
0.850073 0.03977 0.0212208 0.0566099 0.00393783 0.00316039 0.0252285 
0.820424 0.0568862 0.0189944 0.0630833 0.00463016 0.00327888 0.0327034 
0.774721 0.0956106 0.0159082 0.0769259 0.00695867 0.0028151 0.027061 
0.418417 0.352166 0.00536437 0.168439 0.0188874 0.00248829 0.0342376 
0.256855 0.437138 0.00940027 0.154666 0.0441709 0.00588225 0.0918871 
0.33487 0.334247 0.0131664 0.169842 0.0303661 0.00695097 0.110558 
0.298555 0.2648 0.00956499 0.332796 0.026893 0.00431859 0.0630729 
0.191237 0.197902 0.012988 0.509123 0.0354534 0.00571028 0.0475861 
0.192762 0.112077 0.00702653 0.599641 0.0582517 0.00305408 0.0271877 
0.315316 0.36498 0.00357745 0.280561 0.0218555 0.00382304 0.00988723 
0.355458 0.281155 0.00479951 0.323381 0.0161448 0.00539607 0.0136658 
0.305331 0.358672 0.00338256 0.288512 0.0270779 0.00454836 0.0124762 
0.284099 0.376717 0.00293392 0.293803 0.0279394 0.0041579 0.0103489 
0.327769 0.321743 0.00363699 0.301487 0.032706 0.00318275 0.00947522 
0.290171 0.348742 0.00329593 0.313886 0.0304614 0.00315321 0.0102915 
0.351761 0.338113 0.00458371 0.268146 0.0198803 0.0040506 0.0134645 
0.350416 0.302096 0.00438801 0.299766 0.0274303 0.00321976 0.0126837 
0.394262 0.290706 0.00474503 0.268027 0.0268933 0.00384312 0.0115238 
0.386198 0.318696 0.00491179 0.256909 0.0195015 0.00317906 0.010605 
0.344812 0.357491 0.00353002 0.254061 0.0249302 0.00450902 0.010666 
0.379693 0.371943 0.00479986 0.214125 0.012439 0.00440105 0.0125994 
0.254647 0.479913 0.0031645 0.227309 0.0211408 0.00331445 0.0105123 
0.294719 0.467517 0.00361692 0.201903 0.0172017 0.00365985 0.0113819 
0.333413 0.377584 0.00406869 0.251297 0.0202061 0.00337928 0.0100529 
0.276392 0.514771 0.00306228 0.173094 0.0185574 0.0029998 0.0111228 
0.299124 0.531478 0.00363079 0.135773 0.0119379 0.00396907 0.0140872 
0.304002 0.565027 0.00342932 0.0905164 0.0125983 0.00479842 0.0196286 
0.33737 0.504755 0.00381757 0.113819 0.0149273 0.00431356 0.0209976 
0.384177 0.479872 0.00501256 0.0829462 0.0108467 0.00561345 0.0315323 
0.429305 0.402954 0.00668976 0.118796 0.00933302 0.00464926 0.0282732 
0.446081 0.370847 0.00757989 0.137356 0.00831921 0.00503729 0.0247799 
0.53221 0.296736 0.00938558 0.131341 0.00659722 0.00529976 0.0184305 
0.50494 0.28845 0.00761606 0.171397 0.0106872 0.00388286 0.0130274 
0.557152 0.300719 0.0079088 0.0980093 0.0132563 0.00760793 0.0153474 
0.4844 0.104961 0.0314244 0.221202 0.00222558 0.0139764 0.141811 
0.437066 0.388872 0.011506 0.126148 0.00450859 0.00279899 0.0291004 
0.34109 0.5173 0.00544736 0.108478 0.00866031 0.00304229 0.0159813 
0.304798 0.544437 0.00548918 0.114475 0.00670493 0.00315055 0.0209457 
0.156284 0.370876 0.00533166 0.445654 0.00712456 0.00163481 0.0130949 
0.144243 0.773452 0.00144042 0.0581522 0.011646 0.00315178 0.00791464 
0.127 0.763717 0.00440322 0.0141772 0.00595511 0.00999932 0.0747474 
0.0880456 0.0873181 0.121702 0.343759 0.250126 0.0523775 0.0566721 
0.0207028 0.0270342 0.476232 0.319123 0.0918612 0.0242147 0.0408326 
0.0316572 0.00548123 0.596777 0.162166 0.00730724 0.00514333 0.191468 
0.00543593 0.011155 0.845218 0.116853 0.00853135 0.00667601 0.00613056 
0.0180029 0.0562999 0.662805 0.147809 0.0318501 0.0689595 0.0142745 
0.0299186 0.0925837 0.570105 0.115855 0.0547252 0.114512 0.0223004 
0.0408819 0.128029 0.436142 0.156414 0.068156 0.146206 0.0241706 
0.0882883 0.248986 0.135046 0.195395 0.082472 0.228546 0.0212659 
0.0339173 0.715463 0.00420686 0.0177548 0.193396 0.0314637 0.00379786 
0.0310156 0.71726 5.7683E-4 0.00871355 0.231222 0.00988415 0.00132788 
0.0844584 0.0817264 0.00781207 0.103922 0.696579 0.0188912 0.00661133 
0.011643 0.0102879 8.02406E-4 0.0406642 0.932123 0.00283939 0.00163966 
0.0168564 0.0238385 0.00121196 0.0944416 0.860343 0.00166319 0.00164496 
0.0711509 0.281449 0.00591274 0.504438 0.119739 0.00561617 0.011694 
0.152712 0.346401 0.00265133 0.456144 0.0309501 0.00226702 0.00887459 
0.136933 0.44487 0.0028901 0.386213 0.0160846 0.00239408 0.0106148 
0.266703 0.374467 0.0053229 0.322699 0.00878088 0.00376681 0.0182616 
0.302263 0.28707 0.00725353 0.370054 0.00793534 0.00525537 0.0201691 
0.235814 0.371587 0.00341761 0.366424 0.0110906 0.00326378 0.0084034 
0.186435 0.493675 0.00246162 0.296349 0.0108446 0.00346147 0.00677306 
0.181089 0.584281 0.00171689 0.208823 0.0136525 0.00451354 0.00592432 
0.156914 0.652936 0.00151817 0.164408 0.0105709 0.00534664 0.00830538 
0.123791 0.722869 0.00129794 0.129589 0.00795027 0.00650861 0.00799405 
0.100081 0.791796 0.00118622 0.085374 0.00650749 0.00592741 0.00912862 
0.105673 0.778458 0.0013821 0.0950415 0.00629662 0.00555772 0.00759156 
0.101369 0.777637 0.00110534 0.0996524 0.00989584 0.00447611 0.00586442 
0.122801 0.714314 0.00174929 0.140194 0.00969447 0.00390046 0.00734649 
0.174647 0.660608 0.00245309 0.127689 0.0130499 0.00495922 0.0165935 
0.241694 0.617331 0.00229726 0.0938476 0.0263196 0.00606008 0.0124504 
0.272949 0.547135 0.00297598 0.112261 0.0471492 0.00774881 0.00978074 
0.383874 0.433859 0.00620261 0.119789 0.034118 0.0108432 0.0113138 
0.586442 0.160622 0.0158997 0.177124 0.0308807 0.0127877 0.0162435 
0.697551 0.0991372 0.0166704 0.121015 0.0348434 0.0122653 0.0185178 
0.728773 0.0259242 0.0291853 0.178347 0.0152043 0.00610498 0.0164615 
0.608697 0.00963155 0.0944524 0.2145 0.00609738 0.0117311 0.0548906 
0.624228 0.00731881 0.130171 0.151753 0.00682052 0.0157995 0.0639097 
0.2739 0.00914938 0.14532 0.496069 0.00901526 0.020726 0.0458197 
0.401645 0.0100245 0.150768 0.389008 0.00678185 0.0135549 0.0282176 
0.400394 0.00733509 0.126408 0.426168 0.00533386 0.00937006 0.024992 
0.497839 0.00630335 0.118466 0.342258 0.00457787 0.00744774 0.0231075 
0.682877 0.00554882 0.128817 0.148912 0.00376983 0.00689176 0.0231838 
0.777944 0.00766627 0.0607982 0.127291 0.00707884 0.00588239 0.0133392 
0.878488 0.0118047 0.0549976 0.0321634 0.00356001 0.00678336 0.0122034 
0.711846 0.145239 0.0177987 0.0870464 0.0164948 0.00354987 0.0180248 
0.701346 0.172997 0.0160802 0.0701886 0.0142894 0.00442484 0.0206738 
0.622518 0.23597 0.0116018 0.0806448 0.0217928 0.00470837 0.0227644 
0.491783 0.356444 0.00819092 0.101589 0.0229711 0.00399603 0.0150263 
0.558682 0.271496 0.0126207 0.128056 0.00938239 0.00383953 0.0159245 
0.561285 0.276621 0.011128 0.124723 0.00954597 0.00392173 0.0127747 
0.571745 0.200947 0.0148616 0.193103 0.00558706 0.00298639 0.0107698 
0.627115 0.223077 0.0138912 0.10983 0.00707433 0.00467295 0.014339 
0.615847 0.241085 0.0115005 0.102803 0.00904391 0.00519622 0.0145243 
0.649737 0.221161 0.0140636 0.083237 0.00689534 0.00589586 0.0190096 
0.621995 0.246854 0.0113357 0.0897197 0.0091725 0.00621206 0.0147104 
0.660568 0.202794 0.0143132 0.0923185 0.00663404 0.00724289 0.0161294 
0.65944 0.21357 0.01618 0.0796139 0.00514067 0.00778013 0.0182759 
0.636354 0.241988 0.0158653 0.0669552 0.00524908 0.00907325 0.0245155 
0.633544 0.234629 0.0172156 0.0808998 0.0044526 0.00714478 0.0221145 
0.647449 0.212984 0.0181486 0.0934557 0.00418844 0.00550582 0.0182686 
0.622526 0.235933 0.0161139 0.0944249 0.00479158 0.00627075 0.0199397 
0.65636 0.178558 0.018474 0.123052 0.00413982 0.00505069 0.0143657 
0.676672 0.173577 0.0168135 0.108577 0.00490615 0.00581668 0.013638 
0.645449 0.204666 0.0170384 0.108582 0.0048645 0.00564086 0.0137586 
0.616333 0.229297 0.0162659 0.114055 0.00442841 0.00641923 0.0132016 
0.642688 0.194287 0.0169109 0.123751 0.00467072 0.00500372 0.012688 
0.637733 0.20061 0.0187982 0.118868 0.00365963 0.00573469 0.0145964 
0.620964 0.196234 0.0176355 0.140455 0.00444769 0.00531673 0.0149477 
0.704967 0.152831 0.0211328 0.0934408 0.00345917 0.00840697 0.0157621 
0.697669 0.168315 0.0192371 0.089727 0.00435114 0.00601071 0.0146899 
0.663656 0.188105 0.0186662 0.102811 0.00471445 0.00588665 0.0161602 
0.687654 0.188897 0.0187273 0.079768 0.00474848 0.00560716 0.0145981 
0.675181 0.159983 0.0196828 0.120715 0.00458256 0.00561407 0.0142412 
0.66235 0.150354 0.0204655 0.143852 0.0047052 0.00513629 0.0131371 
0.370301 0.152153 0.0148029 0.449656 0.00413992 0.00291969 0.00602724 
0.287294 0.215024 0.0114341 0.471389 0.00559336 0.00260466 0.00666138 
0.384715 0.231469 0.0143573 0.349261 0.00577622 0.00433993 0.0100824 
0.181289 0.185269 0.00716805 0.609081 0.0100146 0.00209085 0.00508744 
0.330876 0.18798 0.0106161 0.454635 0.00797387 0.00288056 0.00503796 
0.346548 0.238109 0.0105956 0.386496 0.00874066 0.00388505 0.00562547 
0.218212 0.23025 0.0112573 0.518594 0.0096559 0.00411522 0.00791572 
0.562753 0.227963 0.0178854 0.170471 0.00508544 0.00591443 0.00992763 
0.550689 0.218624 0.0156727 0.196155 0.00577685 0.00514264 0.00793925 
0.644815 0.212749 0.0264243 0.0826738 0.00318707 0.0133817 0.016769 
0.491021 0.197691 0.0159693 0.27616 0.00529186 0.00507397 0.00879271 
0.501098 0.219769 0.0147424 0.243354 0.00595475 0.00632769 0.0087538 
0.469638 0.200821 0.0132181 0.298906 0.00711926 0.00387913 0.00641832 
0.488033 0.234836 0.0116438 0.243275 0.0104624 0.00446484 0.00728397 
0.554703 0.222599 0.0140246 0.187752 0.00818865 0.00541563 0.00731739 
0.561387 0.22128 0.0120745 0.182049 0.0105983 0.00504071 0.00757117 
0.419418 0.269984 0.0091432 0.278569 0.0135465 0.00352681 0.00581275 
0.431606 0.278627 0.00950765 0.257719 0.0125052 0.00366779 0.0063665 
0.4033 0.269031 0.0119817 0.296264 0.00849048 0.00397522 0.00695691 
0.422139 0.244458 0.0135681 0.303583 0.00586937 0.00298282 0.00740024 
0.519153 0.206045 0.0183551 0.238614 0.00545946 0.0035607 0.0088126 
0.490282 0.258332 0.0163138 0.215414 0.00563203 0.00363249 0.0103937 
0.557576 0.24359 0.0157695 0.160904 0.00784475 0.00396889 0.0103465 
0.596542 0.254819 0.0142563 0.106531 0.00978682 0.00588448 0.0121804 
0.550555 0.207358 0.0128927 0.20256 0.0115434 0.00550537 0.00958478 
0.616444 0.223113 0.0184856 0.116922 0.00771786 0.00890815 0.00840939 
0.696038 0.143222 0.0458519 0.0541912 0.00362073 0.0467342 0.010342 
0.533275 0.0570234 0.0406072 0.0102939 0.00105295 0.352042 0.00570584 
0.211809 0.0315198 0.032295 0.0109101 5.59654E-4 0.710358 0.00254851 
0.0551551 0.0123775 0.0244342 0.00947156 3.92722E-4 0.895215 0.00295391 
0.292115 0.0344409 0.0422788 0.0190775 9.38794E-4 0.605924 0.00522479 
0.811518 0.0297231 0.0270056 0.0181469 0.00160836 0.0884378 0.0235598 
0.678989 0.0653156 0.0351659 0.0400942 0.00293327 0.159165 0.0183369 
0.230263 0.0347679 0.0293172 0.00776422 0.00112997 0.689206 0.00755145 
0.323056 0.0404568 0.0335003 0.0197842 0.00146456 0.569417 0.0123207 
0.35326 0.0511791 0.0380635 0.0693365 0.00337269 0.465795 0.0189932 
0.649739 0.131383 0.0335378 0.0677882 0.00345745 0.0874275 0.0266663 
0.479415 0.364442 0.0178343 0.0314135 0.00674325 0.0624115 0.0377409 
0.365483 0.349385 0.0191198 0.0204204 0.00772128 0.202992 0.0348785 
0.504755 0.345537 0.0167401 0.0288761 0.0103796 0.0675514 0.0261613 
0.598152 0.203528 0.0242915 0.106373 0.00866337 0.0449143 0.0140782 
0.682194 0.0734871 0.0478426 0.0616506 0.00260667 0.115864 0.0163548 
0.576319 0.0414978 0.0600923 0.0300544 0.00132194 0.273068 0.0176463 
0.705189 0.0264024 0.0629949 0.0444653 0.00200721 0.135844 0.0230972 
0.583077 0.0283356 0.0390297 0.0325015 0.00272539 0.295787 0.018544 
0.729934 0.0211671 0.0690981 0.117853 0.00385955 0.0438702 0.0142184 
0.728442 0.0402076 0.0378837 0.164096 0.00300005 0.0153921 0.0109786 
0.805279 0.0400382 0.0194829 0.108413 0.00459408 0.00720498 0.014987 
0.766853 0.0512501 0.0183422 0.111188 0.00552828 0.00500744 0.0418311 
0.660495 0.0799119 0.01143 0.203385 0.0169442 0.00534385 0.0224896 
0.63143 0.0849414 0.010518 0.241966 0.0144826 0.00279666 0.0138653 
0.676462 0.134317 0.0101418 0.126517 0.0208163 0.00397163 0.0277747 
0.729128 0.108807 0.0105411 0.0954789 0.022243 0.00406485 0.0297373 
0.681015 0.103952 0.0122576 0.13861 0.0215739 0.00290576 0.0396863 
0.841913 0.0288082 0.0295904 0.0634312 0.00318158 0.00226693 0.0308083 
0.871145 0.0248101 0.0288783 0.04294 0.00227576 0.00334313 0.0266072 
0.866562 0.0273847 0.030073 0.0442432 0.0019936 0.00357373 0.0261694 
0.852944 0.0247016 0.0290082 0.0609092 0.00270717 0.0026187 0.0271112 
0.83627 0.0225585 0.033627 0.0677623 0.00281957 0.0022486 0.0347137 
0.819356 0.0240092 0.0288224 0.0941862 0.00391694 0.00206837 0.0276404 
0.84703 0.0231862 0.0304564 0.0628486 0.00343361 0.00224317 0.0308019 
0.845573 0.0238605 0.0310784 0.0710455 0.00368127 0.0016881 0.0230731 
0.851203 0.0208053 0.0323232 0.0639914 0.00315846 0.00199224 0.0265268 
0.841433 0.0263996 0.0258643 0.0727485 0.00615812 0.00203451 0.0253617 
0.847563 0.0256074 0.0255875 0.069549 0.00502967 0.00289199 0.0237718 
0.838123 0.0228732 0.0250946 0.0893835 0.00534765 0.00197673 0.0172016 
0.820674 0.0313003 0.0210216 0.0967505 0.0101642 0.00178431 0.0183048 
0.848441 0.0290663 0.023564 0.0724315 0.00590929 0.0024358 0.0181521 
0.843571 0.028186 0.0261984 0.0721776 0.00510684 0.00262668 0.0221337 
0.825459 0.0409852 0.0227303 0.0772802 0.00919412 0.00226094 0.0220906 
0.79666 0.0302443 0.0211132 0.121215 0.0127509 0.00168419 0.0163332 
0.805475 0.0285734 0.0222506 0.105787 0.0133598 0.00176956 0.0227848 
0.820168 0.0260514 0.0245101 0.0923236 0.0123138 0.00183715 0.0227957 
0.829873 0.0211252 0.0241367 0.0925125 0.0108598 0.00141057 0.0200823 
0.830956 0.0222777 0.0283352 0.0821332 0.00877168 0.00132741 0.026199 
0.833089 0.0195416 0.0258247 0.0921117 0.00898385 0.00123424 0.0192154 
0.848214 0.0203575 0.0285159 0.0706557 0.00700865 0.0014199 0.0238284 
0.850548 0.0188017 0.0269885 0.0703692 0.00783343 0.00154929 0.0239103 
0.853876 0.02522 0.0229753 0.0693438 0.00827834 0.00145098 0.0188561 
0.837515 0.0220471 0.0255931 0.0831813 0.00846283 0.00143211 0.0217689 
0.842619 0.0200986 0.0257132 0.0747424 0.00884821 0.00130708 0.0266711 
0.8365 0.0175409 0.025178 0.0880179 0.0101176 0.00115333 0.0214919 
0.848761 0.0158902 0.0251503 0.0799074 0.00941612 0.00120938 0.019666 
0.853053 0.024619 0.0214367 0.0718607 0.00895786 0.00133985 0.018733 
0.860184 0.0241321 0.0194477 0.0648912 0.00924735 0.00168285 0.0204152 
0.860743 0.0222897 0.0239847 0.0509615 0.0089452 0.00172881 0.031347 
0.83992 0.0273169 0.03407 0.0137713 0.00199193 0.00339855 0.0795316 
0.32671 0.42033 0.00495238 0.218729 0.00939551 0.00353519 0.0163465 
0.384762 0.455239 0.00475999 0.123593 0.0098953 0.00375468 0.0179964 
0.410089 0.439953 0.00470717 0.103578 0.0114051 0.00507247 0.0251954 
0.398895 0.390096 0.00562831 0.166705 0.0106037 0.00340969 0.0246626 
0.352692 0.39785 0.00416187 0.21191 0.0151574 0.00257898 0.0156505 
0.364455 0.357432 0.00424163 0.237347 0.0181761 0.00247371 0.0158752 
0.482176 0.278809 0.00739726 0.19552 0.0118138 0.0036455 0.0206377 
0.374901 0.306084 0.00499119 0.28515 0.0127901 0.00235736 0.0137268 
0.356333 0.354576 0.00511372 0.254039 0.0119731 0.00309275 0.0148725 
0.337633 0.318379 0.00591991 0.312818 0.0120844 0.00277114 0.0103943 
0.348286 0.410901 0.00364078 0.202775 0.0187513 0.00482154 0.0108243 
0.330616 0.456453 0.00379047 0.180263 0.0126118 0.00480697 0.0114592 
0.307314 0.513108 0.00328759 0.144713 0.0156463 0.0046898 0.0112411 
0.36438 0.462886 0.00426469 0.138643 0.0130758 0.00378545 0.0129652 
0.399761 0.427077 0.00546 0.141233 0.00925708 0.00435726 0.012855 
0.336758 0.459203 0.00404939 0.16929 0.014597 0.00340561 0.0126964 
0.407565 0.393635 0.00497391 0.166589 0.0110513 0.00468428 0.011502 
0.349722 0.454359 0.00454789 0.159979 0.0134767 0.005165 0.0127508 
0.317375 0.447354 0.00425232 0.200729 0.0147843 0.00414963 0.0113559 
0.329674 0.48211 0.00376343 0.150262 0.0165096 0.00487139 0.0128093 
0.429932 0.277985 0.00721037 0.263485 0.0090784 0.00278438 0.00952541 
0.490389 0.245734 0.00853734 0.234116 0.00811438 0.002958 0.0101509 
0.44984 0.35858 0.00734587 0.15937 0.00827778 0.00349944 0.0130864 
0.399472 0.438777 0.00546015 0.127243 0.012798 0.00346624 0.0127836 
0.46404 0.354771 0.00744106 0.147405 0.00977241 0.00319974 0.0133707 
0.456859 0.362178 0.00775921 0.144165 0.0104208 0.00333804 0.0152797 
0.495857 0.357374 0.00767788 0.111337 0.00960419 0.00351051 0.0146399 
0.493744 0.365525 0.00804614 0.103167 0.00784256 0.00445271 0.0172234 
0.503749 0.314738 0.00904285 0.148222 0.0067277 0.00434713 0.0131731 
0.511201 0.30781 0.00722878 0.146395 0.0103086 0.00396938 0.013087 
0.544011 0.321546 0.00629025 0.0974095 0.0125578 0.00413845 0.0140476 
0.525694 0.32521 0.00723809 0.109905 0.0113256 0.00361031 0.0170176 
0.513174 0.308225 0.00716353 0.143913 0.0107395 0.0027572 0.014027 
0.469622 0.416234 0.00558274 0.0738943 0.0139431 0.00352123 0.0172029 
0.428871 0.462809 0.00553284 0.0718153 0.00988783 0.00440781 0.0166767 
0.55006 0.330716 0.00760839 0.0806696 0.00897196 0.00424063 0.0177333 
0.620694 0.235587 0.0120119 0.0974421 0.00634115 0.00493361 0.0229907 
0.5887 0.26766 0.00892322 0.100096 0.00913947 0.00367607 0.0218053 
0.51692 0.34537 0.00969152 0.0952393 0.00557733 0.00650281 0.0206992 
0.484366 0.414449 0.00703904 0.0641709 0.0072304 0.0048011 0.0179427 
0.478898 0.371732 0.00858332 0.117217 0.00548443 0.00389965 0.014186 
0.508962 0.31277 0.00896275 0.149919 0.00525074 0.00416562 0.00997023 
0.501354 0.339078 0.00908702 0.127251 0.00633984 0.00412116 0.0127695 
0.519959 0.262199 0.0132042 0.189444 0.00404517 0.00256554 0.00858255 
0.475929 0.359544 0.00858003 0.138856 0.0057433 0.00259877 0.00874862 
0.533289 0.284493 0.0113547 0.147143 0.00595336 0.00425757 0.0135097 
0.434404 0.241251 0.0115558 0.294234 0.00412989 0.00445534 0.00996928 
0.442945 0.320165 0.00951169 0.206575 0.00570484 0.0037002 0.0113978 
0.427518 0.391424 0.00868114 0.146622 0.00583453 0.00495356 0.0149676 
0.432068 0.37242 0.00897873 0.166621 0.00524792 0.00383558 0.0108279 
0.45308 0.3383 0.00884272 0.180143 0.00584849 0.00324667 0.0105379 
0.841913 0.0288082 0.0295904 0.0634312 0.00318158 0.00226693 0.0308083 
0.871145 0.0248101 0.0288783 0.04294 0.00227576 0.00334313 0.0266072 
0.866562 0.0273847 0.030073 0.0442432 0.0019936 0.00357373 0.0261694 
0.852944 0.0247016 0.0290082 0.0609092 0.00270717 0.0026187 0.0271112 
0.83627 0.0225585 0.033627 0.0677623 0.00281957 0.0022486 0.0347137 
0.819356 0.0240092 0.0288224 0.0941862 0.00391694 0.00206837 0.0276404 
0.84703 0.0231862 0.0304564 0.0628486 0.00343361 0.00224317 0.0308019 
0.845573 0.0238605 0.0310784 0.0710455 0.00368127 0.0016881 0.0230731 
0.851203 0.0208053 0.0323232 0.0639914 0.00315846 0.00199224 0.0265268 
0.841433 0.0263996 0.0258643 0.0727485 0.00615812 0.00203451 0.0253617 
0.847563 0.0256074 0.0255875 0.069549 0.00502967 0.00289199 0.0237718 
0.838123 0.0228732 0.0250946 0.0893835 0.00534765 0.00197673 0.0172016 
0.820674 0.0313003 0.0210216 0.0967505 0.0101642 0.00178431 0.0183048 
0.848441 0.0290663 0.023564 0.0724315 0.00590929 0.0024358 0.0181521 
0.843571 0.028186 0.0261984 0.0721776 0.00510684 0.00262668 0.0221337 
0.825459 0.0409852 0.0227303 0.0772802 0.00919412 0.00226094 0.0220906 
0.79666 0.0302443 0.0211132 0.121215 0.0127509 0.00168419 0.0163332 
0.805475 0.0285734 0.0222506 0.105787 0.0133598 0.00176956 0.0227848 
0.820168 0.0260514 0.0245101 0.0923236 0.0123138 0.00183715 0.0227957 
0.829873 0.0211252 0.0241367 0.0925125 0.0108598 0.00141057 0.0200823 
0.830956 0.0222777 0.0283352 0.0821332 0.00877168 0.00132741 0.026199 
0.833089 0.0195416 0.0258247 0.0921117 0.00898385 0.00123424 0.0192154 
0.848214 0.0203575 0.0285159 0.0706557 0.00700865 0.0014199 0.0238284 
0.850548 0.0188017 0.0269885 0.0703692 0.00783343 0.00154929 0.0239103 
0.853876 0.02522 0.0229753 0.0693438 0.00827834 0.00145098 0.0188561 
0.837515 0.0220471 0.0255931 0.0831813 0.00846283 0.00143211 0.0217689 
0.842619 0.0200986 0.0257132 0.0747424 0.00884821 0.00130708 0.0266711 
0.8365 0.0175409 0.025178 0.0880179 0.0101176 0.00115333 0.0214919 
0.848761 0.0158902 0.0251503 0.0799074 0.00941612 0.00120938 0.019666 
0.853053 0.024619 0.0214367 0.0718607 0.00895786 0.00133985 0.018733 
0.860184 0.0241321 0.0194477 0.0648912 0.00924735 0.00168285 0.0204152 
0.860743 0.0222897 0.0239847 0.0509615 0.0089452 0.00172881 0.031347 
0.83992 0.0273169 0.03407 0.0137713 0.00199193 0.00339855 0.0795316 
0.86746 0.01153 0.0471148 0.0325547 0.00455998 0.0015313 0.0352493 
0.866404 0.0135952 0.0424199 0.0330187 0.00476676 0.00146184 0.0383336 
0.86813 0.0140161 0.0437483 0.0277775 0.00405834 0.0016973 0.0405728 
0.864451 0.0138628 0.0439782 0.0224696 0.00373063 0.00185285 0.0496548 
0.874146 0.0123588 0.0435247 0.0296912 0.0035968 0.00155501 0.0351276 
0.864653 0.0117599 0.0491567 0.0294368 0.00323807 0.00149765 0.0402576 
0.865568 0.0104599 0.0434396 0.0460718 0.00565079 0.00128404 0.0275259 
0.839775 0.00902883 0.054152 0.0401983 0.00433147 0.00155519 0.0509591 
0.841278 0.0101445 0.0517279 0.0511664 0.0043986 0.00153878 0.0397464 
0.837421 0.0112787 0.0424966 0.0643421 0.0055861 0.00155595 0.0373194 
0.864343 0.0110005 0.0469491 0.0277205 0.00397314 0.00186089 0.0441527 
0.857974 0.0104627 0.0474271 0.0452542 0.00341854 0.00136658 0.0340965 
0.864585 0.00974562 0.0488424 0.035062 0.00294834 0.00166597 0.0371503 
0.864438 0.0106595 0.0457804 0.0447369 0.00405113 0.00132598 0.029008 
0.859666 0.0123974 0.0406698 0.0527938 0.00625905 0.00116959 0.0270447 
0.850623 0.0101145 0.0471769 0.0492373 0.00443118 0.00154003 0.0368768 
0.869579 0.0116403 0.0419236 0.0396305 0.00497458 0.00147526 0.0307772 
0.865322 0.0112191 0.0444034 0.0296161 0.00493593 0.0017571 0.0427465 
0.859774 0.0114028 0.0446832 0.0360666 0.00421235 0.00139298 0.0424681 
0.865339 0.0127013 0.044082 0.0251452 0.00475353 0.00141866 0.0465598 
0.863664 0.0108401 0.0447139 0.0239989 0.00438827 0.00154945 0.0508452 
0.870921 0.0111497 0.0415696 0.0343434 0.00628025 0.00158471 0.0341515 
0.874681 0.0104961 0.0408927 0.0395857 0.00461976 0.00152665 0.0281979 
0.838247 0.00983823 0.0521864 0.0556512 0.00528871 0.00120294 0.0375852 
0.865381 0.0104217 0.049065 0.0351527 0.0046926 0.00132005 0.0339667 
0.857484 0.00990369 0.0542141 0.0375042 0.00355095 0.00123965 0.036103 
0.861021 0.0112008 0.0458525 0.0365574 0.00416968 0.00159389 0.039605 
0.864046 0.0116533 0.04583 0.014427 0.00267959 0.00268268 0.0586812 
0.890916 0.0117207 0.0381871 0.0208866 0.00253641 0.0024652 0.0332886 
0.891264 0.0117148 0.0349927 0.0358448 0.00398094 0.00206481 0.0201376 
0.837812 0.00926497 0.0514283 0.00730187 0.00158866 0.00490127 0.0877025 
0.883677 0.0111711 0.0330505 0.0453766 0.00424914 0.00156718 0.0209085 
0.837288 0.0112545 0.0469875 0.0202288 0.00280306 0.00232908 0.0791088 
0.851827 0.0110345 0.0499395 0.015503 0.00205561 0.00274118 0.066899 
