0.839304 0.0233914 0.0475862 0.0117191 0.00150841 0.0362697 0.0402214 
0.848556 0.0411384 0.0463386 0.0113655 0.00122131 0.0119817 0.039399 
0.84791 0.0223585 0.0575568 0.0144521 0.00154974 0.0115314 0.0446409 
0.794187 0.0188481 0.061917 0.00613163 0.00130658 0.01969 0.0979194 
0.832099 0.0250392 0.0473013 0.00787704 0.0021727 0.0184231 0.0670877 
0.82229 0.0332323 0.0476771 0.01055 0.00249311 0.0151895 0.0685679 
0.804071 0.0301668 0.0485903 0.0104711 0.00204783 0.0127751 0.0918774 
0.833764 0.0347448 0.0352932 0.010131 0.0025131 0.0238407 0.0597128 
0.840029 0.0282725 0.0404665 0.0105131 0.00249591 0.0189825 0.0592409 
0.845863 0.0343316 0.0372471 0.0145545 0.00313622 0.0100167 0.0548512 
0.828683 0.0343458 0.0485252 0.00826056 0.00197112 0.0109604 0.0672538 
0.833449 0.0221923 0.0547131 0.00908361 0.00187424 0.00815251 0.0705348 
0.856445 0.03571 0.0437751 0.0139177 0.00192277 0.0102582 0.0379714 
0.860874 0.0341636 0.0400759 0.0177957 0.00302395 0.00982299 0.0342436 
0.870503 0.0289608 0.0425669 0.0157032 0.00190434 0.00809022 0.0322718 
0.85454 0.0264253 0.0534892 0.0110864 0.00149245 0.00753905 0.0454275 
0.849644 0.0228861 0.0559723 0.0100768 0.00168059 0.00861874 0.0511215 
0.866566 0.0320656 0.0466371 0.016992 0.00179905 0.00686731 0.0290728 
0.73987 0.028585 0.0497098 0.00725867 0.00182708 0.0199911 0.152759 
0.820068 0.0463696 0.04402 0.0116073 0.00176257 0.0164679 0.0597048 
0.845486 0.0414371 0.0394037 0.00896667 0.00184966 0.0152159 0.0476405 
0.861346 0.0374059 0.0369293 0.00570724 0.00203801 0.0144432 0.0421302 
0.851388 0.0360789 0.0315885 0.00798541 0.00258728 0.0259752 0.0443968 
0.85265 0.0337817 0.0392151 0.00694322 0.0018679 0.0145774 0.050965 
0.854412 0.0356145 0.0266458 0.0116547 0.00555485 0.0250675 0.0410512 
0.832544 0.0242868 0.0387906 0.00530828 0.00271586 0.0158207 0.0805336 
0.825675 0.0209158 0.0482096 0.00779567 0.00121819 0.0104895 0.0856965 
0.789356 0.0396527 0.0399208 0.00788799 0.0026584 0.0086532 0.111871 
0.812604 0.026517 0.043099 0.00965897 0.00176883 0.0114238 0.0949285 
0.795601 0.0247529 0.0460533 0.00620288 0.00175754 0.015071 0.110562 
0.77939 0.0361757 0.0327898 0.00406811 0.00171293 0.0267115 0.119152 
0.791022 0.0359143 0.0391988 0.00814669 0.0022689 0.0158878 0.107562 
0.813513 0.0288579 0.0422095 0.00699127 0.00237098 0.0108369 0.0952209 
0.817639 0.0217424 0.0443281 0.00529318 0.00132782 0.0114465 0.0982231 
0.855412 0.0283779 0.0404159 0.0073291 0.0013784 0.0084635 0.0586229 
0.840148 0.0195741 0.0473544 0.00554922 0.00163321 0.00772204 0.0780187 
0.874083 0.0281359 0.0311489 0.0208394 0.00490871 0.00541494 0.0354696 
0.900492 0.0228364 0.033312 0.00868978 0.00239935 0.0102973 0.0219732 
0.846991 0.0213883 0.03536 0.00748529 0.00216344 0.0136852 0.0729271 
0.828641 0.0222775 0.0359664 0.00768552 0.00229894 0.0130649 0.0900656 
0.776485 0.0239496 0.0373687 0.00635535 0.00253825 0.0157642 0.137539 
0.814088 0.0214135 0.0399608 0.00630427 0.00195918 0.0163983 0.0998759 
0.845216 0.0233502 0.0397831 0.00778467 0.00240025 0.00811519 0.0733502 
0.822313 0.0215377 0.037536 0.00636836 0.00222954 0.0116268 0.0983884 
0.799997 0.0260607 0.0302837 0.00712049 0.00340461 0.0231856 0.109948 
0.825126 0.0179089 0.0408539 0.0100318 0.00193755 0.0131332 0.091009 
0.787437 0.0207588 0.0430298 0.00801772 0.00157703 0.0225377 0.116642 
0.807489 0.0254782 0.0359756 0.00901587 0.00301431 0.0191139 0.099913 
0.790735 0.0204911 0.0388771 0.00867296 0.0018213 0.0172868 0.122116 
0.760939 0.021961 0.0364318 0.00517275 0.00185138 0.0260199 0.147624 
0.821142 0.0259375 0.0373879 0.00584948 0.00168612 0.0151866 0.0928099 
0.801777 0.0263091 0.03577 0.00709445 0.00145152 0.0197977 0.1078 
0.747399 0.0206728 0.0468731 0.00481135 0.00113992 0.0136764 0.165427 
0.70816 0.0211329 0.0397175 0.00505571 0.00185624 0.0220057 0.202071 
0.772263 0.0225585 0.0398171 0.00530204 0.00126703 0.022524 0.136269 
0.693918 0.0249537 0.0472413 0.00375081 9.65711E-4 0.0316333 0.197537 
0.742179 0.0208928 0.0462817 0.004269 0.00115106 0.01742 0.167807 
0.734784 0.0175622 0.0466758 0.00407037 0.00123489 0.0247868 0.170886 
0.79918 0.0198585 0.0443438 0.00505649 0.00111524 0.0160098 0.114436 
0.848584 0.0208008 0.0403657 0.00607067 0.0014882 0.0154487 0.0672418 
0.820184 0.0248953 0.0357737 0.0098217 0.00205245 0.0167655 0.0905075 
0.7946 0.0249397 0.0411235 0.0085131 0.00143549 0.0108919 0.118496 
0.757237 0.0218772 0.042803 0.00603009 0.00167206 0.0128363 0.157544 
0.765778 0.0252409 0.0419119 0.00560125 0.00155939 0.0129222 0.146986 
0.811898 0.0263135 0.039375 0.00637883 0.00181363 0.0149604 0.0992602 
0.819957 0.0264735 0.0342425 0.0100077 0.00246879 0.0186504 0.0882004 
0.802151 0.0222566 0.0356377 0.00763658 0.00185246 0.0165457 0.11392 
0.800415 0.0266395 0.0393333 0.00478703 0.00149917 0.0153351 0.111991 
0.81984 0.0364249 0.0363461 0.00728258 0.00181231 0.0129318 0.0853625 
0.794002 0.0331897 0.0344641 0.00686635 0.00165581 0.017719 0.112103 
0.810537 0.0345675 0.0296499 0.00780453 0.00192271 0.0217692 0.0937492 
0.773481 0.0394584 0.030481 0.00764818 0.00214045 0.0355651 0.111226 
0.769491 0.0260849 0.0337515 0.00622007 0.00193298 0.0257417 0.136778 
0.73779 0.0285718 0.0367391 0.00524024 0.00181306 0.0169163 0.172929 
0.77666 0.0205052 0.0392745 0.00689906 0.00165907 0.0130231 0.14198 
0.8003 0.0267011 0.0365025 0.00540995 0.00126595 0.016117 0.113704 
0.809954 0.0223722 0.0393086 0.00392388 0.00226151 0.015641 0.106539 
0.827736 0.0203596 0.0397775 0.00432079 0.00183202 0.0228161 0.0831584 
0.858328 0.0243189 0.0407335 0.00767091 0.00205606 0.00841172 0.0584808 
0.810461 0.0170711 0.0497984 0.00497088 0.00129834 0.0149598 0.101441 
0.852616 0.0193024 0.048144 0.00836342 0.00146505 0.00692302 0.0631865 
0.828647 0.0207161 0.0511262 0.00755407 0.00146994 0.00770578 0.0827812 
0.86405 0.0211147 0.0363352 0.00605429 0.0016983 0.0177625 0.0529853 
0.839937 0.0253588 0.0473922 0.00516651 0.00155588 0.0153124 0.0652768 
0.872754 0.0222985 0.0445509 0.00548828 0.0010098 0.0143299 0.0395685 
0.840516 0.019416 0.0494891 0.00399618 0.00128826 0.013382 0.0719125 
0.814227 0.0245948 0.0487857 0.00400414 0.00167969 0.0167336 0.0899752 
0.844752 0.0183541 0.0452153 0.00350054 0.0012014 0.0219946 0.0649818 
0.834698 0.0220752 0.0421042 0.00704682 0.00165625 0.0171244 0.0752953 
0.837279 0.0257233 0.0445043 0.00722791 0.00164886 0.0147067 0.0689097 
0.848255 0.0285582 0.0335938 0.00929325 0.00335439 0.018425 0.0585199 
0.869553 0.0187238 0.0378118 0.00575151 0.00157658 0.0151701 0.0514129 
0.80411 0.0217289 0.0565197 0.00394953 7.89965E-4 0.0122847 0.100618 
0.797579 0.020932 0.0475537 0.00570026 0.00120103 0.0136793 0.113354 
0.787933 0.0239124 0.0590066 0.00501263 8.62827E-4 0.00839601 0.114877 
0.662344 0.0156643 0.0739721 0.00526877 8.9452E-4 0.00875071 0.233105 
0.754678 0.0145193 0.0620821 0.00421355 0.00121531 0.0105036 0.152788 
0.72247 0.0200675 0.0575941 0.00431421 0.00160848 0.0103439 0.183602 
0.734757 0.0274221 0.0485273 0.00410364 0.00128657 0.0133674 0.170535 
0.769156 0.0286198 0.0486621 0.00506727 0.00130618 0.0121479 0.135041 
0.698745 0.0308557 0.048271 0.00405998 0.00148516 0.016662 0.199922 
0.736021 0.023762 0.0594472 0.00669121 0.00134716 0.00756022 0.165171 
0.784874 0.0322304 0.0502765 0.00960854 0.00130382 0.00766254 0.114044 
0.805759 0.0404509 0.0429124 0.00744136 0.00189113 0.00916116 0.0923841 
0.825659 0.0348292 0.0380846 0.00683626 0.00232325 0.0101997 0.082068 
0.813664 0.0275838 0.0421528 0.00755732 0.00136182 0.0096822 0.0979978 
0.768375 0.0256974 0.0463612 0.00545557 0.00126861 0.0120731 0.140769 
0.836403 0.0334989 0.0383756 0.00716668 0.00204589 0.011352 0.0711575 
0.766257 0.0288851 0.0428793 0.00721036 0.00173431 0.0123985 0.140635 
0.828711 0.0311385 0.0417964 0.00822198 0.00224168 0.00960169 0.0782883 
0.787231 0.0168941 0.0564356 0.00726499 0.00144306 0.00828989 0.122441 
0.799745 0.0181727 0.0552788 0.00503587 0.00115574 0.0105454 0.110066 
0.840518 0.0240911 0.0403805 0.00784417 0.00254044 0.00732592 0.0772994 
0.832749 0.0252702 0.0447154 0.00748571 0.00170429 0.00908275 0.0789924 
0.763355 0.0270988 0.0506665 0.00547999 0.00149556 0.0101099 0.141794 
0.750863 0.0319533 0.0492521 0.00436558 0.00200594 0.0103071 0.151252 
0.676454 0.0276053 0.047809 0.00653239 0.00173697 0.00697167 0.23289 
0.819505 0.0202683 0.0487189 0.00669916 0.00135533 0.00544922 0.0980041 
0.842879 0.023938 0.04203 0.00769941 0.00122912 0.00915494 0.0730699 
0.792687 0.0200529 0.0504785 0.00660073 0.00103323 0.00844747 0.1207 
0.844412 0.0235334 0.0476744 0.00787395 9.52899E-4 0.0102004 0.0653534 
0.818579 0.0236076 0.0381782 0.00777341 0.00142454 0.0132208 0.0972161 
0.803363 0.0247165 0.0452839 0.0104146 0.00163542 0.0108663 0.10372 
0.707235 0.0199863 0.0649971 0.0075065 0.00104489 0.00734808 0.191882 
0.696502 0.0169269 0.0593285 0.00464164 0.00151538 0.0170727 0.204013 
0.705258 0.0150824 0.066154 0.00373592 0.00125978 0.0145408 0.193969 
0.750512 0.0180106 0.0526076 0.00353291 0.00110251 0.0213699 0.152865 
0.755975 0.0200877 0.0502131 0.00487804 0.00132093 0.0176216 0.149903 
0.754093 0.0191257 0.0484105 0.00561734 0.00167097 0.0114536 0.159629 
0.737253 0.0192938 0.0686533 0.00361421 7.24948E-4 0.0139878 0.156472 
0.743943 0.0202441 0.0566943 0.00386097 0.00116915 0.00828964 0.165798 
0.843216 0.0216546 0.0325831 0.00879998 0.00344079 0.0161885 0.0741168 
0.782255 0.0166028 0.0548353 0.00593004 0.00104496 0.0159333 0.123399 
0.747211 0.0149946 0.0629152 0.0046375 0.00104655 0.0145795 0.154616 
0.79418 0.0205052 0.0482624 0.0044984 0.00110771 0.0133065 0.11814 
0.713451 0.0166262 0.0647343 0.00442162 7.84273E-4 0.0138701 0.186113 
0.644413 0.0195184 0.0855426 0.0036264 9.35504E-4 0.00687691 0.239088 
0.752384 0.0213892 0.0575092 0.00512936 0.00122372 0.00829997 0.154065 
0.764462 0.0236952 0.0515425 0.00707592 0.00121034 0.00980033 0.142214 
0.829956 0.0182442 0.0489329 0.00789167 0.0011974 0.0101239 0.0836539 
0.698319 0.0181198 0.055467 0.00599263 0.0012711 0.0127172 0.208113 
0.704566 0.0204782 0.0468572 0.00644214 0.00164855 0.0160738 0.203934 
0.780918 0.0270627 0.0475138 0.00894467 0.00212425 0.00923357 0.124203 
0.81635 0.023927 0.0446388 0.011493 0.00178288 0.00703289 0.0947759 
0.790006 0.0319919 0.04841 0.012705 0.00164406 0.00506674 0.110177 
0.848576 0.0321019 0.0326908 0.0116091 0.00224816 0.00976111 0.063013 
0.83639 0.0273567 0.0327141 0.00870554 0.00228181 0.0162457 0.0763062 
0.820557 0.0240923 0.0347648 0.00977828 0.00319598 0.0136909 0.0939207 
0.822027 0.0292418 0.0388201 0.00956219 0.00234237 0.0131574 0.0848491 
0.814456 0.046177 0.0394463 0.015966 0.00262608 0.00696862 0.0743596 
0.827889 0.0311423 0.038841 0.00893017 0.00182272 0.00815744 0.0832176 
0.818213 0.0351211 0.0381517 0.010828 0.00187461 0.00848623 0.087325 
0.837429 0.0312596 0.0398778 0.0127003 0.00226761 0.00734363 0.0691223 
0.860165 0.027584 0.0411732 0.00961597 0.00159693 0.00554538 0.0543195 
0.84176 0.0286252 0.0421699 0.0104418 0.00167137 0.00697457 0.0683573 
0.830644 0.0297282 0.0393059 0.0105503 0.00287244 0.00832241 0.0785766 
0.806805 0.0248426 0.0500932 0.00700987 0.0014747 0.00825746 0.101517 
0.852097 0.0220749 0.0468167 0.0140069 0.00180864 0.00584851 0.0573478 
0.803536 0.0409092 0.0394112 0.0132823 0.00273311 0.0070896 0.0930391 
0.812627 0.0217988 0.0427728 0.00809834 0.00233476 0.00916469 0.103204 
0.826322 0.0424855 0.0331668 0.0128652 0.00330532 0.0092746 0.07258 
0.793156 0.0318528 0.0369415 0.00639946 0.00267154 0.0105835 0.118395 
0.800524 0.0309216 0.0342842 0.00887225 0.00330541 0.00845398 0.113639 
0.713447 0.028995 0.045914 0.00495055 0.00175343 0.0123013 0.192639 
0.710102 0.0399525 0.0454509 0.00662691 0.00147889 0.0132812 0.183108 
0.639346 0.0295902 0.0389069 0.00485918 0.00216294 0.0268964 0.258239 
0.702628 0.0190092 0.0492034 0.00498327 0.00148379 0.0128091 0.209883 
0.78489 0.018466 0.054394 0.00518338 0.0012714 0.00828998 0.127505 
0.852088 0.0276421 0.033195 0.0098569 0.00358383 0.00894713 0.0646868 
0.775978 0.019434 0.0447722 0.00696237 0.00190006 0.0104126 0.14054 
0.807758 0.0164202 0.0518297 0.00709717 0.00170627 0.00739749 0.107791 
0.73108 0.0176861 0.0590582 0.00440049 0.00136828 0.0132965 0.173111 
0.725231 0.0186012 0.0566709 0.00374 0.00113122 0.0136022 0.181024 
0.631496 0.0179684 0.0629858 0.0031437 0.00135891 0.0182162 0.264831 
0.730512 0.0279659 0.0638751 0.00383581 0.00104985 0.0134203 0.159341 
0.717736 0.019113 0.0644703 0.00349134 0.00120378 0.0151601 0.178825 
0.718928 0.0213747 0.0545247 0.00429149 0.00186428 0.0154503 0.183567 
0.763219 0.0157383 0.0492221 0.00556936 0.00235342 0.0175773 0.14632 
0.759546 0.0185399 0.0502235 0.00490076 0.00155117 0.01741 0.147829 
0.675202 0.0196639 0.0590186 0.00447572 0.00159306 0.0132839 0.226762 
0.730761 0.0209496 0.0451249 0.00425863 0.00183039 0.0182579 0.178818 
0.8024 0.0182523 0.0391832 0.00584741 0.00261778 0.0128835 0.118816 
0.790291 0.0293929 0.0381096 0.00768358 0.00192188 0.0119587 0.120642 
0.691164 0.0209536 0.0463594 0.00533785 0.00314596 0.0127791 0.22026 
0.763954 0.0295444 0.0396848 0.00590171 0.00303594 0.011935 0.145944 
0.703479 0.0206274 0.0470268 0.00555438 0.00183981 0.0122741 0.209198 
0.817267 0.0273813 0.0371882 0.00792882 0.00261127 0.0103196 0.0973037 
0.785371 0.0279235 0.0458758 0.00766888 0.00169621 0.00942306 0.122041 
0.804424 0.0225978 0.0433103 0.00811781 0.00217395 0.00886697 0.110509 
0.813121 0.0312377 0.0480854 0.00814858 0.00162598 0.00592005 0.091861 
0.812903 0.0296689 0.0424551 0.00881512 0.00183004 0.00907016 0.0952573 
0.858891 0.0319086 0.0369536 0.0151197 0.00330837 0.00606417 0.0477544 
0.822604 0.0353988 0.0424526 0.0145438 0.00223356 0.00846318 0.0743045 
0.802584 0.027909 0.0557576 0.0116047 0.00125667 0.00590954 0.0949782 
0.84992 0.0237256 0.0467711 0.00850052 0.00147379 0.008285 0.0613242 
0.787358 0.0280436 0.0525335 0.00971111 0.00132707 0.00534505 0.115682 
0.773877 0.0349702 0.0454639 0.00739858 0.00158464 0.0096131 0.127092 
0.801745 0.0315803 0.0346365 0.00759536 0.00201639 0.012689 0.109738 
0.804872 0.0340554 0.0346227 0.00903663 0.0028421 0.0106301 0.103941 
0.791764 0.0276589 0.0403912 0.00666824 0.00233113 0.00810454 0.123082 
0.795713 0.024497 0.039716 0.00981042 0.00176866 0.00724978 0.121245 
0.766595 0.0336496 0.0443593 0.00922992 0.00150756 0.00573964 0.138919 
0.774902 0.0274172 0.0375875 0.00875635 0.00199069 0.00953089 0.139816 
0.807979 0.0245959 0.0472005 0.00453857 0.0010329 0.0108561 0.103797 
0.801091 0.0230554 0.0471442 0.00574366 0.00135445 0.00831639 0.113295 
0.763604 0.0249348 0.0460258 0.00460862 9.86769E-4 0.0187433 0.141097 
0.847768 0.0298161 0.0497032 0.0099086 0.00115688 0.017782 0.0438655 
0.651897 0.023777 0.0761354 0.00208752 0.00115977 0.12816 0.116783 
0.736571 0.0335665 0.0465457 0.00193964 0.00296109 0.0686755 0.10974 
0.758317 0.0534889 0.072743 0.00186177 0.00230669 0.0144086 0.0968742 
0.777112 0.0465517 0.0567538 0.00159114 0.00252212 0.0303984 0.0850712 
0.723464 0.0460984 0.0828424 7.49534E-4 0.00169163 0.058478 0.0866764 
0.790093 0.0390287 0.0595258 0.00128072 0.00351224 0.0419229 0.0646367 
0.799021 0.0563105 0.0502199 0.00163622 0.00193756 0.0401307 0.0507436 
0.816103 0.0868004 0.0332974 0.0080797 0.00406107 0.0162118 0.0354467 
0.798905 0.0741477 0.0231149 0.0368085 0.00732895 0.0247881 0.0349073 
0.737551 0.130938 0.0174002 0.0740008 0.0113506 0.00891914 0.0198407 
0.710222 0.147952 0.0171166 0.0837473 0.0120688 0.00954578 0.0193477 
0.790788 0.0856653 0.0234175 0.0360583 0.00659348 0.0148159 0.0426612 
0.788348 0.0838294 0.0245507 0.0383969 0.00605435 0.0120284 0.0467926 
0.753042 0.123412 0.0152604 0.0540369 0.0149945 0.0132953 0.0259585 
0.809061 0.0721939 0.029611 0.0393582 0.00486688 0.0127703 0.0321392 
0.817854 0.071995 0.0269184 0.0447617 0.00536646 0.00739248 0.0257118 
0.786279 0.0824575 0.0254041 0.0693318 0.00631835 0.00740123 0.0228077 
0.80307 0.102632 0.0239666 0.0237505 0.00814684 0.0108482 0.0275858 
0.812183 0.0678477 0.0309395 0.0291307 0.00447021 0.0143381 0.0410904 
0.797785 0.065344 0.0281147 0.0577885 0.00671897 0.00681196 0.0374367 
0.79384 0.0375238 0.0410273 0.027876 0.00272124 0.00555014 0.0914618 
0.846463 0.0407467 0.0301809 0.0117545 0.00656952 0.014096 0.0501896 
0.856432 0.0385742 0.0308373 0.0162186 0.00501364 0.00925644 0.0436674 
0.855471 0.0259582 0.0373834 0.0115946 0.00331679 0.00619638 0.0600799 
0.847676 0.0217391 0.0367392 0.00783408 0.00415918 0.00817327 0.0736789 
0.863065 0.0280084 0.0390594 0.00700968 0.00317568 0.00651171 0.0531701 
0.875185 0.0230337 0.040737 0.00694789 0.00283449 0.00583449 0.0454277 
0.875543 0.0209608 0.0423055 0.0109297 0.00410527 0.00471781 0.0414377 
0.869382 0.0265078 0.041374 0.00943706 0.00248672 0.00505609 0.0457561 
0.87437 0.0229584 0.0386531 0.00895089 0.00231876 0.00808582 0.0446626 
0.863145 0.024671 0.0353922 0.00893701 0.00359009 0.00977515 0.0544898 
0.84926 0.0278729 0.0402018 0.00688279 0.00238396 0.00696913 0.066429 
0.842359 0.0313217 0.0391091 0.00836059 0.00239043 0.00682817 0.069631 
0.842392 0.0238731 0.0428266 0.00829069 0.00217662 0.00709537 0.0733455 
0.810651 0.0272607 0.0441979 0.00567883 0.00186953 0.0132385 0.097103 
0.832471 0.0285456 0.0420592 0.0095383 0.00280881 0.0096426 0.0749346 
0.822676 0.0199784 0.0468062 0.00677039 0.00190554 0.0114653 0.0903983 
0.841977 0.0217512 0.0426383 0.00782877 0.00233476 0.0103315 0.0731387 
0.746117 0.0231402 0.0488672 0.00478468 0.00275458 0.0124288 0.161908 
0.854205 0.0271595 0.0428275 0.00814439 0.00282323 0.00669452 0.0581463 
0.781465 0.0238705 0.0537688 0.0053085 0.00269215 0.00811004 0.124785 
0.852083 0.0229926 0.0496231 0.00423199 0.00157964 0.00836994 0.0611198 
0.883271 0.0275152 0.0339087 0.00504856 0.00308867 0.0079764 0.0391913 
0.861768 0.0228858 0.0387499 0.00462869 0.00229806 0.00792743 0.0617417 
0.864471 0.0507471 0.0289315 0.00721171 0.00442976 0.00959317 0.0346154 
0.855533 0.0600646 0.0209605 0.00755784 0.0075039 0.0170845 0.0312958 
0.872553 0.0507581 0.026183 0.0158685 0.00402269 0.00521707 0.0253974 
0.877004 0.0397616 0.0292652 0.00849319 0.00309979 0.00798641 0.0343897 
0.869 0.0359537 0.0338419 0.00608974 0.00296941 0.0137895 0.0383562 
0.837609 0.0396879 0.0382504 0.00635364 0.0026422 0.0109205 0.0645366 
0.835781 0.0301577 0.0403572 0.00535282 0.00259336 0.0154042 0.0703536 
0.780451 0.0256611 0.0473629 0.00458391 0.00224802 0.0129527 0.12674 
0.831396 0.0286117 0.0431658 0.0055591 0.00279804 0.0101553 0.0783145 
0.829155 0.0292643 0.0409582 0.00815437 0.00229142 0.00913619 0.0810404 
0.809908 0.0238323 0.047591 0.00681473 0.00308852 0.00558251 0.103183 
0.831238 0.0294669 0.0437949 0.00663692 0.00233306 0.0101333 0.0763973 
0.840639 0.030331 0.0374372 0.00510872 0.0023206 0.0103461 0.0738175 
0.856856 0.0287886 0.0432519 0.00675989 0.00193423 0.00707504 0.0553346 
0.84059 0.0331267 0.0367404 0.00472464 0.00241097 0.0152751 0.0671321 
0.815561 0.0428426 0.0342011 0.0068291 0.00263078 0.00981915 0.0881165 
0.857005 0.0375901 0.0347954 0.00876648 0.00332489 0.00684326 0.0516745 
0.842896 0.0360414 0.0356436 0.00907903 0.00240982 0.0113033 0.0626267 
0.862312 0.0340397 0.030931 0.0100912 0.00323615 0.0111644 0.0482258 
0.831978 0.0256937 0.0375342 0.00616472 0.00259688 0.0131676 0.0828644 
0.86254 0.0264805 0.0429291 0.00738559 0.00189091 0.00888433 0.0498899 
0.847704 0.0371811 0.0378897 0.00822875 0.0021652 0.0104159 0.0564156 
0.843203 0.0462549 0.0393885 0.00954992 0.00270197 0.00754502 0.0513562 
0.828567 0.0275645 0.0448532 0.00589314 0.00192075 0.00647646 0.0847248 
0.764431 0.0266646 0.0555267 0.00432548 0.00175213 0.00901385 0.138286 
0.779745 0.0262232 0.0473701 0.00495898 0.00180144 0.00890821 0.130993 
0.815957 0.0289712 0.0457222 0.00520282 0.00291251 0.00646377 0.0947701 
0.805342 0.0262585 0.0413523 0.00612811 0.00267467 0.0103779 0.107866 
0.678833 0.0241293 0.0532844 0.00446375 0.00165532 0.0125557 0.225079 
0.775559 0.0237703 0.051488 0.00379584 0.00158778 0.0157555 0.128044 
0.645382 0.0256288 0.0521305 0.0037369 0.00221772 0.0170732 0.253831 
0.679315 0.0326532 0.0435388 0.00411784 0.00364219 0.0146857 0.222047 
0.850754 0.0321197 0.0345501 0.00645362 0.00321476 0.0109711 0.0619371 
0.822681 0.045563 0.0290845 0.00685425 0.00467069 0.0128301 0.0783169 
0.816037 0.0455296 0.0344828 0.0100594 0.00513795 0.0084187 0.0803346 
0.822448 0.0273539 0.0355811 0.00683793 0.00298018 0.012374 0.0924249 
0.81374 0.0209056 0.0478629 0.00519237 0.00181599 0.0084356 0.102047 
0.839161 0.0219941 0.0461994 0.00599752 0.00261088 0.00470451 0.0793327 
0.760157 0.0204543 0.0546083 0.00395653 0.00144584 0.0156932 0.143685 
0.738433 0.0238459 0.0562256 0.00372342 0.00129812 0.00951191 0.166962 
0.80652 0.0175344 0.0522402 0.00378832 0.00163373 0.00832475 0.109958 
0.825273 0.0224571 0.0430174 0.00403988 0.00234617 0.0103702 0.0924966 
0.706058 0.0276709 0.0524606 0.00445998 0.00210186 0.00715269 0.200096 
0.721556 0.0223314 0.0585622 0.00447507 0.00208216 0.00963652 0.181357 
0.759611 0.0226628 0.0534619 0.00596366 0.00162872 0.00635721 0.150315 
0.830016 0.0251315 0.0393579 0.0102761 0.00342391 0.00638782 0.0854068 
0.811022 0.0265301 0.0387687 0.00993787 0.00364831 0.0074135 0.102679 
0.761965 0.0277731 0.0457028 0.00719497 0.00240215 0.0116779 0.143284 
0.801313 0.029107 0.05124 0.0110975 0.0027256 0.00452551 0.0999916 
0.845554 0.0290534 0.0414031 0.00905236 0.00276821 0.00741367 0.0647556 
0.826863 0.0251177 0.0414072 0.00651485 0.00265842 0.00906001 0.0883785 
0.81116 0.0219514 0.0430062 0.00774621 0.00296909 0.0104456 0.102721 
0.801769 0.0263183 0.0421033 0.00745074 0.00298591 0.0101637 0.109209 
0.804818 0.0245016 0.0502389 0.00721817 0.00304734 0.00574451 0.104432 
0.797588 0.0240396 0.0471977 0.00432559 0.0032285 0.0099412 0.11368 
0.769626 0.0267251 0.0499491 0.00553965 0.00235863 0.00692155 0.13888 
0.756206 0.030074 0.0492549 0.0056107 0.00199523 0.00934471 0.147514 
0.771631 0.030785 0.044411 0.00696744 0.00284286 0.00674401 0.136619 
0.805693 0.0224025 0.0482501 0.00607355 0.00235171 0.00649234 0.108737 
0.835785 0.0275435 0.0432554 0.00591701 0.00208399 0.00768021 0.0777348 
0.815518 0.0259815 0.0476809 0.00528482 0.00215699 0.00776049 0.0956176 
0.784046 0.0218247 0.0522185 0.00407703 0.00203961 0.0107617 0.125032 
0.806785 0.0213156 0.0482714 0.00538965 0.00212531 0.00910514 0.107008 
0.763035 0.0190481 0.0623895 0.00483575 0.00142592 0.00697646 0.142289 
0.745905 0.0227877 0.0551473 0.0048752 0.00118359 0.00849334 0.161608 
0.741684 0.0231148 0.0528239 0.00408144 0.00142228 0.0140002 0.162874 
0.787073 0.0188747 0.0474621 0.0057436 0.00199077 0.0121331 0.126722 
0.752355 0.0247344 0.0526981 0.00458421 0.00172621 0.0101563 0.153745 
0.789742 0.0215508 0.0566255 0.0045877 0.00122332 0.00997567 0.116296 
0.745613 0.0205339 0.0575278 0.00579727 0.00153014 0.00874365 0.160254 
0.755115 0.0239231 0.0590552 0.00441045 0.00127212 0.0101719 0.146052 
0.758243 0.0261606 0.0497208 0.00576591 0.00285276 0.00977973 0.147477 
0.837773 0.0223627 0.0386626 0.00711446 0.00346463 0.0138419 0.0767809 
0.788056 0.0213884 0.0468914 0.00768153 0.0031501 0.00918837 0.123645 
0.749947 0.0216518 0.0515589 0.00498555 0.00183874 0.0112078 0.15881 
0.72858 0.0216686 0.0471333 0.0070089 0.00174728 0.0121335 0.181728 
0.745848 0.0223333 0.0449251 0.0077899 0.00216902 0.00910952 0.167825 
0.80352 0.0249533 0.0482849 0.00643241 0.00167963 0.00720738 0.107923 
0.633299 0.0174166 0.0854915 0.00376273 8.22426E-4 0.00762139 0.251586 
0.709969 0.0174587 0.077491 0.00365119 9.11803E-4 0.00656915 0.183949 
0.762448 0.027436 0.0571217 0.00423504 0.00121087 0.0108465 0.136702 
0.715536 0.019889 0.0635992 0.00402878 0.00124107 0.0138075 0.181898 
0.749823 0.0221697 0.0610271 0.00412507 0.00183351 0.00898915 0.152032 
0.750202 0.0208775 0.0579643 0.00334765 0.00259376 0.0113885 0.153626 
0.789469 0.0202703 0.0568499 0.00423147 0.00217897 0.00878594 0.118215 
0.774117 0.017812 0.0646952 0.0041778 0.00115963 0.00922931 0.128809 
0.766778 0.0158403 0.0693297 0.00356448 9.72653E-4 0.01128 0.132235 
0.770924 0.0201509 0.0532611 0.00355408 0.00114555 0.0112218 0.139742 
0.78998 0.0218497 0.0559396 0.00442398 0.00153694 0.00931371 0.116957 
0.806718 0.0242106 0.0574335 0.00459215 0.0015503 0.00554817 0.0999472 
0.816567 0.0289404 0.0504047 0.00714554 0.00165663 0.00624789 0.0890377 
0.806806 0.0194737 0.056596 0.00600123 0.00147769 0.0066925 0.102953 
0.771609 0.0232652 0.0537833 0.00523105 0.00201338 0.00721221 0.136886 
0.816351 0.0266437 0.0420049 0.0062284 0.00302423 0.00687558 0.0988717 
0.830037 0.0310561 0.0474571 0.00390804 0.00149258 0.00744286 0.0786059 
0.780466 0.0218816 0.0582448 0.00403406 0.00144859 0.00813855 0.125787 
0.775418 0.0199033 0.0608889 0.00359973 0.00143006 0.00917657 0.129584 
0.800762 0.0237352 0.0475983 0.00365747 0.00229452 0.0169378 0.105015 
0.749167 0.0215718 0.0497087 0.00423799 0.00274232 0.014004 0.158568 
0.810652 0.0190645 0.0531818 0.00392522 0.00246621 0.00874497 0.101966 
0.778846 0.0215986 0.0540786 0.00391113 0.002007 0.0101395 0.129419 
0.799619 0.0224103 0.0563743 0.00478478 0.00134096 0.00673949 0.108731 
0.809883 0.0195292 0.0442581 0.00466319 0.00197852 0.0153524 0.104336 
0.809541 0.0244905 0.0466653 0.00420879 0.00156916 0.0135449 0.0999803 
0.781105 0.020529 0.0518038 0.00406675 0.0013526 0.0121204 0.129023 
0.815064 0.0189322 0.0444389 0.00748316 0.00223894 0.0072783 0.104565 
0.839747 0.0152636 0.0486378 0.00525057 0.00212524 0.00792231 0.081053 
0.883713 0.0204185 0.0465649 0.00458013 0.00204621 0.022827 0.0198499 
0.392641 0.032656 0.0556357 0.00143543 0.00146963 0.495553 0.0206097 
0.441447 0.0449285 0.0620053 0.00127757 0.00188298 0.430523 0.0179349 
0.773507 0.016541 0.0610997 0.00594188 0.00363471 0.0696898 0.0695862 
0.704225 0.0232566 0.0592891 0.00514922 0.00334075 0.129848 0.0748909 
0.716093 0.0251022 0.0507542 0.00427182 0.00336639 0.139136 0.0612769 
0.774839 0.0224227 0.0521897 0.00399351 0.00213266 0.0999915 0.0444308 
0.803691 0.0310943 0.0436317 0.00288355 0.00245336 0.0750768 0.0411693 
0.79429 0.034702 0.0466631 0.00330214 0.00247454 0.0737064 0.0448619 
0.711629 0.0203365 0.0645793 0.00200059 0.00250791 0.0413013 0.157645 
0.729272 0.0180038 0.0600767 0.00352269 0.00201623 0.0292847 0.157824 
0.781823 0.0207204 0.0547358 0.00252199 0.00168246 0.037782 0.100735 
0.788984 0.0223492 0.0508254 0.00390015 0.00223298 0.0310691 0.100639 
0.766199 0.0190737 0.0549698 0.00290086 0.00168937 0.0310039 0.124163 
0.669621 0.0204791 0.0557076 0.00347243 0.00159771 0.0433752 0.205747 
0.781546 0.0244146 0.0423611 0.00374436 0.00203361 0.0345987 0.111302 
0.728995 0.0155592 0.0660354 0.00293634 0.00177029 0.0170524 0.167652 
0.78014 0.0164037 0.0618657 0.00426131 0.00186614 0.0110243 0.124439 
0.848249 0.016694 0.052255 0.00411931 0.00271084 0.014689 0.061283 
0.760466 0.0207466 0.061819 0.00316807 0.00174367 0.0118095 0.140247 
0.745014 0.0236091 0.0550223 0.00312904 0.0024491 0.0178095 0.152967 
0.815012 0.026307 0.0482174 0.00356428 0.00239466 0.0123523 0.0921526 
0.838323 0.0310111 0.0430569 0.00460083 0.00285228 0.0107699 0.0693856 
0.836498 0.0250151 0.0354907 0.00488428 0.0033027 0.0179938 0.0768151 
0.790884 0.025031 0.0404198 0.00498021 0.00185554 0.0184561 0.118373 
0.867452 0.02896 0.0351327 0.00585484 0.00267225 0.0103999 0.0495284 
0.846463 0.0407467 0.0301809 0.0117545 0.00656952 0.014096 0.0501896 
0.856432 0.0385742 0.0308373 0.0162186 0.00501364 0.00925644 0.0436674 
0.855471 0.0259582 0.0373834 0.0115946 0.00331679 0.00619638 0.0600799 
0.847676 0.0217391 0.0367392 0.00783408 0.00415918 0.00817327 0.0736789 
0.863065 0.0280084 0.0390594 0.00700968 0.00317568 0.00651171 0.0531701 
0.875185 0.0230337 0.040737 0.00694789 0.00283449 0.00583449 0.0454277 
0.875543 0.0209608 0.0423055 0.0109297 0.00410527 0.00471781 0.0414377 
0.869382 0.0265078 0.041374 0.00943706 0.00248672 0.00505609 0.0457561 
0.87437 0.0229584 0.0386531 0.00895089 0.00231876 0.00808582 0.0446626 
0.863145 0.024671 0.0353922 0.00893701 0.00359009 0.00977515 0.0544898 
0.84926 0.0278729 0.0402018 0.00688279 0.00238396 0.00696913 0.066429 
0.842359 0.0313217 0.0391091 0.00836059 0.00239043 0.00682817 0.069631 
0.842392 0.0238731 0.0428266 0.00829069 0.00217662 0.00709537 0.0733455 
0.810651 0.0272607 0.0441979 0.00567883 0.00186953 0.0132385 0.097103 
0.832471 0.0285456 0.0420592 0.0095383 0.00280881 0.0096426 0.0749346 
0.822676 0.0199784 0.0468062 0.00677039 0.00190554 0.0114653 0.0903983 
0.841977 0.0217512 0.0426383 0.00782877 0.00233476 0.0103315 0.0731387 
0.746117 0.0231402 0.0488672 0.00478468 0.00275458 0.0124288 0.161908 
0.854205 0.0271595 0.0428275 0.00814439 0.00282323 0.00669452 0.0581463 
0.781465 0.0238705 0.0537688 0.0053085 0.00269215 0.00811004 0.124785 
0.852083 0.0229926 0.0496231 0.00423199 0.00157964 0.00836994 0.0611198 
0.883271 0.0275152 0.0339087 0.00504856 0.00308867 0.0079764 0.0391913 
0.861768 0.0228858 0.0387499 0.00462869 0.00229806 0.00792743 0.0617417 
0.864471 0.0507471 0.0289315 0.00721171 0.00442976 0.00959317 0.0346154 
0.855533 0.0600646 0.0209605 0.00755784 0.0075039 0.0170845 0.0312958 
0.872553 0.0507581 0.026183 0.0158685 0.00402269 0.00521707 0.0253974 
0.877004 0.0397616 0.0292652 0.00849319 0.00309979 0.00798641 0.0343897 
0.869 0.0359537 0.0338419 0.00608974 0.00296941 0.0137895 0.0383562 
0.837609 0.0396879 0.0382504 0.00635364 0.0026422 0.0109205 0.0645366 
0.835781 0.0301577 0.0403572 0.00535282 0.00259336 0.0154042 0.0703536 
0.780451 0.0256611 0.0473629 0.00458391 0.00224802 0.0129527 0.12674 
0.831396 0.0286117 0.0431658 0.0055591 0.00279804 0.0101553 0.0783145 
0.829155 0.0292643 0.0409582 0.00815437 0.00229142 0.00913619 0.0810404 
0.809908 0.0238323 0.047591 0.00681473 0.00308852 0.00558251 0.103183 
0.831238 0.0294669 0.0437949 0.00663692 0.00233306 0.0101333 0.0763973 
0.840639 0.030331 0.0374372 0.00510872 0.0023206 0.0103461 0.0738175 
0.856856 0.0287886 0.0432519 0.00675989 0.00193423 0.00707504 0.0553346 
0.84059 0.0331267 0.0367404 0.00472464 0.00241097 0.0152751 0.0671321 
0.815561 0.0428426 0.0342011 0.0068291 0.00263078 0.00981915 0.0881165 
0.857005 0.0375901 0.0347954 0.00876648 0.00332489 0.00684326 0.0516745 
0.842896 0.0360414 0.0356436 0.00907903 0.00240982 0.0113033 0.0626267 
0.862312 0.0340397 0.030931 0.0100912 0.00323615 0.0111644 0.0482258 
0.831978 0.0256937 0.0375342 0.00616472 0.00259688 0.0131676 0.0828644 
0.86254 0.0264805 0.0429291 0.00738559 0.00189091 0.00888433 0.0498899 
0.847704 0.0371811 0.0378897 0.00822875 0.0021652 0.0104159 0.0564156 
0.843203 0.0462549 0.0393885 0.00954992 0.00270197 0.00754502 0.0513562 
0.828567 0.0275645 0.0448532 0.00589314 0.00192075 0.00647646 0.0847248 
0.764431 0.0266646 0.0555267 0.00432548 0.00175213 0.00901385 0.138286 
0.779745 0.0262232 0.0473701 0.00495898 0.00180144 0.00890821 0.130993 
0.815957 0.0289712 0.0457222 0.00520282 0.00291251 0.00646377 0.0947701 
0.805342 0.0262585 0.0413523 0.00612811 0.00267467 0.0103779 0.107866 
0.678833 0.0241293 0.0532844 0.00446375 0.00165532 0.0125557 0.225079 
0.775559 0.0237703 0.051488 0.00379584 0.00158778 0.0157555 0.128044 
0.645382 0.0256288 0.0521305 0.0037369 0.00221772 0.0170732 0.253831 
0.679315 0.0326532 0.0435388 0.00411784 0.00364219 0.0146857 0.222047 
0.850754 0.0321197 0.0345501 0.00645362 0.00321476 0.0109711 0.0619371 
0.822681 0.045563 0.0290845 0.00685425 0.00467069 0.0128301 0.0783169 
0.816037 0.0455296 0.0344828 0.0100594 0.00513795 0.0084187 0.0803346 
0.822448 0.0273539 0.0355811 0.00683793 0.00298018 0.012374 0.0924249 
0.81374 0.0209056 0.0478629 0.00519237 0.00181599 0.0084356 0.102047 
0.839161 0.0219941 0.0461994 0.00599752 0.00261088 0.00470451 0.0793327 
0.760157 0.0204543 0.0546083 0.00395653 0.00144584 0.0156932 0.143685 
0.738433 0.0238459 0.0562256 0.00372342 0.00129812 0.00951191 0.166962 
0.80652 0.0175344 0.0522402 0.00378832 0.00163373 0.00832475 0.109958 
0.825273 0.0224571 0.0430174 0.00403988 0.00234617 0.0103702 0.0924966 
0.706058 0.0276709 0.0524606 0.00445998 0.00210186 0.00715269 0.200096 
0.721556 0.0223314 0.0585622 0.00447507 0.00208216 0.00963652 0.181357 
0.759611 0.0226628 0.0534619 0.00596366 0.00162872 0.00635721 0.150315 
0.830016 0.0251315 0.0393579 0.0102761 0.00342391 0.00638782 0.0854068 
0.811022 0.0265301 0.0387687 0.00993787 0.00364831 0.0074135 0.102679 
0.761965 0.0277731 0.0457028 0.00719497 0.00240215 0.0116779 0.143284 
0.801313 0.029107 0.05124 0.0110975 0.0027256 0.00452551 0.0999916 
0.845554 0.0290534 0.0414031 0.00905236 0.00276821 0.00741367 0.0647556 
0.826863 0.0251177 0.0414072 0.00651485 0.00265842 0.00906001 0.0883785 
0.81116 0.0219514 0.0430062 0.00774621 0.00296909 0.0104456 0.102721 
0.801769 0.0263183 0.0421033 0.00745074 0.00298591 0.0101637 0.109209 
0.804818 0.0245016 0.0502389 0.00721817 0.00304734 0.00574451 0.104432 
0.797588 0.0240396 0.0471977 0.00432559 0.0032285 0.0099412 0.11368 
0.769626 0.0267251 0.0499491 0.00553965 0.00235863 0.00692155 0.13888 
0.756206 0.030074 0.0492549 0.0056107 0.00199523 0.00934471 0.147514 
0.771631 0.030785 0.044411 0.00696744 0.00284286 0.00674401 0.136619 
0.805693 0.0224025 0.0482501 0.00607355 0.00235171 0.00649234 0.108737 
0.835785 0.0275435 0.0432554 0.00591701 0.00208399 0.00768021 0.0777348 
0.815518 0.0259815 0.0476809 0.00528482 0.00215699 0.00776049 0.0956176 
0.784046 0.0218247 0.0522185 0.00407703 0.00203961 0.0107617 0.125032 
0.816567 0.0289404 0.0504047 0.00714554 0.00165663 0.00624789 0.0890377 
0.806806 0.0194737 0.056596 0.00600123 0.00147769 0.0066925 0.102953 
0.771609 0.0232652 0.0537833 0.00523105 0.00201338 0.00721221 0.136886 
0.816351 0.0266437 0.0420049 0.0062284 0.00302423 0.00687558 0.0988717 
0.830037 0.0310561 0.0474571 0.00390804 0.00149258 0.00744286 0.0786059 
0.780466 0.0218816 0.0582448 0.00403406 0.00144859 0.00813855 0.125787 
0.775418 0.0199033 0.0608889 0.00359973 0.00143006 0.00917657 0.129584 
0.800762 0.0237352 0.0475983 0.00365747 0.00229452 0.0169378 0.105015 
0.749167 0.0215718 0.0497087 0.00423799 0.00274232 0.014004 0.158568 
0.810652 0.0190645 0.0531818 0.00392522 0.00246621 0.00874497 0.101966 
0.778846 0.0215986 0.0540786 0.00391113 0.002007 0.0101395 0.129419 
0.799619 0.0224103 0.0563743 0.00478478 0.00134096 0.00673949 0.108731 
0.809883 0.0195292 0.0442581 0.00466319 0.00197852 0.0153524 0.104336 
0.809541 0.0244905 0.0466653 0.00420879 0.00156916 0.0135449 0.0999803 
0.781105 0.020529 0.0518038 0.00406675 0.0013526 0.0121204 0.129023 
0.815064 0.0189322 0.0444389 0.00748316 0.00223894 0.0072783 0.104565 
0.839747 0.0152636 0.0486378 0.00525057 0.00212524 0.00792231 0.081053 
0.883713 0.0204185 0.0465649 0.00458013 0.00204621 0.022827 0.0198499 
0.392641 0.032656 0.0556357 0.00143543 0.00146963 0.495553 0.0206097 
0.441447 0.0449285 0.0620053 0.00127757 0.00188298 0.430523 0.0179349 
0.773507 0.016541 0.0610997 0.00594188 0.00363471 0.0696898 0.0695862 
0.704225 0.0232566 0.0592891 0.00514922 0.00334075 0.129848 0.0748909 
0.716093 0.0251022 0.0507542 0.00427182 0.00336639 0.139136 0.0612769 
0.774839 0.0224227 0.0521897 0.00399351 0.00213266 0.0999915 0.0444308 
0.803691 0.0310943 0.0436317 0.00288355 0.00245336 0.0750768 0.0411693 
0.79429 0.034702 0.0466631 0.00330214 0.00247454 0.0737064 0.0448619 
0.711629 0.0203365 0.0645793 0.00200059 0.00250791 0.0413013 0.157645 
0.729272 0.0180038 0.0600767 0.00352269 0.00201623 0.0292847 0.157824 
0.781823 0.0207204 0.0547358 0.00252199 0.00168246 0.037782 0.100735 
0.788984 0.0223492 0.0508254 0.00390015 0.00223298 0.0310691 0.100639 
0.766199 0.0190737 0.0549698 0.00290086 0.00168937 0.0310039 0.124163 
0.669621 0.0204791 0.0557076 0.00347243 0.00159771 0.0433752 0.205747 
0.781546 0.0244146 0.0423611 0.00374436 0.00203361 0.0345987 0.111302 
0.728995 0.0155592 0.0660354 0.00293634 0.00177029 0.0170524 0.167652 
0.78014 0.0164037 0.0618657 0.00426131 0.00186614 0.0110243 0.124439 
0.848249 0.016694 0.052255 0.00411931 0.00271084 0.014689 0.061283 
0.760466 0.0207466 0.061819 0.00316807 0.00174367 0.0118095 0.140247 
0.745014 0.0236091 0.0550223 0.00312904 0.0024491 0.0178095 0.152967 
0.815012 0.026307 0.0482174 0.00356428 0.00239466 0.0123523 0.0921526 
0.838323 0.0310111 0.0430569 0.00460083 0.00285228 0.0107699 0.0693856 
0.836498 0.0250151 0.0354907 0.00488428 0.0033027 0.0179938 0.0768151 
0.790884 0.025031 0.0404198 0.00498021 0.00185554 0.0184561 0.118373 
0.867452 0.02896 0.0351327 0.00585484 0.00267225 0.0103999 0.0495284 
0.76674 0.016639 0.0552003 0.0032324 0.00144862 0.0102406 0.146499 
0.763977 0.0257884 0.0582509 0.00236421 0.00113828 0.0101536 0.138327 
0.847721 0.0208005 0.0423457 0.005029 0.00210914 0.00901818 0.0729769 
0.843247 0.0215845 0.0387482 0.00463626 0.00189721 0.0109008 0.0789863 
0.858463 0.0232426 0.0401378 0.00342944 0.00165216 0.0113683 0.0617065 
0.883388 0.0269794 0.0365432 0.00618634 0.00276655 0.00871596 0.0354206 
0.808517 0.0224269 0.0448613 0.00429038 0.00243576 0.0115321 0.105936 
0.824747 0.0194729 0.0424679 0.00412008 0.0019075 0.0172393 0.0900451 
0.796836 0.0179516 0.0579723 0.00399583 0.00111571 0.0104526 0.111676 
0.814156 0.0168205 0.0504812 0.00350714 0.0014661 0.015364 0.0982048 
0.798039 0.0159607 0.0577831 0.00300511 0.00117831 0.0183076 0.105727 
0.828958 0.0138568 0.0611032 0.00342095 0.00116931 0.01248 0.0790117 
0.868723 0.0155762 0.0442275 0.00362395 0.00178754 0.0178139 0.0482476 
0.85626 0.0144373 0.0525023 0.00436584 0.00139013 0.00939688 0.0616471 
0.84299 0.0207965 0.038916 0.00328007 0.00182216 0.0244096 0.0677856 
0.831333 0.0158357 0.0498642 0.00362634 0.00267041 0.014135 0.0825354 
0.808913 0.0211261 0.0385647 0.0030046 0.00233189 0.0282583 0.0978015 
0.799672 0.0224668 0.0483672 0.00304469 0.00143757 0.016767 0.108244 
0.817821 0.0270611 0.0424433 0.00358583 0.00191957 0.0151896 0.0919797 
0.849644 0.0239309 0.041081 0.00406495 0.00186667 0.0119752 0.067437 
0.767254 0.023322 0.0475014 0.00375855 0.00209224 0.0116535 0.144418 
0.74895 0.0190161 0.0574846 0.00400022 0.00114179 0.00834802 0.161059 
0.792366 0.0254532 0.0469923 0.0034851 0.00153703 0.0110931 0.119073 
0.740141 0.0209523 0.0499936 0.00293775 0.00130171 0.0137459 0.170927 
0.760478 0.0244746 0.0482648 0.0030637 0.00199297 0.0113004 0.150425 
0.746634 0.0225162 0.0519209 0.00331099 0.00186144 0.011235 0.162521 
0.630965 0.0338317 0.047463 0.00439352 0.00223842 0.0127068 0.268402 
0.687175 0.0311573 0.049519 0.00390635 0.00119174 0.0126116 0.214439 
0.726533 0.0297753 0.0473043 0.00332028 0.00142637 0.0110236 0.180618 
0.803266 0.0266004 0.0456804 0.00426838 0.00163411 0.00779166 0.110759 
0.814986 0.0313569 0.0408779 0.00486578 0.00207069 0.0106512 0.0951919 
0.805509 0.0213524 0.0473001 0.00348154 0.00198628 0.0120188 0.108352 
0.771932 0.0270565 0.0604582 0.0031294 0.00141474 0.0083647 0.127645 
0.814063 0.0254369 0.0498184 0.00418893 0.00158097 0.00816866 0.0967431 
0.800059 0.0370206 0.0423135 0.00586466 0.00190349 0.0115223 0.101316 
0.787279 0.0418874 0.0406378 0.00324584 0.00185444 0.0172247 0.10787 
0.775975 0.0329 0.0428017 0.00369128 0.00210759 0.0186037 0.123921 
0.752772 0.0408879 0.042113 0.00418635 0.001421 0.0159117 0.142708 
0.706961 0.0360047 0.0436367 0.00361017 0.00291614 0.0129157 0.193956 
0.813227 0.0365269 0.0418473 0.0045617 0.00157931 0.0122533 0.0900045 
0.785712 0.0451829 0.0355665 0.00339821 0.00278064 0.0160447 0.111315 
0.827797 0.0418517 0.0332691 0.00564648 0.00302307 0.0113848 0.0770276 
0.831608 0.0319787 0.0402087 0.00427473 0.00165101 0.0132023 0.077077 
0.81956 0.0320961 0.0389373 0.003616 0.00156799 0.0130868 0.0911359 
0.833765 0.0244597 0.0380256 0.00344226 0.00187102 0.0170516 0.0813846 
0.817879 0.0321409 0.0369491 0.00437774 0.00196347 0.0168517 0.0898383 
0.796155 0.0234307 0.0441401 0.00376327 0.00153979 0.0149808 0.11599 
0.812319 0.0210739 0.0439381 0.00516711 0.00172954 0.0106677 0.105105 
0.813936 0.0222884 0.0424782 0.00446419 0.00197372 0.00988218 0.104977 
0.827736 0.0280937 0.0363786 0.00460243 0.00241899 0.0131704 0.0876 
