0.703479 0.0206274 0.0470268 0.00555438 0.00183981 0.0122741 0.209198 
0.817267 0.0273813 0.0371882 0.00792882 0.00261127 0.0103196 0.0973037 
0.785371 0.0279235 0.0458758 0.00766888 0.00169621 0.00942306 0.122041 
0.804424 0.0225978 0.0433103 0.00811781 0.00217395 0.00886697 0.110509 
0.813121 0.0312377 0.0480854 0.00814858 0.00162598 0.00592005 0.091861 
0.812903 0.0296689 0.0424551 0.00881512 0.00183004 0.00907016 0.0952573 
0.858891 0.0319086 0.0369536 0.0151197 0.00330837 0.00606417 0.0477544 
0.822604 0.0353988 0.0424526 0.0145438 0.00223356 0.00846318 0.0743045 
0.802584 0.027909 0.0557576 0.0116047 0.00125667 0.00590954 0.0949782 
0.84992 0.0237256 0.0467711 0.00850052 0.00147379 0.008285 0.0613242 
0.787358 0.0280436 0.0525335 0.00971111 0.00132707 0.00534505 0.115682 
0.773877 0.0349702 0.0454639 0.00739858 0.00158464 0.0096131 0.127092 
0.801745 0.0315803 0.0346365 0.00759536 0.00201639 0.012689 0.109738 
0.804872 0.0340554 0.0346227 0.00903663 0.0028421 0.0106301 0.103941 
0.791764 0.0276589 0.0403912 0.00666824 0.00233113 0.00810454 0.123082 
0.795713 0.024497 0.039716 0.00981042 0.00176866 0.00724978 0.121245 
0.766595 0.0336496 0.0443593 0.00922992 0.00150756 0.00573964 0.138919 
0.774902 0.0274172 0.0375875 0.00875635 0.00199069 0.00953089 0.139816 
0.807979 0.0245959 0.0472005 0.00453857 0.0010329 0.0108561 0.103797 
0.801091 0.0230554 0.0471442 0.00574366 0.00135445 0.00831639 0.113295 
0.763604 0.0249348 0.0460258 0.00460862 9.86769E-4 0.0187433 0.141097 
0.847768 0.0298161 0.0497032 0.0099086 0.00115688 0.017782 0.0438655 
0.651897 0.023777 0.0761354 0.00208752 0.00115977 0.12816 0.116783 
0.736571 0.0335665 0.0465457 0.00193964 0.00296109 0.0686755 0.10974 
0.758317 0.0534889 0.072743 0.00186177 0.00230669 0.0144086 0.0968742 
0.777112 0.0465517 0.0567538 0.00159114 0.00252212 0.0303984 0.0850712 
0.723464 0.0460984 0.0828424 7.49534E-4 0.00169163 0.058478 0.0866764 
0.790093 0.0390287 0.0595258 0.00128072 0.00351224 0.0419229 0.0646367 
0.799021 0.0563105 0.0502199 0.00163622 0.00193756 0.0401307 0.0507436 
0.816103 0.0868004 0.0332974 0.0080797 0.00406107 0.0162118 0.0354467 
0.798905 0.0741477 0.0231149 0.0368085 0.00732895 0.0247881 0.0349073 
0.737551 0.130938 0.0174002 0.0740008 0.0113506 0.00891914 0.0198407 
0.710222 0.147952 0.0171166 0.0837473 0.0120688 0.00954578 0.0193477 
0.790788 0.0856653 0.0234175 0.0360583 0.00659348 0.0148159 0.0426612 
0.788348 0.0838294 0.0245507 0.0383969 0.00605435 0.0120284 0.0467926 
0.753042 0.123412 0.0152604 0.0540369 0.0149945 0.0132953 0.0259585 
0.809061 0.0721939 0.029611 0.0393582 0.00486688 0.0127703 0.0321392 
0.817854 0.071995 0.0269184 0.0447617 0.00536646 0.00739248 0.0257118 
0.786279 0.0824575 0.0254041 0.0693318 0.00631835 0.00740123 0.0228077 
0.80307 0.102632 0.0239666 0.0237505 0.00814684 0.0108482 0.0275858 
0.812183 0.0678477 0.0309395 0.0291307 0.00447021 0.0143381 0.0410904 
0.797785 0.065344 0.0281147 0.0577885 0.00671897 0.00681196 0.0374367 
0.79384 0.0375238 0.0410273 0.027876 0.00272124 0.00555014 0.0914618 
0.822681 0.045563 0.0290845 0.00685425 0.00467069 0.0128301 0.0783169 
0.816037 0.0455296 0.0344828 0.0100594 0.00513795 0.0084187 0.0803346 
0.822448 0.0273539 0.0355811 0.00683793 0.00298018 0.012374 0.0924249 
0.81374 0.0209056 0.0478629 0.00519237 0.00181599 0.0084356 0.102047 
0.839161 0.0219941 0.0461994 0.00599752 0.00261088 0.00470451 0.0793327 
0.760157 0.0204543 0.0546083 0.00395653 0.00144584 0.0156932 0.143685 
0.738433 0.0238459 0.0562256 0.00372342 0.00129812 0.00951191 0.166962 
0.80652 0.0175344 0.0522402 0.00378832 0.00163373 0.00832475 0.109958 
0.825273 0.0224571 0.0430174 0.00403988 0.00234617 0.0103702 0.0924966 
0.706058 0.0276709 0.0524606 0.00445998 0.00210186 0.00715269 0.200096 
0.721556 0.0223314 0.0585622 0.00447507 0.00208216 0.00963652 0.181357 
0.759611 0.0226628 0.0534619 0.00596366 0.00162872 0.00635721 0.150315 
0.830016 0.0251315 0.0393579 0.0102761 0.00342391 0.00638782 0.0854068 
0.811022 0.0265301 0.0387687 0.00993787 0.00364831 0.0074135 0.102679 
0.761965 0.0277731 0.0457028 0.00719497 0.00240215 0.0116779 0.143284 
0.801313 0.029107 0.05124 0.0110975 0.0027256 0.00452551 0.0999916 
0.845554 0.0290534 0.0414031 0.00905236 0.00276821 0.00741367 0.0647556 
0.826863 0.0251177 0.0414072 0.00651485 0.00265842 0.00906001 0.0883785 
0.81116 0.0219514 0.0430062 0.00774621 0.00296909 0.0104456 0.102721 
0.801769 0.0263183 0.0421033 0.00745074 0.00298591 0.0101637 0.109209 
0.804818 0.0245016 0.0502389 0.00721817 0.00304734 0.00574451 0.104432 
0.797588 0.0240396 0.0471977 0.00432559 0.0032285 0.0099412 0.11368 
0.769626 0.0267251 0.0499491 0.00553965 0.00235863 0.00692155 0.13888 
0.756206 0.030074 0.0492549 0.0056107 0.00199523 0.00934471 0.147514 
0.771631 0.030785 0.044411 0.00696744 0.00284286 0.00674401 0.136619 
0.805693 0.0224025 0.0482501 0.00607355 0.00235171 0.00649234 0.108737 
0.835785 0.0275435 0.0432554 0.00591701 0.00208399 0.00768021 0.0777348 
0.815518 0.0259815 0.0476809 0.00528482 0.00215699 0.00776049 0.0956176 
0.784046 0.0218247 0.0522185 0.00407703 0.00203961 0.0107617 0.125032 
0.822681 0.045563 0.0290845 0.00685425 0.00467069 0.0128301 0.0783169 
0.816037 0.0455296 0.0344828 0.0100594 0.00513795 0.0084187 0.0803346 
0.822448 0.0273539 0.0355811 0.00683793 0.00298018 0.012374 0.0924249 
0.81374 0.0209056 0.0478629 0.00519237 0.00181599 0.0084356 0.102047 
0.839161 0.0219941 0.0461994 0.00599752 0.00261088 0.00470451 0.0793327 
0.760157 0.0204543 0.0546083 0.00395653 0.00144584 0.0156932 0.143685 
0.738433 0.0238459 0.0562256 0.00372342 0.00129812 0.00951191 0.166962 
0.80652 0.0175344 0.0522402 0.00378832 0.00163373 0.00832475 0.109958 
0.825273 0.0224571 0.0430174 0.00403988 0.00234617 0.0103702 0.0924966 
0.706058 0.0276709 0.0524606 0.00445998 0.00210186 0.00715269 0.200096 
0.721556 0.0223314 0.0585622 0.00447507 0.00208216 0.00963652 0.181357 
0.759611 0.0226628 0.0534619 0.00596366 0.00162872 0.00635721 0.150315 
0.830016 0.0251315 0.0393579 0.0102761 0.00342391 0.00638782 0.0854068 
0.811022 0.0265301 0.0387687 0.00993787 0.00364831 0.0074135 0.102679 
0.761965 0.0277731 0.0457028 0.00719497 0.00240215 0.0116779 0.143284 
0.801313 0.029107 0.05124 0.0110975 0.0027256 0.00452551 0.0999916 
0.845554 0.0290534 0.0414031 0.00905236 0.00276821 0.00741367 0.0647556 
0.826863 0.0251177 0.0414072 0.00651485 0.00265842 0.00906001 0.0883785 
0.81116 0.0219514 0.0430062 0.00774621 0.00296909 0.0104456 0.102721 
0.801769 0.0263183 0.0421033 0.00745074 0.00298591 0.0101637 0.109209 
0.804818 0.0245016 0.0502389 0.00721817 0.00304734 0.00574451 0.104432 
0.797588 0.0240396 0.0471977 0.00432559 0.0032285 0.0099412 0.11368 
0.769626 0.0267251 0.0499491 0.00553965 0.00235863 0.00692155 0.13888 
0.756206 0.030074 0.0492549 0.0056107 0.00199523 0.00934471 0.147514 
0.771631 0.030785 0.044411 0.00696744 0.00284286 0.00674401 0.136619 
0.805693 0.0224025 0.0482501 0.00607355 0.00235171 0.00649234 0.108737 
0.835785 0.0275435 0.0432554 0.00591701 0.00208399 0.00768021 0.0777348 
0.815518 0.0259815 0.0476809 0.00528482 0.00215699 0.00776049 0.0956176 
0.784046 0.0218247 0.0522185 0.00407703 0.00203961 0.0107617 0.125032 
0.827231 0.0170939 0.0505014 0.00303374 0.00117148 0.0150745 0.0858936 
0.841972 0.0158333 0.0586565 0.00320509 9.45043E-4 0.0117278 0.0676603 
0.815844 0.0220742 0.0441049 0.00245077 0.00115269 0.0290795 0.085294 
0.878775 0.0235813 0.0417997 0.00376922 0.00133707 0.012795 0.0379424 
0.854589 0.0178449 0.0466564 0.00346063 0.00136511 0.0132827 0.0628016 
0.840941 0.0317058 0.038542 0.00625873 0.00216975 0.0139995 0.0663828 
0.857157 0.0184691 0.0386263 0.00493456 0.00280191 0.0134489 0.0645619 
0.859767 0.0207194 0.0414176 0.00486224 0.00208406 0.0139532 0.0571966 
0.868103 0.0175418 0.0428422 0.00430936 0.0017742 0.0125523 0.0528768 
0.855142 0.022376 0.0436066 0.00424267 0.00182669 0.0103615 0.0624444 
0.852863 0.026847 0.0349701 0.00410241 0.0019105 0.0153694 0.0639372 
0.870396 0.0213249 0.0433327 0.00420724 0.00133076 0.0117308 0.0476773 
0.836455 0.0234257 0.0408143 0.00387035 0.00170686 0.0180875 0.0756407 
0.805883 0.0246471 0.0430391 0.00441598 0.00157697 0.0210116 0.0994265 
0.72538 0.0216242 0.0426828 0.00452197 0.00264625 0.0217182 0.181427 
0.664968 0.0152934 0.0603921 0.00405397 0.00139995 0.0169926 0.2369 
0.731979 0.0219667 0.0468021 0.00396194 0.0020572 0.0139409 0.179292 
0.757805 0.0208157 0.0471417 0.00365917 0.00275506 0.0188988 0.148925 
0.839867 0.0180419 0.0380598 0.00435706 0.00240112 0.0150351 0.0822376 
0.833546 0.0247905 0.0375166 0.00581151 0.00322781 0.0120192 0.0830886 
0.779176 0.0172859 0.0521301 0.00359743 0.00204118 0.0156739 0.130095 
0.758746 0.0202781 0.0471693 0.0044613 0.00181991 0.0128947 0.15463 
0.850401 0.0254706 0.0388785 0.00705591 0.00247338 0.00961239 0.0661081 
0.843731 0.019888 0.0394796 0.00503025 0.0021546 0.00940442 0.0803117 
0.835324 0.020314 0.0343519 0.00554508 0.00222418 0.0130039 0.0892368 
0.812832 0.0192739 0.0434212 0.00549999 0.00227309 0.0123738 0.104326 
0.819626 0.0235866 0.0388442 0.00467378 0.00277657 0.0141102 0.0963825 
0.768431 0.0193455 0.0452954 0.00559527 0.00273227 0.00827029 0.15033 
0.790955 0.0231519 0.0460053 0.00456925 0.00194586 0.00819613 0.125177 
0.822681 0.045563 0.0290845 0.00685425 0.00467069 0.0128301 0.0783169 
0.816037 0.0455296 0.0344828 0.0100594 0.00513795 0.0084187 0.0803346 
0.822448 0.0273539 0.0355811 0.00683793 0.00298018 0.012374 0.0924249 
0.81374 0.0209056 0.0478629 0.00519237 0.00181599 0.0084356 0.102047 
0.839161 0.0219941 0.0461994 0.00599752 0.00261088 0.00470451 0.0793327 
0.760157 0.0204543 0.0546083 0.00395653 0.00144584 0.0156932 0.143685 
0.738433 0.0238459 0.0562256 0.00372342 0.00129812 0.00951191 0.166962 
0.80652 0.0175344 0.0522402 0.00378832 0.00163373 0.00832475 0.109958 
0.825273 0.0224571 0.0430174 0.00403988 0.00234617 0.0103702 0.0924966 
0.706058 0.0276709 0.0524606 0.00445998 0.00210186 0.00715269 0.200096 
0.721556 0.0223314 0.0585622 0.00447507 0.00208216 0.00963652 0.181357 
0.759611 0.0226628 0.0534619 0.00596366 0.00162872 0.00635721 0.150315 
0.830016 0.0251315 0.0393579 0.0102761 0.00342391 0.00638782 0.0854068 
0.811022 0.0265301 0.0387687 0.00993787 0.00364831 0.0074135 0.102679 
0.761965 0.0277731 0.0457028 0.00719497 0.00240215 0.0116779 0.143284 
0.801313 0.029107 0.05124 0.0110975 0.0027256 0.00452551 0.0999916 
0.845554 0.0290534 0.0414031 0.00905236 0.00276821 0.00741367 0.0647556 
0.826863 0.0251177 0.0414072 0.00651485 0.00265842 0.00906001 0.0883785 
0.81116 0.0219514 0.0430062 0.00774621 0.00296909 0.0104456 0.102721 
0.801769 0.0263183 0.0421033 0.00745074 0.00298591 0.0101637 0.109209 
0.804818 0.0245016 0.0502389 0.00721817 0.00304734 0.00574451 0.104432 
0.797588 0.0240396 0.0471977 0.00432559 0.0032285 0.0099412 0.11368 
0.769626 0.0267251 0.0499491 0.00553965 0.00235863 0.00692155 0.13888 
0.756206 0.030074 0.0492549 0.0056107 0.00199523 0.00934471 0.147514 
0.771631 0.030785 0.044411 0.00696744 0.00284286 0.00674401 0.136619 
0.805693 0.0224025 0.0482501 0.00607355 0.00235171 0.00649234 0.108737 
0.835785 0.0275435 0.0432554 0.00591701 0.00208399 0.00768021 0.0777348 
0.815518 0.0259815 0.0476809 0.00528482 0.00215699 0.00776049 0.0956176 
0.784046 0.0218247 0.0522185 0.00407703 0.00203961 0.0107617 0.125032 
0.773474 0.0264199 0.0548062 0.00382093 0.00141664 0.00869719 0.131365 
0.807587 0.0274348 0.0509463 0.00467513 0.00109419 0.00857837 0.0996839 
0.830722 0.0269086 0.0492623 0.00507154 0.00102895 0.0103816 0.0766253 
0.772705 0.0209625 0.0603998 0.00635976 0.00120825 0.00571234 0.132652 
0.7796 0.0227317 0.054004 0.00436001 0.00140042 0.00801286 0.129891 
0.793924 0.0223381 0.0557301 0.00536735 0.00132679 0.00861422 0.112699 
0.708047 0.0241101 0.055649 0.00246156 0.00199629 0.0199846 0.187752 
0.761207 0.0284336 0.0453931 0.00267246 0.00188862 0.0152135 0.145192 
0.838947 0.0287546 0.051106 0.00514256 9.29788E-4 0.00603435 0.0690859 
0.849692 0.0302763 0.0454623 0.0100438 0.00209619 0.00568219 0.056747 
0.833294 0.0312616 0.0414891 0.0075335 0.0022413 0.00659868 0.0775821 
0.792308 0.0199502 0.0539723 0.00543882 0.0015469 0.00723466 0.119549 
0.673687 0.0192311 0.061136 0.00371878 0.00134129 0.00798746 0.232898 
0.776904 0.0247038 0.0549523 0.00690447 0.0015908 0.00454344 0.130401 
0.765755 0.026196 0.0557966 0.00553205 0.00115328 0.00662498 0.138942 
0.771395 0.0215917 0.0544865 0.00454155 0.00106984 0.0075225 0.139393 
0.836387 0.0186336 0.0471068 0.005376 0.00166858 0.00983435 0.0809935 
0.801117 0.0211218 0.0488706 0.00737099 0.00218819 0.00535551 0.113976 
0.83808 0.0227759 0.0433751 0.00642331 0.00184442 0.00817168 0.0793292 
0.880586 0.0213462 0.0443904 0.00913802 0.00234478 0.00483122 0.0373636 
0.878078 0.0268943 0.0409282 0.0107152 0.00342893 0.00435828 0.0355969 
0.88481 0.019219 0.0418565 0.00757307 0.00259953 0.00607286 0.0378687 
0.827354 0.0191848 0.0424895 0.00579377 0.00193146 0.0131583 0.0900881 
0.848073 0.0206995 0.041989 0.00492698 0.00198612 0.0155055 0.0668203 
0.815668 0.0181491 0.0546632 0.00363809 0.00139273 0.0119528 0.0945357 
0.840298 0.0188698 0.0471707 0.00394093 0.00154257 0.0116314 0.076547 
0.825738 0.0175656 0.0458103 0.00371493 0.0019007 0.0170211 0.0882494 
0.853305 0.0152448 0.0544251 0.00472426 0.00178247 0.00828503 0.0622335 
0.837054 0.0127419 0.0575111 0.00349892 0.00207988 0.00754087 0.0795728 
0.825989 0.0237766 0.0476707 0.0055299 0.00253055 0.00787668 0.0866265 
0.788406 0.0185792 0.0545978 0.0052371 0.00167814 0.00834754 0.123154 
0.837183 0.0172859 0.0518432 0.00716211 0.0024814 0.00660518 0.0774393 
0.781803 0.014604 0.0584325 0.00450574 0.00188655 0.00663039 0.132138 
0.843239 0.0141738 0.048785 0.00538874 0.00162747 0.00779466 0.0789918 
0.839789 0.0136334 0.0567584 0.00391923 0.00144198 0.00718418 0.0772735 
0.703021 0.0166941 0.0721754 0.00343914 0.00105288 0.00744312 0.196174 
0.704278 0.0150816 0.0703159 0.00447986 9.26721E-4 0.00668739 0.198231 
0.743756 0.020205 0.0629093 0.0049675 9.46335E-4 0.00730391 0.159912 
0.750294 0.0175202 0.0605042 0.00482179 9.66177E-4 0.00719334 0.1587 
0.801526 0.0173888 0.059777 0.00564272 0.00115996 0.00607267 0.108433 
0.746722 0.0182636 0.074233 0.00524142 7.18799E-4 0.00510084 0.14972 
0.644845 0.0130749 0.0922771 0.00311459 8.37059E-4 0.0066846 0.239167 
0.769397 0.0174715 0.0630108 0.00586278 0.00113174 0.00873156 0.134395 
0.799526 0.0195458 0.0609051 0.00518252 0.00112324 0.00549817 0.108219 
0.854645 0.01823 0.0490445 0.00514267 0.00165997 0.00864574 0.0626318 
0.839487 0.020194 0.0553223 0.00403033 0.00111899 0.00603411 0.0738132 
0.822769 0.0187037 0.0591814 0.00398161 0.0010643 0.00723559 0.0870644 
0.827029 0.0235944 0.0545139 0.00699601 0.00173463 0.00413935 0.0819929 
0.746154 0.0251775 0.062284 0.00630029 9.4709E-4 0.00669224 0.152445 
0.809236 0.0232394 0.0519764 0.0066171 0.00179318 0.00477558 0.102362 
0.805008 0.02505 0.0527628 0.00950703 0.00178484 0.004155 0.101732 
0.811242 0.0248707 0.051428 0.00819849 0.00119949 0.00483205 0.0982294 
0.759873 0.0222588 0.0655916 0.00689009 0.00108324 0.00436579 0.139937 
0.80057 0.0208476 0.0497544 0.00833114 0.00168885 0.00405756 0.11475 
0.840625 0.0257719 0.040074 0.00602148 0.00214687 0.00658913 0.078772 
0.778586 0.0205801 0.0546814 0.00787009 0.00143879 0.00453833 0.132306 
0.768056 0.0172657 0.0641827 0.00644024 0.00101712 0.00431486 0.138723 
0.822681 0.045563 0.0290845 0.00685425 0.00467069 0.0128301 0.0783169 
0.816037 0.0455296 0.0344828 0.0100594 0.00513795 0.0084187 0.0803346 
0.822448 0.0273539 0.0355811 0.00683793 0.00298018 0.012374 0.0924249 
0.81374 0.0209056 0.0478629 0.00519237 0.00181599 0.0084356 0.102047 
0.839161 0.0219941 0.0461994 0.00599752 0.00261088 0.00470451 0.0793327 
0.760157 0.0204543 0.0546083 0.00395653 0.00144584 0.0156932 0.143685 
0.738433 0.0238459 0.0562256 0.00372342 0.00129812 0.00951191 0.166962 
0.80652 0.0175344 0.0522402 0.00378832 0.00163373 0.00832475 0.109958 
0.825273 0.0224571 0.0430174 0.00403988 0.00234617 0.0103702 0.0924966 
0.706058 0.0276709 0.0524606 0.00445998 0.00210186 0.00715269 0.200096 
0.721556 0.0223314 0.0585622 0.00447507 0.00208216 0.00963652 0.181357 
0.759611 0.0226628 0.0534619 0.00596366 0.00162872 0.00635721 0.150315 
0.830016 0.0251315 0.0393579 0.0102761 0.00342391 0.00638782 0.0854068 
0.811022 0.0265301 0.0387687 0.00993787 0.00364831 0.0074135 0.102679 
0.761965 0.0277731 0.0457028 0.00719497 0.00240215 0.0116779 0.143284 
0.801313 0.029107 0.05124 0.0110975 0.0027256 0.00452551 0.0999916 
0.845554 0.0290534 0.0414031 0.00905236 0.00276821 0.00741367 0.0647556 
0.826863 0.0251177 0.0414072 0.00651485 0.00265842 0.00906001 0.0883785 
0.81116 0.0219514 0.0430062 0.00774621 0.00296909 0.0104456 0.102721 
0.801769 0.0263183 0.0421033 0.00745074 0.00298591 0.0101637 0.109209 
0.804818 0.0245016 0.0502389 0.00721817 0.00304734 0.00574451 0.104432 
0.797588 0.0240396 0.0471977 0.00432559 0.0032285 0.0099412 0.11368 
0.769626 0.0267251 0.0499491 0.00553965 0.00235863 0.00692155 0.13888 
0.756206 0.030074 0.0492549 0.0056107 0.00199523 0.00934471 0.147514 
0.771631 0.030785 0.044411 0.00696744 0.00284286 0.00674401 0.136619 
0.805693 0.0224025 0.0482501 0.00607355 0.00235171 0.00649234 0.108737 
0.835785 0.0275435 0.0432554 0.00591701 0.00208399 0.00768021 0.0777348 
0.815518 0.0259815 0.0476809 0.00528482 0.00215699 0.00776049 0.0956176 
0.784046 0.0218247 0.0522185 0.00407703 0.00203961 0.0107617 0.125032 
0.788145 0.0150508 0.0578051 0.00530801 0.00133067 0.00845645 0.123904 
0.816429 0.021666 0.0471166 0.0051585 0.00152617 0.0100458 0.0980583 
0.801808 0.0158473 0.0548489 0.00561068 0.00151385 0.00638386 0.113987 
0.632798 0.0276 0.0555296 0.00111023 0.00171114 0.0412136 0.240037 
0.695356 0.0269322 0.047526 0.0015528 0.00159882 0.0301755 0.196859 
0.766937 0.0136987 0.051778 0.00379816 0.00142381 0.0116082 0.150756 
0.811571 0.0194988 0.0378806 0.00463313 0.00267369 0.0119869 0.111756 
0.789052 0.0152445 0.0554858 0.00380659 0.00117007 0.00793723 0.127304 
0.858829 0.023003 0.0413999 0.00485712 0.00143761 0.00849489 0.0619789 
0.827902 0.0188952 0.0447627 0.00580542 0.00211096 0.00688634 0.0936368 
0.772574 0.0164255 0.0604166 0.00414771 8.69755E-4 0.00699036 0.138576 
0.76559 0.0197933 0.0540296 0.00322138 0.00129261 0.00869454 0.147378 
0.787786 0.0200222 0.0510246 0.00404513 0.00139112 0.00811281 0.127618 
0.740247 0.0160339 0.0529025 0.00461414 0.00203691 0.00750681 0.176659 
0.715219 0.0234996 0.0541975 0.0046512 0.00123243 0.0090294 0.192171 
0.740314 0.0190873 0.0645351 0.00441083 8.65963E-4 0.00551996 0.165267 
0.776022 0.019732 0.058586 0.00458561 0.00117788 0.00495409 0.134942 
0.885039 0.0182526 0.0415218 0.00645514 0.00223986 0.0060937 0.0403981 
0.874297 0.0157982 0.0448084 0.00609293 0.00140973 0.00956544 0.0480287 
0.879578 0.0184939 0.0353942 0.00841762 0.00248188 0.0121428 0.0434921 
0.860633 0.0226081 0.039527 0.0115099 0.00190786 0.0067471 0.0570667 
0.77813 0.018923 0.0509672 0.00486799 0.00166201 0.00986865 0.135581 
0.710291 0.0193537 0.0618778 0.00354749 0.0015625 0.00952813 0.193839 
0.779671 0.0213611 0.0569385 0.0046224 0.00155643 0.00703862 0.128812 
0.721569 0.0224436 0.0542438 0.00276066 0.00172948 0.0134638 0.18379 
0.626134 0.0372074 0.0516853 0.00129151 0.00155414 0.0282224 0.253905 
0.762173 0.0335545 0.0433368 0.00399588 0.00290694 0.00959205 0.144441 
0.755809 0.0221117 0.0795475 0.00372049 0.00148831 0.00450246 0.13282 
0.764216 0.0174501 0.0938766 0.00325639 0.00100694 0.00412437 0.11607 
0.846134 0.027412 0.0470719 0.0100919 0.00370881 0.00414217 0.0614389 
0.852304 0.0347647 0.0563143 0.00840509 0.00261326 0.00535336 0.0402448 
0.840794 0.0414548 0.0533762 0.0115791 0.00214213 0.00625426 0.0443997 
0.849064 0.0430296 0.0458956 0.0118426 0.00322035 0.00551456 0.0414333 
0.859176 0.0327836 0.0522436 0.0206785 0.00241708 0.00636595 0.0263353 
0.871114 0.0349664 0.0446783 0.00986671 0.00250109 0.0106338 0.0262397 
0.865787 0.0386793 0.0411205 0.0219528 0.00271386 0.00789291 0.0218541 
0.85434 0.0664397 0.0289997 0.0208442 0.00647046 0.00647239 0.0164336 
0.858175 0.0746326 0.0233561 0.0198581 0.010681 0.00384301 0.0094542 
0.841852 0.0827636 0.0240695 0.0326233 0.00820664 0.00313954 0.00734549 
0.872826 0.0478314 0.0342129 0.0306528 0.00454647 0.00296239 0.00696808 
0.881312 0.0266275 0.0303267 0.0145622 0.00301175 0.0097057 0.0344538 
0.819455 0.0143547 0.0701217 0.00883733 0.00227436 0.00389589 0.0810611 
0.815884 0.0143743 0.0618119 0.00704887 0.00294895 0.0044207 0.0935111 
0.840697 0.0191581 0.052488 0.00950197 0.00196444 0.00494885 0.071242 
0.827094 0.0139659 0.0644942 0.0133591 0.00210995 0.00352574 0.0754514 
0.834786 0.018925 0.04866 0.0107064 0.00167718 0.00790675 0.0773386 
0.847661 0.0229321 0.0436219 0.00990635 0.00150251 0.00654688 0.0678294 
0.852834 0.0218418 0.0403203 0.00676466 0.00198874 0.00535101 0.0708999 
0.828021 0.0241775 0.0463332 0.00856359 0.00260244 0.00329405 0.0870081 
0.762367 0.0178701 0.0626656 0.0106263 0.00107858 0.00433861 0.141053 
0.76602 0.0194669 0.0536706 0.00789588 0.00162965 0.00466805 0.146649 
0.699889 0.0211448 0.0646942 0.00550822 0.00123849 0.0052174 0.202307 
0.604364 0.0194818 0.0756741 0.00497398 0.00117696 0.00500104 0.289328 
0.64791 0.0141676 0.0724112 0.0111496 0.0017386 0.00359417 0.249029 
0.802013 0.0198429 0.04795 0.0121864 0.00220714 0.00365793 0.112143 
0.758517 0.0197445 0.0512454 0.00649873 0.00143028 0.00559912 0.156965 
0.596824 0.0190025 0.0741472 0.00454622 0.00112214 0.00515777 0.299201 
0.773107 0.0118019 0.0661813 0.00620285 0.00147566 0.005577 0.135654 
0.754865 0.013849 0.0670794 0.00448216 9.98639E-4 0.00907 0.149656 
0.663337 0.0180291 0.0612053 0.00369216 0.00122582 0.0124877 0.240023 
0.741056 0.0147786 0.0606315 0.00570744 0.00118296 0.0107995 0.165844 
0.80111 0.0156989 0.0505312 0.00751403 0.00245287 0.00709683 0.115597 
0.783382 0.0178369 0.0487724 0.00872319 0.00236721 0.00716199 0.131757 
0.742858 0.0155933 0.0644808 0.00431784 0.00111641 0.00852238 0.163112 
0.786456 0.0239974 0.0554498 0.0070707 0.00167874 0.00482699 0.120521 
0.70563 0.0251881 0.0598735 0.00601439 0.00181073 0.00521715 0.196266 
0.744608 0.0246495 0.049302 0.00595573 0.00256226 0.00632498 0.166597 
0.725682 0.0181299 0.0520686 0.00664273 0.00273282 0.00599952 0.188744 
0.704483 0.0158425 0.0624353 0.00473989 0.00145467 0.00622641 0.204818 
0.772719 0.0161161 0.0550888 0.00630479 0.00178467 0.00736307 0.140624 
0.840982 0.0150926 0.0451466 0.00592875 0.00261383 0.0107964 0.0794402 
0.830185 0.0201169 0.0525665 0.00696099 0.00165131 0.00621844 0.0823007 
