0.795601 0.0247529 0.0460533 0.00620288 0.00175754 0.015071 0.110562 
0.77939 0.0361757 0.0327898 0.00406811 0.00171293 0.0267115 0.119152 
0.791022 0.0359143 0.0391988 0.00814669 0.0022689 0.0158878 0.107562 
0.813513 0.0288579 0.0422095 0.00699127 0.00237098 0.0108369 0.0952209 
0.817639 0.0217424 0.0443281 0.00529318 0.00132782 0.0114465 0.0982231 
0.855412 0.0283779 0.0404159 0.0073291 0.0013784 0.0084635 0.0586229 
0.840148 0.0195741 0.0473544 0.00554922 0.00163321 0.00772204 0.0780187 
0.874083 0.0281359 0.0311489 0.0208394 0.00490871 0.00541494 0.0354696 
0.900492 0.0228364 0.033312 0.00868978 0.00239935 0.0102973 0.0219732 
0.846991 0.0213883 0.03536 0.00748529 0.00216344 0.0136852 0.0729271 
0.828641 0.0222775 0.0359664 0.00768552 0.00229894 0.0130649 0.0900656 
0.776485 0.0239496 0.0373687 0.00635535 0.00253825 0.0157642 0.137539 
0.814088 0.0214135 0.0399608 0.00630427 0.00195918 0.0163983 0.0998759 
0.845216 0.0233502 0.0397831 0.00778467 0.00240025 0.00811519 0.0733502 
0.822313 0.0215377 0.037536 0.00636836 0.00222954 0.0116268 0.0983884 
0.799997 0.0260607 0.0302837 0.00712049 0.00340461 0.0231856 0.109948 
0.825126 0.0179089 0.0408539 0.0100318 0.00193755 0.0131332 0.091009 
0.787437 0.0207588 0.0430298 0.00801772 0.00157703 0.0225377 0.116642 
0.807489 0.0254782 0.0359756 0.00901587 0.00301431 0.0191139 0.099913 
0.790735 0.0204911 0.0388771 0.00867296 0.0018213 0.0172868 0.122116 
0.760939 0.021961 0.0364318 0.00517275 0.00185138 0.0260199 0.147624 
0.821142 0.0259375 0.0373879 0.00584948 0.00168612 0.0151866 0.0928099 
0.801777 0.0263091 0.03577 0.00709445 0.00145152 0.0197977 0.1078 
0.747399 0.0206728 0.0468731 0.00481135 0.00113992 0.0136764 0.165427 
0.70816 0.0211329 0.0397175 0.00505571 0.00185624 0.0220057 0.202071 
0.772263 0.0225585 0.0398171 0.00530204 0.00126703 0.022524 0.136269 
0.693918 0.0249537 0.0472413 0.00375081 9.65711E-4 0.0316333 0.197537 
0.742179 0.0208928 0.0462817 0.004269 0.00115106 0.01742 0.167807 
0.806785 0.0213156 0.0482714 0.00538965 0.00212531 0.00910514 0.107008 
0.763035 0.0190481 0.0623895 0.00483575 0.00142592 0.00697646 0.142289 
0.745905 0.0227877 0.0551473 0.0048752 0.00118359 0.00849334 0.161608 
0.741684 0.0231148 0.0528239 0.00408144 0.00142228 0.0140002 0.162874 
0.787073 0.0188747 0.0474621 0.0057436 0.00199077 0.0121331 0.126722 
0.752355 0.0247344 0.0526981 0.00458421 0.00172621 0.0101563 0.153745 
0.789742 0.0215508 0.0566255 0.0045877 0.00122332 0.00997567 0.116296 
0.745613 0.0205339 0.0575278 0.00579727 0.00153014 0.00874365 0.160254 
0.755115 0.0239231 0.0590552 0.00441045 0.00127212 0.0101719 0.146052 
0.758243 0.0261606 0.0497208 0.00576591 0.00285276 0.00977973 0.147477 
0.837773 0.0223627 0.0386626 0.00711446 0.00346463 0.0138419 0.0767809 
0.788056 0.0213884 0.0468914 0.00768153 0.0031501 0.00918837 0.123645 
0.749947 0.0216518 0.0515589 0.00498555 0.00183874 0.0112078 0.15881 
0.72858 0.0216686 0.0471333 0.0070089 0.00174728 0.0121335 0.181728 
0.745848 0.0223333 0.0449251 0.0077899 0.00216902 0.00910952 0.167825 
0.80352 0.0249533 0.0482849 0.00643241 0.00167963 0.00720738 0.107923 
0.633299 0.0174166 0.0854915 0.00376273 8.22426E-4 0.00762139 0.251586 
0.709969 0.0174587 0.077491 0.00365119 9.11803E-4 0.00656915 0.183949 
0.762448 0.027436 0.0571217 0.00423504 0.00121087 0.0108465 0.136702 
0.715536 0.019889 0.0635992 0.00402878 0.00124107 0.0138075 0.181898 
0.749823 0.0221697 0.0610271 0.00412507 0.00183351 0.00898915 0.152032 
0.750202 0.0208775 0.0579643 0.00334765 0.00259376 0.0113885 0.153626 
0.789469 0.0202703 0.0568499 0.00423147 0.00217897 0.00878594 0.118215 
0.774117 0.017812 0.0646952 0.0041778 0.00115963 0.00922931 0.128809 
0.766778 0.0158403 0.0693297 0.00356448 9.72653E-4 0.01128 0.132235 
0.770924 0.0201509 0.0532611 0.00355408 0.00114555 0.0112218 0.139742 
0.78998 0.0218497 0.0559396 0.00442398 0.00153694 0.00931371 0.116957 
0.806718 0.0242106 0.0574335 0.00459215 0.0015503 0.00554817 0.0999472 
0.76674 0.016639 0.0552003 0.0032324 0.00144862 0.0102406 0.146499 
0.763977 0.0257884 0.0582509 0.00236421 0.00113828 0.0101536 0.138327 
0.847721 0.0208005 0.0423457 0.005029 0.00210914 0.00901818 0.0729769 
0.843247 0.0215845 0.0387482 0.00463626 0.00189721 0.0109008 0.0789863 
0.858463 0.0232426 0.0401378 0.00342944 0.00165216 0.0113683 0.0617065 
0.883388 0.0269794 0.0365432 0.00618634 0.00276655 0.00871596 0.0354206 
0.808517 0.0224269 0.0448613 0.00429038 0.00243576 0.0115321 0.105936 
0.824747 0.0194729 0.0424679 0.00412008 0.0019075 0.0172393 0.0900451 
0.796836 0.0179516 0.0579723 0.00399583 0.00111571 0.0104526 0.111676 
0.814156 0.0168205 0.0504812 0.00350714 0.0014661 0.015364 0.0982048 
0.798039 0.0159607 0.0577831 0.00300511 0.00117831 0.0183076 0.105727 
0.828958 0.0138568 0.0611032 0.00342095 0.00116931 0.01248 0.0790117 
0.868723 0.0155762 0.0442275 0.00362395 0.00178754 0.0178139 0.0482476 
0.85626 0.0144373 0.0525023 0.00436584 0.00139013 0.00939688 0.0616471 
0.84299 0.0207965 0.038916 0.00328007 0.00182216 0.0244096 0.0677856 
0.831333 0.0158357 0.0498642 0.00362634 0.00267041 0.014135 0.0825354 
0.808913 0.0211261 0.0385647 0.0030046 0.00233189 0.0282583 0.0978015 
0.799672 0.0224668 0.0483672 0.00304469 0.00143757 0.016767 0.108244 
0.817821 0.0270611 0.0424433 0.00358583 0.00191957 0.0151896 0.0919797 
0.849644 0.0239309 0.041081 0.00406495 0.00186667 0.0119752 0.067437 
0.767254 0.023322 0.0475014 0.00375855 0.00209224 0.0116535 0.144418 
0.74895 0.0190161 0.0574846 0.00400022 0.00114179 0.00834802 0.161059 
0.792366 0.0254532 0.0469923 0.0034851 0.00153703 0.0110931 0.119073 
0.740141 0.0209523 0.0499936 0.00293775 0.00130171 0.0137459 0.170927 
0.760478 0.0244746 0.0482648 0.0030637 0.00199297 0.0113004 0.150425 
0.746634 0.0225162 0.0519209 0.00331099 0.00186144 0.011235 0.162521 
0.630965 0.0338317 0.047463 0.00439352 0.00223842 0.0127068 0.268402 
0.687175 0.0311573 0.049519 0.00390635 0.00119174 0.0126116 0.214439 
0.76674 0.016639 0.0552003 0.0032324 0.00144862 0.0102406 0.146499 
0.763977 0.0257884 0.0582509 0.00236421 0.00113828 0.0101536 0.138327 
0.847721 0.0208005 0.0423457 0.005029 0.00210914 0.00901818 0.0729769 
0.843247 0.0215845 0.0387482 0.00463626 0.00189721 0.0109008 0.0789863 
0.858463 0.0232426 0.0401378 0.00342944 0.00165216 0.0113683 0.0617065 
0.883388 0.0269794 0.0365432 0.00618634 0.00276655 0.00871596 0.0354206 
0.808517 0.0224269 0.0448613 0.00429038 0.00243576 0.0115321 0.105936 
0.824747 0.0194729 0.0424679 0.00412008 0.0019075 0.0172393 0.0900451 
0.796836 0.0179516 0.0579723 0.00399583 0.00111571 0.0104526 0.111676 
0.814156 0.0168205 0.0504812 0.00350714 0.0014661 0.015364 0.0982048 
0.798039 0.0159607 0.0577831 0.00300511 0.00117831 0.0183076 0.105727 
0.828958 0.0138568 0.0611032 0.00342095 0.00116931 0.01248 0.0790117 
0.868723 0.0155762 0.0442275 0.00362395 0.00178754 0.0178139 0.0482476 
0.85626 0.0144373 0.0525023 0.00436584 0.00139013 0.00939688 0.0616471 
0.84299 0.0207965 0.038916 0.00328007 0.00182216 0.0244096 0.0677856 
0.831333 0.0158357 0.0498642 0.00362634 0.00267041 0.014135 0.0825354 
0.808913 0.0211261 0.0385647 0.0030046 0.00233189 0.0282583 0.0978015 
0.799672 0.0224668 0.0483672 0.00304469 0.00143757 0.016767 0.108244 
0.817821 0.0270611 0.0424433 0.00358583 0.00191957 0.0151896 0.0919797 
0.849644 0.0239309 0.041081 0.00406495 0.00186667 0.0119752 0.067437 
0.767254 0.023322 0.0475014 0.00375855 0.00209224 0.0116535 0.144418 
0.74895 0.0190161 0.0574846 0.00400022 0.00114179 0.00834802 0.161059 
0.792366 0.0254532 0.0469923 0.0034851 0.00153703 0.0110931 0.119073 
0.740141 0.0209523 0.0499936 0.00293775 0.00130171 0.0137459 0.170927 
0.760478 0.0244746 0.0482648 0.0030637 0.00199297 0.0113004 0.150425 
0.746634 0.0225162 0.0519209 0.00331099 0.00186144 0.011235 0.162521 
0.630965 0.0338317 0.047463 0.00439352 0.00223842 0.0127068 0.268402 
0.687175 0.0311573 0.049519 0.00390635 0.00119174 0.0126116 0.214439 
0.845383 0.0138372 0.0550566 0.00348757 0.00118885 0.00916341 0.0718837 
0.805733 0.0168233 0.0558935 0.00364732 0.00159811 0.00743338 0.108871 
0.829412 0.0222606 0.0489187 0.00395128 0.00182922 0.0105962 0.0830323 
0.785492 0.0229618 0.0463763 0.00374479 0.00161298 0.0139828 0.12583 
0.821551 0.025548 0.0452705 0.00315667 0.00122871 0.0125493 0.0906962 
0.817564 0.0212085 0.0534653 0.00301299 0.00116311 0.0163791 0.0872066 
0.738359 0.026539 0.0584466 0.00379032 0.00207402 0.0083601 0.162431 
0.786112 0.0193046 0.0551922 0.00297509 0.00129604 0.0151136 0.120007 
0.805357 0.0238622 0.0528343 0.00360681 0.00132474 0.0125455 0.100469 
0.837653 0.0240562 0.0546853 0.00469833 0.00128736 0.0115041 0.0661161 
0.790037 0.0170137 0.0529939 0.0043706 0.00176125 0.0101089 0.123714 
0.861355 0.0195601 0.0367568 0.00458133 0.00250138 0.0145274 0.0607182 
0.872136 0.0211589 0.0424435 0.00686326 0.0019516 0.00626813 0.0491785 
0.768808 0.0211093 0.0659479 0.00523598 0.00119943 0.004395 0.133304 
0.797588 0.0171488 0.060553 0.00567553 0.00110529 0.00603032 0.111899 
0.759965 0.0217218 0.0581312 0.00330195 0.00113063 0.00897247 0.146777 
0.808491 0.0173584 0.0532277 0.0037755 0.00103007 0.0153334 0.100784 
0.766884 0.0278258 0.048251 0.00453516 0.00130771 0.0121198 0.139077 
0.778367 0.0277141 0.0479374 0.00350756 0.0012098 0.0116864 0.129578 
0.774952 0.0231811 0.0565456 0.00381391 8.57709E-4 0.00929129 0.131358 
0.806668 0.0232557 0.0430902 0.00431695 0.00134183 0.0112762 0.110051 
0.755364 0.0211884 0.0497283 0.00347146 0.00105514 0.0129583 0.156235 
0.75639 0.0247226 0.0530501 0.00386404 0.00170264 0.00703455 0.153236 
0.80519 0.0191604 0.0574024 0.00476355 0.00114486 0.00892648 0.103413 
0.737961 0.0227052 0.0624666 0.00389059 9.2829E-4 0.00939288 0.162655 
0.753695 0.0278813 0.0555276 0.00341093 9.98667E-4 0.00890095 0.149586 
0.714001 0.0365526 0.0669693 0.00488753 7.97571E-4 0.00570191 0.171091 
0.633901 0.0299733 0.0652645 0.00458015 0.00149924 0.00536016 0.259421 
0.730419 0.040455 0.0467787 0.00464543 0.00179946 0.00835915 0.167543 
0.801176 0.0383838 0.0575721 0.00626524 9.87168E-4 0.00668889 0.0889273 
0.812066 0.0300441 0.0486895 0.00786733 0.00194682 0.00532837 0.0940576 
0.755966 0.0278824 0.0638931 0.00422044 9.36489E-4 0.00836519 0.138736 
0.752564 0.0267989 0.0557256 0.00657837 0.00132902 0.00489567 0.152109 
0.813691 0.0277719 0.0449748 0.00601134 0.00225603 0.00709864 0.0981965 
0.798794 0.0259269 0.0485479 0.00660872 0.00178158 0.00796562 0.110375 
0.796461 0.0275846 0.0525077 0.00818696 0.00156775 0.00687323 0.106819 
0.863265 0.0275411 0.0389376 0.00862757 0.00305041 0.00808637 0.0504924 
0.835837 0.0252521 0.0503924 0.00758629 0.00156537 0.0073259 0.0720414 
0.863362 0.0203141 0.0479453 0.00963118 0.00154692 0.00562448 0.0515756 
0.82844 0.0246946 0.0475321 0.00895036 0.00202267 0.00605027 0.0823103 
0.779507 0.0261748 0.0563238 0.00597113 0.00150325 0.0051752 0.125345 
0.801148 0.0220402 0.0555096 0.00555484 0.00160554 0.00582538 0.108316 
0.76674 0.016639 0.0552003 0.0032324 0.00144862 0.0102406 0.146499 
0.763977 0.0257884 0.0582509 0.00236421 0.00113828 0.0101536 0.138327 
0.847721 0.0208005 0.0423457 0.005029 0.00210914 0.00901818 0.0729769 
0.843247 0.0215845 0.0387482 0.00463626 0.00189721 0.0109008 0.0789863 
0.858463 0.0232426 0.0401378 0.00342944 0.00165216 0.0113683 0.0617065 
0.883388 0.0269794 0.0365432 0.00618634 0.00276655 0.00871596 0.0354206 
0.808517 0.0224269 0.0448613 0.00429038 0.00243576 0.0115321 0.105936 
0.824747 0.0194729 0.0424679 0.00412008 0.0019075 0.0172393 0.0900451 
0.796836 0.0179516 0.0579723 0.00399583 0.00111571 0.0104526 0.111676 
0.814156 0.0168205 0.0504812 0.00350714 0.0014661 0.015364 0.0982048 
0.798039 0.0159607 0.0577831 0.00300511 0.00117831 0.0183076 0.105727 
0.828958 0.0138568 0.0611032 0.00342095 0.00116931 0.01248 0.0790117 
0.868723 0.0155762 0.0442275 0.00362395 0.00178754 0.0178139 0.0482476 
0.85626 0.0144373 0.0525023 0.00436584 0.00139013 0.00939688 0.0616471 
0.84299 0.0207965 0.038916 0.00328007 0.00182216 0.0244096 0.0677856 
0.831333 0.0158357 0.0498642 0.00362634 0.00267041 0.014135 0.0825354 
0.808913 0.0211261 0.0385647 0.0030046 0.00233189 0.0282583 0.0978015 
0.799672 0.0224668 0.0483672 0.00304469 0.00143757 0.016767 0.108244 
0.817821 0.0270611 0.0424433 0.00358583 0.00191957 0.0151896 0.0919797 
0.849644 0.0239309 0.041081 0.00406495 0.00186667 0.0119752 0.067437 
0.767254 0.023322 0.0475014 0.00375855 0.00209224 0.0116535 0.144418 
0.74895 0.0190161 0.0574846 0.00400022 0.00114179 0.00834802 0.161059 
0.792366 0.0254532 0.0469923 0.0034851 0.00153703 0.0110931 0.119073 
0.740141 0.0209523 0.0499936 0.00293775 0.00130171 0.0137459 0.170927 
0.760478 0.0244746 0.0482648 0.0030637 0.00199297 0.0113004 0.150425 
0.746634 0.0225162 0.0519209 0.00331099 0.00186144 0.011235 0.162521 
0.630965 0.0338317 0.047463 0.00439352 0.00223842 0.0127068 0.268402 
0.687175 0.0311573 0.049519 0.00390635 0.00119174 0.0126116 0.214439 
0.844669 0.020569 0.0412877 0.00588912 0.00242532 0.0105992 0.074561 
0.77709 0.0274705 0.0445734 0.00546935 0.00236291 0.0104068 0.132627 
0.755957 0.0199223 0.0459825 0.00444964 0.00315422 0.0109001 0.159635 
0.651601 0.0204389 0.0628098 0.0054267 0.00152493 0.00788217 0.250316 
0.759208 0.0185667 0.0493341 0.00478209 0.0023369 0.0110394 0.154733 
0.854353 0.0201958 0.0414317 0.00771612 0.00195754 0.00626073 0.0680847 
0.803049 0.0187414 0.0596697 0.00838564 0.001371 0.00524649 0.103536 
0.790827 0.0286526 0.0439809 0.0072144 0.0018593 0.00763689 0.119829 
0.72666 0.0177349 0.060134 0.00636027 0.00161645 0.0068618 0.180632 
0.796625 0.0213336 0.0450271 0.00782862 0.00226587 0.00615852 0.120762 
0.760744 0.0202094 0.0532398 0.0100384 0.00237742 0.00535622 0.148035 
0.75519 0.0229265 0.048539 0.00500383 0.00206001 0.00947829 0.156802 
0.751788 0.0220305 0.050036 0.0069611 0.00210831 0.00897543 0.158101 
0.646935 0.0217576 0.0507381 0.00541093 0.0018332 0.00999771 0.263327 
0.775177 0.0241946 0.0500746 0.00553351 0.00163549 0.00607234 0.137312 
0.764418 0.0276782 0.0543758 0.00385384 9.00189E-4 0.0106365 0.138138 
0.781498 0.0205255 0.0520352 0.00523416 0.00122493 0.00894596 0.130536 
0.845384 0.0223179 0.0416786 0.00620683 0.00223701 0.00806552 0.0741098 
0.810941 0.028208 0.0473665 0.00849598 0.00211675 0.0076042 0.0952679 
0.757227 0.0258201 0.0495067 0.00573467 0.00144447 0.00775953 0.152507 
0.680075 0.0204495 0.0614102 0.00411234 0.00118945 0.00904025 0.223724 
0.711226 0.0307358 0.0497614 0.00661663 0.00135803 0.00863818 0.191664 
0.746959 0.0202659 0.050168 0.00522066 0.00196388 0.0124624 0.16296 
0.800289 0.0196772 0.0509475 0.0078632 0.00147229 0.00886629 0.110884 
0.781555 0.0180041 0.0603652 0.00497799 0.00153769 0.0106718 0.122888 
0.786825 0.0211172 0.0483894 0.00904105 0.0014686 0.0106642 0.122494 
0.778445 0.0223369 0.0486657 0.00640216 0.00210146 0.0112322 0.130816 
0.759781 0.0347072 0.0430891 0.00690925 0.0032482 0.0117668 0.140499 
0.754612 0.0288638 0.0437242 0.00592907 0.00201903 0.00995633 0.154896 
0.713869 0.0346297 0.0470351 0.00503047 0.00142765 0.0113628 0.186645 
0.805085 0.0254212 0.047492 0.0045216 0.00128168 0.00983942 0.106359 
0.742576 0.0244825 0.049144 0.00404188 0.00115151 0.0161153 0.162489 
0.741151 0.0291419 0.049112 0.00467415 0.00154891 0.0113138 0.163058 
0.806925 0.0353731 0.0348861 0.0056571 0.0037274 0.0185934 0.094838 
0.831249 0.0280355 0.0327242 0.0114209 0.00620292 0.0119074 0.0784602 
0.782459 0.0166944 0.0524257 0.00364131 0.00142574 0.0100765 0.133277 
0.791172 0.0233422 0.0417128 0.00525798 0.00198956 0.0105743 0.125951 
0.844931 0.0235042 0.043154 0.00516977 0.00165968 0.00984635 0.0717354 
0.8524 0.0232579 0.0355611 0.0061601 0.00282544 0.00970725 0.0700878 
0.839722 0.0330545 0.0339853 0.00839176 0.0034508 0.00998037 0.071415 
0.804968 0.0351728 0.0346907 0.00496732 0.0038884 0.00941804 0.106894 
0.77521 0.0270606 0.0392629 0.0056173 0.00365256 0.0101964 0.139 
