0.884684 0.0202937 0.0388902 0.0292699 0.00473692 0.00260691 0.019518 
0.883106 0.0217424 0.0377093 0.0351921 0.00528831 0.00180152 0.0151603 
0.878782 0.0198027 0.0378799 0.0376488 0.00516495 0.00220647 0.0185151 
0.876268 0.0207072 0.0389971 0.0364244 0.00551915 0.00214004 0.0199437 
0.866893 0.0212306 0.040087 0.0415426 0.00537172 0.00218527 0.0226897 
0.872637 0.0207841 0.041113 0.0328308 0.00391631 0.00243105 0.0262875 
0.880236 0.0207951 0.0388894 0.0278327 0.00390093 0.00250583 0.0258395 
0.887629 0.0226932 0.0374973 0.0243183 0.00334002 0.00249499 0.0220275 
0.878419 0.026247 0.0383516 0.0251995 0.00456722 0.00287333 0.0243425 
0.882451 0.0211465 0.0389992 0.0322105 0.0046317 0.00173171 0.0188291 
0.880336 0.0182779 0.0401103 0.0354627 0.00367527 0.00186403 0.0202734 
0.888553 0.0191475 0.0386082 0.0303595 0.00318068 0.00180959 0.0183412 
0.875931 0.0160817 0.0421591 0.0422924 0.0033909 0.00186528 0.01828 
0.883431 0.0162282 0.0416385 0.0362732 0.00276732 0.00222279 0.0174392 
0.885315 0.0151773 0.0400482 0.0380422 0.00262102 0.00263288 0.0161636 
0.880865 0.0140778 0.0411104 0.0418514 0.00297008 0.00227274 0.0168529 
0.892166 0.0153596 0.0377481 0.0318261 0.00320298 0.00241395 0.0172833 
0.885198 0.0159665 0.0354374 0.0416106 0.00380028 0.00203587 0.015951 
0.895219 0.0155991 0.0368158 0.0322418 0.00349368 0.00185959 0.0147709 
0.890804 0.015683 0.0386361 0.0308612 0.00382392 0.00197443 0.0182175 
0.87804 0.0126026 0.0419319 0.0410247 0.00359315 0.00231474 0.0204925 
0.885878 0.012636 0.0420918 0.0313721 0.0032539 0.00237033 0.0223976 
0.88226 0.0128079 0.0442919 0.0356075 0.00248183 0.00276249 0.0197884 
0.873017 0.01399 0.042938 0.0449874 0.00267601 0.00277415 0.0196178 
0.881919 0.0130602 0.0423728 0.0381109 0.00344825 0.00240215 0.0186866 
0.867609 0.0119488 0.0457312 0.0474808 0.00302079 0.00256995 0.0216392 
0.866524 0.0115553 0.0500565 0.0402515 0.00258178 0.00283198 0.0261994 
0.868344 0.0117992 0.0440691 0.0452004 0.00340882 0.00276506 0.0244135 
0.869498 0.0122581 0.0462514 0.0389468 0.0033423 0.00282264 0.0268809 
0.851813 0.0127301 0.04788 0.0535243 0.00303538 0.00244271 0.028575 
0.876768 0.0138742 0.0437178 0.0289955 0.00333044 0.00256363 0.0307503 
0.880699 0.0148039 0.0411939 0.0315839 0.00330097 0.00276052 0.0256579 
0.859939 0.0157563 0.0372434 0.0630849 0.00437747 0.00209499 0.0175038 
0.876011 0.0140701 0.0397487 0.0391753 0.00378533 0.00243506 0.024774 
0.865666 0.0136639 0.0400659 0.0499487 0.00434882 0.00258941 0.0237167 
0.828724 0.014309 0.0426092 0.0851067 0.00334302 0.00211652 0.0237917 
0.821192 0.0143249 0.040852 0.0902148 0.00546677 0.00211551 0.0258336 
0.876968 0.0240877 0.0313117 0.0292219 0.00818517 0.00331042 0.0269152 
0.86923 0.0182634 0.0373872 0.0365116 0.00470209 0.00316807 0.0307382 
0.857726 0.0151603 0.0446395 0.0417727 0.00311929 0.00248137 0.0351012 
0.860542 0.0150374 0.0480045 0.0415878 0.00261867 0.00258059 0.0296286 
0.866538 0.0132874 0.0488238 0.0334949 0.0021909 0.00302896 0.0326356 
0.879328 0.014517 0.0432364 0.032139 0.00306046 0.00313812 0.0245815 
0.862953 0.0149514 0.0455529 0.0512657 0.0024596 0.00279236 0.0200252 
0.855562 0.0134618 0.0486353 0.05292 0.00203065 0.00329356 0.0240967 
0.839172 0.0152153 0.0485538 0.0684769 0.00244837 0.00233048 0.0238026 
0.863608 0.0146161 0.0424576 0.0508074 0.0026291 0.00299966 0.0228822 
0.881093 0.015308 0.0404045 0.0348612 0.00275206 0.0027461 0.0228347 
0.872963 0.0155963 0.0418504 0.0424714 0.00293508 0.00234029 0.0218434 
0.875651 0.0181616 0.043833 0.0326348 0.00385561 0.00227612 0.0235883 
0.8731 0.0220482 0.0425569 0.036816 0.00376672 0.0022171 0.0194951 
0.869844 0.0223929 0.0432761 0.0407942 0.00287451 0.00221981 0.0185984 
0.876175 0.0224687 0.0412894 0.0319793 0.00438338 0.00240097 0.0213029 
0.872564 0.0230992 0.0368846 0.0439336 0.00387439 0.00191834 0.017726 
0.87845 0.0250598 0.0355378 0.0365656 0.00427859 0.00205155 0.0180569 
0.865805 0.0250298 0.0353852 0.0518203 0.00429642 0.00197276 0.0156905 
0.868834 0.0230827 0.0347069 0.0506528 0.00416826 0.00230656 0.016249 
0.865183 0.0302925 0.0317345 0.0481091 0.00678936 0.00213319 0.0157582 
0.867885 0.0281236 0.0310262 0.0477595 0.00736964 0.00206391 0.0157721 
0.868976 0.0230006 0.0359362 0.04812 0.00445442 0.00224588 0.0172673 
0.871148 0.0310475 0.0301175 0.0440746 0.00671986 0.00214543 0.0147468 
0.863756 0.0299152 0.031968 0.0519439 0.00576307 0.00186441 0.0147894 
0.870569 0.0246315 0.0321798 0.0481616 0.00663691 0.00219157 0.0156299 
0.862435 0.0278353 0.030042 0.0572501 0.00700974 0.0019931 0.0134345 
0.861478 0.0302691 0.0358065 0.0488091 0.00516062 0.00258043 0.0158965 
0.833444 0.025312 0.0724505 0.0328646 0.00265773 0.0143072 0.0189642 
0.674573 0.0111256 0.176728 0.00531809 0.00132578 0.100735 0.0301941 
0.562643 0.00537289 0.260598 0.00468595 6.16524E-4 0.126745 0.0393383 
0.819418 0.00827846 0.0993105 0.011818 0.00121366 0.0148828 0.0450781 
0.685464 0.0101628 0.154444 0.00654475 0.00132586 0.0823857 0.0596727 
0.528505 0.0133469 0.132077 0.0245042 0.00172404 0.24965 0.0501935 
0.530306 0.011688 0.132031 0.00929122 0.00225429 0.248015 0.0664144 
0.833762 0.00765137 0.0805269 0.0113301 8.68443E-4 0.0122956 0.053566 
0.867127 0.019322 0.058739 0.0132713 0.00309868 0.01564 0.0228022 
0.800852 0.0158877 0.0761781 0.00323005 0.00152079 0.0622866 0.0400443 
0.837455 0.0264492 0.048773 0.00940465 0.00221667 0.0450929 0.0306085 
0.771928 0.0295465 0.0467359 0.027348 0.00351365 0.0928837 0.0280442 
0.481334 0.0392211 0.0336681 0.0286704 0.00330887 0.381661 0.0321368 
0.414944 0.0515514 0.0355502 0.0972432 0.00497306 0.364748 0.030991 
0.842936 0.0332263 0.0355482 0.0221141 0.00537694 0.0378975 0.0229015 
0.873883 0.0376399 0.0317988 0.014962 0.00615176 0.0123593 0.0232054 
0.824164 0.0447046 0.0412577 0.0255994 0.00341646 0.0423764 0.0184812 
0.377656 0.037056 0.0510104 0.0339698 0.00141598 0.48361 0.015281 
0.283354 0.0525443 0.0319677 0.10621 0.00771181 0.496423 0.0217884 
0.294103 0.0253286 0.0317913 0.0319874 0.00305162 0.58635 0.0273879 
0.370007 0.0367981 0.0406942 0.0614478 0.00300927 0.459144 0.0288995 
0.466085 0.0396008 0.0410987 0.058821 0.0029607 0.360982 0.0304513 
0.661017 0.0374551 0.0431357 0.0272572 0.00450837 0.176932 0.0496942 
0.81373 0.063266 0.0306799 0.0127822 0.00810635 0.0478023 0.0236331 
0.827126 0.0745075 0.0345032 0.00826597 0.00543743 0.0221795 0.0279799 
0.841831 0.054865 0.0330018 0.0156705 0.00546172 0.0272573 0.0219129 
0.847925 0.0517582 0.033652 0.0171365 0.00574075 0.0219451 0.0218424 
0.855147 0.0467792 0.0354974 0.0135241 0.0042246 0.0237723 0.0210558 
0.86107 0.0445738 0.0341163 0.0200335 0.00393149 0.0187368 0.0175382 
0.86087 0.0427041 0.0379443 0.0160728 0.00449721 0.0182565 0.0196548 
0.787379 0.0409649 0.0249679 0.104924 0.0096141 0.0158483 0.0163024 
0.851132 0.0400008 0.0293699 0.039535 0.00511603 0.0176044 0.0172419 
0.874856 0.0322196 0.0273646 0.0321203 0.00505114 0.0142244 0.0141639 
0.8666 0.0315238 0.0302523 0.0382083 0.00458361 0.0125346 0.0162976 
0.876597 0.0239943 0.0345998 0.0282242 0.0033235 0.0141197 0.0191418 
0.857971 0.0381183 0.0297384 0.0484501 0.0042273 0.00680867 0.0146862 
0.860957 0.0465701 0.030442 0.0296602 0.00439754 0.0100052 0.0179676 
0.861416 0.0464586 0.0306562 0.0353715 0.00344196 0.0078017 0.0148544 
0.847151 0.0479872 0.0313421 0.0490255 0.0039304 0.00530999 0.0152539 
0.838688 0.0417456 0.033137 0.0576127 0.00369796 0.00777653 0.0173427 
0.847437 0.0458686 0.028137 0.0532414 0.0057698 0.0049106 0.0146361 
0.832808 0.0424221 0.0308487 0.0676896 0.0044317 0.00734182 0.0144583 
0.848713 0.0432386 0.0303119 0.0484174 0.00561578 0.00693941 0.0167639 
0.849649 0.043337 0.0305525 0.0516648 0.00470641 0.00593026 0.0141595 
0.85305 0.0425402 0.0306875 0.0486283 0.0052371 0.00571476 0.014142 
0.86259 0.0437333 0.0327679 0.0291492 0.00634448 0.00705282 0.0183618 
0.863155 0.0312985 0.0399481 0.0365473 0.00395633 0.00860051 0.0164945 
0.83462 0.0247539 0.063439 0.0429854 0.00305545 0.015131 0.0160156 
0.844143 0.0151918 0.0786213 0.0147528 0.0020141 0.0204455 0.0248316 
0.805745 0.0155349 0.0930841 0.010319 0.00159463 0.0406601 0.0330618 
0.661535 0.0175399 0.13955 0.0390449 0.00147961 0.105731 0.0351202 
0.380918 0.0147407 0.1994 0.0112589 0.00149372 0.355696 0.0364927 
0.507043 0.0122407 0.228994 0.00469241 0.00146569 0.194978 0.050586 
0.477716 0.00601532 0.274983 6.51749E-4 3.45163E-4 0.0320682 0.20822 
0.435764 0.0067153 0.277335 0.0015795 0.00117385 0.0879138 0.189519 
0.480938 0.0077053 0.268149 0.001769 0.00129297 0.134122 0.106023 
0.668585 0.0102582 0.1353 0.00147919 9.07205E-4 0.0669125 0.116558 
0.830796 0.0167359 0.0648002 0.0311032 0.00118378 0.0373915 0.0179889 
0.755426 0.0155668 0.0861349 0.0355703 0.00135293 0.0744205 0.0315281 
0.597511 0.030128 0.0654095 0.11747 0.00378831 0.157459 0.0282346 
0.61876 0.0182993 0.0949557 0.0564756 0.00280975 0.1513 0.057399 
0.636506 0.0177499 0.130427 0.138269 0.00242103 0.0456856 0.0289419 
0.661275 0.0127293 0.117137 0.0931147 0.00416148 0.0673678 0.0442155 
0.681087 0.0078178 0.159224 0.0200327 0.00206428 0.0461372 0.0836375 
0.794448 0.00888773 0.0978106 0.0333204 0.00477212 0.0174395 0.0433215 
0.784194 0.00851826 0.114825 0.0128433 0.00350115 0.0138797 0.0622388 
0.760377 0.00808058 0.121326 0.0101403 0.00244431 0.0166421 0.0809899 
0.814899 0.00999165 0.0920789 0.0243692 0.00441878 0.0085159 0.0457263 
0.76328 0.00857945 0.112956 0.0064402 0.00175221 0.0157276 0.0912647 
0.816859 0.0113098 0.0761661 0.0441817 0.00524564 0.00916776 0.03707 
0.816374 0.00963275 0.0901963 0.0214725 0.00288566 0.0111698 0.0482687 
0.7949 0.00912306 0.104356 0.0169597 0.00232904 0.010699 0.0616331 
0.871635 0.0274753 0.041041 0.0128405 0.00480148 0.0217939 0.0204132 
0.869345 0.0218715 0.0439712 0.0227344 0.00354728 0.0194661 0.0190645 
0.874312 0.019242 0.0430226 0.0172652 0.00368771 0.017521 0.0249498 
0.861347 0.0183446 0.0497557 0.0195846 0.00293656 0.0170841 0.0309473 
0.859605 0.0167126 0.0451354 0.0273254 0.00345243 0.0163937 0.0313757 
0.862903 0.0175668 0.0442193 0.0244306 0.00366396 0.0162565 0.0309596 
0.873205 0.0199711 0.0409911 0.0221248 0.00394163 0.0114614 0.0283051 
0.868288 0.0172116 0.0459277 0.0195679 0.0033473 0.0142175 0.0314401 
0.875274 0.0252577 0.036731 0.0253865 0.00442917 0.0109769 0.0219452 
0.879999 0.0208726 0.0384663 0.0234893 0.00325194 0.0112975 0.0226237 
0.871481 0.0220669 0.0361456 0.0338196 0.00494292 0.011391 0.0201526 
0.866576 0.0209128 0.0398123 0.0359624 0.00390746 0.0133744 0.0194542 
0.742092 0.0202476 0.0759285 0.104125 0.00328537 0.0377472 0.0165739 
0.377901 0.00927623 0.204514 0.0198342 0.00140449 0.333913 0.0531574 
0.303958 0.00494613 0.203889 6.77798E-4 7.48665E-4 0.371002 0.114778 
0.201085 0.0073621 0.396945 0.0110485 0.00388971 0.0470905 0.332579 
0.597179 0.00745027 0.207263 0.00307449 0.0054791 0.0633873 0.116168 
0.326722 0.0136163 0.134984 0.0340264 0.0103517 0.404066 0.0762339 
0.47662 0.0208875 0.0743088 0.0416907 0.0218711 0.291287 0.0733347 
0.658486 0.0244783 0.0607948 0.0243894 0.018451 0.159136 0.0542652 
0.578283 0.0208763 0.0743633 0.0297452 0.00680658 0.227836 0.0620904 
0.373756 0.0161812 0.105903 0.0242603 0.00362235 0.375154 0.101123 
0.221879 0.0125251 0.142387 0.0273032 0.00258203 0.432285 0.161039 
0.198651 0.00819618 0.330792 0.0138879 0.00411843 0.0755991 0.368755 
0.307161 0.00786171 0.223512 0.0048393 0.00178783 0.177989 0.276849 
0.395424 0.0159439 0.0599213 0.00325847 0.00211012 0.447408 0.0759351 
0.462384 0.0286899 0.0419148 0.012864 0.00186026 0.417339 0.0349476 
0.547927 0.0258503 0.0532955 0.013105 0.00267417 0.309564 0.047584 
0.641645 0.0317537 0.0476438 0.0132011 0.00395975 0.218733 0.0430641 
0.743633 0.0280194 0.0494987 0.034374 0.00302664 0.109103 0.0323446 
0.813846 0.0494923 0.0308455 0.0196277 0.00587566 0.0579553 0.0223577 
0.766853 0.0843858 0.0238235 0.0121673 0.0170156 0.0708835 0.0248708 
0.762919 0.102393 0.0232709 0.0130543 0.0228613 0.0543996 0.0211024 
0.772164 0.0930382 0.023168 0.0147739 0.0153148 0.0613845 0.020157 
0.738598 0.0591493 0.0271371 0.0724421 0.0056586 0.0793216 0.0176935 
0.673645 0.0455508 0.0377545 0.085821 0.00447611 0.128495 0.0242577 
0.631025 0.0474729 0.0377848 0.0432011 0.00558463 0.193532 0.0413993 
0.633114 0.0431537 0.0415355 0.0343044 0.00456717 0.1964 0.0469256 
0.745946 0.0451062 0.0435055 0.0336789 0.00438188 0.0939325 0.0334485 
0.722717 0.0409993 0.050978 0.0457705 0.00319186 0.0987604 0.0375829 
0.771262 0.0437912 0.0452418 0.0458114 0.00439756 0.0613572 0.0281388 
0.787169 0.0498352 0.0401956 0.0426945 0.00567429 0.0485381 0.0258932 
0.766518 0.0502699 0.0394968 0.0684436 0.00444582 0.0488934 0.0219328 
0.774642 0.0582424 0.0352378 0.0640786 0.0053838 0.0427105 0.0197048 
0.77784 0.055479 0.0365102 0.0527474 0.00538289 0.0487177 0.0233225 
0.758979 0.0740296 0.0299434 0.0759012 0.00729002 0.035306 0.0185505 
0.781274 0.05682 0.0344992 0.0490259 0.00631317 0.0482184 0.0238491 
0.776737 0.0706003 0.0316393 0.0507647 0.00793458 0.0409865 0.021338 
0.787796 0.0739357 0.0366608 0.0249633 0.00896843 0.0393799 0.0282955 
0.780893 0.0970379 0.0333434 0.0271289 0.00974879 0.0268242 0.0250237 
0.801038 0.090795 0.0364943 0.0126085 0.00955947 0.0222174 0.0272869 
0.820353 0.0762534 0.0310395 0.0223184 0.00973095 0.0179053 0.0223992 
0.81715 0.0813295 0.0296464 0.0295876 0.00860092 0.0141238 0.0195621 
0.807573 0.083641 0.0278402 0.0422093 0.00981226 0.0135459 0.0153788 
0.793983 0.0827388 0.023918 0.0667212 0.00849712 0.0112686 0.0128737 
0.811312 0.0728873 0.0247971 0.0605594 0.00825772 0.00942914 0.0127576 
0.816724 0.0735272 0.0267203 0.0516156 0.00562519 0.012228 0.0135596 
0.819286 0.0664636 0.0310573 0.0481043 0.00618201 0.0111625 0.0177446 
0.823729 0.0738008 0.0286145 0.0354089 0.00778114 0.0134478 0.0172183 
0.852358 0.0488911 0.0323476 0.0296813 0.00539242 0.0130074 0.018322 
0.824136 0.0706303 0.0284234 0.0373135 0.00832161 0.0133537 0.0178213 
0.806895 0.083692 0.0313316 0.033559 0.00765126 0.0161106 0.0207601 
0.810672 0.0820236 0.0278206 0.0359075 0.00983686 0.015969 0.0177708 
0.824471 0.0705052 0.0245519 0.0429902 0.010208 0.012591 0.0146824 
0.821767 0.0704679 0.0285742 0.0358404 0.00917398 0.0161938 0.0179823 
0.801355 0.0848847 0.0258239 0.0431058 0.0143027 0.0139021 0.0166254 
0.822185 0.0717356 0.0278284 0.0383354 0.0086379 0.0145687 0.0167089 
0.832963 0.0639081 0.0276469 0.0390445 0.00861028 0.0122667 0.0155601 
0.841645 0.0539017 0.030074 0.0296986 0.00604592 0.0173567 0.0212781 
0.8343 0.0606858 0.0287541 0.0355071 0.00829683 0.0134151 0.0190408 
0.850028 0.0486116 0.0322308 0.0290508 0.00557901 0.013304 0.0211956 
0.854332 0.0433895 0.032775 0.0353338 0.00492423 0.0115285 0.0177173 
0.84077 0.0481832 0.032707 0.0392362 0.00564327 0.0143821 0.0190779 
0.865641 0.0387306 0.0352551 0.0218173 0.00438688 0.014084 0.020085 
0.864048 0.0369077 0.036003 0.0270343 0.00538938 0.0125647 0.0180528 
0.855243 0.0435532 0.0331005 0.030305 0.00946912 0.0120095 0.01632 
0.852061 0.0436181 0.0308117 0.0368854 0.00952611 0.0107045 0.0163928 
0.8493 0.0367853 0.0286286 0.052519 0.00790421 0.0112191 0.0136434 
0.867502 0.0331574 0.0302724 0.0376376 0.00627262 0.0101037 0.0150539 
0.861731 0.046888 0.0254997 0.0295632 0.011711 0.00939293 0.015214 
0.86947 0.0409694 0.0282876 0.0275935 0.00762262 0.0102186 0.0158382 
0.873933 0.0364277 0.0285172 0.0299701 0.00669095 0.00853494 0.015926 
0.877847 0.0291071 0.0320464 0.031933 0.00583701 0.00767727 0.0155527 
0.861669 0.0404723 0.0288071 0.0333805 0.00773919 0.00889876 0.0190331 
0.87108 0.0331724 0.0335604 0.0292369 0.00637149 0.00843404 0.0181447 
0.862319 0.0378517 0.0326664 0.0354268 0.00679604 0.00741815 0.017522 
0.87231 0.0274468 0.0393529 0.0232106 0.0044044 0.0110415 0.0222336 
0.865911 0.0244968 0.0335551 0.0463628 0.0063529 0.00709893 0.0162221 
0.887769 0.0196816 0.0408359 0.0176855 0.00442657 0.00811674 0.0214848 
0.885256 0.0168053 0.042735 0.0202031 0.00323788 0.00732262 0.0244401 
0.880888 0.0167116 0.0457382 0.0174347 0.00265029 0.00826766 0.0283099 
0.88727 0.0172166 0.0406214 0.0182378 0.00433303 0.00757096 0.0247503 
0.882981 0.0150833 0.0486254 0.0155143 0.00348818 0.00704408 0.0272638 
0.879904 0.0133047 0.0546778 0.0117417 0.00307285 0.00724322 0.0300555 
0.872275 0.0159666 0.0535179 0.0101618 0.00492296 0.00826956 0.0348864 
0.861996 0.0134371 0.0605983 0.0103586 0.00416149 0.00707334 0.0423751 
0.866753 0.0122318 0.0609683 0.0129957 0.00485455 0.00656224 0.0356349 
0.868729 0.0139467 0.0561643 0.0109347 0.00438173 0.0074818 0.0383616 
0.878766 0.0159396 0.0464611 0.0153125 0.00849314 0.00479161 0.0302361 
0.880083 0.0151686 0.0497317 0.0121421 0.00508262 0.00614356 0.0316481 
0.88355 0.01451 0.0463178 0.0137794 0.00623992 0.00440091 0.0312022 
0.8614 0.0128756 0.0571091 0.00832209 0.00517504 0.00516018 0.0499578 
0.84932 0.0123931 0.0566645 0.00664914 0.00476423 0.00562663 0.0645829 
0.852659 0.0157645 0.053404 0.00794829 0.00754362 0.0065625 0.0561185 
0.804456 0.00613988 0.0778315 0.00945884 0.00146172 0.0029982 0.0976539 
0.846102 0.00652072 0.0644836 0.0172605 0.00161049 0.00220689 0.0618159 
0.819799 0.00581187 0.0725096 0.0112491 0.00127149 0.00316538 0.0861933 
0.831552 0.00661892 0.0631332 0.0413074 0.0022008 0.0024149 0.0527724 
0.81381 0.00565009 0.0735158 0.0260392 0.00144856 0.00285654 0.07668 
0.824528 0.00688014 0.0709821 0.0142419 0.00114734 0.0027673 0.0794534 
0.838156 0.00720556 0.0652191 0.0209412 0.00129239 0.00237305 0.0648131 
0.860455 0.00781112 0.0567699 0.0163881 0.00142647 0.00242563 0.0547239 
0.868556 0.00865649 0.0513729 0.0240223 0.00160604 0.0022075 0.0435791 
0.850573 0.00766939 0.0569538 0.0276605 0.00137643 0.00305492 0.0527115 
0.866313 0.00955291 0.0512549 0.0302442 0.00151768 0.00238182 0.0387351 
0.851634 0.00759365 0.0556494 0.0349803 0.00151272 0.00251783 0.0461117 
0.854005 0.00873406 0.0522846 0.0290702 0.00173276 0.00298481 0.0511887 
0.832806 0.00876156 0.0655705 0.0201833 0.00107681 0.00439523 0.0672068 
0.84351 0.0108528 0.064073 0.00964662 0.00135938 0.00473096 0.0658277 
0.838819 0.00923798 0.0687576 0.00876361 0.00176665 0.0051209 0.0675347 
0.829469 0.00764876 0.0813868 0.0148856 0.00107269 0.00409669 0.0614409 
0.848963 0.011198 0.0684391 0.0223866 0.00119297 0.00259785 0.0452225 
0.846909 0.013394 0.0582529 0.00528421 0.00148221 0.0076642 0.0670139 
0.858319 0.016361 0.0554666 0.006109 0.00220901 0.00594887 0.0555864 
0.859854 0.0122315 0.0600596 0.0122909 0.00192435 0.00466831 0.0489714 
0.861443 0.0116566 0.0572693 0.0217127 0.00207807 0.00346043 0.0423797 
0.841669 0.00865754 0.0773537 0.0245936 0.00115246 0.00357406 0.0429996 
0.848108 0.00975169 0.0685238 0.0312621 0.00145649 0.00343136 0.0374663 
0.833787 0.009599 0.0676889 0.0282193 0.00127192 0.00460015 0.054834 
0.880208 0.013561 0.0467485 0.027057 0.00187496 0.00259724 0.0279536 
0.881139 0.0155298 0.0433966 0.0285172 0.00206268 0.00262309 0.0267319 
0.864069 0.0162961 0.0407906 0.0436329 0.00281796 0.00226879 0.0301245 
0.868371 0.0177961 0.0352405 0.0390574 0.00320292 0.00199577 0.0343358 
0.865889 0.019607 0.0361257 0.0432236 0.00281096 0.00213205 0.0302116 
0.859359 0.0198149 0.035743 0.0550295 0.00302672 0.00199508 0.0250322 
0.861246 0.0200125 0.0331194 0.0550853 0.00298451 0.00189779 0.0256545 
0.843779 0.0212378 0.0334369 0.0686248 0.0032029 0.00194694 0.0277713 
0.842642 0.0201327 0.0391214 0.0655828 0.00247425 0.00143402 0.0286128 
0.743918 0.0270586 0.0318698 0.108706 0.00504121 0.00111356 0.0822931 
0.740809 0.0327262 0.0259425 0.103113 0.00688246 0.00138553 0.0891416 
0.703213 0.0418769 0.0301071 0.11475 0.00514743 0.00176337 0.103142 
0.616212 0.0617601 0.0311482 0.164283 0.00816437 0.00319032 0.115243 
0.578501 0.0582908 0.0390214 0.169146 0.00849955 0.00418774 0.142354 
0.612761 0.0511412 0.0304494 0.194917 0.00718241 0.00264694 0.100902 
0.538482 0.0611208 0.0370891 0.190347 0.012782 0.00511437 0.155064 
0.405902 0.0663154 0.0398913 0.246451 0.0172798 0.00746926 0.216691 
0.306164 0.0736468 0.0429287 0.194215 0.0235481 0.00867876 0.350819 
0.294523 0.0826756 0.0418667 0.196055 0.0256547 0.00906913 0.350156 
0.312477 0.0874565 0.0419793 0.183673 0.0237487 0.00885871 0.341806 
0.811866 0.0631083 0.0248566 0.029143 0.00294764 0.00375176 0.0643266 
0.824181 0.0468768 0.0273457 0.0339796 0.00256476 0.00329647 0.0617553 
0.83743 0.0486053 0.0218398 0.0478237 0.00356697 0.00259129 0.0381429 
0.822647 0.0347365 0.0251324 0.0508892 0.0028837 0.00311055 0.060601 
0.847162 0.0320429 0.0257988 0.0304499 0.0029608 0.00352605 0.0580596 
0.843168 0.0367397 0.0231889 0.0349371 0.00321753 0.00351245 0.0552367 
0.848232 0.0361617 0.0238686 0.0383905 0.00272589 0.00386825 0.0467528 
0.846322 0.0495468 0.0203743 0.0377191 0.00371823 0.00338199 0.0389377 
0.844616 0.0460768 0.0216241 0.0395125 0.00345876 0.00318919 0.0415228 
0.839573 0.04593 0.0220862 0.041247 0.00346939 0.00315464 0.0445402 
0.846183 0.0374111 0.0238791 0.0456206 0.00269918 0.00334545 0.0408614 
0.843383 0.0342385 0.0255204 0.0477623 0.00244232 0.00319854 0.0434545 
0.84742 0.0302684 0.0251335 0.0296274 0.00259273 0.00443747 0.0605207 
0.830933 0.0282692 0.0277683 0.0238028 0.00233902 0.00490779 0.0819796 
0.826844 0.0326897 0.0268895 0.0271665 0.00251524 0.00435424 0.0795411 
0.829641 0.0284502 0.0291901 0.0352461 0.00201775 0.00441013 0.071045 
0.832941 0.0302173 0.0256022 0.0490637 0.00289903 0.00347007 0.055807 
0.832528 0.0284324 0.0273409 0.0454651 0.00263108 0.00335752 0.0602447 
0.813878 0.0270948 0.0285585 0.0657178 0.00239254 0.00334656 0.0590117 
0.831122 0.0278632 0.0273632 0.0393237 0.00248245 0.00444322 0.067402 
0.838219 0.0292099 0.0260571 0.0421461 0.00275797 0.00390146 0.0577088 
0.803736 0.0253368 0.0304037 0.0524915 0.00275877 0.00390497 0.0813684 
0.83305 0.0245845 0.0299466 0.0498433 0.00289334 0.00305363 0.0566289 
0.83905 0.0198695 0.0330559 0.0274853 0.00227672 0.00421851 0.0740437 
0.871183 0.0211079 0.0332097 0.0220874 0.00239706 0.0039688 0.046046 
0.866815 0.0235532 0.0315983 0.0191091 0.00291898 0.00541966 0.050586 
0.865743 0.0390276 0.0265259 0.00955836 0.00573648 0.0095589 0.0438496 
0.867593 0.0335293 0.0267642 0.016275 0.00488969 0.00681058 0.0441385 
0.868684 0.0273988 0.0295148 0.021355 0.00345396 0.00613094 0.0434628 
0.846084 0.0174478 0.040947 0.0134584 0.00177234 0.00751883 0.0727722 
0.861346 0.0185695 0.0370764 0.0165074 0.00197414 0.00681686 0.0577098 
0.863707 0.0198793 0.0352375 0.0223316 0.00223235 0.00549439 0.0511178 
0.870753 0.0244011 0.0304938 0.021184 0.00305249 0.00572856 0.0443874 
0.866544 0.0233475 0.0314308 0.026154 0.00266624 0.00528504 0.0445721 
0.868296 0.0233571 0.0319843 0.0258976 0.00224104 0.00539316 0.0428305 
0.87064 0.0179209 0.0359679 0.0244553 0.00241132 0.00455637 0.0440481 
0.867378 0.0186972 0.0372449 0.0272046 0.00226309 0.00489215 0.0423201 
0.867556 0.0209392 0.0336911 0.0269405 0.00255436 0.00539407 0.0429251 
0.868069 0.0202635 0.0342801 0.022524 0.00226626 0.0059777 0.0466198 
0.864873 0.0231613 0.0349702 0.0198522 0.00242529 0.0053245 0.0493939 
0.867109 0.0204549 0.0347872 0.0201549 0.00205297 0.00553281 0.0499079 
0.873668 0.0237689 0.0321409 0.0178558 0.00224864 0.0054453 0.0448726 
0.867747 0.0199694 0.0362387 0.0158505 0.00195064 0.00598982 0.0522538 
0.871545 0.0199714 0.035746 0.0187363 0.00218986 0.00453238 0.0472791 
0.867072 0.0202436 0.036776 0.0158255 0.00205322 0.00483256 0.0531975 
0.870798 0.0195153 0.0367084 0.0188062 0.00194296 0.00470085 0.0475285 
0.874065 0.0215406 0.0359537 0.0150627 0.00175813 0.00543602 0.0461839 
0.878747 0.0219516 0.0349302 0.0154771 0.00180276 0.00455725 0.0425339 
0.878365 0.0222049 0.0329343 0.014966 0.00209892 0.00444023 0.0449902 
0.875584 0.0216697 0.0337763 0.0178564 0.00228 0.0038792 0.0449543 
0.881385 0.0227 0.0323504 0.0184168 0.00239131 0.00390105 0.0388556 
0.877257 0.0224512 0.0334743 0.0192252 0.0021821 0.00444835 0.0409622 
0.872924 0.0235373 0.0343244 0.0211869 0.0020437 0.00426492 0.0417187 
0.867746 0.0194123 0.0376688 0.0182276 0.00184862 0.00435282 0.0507436 
0.863817 0.0226957 0.0372498 0.0191253 0.00215351 0.00377638 0.0511822 
0.85633 0.0172983 0.0388133 0.0259628 0.00175779 0.00449385 0.0553441 
0.870267 0.0232913 0.0355131 0.021405 0.00209226 0.00428622 0.0431455 
0.859237 0.0200632 0.0373334 0.0225824 0.00193271 0.00406423 0.0547871 
0.865792 0.0193428 0.0379802 0.0207972 0.00196776 0.00392153 0.0501981 
0.862809 0.0230495 0.0355972 0.0204231 0.00199777 0.00468279 0.0514409 
0.853635 0.0198342 0.0383926 0.0270378 0.00184994 0.0042275 0.0550225 
0.863906 0.0212555 0.0381876 0.023881 0.00193665 0.00403729 0.0467963 
0.86692 0.0226825 0.0349996 0.0258377 0.00222219 0.00427387 0.0430642 
0.858004 0.0254753 0.0329217 0.0375638 0.00233535 0.00362342 0.0400762 
0.855037 0.0233497 0.0334939 0.0436218 0.00261526 0.00422167 0.0376604 
0.853978 0.0342277 0.024259 0.0553268 0.00404685 0.00349904 0.0246632 
0.86257 0.0232864 0.0338107 0.0128429 0.00204236 0.0057748 0.0596724 
0.875009 0.0256088 0.0281124 0.0291763 0.00340126 0.00431658 0.0343753 
0.831612 0.0207286 0.0449503 0.0104843 0.00129321 0.00633098 0.0846008 
0.851891 0.0201703 0.0378349 0.0184889 0.00200519 0.00447003 0.0651401 
0.822194 0.0194295 0.0440045 0.0105669 0.00146934 0.00579692 0.0965389 
0.84954 0.0220936 0.0387657 0.0144122 0.00189966 0.00448516 0.0688038 
0.844166 0.021288 0.0379984 0.0145096 0.00220906 0.00513561 0.0746937 
0.85383 0.0243598 0.0370468 0.0119268 0.00216049 0.00539342 0.0652828 
0.859721 0.0219871 0.0360609 0.01585 0.00232905 0.00520614 0.0588458 
0.850416 0.0162335 0.0431037 0.0141797 0.00168033 0.00591795 0.0684691 
0.86524 0.0219996 0.0331431 0.027719 0.00339845 0.00403494 0.0444645 
0.857588 0.0182536 0.0427176 0.0187252 0.00190237 0.00494196 0.0558711 
0.872152 0.0204983 0.0299569 0.0349381 0.00300623 0.00393293 0.035515 
0.856657 0.0177566 0.0377293 0.0238311 0.00218101 0.00506004 0.0567851 
0.85822 0.0206484 0.0315746 0.0424753 0.00349137 0.00334382 0.0402461 
0.851765 0.0171629 0.0373233 0.0288247 0.00290915 0.00445258 0.0575619 
0.86364 0.0183389 0.0340757 0.0321652 0.00261141 0.00414467 0.0450243 
0.857088 0.0190398 0.0349162 0.0336671 0.00273749 0.00395351 0.0485976 
0.867709 0.0192011 0.0352094 0.0244026 0.00275033 0.00399975 0.0467279 
0.85897 0.0205969 0.0341494 0.046388 0.00300917 0.00308817 0.0337981 
0.86927 0.0213474 0.0314649 0.0335324 0.00266252 0.00366865 0.0380545 
0.865031 0.0223846 0.0294386 0.0383322 0.00368542 0.00289287 0.0382349 
0.869003 0.0173308 0.0298496 0.0300148 0.00353943 0.00329826 0.0469645 
0.880801 0.0186346 0.0287487 0.0280007 0.00392766 0.0027974 0.0370904 
0.84038 0.0141906 0.0386833 0.0267882 0.00265175 0.00364558 0.073661 
0.865802 0.0143395 0.0351284 0.020324 0.00279475 0.00390507 0.057706 
0.860419 0.0144314 0.0362619 0.0258241 0.0029195 0.00323616 0.056908 
0.875058 0.0162079 0.032729 0.0251323 0.00319067 0.00327468 0.0444076 
0.880744 0.0184647 0.0281698 0.0217133 0.00396402 0.00346754 0.0434767 
0.874178 0.0166251 0.0321853 0.0201882 0.00299674 0.00392179 0.0499047 
0.871272 0.0196371 0.0314643 0.0252793 0.00262755 0.00364037 0.0460798 
0.857753 0.0175165 0.035413 0.028491 0.00251956 0.00334758 0.054959 
0.857082 0.0179953 0.034294 0.0291725 0.00302161 0.00301854 0.0554161 
0.828923 0.0161738 0.0363465 0.0195538 0.00268001 0.00404146 0.092282 
0.863691 0.0148876 0.0377421 0.0208522 0.00189677 0.0032596 0.0576705 
0.859796 0.0140368 0.0412558 0.023019 0.00186644 0.00300772 0.0570182 
0.843033 0.0139754 0.0412212 0.0197728 0.00194372 0.00392436 0.0761291 
0.844967 0.0153536 0.0361496 0.019728 0.0028374 0.00318307 0.0777813 
0.819699 0.0130459 0.0457772 0.0127788 0.00164499 0.00362623 0.103428 
0.862007 0.0138044 0.0374615 0.01665 0.00222527 0.00321042 0.0646413 
0.834096 0.0142258 0.042853 0.0137821 0.00190243 0.00381574 0.0893247 
0.852084 0.0172073 0.0357871 0.015061 0.00252096 0.00336801 0.0739718 
0.839973 0.0177692 0.0370354 0.0181026 0.00286605 0.00326511 0.0809887 
0.866522 0.0168863 0.0325043 0.0228229 0.00305732 0.00248475 0.0557222 
0.872262 0.0151767 0.0343008 0.0277103 0.0026517 0.002629 0.0452692 
0.870266 0.0155843 0.0357259 0.032391 0.00282718 0.00218807 0.0410173 
0.864055 0.0141489 0.0379065 0.0296488 0.00272769 0.00213857 0.0493743 
0.858598 0.0150853 0.0349023 0.0368637 0.00321544 0.00229381 0.049041 
0.852595 0.0140845 0.0389016 0.0317794 0.00263392 0.00235199 0.0576538 
0.85464 0.0148941 0.0379603 0.0331406 0.00265936 0.00221731 0.0544882 
0.849013 0.0136131 0.0409507 0.0251715 0.00227479 0.00240599 0.0665708 
0.859128 0.0150144 0.0355303 0.0321335 0.00303279 0.00230255 0.0528587 
0.862631 0.0157329 0.0347133 0.0302224 0.00353925 0.0020943 0.0510664 
0.848233 0.0145229 0.0401708 0.0275299 0.00225151 0.00210678 0.0651847 
0.842484 0.0159967 0.0381384 0.0252404 0.00241161 0.00235613 0.0733726 
0.813443 0.0151512 0.0424363 0.0270676 0.0023899 0.00218291 0.0973296 
0.823428 0.0154939 0.0421212 0.0282699 0.00208013 0.00226098 0.0863456 
0.818941 0.0148336 0.0417225 0.032018 0.00204287 0.0020186 0.0884232 
0.807252 0.0160429 0.0395715 0.0386773 0.00256534 0.0016092 0.0942822 
0.767431 0.0215064 0.035517 0.0402441 0.00388866 0.00161523 0.129797 
0.744189 0.0301519 0.0335041 0.0651977 0.00431588 0.00143069 0.121211 
0.702469 0.0357883 0.0344582 0.0669176 0.00587804 0.00151705 0.152972 
0.720623 0.0407329 0.0320321 0.0767385 0.00552667 0.00148948 0.122858 
0.684742 0.0420563 0.0334016 0.0914471 0.00621625 0.00163983 0.140497 
0.617018 0.0485105 0.0380478 0.0963953 0.00688345 0.00214536 0.191 
0.627561 0.0436254 0.0392849 0.0931935 0.00594241 0.00204376 0.188349 
0.636011 0.0445108 0.037225 0.0868626 0.00723071 0.00200588 0.186154 
0.592819 0.0453931 0.0422869 0.0865424 0.00601975 0.00221981 0.224719 
0.766657 0.0364485 0.0373554 0.034565 0.00278188 0.00191603 0.120276 
0.854117 0.0256969 0.0415031 0.00724435 0.00217163 0.00444803 0.0648194 
0.831456 0.0184091 0.0460395 0.00696053 0.00141042 0.00404228 0.0916826 
0.812296 0.0188472 0.0453647 0.00768395 0.00176921 0.00413245 0.109907 
0.82974 0.0204966 0.0426918 0.00789086 0.00187014 0.00445133 0.0928598 
0.865193 0.019997 0.0375042 0.0143087 0.00242539 0.00312767 0.0574437 
0.857773 0.0201688 0.0360763 0.0145718 0.0022547 0.00306222 0.0660933 
0.856214 0.0182449 0.0391599 0.0184138 0.00222266 0.00252469 0.0632204 
0.847857 0.0183745 0.0394226 0.0190155 0.00238917 0.00282057 0.0701202 
0.849932 0.0177272 0.0385464 0.0173973 0.00241533 0.00284712 0.0711341 
0.842502 0.0181627 0.0393192 0.0183425 0.00246099 0.00255351 0.0766587 
0.837966 0.017868 0.0412142 0.0194308 0.00215125 0.00238218 0.0789875 
0.832097 0.0197951 0.0396329 0.0175106 0.00261876 0.00235666 0.085989 
0.875842 0.020699 0.0318095 0.0230733 0.00351669 0.00218881 0.0428703 
0.86349 0.0199369 0.0307018 0.0324862 0.00339148 0.00215979 0.0478342 
0.870313 0.0204702 0.0289838 0.0303346 0.003723 0.00231145 0.0438642 
0.859937 0.0191578 0.0310819 0.0364495 0.00378606 0.00200159 0.047586 
0.862892 0.0195718 0.0301927 0.036547 0.00371037 0.00190813 0.0451782 
0.856351 0.0186294 0.031306 0.0455888 0.00343045 0.00196569 0.0427291 
0.867739 0.020399 0.0284664 0.0357321 0.00374267 0.00221 0.0417109 
0.84899 0.0205029 0.0276695 0.0500035 0.00539953 0.00178754 0.0456468 
0.858171 0.0197737 0.0303835 0.0363715 0.00399016 0.00194118 0.0493691 
0.858012 0.0198806 0.0295934 0.0458475 0.0041959 0.00173007 0.0407403 
0.846839 0.0193038 0.0303853 0.0489918 0.00387381 0.00166641 0.0489399 
0.83827 0.0208826 0.0325919 0.0534747 0.00338467 0.00151231 0.0498839 
0.843714 0.0190948 0.0329158 0.047983 0.00344168 0.00154258 0.0513077 
0.838354 0.0179823 0.0358288 0.0559713 0.00298562 0.00147917 0.0473986 
0.853699 0.0203478 0.0291112 0.0459849 0.00432721 0.00146981 0.0450603 
0.858129 0.0206414 0.0295068 0.0397136 0.00364304 0.00156321 0.0468031 
0.854092 0.0218612 0.029399 0.0359246 0.0045357 0.00139655 0.0527909 
0.848091 0.0190722 0.0305854 0.0393256 0.0041024 0.0014026 0.0574212 
0.847386 0.0336623 0.0241244 0.0189952 0.00631976 0.00232061 0.0671918 
0.828464 0.0237074 0.0295061 0.0297042 0.00479778 0.00188043 0.0819396 
0.812998 0.0220468 0.0312074 0.0344388 0.00407407 0.00174929 0.0934856 
0.773932 0.0277128 0.03165 0.0358665 0.00488215 0.00184489 0.124112 
0.67587 0.0455902 0.0276126 0.0255293 0.0116118 0.0020724 0.211714 
0.60399 0.0451226 0.0281141 0.0503635 0.0137368 0.00192138 0.256752 
0.57944 0.0425911 0.0345773 0.0513481 0.00945719 0.00203172 0.280554 
0.428952 0.0513476 0.0368431 0.0629418 0.0133699 0.00273545 0.40381 
0.463434 0.0482 0.0416937 0.0799842 0.00874406 0.00298993 0.354954 
0.470328 0.0549253 0.0419093 0.0918944 0.00905888 0.00333128 0.328553 
0.452948 0.0514218 0.0452674 0.0906902 0.00774936 0.00333113 0.348592 
0.466007 0.0511616 0.0473562 0.111977 0.00963081 0.00376152 0.310106 
0.476432 0.0446378 0.0464175 0.0992585 0.00795115 0.00325524 0.322048 
0.43888 0.0440852 0.0441983 0.0554935 0.00671887 0.00253682 0.408087 
0.421528 0.0441836 0.0475352 0.0825701 0.00775867 0.00289475 0.39353 
0.499208 0.050147 0.0417393 0.0953832 0.00947899 0.00292971 0.301114 
0.576108 0.0463694 0.0349392 0.0896842 0.010445 0.00246167 0.239993 
0.578206 0.0476434 0.0353073 0.0626358 0.0087477 0.002273 0.265187 
0.570729 0.048443 0.0358536 0.0660039 0.00973791 0.00235939 0.266873 
0.547698 0.0532636 0.0375572 0.0669194 0.00958168 0.00243013 0.28255 
0.549502 0.0517497 0.0349148 0.0767622 0.0112494 0.00253987 0.273282 
0.523634 0.049273 0.0379456 0.071478 0.0102633 0.00252143 0.304885 
0.54318 0.0452335 0.041193 0.107488 0.0118043 0.0028569 0.248245 
0.583743 0.0419161 0.0347875 0.11784 0.0119667 0.00273224 0.207015 
0.594901 0.0489015 0.0371945 0.102787 0.0109029 0.00263458 0.202679 
0.568169 0.0462778 0.0403787 0.0964293 0.010353 0.00265059 0.235741 
0.535359 0.0527036 0.0393405 0.0893688 0.00941729 0.00284435 0.270967 
0.524385 0.0631256 0.0340247 0.0858778 0.0146317 0.00300458 0.274951 
0.542708 0.0543215 0.0396982 0.0691212 0.00762671 0.00246146 0.284063 
0.563361 0.0662751 0.0325409 0.0888859 0.0123613 0.00286915 0.233707 
0.584575 0.0508101 0.0355938 0.0704173 0.00844782 0.00242204 0.247734 
0.583083 0.0553261 0.0362738 0.0811411 0.00864199 0.00248326 0.233051 
0.595775 0.0530355 0.0363979 0.0822123 0.00787441 0.00249034 0.222215 
0.554351 0.0553978 0.0379233 0.0761545 0.00876486 0.00257305 0.264835 
0.614291 0.0508991 0.0344852 0.0761373 0.00872794 0.00222789 0.213231 
0.580301 0.0550119 0.0362066 0.066973 0.0087328 0.0023235 0.250452 
0.618637 0.0482427 0.0348899 0.0948561 0.0112001 0.00248158 0.189693 
0.668518 0.0438061 0.0330463 0.0872854 0.00877489 0.00209857 0.156471 
0.652706 0.0505119 0.0287918 0.0830941 0.0119159 0.00211369 0.170866 
0.655851 0.0455222 0.0318394 0.10072 0.0125559 0.00229375 0.151218 
0.642548 0.0530507 0.0257999 0.0878422 0.0141553 0.00227786 0.174326 
0.635271 0.0512996 0.027426 0.0823764 0.0125369 0.00220016 0.18889 
0.658867 0.0475889 0.0274199 0.0799811 0.0137936 0.00193588 0.170413 
0.652835 0.0434736 0.0313138 0.0741112 0.0104499 0.00199517 0.185821 
0.632348 0.0490662 0.0313137 0.0793306 0.0105992 0.00202488 0.195318 
0.608127 0.0555435 0.0330351 0.083027 0.0121268 0.00233443 0.205807 
0.548934 0.0400928 0.0422251 0.0885808 0.00717659 0.00232621 0.270664 
0.545356 0.0401505 0.0429027 0.0771307 0.00638687 0.00224595 0.285827 
0.635945 0.0411218 0.0338536 0.0572063 0.0068822 0.00178507 0.223207 
0.587574 0.0489014 0.0379112 0.0482244 0.00677911 0.00197143 0.268639 
0.614558 0.0371389 0.0383129 0.0499516 0.00733547 0.00189501 0.250808 
0.595551 0.0378288 0.0407059 0.0550743 0.00666671 0.00182337 0.26235 
0.620137 0.0376207 0.0424889 0.0549358 0.00551642 0.00179306 0.237508 
0.663071 0.0514282 0.0326979 0.0526726 0.00892679 0.00157855 0.189625 
0.682257 0.0439624 0.0331679 0.0536597 0.00665166 0.0014612 0.17884 
0.644404 0.0514232 0.0302558 0.0622755 0.0101455 0.00169103 0.199805 
0.615244 0.0493831 0.0343449 0.0527609 0.00853331 0.0017813 0.237953 
0.646913 0.0441637 0.0296535 0.0741145 0.00858831 0.00178999 0.194777 
0.663881 0.0392929 0.0315768 0.0627548 0.00642384 0.00159773 0.194473 
0.658938 0.0407609 0.0298566 0.063645 0.00962257 0.00169563 0.195482 
0.55499 0.035584 0.0420322 0.0643374 0.00705098 0.00189029 0.294115 
0.560133 0.0361831 0.0411377 0.0524886 0.00681581 0.00183992 0.301402 
0.577105 0.0407338 0.0362917 0.0495502 0.0102897 0.00187529 0.284155 
0.595836 0.0454321 0.033346 0.0563432 0.0117226 0.00182624 0.255494 
0.627991 0.0397316 0.0308329 0.0565265 0.0115365 0.00169292 0.231689 
0.591019 0.0395051 0.0345388 0.0510701 0.0091642 0.00172089 0.272982 
0.580566 0.0419166 0.0325 0.0423293 0.0107806 0.00184897 0.290058 
0.610548 0.0408498 0.0325991 0.0506142 0.0103128 0.00175226 0.253323 
0.598973 0.0478548 0.0333339 0.0533297 0.0100055 0.00179578 0.254707 
0.550097 0.0466744 0.0340513 0.0423081 0.0124793 0.0019202 0.31247 
0.495507 0.0494427 0.0372089 0.0345166 0.0107774 0.00210643 0.370441 
0.497622 0.0445212 0.0377802 0.0340854 0.00927053 0.00210466 0.374616 
0.510526 0.045291 0.0363347 0.0415545 0.0104202 0.00204224 0.353831 
0.482492 0.0416176 0.0386951 0.0372866 0.00906082 0.0019983 0.38885 
0.44664 0.0403052 0.0380108 0.0320679 0.00946831 0.00214996 0.431357 
0.484901 0.0392869 0.0381696 0.0340481 0.00972 0.00204426 0.39183 
0.527724 0.040492 0.0370273 0.0363925 0.0108676 0.00204154 0.345455 
0.574501 0.0422158 0.0357355 0.0474654 0.0115877 0.00191371 0.286581 
0.488688 0.0412566 0.0415909 0.0541208 0.00978322 0.00210717 0.362454 
0.505264 0.0415484 0.039677 0.0513896 0.00864667 0.00199567 0.351479 
0.519083 0.0407705 0.0402463 0.0546203 0.0088085 0.00206223 0.334409 
0.572946 0.0412784 0.0369551 0.0672195 0.0109148 0.00196838 0.268718 
0.524117 0.0372368 0.0410819 0.0810607 0.00926223 0.00222816 0.305013 
0.524224 0.0443534 0.0445674 0.0954805 0.00990513 0.00261773 0.278852 
0.589093 0.039908 0.0394818 0.0845201 0.00894798 0.00207667 0.235973 
0.619116 0.0297382 0.0403845 0.101339 0.00893725 0.00215345 0.198331 
0.453111 0.0285075 0.0502435 0.0805142 0.00949804 0.0024768 0.375649 
0.505199 0.0328541 0.0507492 0.0975007 0.010594 0.00263845 0.300464 
0.346309 0.0469807 0.0440852 0.0400978 0.0128919 0.0027967 0.506839 
0.359535 0.0401166 0.052354 0.0159637 0.00479883 0.00238825 0.524844 
0.458567 0.0360428 0.0535158 0.0355955 0.00599186 0.00192027 0.408367 
0.398442 0.0302208 0.0518839 0.0333561 0.00545336 0.00174719 0.478896 
0.61998 0.0319803 0.043038 0.0653149 0.00834206 0.00156222 0.229783 
0.585624 0.031392 0.0418705 0.0585847 0.00760046 0.00171687 0.273212 
0.54492 0.0385618 0.0414431 0.0541644 0.00932208 0.00188047 0.309708 
0.604535 0.038005 0.0403177 0.0588926 0.00925376 0.00186073 0.247135 
0.510005 0.0356449 0.0448472 0.0445947 0.00720244 0.00199272 0.355713 
0.545041 0.0376751 0.0434789 0.0362374 0.00857584 0.00181722 0.327174 
0.452657 0.0346132 0.049947 0.0240406 0.00533765 0.00189888 0.431505 
0.508653 0.0393215 0.0452418 0.0424519 0.00698665 0.00186115 0.355484 
0.501775 0.0379817 0.0468439 0.0351132 0.00729532 0.00184681 0.369144 
0.560391 0.0432837 0.0426663 0.0409359 0.00801706 0.00184137 0.302864 
0.483543 0.0544896 0.0416919 0.0236155 0.00915124 0.00226367 0.385245 
0.577763 0.0353364 0.0470285 0.0332079 0.0055312 0.00176527 0.299367 
0.575511 0.0395708 0.0420966 0.0427433 0.0052981 0.00178918 0.292991 
0.600566 0.0338828 0.0438822 0.0554095 0.00530426 0.0017064 0.259249 
0.648006 0.0349963 0.0384996 0.0581808 0.00618919 0.00146554 0.212663 
0.590367 0.0354041 0.0422907 0.0524266 0.00540082 0.00170461 0.272406 
0.541563 0.0436359 0.0413526 0.048264 0.00742776 0.00190775 0.315849 
0.588161 0.0423446 0.0416317 0.0603019 0.00838584 0.00178878 0.257386 
0.545575 0.0391214 0.0410598 0.0568208 0.0083748 0.00190165 0.307146 
0.572233 0.0390236 0.0414106 0.054019 0.00882044 0.0017638 0.28273 
0.615799 0.0341651 0.0407783 0.0632597 0.006732 0.00161784 0.237648 
0.259279 0.0368057 0.0620477 0.00732459 0.00299021 0.00318446 0.628368 
0.421436 0.0197057 0.0629106 0.00695822 0.00207066 0.00216293 0.484756 
