0.82364 0.015719 0.0430273 0.0209362 0.00249277 0.00177081 0.0924141 
0.848341 0.0154118 0.0397956 0.0173643 0.00277452 0.00203174 0.0742807 
0.852347 0.0160248 0.0387831 0.0155693 0.00256579 0.00227692 0.0724326 
0.844475 0.0150269 0.041992 0.0169584 0.0022211 0.00191727 0.0774097 
0.841635 0.0154608 0.0430739 0.0198744 0.00241823 0.00186866 0.0756687 
0.826292 0.015326 0.0454851 0.0158503 0.0023076 0.00177098 0.092968 
0.856942 0.0141445 0.043241 0.019057 0.00221785 0.00167057 0.0627268 
0.826829 0.0150105 0.0479186 0.0132425 0.0022816 0.00169244 0.0930257 
0.855482 0.0148762 0.0436294 0.0158752 0.00233002 0.00184665 0.0659606 
0.847769 0.0137149 0.0439211 0.023152 0.00254812 0.00190582 0.0669891 
0.842053 0.0146345 0.0428329 0.0247571 0.002601 0.00207651 0.0710452 
0.831078 0.0137665 0.0453586 0.0197559 0.00247074 0.00209143 0.0854785 
0.823687 0.0130432 0.0481906 0.0241994 0.00234223 0.00162375 0.0869137 
0.819927 0.0129878 0.0479784 0.0311508 0.0021055 0.00170096 0.0841496 
0.829508 0.0125754 0.0470568 0.0291164 0.00196885 0.00166521 0.0781098 
0.834234 0.0130745 0.0458002 0.0293753 0.00195414 0.00176151 0.0738003 
0.82129 0.0136853 0.0430265 0.0314396 0.00229673 0.00188238 0.0863792 
0.812835 0.0133564 0.0464072 0.0229532 0.00221478 0.00177797 0.100456 
0.815624 0.0128494 0.0486561 0.0229326 0.00218541 0.00160938 0.0961429 
0.793214 0.0123581 0.0533448 0.0180988 0.00181857 0.00177777 0.119388 
0.792341 0.0114222 0.055926 0.0181478 0.00171903 0.00170985 0.118734 
0.797606 0.0122989 0.0510694 0.0161399 0.00213367 0.00170344 0.119049 
0.795344 0.0135348 0.0463862 0.0194758 0.00224685 0.0019351 0.121077 
0.822753 0.0120994 0.0450359 0.0223685 0.0024508 0.00179952 0.093493 
0.834842 0.0117176 0.044156 0.025041 0.00236032 0.00166836 0.080215 
0.816414 0.0120808 0.0471757 0.0317441 0.00225902 0.0014316 0.0888951 
0.81702 0.0148641 0.0389503 0.0311723 0.00350026 0.00138679 0.0931057 
0.797806 0.0155057 0.0414362 0.0353735 0.0035964 0.00153929 0.104743 
0.75711 0.0162875 0.0397159 0.0356482 0.00459708 0.00157527 0.145066 
0.787119 0.0172456 0.0416315 0.0306285 0.00265754 0.00190593 0.118812 
0.754971 0.0176062 0.0418765 0.0262678 0.00316633 0.00178833 0.154324 
0.755618 0.0166324 0.0440081 0.0244251 0.00276015 0.0017891 0.154767 
0.767476 0.016433 0.0425634 0.0263617 0.00290646 0.00176168 0.142497 
0.766501 0.0175324 0.0433307 0.0246541 0.00286679 0.00174916 0.143366 
0.776393 0.0170372 0.0432069 0.0240911 0.00279672 0.0018551 0.13462 
0.812551 0.0248681 0.034452 0.0191622 0.00421529 0.00181433 0.102937 
0.797694 0.0270568 0.0337913 0.0173705 0.00600033 0.00198401 0.116103 
0.792757 0.0198103 0.0366977 0.0163463 0.00308351 0.00226065 0.129044 
0.812535 0.0206835 0.0323758 0.0223054 0.00474284 0.00223005 0.105128 
0.762434 0.0152802 0.045835 0.0211782 0.00237439 0.00207646 0.150821 
0.815219 0.0184812 0.036975 0.0179046 0.00299185 0.00224398 0.106184 
0.808643 0.0267768 0.031951 0.0117056 0.0057371 0.00297371 0.112213 
0.81615 0.0216756 0.0314518 0.0156842 0.00596339 0.00277256 0.106302 
0.83771 0.023 0.0318657 0.0184606 0.00487144 0.00231937 0.0817731 
0.850364 0.0184791 0.0330943 0.0186121 0.00396998 0.00259176 0.0728887 
0.846941 0.021619 0.0319191 0.0195731 0.00466941 0.00254778 0.0727304 
0.853751 0.0215443 0.0321246 0.0239626 0.00448228 0.00228815 0.0618469 
0.856166 0.0266218 0.0277308 0.0198646 0.00779397 0.00256796 0.0592552 
0.855706 0.0149118 0.0381095 0.0116028 0.00287944 0.00378341 0.0730074 
0.840055 0.0247602 0.0344605 0.00603182 0.00294229 0.00540493 0.0863451 
0.832237 0.027264 0.039531 0.00573574 0.00284867 0.00704749 0.0853365 
0.775386 0.0182371 0.0604181 0.00376009 0.00193015 0.00525179 0.135017 
0.827894 0.00953662 0.0668302 0.0171926 0.00149959 0.00350423 0.0735424 
0.817485 0.0127004 0.0519084 0.0622316 0.00288112 0.00448029 0.0483129 
0.783235 0.0167928 0.0324458 0.142039 0.00484197 0.00281175 0.017834 
0.860083 0.0173857 0.033502 0.0627324 0.00428301 0.00203004 0.019984 
0.876531 0.0133523 0.053412 0.0155392 0.00148499 0.00304729 0.0366328 
0.825639 0.0115579 0.0558875 0.0294591 0.00241475 0.00339269 0.0716487 
0.842329 0.011374 0.0541212 0.0357031 0.00261985 0.00286735 0.0509859 
0.850513 0.014079 0.0477879 0.0416228 0.00277067 0.00245262 0.0407736 
0.840934 0.0138456 0.052164 0.0447217 0.00274781 0.00230254 0.0432847 
0.846564 0.0144859 0.0512499 0.0423874 0.00252434 0.0022957 0.0404929 
0.847945 0.0146117 0.0509764 0.0387092 0.00207033 0.00280179 0.042886 
0.83943 0.0152649 0.0498232 0.0456099 0.00264139 0.00333062 0.0438997 
0.780021 0.0135629 0.0408355 0.0701259 0.0032807 0.00112475 0.0910491 
0.752005 0.0141138 0.0463299 0.0391369 0.00299456 0.00143383 0.143986 
0.765335 0.0132065 0.0485221 0.049641 0.00229484 0.001425 0.119576 
0.782983 0.0162476 0.041389 0.0517 0.00302696 0.00131661 0.103337 
0.773989 0.0152021 0.053437 0.0425709 0.00195219 0.00111361 0.111735 
0.788704 0.0178849 0.0428015 0.0684326 0.00293904 8.97541E-4 0.0783405 
0.769592 0.0176741 0.0467491 0.0622735 0.00235375 0.00106166 0.100296 
0.76263 0.0186272 0.0455467 0.0584516 0.0025592 0.00111802 0.111067 
0.768061 0.0168018 0.0425881 0.0923303 0.00283987 8.82956E-4 0.0764956 
0.806866 0.0161336 0.0389618 0.0726052 0.00284373 8.81787E-4 0.0617079 
0.824535 0.0176961 0.0338977 0.0724245 0.00309136 0.00102882 0.0473263 
0.804869 0.014981 0.0339489 0.0595221 0.00426355 0.0012687 0.0811473 
0.785345 0.0132346 0.039631 0.0520749 0.00344721 0.00140829 0.104859 
0.796549 0.0135387 0.0368865 0.0668629 0.00338603 0.00114181 0.0816351 
0.785894 0.0130341 0.0394949 0.0598776 0.00329726 0.00131656 0.0970856 
0.787881 0.0135908 0.0401802 0.0599515 0.00341666 0.00119773 0.0937817 
0.750003 0.0157356 0.0403767 0.0519714 0.00434803 0.00132548 0.13624 
0.800418 0.0145263 0.038274 0.0537929 0.00320892 0.00126137 0.0885183 
0.815968 0.0174417 0.0335878 0.0461006 0.00413241 0.00110563 0.0816645 
0.824133 0.0156216 0.0329427 0.0494025 0.00353712 0.00127171 0.0730914 
0.809884 0.0152169 0.0339838 0.0538436 0.00366703 0.00122839 0.0821759 
0.807775 0.0129913 0.0372875 0.0584068 0.00295079 0.00137494 0.079214 
0.839305 0.013266 0.0342019 0.0625328 0.00343701 9.98544E-4 0.0462591 
0.804354 0.0121897 0.0425364 0.0406035 0.00230625 0.00165027 0.0963596 
0.815169 0.0139337 0.0382147 0.0453954 0.00294923 0.00149017 0.082848 
0.804624 0.0138463 0.0392145 0.0557324 0.00299133 0.0012412 0.0823503 
0.751232 0.0146033 0.0485184 0.0280204 0.00213007 0.0016787 0.153818 
0.801352 0.0157814 0.0354532 0.0384628 0.00576209 0.00129711 0.101892 
0.79041 0.0151132 0.0380269 0.0542308 0.00446673 0.00120885 0.0965436 
0.809447 0.018232 0.0349966 0.0462937 0.00395394 0.00106495 0.0860121 
0.806704 0.0137589 0.038685 0.0482681 0.00321477 0.0012704 0.0880986 
0.821901 0.015028 0.0325635 0.0638662 0.00404513 0.0010918 0.0615044 
0.824643 0.014595 0.0339829 0.0516715 0.00334647 0.00120822 0.0705525 
0.839625 0.018069 0.026435 0.0401775 0.00566804 0.00129274 0.0687324 
0.849655 0.0255864 0.0223809 0.030566 0.00824208 0.00150062 0.062069 
0.820212 0.0181371 0.0289799 0.0332441 0.0057733 0.00150666 0.0921464 
0.81779 0.0149801 0.0332921 0.036528 0.00389145 0.00149244 0.0920258 
0.783727 0.0125894 0.0423684 0.0634249 0.00303744 0.00134745 0.0935059 
0.760522 0.0129716 0.0428338 0.0642814 0.00355825 0.00132162 0.114511 
0.803769 0.0138681 0.0386738 0.0602341 0.00432936 9.95923E-4 0.0781302 
0.788761 0.0110935 0.0465693 0.0403051 0.00272333 0.00124516 0.109303 
0.791484 0.00990912 0.0524827 0.0488495 0.00240572 0.00115283 0.0937163 
0.80466 0.0112664 0.0513638 0.0330398 0.00220121 0.001158 0.0963104 
0.802879 0.0123483 0.043519 0.0490704 0.0032062 9.952E-4 0.0879815 
0.81688 0.0123724 0.0452335 0.0537799 0.00325122 7.96052E-4 0.067687 
0.821938 0.0131832 0.0398987 0.0491116 0.00381125 8.45572E-4 0.071212 
0.814855 0.0118644 0.0443659 0.0656268 0.00287111 8.47445E-4 0.0595691 
0.84923 0.0180714 0.0299151 0.0305332 0.00612744 0.00117638 0.0649461 
0.807775 0.0180927 0.0373135 0.0336878 0.00469249 0.00117987 0.0972592 
0.783126 0.0142633 0.0542998 0.0704373 0.00281069 8.7979E-4 0.0741827 
0.790634 0.0130936 0.0567521 0.0615124 0.00227362 8.65648E-4 0.0748683 
0.781177 0.013867 0.0583853 0.0477816 0.00212459 9.37501E-4 0.0957269 
0.712756 0.0120866 0.0709088 0.0465753 0.00162679 0.00124884 0.154797 
0.725477 0.0126329 0.0695124 0.0384651 0.00168221 0.00117079 0.15106 
0.693971 0.0117336 0.0706009 0.0318149 0.00166424 0.00127884 0.188936 
0.758518 0.0123136 0.0567019 0.0410543 0.00244629 0.00105854 0.127907 
0.73232 0.013659 0.0558379 0.0461871 0.00243606 0.00122692 0.148333 
0.671034 0.0158815 0.0528487 0.0308234 0.00264696 0.00159123 0.225174 
0.500543 0.0226359 0.0553846 0.0161813 0.00301623 0.00183495 0.400404 
0.545018 0.0165938 0.0708866 0.0047947 9.31621E-4 0.00346943 0.358306 
0.704406 0.0182766 0.0610238 0.0096652 0.00141374 0.0016841 0.20353 
0.756602 0.0159424 0.0543126 0.0277764 0.00199644 0.0012448 0.142125 
0.810969 0.012781 0.0419309 0.0668793 0.00308613 0.00245132 0.0619028 
0.817867 0.0166319 0.0495564 0.0277549 0.00210014 0.00190411 0.0841858 
0.815955 0.0212406 0.0449529 0.0339551 0.00249643 0.00158752 0.079813 
0.762175 0.0166713 0.0455219 0.0162561 0.00230666 0.00370038 0.153369 
0.772913 0.0139959 0.0561523 0.0125109 0.00147791 0.00368507 0.139265 
0.84226 0.0143919 0.0495029 0.0440562 0.00292776 0.00119036 0.0456713 
0.839208 0.0119046 0.0638062 0.0307623 0.00168386 0.00117705 0.051458 
0.844075 0.0116496 0.0635938 0.0160183 0.0011409 0.00171063 0.0618118 
0.838555 0.0119037 0.0598773 0.0179898 0.00155278 0.00162369 0.0684974 
0.810271 0.011364 0.0629394 0.0138547 0.00139334 0.00207411 0.0981039 
0.824272 0.00902734 0.0661018 0.0175932 0.00169923 0.00193758 0.0793691 
0.795397 0.00798658 0.0678678 0.0208695 0.0016983 0.00265975 0.103521 
0.845088 0.0117855 0.0514964 0.0203105 0.00300042 0.00218261 0.0661363 
0.851019 0.0131435 0.0448943 0.0294419 0.0035675 0.00225563 0.0556785 
0.819688 0.0185324 0.0368654 0.0782259 0.0052745 0.00177747 0.0396359 
0.823619 0.0178004 0.0418311 0.0549802 0.00327576 0.00205222 0.0564411 
0.822065 0.0210877 0.037262 0.0575033 0.00311898 0.0020727 0.0568908 
0.816278 0.0299476 0.0311761 0.0504494 0.0036464 0.00202491 0.0664773 
0.792294 0.027262 0.030356 0.0582876 0.00355604 0.0018639 0.0863805 
0.801246 0.0350237 0.0277351 0.0637283 0.00331882 0.00172163 0.0672267 
0.784492 0.035566 0.0264147 0.063744 0.00427529 0.00165884 0.0838491 
0.800372 0.0379365 0.024909 0.0728038 0.00442994 0.00119594 0.058353 
0.770696 0.0376812 0.0215903 0.126764 0.00463851 0.00101715 0.0376123 
0.785994 0.0436286 0.0196208 0.107088 0.0052941 0.00110598 0.0372686 
0.780231 0.0439743 0.0207506 0.108341 0.00494646 0.00113628 0.0406201 
0.789861 0.0378869 0.021592 0.10725 0.00459586 0.0011722 0.0376423 
0.79195 0.0321204 0.0196621 0.12273 0.00534024 0.00100241 0.0271951 
0.803263 0.0247794 0.0294747 0.0856485 0.00377285 0.00102188 0.0520397 
0.833721 0.029604 0.0252152 0.0619632 0.00261278 0.00216061 0.0447237 
0.857042 0.031741 0.0243855 0.0411913 0.00401917 0.00170723 0.0399143 
0.840438 0.0313843 0.020046 0.0677638 0.00705209 0.00123305 0.032083 
0.792087 0.0353238 0.0194275 0.1194 0.00619942 0.00117184 0.0263904 
0.835172 0.0362886 0.0238116 0.0435735 0.0046364 0.00211839 0.0543996 
0.827741 0.0460032 0.0237308 0.0364814 0.00429332 0.0020012 0.0597491 
0.787175 0.0369626 0.0257006 0.123302 0.00294184 0.00132232 0.0225949 
0.447183 0.0470798 0.0113429 0.477292 0.00637997 0.00156382 0.00915817 
0.748445 0.0429379 0.0175959 0.168724 0.00484951 0.00135601 0.0160915 
0.773896 0.0446192 0.0220367 0.136555 0.00414233 0.00113335 0.0176173 
0.755372 0.0394163 0.0227704 0.145871 0.00408942 0.00128192 0.0311985 
0.742853 0.0555885 0.0175063 0.145218 0.00972853 0.00131646 0.0277899 
0.754007 0.0595743 0.0200609 0.138908 0.00518678 0.00129656 0.0209661 
0.772944 0.0638727 0.021963 0.110141 0.00480035 0.0012666 0.0250117 
0.754376 0.0892491 0.0149587 0.10625 0.0105676 0.00143811 0.0231607 
0.784254 0.0686552 0.0188514 0.0976874 0.00797014 0.0012192 0.0213628 
0.711282 0.060854 0.0157399 0.184812 0.0120649 9.44999E-4 0.0143014 
0.785949 0.0466629 0.0212719 0.119949 0.00480768 0.0011754 0.020184 
0.816556 0.0451073 0.0205119 0.0846689 0.00614713 0.00133575 0.025673 
0.835909 0.0332352 0.0242013 0.0582907 0.00542724 0.00177892 0.041158 
0.825391 0.0458923 0.0237058 0.0605296 0.00601424 0.00178232 0.0366848 
0.793132 0.0509835 0.0203856 0.0787807 0.0120715 0.00153842 0.0431088 
0.82101 0.0483509 0.0218428 0.0632524 0.00919941 0.00124008 0.0351045 
0.820047 0.0367667 0.0215534 0.0749811 0.00973883 0.00105227 0.0358604 
0.834332 0.031974 0.0265024 0.0665797 0.00463779 0.00120547 0.0347689 
0.848625 0.0289034 0.0276948 0.0507852 0.0040641 0.00138017 0.038547 
0.839394 0.0318136 0.0258163 0.0662942 0.00485749 0.00132057 0.0305038 
0.822222 0.0300751 0.0322343 0.0760166 0.00334192 0.00157174 0.0345381 
0.839567 0.0298285 0.0272396 0.0734493 0.00408894 0.00129851 0.0245281 
0.810455 0.0263901 0.0328737 0.101905 0.0031279 0.00121813 0.0240304 
0.824494 0.0231056 0.0344692 0.085502 0.00348697 0.00134263 0.0275995 
0.812911 0.0192016 0.0455123 0.0746156 0.00262583 0.00171364 0.0434197 
0.837983 0.0183132 0.0379588 0.0651139 0.00323208 0.00188394 0.035515 
0.842051 0.0188923 0.0330902 0.0671289 0.00585341 0.00145651 0.0315275 
0.83453 0.0159268 0.0397446 0.0562571 0.00222984 0.00295857 0.0483528 
0.837002 0.0126465 0.0486571 0.0654599 0.00285715 0.00146831 0.0319085 
0.816064 0.0172395 0.0392864 0.0753268 0.00362444 0.00215886 0.0462999 
0.844954 0.0156064 0.0380162 0.0629119 0.00437479 0.00169902 0.0324378 
0.804642 0.0159973 0.0461713 0.0443484 0.00368918 0.00195027 0.0832017 
0.764786 0.0145586 0.0568975 0.0411286 0.00212546 0.00243176 0.118072 
0.82905 0.0161504 0.0425218 0.0429218 0.00350189 0.00233682 0.0635173 
0.836894 0.0134413 0.0500619 0.0487963 0.00280136 0.0016313 0.0463738 
0.843636 0.0156051 0.0443551 0.0415258 0.00406534 0.0016269 0.0491858 
0.841792 0.0130046 0.0494386 0.0370793 0.00263944 0.00170481 0.0543417 
0.868737 0.0141044 0.0406859 0.0369238 0.00346753 0.00184931 0.0342316 
0.861046 0.0129542 0.0478769 0.0246013 0.00285728 0.00166673 0.0489978 
0.855408 0.0144513 0.0448221 0.0339137 0.0037597 0.00172479 0.0459206 
0.872358 0.0146976 0.0406553 0.0320519 0.00534827 0.00162938 0.0332597 
0.867491 0.0162335 0.0382194 0.0409724 0.00458753 0.00168307 0.0308132 
0.850645 0.0155217 0.0381535 0.0554517 0.00477512 0.00156904 0.0338835 
0.873385 0.0135032 0.0402809 0.0311303 0.00351785 0.00190221 0.0362804 
0.858679 0.011695 0.0470079 0.0348947 0.00313537 0.00153818 0.0430496 
0.833993 0.00966362 0.0547294 0.0168144 0.00203004 0.00238506 0.0803843 
0.849259 0.0101701 0.0568287 0.0243379 0.00233575 0.00165396 0.055415 
0.85642 0.0135685 0.0505349 0.0310954 0.00311244 0.0014818 0.0437872 
0.842093 0.0127073 0.0475502 0.0252624 0.00265927 0.0021488 0.0675789 
0.867505 0.017012 0.0396613 0.0329334 0.00392329 0.0015713 0.0373936 
0.862007 0.0158274 0.0418467 0.03258 0.00264944 0.001431 0.0436582 
0.84675 0.0236904 0.0325288 0.0771673 0.00284005 9.89774E-4 0.0160337 
0.853726 0.0231256 0.0329085 0.0665656 0.00296753 0.00123042 0.019476 
0.860979 0.0189439 0.0377983 0.0560446 0.00288476 0.00124646 0.0221032 
0.851684 0.0195727 0.0403268 0.0661418 0.00227154 0.00114069 0.0188621 
0.857853 0.0174138 0.0429019 0.0603489 0.00186989 0.00132692 0.0182852 
0.852366 0.0179743 0.0368266 0.0768182 0.00216773 0.00136588 0.0124813 
0.845279 0.0166662 0.0396559 0.0826156 0.0023346 0.00112108 0.0123274 
0.744859 0.0181556 0.0309271 0.192205 0.00334354 8.87308E-4 0.00962322 
0.871035 0.015347 0.0457526 0.0402032 0.00194916 0.00131367 0.0243994 
0.870127 0.0164087 0.0431545 0.0468196 0.00200583 0.00129979 0.020185 
0.86704 0.0209088 0.0333353 0.0577035 0.00238972 0.00182195 0.0168006 
0.883677 0.0164492 0.0370657 0.0326603 0.00200635 0.00157465 0.0265665 
0.854763 0.0213606 0.0315291 0.072541 0.00311506 0.00116068 0.0155304 
0.878976 0.0174379 0.0447743 0.0241468 0.00164399 0.00138648 0.0316348 
0.877581 0.0188858 0.036929 0.0457254 0.00254131 0.00126467 0.0170726 
0.862101 0.0226157 0.0335514 0.0577241 0.00279536 0.00123512 0.0199772 
0.847663 0.021026 0.0617521 0.0125263 0.001194 0.00159925 0.0542395 
0.857524 0.0168451 0.047319 0.050037 0.00197601 0.0023266 0.0239727 
0.883728 0.0142011 0.0474096 0.0106262 0.00177134 0.00761596 0.0346476 
0.845718 0.0144745 0.0512518 0.00980409 0.00374003 0.0152345 0.0597775 
0.843484 0.0126098 0.0605364 0.00568856 0.0031051 0.0311107 0.0434658 
0.849398 0.0110492 0.0636951 0.0140983 0.00281522 0.0190978 0.0398458 
0.832613 0.00971734 0.0685087 0.0230054 0.002243 0.0190711 0.0448413 
0.843612 0.00991696 0.060668 0.0462003 0.0029104 0.00972922 0.0269631 
0.857985 0.00928766 0.0617951 0.0248833 0.00261991 0.00832464 0.0351041 
0.878231 0.0131212 0.0551504 0.0137174 0.00219657 0.00660864 0.0309744 
0.879108 0.0184879 0.0329852 0.0249253 0.00412862 0.00607336 0.034291 
0.859966 0.0249364 0.0319966 0.0417513 0.00411121 0.00423637 0.0330024 
0.842601 0.0349251 0.0271421 0.0534169 0.00537311 0.00364361 0.0328985 
0.83509 0.0441672 0.0237412 0.0378131 0.0090512 0.00367453 0.0464629 
0.83246 0.0563873 0.021084 0.0341602 0.00566138 0.00614553 0.0441011 
0.795698 0.0905025 0.0210042 0.0238204 0.00511591 0.00780689 0.0560523 
0.568421 0.147701 0.0321368 0.00575339 0.00177026 0.0156123 0.228605 
0.419031 0.0919891 0.0443999 0.0128222 0.00312478 0.00963552 0.418997 
0.381825 0.072681 0.0455531 0.0193843 0.00464338 0.00881315 0.4671 
0.482737 0.0733601 0.0303141 0.0295702 0.0105397 0.00679096 0.366687 
0.751787 0.0371568 0.0203513 0.0891507 0.00919991 0.00359065 0.0887635 
0.642717 0.075108 0.0284172 0.0566861 0.00795563 0.00488163 0.184234 
0.580742 0.14387 0.0228833 0.0316094 0.00926912 0.00596224 0.205664 
0.481442 0.170227 0.0211823 0.0272639 0.0173701 0.00653761 0.275977 
0.492846 0.152232 0.0250773 0.0360118 0.00946231 0.00507596 0.279294 
0.352826 0.114532 0.0358018 0.0768568 0.0171234 0.0064245 0.396435 
0.546179 0.160773 0.0183995 0.108784 0.0378458 0.00326554 0.124753 
0.58892 0.113862 0.0233164 0.0777157 0.0200244 0.00304249 0.173119 
0.47121 0.155583 0.0279293 0.0425417 0.0116659 0.00522974 0.285841 
0.530828 0.188381 0.0182631 0.0618826 0.0172361 0.00413888 0.179271 
0.673435 0.177058 0.0139489 0.093028 0.00590653 0.00318817 0.0334354 
0.55993 0.251426 0.00947455 0.139996 0.0109208 0.00255999 0.0256927 
0.600561 0.184599 0.0105373 0.167891 0.011073 0.00224365 0.0230948 
0.603783 0.154772 0.0134259 0.202256 0.00569995 0.00188419 0.0181784 
0.595376 0.163071 0.0153841 0.192682 0.00496379 0.00205739 0.0264659 
0.583661 0.0908497 0.0220283 0.258022 0.00272057 0.00246171 0.0402571 
0.66569 0.114868 0.0159155 0.164627 0.00835326 0.00399178 0.026554 
0.787732 0.0744053 0.0226674 0.083967 0.0103624 0.00222634 0.0186393 
0.737978 0.130196 0.0349738 0.0433014 0.0305929 0.00220472 0.0207528 
0.553952 0.11895 0.0268376 0.0494738 0.19896 0.00633679 0.0454897 
0.609922 0.110146 0.0255029 0.0515702 0.161858 0.00512971 0.0358709 
0.528685 0.153697 0.0330128 0.0403655 0.167604 0.00811996 0.0685155 
0.866792 0.0151421 0.0427493 0.0447498 0.00294904 0.00193898 0.025679 
0.872049 0.0135936 0.0443017 0.0306078 0.00316041 0.00233855 0.0339488 
0.873477 0.0135095 0.0441181 0.0326369 0.00345623 0.0020265 0.0307758 
0.855934 0.0117044 0.0522012 0.0291256 0.00237792 0.0021269 0.0465304 
0.859379 0.00974801 0.0540472 0.0264031 0.00206034 0.00272457 0.0456381 
0.8545 0.0120652 0.0509973 0.0439704 0.00318568 0.00204495 0.0332361 
0.850216 0.0100219 0.0529238 0.0396077 0.002942 0.00235126 0.0419375 
0.758669 0.0119357 0.0487044 0.148127 0.00343326 0.00190348 0.0272273 
0.812423 0.0111801 0.0509203 0.0848677 0.00298693 0.00178367 0.0358382 
0.812898 0.0101103 0.0600533 0.0763034 0.00221848 0.00249676 0.0359195 
0.820543 0.00960377 0.0646266 0.0472418 0.00214835 0.00285667 0.0529799 
0.792349 0.0106447 0.0618795 0.0147423 0.00190783 0.00297138 0.115506 
0.848635 0.0092875 0.0566794 0.0249435 0.00207406 0.00246064 0.0559203 
0.820285 0.00942129 0.0631691 0.0276272 0.00205788 0.00274739 0.074692 
0.832446 0.007428 0.0667151 0.0209927 0.00208684 0.00313479 0.0671968 
0.848852 0.00924677 0.0578749 0.0359936 0.00212154 0.0022632 0.0436476 
0.839539 0.00883762 0.0615703 0.0197929 0.00115102 0.00324488 0.065864 
0.853103 0.00946469 0.0557252 0.0401317 0.00182039 0.00211194 0.0376431 
0.888463 0.00986089 0.0425774 0.0139203 0.00171231 0.00364129 0.039825 
0.885134 0.020735 0.036677 0.0130739 0.00186682 0.0039756 0.038538 
0.873648 0.0206793 0.0324401 0.0278983 0.00222113 0.00554773 0.0375652 
0.846115 0.0628259 0.0243342 0.0183078 0.00366156 0.00482064 0.0399344 
0.843866 0.0421352 0.027084 0.0395383 0.0031444 0.00295578 0.0412758 
0.835056 0.0363979 0.0281652 0.0592519 0.0025189 0.00206579 0.0365444 
0.840161 0.0619693 0.0203267 0.0405049 0.00509516 0.00242453 0.0295188 
0.799604 0.10669 0.0152046 0.0329251 0.00768728 0.00326066 0.0346287 
0.787431 0.11221 0.0148644 0.0460612 0.00860387 0.00244551 0.0283839 
0.794698 0.0888073 0.0168515 0.0606822 0.007492 0.0017524 0.0297168 
0.748311 0.0740491 0.0313606 0.0299754 0.00348291 0.00252006 0.110301 
0.731231 0.0760621 0.0337012 0.0442435 0.00310614 0.00217652 0.109479 
0.75155 0.0811705 0.0297608 0.0466558 0.00366693 0.00221688 0.0849793 
0.770283 0.0819046 0.0254519 0.0528996 0.0039108 0.00263265 0.0629178 
0.744726 0.0936412 0.0179698 0.0994134 0.00510861 0.00270551 0.0364358 
0.803225 0.076676 0.0223899 0.0463085 0.00440406 0.00458823 0.042408 
0.859705 0.0328572 0.0327771 0.0370183 0.00420357 0.00694214 0.0264969 
0.878842 0.024265 0.0360384 0.0136273 0.00291558 0.00961167 0.0347005 
0.86164 0.0167544 0.0500157 0.00695564 0.00132499 0.0145234 0.0487859 
0.861642 0.018571 0.045988 0.0166545 0.00219473 0.00944376 0.0455063 
0.87258 0.0185734 0.0405092 0.0140732 0.00204916 0.0103132 0.0419022 
0.883549 0.0219455 0.0370756 0.0153758 0.00317993 0.00765 0.0312243 
0.861264 0.0218958 0.0481446 0.0119874 0.0031727 0.0109247 0.042611 
0.867032 0.0266057 0.042984 0.0167468 0.00485533 0.00767766 0.0340981 
0.865284 0.0266275 0.0389459 0.0203125 0.00466246 0.00969671 0.034471 
0.87468 0.0245089 0.0382722 0.0212282 0.00626094 0.00580416 0.029246 
0.875555 0.02662 0.0349269 0.0257691 0.00572814 0.0070223 0.0243781 
0.87885 0.036265 0.0305586 0.0209767 0.00564772 0.00577006 0.0219318 
0.871804 0.0328065 0.0288991 0.0300436 0.00592265 0.00714175 0.0233826 
0.864132 0.0260709 0.034905 0.0366605 0.0045931 0.00776855 0.0258698 
0.870483 0.0264312 0.0345934 0.0270698 0.00556046 0.00796118 0.0279011 
0.867417 0.0225092 0.0364965 0.0321286 0.00423425 0.00821536 0.0289987 
0.875748 0.0282745 0.034136 0.0200712 0.00543703 0.00847377 0.0278598 
0.881889 0.0258489 0.0326632 0.0226957 0.00489929 0.00768548 0.024318 
0.880018 0.025457 0.0342192 0.0256115 0.00475886 0.00695084 0.0229847 
0.881557 0.0250363 0.0351332 0.0211611 0.00433426 0.0080818 0.0246967 
0.815024 0.0458588 0.0528494 0.0219029 0.00632833 0.0396198 0.0184166 
0.490824 0.0223488 0.153729 0.031606 0.00426245 0.282963 0.0142658 
0.215897 0.0120681 0.168896 0.00486913 0.00134116 0.591566 0.00536255 
0.139255 0.00617864 0.227599 0.0113466 0.00112177 0.605027 0.00947282 
0.0949453 0.0066161 0.519466 0.019285 0.00326907 0.264589 0.0918297 
0.132284 0.00535383 0.30985 0.00823483 0.00482408 0.0232446 0.516209 
0.351332 0.00326939 0.388054 0.0027776 8.70924E-4 0.0757916 0.177904 
0.364776 0.0128909 0.178648 0.0244219 0.00153184 0.38186 0.0358715 
0.332832 0.0157343 0.122368 0.0288866 0.00146888 0.465323 0.0333871 
0.865372 0.0199224 0.0413298 0.0421085 0.0026218 0.00803536 0.0206105 
0.829609 0.0617308 0.0267639 0.0226358 0.00667579 0.0158834 0.036701 
0.778322 0.0750778 0.0337276 0.0596428 0.0049473 0.0230267 0.0252561 
0.534659 0.0614817 0.0232868 0.325965 0.0040843 0.0352102 0.0153133 
0.575218 0.069624 0.0219485 0.29645 0.00350582 0.0212455 0.0120083 
0.80154 0.0651215 0.0200609 0.0684099 0.00497012 0.0261484 0.0137495 
0.83235 0.0458407 0.023099 0.0528143 0.00494512 0.022629 0.0183222 
0.822723 0.0711128 0.0223113 0.0459736 0.00915476 0.0048928 0.0238317 
0.769999 0.131812 0.0215479 0.0251192 0.00687171 0.00800413 0.0366463 
0.685812 0.195417 0.0183653 0.0158907 0.00780099 0.00868737 0.0680273 
0.606636 0.240254 0.0163919 0.0246692 0.0103136 0.00514165 0.0965942 
0.527373 0.336621 0.00911499 0.0461847 0.0224752 0.0045206 0.0537104 
0.455934 0.347921 0.0124729 0.0430108 0.0167083 0.00614722 0.117805 
0.454691 0.42733 0.00981915 0.0484669 0.00656547 0.00355888 0.0495686 
0.376423 0.436159 0.0135686 0.0251539 0.00566323 0.00689896 0.136134 
0.387619 0.416777 0.0152934 0.0318964 0.0054912 0.00679418 0.136129 
0.369387 0.408246 0.0156255 0.0300877 0.00815472 0.00869059 0.159809 
0.267475 0.447644 0.0172196 0.0280118 0.0119353 0.0098269 0.217887 
0.307185 0.441742 0.0141675 0.0344823 0.0126841 0.00832923 0.18141 
0.316184 0.460074 0.0143625 0.0321223 0.00736584 0.00861105 0.16128 
0.321739 0.572862 0.00776559 0.0341802 0.00525958 0.0068228 0.0513709 
0.39944 0.497671 0.00847187 0.0530968 0.00510134 0.00728707 0.0289315 
0.414433 0.489318 0.00938209 0.04902 0.00430843 0.00867795 0.0248611 
0.542737 0.339163 0.0153919 0.0615675 0.00468171 0.0103997 0.0260593 
0.569243 0.344394 0.0141238 0.0402479 0.00440629 0.00897773 0.0186074 
0.585456 0.273553 0.0150499 0.0770542 0.00723688 0.0125991 0.0290513 
0.554573 0.328455 0.0146087 0.0509585 0.00629662 0.0114735 0.0336343 
0.530203 0.364668 0.0123113 0.0479789 0.0079684 0.00979654 0.0270737 
0.484019 0.425007 0.0107599 0.0383461 0.00755135 0.0113506 0.0229667 
0.527868 0.379226 0.013488 0.0354277 0.00654668 0.0124566 0.0249864 
0.612635 0.286838 0.01597 0.0383792 0.00700254 0.013675 0.0255 
0.609182 0.298894 0.0132201 0.0375778 0.00862581 0.0117111 0.0207885 
0.625932 0.276608 0.0149571 0.0281696 0.00887338 0.0158367 0.0296234 
0.620208 0.277438 0.0169293 0.0406925 0.00682955 0.0111432 0.0267591 
0.633081 0.26929 0.0196014 0.0270056 0.00590974 0.0147047 0.0304078 
0.800778 0.0855805 0.030029 0.0126492 0.00356148 0.0390221 0.0283799 
0.806441 0.0307676 0.0346842 0.0359315 0.0029978 0.0584913 0.0306862 
0.847318 0.0131273 0.0491152 0.0214795 0.00176929 0.00317142 0.0640197 
0.835532 0.013644 0.0497818 0.018918 0.00167547 0.00332876 0.0771195 
0.84025 0.0131648 0.0508065 0.0134418 0.00166779 0.00309698 0.0775726 
0.867317 0.0154732 0.0437105 0.0150078 0.00215614 0.00294217 0.0533929 
0.864444 0.0160359 0.0441816 0.018192 0.00222595 0.00292352 0.0519973 
0.857989 0.0150184 0.0442796 0.0205364 0.00222466 0.00341342 0.0565389 
0.856874 0.0135352 0.0447622 0.0272343 0.00241812 0.00237377 0.052802 
0.847388 0.0141778 0.0470173 0.0245566 0.00224184 0.00278665 0.0618315 
0.845083 0.014291 0.0511218 0.0425978 0.00238502 0.00162424 0.0428973 
0.833721 0.0108886 0.0606273 0.0219203 0.0015115 0.00262289 0.0687087 
0.789676 0.0147429 0.0579609 0.00545344 0.00152777 0.0055178 0.125122 
0.849094 0.0170934 0.0442167 0.00972265 0.00205122 0.00317874 0.0746431 
0.868912 0.0164546 0.0419138 0.0106802 0.00198564 0.00323934 0.056814 
0.875058 0.0185279 0.0377596 0.0174521 0.00273257 0.00261735 0.0458529 
0.85067 0.0159788 0.0467035 0.0112398 0.00184344 0.00276074 0.0708033 
0.844793 0.0119604 0.047674 0.0189882 0.00209613 0.00329521 0.0711928 
0.84135 0.0156974 0.0435793 0.00982758 0.00237361 0.00672257 0.080449 
0.757761 0.014297 0.0580189 0.00322036 0.00124475 0.0155158 0.149942 
0.610542 0.00924497 0.127509 0.0014619 9.6521E-4 0.0515924 0.198685 
0.60718 0.00582154 0.181355 0.0051582 0.00116559 0.0649651 0.134354 
0.265057 0.00640312 0.2447 0.00248921 0.00179927 0.214584 0.264968 
0.262556 0.00675605 0.214271 0.00263575 0.00185713 0.313328 0.198597 
0.00164197 9.45176E-4 0.0100928 3.30127E-5 3.59699E-5 0.983074 0.00417715 
0.00503029 6.24624E-4 0.0493217 1.51908E-4 1.81503E-4 0.932175 0.0125147 
0.00532463 0.00105086 0.0838949 0.00118508 8.59731E-4 0.879256 0.0284283 
0.00695466 0.00120432 0.0686712 0.00191001 0.00181076 0.882533 0.0369163 
0.00499335 0.00120127 0.0372826 7.21184E-4 0.00365614 0.934629 0.0175164 
0.0109888 0.00382049 0.0758241 0.00168413 0.0136913 0.874075 0.0199159 
0.0166171 0.0161585 0.452068 0.00649255 0.0340901 0.451055 0.0235185 
0.0243225 0.0222576 0.659796 0.0109682 0.0511586 0.201164 0.0303332 
0.0268362 0.00495252 0.270159 0.0021092 0.0105162 0.634161 0.0512659 
0.0443117 0.00406221 0.333181 0.00265023 0.00413776 0.528299 0.0833582 
0.0368488 0.00521991 0.553815 0.00329967 0.0030562 0.312311 0.0854498 
0.112242 0.0133756 0.28768 0.00444036 0.0104409 0.459117 0.112704 
0.361308 0.0214324 0.144567 0.00336757 0.00991731 0.271781 0.187627 
0.350597 0.0192927 0.134513 0.0030351 0.00821035 0.319752 0.164601 
0.0568088 0.00675562 0.0817139 0.00101476 0.00137466 0.688143 0.164189 
0.140653 0.0171142 0.12344 0.00151235 0.00306924 0.568301 0.14591 
0.295961 0.017034 0.107007 0.00175633 0.0022796 0.377811 0.198152 
0.506568 0.021636 0.069165 0.00415295 0.00296717 0.136875 0.258636 
0.459688 0.0216194 0.0540733 0.00570679 0.0029472 0.155236 0.300729 
0.519375 0.0190945 0.0684346 0.00533482 0.00237241 0.176193 0.209196 
0.36796 0.0171555 0.0641134 0.00431376 0.00202239 0.211133 0.333302 
0.600443 0.0208782 0.0537424 0.00616049 0.00251761 0.134367 0.181891 
0.724399 0.0208742 0.0475073 0.00815152 0.00187077 0.0722851 0.124912 
0.755488 0.0226925 0.0456539 0.0095773 0.00170845 0.0683982 0.0964814 
0.814614 0.0252863 0.0382413 0.0115705 0.00164646 0.031691 0.07695 
0.814629 0.0396447 0.0253645 0.00916849 0.00360258 0.0243377 0.0832525 
0.845172 0.0283735 0.028961 0.0160606 0.00320534 0.0108418 0.0673859 
0.863658 0.0151212 0.0423405 0.0223294 0.00289247 0.00447385 0.0491845 
0.8553 0.0146297 0.0444333 0.0160657 0.00276881 0.0050527 0.06175 
0.856653 0.0135461 0.0436323 0.0189781 0.002979 0.00479145 0.0594203 
0.826747 0.012852 0.0509062 0.0116521 0.00246443 0.00595199 0.0894265 
0.83824 0.0149819 0.0439859 0.0138979 0.00312804 0.00547751 0.0802886 
0.835022 0.0157397 0.0431297 0.0132645 0.00298318 0.00558532 0.0842756 
0.804861 0.0137676 0.0480052 0.011206 0.00265642 0.00626455 0.113239 
0.806597 0.0127263 0.0491273 0.00991268 0.00237204 0.00683919 0.112426 
0.818922 0.0127254 0.0521238 0.0097224 0.00210842 0.00761017 0.0967874 
0.821572 0.0127898 0.0489497 0.0124538 0.00246898 0.00650243 0.0952635 
0.817969 0.012356 0.050974 0.0114557 0.00226931 0.00683193 0.0981437 
0.81743 0.0127486 0.0494075 0.010811 0.00225328 0.00744805 0.099901 
0.854986 0.0122476 0.0462807 0.0143332 0.0028006 0.00416198 0.0651897 
0.84898 0.0130687 0.0464582 0.0139439 0.00196126 0.00343525 0.0721531 
0.83662 0.0160325 0.0416575 0.00958087 0.00188762 0.00447151 0.0897502 
0.844383 0.0160642 0.0397214 0.0154998 0.00270545 0.00367737 0.0779493 
0.850549 0.0154321 0.0375282 0.0172037 0.00277492 0.00443875 0.0720736 
0.831602 0.0147387 0.0415055 0.0113534 0.00231179 0.00507701 0.0934113 
0.873148 0.0182551 0.0352313 0.0112126 0.0026224 0.00569992 0.0538312 
0.85134 0.0224485 0.037949 0.00633889 0.00316891 0.00830293 0.0704514 
0.876982 0.0224315 0.0307469 0.0105019 0.00405688 0.00637009 0.0489108 
0.85843 0.0144776 0.0430982 0.0134174 0.00146655 0.00710411 0.0620059 
0.847335 0.0188567 0.0404442 0.00905113 0.0020085 0.00754627 0.0747581 
0.846833 0.0162142 0.0422568 0.0134125 0.00218029 0.00517701 0.0739264 
0.8403 0.0147255 0.0461429 0.0132653 0.00211626 0.00615944 0.0772904 
0.837977 0.015679 0.0444653 0.0115059 0.0021984 0.00666551 0.0815089 
0.86924 0.0203849 0.0323755 0.0268364 0.00314174 0.00717226 0.0408497 
0.876692 0.0212943 0.0300695 0.0163291 0.00376238 0.00591748 0.0459357 
0.873705 0.0178444 0.0346319 0.0136677 0.00218103 0.00809999 0.0498698 
0.871646 0.0286314 0.028397 0.0244796 0.00386719 0.00596603 0.0370128 
0.862681 0.0327099 0.0272568 0.0254082 0.00619402 0.00487441 0.0408752 
0.869592 0.0294028 0.0283683 0.0195882 0.00446407 0.00552927 0.0430556 
0.860731 0.0377009 0.0236605 0.0315759 0.00664151 0.00555579 0.0341345 
0.853661 0.035689 0.023347 0.0226069 0.00912071 0.00477783 0.0507977 
0.826321 0.0270435 0.0266758 0.0157693 0.00422366 0.009273 0.0906937 
0.847408 0.0348283 0.0251216 0.0174669 0.00566349 0.00521005 0.0643018 
0.841954 0.018526 0.0365261 0.017156 0.00211892 0.0047587 0.0789602 
0.849056 0.0196385 0.0347888 0.0154693 0.00219852 0.0043373 0.0745114 
0.837979 0.034617 0.0263314 0.00951553 0.00458302 0.00750823 0.0794655 
0.827921 0.0384193 0.0253316 0.00948433 0.00438987 0.00887186 0.0855822 
0.857713 0.0382305 0.0233306 0.0151248 0.00440413 0.00724435 0.0539522 
0.824326 0.0295719 0.029832 0.0166525 0.00214498 0.00822578 0.0892473 
0.837476 0.0415003 0.0287112 0.017124 0.00239493 0.00650366 0.0662898 
0.835325 0.0404605 0.0281174 0.0165819 0.0026453 0.00699539 0.0698748 
0.852209 0.0350405 0.028835 0.0218365 0.00225385 0.00685201 0.0529731 
0.845565 0.042274 0.0293792 0.0229646 0.0025082 0.00537173 0.0519375 
0.831368 0.0519278 0.0300151 0.0188432 0.00252539 0.00625752 0.0590625 
0.832755 0.0493931 0.028053 0.0227147 0.00347189 0.00464813 0.0589644 
0.840034 0.050106 0.0251456 0.0314922 0.00362301 0.00487876 0.0447208 
0.855473 0.0400953 0.0263132 0.0403648 0.00266946 0.00466534 0.0304186 
0.838188 0.0456859 0.0239663 0.062438 0.00318278 0.00512235 0.0214172 
0.844723 0.0494669 0.023716 0.0487262 0.00375074 0.00526459 0.0243522 
0.838381 0.0573499 0.0253314 0.0474975 0.00312744 0.00555407 0.0227583 
0.85058 0.0354121 0.0303204 0.0496675 0.00261057 0.00505541 0.026354 
0.851674 0.0466762 0.0255788 0.0422597 0.00445948 0.00494465 0.0244071 
0.864066 0.039525 0.0278966 0.0314347 0.00372788 0.00573066 0.0276191 
0.871933 0.0302041 0.0296739 0.0195469 0.00565349 0.00402881 0.0389596 
0.858425 0.0236678 0.0342258 0.0276155 0.00522306 0.00315549 0.0476869 
0.843128 0.0218169 0.0382225 0.02065 0.00480836 0.00430198 0.067072 
0.848282 0.0211235 0.0403239 0.02103 0.00440485 0.00306193 0.0617739 
0.852592 0.0218392 0.0386792 0.0209355 0.00433464 0.00292888 0.0586904 
0.837014 0.0168126 0.0447311 0.0182777 0.00286977 0.00327015 0.0770245 
0.851535 0.0214823 0.0362614 0.0293034 0.00448384 0.00256377 0.0543701 
0.835041 0.0177121 0.0434822 0.0187905 0.00327706 0.00339091 0.0783065 
0.85523 0.0197171 0.0404412 0.0200284 0.00343525 0.00299795 0.0581504 
0.858684 0.0193099 0.0390465 0.022522 0.00388686 0.0028546 0.0536958 
0.858844 0.017428 0.0408149 0.0210619 0.00318023 0.00312475 0.0555466 
0.847123 0.0223085 0.0349328 0.035088 0.00702358 0.00238099 0.0511433 
0.838584 0.0185617 0.0418698 0.0229495 0.00431084 0.00279716 0.0709273 
0.845298 0.0187769 0.0380385 0.0231014 0.00447768 0.00342446 0.0668827 
0.85 0.0231772 0.0331717 0.0219602 0.00634541 0.00321317 0.0621319 
0.83643 0.0197939 0.0380472 0.0216053 0.00453228 0.00361927 0.0759726 
0.841677 0.022419 0.0391103 0.0286419 0.00420643 0.002813 0.0611327 
0.852686 0.0187334 0.0401582 0.0167656 0.00294922 0.00335369 0.0653537 
0.847617 0.0216118 0.0393488 0.00931585 0.0030034 0.00547713 0.0736261 
0.864899 0.0167935 0.0390104 0.0121655 0.00330446 0.00397791 0.0598489 
0.825025 0.0168789 0.0486437 0.00641398 0.00191759 0.00666779 0.0944529 
0.771238 0.0101713 0.0823733 0.00386926 0.00100912 0.0111995 0.12014 
0.849568 0.0153815 0.0640555 0.00495602 0.00168858 0.00679187 0.0575584 
0.833589 0.0150995 0.0602796 0.00620528 0.00206728 0.0102082 0.0725508 
0.824502 0.0149895 0.063111 0.0054429 0.00211723 0.0102661 0.0795713 
0.855106 0.0165848 0.0519127 0.00503601 0.00210464 0.0122264 0.0570297 
0.835973 0.0159722 0.0543747 0.00550759 0.00227135 0.0185897 0.0673112 
0.837568 0.013369 0.0566807 0.00720569 0.00318589 0.0136362 0.0683542 
0.85789 0.0148174 0.0553063 0.00954419 0.00428171 0.0110389 0.0471215 
0.869862 0.0182392 0.0448388 0.00800959 0.00451132 0.0113263 0.0432133 
0.862618 0.0202861 0.0518602 0.0102926 0.00440846 0.0151294 0.0354054 
0.593185 0.0152471 0.122869 0.00373919 0.00342317 0.208796 0.0527406 
0.0911869 0.00504888 0.127148 0.00415495 7.9115E-4 0.751712 0.0199584 
0.108299 0.00684101 0.232373 0.00623373 0.00257526 0.529093 0.114584 
0.468687 0.00529546 0.239348 0.0070511 0.00116774 0.0310435 0.247407 
0.412634 0.00584663 0.28144 0.00116136 8.86296E-4 0.142676 0.155356 
0.281911 0.00559551 0.222269 0.00174351 6.18575E-4 0.425671 0.0621917 
0.0753701 0.00295052 0.138018 7.49175E-4 3.31749E-4 0.75514 0.0274407 
0.0930979 0.00494819 0.172164 0.00328613 0.0018374 0.498987 0.225679 
0.115918 0.00750483 0.12495 0.00422329 0.00323871 0.141664 0.602501 
0.0208432 0.00321356 0.0882966 0.00283444 3.52905E-4 0.868569 0.0158908 
0.00950124 0.0104788 0.167587 0.00419888 3.21919E-4 0.797523 0.0103891 
0.00361524 0.00116714 0.0363468 2.40623E-4 5.23776E-5 0.955055 0.00352281 
0.0274602 0.00260595 0.211787 0.00125615 9.61172E-4 0.719731 0.0361985 
0.0126276 0.00268024 0.155465 0.00201858 4.0434E-4 0.804851 0.0219533 
0.0345302 0.0132323 0.120156 0.0387922 0.00156336 0.724355 0.0673709 
0.148093 0.017471 0.0489726 0.0151861 0.00158277 0.694541 0.074154 
0.639966 0.0320666 0.0422331 0.02117 0.00579245 0.194139 0.0646326 
0.770077 0.0391829 0.0334754 0.00993696 0.00877696 0.0800872 0.0584638 
0.751691 0.0288823 0.0494356 0.00933291 0.00704946 0.100736 0.0528724 
0.554542 0.0270566 0.0608543 0.0251608 0.00646981 0.229521 0.0963949 
0.635856 0.026335 0.0617332 0.0214899 0.0054463 0.173754 0.0753863 
0.595681 0.0214276 0.0660271 0.0174947 0.00491563 0.184622 0.109832 
0.677551 0.0238926 0.0523512 0.0146183 0.00463353 0.13312 0.0938332 
0.752204 0.0258558 0.0385486 0.00643438 0.00389184 0.0630484 0.110017 
0.796628 0.0294774 0.032068 0.00782458 0.00295468 0.0261111 0.104936 
0.85769 0.0554574 0.0287648 0.0106047 0.00482642 0.0111429 0.0315139 
0.842597 0.0626742 0.0244757 0.0135805 0.00558953 0.0116074 0.0394756 
0.860881 0.0464937 0.0253431 0.0180262 0.00398707 0.0079384 0.0373308 
0.849209 0.0579216 0.023985 0.0138568 0.00546852 0.00946992 0.0400887 
0.838509 0.0523721 0.0206257 0.0532399 0.00713227 0.00621882 0.0219025 
0.838478 0.0521268 0.021605 0.0509977 0.00541482 0.00708747 0.0242898 
0.824012 0.0386893 0.0249475 0.056418 0.00396694 0.00810993 0.0438562 
0.81984 0.045642 0.0229085 0.0633738 0.00452931 0.00669982 0.0370067 
0.820278 0.0417647 0.0242841 0.0679192 0.00423787 0.0057791 0.0357368 
0.838986 0.0501461 0.0246568 0.03975 0.00413364 0.0059433 0.0363842 
0.824723 0.0663689 0.0228213 0.0453675 0.00614117 0.00464385 0.0299348 
0.820925 0.0698431 0.020038 0.0528513 0.00528872 0.00470048 0.0263533 
0.779782 0.0532147 0.0160976 0.125254 0.00627824 0.00347288 0.0159008 
0.771285 0.10912 0.0167267 0.0440617 0.0169913 0.0115095 0.0303056 
0.753923 0.13198 0.0153388 0.0481609 0.0155271 0.00914229 0.0259277 
0.728769 0.130388 0.0122225 0.0886101 0.0186122 0.00626824 0.0151302 
0.724708 0.113851 0.0145294 0.123888 0.00701288 0.0039529 0.0120577 
0.772161 0.08031 0.0204839 0.0869245 0.00678579 0.00569139 0.0276435 
0.800973 0.070421 0.0221404 0.0599613 0.00645021 0.00402935 0.0360248 
0.76515 0.0979982 0.0108378 0.0664153 0.0358497 0.0051008 0.0186477 
0.792714 0.102692 0.0144534 0.0467285 0.0131605 0.00382418 0.0264267 
0.775147 0.0888523 0.0121631 0.0983515 0.0110582 0.00317051 0.011257 
0.772426 0.131884 0.0144183 0.0387398 0.0092477 0.00426422 0.0290201 
0.779318 0.119436 0.0147921 0.0555345 0.007518 0.00324 0.0201614 
0.725027 0.171739 0.0114893 0.0576025 0.0113415 0.00362919 0.0191719 
0.690146 0.197814 0.0124397 0.0671895 0.00834071 0.00388028 0.02019 
0.648919 0.217479 0.0096835 0.0862625 0.0160762 0.00346811 0.0181119 
0.662166 0.236324 0.0112007 0.0591829 0.00956292 0.00363131 0.0179319 
0.707539 0.187613 0.0141937 0.0613508 0.00748638 0.00343898 0.0183779 
0.69756 0.201401 0.0144782 0.050973 0.00908669 0.00374122 0.0227602 
0.68618 0.212597 0.0151484 0.0508338 0.0066939 0.00533867 0.0232077 
0.646463 0.234661 0.0177631 0.0566477 0.00586146 0.00748489 0.0311188 
0.656627 0.225494 0.017487 0.0628823 0.00557985 0.00957016 0.0223589 
0.646692 0.237933 0.0194197 0.0581668 0.00493459 0.0106063 0.0222478 
