0.856351 0.0158529 0.0309646 0.0618445 0.00326873 0.00175389 0.0299645 
0.846078 0.0138241 0.0400942 0.0487828 0.00192325 0.00212688 0.0471709 
0.853696 0.0131665 0.0400307 0.045794 0.0020562 0.00210352 0.0431532 
0.847314 0.0143201 0.0317715 0.0756518 0.0033607 0.00154028 0.0260419 
0.843875 0.0129733 0.0408534 0.0591754 0.00221933 0.00202628 0.0388773 
0.85828 0.0173459 0.0298581 0.0618035 0.00338003 0.00171032 0.0276218 
0.855374 0.0185237 0.0288087 0.0604766 0.00355892 0.00191939 0.0313388 
0.867039 0.0186071 0.0311311 0.0382891 0.00329489 0.00184432 0.0397949 
0.836955 0.0185745 0.0321833 0.0880899 0.00295091 0.0015371 0.0197097 
0.861983 0.0155622 0.0410287 0.0269296 0.00165631 0.00195449 0.0508852 
0.8558 0.0204482 0.029085 0.0594211 0.00287133 0.00156688 0.0308078 
0.849918 0.0172907 0.0336425 0.0638525 0.0026121 0.00181274 0.0308716 
0.854698 0.0141791 0.0400003 0.0557884 0.00219483 0.00158335 0.0315565 
0.872092 0.0181307 0.0305442 0.0522094 0.00279422 0.00154144 0.0226881 
0.869371 0.0154241 0.0334131 0.0496787 0.00245446 0.00199822 0.0276603 
0.828282 0.0175325 0.0284896 0.105298 0.00466149 0.0011023 0.0146341 
0.803406 0.0144926 0.0328142 0.125373 0.00359071 0.00114598 0.0191777 
0.864322 0.0124682 0.0472178 0.0305237 0.00137642 0.00192474 0.0421674 
0.794706 0.0139002 0.0359035 0.12738 0.00343916 0.00124655 0.0234244 
0.837613 0.0144541 0.0416182 0.0662636 0.00241095 0.00161814 0.036022 
0.841578 0.0162946 0.0322455 0.0840271 0.00381788 0.00129977 0.0207369 
0.851585 0.0166055 0.0345331 0.0639543 0.00290167 0.00150391 0.028917 
0.85125 0.0151355 0.0380135 0.0422716 0.002117 0.00166097 0.0495511 
0.812741 0.0228597 0.0241432 0.117761 0.00384651 0.0011944 0.0174548 
0.848693 0.0195186 0.0439267 0.0331737 0.00135607 0.00171419 0.0516173 
0.82049 0.0201831 0.0332504 0.105129 0.00218983 0.0011528 0.0176051 
0.820474 0.0184405 0.0314135 0.104793 0.00297053 0.00120193 0.0207072 
0.853469 0.0204866 0.0379212 0.0584502 0.00179821 0.00231127 0.0255633 
0.841268 0.0568488 0.0185244 0.0440407 0.00694993 0.00276759 0.0296006 
0.718287 0.0650929 0.011348 0.163421 0.0149228 0.00126002 0.025668 
0.619783 0.0604697 0.0148014 0.279301 0.00460401 7.35361E-4 0.0203054 
0.622613 0.0888152 0.0109928 0.219049 0.0145662 0.00123578 0.0427281 
0.508868 0.186403 0.00867605 0.180565 0.0513996 0.00265879 0.0614307 
0.445763 0.301669 0.0109801 0.145383 0.0268812 0.002278 0.0670453 
0.397236 0.269125 0.00898265 0.263915 0.0268255 0.00146251 0.032454 
0.303085 0.342699 0.0072546 0.299866 0.0194589 0.00158772 0.0260485 
0.434694 0.352359 0.00756258 0.158748 0.0142101 0.00170148 0.0307246 
0.349947 0.324819 0.00602134 0.267386 0.0278564 0.00158906 0.0223807 
0.406751 0.353749 0.00924766 0.19474 0.006968 0.00159414 0.026951 
0.301382 0.409404 0.00539933 0.235995 0.0291493 0.00175281 0.0169173 
0.332976 0.443499 0.00462191 0.170221 0.0318315 0.00169856 0.015152 
0.230036 0.494413 0.00931165 0.247974 0.00433025 0.00270385 0.0112312 
0.220982 0.67568 0.00407835 0.0836789 0.00289375 0.00234162 0.0103454 
0.388863 0.507284 0.0104168 0.0789415 0.00132262 0.00460457 0.00856768 
0.342712 0.5393 0.0071784 0.0965733 0.00248846 0.00432199 0.00742578 
0.449385 0.439821 0.00736458 0.0793626 0.00410732 0.00493559 0.0150244 
0.532898 0.287044 0.00996346 0.148558 0.00455827 0.00205588 0.0149218 
0.233255 0.372115 0.00641899 0.361443 0.0126427 0.00223561 0.0118893 
0.378304 0.432691 0.00465103 0.153768 0.0149369 0.00248617 0.0131628 
0.195467 0.676881 0.00378639 0.101315 0.0102743 0.00216059 0.0101161 
0.230514 0.678888 0.00288453 0.0564913 0.0111358 0.00324659 0.01684 
0.378187 0.527546 0.00609057 0.0640782 0.0046725 0.00380301 0.0156226 
0.285602 0.369816 0.00612905 0.293828 0.0275902 0.00232162 0.0147142 
0.337015 0.234265 0.0115919 0.382538 0.00602759 0.00253933 0.0260226 
0.359961 0.318385 0.018098 0.284101 0.00281107 0.00243953 0.0142042 
0.331453 0.107112 0.0307833 0.497082 0.00330395 0.00100693 0.029258 
0.422243 0.168635 0.0228326 0.333202 0.00517527 0.00173534 0.0461766 
0.543808 0.230271 0.0102388 0.178572 0.0183242 0.00144386 0.0173422 
0.589331 0.217005 0.00946497 0.134779 0.0259136 0.00150532 0.0220007 
0.641738 0.177442 0.0130954 0.12486 0.00922356 0.00192377 0.0317176 
0.657872 0.186311 0.0123349 0.100486 0.0102345 0.00234661 0.0304139 
0.599769 0.165116 0.0100317 0.182396 0.02442 0.00142309 0.0168433 
0.732727 0.137838 0.0149134 0.0755261 0.00684721 0.00279308 0.0293544 
0.71951 0.164548 0.0130454 0.0651749 0.00899369 0.0030278 0.0257003 
0.751255 0.113892 0.0162405 0.0846252 0.00500039 0.00360046 0.0253869 
0.778865 0.0833745 0.0221229 0.0692476 0.00309729 0.00475861 0.038534 
0.773256 0.102895 0.0185531 0.0703227 0.00449634 0.00379472 0.0266814 
0.781375 0.0962088 0.0244518 0.0392352 0.00384922 0.00473218 0.0501477 
0.795203 0.086978 0.019823 0.0609709 0.00452405 0.00345347 0.0290478 
0.791593 0.0753712 0.0190707 0.0756528 0.0046474 0.00423884 0.0294261 
0.815141 0.0666507 0.0211983 0.0437487 0.00421671 0.00601744 0.0430275 
0.815234 0.069289 0.0199787 0.0535055 0.00509803 0.00440303 0.0324918 
0.833245 0.0508944 0.0229384 0.0491767 0.00430075 0.00448823 0.0349566 
0.840428 0.0526677 0.0235153 0.0473216 0.00371219 0.00411211 0.0282429 
0.825971 0.0532251 0.0230921 0.0605374 0.004602 0.00353762 0.0290347 
0.838548 0.0514489 0.0218896 0.056281 0.00426318 0.00391816 0.023651 
0.457856 0.388434 0.00601785 0.0443151 0.0803818 0.00833206 0.0146636 
0.758635 0.113127 0.0133838 0.066433 0.020718 0.00400101 0.0237022 
0.779095 0.0958379 0.0261471 0.0226198 0.00633539 0.00558261 0.0643822 
0.732976 0.1386 0.0179486 0.0648156 0.0102553 0.00306844 0.032336 
0.671361 0.107476 0.0151979 0.183532 0.00769802 0.00153128 0.0132039 
0.607772 0.115642 0.010903 0.233503 0.0161109 0.00192893 0.0141403 
0.696938 0.100788 0.0167796 0.154161 0.00904956 0.00260571 0.0196771 
0.745012 0.111923 0.0187976 0.080942 0.00995831 0.00288787 0.0304784 
0.724022 0.128335 0.0137875 0.0874212 0.0164276 0.00282465 0.0271821 
0.633247 0.148639 0.0109059 0.165703 0.0214122 0.00217065 0.0179217 
0.658604 0.163664 0.0107446 0.115586 0.0263443 0.00247058 0.0225869 
0.612737 0.213233 0.00984658 0.103654 0.0320271 0.00268861 0.0258132 
0.59984 0.243498 0.0101364 0.0786946 0.0317558 0.00314752 0.0329275 
0.59541 0.238321 0.0113556 0.0770487 0.0243908 0.00381574 0.0496576 
0.602028 0.240858 0.00885925 0.111798 0.019324 0.00235146 0.0147806 
0.618351 0.199148 0.0117049 0.141558 0.00977865 0.00257695 0.0168828 
0.629864 0.19287 0.0109933 0.13429 0.0107797 0.00310647 0.0180969 
0.689206 0.159665 0.014231 0.104795 0.00748589 0.002638 0.0219787 
0.702132 0.137114 0.0198081 0.115453 0.00403044 0.00352887 0.0179335 
0.656312 0.16538 0.013391 0.144805 0.00929348 0.00191772 0.00890038 
0.548376 0.287268 0.00897494 0.0782566 0.0515378 0.0030982 0.0224886 
0.5464 0.273236 0.0089056 0.0999162 0.0487228 0.00285349 0.0199656 
0.594332 0.209793 0.0114648 0.13798 0.0228159 0.00294859 0.0206661 
0.626957 0.223724 0.0139729 0.0900944 0.0137079 0.00338995 0.0281535 
0.59226 0.26283 0.00890406 0.0951715 0.024014 0.00238719 0.0144327 
0.584148 0.261307 0.00973148 0.10715 0.020896 0.0022386 0.0145278 
0.546586 0.265372 0.0093871 0.147179 0.0181129 0.00185621 0.0115065 
0.779903 0.0121318 0.0595413 0.00820478 0.00156567 0.00431785 0.134335 
0.815953 0.0123196 0.0602678 0.015428 0.00156885 0.00236973 0.0920935 
0.818669 0.0115575 0.0557635 0.0257129 0.00195604 0.002723 0.0836184 
0.70307 0.00842912 0.0845982 0.00567008 0.00126846 0.0055096 0.191454 
0.789517 0.00887265 0.0660249 0.0308625 0.0018467 0.00342754 0.099449 
0.744988 0.0109996 0.0758923 0.00330283 0.00128263 0.00521742 0.158317 
0.799204 0.0105994 0.0636541 0.0159608 0.00236423 0.00210913 0.106108 
0.806786 0.0093274 0.0603197 0.0214512 0.00248345 0.00253593 0.0970961 
0.788101 0.00922492 0.0680793 0.0162969 0.0017043 0.00321025 0.113384 
0.818662 0.0105445 0.0621965 0.0124656 0.00251955 0.0028832 0.0907291 
0.802055 0.00969111 0.0705403 0.0105468 0.00175957 0.00335963 0.102048 
0.840776 0.0106046 0.0645379 0.0162398 0.00188738 0.00236543 0.0635889 
0.842199 0.0094189 0.0589465 0.0110145 0.00199781 0.00310307 0.0733205 
0.823879 0.00977544 0.0656245 0.01243 0.00206393 0.00376908 0.082458 
0.848009 0.0114559 0.0521859 0.0159718 0.00213455 0.00361371 0.066629 
0.844664 0.0102465 0.0570005 0.0127414 0.00196802 0.00395298 0.069427 
0.821047 0.0101339 0.0604349 0.00900968 0.00167351 0.00401596 0.0936855 
0.835277 0.0120092 0.0542693 0.0127914 0.00212249 0.00314478 0.0803858 
0.804434 0.0107383 0.0614596 0.00925672 0.00163002 0.0036562 0.108825 
0.846946 0.0112662 0.0564357 0.0125302 0.00202308 0.00293817 0.0678606 
0.601688 0.0116211 0.092017 0.00191408 0.00137924 0.0171156 0.274265 
0.586968 0.011302 0.108018 0.00118788 0.00177648 0.0412646 0.249484 
0.711462 0.00870544 0.122126 0.00180794 0.00128894 0.0341445 0.120466 
0.601953 0.00430265 0.163422 0.00221191 7.4391E-4 0.013656 0.21371 
0.642761 0.0046035 0.162823 0.0035536 8.57866E-4 0.019538 0.165863 
0.52537 0.0057704 0.171648 0.00215483 6.8465E-4 0.0462693 0.248103 
0.243496 0.00700047 0.193657 0.00282186 0.00201874 0.265222 0.285783 
0.147268 0.00762376 0.20505 0.0042032 0.00312533 0.39462 0.238109 
0.137911 0.00629935 0.138175 0.00172937 0.00136165 0.571398 0.143126 
0.33128 0.00848998 0.126967 0.00224241 0.00125367 0.311393 0.218375 
0.427344 0.00854161 0.0991677 0.00276917 0.00157677 0.0345006 0.4261 
0.696388 0.00790602 0.0869894 0.00335598 8.26417E-4 0.0202087 0.184326 
0.795984 0.0142695 0.0493424 0.00518886 0.00215998 0.0119591 0.121097 
0.772961 0.0132724 0.0508452 0.00494429 0.00133358 0.0101178 0.146525 
0.842294 0.0168868 0.0408127 0.01388 0.00219388 0.00618984 0.0777428 
0.806761 0.0271832 0.044065 0.0121504 0.00356174 0.0642866 0.0419924 
0.0351803 0.0222674 0.0078122 7.93943E-5 6.17015E-4 0.930927 0.00311621 
0.049938 0.00520134 0.0210188 1.87302E-4 4.66465E-4 0.915761 0.00742724 
0.00692231 0.00542926 0.047766 0.00536711 4.71961E-4 0.927742 0.00630105 
0.00868326 0.00774725 0.0380699 0.00732599 2.64103E-4 0.927817 0.0100927 
0.0665971 0.0171298 0.0556124 0.0427625 0.0016702 0.701236 0.114992 
0.338141 0.0222501 0.0560499 0.0304065 0.00348873 0.457562 0.0921016 
0.484594 0.0222522 0.0666988 0.0365547 0.0036179 0.315849 0.0704337 
0.481196 0.0207262 0.0516746 0.0223576 0.00420871 0.371772 0.0480651 
0.363964 0.0202723 0.0505627 0.0298826 0.00272174 0.47533 0.0572663 
0.353065 0.0249253 0.0505824 0.0508751 0.00283041 0.469973 0.0477494 
0.355945 0.0242218 0.0396131 0.0311345 0.00380503 0.485698 0.0595826 
0.303891 0.024527 0.0407985 0.0156974 0.00309295 0.544171 0.0678218 
0.407833 0.0420895 0.0323298 0.0388514 0.00751239 0.413736 0.0576474 
0.499276 0.0520546 0.029148 0.0404 0.00947424 0.310501 0.0591464 
0.457903 0.0658075 0.0243542 0.0214934 0.012023 0.368811 0.049608 
0.488378 0.253052 0.01375 0.0168174 0.015385 0.174272 0.038346 
0.583361 0.168903 0.0194348 0.012661 0.0159571 0.153574 0.0461096 
0.828243 0.0462706 0.0208487 0.0128432 0.0029038 0.0198739 0.069017 
0.670984 0.0498489 0.0352306 0.0149362 0.00195891 0.00467717 0.222365 
0.631459 0.085068 0.0299127 0.016103 0.00371715 0.00511797 0.228622 
0.510049 0.107727 0.0337985 0.015477 0.00614052 0.00658232 0.320226 
0.668337 0.126477 0.028235 0.00916096 0.00432724 0.0156227 0.147841 
0.445441 0.269968 0.0271312 0.00452143 0.0114012 0.193284 0.0482538 
0.231787 0.489104 0.0262324 0.00418399 0.0130299 0.210391 0.0252709 
0.17645 0.674313 0.0104557 0.00227389 0.0148813 0.106424 0.0152021 
0.198516 0.615044 0.0145233 0.00260406 0.0123308 0.131676 0.0253067 
0.162655 0.702293 0.00862465 0.00217839 0.0119737 0.0973569 0.0149192 
0.246932 0.614626 0.00980222 0.00329055 0.01803 0.0852475 0.0220717 
0.375757 0.479956 0.0154456 0.00397996 0.0119442 0.0816571 0.0312598 
0.369917 0.49956 0.0140248 0.00480845 0.0155328 0.0706351 0.0255213 
0.825247 0.0330261 0.0393408 0.0116937 0.00258956 0.053317 0.0347861 
0.605283 0.00750584 0.0844397 0.0263122 0.00228724 0.0106593 0.263512 
0.827917 0.0106273 0.0581108 0.0186972 0.00213863 0.0226568 0.0598528 
0.82456 0.0262973 0.0431949 0.0232531 0.00208733 0.0484734 0.0321336 
0.75793 0.0789229 0.0273462 0.0299851 0.00701419 0.0704455 0.0283563 
0.469939 0.130437 0.0185243 0.018527 0.0126424 0.318319 0.0316123 
0.60916 0.191367 0.017206 0.0425583 0.0105509 0.106361 0.0227964 
0.708044 0.164459 0.0205479 0.0152358 0.0130558 0.0460657 0.0325924 
0.754086 0.0380048 0.0361286 0.00955166 9.76865E-4 0.00776056 0.153492 
0.790708 0.046378 0.0393103 0.0185819 0.00110844 0.00505166 0.098862 
0.819025 0.0556861 0.0263882 0.0196198 0.00210565 0.00903021 0.0681446 
0.807077 0.105564 0.0215491 0.0323653 0.00324002 0.00545307 0.0247524 
0.672193 0.180559 0.0103461 0.0967873 0.0201606 0.00367506 0.0162786 
0.608751 0.288989 0.0122769 0.0552808 0.00893496 0.00400213 0.0217651 
0.47124 0.416336 0.00784663 0.0603081 0.0129068 0.0050401 0.0263223 
0.452054 0.416499 0.0107695 0.047768 0.00766216 0.0096249 0.0556229 
0.431327 0.394838 0.012071 0.0877247 0.00662237 0.00462293 0.062794 
0.394656 0.401087 0.0153138 0.148878 0.0026027 0.00506881 0.0323944 
0.445301 0.315166 0.0160527 0.20106 0.00255022 0.00275039 0.01712 
0.525872 0.31849 0.0170245 0.0950295 0.00309067 0.00532606 0.0351679 
0.544377 0.308591 0.0187706 0.0705112 0.00309583 0.00585214 0.048802 
0.547206 0.292685 0.0185775 0.097838 0.00270339 0.00510992 0.03588 
0.489856 0.356309 0.0122635 0.111142 0.0037765 0.00314573 0.0235073 
0.408973 0.484408 0.00844503 0.0645179 0.0047638 0.00262774 0.0262645 
0.475625 0.405364 0.0122309 0.0567448 0.00383652 0.00317113 0.0430274 
0.487482 0.359967 0.017284 0.0836635 0.00291633 0.00349561 0.0451911 
0.463652 0.391792 0.0130345 0.0883676 0.00373209 0.0029726 0.0364497 
0.495397 0.328386 0.0162483 0.115364 0.00327092 0.00325367 0.0380797 
0.43538 0.402432 0.011873 0.113487 0.0037844 0.00279829 0.0302457 
0.396639 0.417638 0.011739 0.132663 0.00393528 0.00298524 0.034401 
0.464027 0.330764 0.0159538 0.150794 0.00335985 0.00363143 0.0314698 
0.481031 0.379704 0.0137087 0.0917947 0.00418325 0.00438889 0.0251897 
0.538603 0.306814 0.0142097 0.0948568 0.00607134 0.00435631 0.0350897 
0.522772 0.337306 0.0132086 0.092538 0.00511067 0.00362136 0.0254433 
0.561416 0.28628 0.0151712 0.0985812 0.00520879 0.00356743 0.0297759 
0.653361 0.187645 0.0240735 0.100827 0.00363021 0.00447183 0.0259907 
0.597112 0.255766 0.0181157 0.0962562 0.00427159 0.00402271 0.0244553 
0.558021 0.271588 0.0173617 0.121618 0.00428605 0.00357886 0.0235461 
0.501715 0.215412 0.0227422 0.236876 0.00249149 0.00274655 0.0180169 
0.575315 0.187584 0.0227264 0.192111 0.00303272 0.00318559 0.0160444 
0.581354 0.191611 0.0254177 0.178092 0.00251462 0.00353854 0.0174727 
0.57172 0.223295 0.0218872 0.157514 0.00297611 0.00408255 0.0185255 
0.620026 0.250161 0.0213158 0.0690437 0.00413059 0.00609603 0.0292265 
0.630024 0.205529 0.0224118 0.106082 0.00431055 0.00404171 0.0276008 
0.619855 0.194355 0.0206496 0.135024 0.00465234 0.00364192 0.0218219 
0.6857 0.182003 0.0216455 0.0769562 0.00496189 0.00345643 0.0252768 
0.650034 0.222331 0.0175349 0.0826155 0.00620474 0.00354477 0.0177356 
0.602979 0.285418 0.0136213 0.0655213 0.00867313 0.00403181 0.0197554 
0.613803 0.259865 0.013065 0.0739833 0.0117927 0.00404216 0.0234491 
0.649384 0.252519 0.0124334 0.0455822 0.0116746 0.00438178 0.0240243 
0.659249 0.202851 0.0178447 0.0698689 0.00703147 0.00519403 0.0379618 
0.876183 0.0269184 0.0332142 0.0324343 0.00356883 0.00222051 0.0254611 
0.864245 0.0217305 0.0377703 0.0350181 0.0033457 0.00243492 0.0354556 
0.865659 0.0268893 0.0317819 0.0361315 0.00416036 0.00251868 0.0328594 
0.865066 0.0379459 0.0282026 0.0376057 0.0045327 0.00255684 0.0240899 
0.848143 0.0383292 0.0272681 0.0523194 0.00309251 0.00400548 0.0268425 
0.847466 0.0254591 0.0342392 0.0497011 0.00352062 0.00256944 0.0370441 
0.869238 0.0256154 0.0322478 0.0253883 0.00290804 0.00296656 0.0416364 
0.874216 0.0282385 0.0281306 0.0341781 0.00427479 0.00211836 0.0288439 
0.887558 0.0268489 0.0350937 0.0147072 0.0036716 0.00320463 0.0289161 
0.834314 0.0110859 0.0854056 0.00704711 9.82595E-4 0.0317434 0.0294215 
0.355767 0.00637602 0.133892 6.25921E-4 5.2916E-4 0.46488 0.0379303 
0.149463 0.0066601 0.303433 0.00290329 7.64714E-4 0.52495 0.0118253 
0.0707054 0.00468467 0.0798358 4.22962E-4 2.37951E-4 0.824398 0.0197149 
0.00112866 6.23914E-4 0.00937382 8.54541E-6 4.57094E-6 0.987329 0.00153188 
0.00664662 0.0031117 0.0013133 8.03352E-5 1.97343E-4 0.984653 0.00399779 
0.0107291 0.00664661 0.00223223 1.27799E-4 8.84666E-4 0.969876 0.00950351 
0.0148617 0.00553577 0.00380421 2.88186E-5 1.54222E-4 0.936359 0.0392562 
0.149146 0.0618229 0.0145268 0.00131587 0.00431389 0.456268 0.312607 
0.154652 0.1883 0.0104164 0.00271237 0.0112437 0.0804681 0.552208 
0.0417643 0.25264 0.00784883 0.00182592 0.00676984 0.029406 0.659745 
0.0412038 0.171634 0.00570545 0.00195155 0.00673115 0.0396856 0.733088 
0.0817535 0.158037 0.00952698 0.00302461 0.00588221 0.0611238 0.680652 
0.100083 0.345483 0.00927236 0.00604738 0.0359012 0.0359646 0.467249 
0.12111 0.454488 0.00850008 0.00747139 0.0228304 0.023271 0.362329 
0.196549 0.56093 0.00456776 0.0122273 0.0286654 0.0121764 0.184884 
0.142211 0.585681 0.00565746 0.0186434 0.064732 0.00932646 0.173749 
0.194171 0.542645 0.0077256 0.00797144 0.0180578 0.0146382 0.21479 
0.238898 0.483134 0.00888092 0.0166139 0.0311887 0.00976809 0.211516 
0.209839 0.330723 0.0212926 0.0422351 0.0292376 0.0119574 0.354715 
0.166719 0.378796 0.0150655 0.0385758 0.0467605 0.0115719 0.342511 
0.14085 0.450127 0.0106574 0.017611 0.0251467 0.0108013 0.344807 
0.13518 0.391237 0.0159362 0.0191085 0.0199786 0.0128693 0.405691 
0.169432 0.437683 0.0183952 0.0307558 0.022045 0.0125941 0.309095 
0.158071 0.412026 0.0150829 0.0358047 0.0733012 0.0110605 0.294654 
0.139058 0.53796 0.0086441 0.0272238 0.0300561 0.0078667 0.249192 
0.120716 0.631335 0.00601898 0.0422454 0.039578 0.00546133 0.154645 
0.0989687 0.570508 0.00868149 0.0524325 0.0475193 0.00616763 0.215722 
0.074416 0.605488 0.00674663 0.0100899 0.0276372 0.0117321 0.26389 
0.114881 0.573765 0.00733972 0.024077 0.0524619 0.008074 0.219401 
0.102056 0.640249 0.0061231 0.019267 0.0217626 0.00867412 0.201868 
0.0962675 0.737503 0.00283177 0.0140467 0.0192501 0.00731389 0.122787 
0.123541 0.739887 0.00279614 0.0103354 0.00932414 0.0133758 0.10074 
0.228459 0.657345 0.00396368 0.0167536 0.0093521 0.0141571 0.0699697 
0.314722 0.578349 0.00499547 0.0136473 0.0173483 0.0155328 0.0554059 
0.442872 0.429604 0.00657038 0.0152474 0.0335287 0.0209211 0.0512567 
0.473678 0.404464 0.00667586 0.020861 0.0310374 0.0169626 0.0463217 
0.5287 0.363115 0.00622404 0.0320077 0.0287205 0.0127781 0.0284544 
0.449081 0.406769 0.0047636 0.0518247 0.0555083 0.0122025 0.0198506 
0.559763 0.0407408 0.0406602 0.0617326 0.00893322 0.001924 0.286247 
0.508931 0.0364166 0.0447319 0.0645647 0.0102896 0.00211114 0.332955 
0.534751 0.0341577 0.0493517 0.0679793 0.0099916 0.00205458 0.301714 
0.404193 0.0403535 0.0466153 0.0556757 0.0101803 0.00231723 0.440665 
0.409364 0.0390815 0.0506449 0.0285926 0.0079457 0.00204201 0.462329 
0.501106 0.0436643 0.035329 0.0675889 0.0180495 0.00235776 0.331904 
0.507603 0.0367075 0.0410265 0.0489932 0.00985468 0.00202494 0.35379 
0.550575 0.040268 0.0360937 0.0683258 0.0150471 0.00210169 0.287588 
0.489152 0.0323448 0.041941 0.0332702 0.00768781 0.00189588 0.393709 
0.424236 0.0494343 0.0379046 0.0582843 0.0165514 0.00238515 0.411204 
0.426528 0.0419291 0.0437081 0.0576428 0.0122131 0.00234254 0.415636 
0.432104 0.0369683 0.0443033 0.054312 0.00956655 0.00216444 0.420582 
0.442959 0.040497 0.0444405 0.0484294 0.00887946 0.00210561 0.412689 
0.409074 0.0449267 0.0477809 0.0494874 0.012076 0.00229286 0.434362 
0.373714 0.0435007 0.0457492 0.0480007 0.0110206 0.00241794 0.475597 
0.460139 0.0379881 0.0426357 0.0413856 0.00991279 0.00202745 0.405911 
0.541554 0.0387764 0.037793 0.0884101 0.0154982 0.0024049 0.275563 
0.45083 0.0369987 0.0457816 0.0405605 0.0092325 0.00194288 0.414654 
0.487197 0.0367443 0.0400731 0.0795467 0.0142734 0.00230753 0.339858 
0.423835 0.0379109 0.0463442 0.0259619 0.00847283 0.00203242 0.455443 
0.505868 0.0428632 0.0349085 0.0830103 0.0178205 0.00239163 0.313138 
0.430904 0.0337811 0.0480657 0.0328747 0.00767113 0.00190804 0.444796 
0.589594 0.0379344 0.034133 0.075783 0.0162873 0.00197535 0.244293 
0.428606 0.0372004 0.0465288 0.0249186 0.00943581 0.00205181 0.451259 
0.460247 0.0377857 0.0425361 0.0488298 0.0133423 0.00212247 0.395137 
0.423645 0.0360942 0.0464946 0.0407723 0.00975826 0.00214168 0.441094 
0.416281 0.0400072 0.0440881 0.0320677 0.0099229 0.00205483 0.455578 
0.440659 0.040621 0.0400793 0.0434609 0.0140598 0.00207582 0.419045 
0.447927 0.0400633 0.0449728 0.0286352 0.00775499 0.00203422 0.428612 
0.556368 0.0365335 0.0352919 0.0888945 0.0142259 0.0021502 0.266537 
0.893479 0.0205291 0.0285555 0.0343949 0.00395534 0.00274104 0.0163455 
0.883241 0.0190728 0.0296469 0.0439621 0.00400391 0.00266258 0.0174102 
0.877326 0.0196191 0.0307736 0.0487893 0.0031214 0.00340965 0.0169606 
0.87416 0.0160354 0.0350141 0.0498766 0.00266076 0.0033475 0.0189054 
0.874089 0.0127322 0.0425679 0.0435775 0.00205978 0.00275212 0.0222219 
0.884221 0.0160829 0.0389788 0.0300795 0.00261306 0.00364184 0.0243832 
0.890365 0.0129277 0.0441628 0.0113936 0.00155057 0.00548966 0.0341105 
0.886951 0.0143876 0.0416082 0.0312872 0.00194199 0.00293138 0.0208926 
0.89151 0.0187215 0.0321059 0.0294492 0.00192453 0.0032588 0.0230304 
0.89358 0.0191299 0.0301474 0.0296627 0.00277371 0.00284508 0.0218616 
0.899786 0.0224487 0.0287869 0.026081 0.00285737 0.00271131 0.0173282 
0.893342 0.0221976 0.0289315 0.0307398 0.00306188 0.00270956 0.0190178 
0.863984 0.0296758 0.0257801 0.0618796 0.00379541 0.00192434 0.0129607 
0.862321 0.0472791 0.0251856 0.0417999 0.0029017 0.00532604 0.0151864 
0.85863 0.0614619 0.0238167 0.023138 0.00313089 0.0110381 0.018784 
0.807167 0.101016 0.0148087 0.0483712 0.00786985 0.00613049 0.0146374 
0.809008 0.0814944 0.0237184 0.0254013 0.00411602 0.0115912 0.0446712 
0.791135 0.0357471 0.0289158 0.00658634 0.00170645 0.0442919 0.0916175 
0.792925 0.110226 0.0240982 0.0104942 0.00290763 0.0189974 0.0403524 
0.593905 0.0902937 0.0259696 0.00819359 0.00602145 0.183427 0.0921905 
0.400125 0.0831659 0.0263405 0.00486585 0.00754295 0.246399 0.23156 
0.679005 0.137502 0.0180995 0.0222419 0.0145893 0.065965 0.0625978 
0.716579 0.136895 0.0162328 0.0452177 0.00953831 0.0406853 0.034852 
0.541443 0.340386 0.0084653 0.0217103 0.0187354 0.0427641 0.026496 
0.488567 0.380968 0.00471309 0.0417499 0.0530264 0.0171158 0.0138599 
0.503559 0.389648 0.00695305 0.0321134 0.0229798 0.0227191 0.0220281 
0.54962 0.304386 0.0132011 0.100254 0.00664507 0.00784518 0.0180488 
0.589302 0.179558 0.0219246 0.127607 0.00622827 0.020002 0.0553782 
0.607917 0.197004 0.0193582 0.111156 0.00620004 0.0136619 0.0447038 
0.465124 0.437005 0.00730442 0.0309793 0.0176827 0.0118756 0.0300295 
0.545306 0.343082 0.00728769 0.0370169 0.0302463 0.0109083 0.0261528 
0.64302 0.256598 0.0126273 0.0171952 0.0114137 0.0146229 0.0445225 
0.629771 0.25512 0.017496 0.0276525 0.00858241 0.0171839 0.0441933 
0.528004 0.337764 0.00971765 0.0618597 0.0209289 0.0127809 0.0289443 
0.40854 0.369316 0.00449016 0.144866 0.0549 0.007487 0.0104005 
0.463219 0.426644 0.00961847 0.043208 0.0116289 0.0134257 0.0322559 
0.596825 0.27159 0.0177517 0.0209754 0.00805983 0.0322763 0.0525218 
0.607016 0.309207 0.0167037 0.0300361 0.00451751 0.00926752 0.0232521 
0.533028 0.365147 0.0174542 0.034859 0.00437586 0.0158355 0.0293005 
0.569666 0.315856 0.0158007 0.0635899 0.00490827 0.012146 0.0180331 
0.616784 0.19219 0.0131969 0.151101 0.00571505 0.0072663 0.0137464 
0.545669 0.233838 0.014569 0.158664 0.00662585 0.0162307 0.0244038 
0.585121 0.263234 0.0160501 0.0983342 0.0043723 0.0103178 0.0225705 
0.646669 0.21828 0.0112522 0.0896491 0.0113909 0.0075974 0.015161 
0.24416 0.324795 0.0705811 0.0029627 0.0324175 0.307003 0.0180809 
0.511975 0.020655 0.0574443 0.0155497 0.00513752 0.22914 0.160098 
0.277257 0.0155016 0.0497413 0.00908956 0.00226444 0.547584 0.0985624 
0.400611 0.0226072 0.0807618 0.0640457 0.00499404 0.316252 0.110728 
0.624996 0.0221201 0.0620858 0.0155403 0.00472627 0.196382 0.0741495 
0.637544 0.0218956 0.0617736 0.0658817 0.00462755 0.148757 0.0595198 
0.757247 0.0178168 0.0489813 0.0140267 0.00518703 0.0500231 0.106718 
0.809036 0.0176918 0.0510075 0.0157273 0.00354379 0.0588587 0.0441347 
0.808796 0.0153569 0.0617662 0.00804516 0.00324192 0.0520925 0.0507011 
0.729166 0.0139243 0.0845273 0.00395691 0.00234211 0.0732249 0.0928584 
0.811836 0.0220174 0.0646451 0.00330397 0.00326694 0.0465043 0.0484259 
0.200637 0.0112438 0.103804 0.0111545 9.89E-4 0.630403 0.0417689 
0.0926546 0.00898817 0.0771572 0.0122537 8.59382E-4 0.772294 0.035793 
0.0546222 0.0084739 0.113684 0.0135404 0.00117183 0.756595 0.0519127 
0.666287 0.0207802 0.0513035 0.0249479 0.00386879 0.148333 0.0844794 
0.786715 0.0362858 0.029007 0.00839259 0.00631558 0.0779866 0.0552976 
0.757277 0.0573507 0.0303164 0.00589442 0.0109388 0.0958361 0.0423863 
0.768142 0.0533955 0.0300137 0.00742066 0.00744883 0.0889388 0.0446406 
0.806289 0.0293683 0.0371714 0.00973288 0.0058178 0.0709537 0.0406667 
0.674097 0.0162675 0.0700731 0.0135245 0.00295993 0.150912 0.0721663 
0.768184 0.0119323 0.0657419 0.00873875 0.00235006 0.0871333 0.0559194 
0.658098 0.0228911 0.0500687 0.0144849 0.00748128 0.214824 0.0321522 
0.291763 0.012779 0.0386411 0.0130491 0.00318466 0.60251 0.0380724 
0.535067 0.0196094 0.0448574 0.0105158 0.00487376 0.325131 0.0599458 
0.724519 0.0293607 0.0390176 0.00473656 0.00589658 0.1396 0.0568704 
0.762389 0.0341763 0.0334382 0.00532538 0.0139846 0.0430863 0.1076 
0.764401 0.0360547 0.0301311 0.00382925 0.00568343 0.0547046 0.105196 
0.81148 0.0293925 0.0374916 0.00396096 0.00424852 0.0421842 0.0712423 
0.795587 0.029438 0.0355993 0.00612947 0.00397687 0.0384987 0.090771 
0.837993 0.0353088 0.0292599 0.00655472 0.00491529 0.0256981 0.0602705 
0.828864 0.030734 0.0308227 0.00721879 0.00388658 0.0314546 0.0670198 
0.821135 0.0286267 0.0292051 0.00715206 0.00411536 0.0277322 0.0820334 
0.820653 0.0285771 0.0298909 0.00717095 0.00310712 0.0365109 0.07409 
0.842431 0.03091 0.0303866 0.00906577 0.00364738 0.0254749 0.0580846 
0.831622 0.0332675 0.0299116 0.00961749 0.00358068 0.0258118 0.0661893 
0.844709 0.0347165 0.0284941 0.0097125 0.00306711 0.023294 0.0560072 
0.833935 0.0447734 0.0258338 0.00865069 0.00411654 0.02734 0.0553506 
0.843678 0.0401935 0.0259458 0.00881647 0.00409382 0.0253258 0.0519471 
0.8656 0.0532482 0.0206222 0.0116481 0.00569812 0.0145262 0.0286566 
0.867593 0.0493036 0.0230893 0.0106021 0.00514112 0.012862 0.0314086 
0.835111 0.075671 0.01947 0.0219145 0.0115453 0.0109052 0.0253827 
0.833416 0.0712486 0.0192077 0.0231011 0.0125137 0.0140379 0.0264749 
0.817446 0.0523488 0.0179964 0.0694718 0.0113757 0.0111287 0.0202326 
0.863312 0.038631 0.0214344 0.0301075 0.00889225 0.0136435 0.0239792 
0.872228 0.0347542 0.0228717 0.0261234 0.00622422 0.0128913 0.0249072 
0.864274 0.040986 0.021175 0.0277242 0.00872876 0.0126087 0.0245032 
0.846995 0.0515917 0.0210612 0.0282074 0.0105059 0.0132968 0.028342 
0.841289 0.0487347 0.0247256 0.0303424 0.00640408 0.0122075 0.0362968 
0.810517 0.0793263 0.021859 0.0209115 0.0105953 0.0163438 0.0404467 
0.774518 0.106405 0.0213137 0.0242608 0.0162304 0.018881 0.0383918 
0.585634 0.146561 0.0443103 0.00639969 0.0274389 0.167193 0.0224637 
0.0542826 0.015097 0.0181351 0.0107043 0.00164215 0.896638 0.00350113 
0.260854 0.042917 0.0366887 0.0354399 0.00514801 0.509076 0.109876 
0.024387 0.00820727 0.0154925 0.00589451 0.00103254 0.923071 0.0219152 
0.278478 0.184596 0.106646 0.00175312 0.0309109 0.385527 0.0120878 
0.0695409 0.0188643 0.0159345 0.0242119 0.00126661 0.855809 0.0143728 
0.276853 0.125211 0.0204202 0.175044 0.0149066 0.357088 0.0304772 
0.514377 0.161796 0.0142783 0.111468 0.0237277 0.153107 0.0212456 
0.538399 0.199333 0.0138611 0.0330756 0.0261751 0.168149 0.0210075 
0.29188 0.566909 0.00934737 0.00514113 0.0535362 0.0591189 0.014068 
0.397765 0.461586 0.0111804 0.0115908 0.0577423 0.0392242 0.0209108 
0.736963 0.11433 0.0148116 0.0936122 0.0089785 0.0160839 0.0152201 
0.64147 0.234168 0.0114026 0.0430237 0.0201332 0.00343675 0.0463658 
0.46345 0.286388 0.0111105 0.0468299 0.0363587 0.00395424 0.151909 
0.256046 0.305958 0.0234624 0.120744 0.0458979 0.0102567 0.237635 
0.0854056 0.181416 0.0232383 0.0497558 0.0428645 0.00923914 0.608081 
0.0375616 0.111123 0.0143559 0.019511 0.0329323 0.00549289 0.779023 
0.0447151 0.102505 0.0153959 0.0231878 0.0708616 0.00699997 0.736334 
0.0444743 0.12576 0.0142055 0.0195331 0.0428381 0.00686851 0.74632 
0.0367104 0.101626 0.0135467 0.0183328 0.0463618 0.00623964 0.777182 
0.0401551 0.112806 0.0142761 0.0189606 0.0376993 0.00621604 0.769887 
0.0672606 0.168666 0.0186528 0.0300297 0.0562608 0.00853028 0.6506 
0.101481 0.259039 0.0184349 0.0289597 0.036117 0.0130115 0.542957 
0.182435 0.326408 0.0238588 0.0596093 0.0188752 0.0133773 0.375437 
0.222921 0.473192 0.0104199 0.0667496 0.0291203 0.00768843 0.189909 
0.216306 0.547249 0.00476529 0.055766 0.0622873 0.00537241 0.108254 
0.191129 0.607284 0.00352016 0.0479664 0.0527902 0.00521469 0.0920959 
0.244747 0.58337 0.00433665 0.0622556 0.0223317 0.00421481 0.078744 
0.174426 0.713406 0.00153484 0.0367635 0.0490438 0.00283131 0.0219944 
0.14012 0.789989 0.00118928 0.0192326 0.0307018 0.0025254 0.0162413 
0.18412 0.687063 0.00202937 0.0443885 0.0627081 0.00276823 0.016922 
0.211649 0.667967 0.00257146 0.0606139 0.0317554 0.00202687 0.0234165 
0.195427 0.710273 0.00239232 0.0373932 0.0240475 0.00235957 0.0281073 
0.24416 0.324795 0.0705811 0.0029627 0.0324175 0.307003 0.0180809 
0.511975 0.020655 0.0574443 0.0155497 0.00513752 0.22914 0.160098 
0.277257 0.0155016 0.0497413 0.00908956 0.00226444 0.547584 0.0985624 
0.400611 0.0226072 0.0807618 0.0640457 0.00499404 0.316252 0.110728 
0.624996 0.0221201 0.0620858 0.0155403 0.00472627 0.196382 0.0741495 
0.637544 0.0218956 0.0617736 0.0658817 0.00462755 0.148757 0.0595198 
0.757247 0.0178168 0.0489813 0.0140267 0.00518703 0.0500231 0.106718 
0.809036 0.0176918 0.0510075 0.0157273 0.00354379 0.0588587 0.0441347 
0.808796 0.0153569 0.0617662 0.00804516 0.00324192 0.0520925 0.0507011 
0.729166 0.0139243 0.0845273 0.00395691 0.00234211 0.0732249 0.0928584 
0.811836 0.0220174 0.0646451 0.00330397 0.00326694 0.0465043 0.0484259 
0.200637 0.0112438 0.103804 0.0111545 9.89E-4 0.630403 0.0417689 
0.0926546 0.00898817 0.0771572 0.0122537 8.59382E-4 0.772294 0.035793 
0.0546222 0.0084739 0.113684 0.0135404 0.00117183 0.756595 0.0519127 
0.666287 0.0207802 0.0513035 0.0249479 0.00386879 0.148333 0.0844794 
0.786715 0.0362858 0.029007 0.00839259 0.00631558 0.0779866 0.0552976 
0.757277 0.0573507 0.0303164 0.00589442 0.0109388 0.0958361 0.0423863 
0.768142 0.0533955 0.0300137 0.00742066 0.00744883 0.0889388 0.0446406 
0.806289 0.0293683 0.0371714 0.00973288 0.0058178 0.0709537 0.0406667 
0.674097 0.0162675 0.0700731 0.0135245 0.00295993 0.150912 0.0721663 
0.768184 0.0119323 0.0657419 0.00873875 0.00235006 0.0871333 0.0559194 
0.658098 0.0228911 0.0500687 0.0144849 0.00748128 0.214824 0.0321522 
0.291763 0.012779 0.0386411 0.0130491 0.00318466 0.60251 0.0380724 
0.535067 0.0196094 0.0448574 0.0105158 0.00487376 0.325131 0.0599458 
0.724519 0.0293607 0.0390176 0.00473656 0.00589658 0.1396 0.0568704 
0.762389 0.0341763 0.0334382 0.00532538 0.0139846 0.0430863 0.1076 
0.764401 0.0360547 0.0301311 0.00382925 0.00568343 0.0547046 0.105196 
0.81148 0.0293925 0.0374916 0.00396096 0.00424852 0.0421842 0.0712423 
0.795587 0.029438 0.0355993 0.00612947 0.00397687 0.0384987 0.090771 
0.837993 0.0353088 0.0292599 0.00655472 0.00491529 0.0256981 0.0602705 
0.828864 0.030734 0.0308227 0.00721879 0.00388658 0.0314546 0.0670198 
0.821135 0.0286267 0.0292051 0.00715206 0.00411536 0.0277322 0.0820334 
0.820653 0.0285771 0.0298909 0.00717095 0.00310712 0.0365109 0.07409 
0.842431 0.03091 0.0303866 0.00906577 0.00364738 0.0254749 0.0580846 
0.831622 0.0332675 0.0299116 0.00961749 0.00358068 0.0258118 0.0661893 
0.844709 0.0347165 0.0284941 0.0097125 0.00306711 0.023294 0.0560072 
0.833935 0.0447734 0.0258338 0.00865069 0.00411654 0.02734 0.0553506 
0.843678 0.0401935 0.0259458 0.00881647 0.00409382 0.0253258 0.0519471 
0.8656 0.0532482 0.0206222 0.0116481 0.00569812 0.0145262 0.0286566 
0.867593 0.0493036 0.0230893 0.0106021 0.00514112 0.012862 0.0314086 
0.835111 0.075671 0.01947 0.0219145 0.0115453 0.0109052 0.0253827 
0.833416 0.0712486 0.0192077 0.0231011 0.0125137 0.0140379 0.0264749 
0.817446 0.0523488 0.0179964 0.0694718 0.0113757 0.0111287 0.0202326 
0.863312 0.038631 0.0214344 0.0301075 0.00889225 0.0136435 0.0239792 
0.872228 0.0347542 0.0228717 0.0261234 0.00622422 0.0128913 0.0249072 
0.864274 0.040986 0.021175 0.0277242 0.00872876 0.0126087 0.0245032 
0.846995 0.0515917 0.0210612 0.0282074 0.0105059 0.0132968 0.028342 
0.841289 0.0487347 0.0247256 0.0303424 0.00640408 0.0122075 0.0362968 
0.810517 0.0793263 0.021859 0.0209115 0.0105953 0.0163438 0.0404467 
0.774518 0.106405 0.0213137 0.0242608 0.0162304 0.018881 0.0383918 
0.585634 0.146561 0.0443103 0.00639969 0.0274389 0.167193 0.0224637 
0.0542826 0.015097 0.0181351 0.0107043 0.00164215 0.896638 0.00350113 
0.260854 0.042917 0.0366887 0.0354399 0.00514801 0.509076 0.109876 
0.024387 0.00820727 0.0154925 0.00589451 0.00103254 0.923071 0.0219152 
0.278478 0.184596 0.106646 0.00175312 0.0309109 0.385527 0.0120878 
0.0695409 0.0188643 0.0159345 0.0242119 0.00126661 0.855809 0.0143728 
0.276853 0.125211 0.0204202 0.175044 0.0149066 0.357088 0.0304772 
0.514377 0.161796 0.0142783 0.111468 0.0237277 0.153107 0.0212456 
0.538399 0.199333 0.0138611 0.0330756 0.0261751 0.168149 0.0210075 
0.29188 0.566909 0.00934737 0.00514113 0.0535362 0.0591189 0.014068 
0.397765 0.461586 0.0111804 0.0115908 0.0577423 0.0392242 0.0209108 
0.736963 0.11433 0.0148116 0.0936122 0.0089785 0.0160839 0.0152201 
0.64147 0.234168 0.0114026 0.0430237 0.0201332 0.00343675 0.0463658 
0.46345 0.286388 0.0111105 0.0468299 0.0363587 0.00395424 0.151909 
0.256046 0.305958 0.0234624 0.120744 0.0458979 0.0102567 0.237635 
0.0854056 0.181416 0.0232383 0.0497558 0.0428645 0.00923914 0.608081 
0.0375616 0.111123 0.0143559 0.019511 0.0329323 0.00549289 0.779023 
0.0447151 0.102505 0.0153959 0.0231878 0.0708616 0.00699997 0.736334 
0.0444743 0.12576 0.0142055 0.0195331 0.0428381 0.00686851 0.74632 
0.0367104 0.101626 0.0135467 0.0183328 0.0463618 0.00623964 0.777182 
0.0401551 0.112806 0.0142761 0.0189606 0.0376993 0.00621604 0.769887 
0.0672606 0.168666 0.0186528 0.0300297 0.0562608 0.00853028 0.6506 
0.101481 0.259039 0.0184349 0.0289597 0.036117 0.0130115 0.542957 
0.182435 0.326408 0.0238588 0.0596093 0.0188752 0.0133773 0.375437 
0.222921 0.473192 0.0104199 0.0667496 0.0291203 0.00768843 0.189909 
0.8373 0.0553551 0.0217825 0.0400197 0.00612533 0.00224287 0.0371746 
0.825579 0.0490449 0.0228311 0.05634 0.00652237 0.00194056 0.0377426 
0.845522 0.0452859 0.0221661 0.0418739 0.00695117 0.00222226 0.0359787 
0.848181 0.0488995 0.0196045 0.050559 0.0074567 0.00209227 0.0232071 
0.860243 0.0394025 0.0241376 0.0384593 0.0058184 0.00226747 0.0296722 
0.86508 0.0430646 0.0232323 0.0287443 0.00643678 0.00237081 0.0310715 
0.86311 0.0353789 0.0243583 0.0395327 0.00591175 0.00206398 0.0296446 
0.855936 0.0374675 0.0231112 0.049294 0.00775156 0.00164203 0.0247979 
0.845573 0.0328194 0.025566 0.056064 0.00678785 0.00196606 0.0312232 
0.84934 0.0357511 0.0336458 0.0149673 0.00299361 0.00206299 0.0612386 
0.840078 0.0368729 0.0288817 0.0308177 0.00513818 0.00160586 0.0566052 
0.836107 0.0292109 0.028563 0.0542541 0.00472933 0.00135639 0.045779 
0.847958 0.0424971 0.0302514 0.0236881 0.00420731 0.0021162 0.0492822 
0.854985 0.0340365 0.0225301 0.0472136 0.00730433 0.00173629 0.0321946 
0.864505 0.0323942 0.0273483 0.0254282 0.00466878 0.00185295 0.0438027 
0.859939 0.0249989 0.0250053 0.0604073 0.00536998 0.00131251 0.0229667 
0.843943 0.0240053 0.0330469 0.0394664 0.00461189 0.00154533 0.0533817 
0.862709 0.0240595 0.031872 0.0332321 0.00432181 0.00159349 0.0422122 
0.849597 0.02328 0.0368708 0.0332978 0.00323817 0.00181269 0.0519034 
0.849608 0.0232001 0.0361124 0.0402633 0.0032069 0.00193069 0.0456783 
0.850845 0.031881 0.0257741 0.0592067 0.00468964 0.0018807 0.0257232 
0.860042 0.0250469 0.0356043 0.0135007 0.00250138 0.00246405 0.0608404 
0.865386 0.0334334 0.0265585 0.0311678 0.00572395 0.00166525 0.0360651 
0.878595 0.0273011 0.0283141 0.0297331 0.00471901 0.00209177 0.0292458 
0.873435 0.0265284 0.0301233 0.0308654 0.00363608 0.00189862 0.0335134 
0.855855 0.0248838 0.0245141 0.0603485 0.00710277 0.00157075 0.0257247 
0.862288 0.0224298 0.0277622 0.0427078 0.00531998 0.00218292 0.0373097 
0.844192 0.0184238 0.0334083 0.0521723 0.00539789 0.00223502 0.0441709 
0.849823 0.0211033 0.036252 0.0195179 0.00265476 0.00259766 0.0680509 
0.870359 0.0256714 0.0312933 0.0247011 0.00343251 0.00207855 0.0424645 
0.855342 0.024489 0.0340312 0.0179638 0.00312736 0.00260243 0.062444 
0.852231 0.0230378 0.0349941 0.021783 0.00371709 0.0020297 0.0622077 
0.851819 0.0234845 0.0328001 0.0250697 0.00359668 0.00221833 0.0610114 
0.855995 0.0246054 0.0333524 0.0269721 0.00379954 0.00194333 0.0533326 
0.855455 0.0229074 0.0308227 0.0404105 0.00435764 0.0021002 0.0439467 
0.843933 0.0241138 0.0297462 0.0501488 0.00566612 0.00214154 0.0442506 
0.843429 0.0206618 0.0332865 0.0450944 0.00534731 0.00189903 0.0502824 
0.848734 0.021735 0.0299052 0.059457 0.00565746 0.00159109 0.0329201 
0.842667 0.0198198 0.0329435 0.0540175 0.00422704 0.00191473 0.0444108 
0.855062 0.0231731 0.0287215 0.0485307 0.00603547 0.00195655 0.0365212 
0.857801 0.0208106 0.0334278 0.0389597 0.00309646 0.00247306 0.0434315 
0.868618 0.0206768 0.0299592 0.0430557 0.00433567 0.00157783 0.0317769 
0.857791 0.0213367 0.0331355 0.0291443 0.00486429 0.00242425 0.0513044 
0.861608 0.0207342 0.0324948 0.0401101 0.00467062 0.00201997 0.038362 
0.850072 0.0178991 0.0335758 0.0378785 0.00454265 0.00195308 0.0540793 
0.852998 0.0179116 0.0330251 0.039837 0.00441984 0.00200902 0.0497992 
0.852733 0.0244175 0.0305379 0.0535961 0.0042689 0.00165807 0.0327889 
0.864521 0.0183152 0.0352994 0.0422729 0.00305907 0.00174494 0.0347881 
0.867638 0.0239009 0.0305322 0.0392997 0.00446285 0.00154579 0.0326202 
0.870669 0.0233145 0.0290643 0.0444434 0.00441969 0.00153269 0.0265562 
0.865427 0.0222701 0.0303839 0.0474637 0.00434048 0.00148428 0.0286301 
0.8373 0.0553551 0.0217825 0.0400197 0.00612533 0.00224287 0.0371746 
0.825579 0.0490449 0.0228311 0.05634 0.00652237 0.00194056 0.0377426 
0.845522 0.0452859 0.0221661 0.0418739 0.00695117 0.00222226 0.0359787 
0.848181 0.0488995 0.0196045 0.050559 0.0074567 0.00209227 0.0232071 
0.860243 0.0394025 0.0241376 0.0384593 0.0058184 0.00226747 0.0296722 
0.86508 0.0430646 0.0232323 0.0287443 0.00643678 0.00237081 0.0310715 
0.86311 0.0353789 0.0243583 0.0395327 0.00591175 0.00206398 0.0296446 
0.855936 0.0374675 0.0231112 0.049294 0.00775156 0.00164203 0.0247979 
0.845573 0.0328194 0.025566 0.056064 0.00678785 0.00196606 0.0312232 
0.84934 0.0357511 0.0336458 0.0149673 0.00299361 0.00206299 0.0612386 
0.840078 0.0368729 0.0288817 0.0308177 0.00513818 0.00160586 0.0566052 
0.836107 0.0292109 0.028563 0.0542541 0.00472933 0.00135639 0.045779 
0.847958 0.0424971 0.0302514 0.0236881 0.00420731 0.0021162 0.0492822 
0.854985 0.0340365 0.0225301 0.0472136 0.00730433 0.00173629 0.0321946 
0.864505 0.0323942 0.0273483 0.0254282 0.00466878 0.00185295 0.0438027 
0.859939 0.0249989 0.0250053 0.0604073 0.00536998 0.00131251 0.0229667 
0.843943 0.0240053 0.0330469 0.0394664 0.00461189 0.00154533 0.0533817 
0.862709 0.0240595 0.031872 0.0332321 0.00432181 0.00159349 0.0422122 
0.849597 0.02328 0.0368708 0.0332978 0.00323817 0.00181269 0.0519034 
