0.862509 0.0115889 0.0483569 0.0280234 0.00246287 0.00212828 0.0449307 
0.84948 0.0100342 0.0515388 0.0293486 0.00227719 0.0021269 0.0551945 
0.847865 0.0102581 0.0538323 0.0310412 0.00208574 0.00189002 0.0530274 
0.83332 0.00994545 0.0549086 0.0297026 0.00212236 0.00179461 0.068206 
0.837974 0.00950276 0.0535807 0.0315418 0.00208058 0.00224821 0.0630717 
0.830141 0.0088329 0.0604265 0.0390268 0.00190595 0.00197983 0.0576869 
0.824593 0.00798425 0.0642269 0.0415928 0.00177632 0.0019957 0.0578314 
0.822417 0.008574 0.0625363 0.0322189 0.00174541 0.00210313 0.0704051 
0.800833 0.00860239 0.0625482 0.0388693 0.00196793 0.00204464 0.0851344 
0.783634 0.00774462 0.0682069 0.0368262 0.00167864 0.00221059 0.0996987 
0.778225 0.00746897 0.068863 0.0211539 0.00178382 0.00231378 0.120191 
0.818238 0.00795268 0.0569263 0.0244216 0.00227617 0.00225761 0.0879275 
0.811312 0.00877732 0.0561882 0.0251747 0.00216216 0.00223678 0.0941491 
0.81316 0.00867077 0.0579782 0.0197313 0.00211132 0.00242169 0.0959264 
0.850268 0.00963327 0.0511539 0.0215085 0.00258218 0.00213919 0.0627148 
0.842137 0.00882546 0.055976 0.0227815 0.00211292 0.0025596 0.065607 
0.841289 0.00861554 0.0534459 0.0294489 0.00251905 0.00234726 0.0623345 
0.845955 0.00885519 0.0548917 0.0189053 0.00254657 0.00258338 0.0662629 
0.863883 0.00944214 0.0492206 0.024037 0.00273949 0.00226528 0.0484127 
0.850751 0.00843521 0.0561466 0.0256706 0.00192293 0.00269859 0.0543749 
0.814153 0.00785493 0.0707388 0.0255478 0.00147537 0.00251637 0.0777141 
0.812132 0.00824707 0.0665523 0.0302812 0.00169495 0.00231845 0.0787738 
0.817724 0.00870842 0.0623627 0.0313739 0.00186069 0.00243849 0.0755322 
0.81001 0.00873228 0.0628105 0.0236138 0.00187796 0.00260494 0.0903501 
0.811659 0.00837299 0.0636943 0.0295081 0.00183127 0.00246677 0.0824674 
0.814631 0.00817707 0.0678512 0.0294095 0.00168237 0.00251837 0.07573 
0.816687 0.00862337 0.0655088 0.0241225 0.00152045 0.00291 0.0806276 
0.834832 0.00866748 0.0591416 0.0222775 0.00184136 0.00245368 0.0707865 
0.824024 0.00841894 0.06192 0.0257991 0.00200956 0.00243316 0.0753951 
0.826409 0.00891203 0.0566373 0.0310335 0.00213498 0.00246583 0.0724076 
0.844987 0.00880913 0.0581099 0.0214424 0.00184355 0.00243209 0.0623759 
0.837687 0.00910497 0.0628195 0.0285107 0.0017254 0.00195 0.0582024 
0.822995 0.00854817 0.0670732 0.0368952 0.00155825 0.00225097 0.0606788 
0.815503 0.00819991 0.0709692 0.0410048 0.00154666 0.00195934 0.0608171 
0.833326 0.00830172 0.0633639 0.0284502 0.00166749 0.00249709 0.0623933 
0.806892 0.00796079 0.0683106 0.0392184 0.00160396 0.00267456 0.0733395 
0.833998 0.00797041 0.0660023 0.0332575 0.00135518 0.00235762 0.0550591 
0.840612 0.00880508 0.0632941 0.0362932 0.00161651 0.0020329 0.0473465 
0.838864 0.00783395 0.0645211 0.0267955 0.00142956 0.00242667 0.058129 
0.825971 0.00826086 0.0649886 0.0264777 0.00143821 0.00235333 0.0705102 
0.82747 0.00837506 0.0611856 0.0415886 0.00174817 0.00232216 0.0573108 
0.830265 0.0088807 0.0649515 0.0237872 0.00124708 0.00232754 0.0685409 
0.827886 0.00827973 0.0661203 0.0350383 0.00124957 0.00224824 0.0591781 
0.817455 0.00838396 0.0651997 0.0416379 0.00143332 0.00231845 0.0635721 
0.819937 0.00951286 0.0633998 0.0407987 0.00166617 0.00206926 0.0626164 
0.811529 0.010204 0.0622573 0.0455214 0.00169121 0.00194553 0.066852 
0.829056 0.010087 0.0692397 0.0351537 0.00157541 0.00169978 0.053188 
0.803195 0.0105255 0.0541965 0.0264924 0.00297576 0.00159017 0.101025 
0.826037 0.0112415 0.0515201 0.0321707 0.00292898 0.00137956 0.0747219 
0.831616 0.0112544 0.0498822 0.0300141 0.00312893 0.00144788 0.0726566 
0.823365 0.0119176 0.0478043 0.0381056 0.00363875 0.00135816 0.0738102 
0.827887 0.0109284 0.0487925 0.0406288 0.00359802 0.00139877 0.0667665 
0.818595 0.00915698 0.0556005 0.0467116 0.00285193 0.0014442 0.0656398 
0.810251 0.0101239 0.0533731 0.0627846 0.00290008 0.00131232 0.0592556 
0.840464 0.0112561 0.0441502 0.0572694 0.00419464 0.00126514 0.0414001 
0.840579 0.0103713 0.0500241 0.0481896 0.0031591 0.00124043 0.0464363 
0.828311 0.00999726 0.0497353 0.0338431 0.00309808 0.0014326 0.073583 
0.802476 0.00996996 0.0534634 0.0284323 0.00234761 0.00167084 0.10164 
0.849261 0.0116909 0.044754 0.0230901 0.00244679 0.00167655 0.0670808 
0.822165 0.0120323 0.0484779 0.0205116 0.00253671 0.00165224 0.0926244 
0.825093 0.0107969 0.0498861 0.0408508 0.00287545 0.00121186 0.0692863 
0.819759 0.010354 0.0520236 0.03095 0.00215858 0.00150812 0.0832472 
0.816481 0.0101961 0.0554589 0.027817 0.00183476 0.0016427 0.0865697 
0.794173 0.0106584 0.0537668 0.025822 0.00234982 0.00157947 0.11165 
0.819141 0.0101218 0.0518697 0.0351266 0.00235441 0.00148429 0.079902 
0.79119 0.0102842 0.0509918 0.0318523 0.00281911 0.00160852 0.111254 
0.766724 0.0112975 0.0480726 0.0377664 0.00380563 0.00148332 0.130851 
0.759536 0.011282 0.047609 0.0399084 0.00355437 0.00166504 0.136445 
0.768782 0.0118747 0.047306 0.0426309 0.00352963 0.00141767 0.12446 
0.796305 0.0114262 0.0485587 0.0413569 0.00293742 0.00134868 0.098067 
0.813676 0.0112369 0.048877 0.0405909 0.00251908 0.00166801 0.0814326 
0.795104 0.00948692 0.0566512 0.0256192 0.00191061 0.00167883 0.109549 
0.814564 0.00961342 0.0598942 0.0321261 0.00206332 0.00154533 0.0801941 
0.848896 0.00868712 0.0564298 0.0185838 0.00193089 0.00246997 0.0630025 
0.863967 0.0133765 0.0448165 0.0126811 0.00507666 0.00300688 0.0570755 
0.86507 0.0105333 0.0482424 0.022881 0.0040897 0.00228197 0.046902 
0.847472 0.0102799 0.0500254 0.0348756 0.00353753 0.00221172 0.0515974 
0.861655 0.0122708 0.04566 0.0200033 0.00469774 0.00244303 0.0532697 
0.866497 0.0112217 0.0453084 0.0253232 0.00400318 0.00226607 0.0453801 
0.851817 0.0131469 0.038492 0.0488236 0.00481624 0.0019663 0.0409384 
0.86473 0.0132105 0.0379256 0.0423589 0.00507955 0.00194795 0.0347471 
0.83021 0.0109551 0.0472594 0.0700982 0.00313303 0.0015514 0.0367932 
0.831413 0.00996641 0.0503737 0.0640936 0.00277705 0.0012779 0.0400982 
0.737172 0.0187371 0.0374193 0.0984856 0.00473865 0.00124352 0.102204 
0.266 0.0617067 0.0470262 0.211728 0.0237754 0.0096248 0.380139 
0.601627 0.0371281 0.0314134 0.179876 0.0102816 0.00328551 0.136389 
0.6427 0.0373127 0.029507 0.15919 0.0100439 0.00274796 0.118498 
0.426231 0.0629385 0.0405921 0.170097 0.0185256 0.00678415 0.274832 
0.374275 0.0750288 0.0354132 0.145265 0.0235391 0.00644708 0.340032 
0.422924 0.0773267 0.0362873 0.147901 0.0187351 0.00618602 0.29064 
0.440804 0.071079 0.0376502 0.168118 0.0147005 0.00598253 0.261666 
0.527451 0.0587857 0.0341651 0.177871 0.0131105 0.00510964 0.183507 
0.541082 0.0548978 0.0356998 0.155714 0.0122305 0.00483613 0.195539 
0.572351 0.05281 0.0314447 0.161771 0.0117364 0.0040817 0.165805 
0.51419 0.0566883 0.032272 0.148635 0.0150994 0.00488393 0.228231 
0.530606 0.0542705 0.0317374 0.177512 0.0120619 0.00460434 0.189208 
0.535929 0.0525854 0.0338164 0.171104 0.0099867 0.00452787 0.19205 
0.570133 0.049511 0.0304196 0.167131 0.010323 0.0038385 0.168644 
0.615795 0.0509612 0.0270335 0.166469 0.0088914 0.00303217 0.127818 
0.638565 0.0433964 0.0279164 0.169002 0.0060391 0.00234716 0.112735 
0.569761 0.0502987 0.0338641 0.160021 0.00851559 0.00377515 0.173765 
0.57388 0.0503857 0.0320012 0.152807 0.0101351 0.00386401 0.176928 
0.504028 0.0515411 0.0369253 0.168783 0.0134621 0.00517894 0.220082 
0.479286 0.0524734 0.0399555 0.148041 0.00857573 0.0044019 0.267266 
0.471254 0.0459229 0.0417568 0.164037 0.00900428 0.00484877 0.263176 
0.474067 0.051707 0.0414016 0.147086 0.00936284 0.00479696 0.271579 
0.439538 0.0575395 0.0355985 0.163833 0.0147762 0.00536131 0.283353 
0.4181 0.0550392 0.0425599 0.167993 0.0139055 0.00594415 0.296458 
0.81297 0.0451152 0.0239675 0.048622 0.0067753 0.00236033 0.0601897 
0.825294 0.04628 0.0248994 0.0515301 0.00588244 0.00208719 0.0440271 
0.821516 0.0564957 0.0215616 0.049138 0.00799043 0.00202563 0.0412726 
0.796577 0.0622834 0.0216186 0.0606991 0.00800663 0.00205828 0.0487574 
0.793761 0.0607082 0.0228311 0.0619204 0.00717866 0.00192834 0.0516718 
0.809641 0.051225 0.0245579 0.0574171 0.00606656 0.00202655 0.0490659 
0.808129 0.0460415 0.0238759 0.0560121 0.00637399 0.0022245 0.0573432 
0.825719 0.0572964 0.0221457 0.0459529 0.00626185 0.00213963 0.0404847 
0.819875 0.0467145 0.0204976 0.0661421 0.00671899 0.00215439 0.0378971 
0.830846 0.0348396 0.0288968 0.0619365 0.00366299 0.00193035 0.0378881 
0.838122 0.0312704 0.026381 0.0665093 0.00415143 0.00182715 0.0317388 
0.83512 0.0405644 0.0240046 0.058132 0.00511012 0.0021592 0.0349095 
0.827868 0.0436784 0.0274356 0.0508956 0.0048084 0.00191071 0.0434032 
0.819575 0.0461536 0.0221989 0.0678015 0.00715305 0.00156392 0.0355538 
0.819472 0.0432062 0.0220349 0.0512625 0.00786883 0.00168663 0.0544688 
0.803121 0.0484829 0.0201898 0.0566768 0.0113808 0.0016985 0.0584503 
0.809335 0.049817 0.0179374 0.0717304 0.00973665 0.00163326 0.03981 
0.817703 0.0465845 0.0186457 0.063953 0.010034 0.00146861 0.0416111 
0.815218 0.0524033 0.0177956 0.0700201 0.00970028 0.00147028 0.0333922 
0.804231 0.0570871 0.0179789 0.0801456 0.00915824 0.00152101 0.0298784 
0.787314 0.0495593 0.0190222 0.113229 0.00756859 0.00126978 0.0220375 
0.803552 0.0476329 0.0214437 0.0902737 0.00521822 0.00188341 0.0299961 
0.761837 0.0473298 0.0176958 0.145608 0.00658121 0.0018485 0.0190997 
0.798872 0.042696 0.0204995 0.112614 0.00427695 0.00216824 0.0188734 
0.791365 0.0579871 0.019054 0.107381 0.00562884 0.00184828 0.0167357 
0.797513 0.0542272 0.0198931 0.103477 0.00562368 0.00197782 0.0172888 
0.810813 0.051756 0.0204572 0.0900496 0.00567396 0.00218179 0.0190684 
0.821813 0.0523354 0.0202624 0.0790766 0.00585896 0.00201421 0.0186394 
0.805371 0.0555228 0.0189106 0.0964381 0.00594107 0.00227249 0.0155437 
0.777674 0.0737632 0.0154822 0.105391 0.0104813 0.00227959 0.0149283 
0.745869 0.104058 0.0134626 0.104329 0.0128082 0.00306376 0.01641 
0.80625 0.0707286 0.0202638 0.0766801 0.00428034 0.00325914 0.018538 
0.73008 0.162416 0.0331856 0.0204686 0.00678722 0.00581029 0.0412519 
0.758599 0.108594 0.0539923 0.0136573 0.00761851 0.00646556 0.0510733 
0.468549 0.0798918 0.08531 0.197075 0.0914018 0.0228966 0.0548755 
0.167993 0.106462 0.194729 0.192669 0.212089 0.0994478 0.0266106 
0.0429734 0.0904321 0.370445 0.265582 0.0859916 0.126525 0.0180518 
0.0477687 0.133372 0.241329 0.316448 0.0747797 0.163967 0.022336 
0.0548056 0.146028 0.276022 0.252276 0.0825731 0.164158 0.0241365 
0.0884457 0.198813 0.167965 0.20611 0.130743 0.185557 0.0223655 
0.0803968 0.197372 0.149965 0.230144 0.148881 0.173744 0.0194981 
0.068986 0.282826 0.0580508 0.0675316 0.388811 0.124216 0.00957885 
0.049083 0.0748915 0.0102753 0.0165403 0.812279 0.0338617 0.00306921 
0.0974497 0.542001 0.00445026 0.00809195 0.32874 0.0120159 0.00725121 
0.188162 0.774318 0.00274538 0.00540959 0.00415973 0.00705475 0.0181503 
0.402985 0.533951 0.0114727 0.0330552 0.00180499 0.00331382 0.0134165 
0.564082 0.346898 0.0124917 0.0581943 0.00320202 0.00286177 0.0122699 
0.571345 0.343265 0.0110654 0.0512552 0.00524465 0.00366337 0.014161 
0.589126 0.33842 0.00844659 0.0349606 0.00821732 0.00579215 0.0150376 
0.600121 0.282092 0.00834851 0.0774828 0.0159684 0.0035107 0.0124763 
0.611298 0.256973 0.00708776 0.0804294 0.0282531 0.00397492 0.0119838 
0.67045 0.210377 0.00893821 0.0766805 0.0184226 0.00315744 0.0119738 
0.722489 0.192651 0.0116774 0.0351931 0.0127992 0.00445902 0.0207313 
0.708699 0.210484 0.0133015 0.0356224 0.00706451 0.0057049 0.0191237 
0.605606 0.313818 0.00810012 0.037162 0.0118488 0.00483346 0.0186319 
0.534935 0.372322 0.00612608 0.0505146 0.0177039 0.00434117 0.0140569 
0.507716 0.392204 0.00524357 0.0560922 0.0226634 0.0035419 0.0125397 
0.498401 0.419629 0.0069935 0.0463315 0.00951676 0.00313792 0.0159904 
0.412016 0.518639 0.00458139 0.0230897 0.0204764 0.00377393 0.017424 
0.66571 0.115357 0.0147929 0.170705 0.015223 0.00302372 0.0151887 
0.668034 0.126198 0.0155485 0.1589 0.0134252 0.00317708 0.0147173 
0.675765 0.115391 0.0153266 0.158362 0.0163285 0.00332498 0.0155022 
0.685061 0.121837 0.0155137 0.143548 0.0155222 0.00324083 0.0152767 
0.649123 0.134029 0.0140861 0.169034 0.0159393 0.00305684 0.014732 
0.609806 0.121693 0.0149505 0.223223 0.0130374 0.00289841 0.0143922 
0.697165 0.113432 0.0166115 0.142011 0.0113981 0.00333823 0.0160435 
0.693192 0.129297 0.0168054 0.127428 0.0128469 0.0036001 0.0168309 
0.709272 0.109029 0.0162929 0.127807 0.0148882 0.00325789 0.0194523 
0.707791 0.110008 0.0160193 0.132608 0.0124946 0.00354757 0.0175318 
0.726549 0.118681 0.0166452 0.103543 0.0115251 0.00390216 0.0191549 
0.761764 0.112921 0.0194831 0.0687705 0.00883265 0.00388922 0.0243395 
0.700934 0.113142 0.0153022 0.132211 0.0142942 0.00329504 0.0208214 
0.715342 0.105772 0.0154905 0.131806 0.0121913 0.00357874 0.0158197 
0.751166 0.0829393 0.0201241 0.121081 0.00611825 0.0040549 0.014516 
0.747159 0.118755 0.0171262 0.0890032 0.0120938 0.00378717 0.012075 
0.800694 0.097162 0.0256215 0.0389972 0.0054931 0.0108186 0.0212137 
0.800608 0.0796018 0.0240275 0.0682415 0.00427674 0.00855862 0.0146855 
0.796951 0.0783806 0.0256969 0.0661339 0.00707669 0.00853316 0.0172277 
0.785303 0.110233 0.0249517 0.0374098 0.0120704 0.010748 0.0192844 
0.767705 0.105472 0.0213863 0.0735705 0.00992604 0.00762116 0.0143198 
0.706442 0.15965 0.0198004 0.0563331 0.0135182 0.0181454 0.0261111 
0.599046 0.29362 0.0105253 0.0480365 0.0149503 0.0120081 0.0218146 
0.505013 0.386773 0.00688332 0.0455536 0.0280292 0.0108281 0.0169198 
0.393589 0.436818 0.00390456 0.0716732 0.076746 0.00587574 0.0113938 
0.310642 0.502397 0.00373685 0.102644 0.0654734 0.00330157 0.0118046 
0.385392 0.501222 0.00697903 0.0781579 0.00834105 0.00577458 0.0141335 
0.294935 0.17415 0.00545624 0.349931 0.14413 0.0103391 0.0210592 
0.532549 0.0626801 0.0318685 0.0450213 0.00677545 0.216078 0.105028 
0.094092 0.00296542 0.740278 0.0130003 0.01106 0.00464408 0.13396 
0.0354936 0.448588 0.193593 0.0453732 0.0460896 0.188085 0.0427786 
0.124647 0.534038 0.00593297 0.267539 0.0446757 0.0152012 0.00796551 
0.0191692 0.0886681 0.502093 0.00271439 0.00102711 0.374466 0.0118631 
0.0318148 0.467228 0.25743 0.0459445 0.0238533 0.146679 0.0270496 
0.0407123 0.312827 0.280849 0.103037 0.0933414 0.122992 0.0462414 
0.0432676 0.194638 0.31361 0.151912 0.117841 0.134097 0.0446348 
0.0342565 0.119747 0.741643 0.0572712 0.00971721 0.0149708 0.0223942 
0.087041 0.377627 0.0417121 0.467535 0.0035017 0.00246534 0.020118 
0.0918932 0.247009 0.117455 0.495644 0.00797139 0.00660929 0.0334183 
0.184591 0.59395 0.0252379 0.151777 0.0131345 0.00542013 0.0258901 
0.35008 0.199967 0.015927 0.326577 0.0870257 0.00786808 0.0125547 
0.11629 0.127462 0.0190911 0.640288 0.0646058 0.00851964 0.0237436 
0.212596 0.529855 0.0341892 0.188454 0.00496946 0.00290625 0.0270298 
0.295942 0.397514 0.00941334 0.278328 0.00717039 0.00128239 0.0103502 
0.513293 0.37236 0.00764075 0.0723317 0.0148241 0.00321602 0.0163337 
0.488307 0.374886 0.00642035 0.0751433 0.0354769 0.00323286 0.0165335 
0.53248 0.350474 0.0076901 0.0706139 0.0198076 0.00360399 0.0153301 
0.547447 0.317071 0.00773472 0.0926145 0.0188336 0.00334266 0.0129565 
0.632432 0.236699 0.0109231 0.0743287 0.021106 0.00436489 0.0201463 
0.633883 0.25341 0.0116154 0.0548399 0.0190527 0.00491518 0.0222838 
0.693084 0.19704 0.0145035 0.0511983 0.0118026 0.0061656 0.026206 
0.693662 0.198167 0.0145297 0.0445945 0.0132644 0.00714463 0.0286373 
0.669881 0.218158 0.015283 0.049199 0.012336 0.0072375 0.0279062 
0.731373 0.147272 0.0149483 0.0655231 0.0118715 0.00567141 0.0233405 
0.756605 0.132796 0.0152548 0.0514119 0.0117735 0.00702006 0.0251391 
0.753182 0.136557 0.0152498 0.0526628 0.0125874 0.0057971 0.0239635 
0.774087 0.113018 0.0167104 0.0558273 0.0115779 0.00539368 0.0233859 
0.782657 0.106045 0.0197777 0.0465932 0.00836254 0.00761499 0.02895 
0.760236 0.129705 0.0182942 0.0470136 0.0101824 0.00587639 0.028692 
0.794917 0.104293 0.019553 0.0435644 0.00829546 0.00511547 0.0242609 
0.782914 0.119981 0.0174118 0.0398689 0.0102167 0.00493115 0.0246762 
0.763487 0.135335 0.0187584 0.0401458 0.00964307 0.0061333 0.0264975 
0.782081 0.113418 0.0208864 0.0385629 0.00761082 0.00704481 0.0303963 
0.692161 0.202015 0.013737 0.0380509 0.0173134 0.00741619 0.0293067 
0.773897 0.125879 0.0186531 0.0331479 0.00997708 0.0083381 0.0301077 
0.806222 0.0902238 0.0218151 0.0332834 0.00653375 0.00875036 0.033172 
0.795321 0.102088 0.0215673 0.0351976 0.00724913 0.00860878 0.0299678 
0.816356 0.0806892 0.0251085 0.0221911 0.00611755 0.0120385 0.0374995 
0.79586 0.103206 0.0201561 0.0222463 0.0114502 0.0133893 0.033692 
0.818779 0.0781452 0.0229314 0.0331933 0.00870695 0.0104689 0.0277753 
0.848389 0.0575393 0.0292986 0.0215243 0.00470682 0.0110666 0.0274758 
0.835741 0.0396937 0.0436755 0.00377928 0.00261686 0.0427218 0.0317717 
0.556073 0.0371056 0.0753908 0.00141806 0.00316 0.276777 0.050075 
0.00706867 0.00141114 0.03327 7.06107E-5 4.6531E-5 0.95535 0.00278331 
0.0308742 0.00305622 0.0795718 6.87425E-4 2.12247E-4 0.873689 0.0119087 
0.0863919 0.00379688 0.0587315 7.22698E-4 3.57451E-4 0.795845 0.0541543 
0.0165984 0.0016091 0.112005 5.64907E-4 3.8529E-4 0.846251 0.0225863 
0.0443426 0.00480985 0.124382 0.00270427 0.00155159 0.786076 0.0361338 
0.159814 0.0116398 0.169627 0.00443474 0.00594645 0.494986 0.153552 
0.21558 0.0104838 0.171478 0.00288236 0.0040123 0.460115 0.135448 
0.0396351 0.00297917 0.195922 0.00254052 0.0017012 0.622298 0.134924 
0.0661039 0.00383681 0.27226 0.00284884 0.00218105 0.441746 0.211023 
0.0110996 0.00168109 0.178329 9.20232E-4 5.48464E-4 0.778831 0.0285905 
0.00702084 0.00396306 0.0994402 0.00107551 5.00625E-4 0.879649 0.0083505 
0.00409007 0.00242111 0.0149116 3.04653E-4 1.28996E-4 0.973542 0.00460205 
0.0167855 0.0037279 0.0683475 0.00231247 5.93347E-4 0.886834 0.0213996 
0.0446748 0.00784663 0.0665999 0.00735887 0.00104095 0.83014 0.0423387 
0.169953 0.0147121 0.0651005 0.0313021 0.00215356 0.631139 0.0856392 
0.466288 0.0116262 0.0758006 0.00816065 0.00276296 0.0534056 0.381956 
0.504724 0.0129543 0.0473351 0.012292 0.0033749 0.00493467 0.414385 
0.367601 0.0170319 0.0533807 0.00495299 0.00160514 0.0107035 0.544725 
0.559071 0.0240721 0.0499904 0.00842614 0.00225657 0.00549814 0.350686 
0.398164 0.0326799 0.0457188 0.00509684 0.00228033 0.0107448 0.505315 
0.717129 0.0425187 0.0353673 0.0100133 0.00355417 0.00476691 0.186651 
0.687455 0.0363603 0.0388067 0.00820139 0.00302222 0.00503236 0.221122 
0.565326 0.0397114 0.0407475 0.00605468 0.00410846 0.00706399 0.336988 
0.520897 0.0628492 0.0374278 0.00724942 0.00380114 0.00919456 0.358581 
0.504851 0.0582368 0.0386537 0.00682434 0.00310395 0.0108775 0.377453 
0.296346 0.051979 0.0363452 0.0058988 0.00391413 0.0134129 0.592104 
0.303938 0.0502811 0.0383258 0.00567088 0.00311353 0.0156936 0.582977 
0.276757 0.0718561 0.0329735 0.0107714 0.00991401 0.00831154 0.589417 
0.466907 0.0275423 0.0585026 0.0366404 0.00282981 0.375197 0.0323806 
0.686873 0.0183018 0.0784957 0.0627269 0.00405956 0.0961165 0.053426 
0.853059 0.0114827 0.0400858 0.0282289 0.0023674 0.0181488 0.0466275 
0.850596 0.0142826 0.0502472 0.0171233 0.00172189 0.0369959 0.0290328 
0.75278 0.0202722 0.0547079 0.0252551 0.00195478 0.109572 0.0354586 
0.712347 0.023094 0.0663265 0.0327536 0.00190171 0.126007 0.03757 
0.827816 0.0214565 0.0444013 0.0291821 0.00207651 0.0497708 0.0252969 
0.820969 0.0510542 0.0384813 0.0144894 0.00300571 0.0449596 0.0270404 
0.812657 0.0438996 0.0358023 0.0246492 0.00305595 0.0563586 0.0235778 
0.770544 0.0457127 0.0360684 0.0343395 0.00390147 0.0817559 0.0276781 
0.779772 0.0562074 0.0319732 0.0415532 0.00439411 0.0627317 0.023368 
0.775825 0.0579535 0.0303816 0.0480191 0.00550505 0.0591073 0.0232084 
0.783468 0.0823077 0.0240227 0.0397359 0.00805878 0.0435559 0.018851 
0.803087 0.0647791 0.0249047 0.0434147 0.00867582 0.0347926 0.0203458 
0.811947 0.0721772 0.0279714 0.0291101 0.00976525 0.0268201 0.0222087 
0.820214 0.0698195 0.0281585 0.0220415 0.00791933 0.0286785 0.0231688 
0.846736 0.0445186 0.0304252 0.0236109 0.00607822 0.0266195 0.0220112 
0.81292 0.0285509 0.0382313 0.0471686 0.00342093 0.0457028 0.0240054 
0.77332 0.0192244 0.0551341 0.0655869 0.00269774 0.0544089 0.0296282 
0.719071 0.0165945 0.0698176 0.0692942 0.00320066 0.0839416 0.0380803 
0.622202 0.0143035 0.11622 0.0796806 0.00313397 0.10668 0.0577803 
0.669371 0.0113524 0.12091 0.0428612 0.00226721 0.09546 0.057779 
0.430275 0.00813273 0.182227 0.0189139 0.00155995 0.254472 0.10442 
0.14901 0.00595546 0.302116 0.0110524 0.00148318 0.483639 0.0467441 
0.0358922 0.00561052 0.417551 0.00591094 0.00103155 0.516997 0.0170064 
0.00982006 0.0175613 0.527622 0.00330109 7.34223E-4 0.429109 0.0118516 
0.00675833 0.0241929 0.274643 0.00221393 6.20835E-4 0.682477 0.00909374 
0.00988387 0.0532904 0.413676 0.00475385 0.00240826 0.494522 0.0214658 
0.0139911 0.00284101 0.550902 0.00178109 8.48387E-4 0.380984 0.048652 
0.0500141 0.00322075 0.136643 0.00232663 0.0014971 0.107844 0.698455 
0.0476858 0.00496545 0.107678 0.00352646 0.00166226 0.0280292 0.806453 
0.130896 0.0193755 0.135923 0.00809409 0.00375446 0.0325017 0.669455 
0.138461 0.0244367 0.0360895 0.00177514 0.00108133 0.0468683 0.751288 
0.0609845 0.0186979 0.0213206 0.00119805 0.00107323 0.0293981 0.867328 
0.114558 0.0408977 0.0174895 0.00361669 0.00547707 0.0153276 0.802634 
0.153204 0.0382305 0.0213358 0.00477194 0.00431575 0.0158571 0.762285 
0.5959 0.0762358 0.0167733 0.00869947 0.00561827 0.0263833 0.27039 
0.505999 0.136972 0.0193112 0.0200495 0.00825552 0.00837319 0.30104 
0.519548 0.0868909 0.0296084 0.0710945 0.00813903 0.00508481 0.279634 
0.322589 0.0885955 0.0283242 0.0429648 0.0123613 0.00545333 0.499712 
0.498613 0.122357 0.0241463 0.0326214 0.0108906 0.00560915 0.305762 
0.584975 0.124408 0.0266863 0.0270885 0.00502657 0.00600001 0.225815 
0.546406 0.0933884 0.0254445 0.0264982 0.00751779 0.00617478 0.29457 
0.50026 0.10713 0.0267856 0.0379305 0.0104486 0.00547732 0.311967 
0.439557 0.100002 0.029034 0.0303656 0.0117173 0.00663692 0.382687 
0.672342 0.0873707 0.0222118 0.0241182 0.00551603 0.0071104 0.181331 
0.624081 0.0776284 0.0265002 0.0262425 0.00536537 0.00750642 0.232677 
0.672999 0.0992213 0.0226466 0.01814 0.00536785 0.0105771 0.171048 
0.703707 0.112916 0.0208638 0.0191325 0.00664884 0.0124175 0.124314 
0.722674 0.132597 0.0180917 0.0200664 0.0061793 0.00911857 0.0912736 
0.711878 0.135652 0.0179529 0.0170732 0.00686089 0.0106222 0.0999605 
0.721765 0.112146 0.0195488 0.0205009 0.0062998 0.0105124 0.109228 
0.742533 0.115766 0.0200557 0.0207089 0.00612491 0.0112021 0.0836096 
0.736342 0.123693 0.0194283 0.016564 0.00603825 0.0123699 0.0855648 
0.730848 0.137725 0.0175995 0.0257968 0.00801211 0.00929446 0.070724 
0.711966 0.162101 0.0164568 0.0211003 0.0109935 0.011971 0.0654114 
0.686589 0.187282 0.0160071 0.0213192 0.00977984 0.0100855 0.0689373 
0.65274 0.208259 0.0145139 0.0162449 0.0126902 0.0119291 0.0836235 
0.705275 0.171167 0.0147425 0.0275763 0.010404 0.00864119 0.0621941 
0.689855 0.173228 0.0148697 0.0281294 0.0104555 0.00776817 0.0756949 
0.688313 0.177422 0.0150308 0.0306462 0.0091766 0.00820196 0.0712098 
0.737256 0.140462 0.0173939 0.0284933 0.00603304 0.00651729 0.0638448 
0.768961 0.114349 0.0169797 0.0283822 0.00663487 0.0056958 0.0589976 
0.757871 0.119703 0.0153198 0.030565 0.00946037 0.0040895 0.0629918 
0.784295 0.112156 0.015827 0.0249432 0.0071792 0.00529267 0.0503076 
0.830524 0.0828934 0.0159177 0.0214935 0.00697789 0.00471808 0.0374758 
0.850054 0.0667986 0.0181433 0.0201471 0.011391 0.00794381 0.0255225 
0.837285 0.0311403 0.0278455 0.0269372 0.0219284 0.00984221 0.0450216 
0.829594 0.0282035 0.0268483 0.0581858 0.0227206 0.00502161 0.0294257 
0.69558 0.0316764 0.026412 0.204898 0.0127853 0.00482817 0.0238201 
0.810055 0.0509014 0.0224927 0.0765444 0.0108404 0.00605738 0.0231085 
0.816109 0.0577698 0.0244182 0.0563081 0.00864322 0.00569116 0.0310608 
0.819678 0.0658121 0.0244775 0.0372805 0.0127116 0.00515657 0.0348835 
0.838224 0.0514237 0.0296218 0.0301582 0.00950402 0.00468445 0.0363834 
0.802439 0.0510115 0.0286137 0.067779 0.0223086 0.0100207 0.0178275 
0.824497 0.0402886 0.0384068 0.030684 0.0174008 0.0264969 0.0222264 
0.590508 0.0383044 0.0860349 0.0148316 0.0182301 0.219338 0.0327525 
0.471478 0.147224 0.0340532 0.00478805 0.0177224 0.293958 0.0307765 
0.35675 0.34329 0.025607 0.00434606 0.0172069 0.219949 0.0328521 
0.187778 0.0065883 0.0712036 0.00462702 6.2593E-4 0.696908 0.0322691 
0.523306 0.00767888 0.0989468 0.00369841 0.00125399 0.0237009 0.341415 
0.284781 0.00649768 0.0893559 5.88472E-4 5.69603E-4 0.523822 0.0943857 
0.172125 0.00879467 0.0332594 0.00106587 6.90919E-4 0.762213 0.0218512 
0.221333 0.0113149 0.0474819 0.00402835 0.0023418 0.663757 0.0497435 
0.502596 0.0445394 0.0710761 0.00318184 0.0163175 0.330979 0.0313102 
0.301404 0.0170216 0.0804537 0.00558395 0.00650464 0.548346 0.0406858 
0.342922 0.0216689 0.0757022 0.00476737 0.00564338 0.499726 0.0495706 
0.406891 0.0263002 0.0653936 0.00429914 0.00611175 0.443092 0.0479122 
0.504889 0.0269547 0.0768944 0.00588721 0.00767153 0.302125 0.075578 
0.540437 0.0252098 0.0603902 0.0191809 0.00597526 0.274846 0.0739607 
0.628141 0.0259452 0.0726632 0.00527864 0.00754328 0.176287 0.0841416 
0.663059 0.0232637 0.0829263 0.00737931 0.0118592 0.130537 0.0809747 
0.760306 0.0279445 0.0624481 0.00477872 0.0102344 0.0820537 0.0522343 
0.785595 0.0254023 0.0619679 0.00596858 0.0111663 0.0550538 0.0548458 
0.792748 0.0289336 0.0600677 0.00688586 0.0102982 0.048656 0.0524102 
0.753966 0.024295 0.0792694 0.00559455 0.00974922 0.0577508 0.069375 
0.791003 0.022275 0.0649644 0.00601238 0.00695637 0.0429064 0.0658828 
0.804511 0.0220214 0.0627507 0.00621418 0.00678518 0.0395048 0.0582127 
0.851637 0.0237501 0.056101 0.0100926 0.00832511 0.0180308 0.0320634 
0.871635 0.0274753 0.041041 0.0128405 0.00480148 0.0217939 0.0204132 
0.869345 0.0218715 0.0439712 0.0227344 0.00354728 0.0194661 0.0190645 
0.874312 0.019242 0.0430226 0.0172652 0.00368771 0.017521 0.0249498 
0.861347 0.0183446 0.0497557 0.0195846 0.00293656 0.0170841 0.0309473 
0.859605 0.0167126 0.0451354 0.0273254 0.00345243 0.0163937 0.0313757 
0.862903 0.0175668 0.0442193 0.0244306 0.00366396 0.0162565 0.0309596 
0.873205 0.0199711 0.0409911 0.0221248 0.00394163 0.0114614 0.0283051 
0.868288 0.0172116 0.0459277 0.0195679 0.0033473 0.0142175 0.0314401 
0.875274 0.0252577 0.036731 0.0253865 0.00442917 0.0109769 0.0219452 
0.879999 0.0208726 0.0384663 0.0234893 0.00325194 0.0112975 0.0226237 
0.871481 0.0220669 0.0361456 0.0338196 0.00494292 0.011391 0.0201526 
0.866576 0.0209128 0.0398123 0.0359624 0.00390746 0.0133744 0.0194542 
0.742092 0.0202476 0.0759285 0.104125 0.00328537 0.0377472 0.0165739 
0.377901 0.00927623 0.204514 0.0198342 0.00140449 0.333913 0.0531574 
0.303958 0.00494613 0.203889 6.77798E-4 7.48665E-4 0.371002 0.114778 
0.201085 0.0073621 0.396945 0.0110485 0.00388971 0.0470905 0.332579 
0.597179 0.00745027 0.207263 0.00307449 0.0054791 0.0633873 0.116168 
0.326722 0.0136163 0.134984 0.0340264 0.0103517 0.404066 0.0762339 
0.47662 0.0208875 0.0743088 0.0416907 0.0218711 0.291287 0.0733347 
0.658486 0.0244783 0.0607948 0.0243894 0.018451 0.159136 0.0542652 
0.578283 0.0208763 0.0743633 0.0297452 0.00680658 0.227836 0.0620904 
0.373756 0.0161812 0.105903 0.0242603 0.00362235 0.375154 0.101123 
0.221879 0.0125251 0.142387 0.0273032 0.00258203 0.432285 0.161039 
0.198651 0.00819618 0.330792 0.0138879 0.00411843 0.0755991 0.368755 
0.307161 0.00786171 0.223512 0.0048393 0.00178783 0.177989 0.276849 
0.395424 0.0159439 0.0599213 0.00325847 0.00211012 0.447408 0.0759351 
0.462384 0.0286899 0.0419148 0.012864 0.00186026 0.417339 0.0349476 
0.547927 0.0258503 0.0532955 0.013105 0.00267417 0.309564 0.047584 
0.641645 0.0317537 0.0476438 0.0132011 0.00395975 0.218733 0.0430641 
0.743633 0.0280194 0.0494987 0.034374 0.00302664 0.109103 0.0323446 
0.813846 0.0494923 0.0308455 0.0196277 0.00587566 0.0579553 0.0223577 
0.766853 0.0843858 0.0238235 0.0121673 0.0170156 0.0708835 0.0248708 
0.762919 0.102393 0.0232709 0.0130543 0.0228613 0.0543996 0.0211024 
0.772164 0.0930382 0.023168 0.0147739 0.0153148 0.0613845 0.020157 
0.738598 0.0591493 0.0271371 0.0724421 0.0056586 0.0793216 0.0176935 
0.673645 0.0455508 0.0377545 0.085821 0.00447611 0.128495 0.0242577 
0.631025 0.0474729 0.0377848 0.0432011 0.00558463 0.193532 0.0413993 
0.633114 0.0431537 0.0415355 0.0343044 0.00456717 0.1964 0.0469256 
0.745946 0.0451062 0.0435055 0.0336789 0.00438188 0.0939325 0.0334485 
0.722717 0.0409993 0.050978 0.0457705 0.00319186 0.0987604 0.0375829 
0.771262 0.0437912 0.0452418 0.0458114 0.00439756 0.0613572 0.0281388 
0.787169 0.0498352 0.0401956 0.0426945 0.00567429 0.0485381 0.0258932 
0.766518 0.0502699 0.0394968 0.0684436 0.00444582 0.0488934 0.0219328 
0.774642 0.0582424 0.0352378 0.0640786 0.0053838 0.0427105 0.0197048 
0.77784 0.055479 0.0365102 0.0527474 0.00538289 0.0487177 0.0233225 
0.758979 0.0740296 0.0299434 0.0759012 0.00729002 0.035306 0.0185505 
0.781274 0.05682 0.0344992 0.0490259 0.00631317 0.0482184 0.0238491 
0.776737 0.0706003 0.0316393 0.0507647 0.00793458 0.0409865 0.021338 
0.787796 0.0739357 0.0366608 0.0249633 0.00896843 0.0393799 0.0282955 
0.780893 0.0970379 0.0333434 0.0271289 0.00974879 0.0268242 0.0250237 
0.801038 0.090795 0.0364943 0.0126085 0.00955947 0.0222174 0.0272869 
0.820353 0.0762534 0.0310395 0.0223184 0.00973095 0.0179053 0.0223992 
0.81715 0.0813295 0.0296464 0.0295876 0.00860092 0.0141238 0.0195621 
0.807573 0.083641 0.0278402 0.0422093 0.00981226 0.0135459 0.0153788 
0.793983 0.0827388 0.023918 0.0667212 0.00849712 0.0112686 0.0128737 
0.811312 0.0728873 0.0247971 0.0605594 0.00825772 0.00942914 0.0127576 
0.816724 0.0735272 0.0267203 0.0516156 0.00562519 0.012228 0.0135596 
0.819286 0.0664636 0.0310573 0.0481043 0.00618201 0.0111625 0.0177446 
0.823729 0.0738008 0.0286145 0.0354089 0.00778114 0.0134478 0.0172183 
0.852358 0.0488911 0.0323476 0.0296813 0.00539242 0.0130074 0.018322 
0.824136 0.0706303 0.0284234 0.0373135 0.00832161 0.0133537 0.0178213 
0.806895 0.083692 0.0313316 0.033559 0.00765126 0.0161106 0.0207601 
0.810672 0.0820236 0.0278206 0.0359075 0.00983686 0.015969 0.0177708 
0.824471 0.0705052 0.0245519 0.0429902 0.010208 0.012591 0.0146824 
0.821767 0.0704679 0.0285742 0.0358404 0.00917398 0.0161938 0.0179823 
0.801355 0.0848847 0.0258239 0.0431058 0.0143027 0.0139021 0.0166254 
0.822185 0.0717356 0.0278284 0.0383354 0.0086379 0.0145687 0.0167089 
0.832963 0.0639081 0.0276469 0.0390445 0.00861028 0.0122667 0.0155601 
0.841645 0.0539017 0.030074 0.0296986 0.00604592 0.0173567 0.0212781 
0.8343 0.0606858 0.0287541 0.0355071 0.00829683 0.0134151 0.0190408 
0.850028 0.0486116 0.0322308 0.0290508 0.00557901 0.013304 0.0211956 
0.854332 0.0433895 0.032775 0.0353338 0.00492423 0.0115285 0.0177173 
0.84077 0.0481832 0.032707 0.0392362 0.00564327 0.0143821 0.0190779 
0.865641 0.0387306 0.0352551 0.0218173 0.00438688 0.014084 0.020085 
0.864048 0.0369077 0.036003 0.0270343 0.00538938 0.0125647 0.0180528 
0.855243 0.0435532 0.0331005 0.030305 0.00946912 0.0120095 0.01632 
0.852061 0.0436181 0.0308117 0.0368854 0.00952611 0.0107045 0.0163928 
0.8493 0.0367853 0.0286286 0.052519 0.00790421 0.0112191 0.0136434 
0.867502 0.0331574 0.0302724 0.0376376 0.00627262 0.0101037 0.0150539 
0.861731 0.046888 0.0254997 0.0295632 0.011711 0.00939293 0.015214 
0.86947 0.0409694 0.0282876 0.0275935 0.00762262 0.0102186 0.0158382 
0.873933 0.0364277 0.0285172 0.0299701 0.00669095 0.00853494 0.015926 
0.877847 0.0291071 0.0320464 0.031933 0.00583701 0.00767727 0.0155527 
0.861669 0.0404723 0.0288071 0.0333805 0.00773919 0.00889876 0.0190331 
0.87108 0.0331724 0.0335604 0.0292369 0.00637149 0.00843404 0.0181447 
0.862319 0.0378517 0.0326664 0.0354268 0.00679604 0.00741815 0.017522 
0.87231 0.0274468 0.0393529 0.0232106 0.0044044 0.0110415 0.0222336 
0.865911 0.0244968 0.0335551 0.0463628 0.0063529 0.00709893 0.0162221 
0.887769 0.0196816 0.0408359 0.0176855 0.00442657 0.00811674 0.0214848 
0.885256 0.0168053 0.042735 0.0202031 0.00323788 0.00732262 0.0244401 
0.880888 0.0167116 0.0457382 0.0174347 0.00265029 0.00826766 0.0283099 
0.88727 0.0172166 0.0406214 0.0182378 0.00433303 0.00757096 0.0247503 
0.882981 0.0150833 0.0486254 0.0155143 0.00348818 0.00704408 0.0272638 
0.879904 0.0133047 0.0546778 0.0117417 0.00307285 0.00724322 0.0300555 
0.872275 0.0159666 0.0535179 0.0101618 0.00492296 0.00826956 0.0348864 
0.861996 0.0134371 0.0605983 0.0103586 0.00416149 0.00707334 0.0423751 
0.866753 0.0122318 0.0609683 0.0129957 0.00485455 0.00656224 0.0356349 
0.868729 0.0139467 0.0561643 0.0109347 0.00438173 0.0074818 0.0383616 
0.878766 0.0159396 0.0464611 0.0153125 0.00849314 0.00479161 0.0302361 
0.880083 0.0151686 0.0497317 0.0121421 0.00508262 0.00614356 0.0316481 
0.88355 0.01451 0.0463178 0.0137794 0.00623992 0.00440091 0.0312022 
0.8614 0.0128756 0.0571091 0.00832209 0.00517504 0.00516018 0.0499578 
0.84932 0.0123931 0.0566645 0.00664914 0.00476423 0.00562663 0.0645829 
0.852659 0.0157645 0.053404 0.00794829 0.00754362 0.0065625 0.0561185 
0.811866 0.0631083 0.0248566 0.029143 0.00294764 0.00375176 0.0643266 
0.824181 0.0468768 0.0273457 0.0339796 0.00256476 0.00329647 0.0617553 
0.83743 0.0486053 0.0218398 0.0478237 0.00356697 0.00259129 0.0381429 
0.822647 0.0347365 0.0251324 0.0508892 0.0028837 0.00311055 0.060601 
0.847162 0.0320429 0.0257988 0.0304499 0.0029608 0.00352605 0.0580596 
0.843168 0.0367397 0.0231889 0.0349371 0.00321753 0.00351245 0.0552367 
0.848232 0.0361617 0.0238686 0.0383905 0.00272589 0.00386825 0.0467528 
0.846322 0.0495468 0.0203743 0.0377191 0.00371823 0.00338199 0.0389377 
0.844616 0.0460768 0.0216241 0.0395125 0.00345876 0.00318919 0.0415228 
0.839573 0.04593 0.0220862 0.041247 0.00346939 0.00315464 0.0445402 
0.846183 0.0374111 0.0238791 0.0456206 0.00269918 0.00334545 0.0408614 
0.843383 0.0342385 0.0255204 0.0477623 0.00244232 0.00319854 0.0434545 
0.84742 0.0302684 0.0251335 0.0296274 0.00259273 0.00443747 0.0605207 
0.830933 0.0282692 0.0277683 0.0238028 0.00233902 0.00490779 0.0819796 
0.826844 0.0326897 0.0268895 0.0271665 0.00251524 0.00435424 0.0795411 
0.829641 0.0284502 0.0291901 0.0352461 0.00201775 0.00441013 0.071045 
0.832941 0.0302173 0.0256022 0.0490637 0.00289903 0.00347007 0.055807 
0.832528 0.0284324 0.0273409 0.0454651 0.00263108 0.00335752 0.0602447 
0.813878 0.0270948 0.0285585 0.0657178 0.00239254 0.00334656 0.0590117 
0.831122 0.0278632 0.0273632 0.0393237 0.00248245 0.00444322 0.067402 
0.838219 0.0292099 0.0260571 0.0421461 0.00275797 0.00390146 0.0577088 
0.803736 0.0253368 0.0304037 0.0524915 0.00275877 0.00390497 0.0813684 
0.83305 0.0245845 0.0299466 0.0498433 0.00289334 0.00305363 0.0566289 
0.83905 0.0198695 0.0330559 0.0274853 0.00227672 0.00421851 0.0740437 
0.871183 0.0211079 0.0332097 0.0220874 0.00239706 0.0039688 0.046046 
0.866815 0.0235532 0.0315983 0.0191091 0.00291898 0.00541966 0.050586 
0.865743 0.0390276 0.0265259 0.00955836 0.00573648 0.0095589 0.0438496 
0.867593 0.0335293 0.0267642 0.016275 0.00488969 0.00681058 0.0441385 
0.868684 0.0273988 0.0295148 0.021355 0.00345396 0.00613094 0.0434628 
0.846084 0.0174478 0.040947 0.0134584 0.00177234 0.00751883 0.0727722 
0.861346 0.0185695 0.0370764 0.0165074 0.00197414 0.00681686 0.0577098 
0.863707 0.0198793 0.0352375 0.0223316 0.00223235 0.00549439 0.0511178 
0.870753 0.0244011 0.0304938 0.021184 0.00305249 0.00572856 0.0443874 
0.866544 0.0233475 0.0314308 0.026154 0.00266624 0.00528504 0.0445721 
0.868296 0.0233571 0.0319843 0.0258976 0.00224104 0.00539316 0.0428305 
0.87064 0.0179209 0.0359679 0.0244553 0.00241132 0.00455637 0.0440481 
0.867378 0.0186972 0.0372449 0.0272046 0.00226309 0.00489215 0.0423201 
0.867556 0.0209392 0.0336911 0.0269405 0.00255436 0.00539407 0.0429251 
0.868069 0.0202635 0.0342801 0.022524 0.00226626 0.0059777 0.0466198 
0.864873 0.0231613 0.0349702 0.0198522 0.00242529 0.0053245 0.0493939 
0.867109 0.0204549 0.0347872 0.0201549 0.00205297 0.00553281 0.0499079 
0.873668 0.0237689 0.0321409 0.0178558 0.00224864 0.0054453 0.0448726 
0.867747 0.0199694 0.0362387 0.0158505 0.00195064 0.00598982 0.0522538 
0.871545 0.0199714 0.035746 0.0187363 0.00218986 0.00453238 0.0472791 
0.867072 0.0202436 0.036776 0.0158255 0.00205322 0.00483256 0.0531975 
0.870798 0.0195153 0.0367084 0.0188062 0.00194296 0.00470085 0.0475285 
0.874065 0.0215406 0.0359537 0.0150627 0.00175813 0.00543602 0.0461839 
0.878747 0.0219516 0.0349302 0.0154771 0.00180276 0.00455725 0.0425339 
0.878365 0.0222049 0.0329343 0.014966 0.00209892 0.00444023 0.0449902 
0.875584 0.0216697 0.0337763 0.0178564 0.00228 0.0038792 0.0449543 
0.881385 0.0227 0.0323504 0.0184168 0.00239131 0.00390105 0.0388556 
0.877257 0.0224512 0.0334743 0.0192252 0.0021821 0.00444835 0.0409622 
0.872924 0.0235373 0.0343244 0.0211869 0.0020437 0.00426492 0.0417187 
0.867746 0.0194123 0.0376688 0.0182276 0.00184862 0.00435282 0.0507436 
0.863817 0.0226957 0.0372498 0.0191253 0.00215351 0.00377638 0.0511822 
0.85633 0.0172983 0.0388133 0.0259628 0.00175779 0.00449385 0.0553441 
0.870267 0.0232913 0.0355131 0.021405 0.00209226 0.00428622 0.0431455 
0.859237 0.0200632 0.0373334 0.0225824 0.00193271 0.00406423 0.0547871 
0.865792 0.0193428 0.0379802 0.0207972 0.00196776 0.00392153 0.0501981 
0.862809 0.0230495 0.0355972 0.0204231 0.00199777 0.00468279 0.0514409 
0.853635 0.0198342 0.0383926 0.0270378 0.00184994 0.0042275 0.0550225 
0.863906 0.0212555 0.0381876 0.023881 0.00193665 0.00403729 0.0467963 
0.86692 0.0226825 0.0349996 0.0258377 0.00222219 0.00427387 0.0430642 
0.858004 0.0254753 0.0329217 0.0375638 0.00233535 0.00362342 0.0400762 
0.855037 0.0233497 0.0334939 0.0436218 0.00261526 0.00422167 0.0376604 
0.853978 0.0342277 0.024259 0.0553268 0.00404685 0.00349904 0.0246632 
0.86257 0.0232864 0.0338107 0.0128429 0.00204236 0.0057748 0.0596724 
0.875009 0.0256088 0.0281124 0.0291763 0.00340126 0.00431658 0.0343753 
0.831612 0.0207286 0.0449503 0.0104843 0.00129321 0.00633098 0.0846008 
0.851891 0.0201703 0.0378349 0.0184889 0.00200519 0.00447003 0.0651401 
0.822194 0.0194295 0.0440045 0.0105669 0.00146934 0.00579692 0.0965389 
0.84954 0.0220936 0.0387657 0.0144122 0.00189966 0.00448516 0.0688038 
0.844166 0.021288 0.0379984 0.0145096 0.00220906 0.00513561 0.0746937 
0.85383 0.0243598 0.0370468 0.0119268 0.00216049 0.00539342 0.0652828 
0.859721 0.0219871 0.0360609 0.01585 0.00232905 0.00520614 0.0588458 
0.850416 0.0162335 0.0431037 0.0141797 0.00168033 0.00591795 0.0684691 
0.86524 0.0219996 0.0331431 0.027719 0.00339845 0.00403494 0.0444645 
0.857588 0.0182536 0.0427176 0.0187252 0.00190237 0.00494196 0.0558711 
0.872152 0.0204983 0.0299569 0.0349381 0.00300623 0.00393293 0.035515 
0.856657 0.0177566 0.0377293 0.0238311 0.00218101 0.00506004 0.0567851 
0.85822 0.0206484 0.0315746 0.0424753 0.00349137 0.00334382 0.0402461 
0.851765 0.0171629 0.0373233 0.0288247 0.00290915 0.00445258 0.0575619 
0.86364 0.0183389 0.0340757 0.0321652 0.00261141 0.00414467 0.0450243 
0.857088 0.0190398 0.0349162 0.0336671 0.00273749 0.00395351 0.0485976 
0.867709 0.0192011 0.0352094 0.0244026 0.00275033 0.00399975 0.0467279 
0.85897 0.0205969 0.0341494 0.046388 0.00300917 0.00308817 0.0337981 
0.86927 0.0213474 0.0314649 0.0335324 0.00266252 0.00366865 0.0380545 
0.865031 0.0223846 0.0294386 0.0383322 0.00368542 0.00289287 0.0382349 
0.869003 0.0173308 0.0298496 0.0300148 0.00353943 0.00329826 0.0469645 
0.880801 0.0186346 0.0287487 0.0280007 0.00392766 0.0027974 0.0370904 
0.84038 0.0141906 0.0386833 0.0267882 0.00265175 0.00364558 0.073661 
0.865802 0.0143395 0.0351284 0.020324 0.00279475 0.00390507 0.057706 
0.860419 0.0144314 0.0362619 0.0258241 0.0029195 0.00323616 0.056908 
0.875058 0.0162079 0.032729 0.0251323 0.00319067 0.00327468 0.0444076 
0.880744 0.0184647 0.0281698 0.0217133 0.00396402 0.00346754 0.0434767 
0.874178 0.0166251 0.0321853 0.0201882 0.00299674 0.00392179 0.0499047 
0.871272 0.0196371 0.0314643 0.0252793 0.00262755 0.00364037 0.0460798 
