0.451563 0.0351642 0.0446819 0.0251811 0.00740304 0.00200401 0.434003 
0.536431 0.0409013 0.0346245 0.0837598 0.0147165 0.00227389 0.287293 
0.475438 0.0345858 0.0462911 0.0334292 0.0064456 0.00185197 0.401958 
0.549044 0.0411933 0.038489 0.0651428 0.0132958 0.00192732 0.290908 
0.533624 0.0357621 0.04212 0.0542196 0.011679 0.00187777 0.320717 
0.468266 0.0386619 0.0387801 0.0589888 0.0169885 0.00210748 0.376207 
0.491509 0.0409442 0.0425434 0.0780393 0.0154262 0.00239637 0.329142 
0.46214 0.0385847 0.0442399 0.06235 0.0130609 0.00222303 0.377402 
0.454561 0.0413273 0.0415655 0.0619389 0.0157858 0.00225374 0.382568 
0.394294 0.0300587 0.053375 0.0299052 0.00703852 0.00189546 0.483433 
0.484223 0.040447 0.0408571 0.068302 0.0136786 0.00221098 0.350281 
0.427868 0.0330224 0.0544729 0.0445217 0.00570984 0.00208486 0.43232 
0.509583 0.0347609 0.0476391 0.0534804 0.00751442 0.00183531 0.345186 
0.415956 0.0334103 0.0471062 0.0268154 0.00722225 0.0020229 0.467467 
0.522744 0.0455146 0.0387664 0.033228 0.0115307 0.00191734 0.346299 
0.492678 0.0354448 0.0436542 0.0408731 0.00857393 0.00192239 0.376854 
0.529964 0.0383015 0.0410244 0.0410228 0.0110149 0.00184414 0.336829 
0.408942 0.0446523 0.0428574 0.0326734 0.0103613 0.00220772 0.458306 
0.478169 0.0400113 0.0385415 0.0394789 0.0104834 0.00195926 0.391357 
0.584583 0.0432361 0.0354764 0.0598381 0.0113978 0.00185176 0.263617 
0.534524 0.0418228 0.0384938 0.0657304 0.0108779 0.00196767 0.306583 
0.658205 0.0347857 0.0330264 0.0607981 0.00767231 0.00152203 0.20399 
0.558759 0.0456246 0.0376678 0.0746473 0.00933432 0.00202611 0.271941 
0.597312 0.0362677 0.0344408 0.0678161 0.0123769 0.00180092 0.249985 
0.609451 0.0378605 0.0357757 0.0765207 0.00968019 0.00187625 0.228835 
0.578251 0.0425606 0.0408686 0.0757015 0.0108259 0.00217484 0.249618 
0.577887 0.0355326 0.0440706 0.0851694 0.00991289 0.00230079 0.245127 
0.540363 0.0354119 0.0456346 0.101436 0.0114999 0.00284997 0.262804 
0.541802 0.0314904 0.0474416 0.0918113 0.00761172 0.00240468 0.277438 
0.526222 0.0341041 0.0447825 0.0864345 0.00917371 0.00225522 0.297028 
0.497326 0.0462041 0.0503682 0.0798904 0.0110675 0.0028644 0.312279 
0.44455 0.0338892 0.0494296 0.0643277 0.00509196 0.00228493 0.400426 
0.490003 0.0500979 0.0460809 0.087797 0.0114635 0.00310135 0.311457 
0.492594 0.0428089 0.0416357 0.0517918 0.0068356 0.00211671 0.362217 
0.601355 0.0410741 0.0394604 0.102216 0.00941492 0.00243882 0.204041 
0.464428 0.0375942 0.0457485 0.0496109 0.00617888 0.002051 0.394389 
0.487704 0.0442622 0.0464186 0.0534736 0.00962153 0.00214763 0.356373 
0.47024 0.0344937 0.0489726 0.0395424 0.00783743 0.00193932 0.396975 
0.496789 0.043274 0.0480346 0.0629532 0.0132935 0.00215943 0.333496 
0.458562 0.0386778 0.0465411 0.057645 0.00975419 0.00213518 0.386685 
0.488669 0.0355175 0.0501166 0.0769243 0.00909319 0.00244148 0.337238 
0.51043 0.0370817 0.0463518 0.0964515 0.0122994 0.00277709 0.294608 
0.487944 0.0302269 0.0580073 0.0938833 0.00852686 0.00271372 0.318698 
0.595923 0.027725 0.0519047 0.103856 0.0100389 0.00243397 0.208118 
0.50495 0.02766 0.0571107 0.0738472 0.00742234 0.0021515 0.326858 
0.256266 0.660708 0.00261476 0.0381971 0.0253464 0.0020531 0.0148148 
0.334879 0.551853 0.00360235 0.0647043 0.0251314 0.00236491 0.0174644 
0.368399 0.520966 0.00457507 0.0667767 0.0142693 0.00254237 0.0224716 
0.376796 0.521169 0.00464117 0.0652549 0.0119495 0.00240162 0.0177872 
0.399929 0.502908 0.0050808 0.0570369 0.0127726 0.00239552 0.0198766 
0.436518 0.445787 0.00579527 0.0655366 0.016262 0.00330504 0.0267968 
0.453803 0.445558 0.00642858 0.0350726 0.0163472 0.00508955 0.0377017 
0.488495 0.401581 0.00687708 0.0609511 0.0119045 0.00418242 0.0260091 
0.499711 0.406145 0.00763945 0.0468966 0.00910397 0.00417113 0.0263327 
0.462701 0.431275 0.00586611 0.0440773 0.0229344 0.00501612 0.0281297 
0.498775 0.390715 0.00673678 0.0485055 0.0215699 0.00496406 0.0287334 
0.512285 0.361092 0.00813618 0.0656191 0.0152573 0.00441662 0.0331932 
0.496955 0.36528 0.00753299 0.0761091 0.0204003 0.00387431 0.029848 
0.526048 0.344055 0.00765695 0.0667835 0.0224793 0.00437964 0.0285979 
0.524141 0.34942 0.00797487 0.0531573 0.0244952 0.00438524 0.0364263 
0.529064 0.35237 0.00804561 0.0494717 0.0228465 0.00435318 0.0338492 
0.477779 0.405248 0.00732471 0.0485918 0.0252239 0.00423165 0.0316006 
0.518466 0.360087 0.00771562 0.0559383 0.0245554 0.0040188 0.0292197 
0.529955 0.355662 0.00768109 0.0515605 0.0223297 0.00389226 0.0289187 
0.564504 0.327082 0.00890601 0.0453014 0.0165817 0.00382882 0.0337967 
0.563417 0.325256 0.0083402 0.0437157 0.0220119 0.00395906 0.0333006 
0.561408 0.330234 0.00885492 0.0379888 0.020734 0.00427882 0.0365013 
0.568134 0.327253 0.00920141 0.0257233 0.0202972 0.00513959 0.0442517 
0.571975 0.325654 0.00845366 0.0273928 0.0213818 0.00435751 0.0407849 
0.575896 0.3279 0.00748936 0.0266435 0.0232903 0.0054228 0.0333578 
0.587122 0.298173 0.0080987 0.0508384 0.0281966 0.00386393 0.0237077 
0.647792 0.246628 0.00958637 0.045163 0.0190842 0.00477442 0.0269716 
0.663744 0.211573 0.00957157 0.0459455 0.0343433 0.00427043 0.0305525 
0.672039 0.213399 0.0122311 0.0216985 0.0162345 0.00599629 0.0584013 
0.783342 0.0228272 0.0350471 0.0652871 0.00394074 0.00114734 0.0884088 
0.796491 0.0225305 0.0359543 0.0718124 0.00349212 0.00103773 0.0686819 
0.776556 0.0233181 0.0335216 0.0644374 0.00460324 0.00122787 0.0963353 
0.79597 0.0211739 0.0395114 0.0729585 0.00278031 0.00124952 0.0663561 
0.785091 0.0224949 0.034164 0.06674 0.00390126 0.00117131 0.0864379 
0.803984 0.0227099 0.0351493 0.0660277 0.00324646 0.00122267 0.0676604 
0.800583 0.0194568 0.0375561 0.0579244 0.00311365 0.00112548 0.0802406 
0.828296 0.020168 0.0333626 0.046271 0.00397141 0.00112358 0.0668073 
0.811428 0.020666 0.0355704 0.0517883 0.00339811 0.00113197 0.0760175 
0.800071 0.022624 0.0297911 0.0844062 0.00498616 8.83639E-4 0.0572378 
0.806915 0.0201622 0.0354778 0.0670521 0.00345931 9.85465E-4 0.0659486 
0.812456 0.021049 0.0307741 0.0679467 0.00416336 0.00102245 0.0625882 
0.789682 0.0213539 0.0321832 0.0782659 0.00413826 0.00105084 0.0733255 
0.806093 0.0223883 0.0341449 0.0511291 0.00356775 0.00118327 0.0814939 
0.788273 0.021019 0.0346542 0.0741144 0.00367168 0.00102143 0.0772464 
0.791732 0.0207082 0.0313102 0.0881402 0.00368485 9.33886E-4 0.0634906 
0.794771 0.0196315 0.0399679 0.0688008 0.00277613 0.00104009 0.0730127 
0.788723 0.0200815 0.0382815 0.0618935 0.00277954 0.0011174 0.0871237 
0.808174 0.0209724 0.0386283 0.054281 0.00270774 0.00111106 0.0741252 
0.776093 0.0204908 0.0388409 0.0557483 0.00335979 0.00119358 0.104273 
0.784155 0.0183185 0.0304752 0.108922 0.00559871 7.79689E-4 0.0517508 
0.768404 0.0159729 0.0336119 0.116429 0.00456734 8.0696E-4 0.0602083 
0.807755 0.0172024 0.0302554 0.0958223 0.00483847 7.29487E-4 0.0433966 
0.807336 0.0192019 0.0293305 0.0841743 0.00464659 8.30654E-4 0.0544802 
0.804733 0.0195295 0.0318598 0.0759659 0.004424 8.2999E-4 0.0626577 
0.812548 0.023813 0.0300903 0.0659257 0.00396597 8.75119E-4 0.0627816 
0.775194 0.0178673 0.0430802 0.0657557 0.00279612 0.0010314 0.0942748 
0.816612 0.01899 0.0312375 0.0645918 0.00416661 8.99023E-4 0.0635031 
0.796486 0.0186731 0.0353362 0.0744036 0.00370376 8.44068E-4 0.0705538 
0.795864 0.0165835 0.034545 0.0754078 0.00432336 8.87571E-4 0.0723885 
0.802023 0.0199075 0.0314258 0.0764435 0.00596387 7.81106E-4 0.0634556 
0.818741 0.0171869 0.0308955 0.0743561 0.00571256 7.71794E-4 0.0523365 
0.832234 0.0169928 0.0350973 0.0601701 0.00353779 7.81824E-4 0.0511859 
0.817842 0.0173654 0.030526 0.0725774 0.00442971 9.19738E-4 0.0563393 
0.777159 0.014052 0.0424186 0.0666746 0.0033076 0.00105557 0.0953324 
0.706582 0.0161752 0.0479246 0.0554215 0.00376973 0.00132824 0.168799 
0.706239 0.0134099 0.0515025 0.0506603 0.00298071 0.0013597 0.173848 
0.788628 0.0177347 0.037026 0.0501428 0.00483862 0.0011112 0.100518 
0.722464 0.0142446 0.0483296 0.0410435 0.00406796 0.00136116 0.16849 
0.772844 0.0168706 0.0363507 0.0531722 0.00648095 0.00116291 0.113119 
0.729557 0.0187806 0.0405093 0.0500108 0.00388909 0.00136159 0.155892 
0.746316 0.0186065 0.0394771 0.0458425 0.00389767 0.00148415 0.144376 
0.77743 0.0184155 0.0361328 0.0443577 0.00404555 0.00126186 0.118357 
0.766068 0.016821 0.038477 0.0391399 0.00428948 0.00125711 0.133947 
0.783255 0.0173595 0.0337737 0.0513403 0.00466665 0.001175 0.10843 
0.729666 0.0172611 0.0412859 0.0360752 0.00332743 0.001502 0.170883 
0.763121 0.0170699 0.0397227 0.0326324 0.00403826 0.00124824 0.142168 
0.760914 0.0184219 0.0381304 0.0445344 0.00402861 0.00124728 0.132723 
0.698893 0.0173558 0.0400639 0.0506311 0.00443399 0.00145513 0.187167 
0.780385 0.020545 0.0309849 0.0643901 0.0059032 0.00116303 0.0966292 
0.748017 0.016754 0.042359 0.0627972 0.00334568 0.00115638 0.125571 
0.772029 0.0165182 0.0331858 0.0467177 0.00654127 0.00118286 0.123826 
0.796755 0.0172024 0.0309181 0.0449075 0.00644868 0.00119693 0.102571 
0.73076 0.0174906 0.0412746 0.0466121 0.00346907 0.00135727 0.159037 
0.797402 0.0178299 0.0313693 0.0522234 0.00535528 0.0011481 0.0946717 
0.773894 0.0187619 0.0320063 0.0413663 0.00496872 0.00148025 0.127522 
0.770596 0.0202928 0.0288898 0.0472823 0.00758356 0.00139208 0.123963 
0.776187 0.0186003 0.0297598 0.0436846 0.00639141 0.00138302 0.123993 
0.748183 0.0155147 0.0379047 0.0313871 0.00445446 0.00160583 0.16095 
0.768061 0.0170592 0.0352053 0.0472314 0.00507685 0.00130463 0.126061 
0.756639 0.0167429 0.0369967 0.0452836 0.00443379 0.00138656 0.138518 
0.78453 0.0160771 0.0325796 0.0490813 0.00465948 0.00133038 0.111742 
0.799785 0.0194914 0.0267516 0.0565204 0.00558053 0.00132044 0.0905508 
0.793459 0.0162746 0.0314798 0.0533256 0.00436544 0.00137487 0.0997207 
0.804003 0.0212051 0.0270502 0.0576752 0.00835014 0.00109504 0.0806215 
0.825664 0.0173368 0.0294919 0.0531924 0.00435444 0.00119953 0.0687607 
0.78251 0.0173199 0.0312157 0.042668 0.00553653 0.00164766 0.119102 
0.803011 0.0199649 0.0275249 0.0420312 0.00541054 0.00155182 0.100506 
0.56014 0.0396084 0.0449864 0.192104 0.00907148 0.0038003 0.15029 
0.752273 0.0442844 0.0244805 0.106514 0.00649707 0.00129797 0.0646531 
0.761571 0.0445172 0.0255427 0.0931316 0.00665874 0.00135854 0.0672199 
0.58974 0.0621571 0.0606379 0.101391 0.00730902 0.00422421 0.174541 
0.6685 0.0422555 0.0183995 0.212347 0.010958 0.00105923 0.0464806 
0.602744 0.0600263 0.0376233 0.128897 0.00934063 0.00340848 0.15796 
0.699242 0.0553873 0.0236375 0.125595 0.0138978 0.00181813 0.0804226 
0.639631 0.0388112 0.0207945 0.259331 0.00494296 6.74488E-4 0.0358144 
0.670964 0.0305154 0.0311602 0.174623 0.00530849 0.00157898 0.0858496 
0.614785 0.0299494 0.0164938 0.308752 0.00495261 5.36032E-4 0.0245311 
0.695238 0.0257268 0.0370819 0.154694 0.00366664 0.00141541 0.082177 
0.628337 0.0175801 0.0493151 0.228437 0.0032445 0.00109 0.0719959 
0.570529 0.0153709 0.053242 0.294278 0.00218771 0.00117078 0.0632212 
0.630591 0.0231394 0.0290353 0.216043 0.00548417 0.00172058 0.0939863 
0.595265 0.0329529 0.0297324 0.239334 0.00509592 0.00170125 0.0959184 
0.625777 0.0248998 0.0238974 0.284232 0.00303159 6.91656E-4 0.0374698 
0.700411 0.0233293 0.0283059 0.205386 0.00284351 8.4358E-4 0.0388811 
0.782452 0.0252886 0.0223073 0.125538 0.00421612 8.67277E-4 0.0393307 
0.717261 0.021495 0.0344044 0.171139 0.00255243 0.00101289 0.0521352 
0.727409 0.0249102 0.0256639 0.162905 0.00328983 0.00109153 0.0547302 
0.701951 0.0245956 0.0304291 0.170362 0.00329348 0.00120208 0.0681662 
0.704876 0.0250149 0.0284301 0.179939 0.0028914 0.00112634 0.057722 
0.731965 0.0363141 0.0197897 0.159226 0.00494928 9.78626E-4 0.0467773 
0.652781 0.0326362 0.0411484 0.105539 0.00449157 0.00245769 0.160946 
0.693892 0.0308317 0.0327638 0.19625 0.00201744 9.02745E-4 0.0433417 
0.659798 0.0246089 0.0333752 0.228644 0.00218963 8.98505E-4 0.0504848 
0.671623 0.0259726 0.0282905 0.221161 0.00286066 8.88082E-4 0.049204 
0.622343 0.0286748 0.0246782 0.268822 0.00418145 8.41629E-4 0.0504586 
0.655923 0.0245475 0.0344599 0.214217 0.00283432 0.00119583 0.0668229 
0.676298 0.0286587 0.0244356 0.207281 0.00350677 0.00107222 0.0587473 
0.626915 0.0251631 0.0314965 0.248489 0.00264598 0.00110464 0.0641854 
0.645779 0.0233568 0.0397796 0.212422 0.00254728 0.00130331 0.0748119 
0.690502 0.0260807 0.0288835 0.182136 0.00358083 0.0011791 0.0676381 
0.671635 0.0260631 0.0365766 0.178422 0.00368104 0.00136289 0.0822596 
0.675956 0.0287393 0.0311868 0.194351 0.00335405 0.00106127 0.0653516 
0.688467 0.0310996 0.0296267 0.170092 0.00430504 0.00126468 0.075145 
0.658293 0.0429463 0.0319974 0.174405 0.00538696 0.00164149 0.0853299 
0.673548 0.0448232 0.0224965 0.186308 0.00743242 0.00120888 0.0641827 
0.628667 0.0890449 0.0230762 0.181607 0.00568738 0.00171004 0.0702071 
0.644201 0.0956513 0.019954 0.169554 0.00852588 0.00166956 0.0604436 
0.611295 0.132816 0.0159179 0.164067 0.00973688 0.00168661 0.0644797 
0.534079 0.154688 0.0148944 0.218981 0.0122026 0.0017322 0.0634224 
0.543512 0.197745 0.0108081 0.178595 0.0193037 0.00151715 0.0485194 
0.431719 0.331276 0.00738639 0.0921496 0.0883178 0.00407252 0.0450787 
0.506127 0.261447 0.00738154 0.142875 0.0373179 0.00195399 0.042898 
0.47069 0.239243 0.00734544 0.204219 0.0392656 0.00170283 0.0375337 
0.382179 0.241012 0.00880311 0.24183 0.0696608 0.00364089 0.0528741 
0.186876 0.263918 0.0166712 0.329631 0.104064 0.0105441 0.0882959 
0.131073 0.283267 0.0187638 0.344761 0.0992553 0.0117247 0.111156 
0.110329 0.546129 0.0165062 0.174812 0.0146773 0.00737034 0.130176 
0.139141 0.144543 0.0103171 0.670152 0.00744573 0.00236524 0.0260353 
0.180713 0.10848 0.00656283 0.601237 0.0573964 0.00323752 0.0423736 
0.358938 0.246646 0.00769769 0.231156 0.0748496 0.00392618 0.076786 
0.323454 0.090086 0.0268452 0.512184 0.0024303 0.0102692 0.0347308 
0.586541 0.165518 0.0140052 0.198178 0.00526314 0.00376577 0.026729 
0.761966 0.0788491 0.0201862 0.0796676 0.00337102 0.00490547 0.0510549 
0.769069 0.0711997 0.0210416 0.0942404 0.00354189 0.00274509 0.0381626 
0.728407 0.0671704 0.0141682 0.153253 0.0124328 0.00359539 0.0209726 
0.786811 0.0591466 0.01655 0.0962615 0.0156845 0.00527997 0.0202669 
0.788285 0.0895462 0.0181154 0.0748141 0.0104325 0.00492535 0.0138813 
0.811217 0.0697966 0.0187874 0.0682478 0.00789928 0.00581346 0.0182389 
0.834985 0.060221 0.0186891 0.0540387 0.00872236 0.00612864 0.0172148 
0.244159 0.0133188 0.13956 0.0341678 0.0071417 0.526709 0.0349438 
0.481198 0.0190593 0.0965246 0.0339544 0.00543846 0.342223 0.0216024 
0.279013 0.0143114 0.0560246 0.00846648 0.00164159 0.629737 0.0108056 
0.245673 0.670036 0.00514218 0.0164561 0.00503552 0.00840944 0.0492476 
0.278319 0.633618 0.00652785 0.0171374 0.00370692 0.00909015 0.0516003 
0.352423 0.533509 0.00934315 0.0291445 0.00331807 0.00922308 0.0630401 
0.324524 0.584181 0.00921465 0.0329567 0.00265613 0.00689154 0.0395756 
0.309471 0.582703 0.00592522 0.0527117 0.00711394 0.00591329 0.036162 
0.310264 0.58412 0.0049606 0.0461699 0.0107679 0.00629 0.037427 
0.418147 0.466794 0.00606463 0.0726345 0.00850246 0.00556821 0.022289 
0.40439 0.498799 0.00559818 0.0565644 0.00887977 0.00590699 0.0198615 
0.35006 0.535515 0.00461572 0.080594 0.00775874 0.00488934 0.0165677 
0.32201 0.580373 0.00522756 0.0476495 0.00661532 0.00702158 0.031103 
0.284658 0.621187 0.00431981 0.0480103 0.00652151 0.00575217 0.0295516 
0.261317 0.647682 0.00337276 0.0456547 0.0086129 0.00439239 0.0289686 
0.289335 0.623605 0.00420277 0.0403351 0.00765542 0.00441195 0.0304544 
0.320045 0.588325 0.00397344 0.0414771 0.0123669 0.004075 0.0297375 
0.267227 0.655848 0.0029741 0.0345164 0.0127191 0.00451094 0.0222044 
0.271682 0.64725 0.00276169 0.0407362 0.0145661 0.00399679 0.0190075 
0.196297 0.717435 0.00179384 0.0386771 0.0286416 0.00321572 0.0139398 
0.28703 0.643348 0.00329641 0.0244293 0.0123616 0.00562624 0.0239085 
0.426081 0.474368 0.00636396 0.0437633 0.00779905 0.00924403 0.0323803 
0.340713 0.554711 0.00439959 0.0504253 0.0124305 0.00494086 0.0323803 
0.480637 0.426131 0.00712244 0.0406953 0.00692841 0.00741728 0.0310689 
0.285506 0.634683 0.00246765 0.03508 0.0196502 0.00481931 0.0177933 
0.413084 0.502566 0.00546488 0.0313861 0.00803377 0.00897822 0.0304876 
0.473526 0.432908 0.00906134 0.0263297 0.0066367 0.0111825 0.0403561 
0.466623 0.442245 0.00630373 0.0366099 0.00875995 0.00960892 0.0298487 
0.400035 0.512809 0.00584759 0.0106658 0.0107555 0.00991649 0.0499707 
0.377035 0.532666 0.00425875 0.048363 0.0123069 0.00532212 0.0200481 
0.359604 0.553216 0.00554238 0.0286155 0.00945384 0.00776533 0.0358037 
0.344997 0.56167 0.00604569 0.0258601 0.00790596 0.00756141 0.0459601 
0.335788 0.557699 0.00433925 0.0618844 0.0126028 0.00436436 0.0233222 
0.344456 0.581724 0.00492918 0.0297501 0.00757888 0.00735912 0.0242028 
0.306854 0.613202 0.00415186 0.037609 0.00870731 0.00660559 0.0228704 
0.306629 0.615621 0.00477835 0.038263 0.00631287 0.00637397 0.0220211 
0.25491 0.673519 0.00370627 0.0318668 0.00689994 0.00528057 0.0238173 
0.202291 0.727138 0.00285005 0.0373963 0.00664585 0.00402478 0.0196542 
0.0441337 0.911944 0.00108691 0.0210532 0.00338683 0.00351926 0.0148765 
0.157533 0.75051 0.00407679 0.050354 0.00416166 0.00520277 0.0281617 
0.146985 0.778441 0.00313729 0.0381579 0.00315032 0.00401442 0.0261138 
0.14446 0.806691 0.00188289 0.0196921 0.00448021 0.00607367 0.0167202 
0.175787 0.7667 0.00204482 0.0267066 0.00823442 0.00386581 0.0166609 
0.214615 0.726654 0.00235526 0.0275933 0.0113327 0.00305637 0.0143936 
0.156584 0.774258 0.0015317 0.0256639 0.0287246 0.00263288 0.0106051 
0.145176 0.781366 0.0013815 0.0280875 0.0330756 0.00257047 0.00834337 
0.14029 0.641241 0.00389082 0.0964047 0.0992008 0.00451525 0.0144569 
0.171156 0.729544 0.00236433 0.049732 0.0286704 0.00236529 0.0161683 
0.154023 0.732257 0.00175082 0.0557281 0.0398082 0.00262672 0.0138059 
0.211891 0.695195 0.00212745 0.0595586 0.0127185 0.00276267 0.0157465 
0.200961 0.656441 0.00348956 0.101464 0.0126574 0.00239761 0.0225896 
0.0926457 0.759205 0.00238001 0.116689 0.0103178 0.0019508 0.0168118 
0.19306 0.641331 0.00433543 0.0907663 0.0102175 0.00526241 0.0550279 
0.225761 0.599622 0.00746017 0.0700636 0.0128795 0.00799809 0.0762156 
0.160871 0.736009 0.00195857 0.0620227 0.0132353 0.00379061 0.0221131 
0.0303645 0.914308 3.66232E-4 0.0257476 0.024596 0.00172137 0.0028968 
0.0894322 0.858905 7.8237E-4 0.0301625 0.0137259 0.00238187 0.00461026 
0.069071 0.873916 7.30709E-4 0.0296813 0.018041 0.00209462 0.00646507 
0.0767666 0.873759 9.99031E-4 0.0298207 0.00962783 0.00195043 0.00707623 
0.0919147 0.851605 0.00104072 0.0366244 0.00818202 0.00219732 0.00843592 
0.106526 0.813706 0.00139689 0.0402244 0.0143439 0.00288176 0.0209211 
0.163539 0.718266 0.00242895 0.0588577 0.0172412 0.00345779 0.0362095 
0.200976 0.684218 0.00264167 0.0492132 0.0210217 0.00376833 0.0381604 
0.218462 0.693982 0.00237629 0.0408913 0.0155776 0.00381463 0.0248966 
0.321148 0.587196 0.00435691 0.0397899 0.010124 0.00562359 0.0317616 
0.450713 0.47084 0.00519139 0.0319748 0.0132422 0.00632054 0.0217181 
0.78743 0.117133 0.0160035 0.0454228 0.00669185 0.00597726 0.0213415 
0.766009 0.115143 0.0133416 0.0738976 0.00979538 0.00453121 0.0172829 
0.791147 0.100595 0.0153585 0.0567142 0.00828589 0.00565675 0.0222424 
0.809576 0.10067 0.0135321 0.0528289 0.008487 0.00430979 0.0105958 
0.813707 0.084459 0.014051 0.062185 0.0115006 0.00359586 0.0105014 
0.835265 0.0721598 0.0195302 0.0416149 0.00599402 0.00674112 0.0186953 
0.872486 0.0441142 0.0220533 0.0348321 0.00429624 0.00561107 0.0166069 
0.854597 0.0425319 0.0189281 0.0348389 0.00615758 0.00626763 0.0366793 
0.847978 0.0558332 0.0194733 0.0410062 0.00631477 0.00530423 0.0240903 
0.823183 0.0547186 0.0235658 0.0415616 0.00601561 0.00576369 0.0451915 
0.821074 0.0563006 0.0242778 0.03825 0.00692437 0.00698437 0.0461886 
0.794941 0.0729474 0.0193351 0.0582429 0.0102329 0.00531352 0.0389868 
0.847467 0.039066 0.0271306 0.0393843 0.00357815 0.0060206 0.0373532 
0.812843 0.0796717 0.0203595 0.0414938 0.00726698 0.00426474 0.0341002 
0.837051 0.0708441 0.0196551 0.0379872 0.00604856 0.00462823 0.0237853 
0.871555 0.0420266 0.0236596 0.0180557 0.00360852 0.00801886 0.033076 
0.844117 0.0625571 0.0207271 0.042035 0.0052219 0.00538451 0.019957 
0.889338 0.0279693 0.0297484 0.0174117 0.00199808 0.0108381 0.0226958 
0.665915 0.0162804 0.081956 0.00269161 0.0017505 0.155409 0.0759969 
0.0672683 0.00487626 0.15968 9.88001E-4 6.60128E-4 0.757819 0.00870891 
0.00956717 0.00266082 0.0625375 8.03618E-4 9.84266E-5 0.92073 0.00360232 
0.00489143 0.00261119 0.0863978 1.17427E-4 4.76042E-5 0.903541 0.00239329 
0.0324918 0.15389 0.280254 0.0270701 0.0179514 0.443882 0.0444616 
0.00237854 0.00909532 0.0337247 3.30652E-4 1.58445E-4 0.952419 0.00189295 
9.07242E-5 0.00120626 0.00201679 1.8002E-6 6.48919E-6 0.995978 7.00445E-4 
0.108699 0.0161975 0.0751531 0.00355702 0.00355731 0.490898 0.301939 
0.0451854 0.0123031 0.0354032 7.06488E-4 0.00130673 0.546757 0.358338 
0.0155663 0.00757692 0.00702423 1.09537E-4 2.70946E-4 0.827086 0.142366 
0.254891 0.11542 0.0169261 0.0011439 0.00636602 0.306446 0.298807 
0.284204 0.0999919 0.0200653 0.0029576 0.0198804 0.250676 0.322226 
0.132374 0.0342631 0.0265332 8.23265E-4 0.00138669 0.211544 0.593076 
0.505426 0.0676601 0.0261771 0.00310302 0.00356971 0.0678152 0.326249 
0.315065 0.0845577 0.0204197 0.00318638 0.00376545 0.0552912 0.517715 
0.788707 0.0735087 0.0241406 0.023996 0.00404761 0.0130139 0.0725857 
0.419244 0.109715 0.0246062 0.0245524 0.0075434 0.0229619 0.391377 
0.493894 0.187769 0.0220141 0.0194548 0.00350014 0.0167305 0.256637 
0.644824 0.140612 0.0323029 0.0430173 0.00217364 0.010269 0.126801 
0.184043 0.247789 0.0296343 0.0228419 0.00949447 0.0145545 0.491643 
0.345289 0.348751 0.0179039 0.0657553 0.00858461 0.00799838 0.205718 
0.169479 0.781498 0.00228916 0.0261524 0.00439002 0.00244525 0.0137461 
0.224978 0.685439 0.00256611 0.0527052 0.0160578 0.00204906 0.0162043 
0.196774 0.741969 0.00262191 0.0269783 0.00961754 0.00343872 0.0186005 
0.252356 0.688546 0.0031094 0.0266798 0.00895214 0.0041205 0.0162363 
0.207211 0.724079 0.00311326 0.0378307 0.00588906 0.00261771 0.0192596 
0.271454 0.654505 0.00441594 0.0192456 0.00799225 0.00424258 0.0381445 
0.23646 0.682143 0.00340816 0.0180303 0.0111203 0.00404977 0.0447885 
0.223799 0.685451 0.00251393 0.0486178 0.0152582 0.00236459 0.0219963 
0.264269 0.634093 0.00281349 0.0680471 0.0142341 0.00214625 0.0143978 
0.26302 0.5983 0.00733479 0.023036 0.00397391 0.00656657 0.0977692 
0.226128 0.70015 0.00481171 0.0274557 0.00326315 0.00414779 0.0340431 
0.30748 0.595685 0.005146 0.0502709 0.00486723 0.00319066 0.0333605 
0.338055 0.541298 0.00933395 0.0498115 0.00265862 0.00468069 0.0541623 
0.266131 0.598878 0.00570629 0.0516954 0.00824376 0.00411181 0.0652331 
0.244049 0.620188 0.00435053 0.0672195 0.0137407 0.00307074 0.0473811 
0.241498 0.67081 0.00318661 0.0572037 0.009005 0.0039015 0.0143956 
0.161902 0.613224 0.00757217 7.75983E-4 0.00772966 0.193103 0.0156936 
0.051197 0.6266 0.0546783 8.15834E-4 0.0159657 0.248335 0.00240773 
0.205593 0.424461 0.0392986 0.00237278 0.0328288 0.285438 0.010008 
0.700644 0.051532 0.0482579 0.0190737 0.00600352 0.146578 0.0279103 
0.0648915 0.0271694 0.217794 0.108004 0.00535748 0.533906 0.0428779 
0.0694291 0.0111818 0.161576 0.0228392 0.00195128 0.698754 0.0342687 
0.0317027 0.0056985 0.0612076 0.00400672 5.01381E-4 0.85182 0.0450629 
0.0148092 0.00147409 0.0293448 9.34456E-5 9.43888E-5 0.942999 0.0111855 
0.0684287 0.00713965 0.0549349 1.97109E-4 0.00109799 0.86312 0.00508182 
0.246208 0.175293 0.083448 0.00242031 0.0401698 0.445438 0.00702262 
0.182979 0.076786 0.0935222 0.00104639 0.0203698 0.618703 0.00659422 
0.347241 0.0846863 0.0452413 0.00149808 0.012731 0.492509 0.016093 
0.245592 0.0170498 0.0269421 0.00132182 0.00527879 0.687421 0.0163942 
0.0662356 0.00640387 0.0346906 0.00276285 0.00317894 0.866735 0.0199932 
0.0135711 0.0042032 0.0236808 0.00355428 6.85839E-4 0.946787 0.0075177 
0.0153384 0.00533748 0.0236423 0.00663356 7.85115E-4 0.936979 0.0112845 
0.206448 0.0187191 0.191339 0.178459 0.00648211 0.265457 0.133096 
0.29958 0.0120823 0.234435 0.0403403 0.00345686 0.225438 0.184667 
0.25654 0.0333233 0.120748 0.174786 0.00554836 0.284503 0.124552 
0.609654 0.0229317 0.0595837 0.0887354 0.00542297 0.120833 0.092839 
0.446602 0.0481623 0.0320997 0.0669514 0.0040196 0.353943 0.0482222 
0.00289354 0.0133278 0.00771796 0.00257615 1.15961E-4 0.972442 9.26899E-4 
0.0051587 0.00464795 0.0211553 0.00452885 2.32992E-4 0.962519 0.00175719 
0.0168015 0.0145238 0.0120476 0.011092 6.37788E-4 0.942214 0.00268349 
0.0372576 0.115489 0.0106779 0.0138511 9.08339E-4 0.818 0.00381613 
0.219428 0.191446 0.0121705 0.0211208 0.00191249 0.548 0.00592226 
0.268729 0.19412 0.0172419 0.167704 0.0217982 0.308193 0.0222148 
0.390158 0.148986 0.043076 0.322002 0.00686818 0.072589 0.0163206 
0.465289 0.123289 0.0517323 0.284627 0.00393168 0.0588496 0.0122823 
0.543291 0.146765 0.0424164 0.186345 0.00282471 0.0667557 0.0116018 
0.502924 0.33119 0.0135077 0.00450995 0.00689222 0.112322 0.0286541 
0.536424 0.366702 0.0156525 0.00955405 0.00713314 0.0321538 0.0323805 
0.768005 0.0858685 0.026601 0.0155747 0.00115159 0.00836576 0.0944329 
0.597937 0.143228 0.0266186 0.018619 0.00373074 0.0057295 0.204137 
0.598396 0.162625 0.0303073 0.0160134 0.00268701 0.00893401 0.181036 
0.454639 0.471375 0.0113915 0.0224964 0.0030778 0.00786081 0.0291594 
0.372566 0.502239 0.0067029 0.10109 0.00401828 0.00332511 0.0100581 
0.401418 0.466731 0.00586593 0.101984 0.00736987 0.00448467 0.0121461 
0.490943 0.394025 0.00836053 0.0873394 0.00531891 0.00487265 0.00914118 
0.457775 0.422265 0.0108459 0.0869108 0.00307772 0.00474259 0.0143826 
0.38711 0.542086 0.00734877 0.0431422 0.00360674 0.00393318 0.0127728 
0.303792 0.6258 0.00468038 0.0308697 0.00658735 0.00391429 0.0243563 
0.342543 0.54553 0.0123432 0.0386816 0.0026395 0.00643151 0.0518312 
0.267182 0.592758 0.0103492 0.0784842 0.00287486 0.00562959 0.0427218 
0.296403 0.553945 0.00895472 0.0748814 0.0046881 0.00592494 0.0552028 
0.359387 0.524734 0.00867126 0.0762023 0.0031793 0.00606549 0.0217604 
0.446932 0.449919 0.0125573 0.0529912 0.00310399 0.00937389 0.0251225 
0.627936 0.267642 0.0250713 0.0259626 0.00243817 0.021415 0.0295349 
0.579305 0.321836 0.0208556 0.0316574 0.00312986 0.0183136 0.0249029 
0.508114 0.361355 0.0182636 0.020321 0.00510479 0.0429211 0.0439202 
0.458699 0.330879 0.0203006 0.00996539 0.00899286 0.12998 0.0411831 
0.314642 0.341421 0.0610623 0.00506328 0.0372544 0.222073 0.0184834 
0.298737 0.292786 0.00620361 0.28131 0.105588 0.00588776 0.00948724 
0.307818 0.345298 0.00568686 0.208156 0.117235 0.00606393 0.00974302 
0.320668 0.343709 0.00556 0.205685 0.109009 0.00535069 0.0100179 
0.412177 0.307784 0.00577993 0.204919 0.0565371 0.00397733 0.00882554 
0.483379 0.300918 0.00634612 0.157218 0.037484 0.00415935 0.0104962 
0.388095 0.258512 0.00733 0.306823 0.0260683 0.0032802 0.00989043 
0.390627 0.230769 0.008049 0.333909 0.0230458 0.00400157 0.00959895 
0.415181 0.261432 0.00724994 0.269006 0.032227 0.00473532 0.0101685 
0.358131 0.30435 0.00695852 0.280789 0.0346706 0.00462107 0.0104793 
0.439513 0.273315 0.00840705 0.242949 0.0190961 0.00537239 0.0113474 
0.416861 0.275472 0.00759447 0.253172 0.0309721 0.00473129 0.0111978 
0.493773 0.249702 0.00761795 0.205824 0.0283001 0.00429672 0.010486 
0.468678 0.276222 0.00668337 0.19681 0.0367167 0.00457946 0.0103104 
0.477374 0.285325 0.00669511 0.177961 0.0380753 0.00424921 0.0103199 
0.448478 0.308637 0.00681725 0.186114 0.0350116 0.0041795 0.0107628 
0.487924 0.288028 0.00751104 0.173031 0.0282142 0.00469825 0.0105939 
0.479983 0.318391 0.00711706 0.155029 0.0235919 0.00440443 0.0114831 
0.40714 0.429818 0.00514588 0.105205 0.0365708 0.00503429 0.0110862 
0.43999 0.404371 0.00732873 0.113843 0.0156763 0.00426876 0.0145225 
0.374833 0.39941 0.00600039 0.176898 0.0261442 0.00320081 0.0135143 
0.302998 0.448435 0.004557 0.192726 0.036694 0.00368149 0.0109086 
0.285857 0.500917 0.00419666 0.159531 0.0347724 0.00394021 0.0107854 
0.271647 0.513732 0.00469392 0.175181 0.0211936 0.00364895 0.00990301 
0.285779 0.467317 0.00661758 0.210647 0.0121097 0.00360539 0.0139241 
0.26074 0.480922 0.00595843 0.224305 0.01376 0.00330114 0.0110138 
0.231485 0.505112 0.00418266 0.219527 0.0243731 0.00244428 0.0128751 
0.225884 0.501783 0.00541529 0.240796 0.0120888 0.00248678 0.011546 
0.194869 0.546077 0.0041386 0.214231 0.0262859 0.00233736 0.0120612 
0.181471 0.581152 0.00387166 0.184229 0.032569 0.00233105 0.0143757 
0.134981 0.600901 0.00410685 0.206189 0.0391648 0.00256485 0.0120921 
0.161766 0.561078 0.00436032 0.237488 0.0223143 0.00232619 0.0106673 
0.201531 0.490069 0.00534779 0.262347 0.0244108 0.00255202 0.0137422 
0.210504 0.47416 0.00534666 0.271638 0.0207216 0.00254389 0.0150867 
0.239981 0.573817 0.0036545 0.145809 0.0192965 0.00217671 0.0152653 
0.218453 0.538817 0.00451844 0.198883 0.0223038 0.00232914 0.0146955 
0.231802 0.51376 0.00460927 0.209142 0.0212848 0.00219395 0.0172089 
0.274967 0.509827 0.00394392 0.165157 0.0269256 0.00222753 0.0169512 
0.249371 0.586238 0.00291263 0.100617 0.037255 0.00238114 0.0212255 
0.260743 0.559402 0.0030597 0.129726 0.0306368 0.00264589 0.0137864 
0.260838 0.561787 0.0031435 0.133281 0.0250424 0.00256408 0.0133443 
0.272605 0.5556 0.0028698 0.115925 0.0352274 0.0025928 0.015181 
0.251955 0.592801 0.00274177 0.097851 0.0359101 0.00262292 0.0161186 
0.291249 0.466648 0.00381578 0.195723 0.0275484 0.00233299 0.0126822 
0.344861 0.406624 0.00500013 0.199715 0.0269835 0.00240493 0.0144112 
0.244361 0.42684 0.0050312 0.270779 0.0380214 0.00252168 0.0124469 
0.354354 0.428816 0.00552664 0.177158 0.0154195 0.00208993 0.0166354 
0.336307 0.399899 0.0062719 0.227692 0.0142301 0.0021019 0.013498 
0.369103 0.239319 0.0261353 0.22724 0.00793517 0.115546 0.0147215 
0.355364 0.208923 0.0246208 0.298174 0.00933484 0.0904551 0.0131275 
0.289401 0.194531 0.0254857 0.334233 0.0113153 0.127664 0.0173702 
0.357525 0.198381 0.0194044 0.319829 0.0109736 0.0784655 0.0154213 
0.596291 0.236022 0.0116197 0.130224 0.0113203 0.0048563 0.00966625 
0.593311 0.160573 0.0086899 0.201598 0.0153039 0.00158377 0.0189403 
0.544337 0.193713 0.00774228 0.222963 0.0145897 0.00150193 0.015153 
0.562085 0.212563 0.0105166 0.18694 0.00818887 0.00142664 0.0182795 
0.541451 0.227462 0.0113199 0.165507 0.0142548 0.00186939 0.038136 
0.578381 0.222626 0.0100475 0.139349 0.0163663 0.0020504 0.0311792 
0.533696 0.238314 0.00946649 0.169129 0.017037 0.00216427 0.0301931 
0.474021 0.342861 0.00590031 0.111381 0.0311426 0.00293451 0.0317594 
0.4284 0.432254 0.00458673 0.0821083 0.0255941 0.00333839 0.0237186 
0.363812 0.488275 0.00469405 0.0843462 0.018661 0.00387352 0.0363384 
0.281781 0.586512 0.00372235 0.0785435 0.0151705 0.00295891 0.0313116 
0.288096 0.566683 0.00431304 0.107816 0.00960375 0.00316414 0.0203244 
0.190118 0.723983 0.00224877 0.0566152 0.0112486 0.00321741 0.0125695 
0.233139 0.668839 0.00394486 0.0739932 0.00424114 0.00371156 0.0121317 
0.110035 0.862524 0.00174283 0.00688152 0.00256484 0.00549403 0.0107584 
0.102675 0.834796 0.00156962 0.0101818 0.0193518 0.00407358 0.0273517 
0.236008 0.0839034 0.267053 0.191625 0.107596 0.046318 0.0674969 
0.00470984 0.0202131 0.562318 0.389522 0.0082012 0.0082217 0.00681392 
0.0144216 0.0569473 0.433899 0.407555 0.0357122 0.0375733 0.0138918 
0.00267696 0.0150419 0.161021 0.79725 0.0138162 0.00744241 0.00275175 
0.00163695 0.00832721 0.110073 0.859469 0.0140393 0.00449809 0.00195695 
0.00129374 0.00535939 0.0548923 0.918425 0.0152873 0.00360876 0.00113314 
0.00660255 0.0273522 0.212527 0.685152 0.0369411 0.0258742 0.00555134 
0.0154372 0.0522306 0.360262 0.439457 0.062836 0.0570505 0.012727 
0.0205533 0.0620459 0.423444 0.325922 0.0808877 0.0693947 0.0177526 
0.0186445 0.0580304 0.364022 0.401466 0.0676934 0.0724762 0.0176671 
0.025382 0.0749871 0.448249 0.249131 0.0801672 0.0967983 0.0252853 
0.0325294 0.104303 0.363357 0.237458 0.0877262 0.144174 0.0304531 
0.0387497 0.137602 0.355054 0.147496 0.103728 0.182412 0.0349578 
0.0408116 0.176056 0.324027 0.141982 0.100984 0.178844 0.0372945 
0.0394047 0.229478 0.294771 0.118457 0.0705868 0.2152 0.0321033 
0.00940529 0.382326 0.0671566 0.0250219 0.0117822 0.500947 0.0033614 
3.07614E-5 0.991573 2.17373E-5 2.66585E-5 1.82164E-4 0.00806664 9.88208E-5 
2.19941E-6 0.998697 1.19367E-6 1.34525E-6 5.13888E-5 5.84288E-4 6.62857E-4 
0.0399305 0.916195 0.0019771 0.012256 0.00494548 0.0119025 0.0127936 
0.169866 0.774977 0.00304163 0.0186361 0.00258734 0.00830974 0.0225825 
0.174737 0.708201 0.00383591 0.095281 0.0043129 0.00241678 0.0112162 
0.165974 0.705223 0.00396121 0.104361 0.00460049 0.00203101 0.0138493 
0.170775 0.638682 0.00789072 0.123902 0.00508228 0.00393932 0.0497295 
0.111795 0.76171 0.00308892 0.0916753 0.0067788 0.00232358 0.022629 
0.102084 0.69805 0.00456734 0.16636 0.00510368 0.00262789 0.0212068 
0.098367 0.735764 0.00394119 0.11858 0.00587743 0.00332907 0.0341414 
0.0613717 0.854678 0.00270139 0.0253628 0.00500154 0.00488697 0.0459972 
0.0823154 0.777598 0.00783624 0.0346151 0.00617251 0.00747925 0.0839831 
0.123505 0.721052 0.00885949 0.0811068 0.00706387 0.00534817 0.0530644 
0.0683539 0.847605 0.00120323 0.0659861 0.0117904 0.00135591 0.00370588 
0.734101 0.00673584 0.179342 0.0396744 0.00208933 0.0182624 0.0197947 
0.670185 0.00751432 0.219388 0.0553469 0.00175038 0.0219331 0.0238816 
0.698357 0.00628881 0.206879 0.0371522 0.00179094 0.0237572 0.0257749 
0.687218 0.00748218 0.204105 0.048393 0.0016404 0.0258742 0.0252871 
0.674179 0.00959466 0.186666 0.0779381 0.00266022 0.0259792 0.0229823 
0.629321 0.0109551 0.191309 0.110852 0.00318399 0.0270407 0.027338 
0.595911 0.0128296 0.168901 0.151147 0.00424198 0.0323588 0.034611 
0.481692 0.017203 0.176038 0.244515 0.00617369 0.041566 0.0328125 
0.586167 0.0146743 0.176537 0.126148 0.00362341 0.05354 0.0393102 
0.621302 0.0113772 0.130035 0.199376 0.00298081 0.010938 0.0239914 
0.660806 0.00807088 0.0972878 0.205977 0.00201704 0.00328312 0.0225577 
0.724129 0.00771039 0.0999235 0.143937 0.00149474 0.00171659 0.0210888 
0.349635 0.00996663 0.144969 0.273256 0.00559005 0.00595517 0.210628 
0.245714 0.0076895 0.142578 0.479279 0.00482031 0.00458853 0.115331 
0.353813 0.0100123 0.155119 0.381375 0.00554489 0.00590574 0.0882296 
0.224744 0.0156938 0.213173 0.427135 0.00875761 0.0108524 0.0996449 
0.271525 0.0185358 0.222706 0.378815 0.0106039 0.0128987 0.0849155 
0.205235 0.0195021 0.241485 0.445902 0.0111165 0.0131697 0.0635901 
0.256699 0.0260883 0.28536 0.344054 0.0139453 0.0165287 0.0573258 
0.253529 0.0313728 0.366128 0.241269 0.0162912 0.0198691 0.0715408 
0.221556 0.0323858 0.34062 0.313939 0.0155683 0.0187475 0.0571837 
0.250057 0.0320254 0.328946 0.281427 0.015383 0.018752 0.0734095 
0.244691 0.0347047 0.331764 0.286843 0.0163654 0.0200975 0.065534 
0.332758 0.0292566 0.271862 0.267746 0.0121118 0.0159668 0.0702993 
0.296577 0.0319225 0.310541 0.241991 0.013429 0.0174024 0.0881374 
0.309616 0.0355957 0.298024 0.249571 0.0138946 0.0184038 0.0748937 
0.226849 0.0330289 0.270479 0.384685 0.0121073 0.0159459 0.0569057 
0.235813 0.0341171 0.282011 0.359687 0.0132776 0.0177627 0.0573316 
0.185994 0.032481 0.291458 0.414419 0.0124992 0.0160991 0.0470501 
0.16313 0.0266145 0.240662 0.50886 0.00970641 0.0124191 0.0386076 
0.174863 0.0274936 0.2334 0.502255 0.00939776 0.0123551 0.040235 
0.198417 0.0259509 0.218962 0.491921 0.00909714 0.0119538 0.0436973 
0.194134 0.0295955 0.264443 0.426313 0.0117381 0.0151288 0.0586472 
0.214061 0.0346431 0.276984 0.381235 0.0131426 0.0172401 0.0626936 
0.181976 0.0207745 0.193812 0.556989 0.00733227 0.00928467 0.0298319 
0.119818 0.0157717 0.169581 0.659728 0.00498309 0.00619558 0.023923 
0.156881 0.0189347 0.193388 0.580244 0.00646665 0.00831815 0.0357664 
0.144622 0.0143137 0.152094 0.655912 0.00431641 0.00555602 0.0231864 
0.173153 0.0162374 0.160256 0.618087 0.00466113 0.006277 0.0213287 
0.180384 0.0230794 0.20919 0.541326 0.00749343 0.00985525 0.0286721 
0.221896 0.0214471 0.18 0.541151 0.00585971 0.00748659 0.022159 
0.160525 0.0143139 0.118719 0.688417 0.00261107 0.00339878 0.0120151 
0.237906 0.0216572 0.167848 0.544064 0.00490072 0.0063487 0.0172751 
0.191165 0.0142835 0.113544 0.666489 0.00234766 0.00302415 0.0091476 
0.219397 0.0172413 0.132322 0.61018 0.00316097 0.00433022 0.013369 
0.165338 0.017939 0.159215 0.628697 0.00457251 0.0062241 0.018014 
0.186843 0.0169404 0.139741 0.633509 0.00370395 0.00522388 0.014039 
0.20776 0.0185118 0.156431 0.589645 0.00480406 0.00629285 0.0165551 
0.211596 0.0174055 0.144662 0.603563 0.00379188 0.00496425 0.0140173 
0.187462 0.0211698 0.160044 0.603958 0.0045231 0.00584889 0.0169942 
0.186653 0.0187083 0.147757 0.621459 0.00404716 0.00541146 0.0159645 
0.153304 0.0123334 0.0861189 0.734945 0.00152463 0.00208686 0.00968753 
0.13203 0.0138033 0.0975005 0.742828 0.00195914 0.00283407 0.00904535 
0.105598 0.0143454 0.108665 0.754275 0.00232313 0.00373003 0.0110638 
0.0923696 0.0129592 0.101244 0.779138 0.00198888 0.0029722 0.00932813 
0.100986 0.0127682 0.0898005 0.782775 0.0016661 0.00282087 0.00918315 
0.076664 0.0123508 0.0802439 0.819989 0.00126312 0.00200827 0.00748073 
0.140326 0.0157711 0.0748814 0.755772 0.00118957 0.00206969 0.00999039 
0.112963 0.0159957 0.0472293 0.817073 6.54778E-4 0.00144786 0.00463633 
0.166189 0.0118087 0.0405433 0.774708 6.44372E-4 0.00104841 0.00505783 
0.218366 0.0136772 0.0715933 0.68326 0.00119531 0.00203223 0.00987537 
0.161592 0.0142569 0.0637098 0.750532 9.70066E-4 0.00201811 0.0069213 
0.217941 0.0175673 0.0632701 0.690859 0.00100981 0.00194346 0.00740885 
0.204565 0.0187021 0.0366146 0.734482 6.48679E-4 9.44129E-4 0.00404408 
0.287866 0.0200758 0.0523174 0.630156 8.26241E-4 0.00150094 0.00725835 
0.291016 0.0320559 0.181659 0.432685 0.00700989 0.0134535 0.0421199 
0.30403 0.0261047 0.132129 0.510265 0.00322697 0.00553077 0.0187138 
0.157132 0.0135769 0.0576112 0.760816 8.43735E-4 0.0014684 0.00855159 
0.210131 0.0156605 0.0452997 0.720483 6.74236E-4 9.85874E-4 0.00676548 
0.0861126 0.00835128 0.0346146 0.864251 4.34308E-4 7.95196E-4 0.00544101 
0.312585 0.0133687 0.0882691 0.566019 0.00188734 0.00280076 0.0150701 
0.294637 0.0168634 0.13368 0.525723 0.00384367 0.0056164 0.0196375 
0.297055 0.0157653 0.120358 0.533275 0.00337977 0.00538817 0.0247795 
0.33911 0.015601 0.118482 0.494754 0.00322394 0.00502332 0.023806 
0.243024 0.0121617 0.0967005 0.624865 0.00228762 0.00325721 0.0177038 
0.345216 0.013816 0.0768944 0.543771 0.00150538 0.00279292 0.0160046 
0.37007 0.0172388 0.108603 0.476914 0.00277727 0.00488604 0.01951 
0.42458 0.0187524 0.142703 0.364764 0.00493849 0.00895545 0.0353063 
0.573728 0.012907 0.0980447 0.274197 0.00235365 0.00425728 0.0345127 
0.432093 0.0139449 0.0943993 0.435647 0.00207997 0.0035328 0.0183029 
0.642526 0.0186175 0.157049 0.131463 0.00321733 0.00915635 0.0379712 
0.77843 0.0113352 0.1073 0.0762995 0.00119769 0.00340661 0.0220309 
0.863481 0.0322212 0.0578789 0.00745867 8.17131E-4 0.00175133 0.0363913 
0.674673 0.00883505 0.200553 0.00941027 5.52525E-4 0.00192314 0.104053 
0.576716 0.0131548 0.143742 0.0367354 0.00134649 0.00414967 0.224156 
0.647793 0.0113651 0.0871607 0.184692 0.00151986 0.00385246 0.0636167 
0.759499 0.116655 0.0221408 0.0556441 0.00721664 0.0229559 0.0158881 
0.78013 0.0783977 0.0324908 0.0474551 0.00321069 0.0391283 0.0191878 
0.781363 0.0587274 0.0350852 0.0562976 0.00412627 0.0465876 0.0178134 
0.733779 0.0505279 0.0394333 0.0572996 0.00749018 0.0907247 0.0207454 
0.778113 0.0529514 0.0334732 0.0305585 0.00515561 0.0790611 0.0206873 
0.710913 0.0515589 0.0327322 0.058437 0.00565273 0.117567 0.0231392 
0.71693 0.0446273 0.0383349 0.0844048 0.00344692 0.0922239 0.0200318 
0.759407 0.038137 0.0350971 0.0654672 0.00413497 0.0778849 0.0198714 
0.783937 0.0421603 0.034728 0.06065 0.00479423 0.0559061 0.0178246 
0.817824 0.0367086 0.0277714 0.0673892 0.00790546 0.0282389 0.0141619 
