0.795811 0.00743614 0.0973665 0.0296143 0.0035817 0.00258105 0.0636098 
0.774896 0.00698083 0.105781 0.0198092 0.00250386 0.0028511 0.0871777 
0.810733 0.00771958 0.092113 0.0300762 0.00337847 0.00242618 0.053554 
0.828867 0.00959755 0.0761034 0.0355361 0.0046673 0.00200204 0.0432268 
0.840282 0.00836914 0.0812416 0.0157824 0.00305255 0.00194508 0.049327 
0.847793 0.00824862 0.0765444 0.0178924 0.00289835 0.00204351 0.04458 
0.834584 0.0077189 0.0826021 0.0202503 0.00212037 0.00259017 0.050134 
0.815899 0.00747941 0.0870149 0.0191415 0.00187839 0.0029246 0.0656621 
0.819663 0.00766413 0.0819581 0.0258037 0.00215226 0.00208229 0.0606766 
0.844831 0.00922585 0.070094 0.0263617 0.00244046 0.00210774 0.0449395 
0.832098 0.0091031 0.0748081 0.01285 0.00203268 0.00336183 0.065746 
0.838034 0.00912208 0.077711 0.0132132 0.00253364 0.00253967 0.0568468 
0.851488 0.00901702 0.0716851 0.0147662 0.00291006 0.00262595 0.0475077 
0.845438 0.00904484 0.0786397 0.0180512 0.00198477 0.00227777 0.0445639 
0.834878 0.00933834 0.0779086 0.017477 0.00212813 0.0021452 0.0561246 
0.859436 0.0100857 0.0642659 0.0210604 0.00293951 0.00209765 0.0401144 
0.847869 0.00968894 0.0682257 0.0208974 0.00233426 0.00253115 0.048453 
0.826134 0.00834821 0.0762368 0.0138055 0.00204694 0.00246399 0.0709648 
0.84645 0.00839822 0.0682577 0.0199269 0.00261787 0.00293355 0.0514153 
0.8183 0.00778285 0.0793801 0.0143549 0.00200732 0.00317575 0.0749993 
0.834138 0.00805211 0.0744933 0.0207591 0.00205515 0.0027937 0.0577087 
0.845033 0.00839824 0.0745844 0.019027 0.00253798 0.0025072 0.0479122 
0.845504 0.00915288 0.0725178 0.0167833 0.00263709 0.00306475 0.0503404 
0.843108 0.0112812 0.071458 0.00644949 0.00265007 0.00499902 0.0600539 
0.831577 0.0104691 0.0777819 0.00758206 0.00335149 0.00451744 0.0647209 
0.798055 0.00932552 0.0846254 0.00659282 0.00204196 0.00510697 0.094252 
0.801679 0.00807731 0.0921091 0.00771178 0.00146923 0.00444946 0.0845039 
0.80846 0.0103968 0.0884486 0.0110415 0.00142048 0.00338851 0.0768444 
0.837466 0.0120625 0.0761398 0.0149816 0.00222294 0.00245156 0.0546754 
0.846732 0.0123787 0.0732175 0.0209286 0.00212732 0.00234302 0.0422733 
0.843156 0.0116721 0.0747447 0.0265651 0.00197761 0.00241922 0.0394654 
0.850568 0.0112872 0.0712479 0.0210441 0.00217982 0.0019644 0.0417087 
0.856876 0.0117346 0.0721151 0.0190039 0.00191184 0.00227821 0.0360806 
0.869106 0.0123651 0.0627957 0.0212519 0.00200804 0.00227402 0.0301995 
0.853079 0.0114208 0.0715309 0.0257659 0.00180351 0.00263163 0.0337685 
0.862625 0.0154412 0.0603619 0.0279678 0.00251359 0.00215728 0.0289328 
0.864942 0.01532 0.0626853 0.0250139 0.00239533 0.00234202 0.0273014 
0.873428 0.0182765 0.0537157 0.0227549 0.00280895 0.00254752 0.0264682 
0.874876 0.0179508 0.0521683 0.0229633 0.00249507 0.00244983 0.0270962 
0.876195 0.0180531 0.0498245 0.0254565 0.00259318 0.00230535 0.0255719 
0.878444 0.0175112 0.0497158 0.024858 0.00202988 0.00227564 0.0251654 
0.877634 0.018617 0.0508831 0.0272819 0.00179194 0.00220517 0.0215871 
0.879417 0.0202693 0.0509761 0.0226554 0.00184434 0.00214683 0.0226911 
0.878123 0.0188808 0.0491397 0.0209384 0.00190242 0.00282941 0.028186 
0.876054 0.02177 0.0462787 0.0216579 0.00209594 0.00281107 0.0293323 
0.870891 0.0216043 0.0512266 0.0185803 0.00206641 0.00248558 0.0331455 
0.869508 0.0245791 0.0474489 0.0173864 0.002746 0.00220872 0.036123 
0.845564 0.0273497 0.0534409 0.0114831 0.00226254 0.00305508 0.0568446 
0.860534 0.0260957 0.0478084 0.015091 0.00300399 0.00300025 0.0444666 
0.856779 0.0284033 0.046861 0.010749 0.00384486 0.0028358 0.0505274 
0.861227 0.0394446 0.0403819 0.010983 0.00503362 0.00375678 0.0391732 
0.860627 0.039596 0.0430013 0.0108651 0.00597645 0.00356587 0.036368 
0.848592 0.0375636 0.0490403 0.0144985 0.00527569 0.00245861 0.0425718 
0.814088 0.0132897 0.0821562 0.0158476 0.0021078 0.00230879 0.0702014 
0.846224 0.0137657 0.0674591 0.0148403 0.00256525 0.00234479 0.0528005 
0.804456 0.00613988 0.0778315 0.00945884 0.00146172 0.0029982 0.0976539 
0.846102 0.00652072 0.0644836 0.0172605 0.00161049 0.00220689 0.0618159 
0.819799 0.00581187 0.0725096 0.0112491 0.00127149 0.00316538 0.0861933 
0.831552 0.00661892 0.0631332 0.0413074 0.0022008 0.0024149 0.0527724 
0.81381 0.00565009 0.0735158 0.0260392 0.00144856 0.00285654 0.07668 
0.824528 0.00688014 0.0709821 0.0142419 0.00114734 0.0027673 0.0794534 
0.838156 0.00720556 0.0652191 0.0209412 0.00129239 0.00237305 0.0648131 
0.860455 0.00781112 0.0567699 0.0163881 0.00142647 0.00242563 0.0547239 
0.868556 0.00865649 0.0513729 0.0240223 0.00160604 0.0022075 0.0435791 
0.850573 0.00766939 0.0569538 0.0276605 0.00137643 0.00305492 0.0527115 
0.866313 0.00955291 0.0512549 0.0302442 0.00151768 0.00238182 0.0387351 
0.851634 0.00759365 0.0556494 0.0349803 0.00151272 0.00251783 0.0461117 
0.854005 0.00873406 0.0522846 0.0290702 0.00173276 0.00298481 0.0511887 
0.832806 0.00876156 0.0655705 0.0201833 0.00107681 0.00439523 0.0672068 
0.84351 0.0108528 0.064073 0.00964662 0.00135938 0.00473096 0.0658277 
0.838819 0.00923798 0.0687576 0.00876361 0.00176665 0.0051209 0.0675347 
0.829469 0.00764876 0.0813868 0.0148856 0.00107269 0.00409669 0.0614409 
0.848963 0.011198 0.0684391 0.0223866 0.00119297 0.00259785 0.0452225 
0.846909 0.013394 0.0582529 0.00528421 0.00148221 0.0076642 0.0670139 
0.858319 0.016361 0.0554666 0.006109 0.00220901 0.00594887 0.0555864 
0.859854 0.0122315 0.0600596 0.0122909 0.00192435 0.00466831 0.0489714 
0.861443 0.0116566 0.0572693 0.0217127 0.00207807 0.00346043 0.0423797 
0.841669 0.00865754 0.0773537 0.0245936 0.00115246 0.00357406 0.0429996 
0.848108 0.00975169 0.0685238 0.0312621 0.00145649 0.00343136 0.0374663 
0.833787 0.009599 0.0676889 0.0282193 0.00127192 0.00460015 0.054834 
0.880208 0.013561 0.0467485 0.027057 0.00187496 0.00259724 0.0279536 
0.881139 0.0155298 0.0433966 0.0285172 0.00206268 0.00262309 0.0267319 
0.864069 0.0162961 0.0407906 0.0436329 0.00281796 0.00226879 0.0301245 
0.868371 0.0177961 0.0352405 0.0390574 0.00320292 0.00199577 0.0343358 
0.865889 0.019607 0.0361257 0.0432236 0.00281096 0.00213205 0.0302116 
0.859359 0.0198149 0.035743 0.0550295 0.00302672 0.00199508 0.0250322 
0.861246 0.0200125 0.0331194 0.0550853 0.00298451 0.00189779 0.0256545 
0.843779 0.0212378 0.0334369 0.0686248 0.0032029 0.00194694 0.0277713 
0.842642 0.0201327 0.0391214 0.0655828 0.00247425 0.00143402 0.0286128 
0.743918 0.0270586 0.0318698 0.108706 0.00504121 0.00111356 0.0822931 
0.740809 0.0327262 0.0259425 0.103113 0.00688246 0.00138553 0.0891416 
0.703213 0.0418769 0.0301071 0.11475 0.00514743 0.00176337 0.103142 
0.616212 0.0617601 0.0311482 0.164283 0.00816437 0.00319032 0.115243 
0.578501 0.0582908 0.0390214 0.169146 0.00849955 0.00418774 0.142354 
0.612761 0.0511412 0.0304494 0.194917 0.00718241 0.00264694 0.100902 
0.538482 0.0611208 0.0370891 0.190347 0.012782 0.00511437 0.155064 
0.405902 0.0663154 0.0398913 0.246451 0.0172798 0.00746926 0.216691 
0.306164 0.0736468 0.0429287 0.194215 0.0235481 0.00867876 0.350819 
0.294523 0.0826756 0.0418667 0.196055 0.0256547 0.00906913 0.350156 
0.312477 0.0874565 0.0419793 0.183673 0.0237487 0.00885871 0.341806 
0.804456 0.00613988 0.0778315 0.00945884 0.00146172 0.0029982 0.0976539 
0.846102 0.00652072 0.0644836 0.0172605 0.00161049 0.00220689 0.0618159 
0.819799 0.00581187 0.0725096 0.0112491 0.00127149 0.00316538 0.0861933 
0.831552 0.00661892 0.0631332 0.0413074 0.0022008 0.0024149 0.0527724 
0.81381 0.00565009 0.0735158 0.0260392 0.00144856 0.00285654 0.07668 
0.824528 0.00688014 0.0709821 0.0142419 0.00114734 0.0027673 0.0794534 
0.838156 0.00720556 0.0652191 0.0209412 0.00129239 0.00237305 0.0648131 
0.860455 0.00781112 0.0567699 0.0163881 0.00142647 0.00242563 0.0547239 
0.868556 0.00865649 0.0513729 0.0240223 0.00160604 0.0022075 0.0435791 
0.850573 0.00766939 0.0569538 0.0276605 0.00137643 0.00305492 0.0527115 
0.866313 0.00955291 0.0512549 0.0302442 0.00151768 0.00238182 0.0387351 
0.851634 0.00759365 0.0556494 0.0349803 0.00151272 0.00251783 0.0461117 
0.854005 0.00873406 0.0522846 0.0290702 0.00173276 0.00298481 0.0511887 
0.832806 0.00876156 0.0655705 0.0201833 0.00107681 0.00439523 0.0672068 
0.84351 0.0108528 0.064073 0.00964662 0.00135938 0.00473096 0.0658277 
0.838819 0.00923798 0.0687576 0.00876361 0.00176665 0.0051209 0.0675347 
0.829469 0.00764876 0.0813868 0.0148856 0.00107269 0.00409669 0.0614409 
0.848963 0.011198 0.0684391 0.0223866 0.00119297 0.00259785 0.0452225 
0.846909 0.013394 0.0582529 0.00528421 0.00148221 0.0076642 0.0670139 
0.858319 0.016361 0.0554666 0.006109 0.00220901 0.00594887 0.0555864 
0.859854 0.0122315 0.0600596 0.0122909 0.00192435 0.00466831 0.0489714 
0.861443 0.0116566 0.0572693 0.0217127 0.00207807 0.00346043 0.0423797 
0.841669 0.00865754 0.0773537 0.0245936 0.00115246 0.00357406 0.0429996 
0.848108 0.00975169 0.0685238 0.0312621 0.00145649 0.00343136 0.0374663 
0.833787 0.009599 0.0676889 0.0282193 0.00127192 0.00460015 0.054834 
0.880208 0.013561 0.0467485 0.027057 0.00187496 0.00259724 0.0279536 
0.881139 0.0155298 0.0433966 0.0285172 0.00206268 0.00262309 0.0267319 
0.864069 0.0162961 0.0407906 0.0436329 0.00281796 0.00226879 0.0301245 
0.868371 0.0177961 0.0352405 0.0390574 0.00320292 0.00199577 0.0343358 
0.865889 0.019607 0.0361257 0.0432236 0.00281096 0.00213205 0.0302116 
0.859359 0.0198149 0.035743 0.0550295 0.00302672 0.00199508 0.0250322 
0.861246 0.0200125 0.0331194 0.0550853 0.00298451 0.00189779 0.0256545 
0.843779 0.0212378 0.0334369 0.0686248 0.0032029 0.00194694 0.0277713 
0.842642 0.0201327 0.0391214 0.0655828 0.00247425 0.00143402 0.0286128 
0.743918 0.0270586 0.0318698 0.108706 0.00504121 0.00111356 0.0822931 
0.740809 0.0327262 0.0259425 0.103113 0.00688246 0.00138553 0.0891416 
0.703213 0.0418769 0.0301071 0.11475 0.00514743 0.00176337 0.103142 
0.616212 0.0617601 0.0311482 0.164283 0.00816437 0.00319032 0.115243 
0.578501 0.0582908 0.0390214 0.169146 0.00849955 0.00418774 0.142354 
0.612761 0.0511412 0.0304494 0.194917 0.00718241 0.00264694 0.100902 
0.538482 0.0611208 0.0370891 0.190347 0.012782 0.00511437 0.155064 
0.405902 0.0663154 0.0398913 0.246451 0.0172798 0.00746926 0.216691 
0.306164 0.0736468 0.0429287 0.194215 0.0235481 0.00867876 0.350819 
0.294523 0.0826756 0.0418667 0.196055 0.0256547 0.00906913 0.350156 
0.312477 0.0874565 0.0419793 0.183673 0.0237487 0.00885871 0.341806 
0.548812 0.0446124 0.0370502 0.042615 0.00747797 0.0020924 0.31734 
0.591113 0.046877 0.0357285 0.0642854 0.00812552 0.00198109 0.251889 
0.657781 0.0492733 0.0303688 0.0586441 0.00774872 0.00176481 0.19442 
0.622176 0.0447019 0.0354987 0.0583639 0.00649966 0.0018346 0.230925 
0.576262 0.0457754 0.0374222 0.0612672 0.0068774 0.00203223 0.270364 
0.550498 0.0460912 0.0369426 0.0536898 0.0077792 0.00207029 0.302929 
0.481959 0.0432613 0.0422985 0.0473181 0.00778177 0.0021925 0.375188 
0.517202 0.0408053 0.0429354 0.05022 0.00796377 0.00206119 0.338812 
0.534114 0.0393894 0.0379772 0.0480307 0.00875044 0.0019676 0.329771 
0.44363 0.0347069 0.0422642 0.0479063 0.0114084 0.00219564 0.417888 
0.500037 0.0436078 0.0358447 0.0575028 0.0200349 0.00236781 0.340605 
0.438462 0.0391483 0.044778 0.0493589 0.0113528 0.00223952 0.414661 
0.459707 0.0387313 0.043385 0.0533267 0.0139657 0.00219924 0.388685 
0.510169 0.0370789 0.0444321 0.0586603 0.0101936 0.00207062 0.337395 
0.508113 0.0446213 0.0376356 0.0449202 0.0122597 0.00207854 0.350372 
0.575485 0.0389705 0.0408872 0.0672961 0.00651984 0.00204552 0.268796 
0.635408 0.0518656 0.0311824 0.0542252 0.00850513 0.00176325 0.217051 
0.592892 0.0431129 0.0371561 0.0520944 0.00782778 0.00185823 0.265058 
0.594057 0.0440533 0.0358212 0.0602163 0.00824167 0.00186752 0.255743 
0.599975 0.0466215 0.0355729 0.0560508 0.00831398 0.00188488 0.251581 
0.603649 0.0436085 0.0346793 0.0508534 0.00809944 0.00188256 0.257228 
0.652386 0.0448986 0.0321809 0.0612129 0.00776347 0.00169686 0.199861 
0.636067 0.0319609 0.0368933 0.0506656 0.00734593 0.00169947 0.235367 
0.54313 0.0345568 0.0405155 0.0688755 0.0128342 0.00213772 0.29795 
0.550302 0.0425952 0.0354402 0.0503323 0.0161436 0.00191621 0.30327 
0.540064 0.0387926 0.0387379 0.050352 0.0128598 0.00194515 0.317249 
0.593374 0.0337405 0.0355207 0.0515786 0.0122194 0.00175829 0.271809 
0.679255 0.0360904 0.0307455 0.0551262 0.0109951 0.00151607 0.186272 
0.623366 0.0412468 0.0340326 0.0577653 0.00982741 0.00171813 0.232044 
0.532135 0.0389638 0.0400263 0.0666889 0.00920902 0.00198397 0.310993 
0.548812 0.0446124 0.0370502 0.042615 0.00747797 0.0020924 0.31734 
0.591113 0.046877 0.0357285 0.0642854 0.00812552 0.00198109 0.251889 
0.657781 0.0492733 0.0303688 0.0586441 0.00774872 0.00176481 0.19442 
0.622176 0.0447019 0.0354987 0.0583639 0.00649966 0.0018346 0.230925 
0.576262 0.0457754 0.0374222 0.0612672 0.0068774 0.00203223 0.270364 
0.550498 0.0460912 0.0369426 0.0536898 0.0077792 0.00207029 0.302929 
0.481959 0.0432613 0.0422985 0.0473181 0.00778177 0.0021925 0.375188 
0.517202 0.0408053 0.0429354 0.05022 0.00796377 0.00206119 0.338812 
0.534114 0.0393894 0.0379772 0.0480307 0.00875044 0.0019676 0.329771 
0.44363 0.0347069 0.0422642 0.0479063 0.0114084 0.00219564 0.417888 
0.500037 0.0436078 0.0358447 0.0575028 0.0200349 0.00236781 0.340605 
0.438462 0.0391483 0.044778 0.0493589 0.0113528 0.00223952 0.414661 
0.459707 0.0387313 0.043385 0.0533267 0.0139657 0.00219924 0.388685 
0.510169 0.0370789 0.0444321 0.0586603 0.0101936 0.00207062 0.337395 
0.508113 0.0446213 0.0376356 0.0449202 0.0122597 0.00207854 0.350372 
0.575485 0.0389705 0.0408872 0.0672961 0.00651984 0.00204552 0.268796 
0.635408 0.0518656 0.0311824 0.0542252 0.00850513 0.00176325 0.217051 
0.592892 0.0431129 0.0371561 0.0520944 0.00782778 0.00185823 0.265058 
0.594057 0.0440533 0.0358212 0.0602163 0.00824167 0.00186752 0.255743 
0.599975 0.0466215 0.0355729 0.0560508 0.00831398 0.00188488 0.251581 
0.603649 0.0436085 0.0346793 0.0508534 0.00809944 0.00188256 0.257228 
0.652386 0.0448986 0.0321809 0.0612129 0.00776347 0.00169686 0.199861 
0.636067 0.0319609 0.0368933 0.0506656 0.00734593 0.00169947 0.235367 
0.54313 0.0345568 0.0405155 0.0688755 0.0128342 0.00213772 0.29795 
0.550302 0.0425952 0.0354402 0.0503323 0.0161436 0.00191621 0.30327 
0.540064 0.0387926 0.0387379 0.050352 0.0128598 0.00194515 0.317249 
0.593374 0.0337405 0.0355207 0.0515786 0.0122194 0.00175829 0.271809 
0.679255 0.0360904 0.0307455 0.0551262 0.0109951 0.00151607 0.186272 
0.623366 0.0412468 0.0340326 0.0577653 0.00982741 0.00171813 0.232044 
0.532135 0.0389638 0.0400263 0.0666889 0.00920902 0.00198397 0.310993 
0.615945 0.272583 0.00904699 0.025138 0.0293346 0.0052752 0.0426773 
0.617906 0.270182 0.0109374 0.0187317 0.0184882 0.00552447 0.0582299 
0.641106 0.246531 0.0095131 0.0403817 0.0286299 0.00478936 0.0290494 
0.638504 0.261212 0.00976887 0.0293148 0.0205054 0.0057683 0.0349271 
0.624542 0.267103 0.00840955 0.0316693 0.0369402 0.00510528 0.0262304 
0.649087 0.254158 0.0103064 0.0225304 0.0192736 0.00658229 0.0380619 
0.606567 0.273856 0.00846851 0.0337961 0.0408966 0.00502503 0.0313911 
0.590052 0.297464 0.00815784 0.0352801 0.0350164 0.00466928 0.0293608 
0.60019 0.282539 0.00823862 0.0398138 0.0400478 0.00405532 0.0251157 
0.616158 0.287292 0.00848692 0.0336954 0.0255224 0.00446312 0.0243828 
0.577092 0.321693 0.00765704 0.0308246 0.0359438 0.004427 0.0223628 
0.519884 0.330917 0.00669162 0.043075 0.0727173 0.00385933 0.0228556 
0.546345 0.321307 0.00708731 0.0384531 0.0580023 0.00423446 0.0245704 
0.53733 0.332514 0.00714374 0.0360052 0.0537911 0.00415808 0.0290576 
0.513699 0.353505 0.0069773 0.0336457 0.0584804 0.00408104 0.0296113 
0.503958 0.359225 0.00677055 0.0339115 0.0617707 0.00434125 0.0300234 
0.489365 0.368383 0.00635447 0.0343158 0.0724474 0.00429307 0.024841 
0.525215 0.332232 0.00734316 0.0443599 0.0621463 0.00369918 0.025004 
0.550497 0.296382 0.00710761 0.0506632 0.0691765 0.00372008 0.0224533 
0.545693 0.320549 0.00690425 0.0424143 0.0571712 0.0043915 0.0228764 
0.570129 0.304661 0.0061991 0.0450456 0.0509274 0.00414248 0.0188961 
0.594122 0.301146 0.00751977 0.0384628 0.0308789 0.00435043 0.0235199 
0.554183 0.326438 0.00701546 0.0391419 0.0440585 0.00420221 0.024961 
0.596443 0.28959 0.00770862 0.0413287 0.0366951 0.00422067 0.0240134 
0.619685 0.260355 0.00788349 0.0480541 0.0395816 0.00379271 0.0206486 
0.628383 0.262656 0.008481 0.0388205 0.0362849 0.00389614 0.0214787 
0.663035 0.225259 0.00969202 0.0486379 0.0283008 0.00415235 0.0209232 
0.648144 0.2338 0.0090683 0.0486923 0.0346952 0.00417491 0.0214249 
0.602346 0.292575 0.0090619 0.038329 0.0268336 0.00429271 0.0265623 
0.574843 0.310193 0.00802152 0.0401828 0.0377842 0.00391688 0.025058 
0.602503 0.275622 0.00878156 0.0460702 0.0390657 0.00407995 0.0238772 
0.681607 0.0707586 0.0138643 0.187328 0.00778732 0.00109924 0.0375553 
0.713538 0.0519491 0.0146758 0.172596 0.00741542 9.95582E-4 0.0388297 
0.698102 0.0524881 0.0161296 0.181294 0.00527778 0.00117071 0.0455379 
0.722265 0.0483035 0.0165121 0.150462 0.00644697 0.00120911 0.0548015 
0.709325 0.0542306 0.0167079 0.150541 0.00647448 0.00120957 0.0615107 
0.667432 0.0489104 0.018743 0.203798 0.00537765 9.28588E-4 0.05481 
0.703728 0.0436112 0.018707 0.162075 0.0057096 0.00110141 0.0650678 
0.721343 0.0456051 0.0183646 0.138138 0.00684369 0.00114043 0.0685661 
0.71983 0.0420789 0.0191288 0.141757 0.00592685 0.00115452 0.0701233 
0.723301 0.0442167 0.017845 0.129649 0.00859076 0.00124027 0.0751573 
0.744749 0.0401073 0.0166869 0.133751 0.00799013 0.00108309 0.0556327 
0.761792 0.0405007 0.0154548 0.118503 0.00902625 0.00114796 0.0535747 
0.742073 0.0416761 0.0139324 0.147241 0.0106911 0.00110105 0.0432862 
0.749581 0.036895 0.0142362 0.13916 0.0136922 0.00103286 0.0454033 
0.782456 0.0322467 0.0166731 0.108736 0.00788257 0.00106833 0.0509373 
0.745632 0.0348653 0.0204522 0.110314 0.00687436 0.00122918 0.0806335 
0.759249 0.0428978 0.0204004 0.105273 0.00416564 0.00132589 0.0666882 
0.710244 0.0446077 0.0252964 0.0886512 0.00469532 0.00182136 0.124684 
0.704427 0.0475776 0.0248534 0.0837147 0.00656188 0.00167496 0.131191 
0.628226 0.045913 0.0295285 0.0656621 0.00670114 0.00196239 0.222006 
0.66199 0.0525436 0.0281481 0.0851404 0.00754035 0.00196773 0.16267 
0.680853 0.0379105 0.0306563 0.0938546 0.00540965 0.00172163 0.149595 
0.68805 0.0406692 0.0282701 0.0922959 0.0064673 0.00179416 0.142454 
0.681726 0.0413442 0.0274793 0.0741163 0.00814776 0.00177573 0.165411 
0.667595 0.0389971 0.0277106 0.0838435 0.00889111 0.00184028 0.171123 
0.600299 0.0436292 0.0309542 0.0848852 0.0103816 0.00212297 0.227728 
0.745301 0.0341455 0.0221291 0.0886827 0.00663616 0.0013767 0.101729 
0.706546 0.029624 0.0282027 0.103123 0.00534186 0.00158016 0.125583 
0.736843 0.0334642 0.0239876 0.100696 0.00680968 0.00139816 0.0968015 
0.699614 0.0253613 0.0326202 0.0794165 0.00490752 0.0016331 0.156447 
0.616952 0.0309725 0.0418677 0.0574012 0.00512252 0.00185848 0.245825 
0.643703 0.0340216 0.0367255 0.0392444 0.00535198 0.00179998 0.239154 
0.663113 0.0466252 0.0266444 0.0112857 0.00628125 0.00397916 0.242072 
0.647258 0.0432119 0.0310919 0.0098989 0.00582637 0.00338739 0.259325 
0.619696 0.0420619 0.0310314 0.0112914 0.00640783 0.00318714 0.286325 
0.635429 0.0335057 0.0374459 0.00760354 0.00228172 0.00416914 0.279565 
0.633364 0.0357744 0.0288767 0.00579527 0.00405118 0.00791023 0.284228 
0.787028 0.039903 0.0257286 0.00753703 0.00195902 0.00525437 0.13259 
0.755512 0.0225193 0.035268 0.0255673 0.00171689 0.00320425 0.156212 
0.739359 0.0207657 0.0375509 0.0477799 0.00201318 0.00236 0.150172 
0.782503 0.0240351 0.0308868 0.0459576 0.00225282 0.00239692 0.111968 
0.815098 0.044398 0.0201474 0.020836 0.00464869 0.00268124 0.0921908 
0.805935 0.035104 0.0239949 0.028662 0.00381834 0.00260203 0.0998833 
0.831845 0.02481 0.0303233 0.0447046 0.00195734 0.0020278 0.0643323 
0.822253 0.0300369 0.0291771 0.0471711 0.00246489 0.00178044 0.0671168 
0.836317 0.0373461 0.0254093 0.0471587 0.00243953 0.0019373 0.0493916 
0.821552 0.036831 0.0283566 0.0633583 0.00226098 0.00167193 0.0459691 
0.840289 0.039042 0.0223462 0.0593817 0.00268955 0.00201213 0.0342394 
0.824091 0.0377656 0.0222617 0.0621136 0.00288866 0.00233376 0.0485455 
0.825204 0.0422403 0.0203425 0.0533463 0.00331697 0.00262256 0.0529269 
0.814151 0.0445195 0.0177232 0.0790137 0.00449184 0.00195723 0.0381434 
0.781234 0.0511257 0.017728 0.104239 0.00372223 0.00222499 0.0397265 
0.808725 0.0736721 0.0136461 0.0659557 0.00522732 0.00240829 0.0303649 
0.8111 0.0639113 0.0154206 0.0753331 0.0037873 0.0021663 0.0282815 
0.801937 0.0613996 0.0181639 0.084746 0.00283048 0.00212589 0.0287973 
0.810449 0.0616334 0.018144 0.0732508 0.00294305 0.00237355 0.0312066 
0.815202 0.057833 0.0168485 0.0704878 0.00354019 0.00208161 0.0340068 
0.793454 0.0505443 0.0218022 0.0826393 0.00251535 0.00235579 0.0466891 
0.781329 0.0539997 0.0181147 0.0989171 0.0036147 0.00197756 0.0420474 
0.781081 0.0567898 0.0207758 0.0972708 0.00296206 0.00179111 0.0393293 
0.790008 0.0642374 0.0189784 0.0805336 0.00348027 0.00181995 0.0409421 
0.773817 0.0756064 0.0179673 0.0783779 0.00384008 0.00190201 0.0484898 
0.76648 0.081004 0.0179789 0.07148 0.00408541 0.00208136 0.0568907 
0.732005 0.0759015 0.0191222 0.0935782 0.00453208 0.00190285 0.0729579 
0.681607 0.0707586 0.0138643 0.187328 0.00778732 0.00109924 0.0375553 
0.713538 0.0519491 0.0146758 0.172596 0.00741542 9.95582E-4 0.0388297 
0.698102 0.0524881 0.0161296 0.181294 0.00527778 0.00117071 0.0455379 
0.722265 0.0483035 0.0165121 0.150462 0.00644697 0.00120911 0.0548015 
0.709325 0.0542306 0.0167079 0.150541 0.00647448 0.00120957 0.0615107 
0.667432 0.0489104 0.018743 0.203798 0.00537765 9.28588E-4 0.05481 
0.703728 0.0436112 0.018707 0.162075 0.0057096 0.00110141 0.0650678 
0.721343 0.0456051 0.0183646 0.138138 0.00684369 0.00114043 0.0685661 
0.71983 0.0420789 0.0191288 0.141757 0.00592685 0.00115452 0.0701233 
0.723301 0.0442167 0.017845 0.129649 0.00859076 0.00124027 0.0751573 
0.744749 0.0401073 0.0166869 0.133751 0.00799013 0.00108309 0.0556327 
0.761792 0.0405007 0.0154548 0.118503 0.00902625 0.00114796 0.0535747 
0.742073 0.0416761 0.0139324 0.147241 0.0106911 0.00110105 0.0432862 
0.749581 0.036895 0.0142362 0.13916 0.0136922 0.00103286 0.0454033 
0.782456 0.0322467 0.0166731 0.108736 0.00788257 0.00106833 0.0509373 
0.745632 0.0348653 0.0204522 0.110314 0.00687436 0.00122918 0.0806335 
0.759249 0.0428978 0.0204004 0.105273 0.00416564 0.00132589 0.0666882 
0.710244 0.0446077 0.0252964 0.0886512 0.00469532 0.00182136 0.124684 
0.704427 0.0475776 0.0248534 0.0837147 0.00656188 0.00167496 0.131191 
0.628226 0.045913 0.0295285 0.0656621 0.00670114 0.00196239 0.222006 
0.66199 0.0525436 0.0281481 0.0851404 0.00754035 0.00196773 0.16267 
0.680853 0.0379105 0.0306563 0.0938546 0.00540965 0.00172163 0.149595 
0.68805 0.0406692 0.0282701 0.0922959 0.0064673 0.00179416 0.142454 
0.681726 0.0413442 0.0274793 0.0741163 0.00814776 0.00177573 0.165411 
0.667595 0.0389971 0.0277106 0.0838435 0.00889111 0.00184028 0.171123 
0.600299 0.0436292 0.0309542 0.0848852 0.0103816 0.00212297 0.227728 
0.745301 0.0341455 0.0221291 0.0886827 0.00663616 0.0013767 0.101729 
0.706546 0.029624 0.0282027 0.103123 0.00534186 0.00158016 0.125583 
0.736843 0.0334642 0.0239876 0.100696 0.00680968 0.00139816 0.0968015 
0.699614 0.0253613 0.0326202 0.0794165 0.00490752 0.0016331 0.156447 
0.616952 0.0309725 0.0418677 0.0574012 0.00512252 0.00185848 0.245825 
0.643703 0.0340216 0.0367255 0.0392444 0.00535198 0.00179998 0.239154 
0.663113 0.0466252 0.0266444 0.0112857 0.00628125 0.00397916 0.242072 
0.647258 0.0432119 0.0310919 0.0098989 0.00582637 0.00338739 0.259325 
0.619696 0.0420619 0.0310314 0.0112914 0.00640783 0.00318714 0.286325 
0.635429 0.0335057 0.0374459 0.00760354 0.00228172 0.00416914 0.279565 
0.633364 0.0357744 0.0288767 0.00579527 0.00405118 0.00791023 0.284228 
0.787028 0.039903 0.0257286 0.00753703 0.00195902 0.00525437 0.13259 
0.755512 0.0225193 0.035268 0.0255673 0.00171689 0.00320425 0.156212 
0.739359 0.0207657 0.0375509 0.0477799 0.00201318 0.00236 0.150172 
0.782503 0.0240351 0.0308868 0.0459576 0.00225282 0.00239692 0.111968 
0.815098 0.044398 0.0201474 0.020836 0.00464869 0.00268124 0.0921908 
0.805935 0.035104 0.0239949 0.028662 0.00381834 0.00260203 0.0998833 
0.831845 0.02481 0.0303233 0.0447046 0.00195734 0.0020278 0.0643323 
0.822253 0.0300369 0.0291771 0.0471711 0.00246489 0.00178044 0.0671168 
0.836317 0.0373461 0.0254093 0.0471587 0.00243953 0.0019373 0.0493916 
0.821552 0.036831 0.0283566 0.0633583 0.00226098 0.00167193 0.0459691 
0.840289 0.039042 0.0223462 0.0593817 0.00268955 0.00201213 0.0342394 
0.824091 0.0377656 0.0222617 0.0621136 0.00288866 0.00233376 0.0485455 
0.825204 0.0422403 0.0203425 0.0533463 0.00331697 0.00262256 0.0529269 
0.715754 0.0188456 0.0216632 0.200491 0.00496561 6.66482E-4 0.0376151 
0.665745 0.0325297 0.0332978 0.0942551 0.00831828 0.00169514 0.164159 
0.707855 0.035414 0.0350313 0.0745687 0.00425285 0.00150243 0.141376 
0.574232 0.0404988 0.0430668 0.0609149 0.00616913 0.00181982 0.273299 
0.521576 0.0467526 0.046008 0.042029 0.00541225 0.0019273 0.336295 
0.658546 0.036348 0.0306964 0.0724405 0.0123397 0.00160997 0.18802 
0.669619 0.0427901 0.0332479 0.043496 0.00873221 0.00160927 0.200505 
0.730926 0.0416123 0.0284153 0.0526366 0.0117667 0.00139698 0.133246 
0.735162 0.0393983 0.0239215 0.0661119 0.0150052 0.00142582 0.118975 
0.679739 0.0388788 0.0351361 0.0401617 0.00978461 0.00146184 0.194838 
0.785713 0.0219553 0.0251313 0.0739591 0.00942514 0.00103666 0.0827795 
0.655502 0.026004 0.0394438 0.0667353 0.00786192 0.00167477 0.202778 
0.648779 0.0329176 0.0363412 0.0553303 0.00755806 0.00155223 0.217521 
0.66221 0.0311635 0.0290406 0.135981 0.00856523 0.00167267 0.131367 
0.654573 0.0338254 0.0413615 0.0612389 0.00484334 0.00167192 0.202486 
0.699591 0.0248061 0.0293151 0.145828 0.00601745 0.00119804 0.0932446 
0.642911 0.0261102 0.0477579 0.102728 0.00501793 0.00183607 0.173639 
0.696318 0.0298763 0.0386948 0.110506 0.00487336 0.00142647 0.118305 
0.789513 0.0256566 0.0227993 0.102217 0.00575564 8.51816E-4 0.0532068 
0.706676 0.0240219 0.0416576 0.0901531 0.00344602 0.00142646 0.132619 
0.732065 0.0240271 0.0324706 0.11361 0.00350007 0.00116501 0.0931621 
0.733097 0.0265675 0.0315267 0.10228 0.00385598 0.0012573 0.101415 
0.702704 0.0224961 0.0426367 0.0718724 0.00303459 0.00146617 0.15579 
0.736074 0.022122 0.0338207 0.11521 0.00344648 0.00109438 0.088232 
0.689497 0.0223275 0.0430489 0.127302 0.00337976 0.0013695 0.113076 
0.750128 0.0232356 0.0292462 0.118423 0.00346645 0.00102412 0.0744762 
0.751642 0.0273784 0.0251318 0.122346 0.0050751 9.49942E-4 0.0674768 
0.712621 0.0242725 0.0325881 0.150153 0.00386965 0.00100911 0.075487 
0.760926 0.023664 0.0246501 0.12945 0.00555718 7.99121E-4 0.0549537 
0.791196 0.0214631 0.0316482 0.0767386 0.00444838 9.8866E-4 0.0735174 
0.773429 0.0209685 0.0303871 0.093379 0.00536365 0.00103131 0.0754414 
0.774268 0.0266569 0.0224919 0.0985559 0.00742401 0.00103655 0.0695668 
0.749459 0.0259047 0.0325306 0.0955038 0.00513915 0.00119229 0.0902705 
0.728932 0.0274412 0.027373 0.118194 0.00794017 0.00121004 0.0889099 
0.764641 0.0230853 0.0296317 0.100311 0.00517601 0.00105058 0.0761045 
0.268986 0.665157 0.00347182 0.0405632 0.00638073 0.00640112 0.00904049 
0.290072 0.643734 0.00354124 0.034271 0.0106933 0.0109824 0.00670625 
0.281946 0.667784 0.0037587 0.0187759 0.00928368 0.0102038 0.00824774 
0.335298 0.603665 0.004974 0.0231283 0.0101498 0.0120394 0.0107461 
0.495731 0.412749 0.0108026 0.0230373 0.00641272 0.0219812 0.0292859 
0.609725 0.282007 0.0164476 0.0266969 0.00400355 0.018979 0.0421411 
0.656493 0.238529 0.019418 0.024767 0.00278305 0.0167224 0.0412868 
0.600424 0.282919 0.0182579 0.0320879 0.00314162 0.017449 0.0457212 
0.590262 0.301235 0.0177308 0.0283217 0.00308315 0.0131511 0.0462166 
0.597639 0.299355 0.0149665 0.0442724 0.00367704 0.00878986 0.0312996 
0.614973 0.241422 0.0220788 0.0825949 0.0023126 0.00903714 0.0275813 
0.571967 0.289497 0.0221359 0.073176 0.0025297 0.0111082 0.0295861 
0.574317 0.252817 0.0249704 0.102527 0.00216665 0.00952337 0.0336783 
0.570519 0.271185 0.0224076 0.0786209 0.00267002 0.00919859 0.0453986 
0.515067 0.345207 0.0145566 0.0680467 0.004632 0.0102889 0.0422015 
0.536476 0.334265 0.0170738 0.0540924 0.00341688 0.00808481 0.0465909 
0.5646 0.296978 0.020599 0.0437685 0.00342251 0.0154033 0.0552288 
0.605366 0.198733 0.0270813 0.0107902 0.00288415 0.0423327 0.112812 
0.640873 0.214805 0.0202674 0.0168724 0.00300395 0.0199824 0.0841965 
0.705338 0.161418 0.0286185 0.0154632 0.00182403 0.0194764 0.0678614 
0.692624 0.177388 0.0292519 0.0367742 0.00245308 0.023337 0.0381721 
0.650298 0.171049 0.0340174 0.0210539 0.00275047 0.0722295 0.0486023 
0.398737 0.158281 0.0246176 0.00816544 0.0103888 0.366233 0.0335775 
0.0927133 0.195275 0.00555138 3.97455E-4 0.00234673 0.687494 0.016222 
0.0786422 0.556667 0.00151695 0.00781544 0.0168777 0.332453 0.00602806 
0.0980748 0.455215 0.00401082 0.00785272 0.0142043 0.402524 0.0181178 
0.0563039 0.473236 0.00897654 0.00303334 0.041741 0.412491 0.00421833 
0.0167057 0.587334 0.00655867 3.91405E-4 0.0107624 0.377141 0.00110673 
0.0747582 0.55376 0.0683328 0.0368409 0.137987 0.120058 0.00826286 
0.0604644 0.7213 0.0430072 0.0297492 0.0834634 0.0558614 0.00615451 
0.0530927 0.736415 0.036273 0.0193905 0.0563922 0.0929768 0.00546017 
0.0223863 0.85241 0.0117752 0.00269541 0.0222638 0.0868412 0.00162785 
0.0592712 0.270544 0.254575 0.0152547 0.0978592 0.290507 0.0119885 
0.049623 0.473245 0.290467 0.0138341 0.0513764 0.11148 0.00997466 
0.0548001 0.212883 0.114806 0.0143151 0.0949083 0.495201 0.0130863 
0.0744436 0.478607 0.105499 0.00860302 0.0733984 0.248173 0.0112762 
0.0695763 0.225057 0.0424701 0.00296865 0.032471 0.605315 0.0221417 
0.0313968 0.812198 0.00862746 6.60233E-4 0.0197989 0.124332 0.00298729 
0.0809185 0.304372 0.00491002 0.00219683 0.0207417 0.565837 0.0210241 
0.0461126 0.929775 4.80195E-4 0.00479085 0.00608007 0.00417003 0.00859084 
0.0410677 0.779812 0.00505738 0.120421 0.0293787 0.00360864 0.0206547 
0.0288435 0.359258 0.00570868 0.568134 0.0244024 0.00235807 0.0112955 
0.0434673 0.522703 0.00384249 0.413863 0.00796169 0.00153648 0.00662524 
0.0273382 0.372807 0.00317254 0.586182 0.00723985 8.5871E-4 0.00240158 
0.0267436 0.792687 0.00288801 0.144199 0.0221488 0.00191926 0.00941403 
0.0299074 0.669593 0.00549319 0.234703 0.0415589 0.00365268 0.0150916 
0.0325994 0.642494 0.00482847 0.275501 0.0297711 0.0028373 0.0119692 
0.0326701 0.523273 0.0044802 0.40418 0.0233086 0.00232088 0.00976715 
0.0248131 0.0312649 0.288041 0.639964 0.00440901 0.00507038 0.00643779 
0.0323994 0.88541 0.00580505 0.0100444 0.00153707 0.0383126 0.0264914 
0.089168 0.0951825 0.497422 0.04163 0.0268182 0.0300976 0.219682 
0.133168 0.238534 0.202643 0.248951 0.0113668 0.126912 0.0384249 
0.0385407 0.0333806 0.906945 0.00801481 0.00126689 0.0101734 0.00167876 
0.0188378 0.105503 0.827269 0.0182588 0.00359128 0.0190974 0.00744301 
0.0202451 0.172082 0.725868 0.0302839 0.0067301 0.0309344 0.0138569 
0.0306727 0.284515 0.481622 0.0552297 0.0318831 0.0868721 0.0292054 
0.0573364 0.0661456 0.00379142 0.847838 0.00518833 5.55571E-4 0.0191445 
0.0583259 0.0761587 0.00427769 0.833216 0.00564373 6.77467E-4 0.0217008 
0.0517411 0.0639261 0.0045017 0.85658 0.00399808 5.46297E-4 0.0187065 
0.0793686 0.091987 0.00533937 0.794616 0.00506212 7.93554E-4 0.0228329 
0.0666492 0.0942077 0.00489911 0.80154 0.00675262 9.00563E-4 0.0250504 
0.0744545 0.0892527 0.00516814 0.795163 0.00684624 9.54083E-4 0.0281613 
0.0705996 0.0816689 0.0049616 0.807729 0.00674179 8.82168E-4 0.0274173 
0.0548124 0.0728611 0.00431861 0.838153 0.00588352 7.18383E-4 0.0232531 
0.0525 0.0615065 0.00495448 0.857722 0.00263673 5.42589E-4 0.0201372 
0.0504995 0.0609446 0.00460151 0.862332 0.00303329 5.02443E-4 0.018087 
0.150224 0.279395 0.0216739 0.300081 0.0304189 0.00881086 0.209396 
0.124796 0.184578 0.0336061 0.0531943 0.00884579 0.00925764 0.585723 
0.199988 0.139472 0.0233139 0.428124 0.0187571 0.00930254 0.181042 
0.10034 0.0999956 0.00609597 0.722742 0.0309465 0.00210484 0.0377747 
0.133448 0.210368 0.0110835 0.530671 0.0256485 0.0042254 0.0845557 
0.157949 0.203464 0.0311847 0.26313 0.0176444 0.00980636 0.316821 
0.16691 0.143513 0.0219218 0.47548 0.0136346 0.00686664 0.171674 
0.184836 0.176126 0.0205134 0.426645 0.0211502 0.00769336 0.163037 
0.129337 0.113283 0.00709173 0.683027 0.0193849 0.00183636 0.0460395 
0.154923 0.19886 0.0110965 0.533042 0.0224597 0.00390765 0.0757108 
0.115299 0.141527 0.00730304 0.670072 0.0195613 0.00197956 0.0442588 
0.1239 0.139141 0.008054 0.659161 0.0166482 0.0022254 0.0508708 
0.315607 0.183978 0.00841798 0.457776 0.00934486 0.00113874 0.0237385 
0.640815 0.0824389 0.0574948 0.102642 0.00305309 0.0899077 0.0236484 
0.469864 0.0531244 0.0501699 0.0720342 0.00387331 0.323135 0.0277992 
0.746852 0.0796871 0.0313959 0.0514549 0.00479598 0.0640798 0.0217344 
0.806982 0.0825856 0.0176181 0.0697826 0.0042899 0.00499133 0.0137509 
0.728146 0.0638978 0.0246307 0.136317 0.00427563 0.0318222 0.0109108 
0.67775 0.0768066 0.0207187 0.177197 0.00826912 0.0293743 0.00988523 
0.73736 0.0653179 0.0247673 0.11382 0.00538748 0.0414569 0.0118903 
0.710108 0.0551908 0.0203015 0.172909 0.00775868 0.0252109 0.00852103 
0.705031 0.0456497 0.0272532 0.182924 0.00430005 0.0243252 0.0105164 
0.788973 0.0582072 0.0209458 0.104386 0.00476459 0.00711478 0.0156085 
0.717461 0.0623075 0.0138273 0.149422 0.00677491 0.00129634 0.0489113 
0.576631 0.0801606 0.0120446 0.272677 0.00815399 0.00121773 0.0491151 
0.451511 0.128843 0.0159957 0.239639 0.0336891 0.00486139 0.125461 
0.426347 0.113296 0.00974642 0.371405 0.0146539 0.00182733 0.0627251 
0.307821 0.131463 0.0078884 0.442825 0.0441989 0.0025203 0.0632842 
0.290749 0.102372 0.00817235 0.52238 0.0244849 0.00157625 0.0502656 
0.234969 0.101831 0.00725455 0.566859 0.0380643 0.00209101 0.0489311 
0.260354 0.137649 0.0086541 0.497389 0.0333545 0.0025545 0.0600458 
0.227343 0.178182 0.0103649 0.457107 0.049392 0.00406088 0.0735504 
0.235078 0.175929 0.0119736 0.429313 0.0575669 0.00515406 0.0849856 
0.208185 0.196006 0.0131957 0.426691 0.0434086 0.0058289 0.106684 
0.254111 0.241995 0.0117669 0.360287 0.0406795 0.00469384 0.0864667 
0.230318 0.169297 0.00930301 0.502831 0.021676 0.00265788 0.063917 
0.235522 0.235276 0.0079643 0.422108 0.0392863 0.00268716 0.0571565 
0.219454 0.231663 0.0082234 0.436974 0.0406867 0.00291332 0.0600852 
0.197336 0.239049 0.00634487 0.488223 0.0370145 0.00197346 0.0300589 
0.165072 0.165879 0.00612658 0.595358 0.0296986 0.001634 0.0362314 
0.200248 0.223924 0.00757539 0.447663 0.0695619 0.00363015 0.0473978 
0.214731 0.240405 0.00942991 0.387233 0.0835544 0.00492743 0.0597197 
0.206396 0.270867 0.00864341 0.391144 0.0679106 0.00403228 0.0510065 
0.177367 0.199635 0.00604756 0.550371 0.0302874 0.00169139 0.0346007 
0.190951 0.30073 0.00808889 0.408982 0.0259357 0.00303608 0.0622765 
0.231418 0.303534 0.00706602 0.370606 0.0287908 0.00246682 0.0561187 
0.230952 0.315841 0.00639745 0.349772 0.0463002 0.00261566 0.0481221 
0.229827 0.481741 0.0054436 0.0977415 0.0973715 0.00446894 0.0834069 
0.188598 0.369308 0.0117693 0.179546 0.179233 0.00974897 0.0617966 
0.101942 0.264893 0.00638788 0.571806 0.0245936 0.0023918 0.027986 
0.0528199 0.138436 0.00348255 0.783532 0.0129574 8.34523E-4 0.00793721 
0.163551 0.128849 0.00843791 0.682051 0.0029498 7.92798E-4 0.0133687 
0.116875 0.163902 0.00701672 0.694701 0.00381343 0.00127342 0.0124186 
0.0904 0.20451 0.00525183 0.667135 0.0130851 0.00137237 0.0182456 
0.0971719 0.229191 0.00516282 0.638857 0.0108704 0.00146973 0.0172775 
0.133835 0.244351 0.00889001 0.579058 0.00485483 0.00197557 0.0270358 
0.160859 0.279743 0.0079732 0.505668 0.0077732 0.00232286 0.0356608 
0.0713046 0.171745 0.00496957 0.73124 0.00557716 9.78619E-4 0.0141841 
0.102846 0.160975 0.00614295 0.70589 0.00515217 0.00107064 0.017924 
0.144252 0.232181 0.00626745 0.584624 0.0101127 0.00144491 0.0211184 
0.17311 0.288276 0.00775547 0.484269 0.0114253 0.00197191 0.033192 
0.190736 0.329286 0.00738426 0.40257 0.02298 0.00243828 0.0446048 
0.35305 0.224051 0.0155889 0.337352 0.0056202 0.00220248 0.0621352 
0.218507 0.201989 0.00829161 0.523944 0.00976899 0.00161008 0.0358895 
0.293485 0.208503 0.00805819 0.419673 0.0213204 0.00173555 0.0472247 
0.331871 0.251626 0.00728406 0.351319 0.0328411 0.00171132 0.023347 
0.341156 0.331459 0.00754803 0.262805 0.0224325 0.00187237 0.0327276 
0.458033 0.266731 0.00901007 0.209822 0.0153627 0.00139575 0.0396457 
0.424029 0.224396 0.00830171 0.29818 0.0165038 0.00116589 0.0274232 
0.415121 0.266376 0.00777324 0.268906 0.0166339 0.00121959 0.0239704 
0.396206 0.320868 0.00659865 0.225273 0.0232243 0.00153522 0.026296 
0.429836 0.311403 0.008512 0.203453 0.0112025 0.00175412 0.0338395 
0.435659 0.299741 0.00807133 0.222451 0.0129786 0.00165298 0.0194465 
0.601942 0.207336 0.0193492 0.139963 0.00332937 0.0031858 0.0248946 
0.428188 0.0588153 0.0378343 0.00648833 0.00232286 0.425204 0.0411476 
0.191644 0.0205749 0.0364383 0.0285679 0.00116933 0.705472 0.0161337 
0.304329 0.0233461 0.0286017 0.00787555 0.00141509 0.616824 0.0176089 
0.455214 0.031107 0.0383486 0.0391809 0.00294249 0.395455 0.0377522 
0.601835 0.0187325 0.0967011 0.117947 0.00304297 0.0683224 0.0934192 
0.448032 0.379715 0.012207 0.0905925 0.00540588 0.00325893 0.0607887 
0.443602 0.388535 0.0106715 0.0876291 0.00680423 0.00322337 0.0595345 
0.357882 0.447628 0.0117049 0.122681 0.00410258 0.0029412 0.0530604 
0.350233 0.464189 0.0118973 0.0999205 0.00384272 0.0034832 0.0664347 
0.324283 0.506404 0.00949892 0.0671639 0.00486965 0.00398333 0.083798 
0.322487 0.509254 0.00978707 0.0807257 0.00409514 0.00356842 0.0700825 
0.300231 0.558221 0.00825639 0.0578145 0.00413482 0.00410077 0.0672412 
0.319438 0.524967 0.00825509 0.0739511 0.00451881 0.0047967 0.0640734 
0.329598 0.522858 0.00900384 0.0626201 0.0045258 0.00508436 0.0663094 
0.383806 0.471158 0.00998442 0.0791949 0.0047168 0.0046339 0.0465056 
0.419102 0.446141 0.0119357 0.0618162 0.00403631 0.00515843 0.0518102 
0.459714 0.416221 0.0117632 0.0641216 0.00414315 0.00437639 0.03966 
0.499353 0.362126 0.0125932 0.0780551 0.00433289 0.00411925 0.0394201 
0.454126 0.388442 0.0119264 0.100345 0.00449027 0.00428073 0.0363884 
0.487398 0.378158 0.0125759 0.0727539 0.00459317 0.00527294 0.0392474 
0.485174 0.371526 0.013709 0.0794318 0.00386718 0.00549118 0.0408009 
0.474956 0.379584 0.0126725 0.0895128 0.00440957 0.00433556 0.034529 
0.486666 0.37237 0.0129061 0.0854082 0.00440073 0.00458682 0.0336623 
0.48996 0.387326 0.0106817 0.0685067 0.00550795 0.00511393 0.0329042 
0.510434 0.362806 0.0122286 0.0801302 0.00398602 0.00465656 0.0257578 
0.400661 0.258896 0.0110731 0.303823 0.00534569 0.00335657 0.0168457 
0.390323 0.313564 0.0124194 0.255825 0.00514595 0.00440798 0.0183138 
0.421263 0.34559 0.0101401 0.197331 0.00617945 0.00391252 0.015585 
0.51251 0.329952 0.0101541 0.119563 0.00682515 0.00620591 0.0147898 
0.546386 0.272049 0.0126761 0.14087 0.00524969 0.00533263 0.0174369 
0.511366 0.265128 0.0136778 0.183166 0.00454888 0.00477748 0.0173358 
0.452434 0.367015 0.00927517 0.143074 0.00696054 0.00485819 0.0163827 
0.480955 0.306101 0.0119144 0.176568 0.00407349 0.00391012 0.0164776 
0.339427 0.379983 0.00708859 0.245361 0.00977748 0.00274053 0.0156229 
0.350652 0.342757 0.00739439 0.27284 0.0101857 0.00263635 0.0135345 
0.379424 0.321632 0.00893488 0.263693 0.00874346 0.00306034 0.014512 
0.434418 0.303133 0.0101373 0.22681 0.00555059 0.00277326 0.0171779 
0.390238 0.338802 0.00824217 0.234564 0.00918576 0.00319659 0.0157712 
0.448982 0.275838 0.0102693 0.240246 0.00519083 0.00277057 0.0167041 
0.3978 0.364268 0.00736334 0.202562 0.00972434 0.00300634 0.015276 
0.391255 0.408147 0.00756933 0.161122 0.00962072 0.00225348 0.0200325 
0.274061 0.509117 0.00832295 0.168302 0.00804372 0.00209491 0.0300579 
