0.889765 0.0123975 0.0572633 0.0141426 0.00583537 0.00141229 0.0191838 
0.864443 0.0114142 0.0692832 0.0156228 0.00648754 0.0011769 0.0315726 
0.874915 0.0207103 0.0474013 0.0195532 0.0149433 0.00151592 0.0209607 
0.86489 0.0170308 0.0598027 0.0268328 0.00887223 0.00116095 0.0214106 
0.864494 0.0199843 0.0575579 0.024056 0.00877807 0.00130188 0.0238277 
0.835945 0.0147644 0.0740496 0.0325031 0.00697574 0.00130864 0.0344531 
0.847683 0.0186935 0.068566 0.0222603 0.00857117 0.00137019 0.0328558 
0.869974 0.0157525 0.0667403 0.0159436 0.0066568 0.00114157 0.0237909 
0.876051 0.0175683 0.0641466 0.013204 0.00749319 0.00128621 0.0202503 
0.851613 0.0161512 0.0793262 0.0189593 0.00448061 0.00123598 0.0282341 
0.857811 0.0188743 0.0690421 0.0187085 0.0117968 0.00139637 0.0223709 
0.855414 0.0189184 0.0726848 0.0181516 0.00638053 0.00140016 0.0270501 
0.855955 0.0161867 0.0688647 0.0209228 0.00777637 0.00141545 0.0288793 
0.872929 0.0226638 0.0597812 0.0102041 0.00476848 0.00181381 0.0278395 
0.873493 0.0454592 0.0235262 0.0333605 0.00680188 0.00184096 0.0155181 
0.86657 0.0469362 0.0223891 0.0447662 0.00752212 0.00152772 0.0102887 
0.861871 0.0382174 0.0260518 0.0575163 0.00552909 0.00159792 0.00921635 
0.839611 0.0352816 0.0273838 0.0803166 0.00655569 0.0015352 0.00931596 
0.881106 0.0221189 0.029 0.0485286 0.00517967 0.00206807 0.011999 
0.888526 0.0324016 0.0298375 0.0212056 0.00838999 0.00209509 0.0175438 
0.903067 0.020972 0.0330498 0.0205127 0.00419014 0.00162471 0.016584 
0.882479 0.0209771 0.0304961 0.0494319 0.00409407 0.00131999 0.0112021 
0.891203 0.0348161 0.0357087 0.0139392 0.00814008 0.00146928 0.0147233 
0.863639 0.0488922 0.0276586 0.0171833 0.0200302 0.00172299 0.0208742 
0.874239 0.0392153 0.032697 0.0196981 0.0125006 0.00180319 0.0198466 
0.873087 0.0241727 0.0487569 0.0220481 0.0117738 0.00111138 0.01905 
0.878206 0.0169533 0.0607243 0.0229509 0.00302128 7.81461E-4 0.017363 
0.890168 0.0260471 0.0375049 0.0265072 0.00555662 0.00109531 0.0131212 
0.892573 0.0244268 0.0408146 0.0209032 0.00540428 9.43627E-4 0.0149348 
0.886101 0.0186504 0.0441695 0.0322335 0.00371539 9.85275E-4 0.0141445 
0.877486 0.0184784 0.0406709 0.0407849 0.00696867 0.00137495 0.0142365 
0.876872 0.0222548 0.0419507 0.0213596 0.0160794 0.00171654 0.0197674 
0.865233 0.0231334 0.0591567 0.0180555 0.00536397 0.00142665 0.0276304 
0.874402 0.0167073 0.0483019 0.0224275 0.00666279 0.00104248 0.0304564 
0.885915 0.0117315 0.0383051 0.0327826 0.0176282 8.32604E-4 0.0128051 
0.868334 0.019285 0.0496906 0.0175558 0.0155552 9.16435E-4 0.0286625 
0.865982 0.0172585 0.0401596 0.0346014 0.0208863 9.59311E-4 0.0201525 
0.868592 0.0157202 0.0439758 0.0401049 0.0153897 0.00108059 0.0151369 
0.873741 0.0223909 0.0544602 0.0200119 0.00913844 0.00114956 0.0191081 
0.869781 0.013895 0.0502133 0.0383097 0.012044 0.00124769 0.0145092 
0.887798 0.014622 0.0316902 0.0337391 0.0175643 9.24593E-4 0.0136615 
0.867483 0.0126736 0.0490977 0.0376731 0.0129846 7.80505E-4 0.0193074 
0.867004 0.0159745 0.0518342 0.0435761 0.00609522 8.33357E-4 0.0146831 
0.133373 0.0988667 0.00915113 0.229251 0.507399 0.0126924 0.00926746 
0.186254 0.127055 0.0118851 0.214441 0.433081 0.0158614 0.0114226 
0.171462 0.170592 0.0127724 0.316857 0.261983 0.0576246 0.00870883 
0.321244 0.333455 0.00661494 0.0827761 0.173314 0.080076 0.00251915 
0.63152 0.21381 0.0118266 0.05819 0.0568827 0.0255369 0.00223421 
0.635674 0.254354 0.0118166 0.0407985 0.027397 0.0273562 0.00260423 
0.709132 0.191531 0.0173698 0.0336739 0.0186449 0.0251118 0.00453664 
0.731484 0.0914151 0.0131235 0.108885 0.0416381 0.00928225 0.00417265 
0.78513 0.0919693 0.0164168 0.0687813 0.0275906 0.00561915 0.00449278 
0.763402 0.128085 0.0277497 0.0399792 0.0130935 0.0232948 0.00439629 
0.697094 0.164507 0.0192543 0.0572146 0.0352435 0.0218912 0.00479524 
0.737826 0.135277 0.0180502 0.0694636 0.0197137 0.0141489 0.00551979 
0.821189 0.0844357 0.0167377 0.05273 0.0130018 0.00611547 0.0057902 
0.814715 0.0881946 0.0165099 0.0538064 0.0158396 0.00370119 0.00723368 
0.764488 0.133788 0.0137372 0.0470135 0.026125 0.00647071 0.00837807 
0.716863 0.0900474 0.0115137 0.104676 0.0643595 0.00488469 0.00765559 
0.695677 0.0870755 0.00998445 0.084329 0.108689 0.00635397 0.0078909 
0.768163 0.10525 0.0121676 0.0677945 0.0343487 0.00499434 0.00728099 
0.610803 0.099611 0.00907906 0.100469 0.16508 0.0063181 0.00863981 
0.623073 0.0678408 0.00890467 0.171406 0.116849 0.00407051 0.00785662 
0.713288 0.0871817 0.0133797 0.151966 0.0260174 0.00235842 0.00580831 
0.749268 0.0676846 0.0117461 0.105091 0.0553887 0.00227532 0.00854648 
0.720004 0.0915722 0.0113698 0.0913054 0.0706287 0.00369159 0.0114286 
0.758431 0.072293 0.0136726 0.0959326 0.0452701 0.00289052 0.0115106 
0.735947 0.0715691 0.0119394 0.118125 0.0486396 0.00241441 0.0113649 
0.659752 0.0662879 0.0114451 0.202584 0.0477917 0.00196621 0.0101733 
0.0743352 0.0129453 0.00339496 0.745954 0.157899 0.00134119 0.00413067 
0.016242 0.00152471 5.81917E-4 0.84041 0.140371 2.7844E-4 5.91867E-4 
0.0114821 0.00109306 6.36521E-4 0.910617 0.0755571 1.57474E-4 4.56945E-4 
0.00994735 7.94089E-4 6.33196E-4 0.904271 0.0838291 1.25412E-4 4.00125E-4 
0.011404 7.8479E-4 3.44578E-4 0.663912 0.323132 1.18505E-4 3.04066E-4 
0.00803238 4.52096E-4 5.67149E-4 0.932419 0.0581096 8.7627E-5 3.3193E-4 
0.0103987 7.49786E-4 7.02905E-4 0.908743 0.07883 1.03314E-4 4.71929E-4 
0.0160512 0.00129964 6.98177E-4 0.845657 0.135442 2.01364E-4 6.51452E-4 
0.0174003 0.0015015 8.4472E-4 0.86319 0.116031 2.53643E-4 7.78071E-4 
0.0155413 0.00144457 5.85572E-4 0.846004 0.13564 1.79947E-4 6.04599E-4 
0.00758179 7.99132E-4 5.33687E-4 0.951244 0.0393814 9.96548E-5 3.60346E-4 
0.00768229 8.67993E-4 6.46884E-4 0.956125 0.0341346 1.13365E-4 4.29451E-4 
0.00351104 5.05437E-4 5.09899E-4 0.981494 0.0136147 5.10252E-5 3.14205E-4 
0.284526 0.0270942 0.00808161 0.614295 0.0569548 0.00103084 0.00801727 
0.252985 0.0181967 0.00755269 0.685796 0.0297063 7.08539E-4 0.0050549 
0.432039 0.0267479 0.00837258 0.457826 0.0671205 0.00119334 0.00670061 
0.412059 0.0288335 0.0107306 0.483846 0.0545004 0.00169832 0.00833159 
0.702589 0.164602 0.0242775 0.0347889 0.0287555 0.0304744 0.0145124 
0.759156 0.115971 0.0275424 0.0412957 0.0285149 0.0146671 0.0128522 
0.805741 0.0804119 0.0308964 0.0282222 0.0215911 0.0166727 0.0164651 
0.840519 0.020646 0.0429166 0.0559788 0.00627319 0.020699 0.0129676 
0.814642 0.035256 0.0371796 0.0763479 0.0104879 0.0159135 0.0101734 
0.301482 0.547292 0.0164934 0.01838 0.0362567 0.0764823 0.00361386 
0.453986 0.330376 0.0245287 0.0273931 0.0335181 0.125839 0.00435925 
0.52809 0.208855 0.0258456 0.0301372 0.0456112 0.156348 0.00511245 
0.518667 0.285463 0.00951851 0.0878775 0.0811933 0.0121319 0.00514913 
0.584836 0.291659 0.0123571 0.0641162 0.0223223 0.0193305 0.00537857 
0.850163 0.0445877 0.0318509 0.0385273 0.0145981 0.0140656 0.00620723 
0.601315 0.0294697 0.110875 0.132552 0.00479647 0.100693 0.0202991 
0.730672 0.0149806 0.0914859 0.0498373 0.00494645 0.0813599 0.0267176 
0.863767 0.0127029 0.0654581 0.020573 0.00515792 0.0212897 0.0110509 
0.826456 0.0448721 0.050446 0.0354894 0.0136353 0.0205368 0.00856444 
0.797877 0.0886893 0.0390027 0.0180612 0.0172833 0.0277881 0.0112988 
0.806786 0.0767403 0.0450373 0.0181615 0.00777375 0.0346974 0.0108038 
0.776679 0.0959849 0.0493759 0.0244043 0.0132576 0.0298583 0.0104402 
0.851051 0.0359029 0.0650742 0.0102988 0.00504315 0.0231497 0.00948005 
0.870508 0.0301536 0.0568318 0.00983982 0.00575902 0.0203682 0.0065396 
0.861952 0.0314106 0.0564711 0.00998748 0.00591229 0.0255475 0.00871953 
0.871321 0.0244814 0.0673067 0.0163517 0.00558428 0.0105593 0.00439522 
0.860897 0.0303014 0.069068 0.012484 0.00518413 0.0165222 0.00554305 
0.857614 0.0430631 0.0608521 0.00937815 0.00597836 0.0155131 0.00760131 
0.863513 0.0275653 0.0802475 0.00697805 0.0054642 0.00874625 0.00748529 
0.869912 0.0412827 0.0544975 0.0115722 0.0074608 0.0074419 0.00783297 
0.895879 0.0156271 0.0450315 0.0218794 0.0144408 0.00176506 0.00537665 
0.912437 0.0136548 0.0324539 0.0197468 0.0156782 0.00166417 0.00436517 
0.901206 0.0151835 0.0400055 0.0334525 0.00444075 0.00168121 0.00403046 
0.897217 0.0204383 0.0311364 0.0407724 0.00389491 0.00198453 0.00455619 
0.87892 0.022466 0.0285705 0.0573622 0.00743735 0.0015055 0.00373876 
0.845678 0.0281858 0.0199087 0.0906684 0.010873 0.00165677 0.00302947 
0.836202 0.0463016 0.0135752 0.0677531 0.0291853 0.00205135 0.00493182 
0.814962 0.0738824 0.0127197 0.0604904 0.0282299 0.00218166 0.00753405 
0.712205 0.0982352 0.00998089 0.0718212 0.0908032 0.00314076 0.0138137 
0.726477 0.112778 0.0131891 0.0998696 0.0353684 0.00155007 0.0107672 
0.628621 0.120037 0.0106223 0.164281 0.0619903 0.00238957 0.0120588 
0.586556 0.124056 0.0126342 0.245061 0.0228793 0.00128791 0.00752593 
0.61088 0.167637 0.0120614 0.167698 0.0315747 0.00146992 0.00867942 
0.699344 0.044245 0.0189327 0.21604 0.0139608 0.00100432 0.00647382 
0.72746 0.0488413 0.00958296 0.161195 0.0450621 0.00236733 0.00549079 
0.730502 0.0796329 0.0137069 0.149411 0.0157241 0.00373774 0.00728543 
0.773053 0.0734414 0.0119991 0.0944871 0.0331629 0.00420362 0.0096525 
0.806254 0.03956 0.0136449 0.109941 0.0207072 0.00265433 0.00723811 
0.849272 0.0395298 0.0193475 0.070103 0.00966281 0.00215567 0.00992927 
0.890518 0.0226963 0.0264409 0.0413299 0.00651157 0.00221023 0.0102933 
0.881972 0.016049 0.0233356 0.0562039 0.014543 0.00139048 0.00650615 
0.859996 0.0234492 0.0202094 0.0735821 0.0140552 0.00141136 0.00729641 
0.892846 0.0302027 0.023693 0.0305144 0.00862205 0.00212815 0.0119941 
0.892889 0.0323714 0.0236357 0.0242796 0.00932633 0.00212931 0.0153689 
0.811769 0.0475917 0.0130366 0.0698022 0.0413248 0.00279723 0.0136787 
0.845599 0.0683064 0.0168138 0.0273667 0.0183975 0.00256949 0.0209472 
0.822924 0.0537165 0.0145424 0.0681039 0.0262943 0.00274945 0.0116695 
0.837602 0.0456498 0.0157986 0.0583244 0.0236908 0.00290182 0.0160323 
0.829777 0.0501779 0.0183122 0.0556314 0.0259628 0.00240886 0.0177302 
0.771999 0.0675507 0.0135058 0.0783624 0.0502242 0.00290568 0.0154519 
0.778575 0.0887643 0.0176717 0.044958 0.0389533 0.00362823 0.0274496 
0.823195 0.06283 0.0178133 0.046348 0.0333801 0.00416576 0.012268 
0.839265 0.0463808 0.0342985 0.0362834 0.0290155 0.00479215 0.00996496 
0.805015 0.0831717 0.0421707 0.0144112 0.0274599 0.016329 0.0114428 
0.791144 0.0829315 0.0521335 0.0128992 0.0181977 0.0334055 0.00928881 
0.780834 0.0906439 0.0689617 0.00622919 0.010343 0.0334953 0.009493 
0.797355 0.0312949 0.0654728 0.00936112 0.00452521 0.0855732 0.00641769 
0.744762 0.0341299 0.0725164 0.0108566 0.00324818 0.129451 0.00503632 
0.566957 0.0266 0.0577704 0.014976 0.0016338 0.326862 0.00520008 
0.538288 0.0264238 0.0643576 0.0308676 0.00192229 0.333185 0.00495602 
0.792803 0.032937 0.0637236 0.0210208 0.00405149 0.081461 0.00400291 
0.781355 0.0633972 0.0692038 0.0130404 0.0129108 0.0534177 0.00667537 
0.751643 0.0953873 0.0676067 0.00904502 0.0158863 0.0515727 0.00885862 
0.843403 0.0585972 0.0420142 0.00946871 0.0114691 0.0226443 0.0124033 
0.832581 0.0537467 0.0527294 0.0118946 0.012742 0.0218661 0.0144403 
0.828198 0.0585752 0.0577772 0.0137277 0.0124345 0.0152187 0.0140688 
0.856018 0.0268658 0.0791806 0.0221985 0.00746042 0.00217798 0.00609909 
0.870511 0.0296766 0.0447503 0.034293 0.00957241 0.00527326 0.00592317 
0.861987 0.0466756 0.0423004 0.024215 0.0115409 0.0066586 0.00662275 
0.851474 0.0452244 0.0391185 0.0387129 0.0123407 0.00578123 0.00734836 
0.798537 0.0966137 0.0446414 0.0271243 0.0157373 0.00627413 0.0110718 
0.79275 0.115903 0.0416457 0.0193867 0.00980515 0.00789307 0.0126168 
0.800871 0.0910376 0.0466544 0.0167958 0.0192066 0.0113011 0.0141333 
0.797039 0.0798484 0.057551 0.0227905 0.0119307 0.0168655 0.0139753 
0.794765 0.0847219 0.0598018 0.0143924 0.0189558 0.0151769 0.0121863 
0.809477 0.0625148 0.0767703 0.0151763 0.0056446 0.0147019 0.0157152 
0.789884 0.0694921 0.0744732 0.0147612 0.0140097 0.0180309 0.0193485 
0.816278 0.0611137 0.0623436 0.0232788 0.00952275 0.0121957 0.0152676 
0.774535 0.0849164 0.0796437 0.0096237 0.0193815 0.018431 0.0134687 
0.561617 0.0741464 0.27121 0.00161023 0.00591349 0.0699863 0.0155158 
0.525187 0.102319 0.230894 0.00281789 0.0107791 0.114128 0.0138753 
0.665448 0.0286333 0.20278 0.00297068 0.00657606 0.0849254 0.00866668 
0.744428 0.0213748 0.129175 0.0198592 0.00370304 0.0761414 0.00531843 
0.739071 0.0280494 0.0938991 0.0657665 0.00754586 0.0586822 0.00698637 
0.782599 0.0425518 0.103961 0.00802782 0.0101324 0.0374195 0.0153076 
0.764387 0.0578412 0.125525 0.00344652 0.00372282 0.0292098 0.0158677 
0.828386 0.0171606 0.102352 0.00847407 0.00294275 0.0315648 0.00911954 
0.841105 0.0201701 0.0970474 0.0113828 0.00313714 0.0199552 0.00720219 
0.803585 0.0690422 0.0717091 0.00625573 0.00878557 0.0302149 0.0104071 
0.790463 0.0610198 0.0779579 0.0086084 0.0175581 0.0298457 0.0145472 
0.775197 0.0804669 0.0657848 0.0082421 0.0135641 0.0436331 0.0131119 
0.828202 0.0420406 0.0680691 0.00641923 0.00925424 0.0305704 0.0154447 
0.86365 0.037988 0.0498752 0.00900942 0.00945601 0.0132549 0.0167665 
0.862459 0.0435035 0.0293356 0.0336819 0.0104104 0.00541772 0.0151922 
0.784227 0.0580027 0.0172988 0.107129 0.0188592 0.00304394 0.0114389 
0.823872 0.0527837 0.0166588 0.0802551 0.0135961 0.00497767 0.0078564 
0.792348 0.0925842 0.0165508 0.0659424 0.0203999 0.00382393 0.00835044 
0.72908 0.157345 0.0182248 0.0575959 0.0255758 0.0055607 0.00661755 
0.755211 0.143428 0.0215135 0.0360926 0.02903 0.00911182 0.00561253 
0.731488 0.149165 0.043249 0.0165609 0.0290985 0.0228746 0.00756312 
0.701203 0.164256 0.0607704 0.011238 0.0237372 0.0326308 0.0061642 
0.747994 0.0963644 0.0878966 0.00642823 0.0118047 0.04159 0.00792255 
0.815653 0.0440774 0.0814858 0.00857231 0.00945818 0.0328733 0.00787954 
0.830036 0.0300439 0.0654702 0.0135258 0.00340765 0.0442649 0.0132514 
0.825072 0.0598841 0.0495217 0.0257611 0.00669865 0.022703 0.0103593 
0.811243 0.0628047 0.0347385 0.0331862 0.0145441 0.0334542 0.0100292 
0.83319 0.0471715 0.035408 0.0312856 0.0163017 0.0275913 0.00905162 
0.842275 0.0299799 0.0471213 0.0445813 0.0118409 0.0166288 0.0075726 
0.87089 0.0321117 0.0346517 0.0381213 0.00968659 0.00793571 0.0066033 
0.851599 0.0469649 0.036544 0.034825 0.0105009 0.00979796 0.00976838 
0.849216 0.036909 0.0335687 0.0489505 0.0155975 0.00717694 0.0085817 
0.798904 0.0439581 0.0366755 0.0878764 0.0128401 0.0138922 0.00585391 
0.704322 0.0727069 0.0220566 0.144737 0.0382953 0.0137247 0.00415673 
0.70768 0.127741 0.0213225 0.0754315 0.0309723 0.0314869 0.00536506 
0.630481 0.174104 0.0190537 0.0721064 0.0596558 0.0386158 0.00598268 
0.614937 0.231028 0.0142633 0.0542648 0.056122 0.0253751 0.0040098 
0.606763 0.262197 0.0208185 0.0645314 0.0166858 0.0238796 0.00512494 
0.579463 0.285898 0.0167716 0.0735211 0.0221642 0.0162591 0.00592303 
0.608933 0.207676 0.0126372 0.106569 0.0411806 0.017496 0.00550849 
0.451895 0.393955 0.00685732 0.0541426 0.0745383 0.0123141 0.00629855 
0.499125 0.240889 0.00768219 0.102048 0.126537 0.0172872 0.00643139 
0.407776 0.334578 0.00675513 0.0919841 0.126564 0.0256558 0.0066869 
0.612402 0.226828 0.0100336 0.0922457 0.0280374 0.0248574 0.00559607 
0.533307 0.226746 0.00867887 0.144783 0.0611672 0.020388 0.00492978 
0.491482 0.303698 0.00963907 0.109209 0.0507515 0.0292212 0.00599925 
0.49524 0.270396 0.00777685 0.123234 0.0686192 0.0293075 0.00542689 
0.481465 0.222685 0.00757718 0.186449 0.0875747 0.00845405 0.00579531 
0.467912 0.133432 0.00783827 0.249048 0.1246 0.00921748 0.00795232 
0.412422 0.255426 0.00619999 0.190141 0.120927 0.00846101 0.00642302 
0.320865 0.178206 0.00809653 0.222089 0.248228 0.012875 0.00964065 
0.286354 0.18756 0.00793698 0.301445 0.196733 0.0105779 0.0093934 
0.306264 0.171565 0.00781395 0.342645 0.152169 0.0110093 0.00853366 
0.321178 0.144573 0.00813635 0.249397 0.256082 0.0101771 0.010456 
0.439447 0.159962 0.00715466 0.231493 0.145315 0.00671923 0.00990946 
0.492741 0.148306 0.00710252 0.251655 0.0867183 0.00413854 0.00933785 
0.600393 0.156394 0.00865836 0.172669 0.0500789 0.00289225 0.00891427 
0.529731 0.113366 0.00779889 0.202087 0.133236 0.00474445 0.00903615 
0.609707 0.164858 0.00815799 0.130751 0.0731795 0.00388581 0.00946093 
0.51974 0.178483 0.00856722 0.120614 0.151139 0.007277 0.0141796 
0.519143 0.216691 0.0077375 0.116201 0.121256 0.00668446 0.0122861 
0.521542 0.122692 0.00797462 0.144959 0.18572 0.00673793 0.0103758 
0.411648 0.163538 0.0102157 0.119008 0.272302 0.0095356 0.0137524 
0.453731 0.17572 0.00836713 0.110971 0.228183 0.00939372 0.0136343 
0.475298 0.14589 0.00826962 0.103665 0.244174 0.0101406 0.0125637 
0.46832 0.145948 0.00909406 0.114264 0.239221 0.00910006 0.014053 
0.542668 0.131736 0.00765174 0.159575 0.139906 0.00660408 0.0118595 
0.473829 0.16048 0.00818179 0.130935 0.20608 0.0086959 0.0117976 
0.492607 0.190366 0.00823903 0.0952637 0.189451 0.00848311 0.0155902 
0.499588 0.12407 0.00864599 0.141541 0.205184 0.00702903 0.0139418 
0.539585 0.0818525 0.00777605 0.197887 0.155997 0.00492244 0.0119798 
0.582242 0.115033 0.00915644 0.147949 0.126375 0.00577721 0.013468 
0.567308 0.125109 0.00932031 0.137086 0.139698 0.00677699 0.0147019 
0.5959 0.0917903 0.00924318 0.176919 0.108197 0.00471875 0.0132319 
0.619262 0.148862 0.00872575 0.108964 0.0955632 0.00477208 0.0138508 
0.568963 0.0765818 0.00758342 0.206179 0.127067 0.00379345 0.00983188 
0.588145 0.121342 0.00897648 0.137511 0.125897 0.00528938 0.0128391 
0.514507 0.125523 0.00846099 0.17025 0.164447 0.00640196 0.0104101 
0.580148 0.109885 0.00899762 0.140608 0.142699 0.00534659 0.0123162 
0.588611 0.156835 0.00911603 0.0972634 0.128049 0.00584305 0.0142826 
0.508978 0.108653 0.00809187 0.141851 0.215061 0.00608935 0.0112752 
0.506014 0.103719 0.00842134 0.117743 0.244448 0.00698722 0.0126681 
0.485995 0.0864256 0.00745269 0.200781 0.202824 0.00606272 0.0104587 
0.537637 0.100403 0.00935991 0.197913 0.13716 0.00525041 0.0122763 
0.599996 0.1005 0.00931021 0.194446 0.0822221 0.00420678 0.00931878 
0.701728 0.118609 0.011391 0.110286 0.0432815 0.00304422 0.01166 
0.889765 0.0123975 0.0572633 0.0141426 0.00583537 0.00141229 0.0191838 
0.864443 0.0114142 0.0692832 0.0156228 0.00648754 0.0011769 0.0315726 
0.874915 0.0207103 0.0474013 0.0195532 0.0149433 0.00151592 0.0209607 
0.86489 0.0170308 0.0598027 0.0268328 0.00887223 0.00116095 0.0214106 
0.864494 0.0199843 0.0575579 0.024056 0.00877807 0.00130188 0.0238277 
0.835945 0.0147644 0.0740496 0.0325031 0.00697574 0.00130864 0.0344531 
0.847683 0.0186935 0.068566 0.0222603 0.00857117 0.00137019 0.0328558 
0.869974 0.0157525 0.0667403 0.0159436 0.0066568 0.00114157 0.0237909 
0.876051 0.0175683 0.0641466 0.013204 0.00749319 0.00128621 0.0202503 
0.851613 0.0161512 0.0793262 0.0189593 0.00448061 0.00123598 0.0282341 
0.857811 0.0188743 0.0690421 0.0187085 0.0117968 0.00139637 0.0223709 
0.855414 0.0189184 0.0726848 0.0181516 0.00638053 0.00140016 0.0270501 
0.855955 0.0161867 0.0688647 0.0209228 0.00777637 0.00141545 0.0288793 
0.872929 0.0226638 0.0597812 0.0102041 0.00476848 0.00181381 0.0278395 
0.873493 0.0454592 0.0235262 0.0333605 0.00680188 0.00184096 0.0155181 
0.86657 0.0469362 0.0223891 0.0447662 0.00752212 0.00152772 0.0102887 
0.861871 0.0382174 0.0260518 0.0575163 0.00552909 0.00159792 0.00921635 
0.839611 0.0352816 0.0273838 0.0803166 0.00655569 0.0015352 0.00931596 
0.881106 0.0221189 0.029 0.0485286 0.00517967 0.00206807 0.011999 
0.888526 0.0324016 0.0298375 0.0212056 0.00838999 0.00209509 0.0175438 
0.903067 0.020972 0.0330498 0.0205127 0.00419014 0.00162471 0.016584 
0.882479 0.0209771 0.0304961 0.0494319 0.00409407 0.00131999 0.0112021 
0.891203 0.0348161 0.0357087 0.0139392 0.00814008 0.00146928 0.0147233 
0.863639 0.0488922 0.0276586 0.0171833 0.0200302 0.00172299 0.0208742 
0.874239 0.0392153 0.032697 0.0196981 0.0125006 0.00180319 0.0198466 
0.873087 0.0241727 0.0487569 0.0220481 0.0117738 0.00111138 0.01905 
0.878206 0.0169533 0.0607243 0.0229509 0.00302128 7.81461E-4 0.017363 
0.890168 0.0260471 0.0375049 0.0265072 0.00555662 0.00109531 0.0131212 
0.892573 0.0244268 0.0408146 0.0209032 0.00540428 9.43627E-4 0.0149348 
0.886101 0.0186504 0.0441695 0.0322335 0.00371539 9.85275E-4 0.0141445 
0.877486 0.0184784 0.0406709 0.0407849 0.00696867 0.00137495 0.0142365 
0.876872 0.0222548 0.0419507 0.0213596 0.0160794 0.00171654 0.0197674 
0.865233 0.0231334 0.0591567 0.0180555 0.00536397 0.00142665 0.0276304 
0.874402 0.0167073 0.0483019 0.0224275 0.00666279 0.00104248 0.0304564 
0.885915 0.0117315 0.0383051 0.0327826 0.0176282 8.32604E-4 0.0128051 
0.868334 0.019285 0.0496906 0.0175558 0.0155552 9.16435E-4 0.0286625 
0.865982 0.0172585 0.0401596 0.0346014 0.0208863 9.59311E-4 0.0201525 
0.868592 0.0157202 0.0439758 0.0401049 0.0153897 0.00108059 0.0151369 
0.873741 0.0223909 0.0544602 0.0200119 0.00913844 0.00114956 0.0191081 
0.869781 0.013895 0.0502133 0.0383097 0.012044 0.00124769 0.0145092 
0.887798 0.014622 0.0316902 0.0337391 0.0175643 9.24593E-4 0.0136615 
0.867483 0.0126736 0.0490977 0.0376731 0.0129846 7.80505E-4 0.0193074 
0.867004 0.0159745 0.0518342 0.0435761 0.00609522 8.33357E-4 0.0146831 
0.806254 0.03956 0.0136449 0.109941 0.0207072 0.00265433 0.00723811 
0.849272 0.0395298 0.0193475 0.070103 0.00966281 0.00215567 0.00992927 
0.890518 0.0226963 0.0264409 0.0413299 0.00651157 0.00221023 0.0102933 
0.881972 0.016049 0.0233356 0.0562039 0.014543 0.00139048 0.00650615 
0.859996 0.0234492 0.0202094 0.0735821 0.0140552 0.00141136 0.00729641 
0.892846 0.0302027 0.023693 0.0305144 0.00862205 0.00212815 0.0119941 
0.892889 0.0323714 0.0236357 0.0242796 0.00932633 0.00212931 0.0153689 
0.811769 0.0475917 0.0130366 0.0698022 0.0413248 0.00279723 0.0136787 
0.845599 0.0683064 0.0168138 0.0273667 0.0183975 0.00256949 0.0209472 
0.822924 0.0537165 0.0145424 0.0681039 0.0262943 0.00274945 0.0116695 
0.837602 0.0456498 0.0157986 0.0583244 0.0236908 0.00290182 0.0160323 
0.829777 0.0501779 0.0183122 0.0556314 0.0259628 0.00240886 0.0177302 
0.771999 0.0675507 0.0135058 0.0783624 0.0502242 0.00290568 0.0154519 
0.778575 0.0887643 0.0176717 0.044958 0.0389533 0.00362823 0.0274496 
0.823195 0.06283 0.0178133 0.046348 0.0333801 0.00416576 0.012268 
0.839265 0.0463808 0.0342985 0.0362834 0.0290155 0.00479215 0.00996496 
0.805015 0.0831717 0.0421707 0.0144112 0.0274599 0.016329 0.0114428 
0.791144 0.0829315 0.0521335 0.0128992 0.0181977 0.0334055 0.00928881 
0.780834 0.0906439 0.0689617 0.00622919 0.010343 0.0334953 0.009493 
0.797355 0.0312949 0.0654728 0.00936112 0.00452521 0.0855732 0.00641769 
0.744762 0.0341299 0.0725164 0.0108566 0.00324818 0.129451 0.00503632 
0.566957 0.0266 0.0577704 0.014976 0.0016338 0.326862 0.00520008 
0.538288 0.0264238 0.0643576 0.0308676 0.00192229 0.333185 0.00495602 
0.792803 0.032937 0.0637236 0.0210208 0.00405149 0.081461 0.00400291 
0.781355 0.0633972 0.0692038 0.0130404 0.0129108 0.0534177 0.00667537 
0.751643 0.0953873 0.0676067 0.00904502 0.0158863 0.0515727 0.00885862 
0.843403 0.0585972 0.0420142 0.00946871 0.0114691 0.0226443 0.0124033 
0.832581 0.0537467 0.0527294 0.0118946 0.012742 0.0218661 0.0144403 
0.828198 0.0585752 0.0577772 0.0137277 0.0124345 0.0152187 0.0140688 
0.856018 0.0268658 0.0791806 0.0221985 0.00746042 0.00217798 0.00609909 
0.870511 0.0296766 0.0447503 0.034293 0.00957241 0.00527326 0.00592317 
0.861987 0.0466756 0.0423004 0.024215 0.0115409 0.0066586 0.00662275 
0.851474 0.0452244 0.0391185 0.0387129 0.0123407 0.00578123 0.00734836 
0.798537 0.0966137 0.0446414 0.0271243 0.0157373 0.00627413 0.0110718 
0.79275 0.115903 0.0416457 0.0193867 0.00980515 0.00789307 0.0126168 
0.800871 0.0910376 0.0466544 0.0167958 0.0192066 0.0113011 0.0141333 
0.797039 0.0798484 0.057551 0.0227905 0.0119307 0.0168655 0.0139753 
0.794765 0.0847219 0.0598018 0.0143924 0.0189558 0.0151769 0.0121863 
0.809477 0.0625148 0.0767703 0.0151763 0.0056446 0.0147019 0.0157152 
0.789884 0.0694921 0.0744732 0.0147612 0.0140097 0.0180309 0.0193485 
0.816278 0.0611137 0.0623436 0.0232788 0.00952275 0.0121957 0.0152676 
0.774535 0.0849164 0.0796437 0.0096237 0.0193815 0.018431 0.0134687 
0.561617 0.0741464 0.27121 0.00161023 0.00591349 0.0699863 0.0155158 
0.525187 0.102319 0.230894 0.00281789 0.0107791 0.114128 0.0138753 
0.665448 0.0286333 0.20278 0.00297068 0.00657606 0.0849254 0.00866668 
0.744428 0.0213748 0.129175 0.0198592 0.00370304 0.0761414 0.00531843 
0.739071 0.0280494 0.0938991 0.0657665 0.00754586 0.0586822 0.00698637 
0.782599 0.0425518 0.103961 0.00802782 0.0101324 0.0374195 0.0153076 
0.764387 0.0578412 0.125525 0.00344652 0.00372282 0.0292098 0.0158677 
0.828386 0.0171606 0.102352 0.00847407 0.00294275 0.0315648 0.00911954 
0.841105 0.0201701 0.0970474 0.0113828 0.00313714 0.0199552 0.00720219 
0.803585 0.0690422 0.0717091 0.00625573 0.00878557 0.0302149 0.0104071 
0.790463 0.0610198 0.0779579 0.0086084 0.0175581 0.0298457 0.0145472 
0.775197 0.0804669 0.0657848 0.0082421 0.0135641 0.0436331 0.0131119 
0.828202 0.0420406 0.0680691 0.00641923 0.00925424 0.0305704 0.0154447 
0.86365 0.037988 0.0498752 0.00900942 0.00945601 0.0132549 0.0167665 
0.862459 0.0435035 0.0293356 0.0336819 0.0104104 0.00541772 0.0151922 
0.640111 0.241245 0.0125238 0.0475132 0.0391515 0.0114222 0.00803266 
0.677602 0.180127 0.0128694 0.045098 0.06457 0.00453608 0.0151977 
0.49917 0.0792603 0.00696669 0.192751 0.208725 0.00531264 0.0078143 
0.577392 0.120351 0.00898536 0.241026 0.041472 0.00299449 0.00778023 
0.660023 0.116858 0.0108086 0.127966 0.0669784 0.00291154 0.0144537 
0.668859 0.119133 0.011808 0.144526 0.0405436 0.00345465 0.0116751 
0.698023 0.100903 0.0112378 0.142304 0.0336479 0.00266616 0.0112183 
0.764365 0.0872255 0.0116362 0.0841314 0.0386274 0.00296016 0.0110546 
0.806245 0.0471981 0.0147275 0.100047 0.0214499 0.00188993 0.00844231 
0.744081 0.0447147 0.0132603 0.171432 0.0184697 0.00173244 0.00631045 
0.691317 0.0464 0.0195086 0.224912 0.00760087 0.0018597 0.00840195 
0.707305 0.0443354 0.0133141 0.195502 0.0283809 0.00168799 0.00947525 
0.667093 0.0977502 0.0135477 0.169431 0.0382711 0.00290557 0.0110011 
0.707878 0.102086 0.013143 0.10524 0.0540454 0.00302871 0.0145784 
0.717734 0.0700691 0.0121057 0.13284 0.0527734 0.00380034 0.0106773 
0.773254 0.0616554 0.014372 0.0969901 0.0390336 0.0025771 0.0121178 
0.713397 0.0454035 0.0142263 0.171507 0.0429153 0.00245671 0.0100944 
0.803183 0.0472362 0.0168787 0.0762068 0.0418565 0.00342816 0.011211 
0.851236 0.0363103 0.0239891 0.0589519 0.0179532 0.00248143 0.00907798 
0.875116 0.0239552 0.0341117 0.0335891 0.0187799 0.00198028 0.0124676 
0.87982 0.0133788 0.0354373 0.0258481 0.030299 0.00334541 0.0118719 
0.84607 0.00934209 0.0944661 0.0242656 0.00404071 0.00460115 0.017214 
0.77101 0.00964546 0.0931238 0.0718299 0.0125026 0.00886755 0.0330205 
0.741423 0.00538855 0.20112 0.00123897 0.001499 0.0142519 0.0350783 
0.762689 0.00916053 0.131977 0.0136109 0.00769654 0.0299651 0.0449011 
0.802999 0.01831 0.128193 0.00146779 0.00369871 0.0149959 0.030336 
0.858269 0.011251 0.0705015 0.0387044 0.00828347 0.00418711 0.00880407 
0.886752 0.0168606 0.057187 0.0166381 0.00918826 0.0022087 0.011165 
0.849519 0.022899 0.051162 0.027385 0.0291516 0.00408378 0.0158 
0.85858 0.0230831 0.0594726 0.0223059 0.015256 0.00194276 0.0193594 
0.829876 0.010631 0.0769131 0.0581045 0.0128929 0.00146093 0.0101216 
0.855196 0.0181069 0.0545988 0.025084 0.0296739 0.00188284 0.0154574 
0.833003 0.00816442 0.0364482 0.100027 0.0128804 6.39954E-4 0.00883659 
0.0845036 0.0889864 0.00961016 0.554246 0.247349 0.00481654 0.0104891 
0.0154209 0.0119718 0.00152312 0.437302 0.52986 7.06722E-4 0.00321525 
0.0164164 0.00868925 8.80188E-4 0.619767 0.352337 3.11582E-4 0.00159781 
0.0144552 0.00623222 4.00604E-4 0.490385 0.487753 1.657E-4 6.08436E-4 
0.0171805 0.00337669 6.76484E-4 0.69359 0.284102 1.70253E-4 9.04141E-4 
0.0236066 0.00633188 9.49621E-4 0.654253 0.313058 3.27773E-4 0.00147324 
0.0241617 0.00647833 8.78035E-4 0.561122 0.405741 3.36609E-4 0.00128233 
0.0254849 0.00576602 0.0010555 0.706964 0.258685 3.70923E-4 0.0016735 
0.0191562 0.00380572 6.00325E-4 0.705257 0.270123 2.25518E-4 8.32092E-4 
0.0124293 0.00353725 7.50358E-4 0.90597 0.0754547 1.64666E-4 0.0016942 
0.0213387 0.00455859 7.57435E-4 0.731848 0.240449 3.00007E-4 7.49059E-4 
0.0293802 0.00462837 0.00124673 0.75306 0.210088 5.44185E-4 0.00105287 
0.00564171 5.32119E-4 3.85992E-4 0.966286 0.0269231 4.63796E-5 1.84367E-4 
0.00613805 7.08812E-4 4.32619E-4 0.964307 0.028116 5.7001E-5 2.40578E-4 
0.0148293 0.00230763 8.13459E-4 0.912283 0.0690598 1.92323E-4 5.14238E-4 
0.136911 0.0213763 0.00384004 0.765986 0.067588 6.33008E-4 0.0036657 
0.443988 0.0533511 0.00910878 0.451564 0.0353581 9.54241E-4 0.00567636 
0.443772 0.0568289 0.00524131 0.394096 0.0942702 0.00210929 0.00368209 
0.25993 0.0730402 0.00504127 0.610065 0.0472549 0.00184584 0.00282267 
0.292679 0.211582 0.00605108 0.395512 0.0821612 0.00563119 0.00638266 
0.167516 0.198675 0.0100848 0.401868 0.193329 0.0153468 0.0131803 
0.0539833 0.071811 0.0033184 0.415113 0.447119 0.00440059 0.00425457 
0.296557 0.209818 0.00792123 0.228381 0.235823 0.0108417 0.0106575 
0.751193 0.104522 0.010394 0.066252 0.0537982 0.00654539 0.00729549 
0.651686 0.129599 0.0087518 0.065504 0.128995 0.00697544 0.00848893 
0.675769 0.135209 0.0108391 0.0709843 0.0874307 0.00498026 0.0147881 
0.748352 0.0890514 0.0117792 0.0755979 0.058859 0.00408706 0.0122734 
0.697091 0.144285 0.010701 0.0574315 0.0720681 0.0052951 0.0131282 
0.716654 0.144497 0.0115557 0.0577129 0.0540502 0.00422327 0.0113078 
0.685155 0.170265 0.0110639 0.0612479 0.0548915 0.00486491 0.0125116 
0.707505 0.136416 0.0112609 0.0522786 0.0745329 0.00403656 0.0139694 
0.609048 0.222024 0.00873514 0.052493 0.0872991 0.0044505 0.0159503 
0.490288 0.178332 0.0100221 0.109835 0.189305 0.0069506 0.0152676 
0.553851 0.2008 0.00789233 0.119389 0.101116 0.00466048 0.0122913 
0.536966 0.160761 0.00793185 0.104344 0.1705 0.00778954 0.0117078 
0.489382 0.313432 0.00729719 0.0728271 0.0960255 0.00530781 0.0157282 
0.734839 0.099904 0.0139945 0.0537463 0.0622456 0.00419306 0.0310773 
0.691545 0.111958 0.0102865 0.0963367 0.0661022 0.00582305 0.0179481 
0.581249 0.169091 0.00917708 0.0903607 0.122952 0.0155812 0.0115896 
0.39042 0.207061 0.00692998 0.162958 0.210743 0.0129084 0.00897865 
0.327063 0.12503 0.00756593 0.115542 0.405755 0.00961785 0.00942727 
0.151361 0.075419 0.00321787 0.0628763 0.694255 0.00846082 0.00441015 
0.0806008 0.0435673 0.00180322 0.0571367 0.80841 0.0060666 0.00241532 
0.10673 0.273757 0.00188986 0.0454864 0.555758 0.0137803 0.00259848 
0.0979112 0.27431 0.00193371 0.0579426 0.551442 0.0138607 0.0026002 
0.0856804 0.160069 0.00362423 0.0983664 0.633778 0.0143953 0.00408708 
0.0904062 0.14525 0.00588731 0.140814 0.595812 0.0156029 0.00622779 
0.0901531 0.221831 0.00209299 0.0585676 0.608608 0.0160793 0.0026687 
0.157219 0.282432 0.00341623 0.103123 0.427826 0.0220138 0.00396943 
0.142197 0.246582 0.00502165 0.138364 0.441349 0.0201999 0.00628686 
0.0820511 0.658677 0.00257082 0.015728 0.0278715 0.210785 0.00231669 
0.0204579 0.603332 0.00197762 0.00364087 0.0250155 0.344894 6.8151E-4 
0.0106847 0.930869 0.00110988 0.00340022 0.0105553 0.0428164 5.64099E-4 
0.0199755 0.929202 0.00204813 0.0100049 0.0218319 0.0157605 0.00117752 
0.0884984 0.706915 0.00456991 0.0238515 0.0947732 0.0795182 0.00187406 
0.442655 0.300822 0.00535701 0.0660424 0.153305 0.0268658 0.00495331 
0.376938 0.305919 0.00658841 0.0831243 0.13751 0.0862957 0.00362364 
0.0782627 0.0605191 0.00647877 0.0260413 0.0342705 0.792906 0.00152126 
0.159166 0.134109 0.00917682 0.0651117 0.0593349 0.569402 0.00369965 
0.136668 0.179537 0.00957557 0.0897319 0.0911952 0.487835 0.00545719 
0.236336 0.213518 0.0103037 0.119322 0.113071 0.301166 0.00628419 
0.288512 0.204009 0.0164958 0.210442 0.0360573 0.232936 0.0115491 
0.337685 0.351911 0.00800987 0.0892224 0.0241562 0.183846 0.00516959 
0.442026 0.297853 0.00817895 0.0568779 0.0233371 0.168138 0.00358904 
0.490361 0.279016 0.0093999 0.0354005 0.0300023 0.152241 0.00357923 
0.55576 0.202203 0.0123422 0.0600907 0.0511814 0.114088 0.00433413 
0.65634 0.158494 0.0150334 0.0431414 0.020233 0.103624 0.00313383 
0.6586 0.115783 0.0162486 0.090532 0.0240045 0.0895591 0.00527272 
0.735429 0.131682 0.0137964 0.0557422 0.0288856 0.0273907 0.0070742 
0.785491 0.0860556 0.0117332 0.0589633 0.0391249 0.0115908 0.00704156 
0.80696 0.0993402 0.0138467 0.0286037 0.036348 0.00586275 0.00903911 
0.599048 0.323177 0.0226829 0.00243336 0.015109 0.0302979 0.00725146 
0.621455 0.244069 0.0289736 0.00468032 0.0123813 0.0847828 0.00365761 
0.668689 0.0697412 0.049486 0.015168 0.00647855 0.181559 0.00887792 
0.794641 0.0789415 0.0545629 0.00902646 0.00689324 0.0457797 0.0101547 
0.791345 0.111735 0.039025 0.0131188 0.0109386 0.0183203 0.0155178 
0.8237 0.0943336 0.0292916 0.0187298 0.0144768 0.0127327 0.00673579 
0.800933 0.109816 0.0287398 0.0240429 0.0150042 0.0139704 0.00749391 
0.782747 0.113524 0.0363416 0.0191921 0.0206334 0.019003 0.0085583 
0.796531 0.099746 0.0402432 0.0187436 0.0168567 0.0168814 0.0109979 
0.826933 0.0734151 0.0437587 0.0183542 0.0137299 0.0158316 0.00797737 
0.851389 0.0393833 0.0583933 0.0109089 0.00987613 0.0202875 0.00976144 
0.844161 0.0346324 0.0493536 0.0129898 0.0192033 0.0277568 0.0119031 
0.853171 0.0233001 0.0462066 0.0353237 0.0146639 0.0186514 0.00868322 
0.849915 0.0135628 0.0539446 0.0571651 0.00374702 0.0141352 0.00753026 
0.874021 0.0150503 0.0492423 0.0393511 0.00584203 0.00764889 0.00884465 
0.882517 0.0229451 0.0338712 0.0408969 0.00627418 0.00358303 0.00991263 
0.887059 0.0154687 0.0363948 0.0426427 0.00726895 0.00311709 0.00804869 
0.873105 0.0289634 0.0228324 0.0384812 0.0234619 0.00329855 0.00985742 
0.868477 0.0293759 0.0236294 0.0458003 0.0190929 0.00186903 0.0117554 
0.876894 0.0293035 0.0202909 0.0456843 0.0190219 0.0022424 0.0065635 
0.888732 0.0188925 0.024321 0.0450186 0.0152101 0.00126813 0.00655807 
0.888177 0.0203036 0.022072 0.0454935 0.0155768 0.00139754 0.00697908 
0.812853 0.0221876 0.0282361 0.112765 0.0111423 0.00116319 0.011653 
0.847918 0.0228817 0.0240459 0.0852746 0.0113463 0.00119349 0.00733961 
0.869968 0.0343402 0.0221656 0.0445759 0.016777 0.00134988 0.0108234 
0.881895 0.0334104 0.0264862 0.0316452 0.00887066 0.00179407 0.015898 
0.853015 0.0249407 0.0328656 0.00723259 0.00861677 0.00753279 0.065797 
0.884452 0.0151043 0.0337419 0.0272898 0.0137803 0.00302915 0.0226022 
0.844128 0.0145935 0.0417155 0.0546794 0.0122879 0.00161603 0.0309795 
0.875356 0.0204166 0.0366356 0.0379791 0.00645925 0.00141103 0.021742 
0.843171 0.0223041 0.0188448 0.0676716 0.034925 0.00174545 0.0113382 
0.839213 0.0206789 0.020123 0.0769732 0.0278472 0.00169071 0.0134741 
0.876027 0.0189784 0.0287791 0.0496805 0.0102871 0.00148592 0.0147621 
0.8758 0.019341 0.0200963 0.0459917 0.0259188 0.00187583 0.0109766 
0.890983 0.0193542 0.0280388 0.040017 0.0107939 0.00147048 0.00934306 
0.879058 0.0209252 0.0250568 0.0478037 0.0146567 0.00161421 0.0108852 
0.868206 0.0260037 0.0227682 0.0618636 0.012837 0.0014441 0.00687706 
0.867671 0.0331556 0.0192834 0.0440409 0.0216135 0.00237028 0.011865 
0.872157 0.0218719 0.0246164 0.0596826 0.0114444 0.00178045 0.00844765 
0.883113 0.0220166 0.0228204 0.0457915 0.0127852 0.0019225 0.0115506 
0.857533 0.0300523 0.0200368 0.0661427 0.0149306 0.00193434 0.00936979 
0.872802 0.038258 0.0171962 0.0316247 0.0266933 0.002638 0.0107873 
0.873915 0.0416421 0.0165352 0.0311726 0.0223361 0.0028592 0.0115394 
0.893976 0.0260735 0.0226742 0.0294078 0.0126419 0.00213453 0.0130919 
0.875605 0.0305163 0.0158492 0.0310369 0.0326019 0.00231854 0.0120717 
0.863531 0.0294817 0.0186663 0.0487002 0.0243518 0.00134177 0.013927 
0.848173 0.0554038 0.0174554 0.0359463 0.0188997 0.00239871 0.0217227 
0.880119 0.0269577 0.0218321 0.0458513 0.013244 0.00152823 0.0104675 
0.822728 0.0551587 0.0139122 0.0538713 0.0386293 0.00209459 0.013606 
0.859328 0.0575218 0.0136095 0.0320718 0.0189462 0.00284659 0.0156757 
0.902888 0.0248726 0.0192376 0.0291067 0.0105052 0.00183658 0.0115529 
0.86263 0.0492049 0.0174485 0.036807 0.0176282 0.00217402 0.0141077 
0.873241 0.0531478 0.0171548 0.0283163 0.0147165 0.00286074 0.0105633 
0.849512 0.0541745 0.0157855 0.0430016 0.0234405 0.00209067 0.0119948 
0.858319 0.0403642 0.0160474 0.0559461 0.0192795 0.00181418 0.00822983 
0.850292 0.0425427 0.0155098 0.0557554 0.0256885 0.00148532 0.00872585 
0.844158 0.037371 0.0132564 0.0515194 0.0405994 0.0019587 0.0111367 
0.889045 0.0301752 0.0193937 0.024349 0.020973 0.00170722 0.0143567 
0.887527 0.0271407 0.0240033 0.0279787 0.0169625 0.001863 0.0145252 
0.863095 0.0357168 0.0201393 0.0349799 0.0255822 0.00223148 0.0182558 
0.891566 0.0331957 0.0209634 0.0225165 0.0108035 0.00308023 0.0178749 
0.900913 0.0249 0.0249921 0.020678 0.00864662 0.00233472 0.0175358 
0.898339 0.0239929 0.0212661 0.0271516 0.0115581 0.00225437 0.0154382 
0.892752 0.0213206 0.0282549 0.0228538 0.0121246 0.00199465 0.0206996 
0.890799 0.017977 0.032436 0.0204433 0.00958085 0.00159485 0.027169 
0.894118 0.0147263 0.0313912 0.016518 0.00932801 0.00199233 0.0319263 
0.890962 0.0218092 0.0280373 0.0137409 0.0147742 0.00300976 0.0276664 
0.897033 0.0215457 0.0274236 0.0305203 0.00788723 0.00232121 0.0132692 
0.899394 0.0126628 0.0263837 0.0355186 0.011948 0.00303252 0.0110603 
0.891428 0.0151297 0.0460412 0.0197851 0.0074888 0.00181804 0.0183093 
0.863133 0.0165916 0.0380703 0.0561436 0.0144478 0.00105854 0.0105553 
0.874139 0.0155048 0.0433687 0.0487157 0.00469104 0.00117522 0.0124055 
0.884462 0.0171624 0.0383948 0.0353301 0.00476079 0.00125018 0.0186401 
0.881584 0.00962581 0.0489442 0.0241178 0.00481324 0.00184199 0.0290727 
0.882996 0.0220992 0.0393721 0.0189675 0.00786252 0.00210219 0.0266002 
0.898784 0.0208165 0.0374304 0.0243149 0.00394945 0.00128231 0.0134229 
0.884216 0.0163379 0.0398052 0.0279138 0.0144393 0.0019194 0.0153679 
0.848781 0.0266626 0.0452206 0.0530818 0.00906253 9.99549E-4 0.0161919 
0.81349 0.0259093 0.0516834 0.0376157 0.0407944 0.00122254 0.0292851 
0.796638 0.0531459 0.067309 0.0235336 0.0165428 0.0013076 0.0415232 
0.843408 0.0211512 0.0804523 0.0141351 0.00313392 7.74592E-4 0.0369453 
0.705887 0.0435787 0.123151 0.0170043 0.00364588 0.0010348 0.105699 
0.861866 0.0341858 0.0447965 0.020725 0.0153469 0.00113243 0.0219478 
0.849874 0.0261809 0.0259218 0.0400756 0.0417598 0.00127077 0.0149175 
0.871787 0.0341781 0.0316139 0.0384457 0.0103985 0.00118526 0.0123916 
0.870117 0.0277369 0.0295245 0.0291391 0.0234945 0.00114316 0.0188449 
0.896422 0.0143884 0.0497407 0.0241355 0.00720956 8.50318E-4 0.00725346 
0.86574 0.0103141 0.0788988 0.0324315 0.00430468 7.50534E-4 0.0075607 
0.87526 0.0168243 0.0508192 0.0345592 0.0102678 8.90801E-4 0.0113784 
0.865109 0.017959 0.0546631 0.0432124 0.00852439 7.3596E-4 0.00979626 
0.885666 0.0197541 0.0461981 0.0291422 0.00835784 0.00101621 0.00986571 
0.904116 0.0135819 0.0424124 0.0178167 0.00931107 0.0014939 0.0112676 
0.8818 0.0208745 0.0502052 0.0136292 0.00814342 0.0011113 0.024236 
0.872943 0.00957296 0.056663 0.0286623 0.00875735 9.67061E-4 0.0224349 
0.882396 0.00967962 0.0578673 0.0307666 0.00636609 8.36839E-4 0.0120875 
0.891346 0.0112764 0.0527284 0.0246935 0.0068339 0.00121468 0.0119066 
0.869589 0.0131707 0.0633872 0.0230001 0.00621547 9.40265E-4 0.0236971 
0.88331 0.0187142 0.0444801 0.0150893 0.00709025 0.00166907 0.0296472 
0.891687 0.0199883 0.0424896 0.0177615 0.00684078 0.00127432 0.0199582 
0.869195 0.0126537 0.0721325 0.0147543 0.00388246 8.56991E-4 0.0265249 
0.840498 0.0122921 0.0816196 0.0284443 0.00270369 9.40246E-4 0.0335025 
0.828484 0.0113971 0.0764878 0.0542772 0.00619573 8.80157E-4 0.0222778 
0.823834 0.0176522 0.0696507 0.0527202 0.00548409 9.82495E-4 0.0296764 
0.805346 0.0223431 0.0570382 0.0730449 0.00997937 9.76872E-4 0.0312716 
0.831822 0.0122164 0.0577303 0.0673585 0.00941266 0.00109977 0.0203606 
0.828193 0.0136618 0.0698585 0.0348192 0.00888922 0.00125766 0.0433209 
