0.889765 0.0123975 0.0572633 0.0141426 0.00583537 0.00141229 0.0191838 
0.864443 0.0114142 0.0692832 0.0156228 0.00648754 0.0011769 0.0315726 
0.874915 0.0207103 0.0474013 0.0195532 0.0149433 0.00151592 0.0209607 
0.86489 0.0170308 0.0598027 0.0268328 0.00887223 0.00116095 0.0214106 
0.864494 0.0199843 0.0575579 0.024056 0.00877807 0.00130188 0.0238277 
0.835945 0.0147644 0.0740496 0.0325031 0.00697574 0.00130864 0.0344531 
0.847683 0.0186935 0.068566 0.0222603 0.00857117 0.00137019 0.0328558 
0.869974 0.0157525 0.0667403 0.0159436 0.0066568 0.00114157 0.0237909 
0.876051 0.0175683 0.0641466 0.013204 0.00749319 0.00128621 0.0202503 
0.851613 0.0161512 0.0793262 0.0189593 0.00448061 0.00123598 0.0282341 
0.857811 0.0188743 0.0690421 0.0187085 0.0117968 0.00139637 0.0223709 
0.855414 0.0189184 0.0726848 0.0181516 0.00638053 0.00140016 0.0270501 
0.855955 0.0161867 0.0688647 0.0209228 0.00777637 0.00141545 0.0288793 
0.872929 0.0226638 0.0597812 0.0102041 0.00476848 0.00181381 0.0278395 
0.702589 0.164602 0.0242775 0.0347889 0.0287555 0.0304744 0.0145124 
0.759156 0.115971 0.0275424 0.0412957 0.0285149 0.0146671 0.0128522 
0.805741 0.0804119 0.0308964 0.0282222 0.0215911 0.0166727 0.0164651 
0.840519 0.020646 0.0429166 0.0559788 0.00627319 0.020699 0.0129676 
0.814642 0.035256 0.0371796 0.0763479 0.0104879 0.0159135 0.0101734 
0.301482 0.547292 0.0164934 0.01838 0.0362567 0.0764823 0.00361386 
0.453986 0.330376 0.0245287 0.0273931 0.0335181 0.125839 0.00435925 
0.52809 0.208855 0.0258456 0.0301372 0.0456112 0.156348 0.00511245 
0.518667 0.285463 0.00951851 0.0878775 0.0811933 0.0121319 0.00514913 
0.584836 0.291659 0.0123571 0.0641162 0.0223223 0.0193305 0.00537857 
0.850163 0.0445877 0.0318509 0.0385273 0.0145981 0.0140656 0.00620723 
0.601315 0.0294697 0.110875 0.132552 0.00479647 0.100693 0.0202991 
0.730672 0.0149806 0.0914859 0.0498373 0.00494645 0.0813599 0.0267176 
0.863767 0.0127029 0.0654581 0.020573 0.00515792 0.0212897 0.0110509 
0.826456 0.0448721 0.050446 0.0354894 0.0136353 0.0205368 0.00856444 
0.797877 0.0886893 0.0390027 0.0180612 0.0172833 0.0277881 0.0112988 
0.806786 0.0767403 0.0450373 0.0181615 0.00777375 0.0346974 0.0108038 
0.776679 0.0959849 0.0493759 0.0244043 0.0132576 0.0298583 0.0104402 
0.851051 0.0359029 0.0650742 0.0102988 0.00504315 0.0231497 0.00948005 
0.870508 0.0301536 0.0568318 0.00983982 0.00575902 0.0203682 0.0065396 
0.861952 0.0314106 0.0564711 0.00998748 0.00591229 0.0255475 0.00871953 
0.871321 0.0244814 0.0673067 0.0163517 0.00558428 0.0105593 0.00439522 
0.860897 0.0303014 0.069068 0.012484 0.00518413 0.0165222 0.00554305 
0.857614 0.0430631 0.0608521 0.00937815 0.00597836 0.0155131 0.00760131 
0.863513 0.0275653 0.0802475 0.00697805 0.0054642 0.00874625 0.00748529 
0.869912 0.0412827 0.0544975 0.0115722 0.0074608 0.0074419 0.00783297 
0.895879 0.0156271 0.0450315 0.0218794 0.0144408 0.00176506 0.00537665 
0.912437 0.0136548 0.0324539 0.0197468 0.0156782 0.00166417 0.00436517 
0.889765 0.0123975 0.0572633 0.0141426 0.00583537 0.00141229 0.0191838 
0.864443 0.0114142 0.0692832 0.0156228 0.00648754 0.0011769 0.0315726 
0.874915 0.0207103 0.0474013 0.0195532 0.0149433 0.00151592 0.0209607 
0.86489 0.0170308 0.0598027 0.0268328 0.00887223 0.00116095 0.0214106 
0.864494 0.0199843 0.0575579 0.024056 0.00877807 0.00130188 0.0238277 
0.835945 0.0147644 0.0740496 0.0325031 0.00697574 0.00130864 0.0344531 
0.847683 0.0186935 0.068566 0.0222603 0.00857117 0.00137019 0.0328558 
0.869974 0.0157525 0.0667403 0.0159436 0.0066568 0.00114157 0.0237909 
0.876051 0.0175683 0.0641466 0.013204 0.00749319 0.00128621 0.0202503 
0.851613 0.0161512 0.0793262 0.0189593 0.00448061 0.00123598 0.0282341 
0.857811 0.0188743 0.0690421 0.0187085 0.0117968 0.00139637 0.0223709 
0.855414 0.0189184 0.0726848 0.0181516 0.00638053 0.00140016 0.0270501 
0.855955 0.0161867 0.0688647 0.0209228 0.00777637 0.00141545 0.0288793 
0.872929 0.0226638 0.0597812 0.0102041 0.00476848 0.00181381 0.0278395 
0.88814 0.0224321 0.0414331 0.0271429 0.00912509 0.00124845 0.0104781 
0.875247 0.024852 0.0394032 0.0380469 0.0106017 0.00115082 0.0106982 
0.88317 0.0233787 0.0451504 0.0289605 0.00675808 0.00127288 0.0113099 
0.892757 0.0232805 0.0393703 0.0302844 0.00468371 0.00154991 0.00807457 
0.880517 0.0273693 0.0346433 0.0312589 0.0134776 0.00151625 0.0112178 
0.896229 0.0264571 0.0258536 0.031898 0.0120702 0.00117847 0.00631366 
0.881671 0.0316073 0.0249173 0.0425674 0.0113802 0.00151716 0.00633999 
0.842867 0.0251448 0.0255546 0.0864158 0.0139783 0.00105486 0.00498434 
0.848438 0.0172976 0.0327171 0.0830719 0.0111186 0.00114366 0.00621264 
0.836875 0.020659 0.0268938 0.0990151 0.010516 0.0013808 0.00466038 
0.718791 0.027063 0.016318 0.199611 0.030933 0.0016883 0.00559639 
0.797715 0.0551553 0.0149471 0.0956283 0.0261357 0.00262778 0.00779041 
0.758287 0.0747374 0.0120103 0.0940977 0.0470467 0.00391644 0.00990395 
0.573511 0.119606 0.0078726 0.137386 0.143852 0.00634144 0.0114311 
0.567179 0.149227 0.00755706 0.20546 0.0584613 0.00417444 0.00794246 
0.482126 0.109485 0.00668151 0.264008 0.121733 0.00854676 0.00741953 
0.502734 0.132131 0.00722267 0.243624 0.100423 0.0049346 0.00893054 
0.576221 0.163235 0.00683366 0.138411 0.101543 0.00543028 0.00832658 
0.562235 0.0676722 0.00802777 0.276857 0.073 0.00353153 0.00867648 
0.646873 0.0952743 0.00819764 0.125239 0.111371 0.00529106 0.00775425 
0.820252 0.0712127 0.0128739 0.0562856 0.0290166 0.00354226 0.00681725 
0.806168 0.0476377 0.0121584 0.0721362 0.0525119 0.00270146 0.00668678 
0.721828 0.0301038 0.0120587 0.0823955 0.145504 0.00283249 0.00527773 
0.771576 0.0402075 0.0211048 0.0460024 0.112437 0.00227606 0.006396 
0.750027 0.0358438 0.0271197 0.0536636 0.125039 0.00222931 0.00607785 
0.688712 0.0523884 0.0290324 0.0426179 0.176719 0.00328426 0.0072464 
0.672771 0.0483476 0.0262231 0.0440286 0.199671 0.00266286 0.00629613 
0.631999 0.0567945 0.0222457 0.0532352 0.226913 0.00273773 0.00607515 
0.526489 0.0412123 0.0132252 0.0782758 0.334549 0.00165839 0.0045908 
0.889765 0.0123975 0.0572633 0.0141426 0.00583537 0.00141229 0.0191838 
0.864443 0.0114142 0.0692832 0.0156228 0.00648754 0.0011769 0.0315726 
0.874915 0.0207103 0.0474013 0.0195532 0.0149433 0.00151592 0.0209607 
0.86489 0.0170308 0.0598027 0.0268328 0.00887223 0.00116095 0.0214106 
0.864494 0.0199843 0.0575579 0.024056 0.00877807 0.00130188 0.0238277 
0.835945 0.0147644 0.0740496 0.0325031 0.00697574 0.00130864 0.0344531 
0.847683 0.0186935 0.068566 0.0222603 0.00857117 0.00137019 0.0328558 
0.869974 0.0157525 0.0667403 0.0159436 0.0066568 0.00114157 0.0237909 
0.876051 0.0175683 0.0641466 0.013204 0.00749319 0.00128621 0.0202503 
0.851613 0.0161512 0.0793262 0.0189593 0.00448061 0.00123598 0.0282341 
0.857811 0.0188743 0.0690421 0.0187085 0.0117968 0.00139637 0.0223709 
0.855414 0.0189184 0.0726848 0.0181516 0.00638053 0.00140016 0.0270501 
0.855955 0.0161867 0.0688647 0.0209228 0.00777637 0.00141545 0.0288793 
0.872929 0.0226638 0.0597812 0.0102041 0.00476848 0.00181381 0.0278395 
0.377937 0.475292 0.00358567 0.107521 0.0193642 0.00449829 0.0118024 
0.50636 0.343234 0.00555301 0.113459 0.0169055 0.00400468 0.0104837 
0.535376 0.246552 0.00684055 0.17395 0.0202317 0.00319 0.0138596 
0.578104 0.244618 0.00618063 0.134192 0.0218449 0.00381866 0.0112417 
0.512243 0.362325 0.0065098 0.0866405 0.0122533 0.00528656 0.0147414 
0.496605 0.376094 0.00467876 0.0776571 0.0249096 0.00689495 0.0131606 
0.593252 0.230059 0.00839648 0.143109 0.0101367 0.00415342 0.0108932 
0.664725 0.173484 0.0100904 0.127863 0.00956303 0.00537575 0.00889935 
0.639063 0.157789 0.0126937 0.167741 0.00803842 0.00385781 0.0108171 
0.724688 0.134993 0.0122519 0.101093 0.00980096 0.00489341 0.0122794 
0.693026 0.138781 0.0110076 0.13115 0.0110217 0.00416646 0.0108467 
0.66719 0.183189 0.00919012 0.106779 0.0136223 0.00490157 0.0151275 
0.618368 0.236483 0.0100711 0.107178 0.00935196 0.00334502 0.0152035 
0.616324 0.248955 0.00810007 0.0957719 0.0144185 0.00327681 0.0131533 
0.683773 0.203538 0.0103369 0.0711652 0.0120382 0.00396828 0.0151801 
0.650363 0.255743 0.0105381 0.0544362 0.00818108 0.0040926 0.0166459 
0.692537 0.193953 0.0101147 0.0764536 0.0120898 0.00311264 0.0117394 
0.633235 0.231004 0.0114445 0.0966975 0.00812541 0.0026904 0.0168028 
0.636337 0.218425 0.00817801 0.0997323 0.0212317 0.00264467 0.013451 
0.634394 0.264373 0.0105722 0.0613102 0.00802353 0.00300388 0.0183233 
0.683349 0.199775 0.00949368 0.0740784 0.0130192 0.00331064 0.0169739 
0.71594 0.176586 0.0114123 0.0590718 0.00927957 0.00297954 0.0247302 
0.80577 0.103979 0.012287 0.0514591 0.00989992 0.00255138 0.0140532 
0.792571 0.0874363 0.0190311 0.0683628 0.00709507 0.00162756 0.0238761 
0.787726 0.110165 0.00998403 0.0579957 0.0190699 0.00267937 0.0123804 
0.824446 0.0692048 0.0134266 0.0687257 0.0119164 0.00176863 0.0105115 
0.82005 0.077436 0.0125488 0.0494636 0.0205734 0.00226725 0.0176613 
0.825934 0.0681258 0.0118099 0.0492943 0.0300225 0.00222404 0.0125897 
0.874951 0.0138588 0.0633514 0.0298379 0.00638529 7.02242E-4 0.0109134 
0.862132 0.0126831 0.0716109 0.0300864 0.00694906 7.14223E-4 0.0158238 
0.856565 0.0179816 0.0586157 0.0461263 0.0056105 7.34786E-4 0.0143657 
0.85018 0.0119829 0.0802596 0.0237341 0.00229424 8.76751E-4 0.0306722 
0.8364 0.0128493 0.0731218 0.0481371 0.00771326 7.75177E-4 0.0210036 
0.869438 0.0152612 0.0492641 0.0446736 0.00892697 9.0674E-4 0.0115298 
0.852152 0.0162206 0.061652 0.0411025 0.00776638 8.25097E-4 0.0202811 
0.8665 0.0147902 0.0582506 0.0216772 0.00486248 0.00113529 0.0327842 
0.862075 0.0167936 0.0557954 0.0361208 0.0057389 9.75564E-4 0.0225005 
0.850507 0.0167543 0.0581906 0.0408202 0.00770624 8.42334E-4 0.0251792 
0.856694 0.016591 0.0559564 0.025831 0.00679188 9.01547E-4 0.037234 
0.872791 0.0145158 0.0534016 0.0240254 0.00636483 0.00118909 0.0277122 
0.881882 0.0111968 0.05091 0.0256881 0.00850873 0.00136219 0.0204522 
0.861477 0.00997114 0.0593742 0.0389708 0.00653534 0.0011297 0.0225413 
0.867955 0.00911928 0.0685314 0.0249529 0.00461702 9.19809E-4 0.0239048 
0.865536 0.0107921 0.0658215 0.0228653 0.00424536 0.00100549 0.0297342 
0.848237 0.010779 0.0841814 0.0163317 0.00415693 8.39046E-4 0.0354745 
0.862376 0.00869619 0.0771756 0.0253113 0.00349873 7.55962E-4 0.0221858 
0.843613 0.00788512 0.0964391 0.0203843 0.00241771 8.27728E-4 0.0284331 
0.843758 0.0102246 0.0793724 0.032365 0.00391131 9.66706E-4 0.0294023 
0.875209 0.0138026 0.058707 0.0231731 0.00776159 9.08218E-4 0.0204387 
0.863601 0.0128713 0.0651327 0.0231019 0.0108945 7.73897E-4 0.0236246 
0.873207 0.016487 0.0537187 0.0237665 0.0140248 9.72123E-4 0.0178241 
0.882314 0.0115709 0.0561246 0.024621 0.0104987 8.29266E-4 0.0140418 
0.871498 0.0113226 0.0718424 0.0231262 0.00585903 8.89952E-4 0.0154614 
0.848008 0.0140566 0.0770589 0.0321766 0.00639398 7.30187E-4 0.021576 
0.85702 0.0126373 0.073025 0.0277625 0.00674842 7.96011E-4 0.0220105 
0.872451 0.0120089 0.0619979 0.0202164 0.00775518 0.00109106 0.0244794 
0.864665 0.0113772 0.0658399 0.0234132 0.0081966 0.00130823 0.0251997 
0.863369 0.0155098 0.0593676 0.0132975 0.00779698 0.0015907 0.0390682 
0.854343 0.00784495 0.0798792 0.0281859 0.00411157 0.0010011 0.0246339 
0.885702 0.0111952 0.0580568 0.0137404 0.00396892 0.00129678 0.0260395 
0.873662 0.00964066 0.060853 0.0201907 0.0073957 0.00140152 0.0268559 
0.869166 0.0085659 0.0721679 0.0213435 0.00560242 0.00107256 0.0220813 
0.861507 0.00879223 0.0795801 0.0213323 0.00717469 0.00113418 0.0204792 
0.861957 0.00946873 0.0644324 0.0342849 0.00722828 0.00118256 0.0214457 
0.863663 0.0152198 0.0723285 0.0209775 0.00677208 9.05376E-4 0.0201341 
0.870087 0.0208462 0.0544316 0.0243145 0.00735952 0.00112571 0.0218356 
0.839155 0.0136426 0.0837899 0.0218272 0.00426895 9.63879E-4 0.0363527 
0.824047 0.0179811 0.0865454 0.0272454 0.00510483 0.00115338 0.0379226 
0.833995 0.0242364 0.0590534 0.0452812 0.0127759 0.00112137 0.0235366 
0.862685 0.0134003 0.0567997 0.0316428 0.0110366 8.35052E-4 0.0236007 
0.838867 0.020776 0.067212 0.0414305 0.00711724 9.1656E-4 0.0236804 
0.828118 0.0178638 0.0802388 0.0118578 0.00798236 0.00156035 0.0523787 
0.839767 0.0119759 0.0665985 0.0538984 0.0119623 0.00126011 0.0145381 
0.855729 0.0218935 0.0580035 0.0265654 0.00736571 0.00124959 0.0291932 
0.844847 0.0163251 0.0646972 0.0312813 0.0157109 0.00106977 0.0260688 
0.812954 0.0147763 0.0773655 0.0547 0.0123764 8.34093E-4 0.0269932 
0.842381 0.0196125 0.0505057 0.0534947 0.0149627 0.00113481 0.0179087 
0.852588 0.0206976 0.063081 0.0379881 0.00772636 8.36063E-4 0.0170827 
0.848612 0.0180417 0.0539283 0.0526443 0.0138404 0.00110223 0.0118307 
0.834324 0.0177187 0.0653555 0.0466284 0.0131738 0.00115772 0.0216423 
0.845989 0.0252868 0.0769875 0.0224518 0.00551213 0.00104418 0.0227282 
0.834245 0.0219175 0.0769513 0.0333739 0.00824789 9.70608E-4 0.024294 
0.828938 0.0178915 0.0727425 0.044378 0.0104652 0.00101801 0.024567 
0.85917 0.0170116 0.0727845 0.0106726 0.00813193 0.00142663 0.0308032 
0.841254 0.0154047 0.0576842 0.0608548 0.00600018 9.72369E-4 0.0178297 
