0.905595 0.027272 0.0289816 0.0124931 0.00793014 0.00184068 0.0158873 
0.901488 0.0217647 0.0328275 0.00892748 0.0104393 0.00166956 0.0228835 
0.873254 0.0194144 0.0502301 0.005901 0.00476779 0.00188384 0.0445489 
0.889185 0.0235683 0.0328388 0.0119439 0.0145438 0.00182786 0.0260922 
0.886716 0.0289224 0.0381908 0.0126335 0.00971902 0.00118316 0.0226355 
0.875441 0.029881 0.0291179 0.00887941 0.0159448 0.00249067 0.0382453 
0.893274 0.016521 0.0471951 0.0086501 0.00768649 0.00135632 0.0253165 
0.874219 0.0188207 0.0479342 0.00931119 0.0109943 0.00145585 0.0372652 
0.890793 0.0241823 0.0394727 0.00848007 0.00960061 0.00162746 0.0258434 
0.858496 0.0283828 0.0495286 0.0136766 0.00650698 0.00113912 0.0422697 
0.896008 0.0212637 0.0311951 0.0259108 0.0106321 0.00132143 0.013669 
0.892357 0.0213771 0.030754 0.0200257 0.0154845 0.00128673 0.0187149 
0.876602 0.02083 0.0400581 0.012808 0.0122034 0.00169313 0.0358049 
0.874044 0.0253799 0.0339164 0.0177338 0.0125598 0.00188464 0.0344818 
0.873897 0.0228417 0.0330237 0.0198489 0.0231801 0.0018023 0.0254065 
0.86136 0.027274 0.0318487 0.019511 0.0245406 0.00157862 0.0338874 
0.871107 0.0232766 0.031797 0.0204954 0.0173849 0.0016697 0.0342696 
0.868251 0.0165005 0.0349789 0.00979224 0.0254524 0.00251914 0.0425062 
0.865543 0.0211598 0.0430052 0.00795948 0.0121627 0.00156867 0.048601 
0.76434 0.0320817 0.0600374 0.0109369 0.0082469 0.00144105 0.122917 
0.746272 0.0335996 0.0599109 0.0100082 0.0076905 0.00171791 0.140801 
0.835313 0.0368722 0.041088 0.0205434 0.012898 0.00138933 0.0518964 
0.800658 0.0341499 0.0580433 0.0210296 0.00950686 0.00125922 0.075353 
0.781257 0.0421164 0.0527503 0.0176451 0.00733578 0.00152025 0.0973748 
0.827241 0.0383076 0.0459158 0.0129181 0.0135052 0.0017164 0.0603954 
0.845921 0.0218885 0.0510209 0.01106 0.0105132 0.00135791 0.0582382 
0.848845 0.0175458 0.0532838 0.014312 0.00572377 0.00113744 0.0591526 
0.858329 0.0159085 0.047937 0.0183256 0.00599762 0.00122508 0.052277 
0.846294 0.0156049 0.0585952 0.0172397 0.00539578 0.00110652 0.0557644 
0.78421 0.0213498 0.0694397 0.0204993 0.00547626 0.00104395 0.0979807 
0.722683 0.0225839 0.0764155 0.0199901 0.00929207 0.00116233 0.147873 
0.770323 0.0196267 0.0641101 0.0234115 0.00662558 0.001093 0.11481 
0.801161 0.0191484 0.0549164 0.0229019 0.00564838 0.00133201 0.0948916 
0.748074 0.0156762 0.0739758 0.0287838 0.00440995 0.00108921 0.127991 
0.824089 0.0106482 0.061763 0.0606403 0.00482615 7.9958E-4 0.0372339 
0.748931 0.0144517 0.08174 0.0509923 0.00387269 9.63964E-4 0.0990486 
0.797585 0.0127989 0.0808154 0.0332568 0.00348451 8.54142E-4 0.0712058 
0.78064 0.00943518 0.102474 0.0391191 0.00197365 9.48609E-4 0.06541 
0.726396 0.0173512 0.0927558 0.0312618 0.00193805 0.00133918 0.128958 
0.80192 0.00953378 0.0886031 0.0216331 0.00181568 9.84311E-4 0.0755097 
0.789914 0.0110789 0.0871473 0.0622985 0.00352815 9.01624E-4 0.0451312 
0.850062 0.0104572 0.0574167 0.0252626 0.00673933 8.6195E-4 0.0492002 
0.829396 0.0136789 0.0624453 0.0226802 0.00676774 8.48454E-4 0.0641837 
0.842505 0.0126409 0.0582033 0.0137185 0.0117893 0.00187325 0.0592702 
0.823411 0.0116207 0.0734121 0.00977796 0.00405219 0.0013878 0.0763383 
0.870872 0.012615 0.0492878 0.0139139 0.00889603 0.00150969 0.0429052 
0.700375 0.0136286 0.0835349 0.00887301 0.00385768 0.001323 0.188408 
0.72955 0.0170549 0.0777635 0.0118609 0.0091188 0.00133556 0.153316 
0.782397 0.0168264 0.0655302 0.0151207 0.0136775 0.00127278 0.105175 
0.708479 0.0219579 0.0827496 0.0104819 0.00664809 0.00144236 0.168241 
0.803725 0.0155001 0.0705132 0.0138464 0.0057423 0.00111319 0.08956 
0.874336 0.0118094 0.0418365 0.0233347 0.0191357 0.00108743 0.0284604 
0.874605 0.0110769 0.0404632 0.0236453 0.0231515 0.00149733 0.0255612 
0.842028 0.013941 0.0462538 0.0255132 0.0231864 0.00135563 0.0477216 
0.861349 0.0190152 0.0419012 0.00882134 0.0159573 0.00181923 0.0511366 
0.86358 0.0165372 0.0460062 0.00756963 0.0136388 0.00188681 0.0507812 
0.813487 0.0315587 0.0392042 0.0102068 0.0190955 0.00258418 0.0838639 
0.877943 0.0222102 0.03715 0.0118931 0.0144512 0.00196618 0.034386 
0.858493 0.0235549 0.0447614 0.00886674 0.0117993 0.00218107 0.0503434 
0.827124 0.0202487 0.0582369 0.00728704 0.00719545 0.00187813 0.0780297 
0.724292 0.0300628 0.0657374 0.00778492 0.00374429 0.00224836 0.166131 
0.705268 0.0387841 0.0556923 0.00600585 0.00593089 0.00288705 0.185432 
0.775911 0.0492864 0.0412825 0.00699388 0.0100424 0.00290488 0.113579 
0.825375 0.0339005 0.047327 0.00799995 0.00665129 0.00224144 0.076505 
0.829737 0.0261432 0.0576015 0.00947198 0.00491465 0.00143154 0.0707002 
0.854849 0.0205479 0.0495894 0.00580645 0.0115183 0.00223414 0.0554545 
0.847023 0.0181433 0.052681 0.0124923 0.0133201 0.00142901 0.0549116 
0.863246 0.0197112 0.040174 0.0112427 0.0150976 0.0019372 0.0485909 
0.842507 0.0283633 0.0444887 0.011204 0.0134748 0.00177678 0.0581859 
0.84367 0.0286794 0.0395513 0.0102354 0.0157831 0.00236526 0.0597151 
0.844461 0.0270388 0.0433867 0.00768403 0.0093974 0.00238038 0.0656519 
0.847445 0.0268241 0.0462588 0.00886784 0.00748906 0.00158806 0.061527 
0.855381 0.0262235 0.0455846 0.0106115 0.00885831 0.00161804 0.0517235 
0.815487 0.0160545 0.0672473 0.012332 0.00500071 0.00113495 0.0827431 
0.765455 0.021892 0.0615267 0.011247 0.00510829 0.00143557 0.133336 
0.674784 0.0181785 0.0703774 0.00803249 0.00310717 0.00185998 0.22366 
0.802049 0.0253628 0.0520739 0.00968898 0.00675501 0.00162957 0.102441 
0.793767 0.02382 0.0558167 0.0167812 0.00736565 0.00129734 0.101152 
0.814777 0.0255158 0.0516792 0.00991598 0.00556946 0.00181344 0.0907297 
0.769523 0.0408856 0.0483726 0.0101709 0.00990534 0.00178784 0.119355 
0.792839 0.0341449 0.0472471 0.0125584 0.0102528 0.00166866 0.101289 
0.798954 0.0287492 0.0469119 0.0222093 0.012417 0.00152376 0.0892344 
0.214169 0.00507482 0.0231629 0.73542 0.0137746 3.68301E-4 0.00803073 
0.483574 0.0104223 0.0433129 0.423399 0.0168544 0.00114232 0.0212941 
0.345852 0.00867844 0.0235949 0.567553 0.0382081 8.08275E-4 0.015306 
0.203003 0.00743285 0.0125771 0.728983 0.0401474 7.72553E-4 0.00708388 
0.0537162 0.00280631 0.00614163 0.906231 0.0262898 3.17773E-4 0.00449735 
0.121783 0.00481859 0.00687886 0.808835 0.0522732 5.53702E-4 0.00485749 
0.067781 0.00499161 0.005622 0.879988 0.0362108 4.90818E-4 0.00491534 
0.0654561 0.00403665 0.00591255 0.891041 0.0290467 4.48745E-4 0.00405872 
0.0394667 0.00261715 0.00338222 0.931433 0.020625 3.04029E-4 0.00217207 
0.0993147 0.00574603 0.00615761 0.819811 0.0626638 7.75077E-4 0.00553142 
0.140388 0.00505324 0.00845468 0.798218 0.0410708 5.80082E-4 0.00623533 
0.147126 0.00829047 0.00886745 0.773961 0.0542043 0.00102785 0.0065223 
0.0696835 0.00269148 0.00542511 0.893163 0.0260718 3.38437E-4 0.00262698 
0.0852928 0.0027827 0.0090724 0.88436 0.0146958 3.42369E-4 0.00345361 
0.0721629 0.00301069 0.00791406 0.90025 0.0121637 2.65793E-4 0.004233 
0.861349 0.0190152 0.0419012 0.00882134 0.0159573 0.00181923 0.0511366 
0.86358 0.0165372 0.0460062 0.00756963 0.0136388 0.00188681 0.0507812 
0.813487 0.0315587 0.0392042 0.0102068 0.0190955 0.00258418 0.0838639 
0.877943 0.0222102 0.03715 0.0118931 0.0144512 0.00196618 0.034386 
0.858493 0.0235549 0.0447614 0.00886674 0.0117993 0.00218107 0.0503434 
0.827124 0.0202487 0.0582369 0.00728704 0.00719545 0.00187813 0.0780297 
0.724292 0.0300628 0.0657374 0.00778492 0.00374429 0.00224836 0.166131 
0.705268 0.0387841 0.0556923 0.00600585 0.00593089 0.00288705 0.185432 
0.775911 0.0492864 0.0412825 0.00699388 0.0100424 0.00290488 0.113579 
0.825375 0.0339005 0.047327 0.00799995 0.00665129 0.00224144 0.076505 
0.829737 0.0261432 0.0576015 0.00947198 0.00491465 0.00143154 0.0707002 
0.854849 0.0205479 0.0495894 0.00580645 0.0115183 0.00223414 0.0554545 
0.847023 0.0181433 0.052681 0.0124923 0.0133201 0.00142901 0.0549116 
0.863246 0.0197112 0.040174 0.0112427 0.0150976 0.0019372 0.0485909 
0.842507 0.0283633 0.0444887 0.011204 0.0134748 0.00177678 0.0581859 
0.84367 0.0286794 0.0395513 0.0102354 0.0157831 0.00236526 0.0597151 
0.844461 0.0270388 0.0433867 0.00768403 0.0093974 0.00238038 0.0656519 
0.847445 0.0268241 0.0462588 0.00886784 0.00748906 0.00158806 0.061527 
0.855381 0.0262235 0.0455846 0.0106115 0.00885831 0.00161804 0.0517235 
0.815487 0.0160545 0.0672473 0.012332 0.00500071 0.00113495 0.0827431 
0.765455 0.021892 0.0615267 0.011247 0.00510829 0.00143557 0.133336 
0.674784 0.0181785 0.0703774 0.00803249 0.00310717 0.00185998 0.22366 
0.802049 0.0253628 0.0520739 0.00968898 0.00675501 0.00162957 0.102441 
0.793767 0.02382 0.0558167 0.0167812 0.00736565 0.00129734 0.101152 
0.814777 0.0255158 0.0516792 0.00991598 0.00556946 0.00181344 0.0907297 
0.769523 0.0408856 0.0483726 0.0101709 0.00990534 0.00178784 0.119355 
0.792839 0.0341449 0.0472471 0.0125584 0.0102528 0.00166866 0.101289 
0.798954 0.0287492 0.0469119 0.0222093 0.012417 0.00152376 0.0892344 
0.214169 0.00507482 0.0231629 0.73542 0.0137746 3.68301E-4 0.00803073 
0.483574 0.0104223 0.0433129 0.423399 0.0168544 0.00114232 0.0212941 
0.345852 0.00867844 0.0235949 0.567553 0.0382081 8.08275E-4 0.015306 
0.203003 0.00743285 0.0125771 0.728983 0.0401474 7.72553E-4 0.00708388 
0.0537162 0.00280631 0.00614163 0.906231 0.0262898 3.17773E-4 0.00449735 
0.121783 0.00481859 0.00687886 0.808835 0.0522732 5.53702E-4 0.00485749 
0.067781 0.00499161 0.005622 0.879988 0.0362108 4.90818E-4 0.00491534 
0.0654561 0.00403665 0.00591255 0.891041 0.0290467 4.48745E-4 0.00405872 
0.0394667 0.00261715 0.00338222 0.931433 0.020625 3.04029E-4 0.00217207 
0.0993147 0.00574603 0.00615761 0.819811 0.0626638 7.75077E-4 0.00553142 
0.140388 0.00505324 0.00845468 0.798218 0.0410708 5.80082E-4 0.00623533 
0.147126 0.00829047 0.00886745 0.773961 0.0542043 0.00102785 0.0065223 
0.0696835 0.00269148 0.00542511 0.893163 0.0260718 3.38437E-4 0.00262698 
0.0852928 0.0027827 0.0090724 0.88436 0.0146958 3.42369E-4 0.00345361 
0.0721629 0.00301069 0.00791406 0.90025 0.0121637 2.65793E-4 0.004233 
0.0845343 0.00305029 0.00725295 0.888151 0.0129132 2.21272E-4 0.00387739 
0.0627954 0.00288574 0.00465634 0.908543 0.0182891 2.84233E-4 0.00254613 
0.0738085 0.00316706 0.00301392 0.881298 0.0363078 4.28759E-4 0.00197616 
0.0745707 0.0030217 0.00324379 0.858629 0.0567183 5.41412E-4 0.0032753 
0.0675925 0.00268295 0.00335889 0.913532 0.00969152 2.45731E-4 0.00289638 
0.111147 0.00471107 0.00507422 0.856454 0.0141155 3.97056E-4 0.00810202 
0.225688 0.0173181 0.00568672 0.697999 0.041284 0.00123351 0.0107904 
0.174479 0.0100108 0.00492388 0.751177 0.048461 8.35606E-4 0.0101129 
0.699292 0.024373 0.018036 0.152527 0.0400994 0.00329934 0.0623738 
0.402015 0.0881185 0.00506612 0.401293 0.0948439 0.00339022 0.00527323 
0.0977655 0.151617 0.0163211 0.328598 0.368926 0.0190078 0.0177647 
0.0900118 0.152128 0.0164784 0.294975 0.407368 0.0235454 0.0154932 
0.0950437 0.178237 0.0121469 0.221466 0.458543 0.0201474 0.0144162 
0.300027 0.31392 0.0044904 0.21131 0.141388 0.0218149 0.00704952 
0.283309 0.226156 0.00425654 0.302211 0.159566 0.0180732 0.00642841 
0.234587 0.295474 0.0044964 0.17296 0.269143 0.0143717 0.00896743 
0.137912 0.25114 0.00575363 0.158957 0.42157 0.0158907 0.0087777 
0.125775 0.170733 0.0092372 0.203991 0.461354 0.0182919 0.0106176 
0.119154 0.357155 0.00641534 0.14541 0.346142 0.0173227 0.00840052 
0.119504 0.358145 0.00688109 0.175111 0.31381 0.0180802 0.00846959 
0.0657889 0.448464 0.00235249 0.0886884 0.377093 0.0135917 0.00402092 
0.0488635 0.494346 0.00149995 0.0744584 0.365909 0.0125769 0.00234566 
0.0583612 0.424751 0.00328327 0.115691 0.376328 0.0174716 0.00411464 
0.0581715 0.595114 0.00227128 0.105958 0.219681 0.01575 0.00305463 
0.0972715 0.530058 0.0032581 0.138403 0.211316 0.0155941 0.0040992 
0.0837734 0.143341 0.00478704 0.163487 0.5817 0.0173543 0.00555709 
0.126623 0.0891851 0.00264879 0.0954545 0.666461 0.0156701 0.00395784 
0.143029 0.0642531 0.00287864 0.112973 0.66292 0.0100394 0.00390728 
0.181824 0.0737497 0.00324423 0.132972 0.590144 0.013361 0.00470573 
0.235626 0.112721 0.00481315 0.228721 0.39765 0.0138404 0.0066283 
0.195872 0.102807 0.00475028 0.250794 0.426227 0.0136704 0.00588008 
0.215311 0.135723 0.00662707 0.25112 0.368087 0.0151143 0.00801789 
0.140248 0.112045 0.0059044 0.23083 0.492045 0.0114493 0.00747733 
0.164912 0.125369 0.00545572 0.462553 0.225523 0.0099614 0.00622651 
0.188555 0.112613 0.0055072 0.358863 0.3178 0.0103473 0.00631443 
0.154026 0.090646 0.00462095 0.241167 0.493612 0.0107638 0.00516415 
0.19782 0.0723274 0.0041368 0.278921 0.432454 0.00974295 0.00459729 
0.207883 0.085228 0.00413785 0.324595 0.364522 0.0087852 0.00484914 
0.290695 0.193959 0.00649703 0.185241 0.302346 0.0129555 0.00830685 
0.231611 0.180108 0.00753281 0.157242 0.400636 0.0133654 0.00950537 
0.188068 0.112306 0.00595806 0.128804 0.544975 0.0127198 0.00716908 
0.351851 0.272271 0.00555793 0.125585 0.224151 0.0120254 0.00855877 
0.315347 0.310719 0.00480244 0.108938 0.240573 0.0116645 0.00795544 
0.276466 0.298977 0.00490863 0.0736548 0.324655 0.0125303 0.00880825 
0.339529 0.227999 0.00582124 0.134956 0.270673 0.0131614 0.0078608 
0.229845 0.22883 0.00502533 0.105709 0.408691 0.0139207 0.00797935 
0.203111 0.218381 0.00457372 0.099306 0.452635 0.0147015 0.00729174 
0.196753 0.208203 0.00472877 0.0754655 0.493638 0.0136959 0.00751601 
0.159409 0.142806 0.0044282 0.0679425 0.607356 0.0111301 0.00692801 
0.182464 0.140615 0.00496432 0.0925993 0.560053 0.0119925 0.00731182 
0.144803 0.100675 0.00403258 0.0687174 0.666042 0.00937569 0.00635349 
0.194237 0.265019 0.00384389 0.0684109 0.448117 0.0133248 0.00704781 
0.268441 0.259634 0.00545236 0.0855127 0.35883 0.0125838 0.00954651 
0.268025 0.151917 0.00653873 0.0850859 0.466494 0.0122223 0.00971748 
0.199555 0.0874389 0.00506968 0.0879279 0.604387 0.00860218 0.0070201 
0.408487 0.222564 0.00705899 0.0959573 0.243968 0.0105727 0.0113927 
0.37644 0.170271 0.00785547 0.0935472 0.326702 0.0112014 0.0139827 
0.324683 0.27455 0.00836586 0.0655693 0.296411 0.0112105 0.0192103 
0.497972 0.368331 0.00642501 0.0409557 0.0597243 0.00753784 0.0190551 
0.620043 0.211873 0.00841702 0.0545134 0.0810835 0.00587271 0.0181977 
0.618407 0.248678 0.00799475 0.0488238 0.0573791 0.00512103 0.0135968 
0.532533 0.154854 0.00703588 0.0774594 0.206605 0.0110251 0.0104877 
0.608391 0.255843 0.00726043 0.0603658 0.0521312 0.00453318 0.0114752 
0.74372 0.116239 0.00957494 0.0770117 0.0413375 0.00536455 0.0067527 
0.646447 0.15598 0.00800163 0.12969 0.0490272 0.00405181 0.00680237 
0.56823 0.244643 0.0061712 0.0955279 0.0708069 0.00618325 0.00843765 
0.517435 0.180938 0.00655326 0.136451 0.142949 0.00801076 0.00766293 
0.477245 0.240883 0.00486868 0.172786 0.0907378 0.00813728 0.00534128 
0.376897 0.258585 0.00581245 0.17794 0.164157 0.0105182 0.00609023 
0.347232 0.404479 0.00367217 0.09522 0.13426 0.0106732 0.00446447 
0.38948 0.417187 0.00355618 0.0898675 0.084516 0.0109151 0.0044778 
0.497804 0.191028 0.00560771 0.207358 0.0843025 0.00894823 0.0049517 
0.585899 0.224006 0.00643465 0.112239 0.0536325 0.0100681 0.00772029 
0.701411 0.123351 0.00819564 0.0946124 0.0590874 0.00652699 0.00681573 
0.609985 0.141044 0.00683767 0.104914 0.118548 0.010145 0.0085266 
0.709402 0.129371 0.00872374 0.079501 0.0573507 0.00609342 0.00955888 
0.629084 0.158372 0.00791826 0.097446 0.0915415 0.0071422 0.00849601 
0.719758 0.110047 0.00929193 0.104054 0.0453296 0.00491641 0.0066028 
0.738941 0.100093 0.00976229 0.064568 0.0722549 0.00679678 0.00758455 
0.726662 0.110055 0.00961164 0.0831029 0.0560604 0.00645621 0.0080515 
0.705549 0.0990242 0.0108216 0.131894 0.0433708 0.00320426 0.00613526 
0.784506 0.0986619 0.016708 0.0583535 0.0292397 0.00348293 0.00904756 
0.83379 0.0373913 0.020812 0.0652453 0.0325357 0.0032181 0.00700707 
0.817919 0.0303643 0.0263918 0.0842183 0.0301013 0.00244735 0.00855811 
0.819774 0.0223235 0.0257805 0.0752905 0.0419183 0.00209827 0.0128153 
0.781375 0.0216621 0.0261238 0.119048 0.0374682 0.00245781 0.011865 
0.724268 0.0271507 0.0179638 0.147743 0.0699574 0.00207916 0.0108381 
0.745642 0.0290822 0.0151904 0.132953 0.0677279 0.00198376 0.00742144 
0.807755 0.038119 0.0135251 0.0718652 0.0587073 0.00276622 0.00726214 
0.824931 0.0410799 0.0163477 0.0456889 0.0596111 0.00276661 0.00957461 
0.809361 0.0258994 0.0165507 0.0758675 0.0628626 0.00195317 0.00750537 
0.701187 0.0431104 0.013796 0.126596 0.103932 0.00196212 0.00941644 
0.747309 0.031266 0.0173858 0.126912 0.0666803 0.00181123 0.00863615 
0.78608 0.0232747 0.0173057 0.0860641 0.0753137 0.00207091 0.00989058 
0.817954 0.0414328 0.0141202 0.0582911 0.0555063 0.0030914 0.00960419 
0.786669 0.0483468 0.0143365 0.0451755 0.0891644 0.00358134 0.0127261 
0.809692 0.0582479 0.0164282 0.0515401 0.0496256 0.00374575 0.0107201 
0.759531 0.075466 0.0122166 0.06454 0.0744577 0.00361552 0.0101728 
0.777934 0.0646653 0.0139417 0.0655618 0.0648704 0.0033949 0.00963133 
0.802277 0.0650144 0.015187 0.050061 0.0533815 0.00304094 0.0110385 
0.734631 0.0630172 0.0128952 0.126043 0.0521377 0.00267085 0.00860503 
0.70146 0.0979491 0.0110991 0.107709 0.0689612 0.00342075 0.0094017 
0.658222 0.112373 0.0106058 0.0975534 0.105323 0.00488572 0.0110366 
0.676939 0.115176 0.010322 0.0848251 0.0981695 0.00436194 0.0102063 
0.672702 0.100227 0.0118523 0.0868841 0.111426 0.00478316 0.0121257 
0.639456 0.0824532 0.00915054 0.0955101 0.159136 0.00534354 0.00895039 
0.701391 0.0544867 0.0102321 0.0896442 0.131702 0.00439676 0.00814748 
0.69811 0.0746306 0.0108438 0.075214 0.126872 0.00466718 0.00966238 
0.735882 0.0700706 0.0121068 0.0675791 0.101212 0.00325458 0.0098951 
0.801777 0.0532544 0.0127271 0.0454328 0.0738598 0.00379252 0.00915681 
0.785705 0.0657415 0.0124164 0.0519895 0.0723746 0.00307875 0.00869395 
0.705269 0.0773176 0.00974286 0.0545339 0.139498 0.00445649 0.00918224 
0.834578 0.0489714 0.0141949 0.0335831 0.0576425 0.003116 0.00791415 
0.880395 0.0217 0.0257659 0.0478473 0.0159347 0.00209594 0.00626098 
0.730424 0.0106359 0.0164928 0.198043 0.0379894 0.00197888 0.00443601 
0.843156 0.0322958 0.0182247 0.0739451 0.0268317 0.00151953 0.00402666 
0.839354 0.0508156 0.0180226 0.0431418 0.036326 0.00296467 0.00937495 
0.875241 0.0318553 0.0244507 0.0319806 0.0241271 0.00242117 0.00992388 
0.882251 0.0283349 0.0263061 0.0378968 0.0161375 0.00155781 0.00751555 
0.88064 0.0264951 0.0244124 0.0407485 0.018122 0.00136671 0.00821541 
0.89737 0.0204516 0.0299844 0.0285261 0.0144852 0.00141008 0.00777284 
0.882601 0.0228621 0.0315118 0.0325798 0.016992 0.00133563 0.012118 
0.859925 0.021457 0.0411276 0.0552658 0.00983038 0.00108484 0.0113092 
0.876509 0.018072 0.0465603 0.0340659 0.0102499 0.00115729 0.0133861 
0.878215 0.0187739 0.0383458 0.0379955 0.0157921 0.00138241 0.00949527 
0.875231 0.0259897 0.0284088 0.0308511 0.0258909 0.00156173 0.0120666 
0.866585 0.0201644 0.0418746 0.0375473 0.0169972 0.00149662 0.0153345 
0.866759 0.0317256 0.0312063 0.0320811 0.0220998 0.00167695 0.0144507 
0.867886 0.0209381 0.0424968 0.0331931 0.0179733 0.00161029 0.0159029 
0.885743 0.0190674 0.0500944 0.0164562 0.00673348 0.00148759 0.0204183 
0.864837 0.0192821 0.0654618 0.0184663 0.00592986 0.00134955 0.0246738 
0.868485 0.0229653 0.0519512 0.0143821 0.00706914 0.0015981 0.0335488 
0.891717 0.022218 0.0494089 0.0150353 0.0050357 0.00149549 0.0150892 
0.890762 0.012121 0.059537 0.015963 0.0023367 0.00121155 0.0180683 
0.885292 0.0184649 0.0415323 0.022373 0.0139661 0.00127511 0.0170963 
0.880664 0.0203713 0.0431721 0.0284459 0.00794114 0.00142451 0.0179813 
0.884884 0.0165704 0.0443622 0.0306706 0.00905718 0.00141311 0.0130429 
0.873167 0.0177153 0.039662 0.0478328 0.00890906 0.00168591 0.0110277 
0.871708 0.0166119 0.0410501 0.0440526 0.0140331 0.00153968 0.0110049 
0.884389 0.0148697 0.0400337 0.0411682 0.00825931 0.00209524 0.00918447 
0.893657 0.0235579 0.0388352 0.0180634 0.0113104 0.00175544 0.0128203 
0.878886 0.0250397 0.0380347 0.0226259 0.0183899 0.00147603 0.0155477 
0.883627 0.02499 0.0359112 0.0215142 0.0181866 0.00143082 0.0143401 
0.872336 0.0207364 0.0459582 0.0295394 0.0133518 0.00100352 0.0170746 
0.877286 0.0241739 0.0519163 0.0185184 0.0113963 0.00100891 0.0157004 
0.882096 0.0226873 0.0540244 0.0199032 0.00538023 0.00120392 0.0147049 
0.875509 0.00927874 0.0782352 0.0186032 0.00290165 0.00142244 0.01405 
0.448663 0.0157802 0.071154 0.411956 0.012965 0.0264036 0.0130777 
0.65026 0.00796646 0.221787 0.0564888 0.011112 0.0100497 0.0423356 
0.821097 0.0180229 0.120948 0.00488347 0.00523127 0.00505553 0.024762 
0.845253 0.00727481 0.0974311 0.00856747 0.0116329 0.0032266 0.0266142 
0.856489 0.0103245 0.086073 0.0094771 0.00323948 0.00322306 0.0311734 
0.825471 0.00792814 0.116563 0.00608415 0.00288044 0.00428265 0.0367903 
0.868468 0.0108024 0.0676148 0.0213476 0.0133002 0.00254026 0.015927 
0.784346 0.00561667 0.112146 0.0727149 0.00709021 0.00228157 0.0158044 
0.838734 0.0087711 0.0548574 0.062332 0.023656 0.00429516 0.00735392 
0.842681 0.00994494 0.108592 0.0125927 0.00380928 0.00213791 0.0202426 
0.88673 0.0168903 0.0333203 0.0341775 0.0199915 0.00169115 0.00719967 
0.881459 0.0126487 0.0516053 0.0269947 0.00643782 0.00184327 0.0190109 
0.883954 0.00951287 0.0516446 0.0321889 0.00548666 0.0015017 0.0157114 
0.876228 0.00983217 0.0498822 0.0413793 0.00441723 0.00164393 0.0166173 
0.878081 0.0122502 0.044368 0.0429703 0.0044107 0.00132871 0.016591 
0.88213 0.0196108 0.0222266 0.0461721 0.0144301 0.00144008 0.0139905 
0.873929 0.025463 0.0280937 0.0488977 0.00549146 0.0016273 0.0164978 
0.801748 0.0552941 0.0183484 0.0753445 0.028696 0.00145131 0.0191177 
0.70928 0.084713 0.0143831 0.133052 0.0449972 0.00181563 0.0117595 
0.751008 0.0728485 0.0170545 0.113529 0.0262406 0.00161599 0.0177037 
0.843968 0.031344 0.0196873 0.0701205 0.0192672 0.00107102 0.0145419 
0.723946 0.0193313 0.0335253 0.19834 0.00835621 0.0010705 0.0154305 
0.837035 0.0170027 0.0323173 0.0937983 0.00422205 0.00102047 0.0146042 
0.89975 0.0165809 0.0310329 0.0315843 0.00439407 0.00159988 0.015058 
0.89159 0.0172846 0.0256601 0.0468234 0.00703704 0.0014634 0.0101413 
0.893202 0.0148895 0.0364274 0.0327606 0.00453614 0.00121915 0.0169649 
0.881473 0.0127362 0.0396825 0.0366328 0.00445269 0.00186704 0.0231562 
0.866752 0.0189985 0.0438335 0.0300433 0.00657437 0.00143778 0.0323609 
0.835843 0.0122497 0.0643277 0.0249119 0.00838503 0.00111499 0.0531676 
0.864728 0.0202412 0.0430372 0.0195325 0.00717884 0.00110051 0.044182 
0.887082 0.0137549 0.035885 0.0276945 0.00593368 0.00130515 0.0283443 
0.873345 0.009626 0.0476425 0.0197884 0.00397547 0.0012964 0.044326 
0.875768 0.0168047 0.0397411 0.0309221 0.00850973 0.00108626 0.0271678 
0.876222 0.0104051 0.0485738 0.0311064 0.00672521 0.00128817 0.0256793 
0.884327 0.0136353 0.0383126 0.0376877 0.00820892 0.0013739 0.0164546 
0.889778 0.0162979 0.0362696 0.032983 0.00682632 0.00120028 0.0166445 
0.896979 0.0166728 0.0416995 0.0245003 0.00382352 0.00132674 0.0149982 
0.879239 0.0158526 0.037332 0.0421509 0.00822458 0.00128917 0.0159121 
0.872134 0.0133856 0.0495943 0.032311 0.00665459 8.50959E-4 0.0250693 
0.857442 0.0128884 0.0505126 0.0408761 0.00754066 7.90349E-4 0.0299494 
0.860229 0.0151562 0.0517501 0.0352191 0.00498753 8.821E-4 0.031776 
0.862926 0.0129431 0.0570625 0.0240423 0.00663163 0.00102183 0.0353727 
0.83996 0.0138191 0.0442155 0.0599854 0.00856799 9.82485E-4 0.0324693 
0.843465 0.0149728 0.0472029 0.043167 0.00913321 0.00128591 0.0407731 
0.855006 0.0168924 0.0465719 0.0570018 0.00491185 7.89359E-4 0.0188273 
0.851723 0.0119801 0.0547962 0.0546258 0.00326004 9.23109E-4 0.0226921 
0.843726 0.0131551 0.0552172 0.058274 0.00561834 9.13396E-4 0.0230958 
0.868262 0.0145029 0.0526817 0.0310307 0.00452879 8.48349E-4 0.0281455 
0.885555 0.018927 0.0440999 0.0219422 0.00504933 0.00126436 0.0231621 
0.868717 0.0130049 0.0469501 0.0417675 0.00369376 8.68065E-4 0.0249991 
0.879261 0.0117837 0.0510928 0.0272714 0.00353199 0.00132238 0.0257372 
0.881832 0.0116111 0.0512585 0.0174203 0.00345045 0.00128916 0.0331389 
0.867637 0.014849 0.0547088 0.0222214 0.00365469 9.96494E-4 0.035933 
0.857227 0.0117204 0.0587842 0.0334295 0.0046181 8.44706E-4 0.0333763 
0.859237 0.011487 0.0502039 0.0257832 0.00860104 0.00114647 0.0435413 
0.865432 0.0146557 0.0563324 0.0175139 0.00591614 0.00109932 0.0390504 
0.87187 0.0144769 0.0547841 0.0167208 0.00640186 0.00146646 0.0342803 
0.874585 0.0141946 0.0462436 0.028563 0.00789751 0.00130568 0.0272107 
0.874813 0.0182773 0.0414733 0.0277222 0.00773064 0.00104273 0.028941 
0.871449 0.0117652 0.0571094 0.0230658 0.00583869 9.5306E-4 0.0298192 
0.875582 0.0112858 0.0481099 0.0388721 0.0066721 0.00101221 0.0184663 
0.854481 0.0103113 0.0644261 0.0273416 0.0051807 9.50326E-4 0.0373089 
0.832693 0.0148862 0.0658641 0.0203516 0.00428215 0.00109183 0.0608314 
0.87486 0.0163532 0.0414261 0.0326172 0.00863504 9.97744E-4 0.0251107 
0.868289 0.0112759 0.0503742 0.027926 0.00951536 0.00132733 0.0312918 
0.869252 0.0184802 0.0487433 0.022429 0.00832492 0.00123031 0.0315399 
0.875349 0.0186481 0.0500634 0.0238808 0.00580385 0.00106379 0.0251912 
0.876643 0.0141511 0.0510432 0.0183721 0.0104694 0.0010761 0.0282452 
0.881222 0.0157825 0.039331 0.0302829 0.0136652 0.00129418 0.0184218 
0.878806 0.0159123 0.0516327 0.0283958 0.00795164 8.95049E-4 0.0164064 
0.881839 0.0120606 0.0456859 0.02654 0.0123157 9.83698E-4 0.0205749 
0.873668 0.0160155 0.0521688 0.0293896 0.0084875 8.79565E-4 0.0193911 
0.866102 0.017361 0.048803 0.0345726 0.0111599 0.00107074 0.020931 
0.872596 0.0164193 0.0419552 0.0316744 0.0134238 9.43082E-4 0.0229885 
0.868564 0.0166786 0.0524847 0.0279367 0.00764058 9.8006E-4 0.0257153 
0.856728 0.015322 0.0560375 0.0421456 0.00753449 0.00106752 0.0211646 
0.873219 0.0131039 0.0461851 0.0344662 0.0133208 0.00140374 0.0183012 
0.85756 0.0121611 0.0588213 0.0421599 0.009871 0.00120335 0.0182236 
0.822658 0.0160365 0.0765627 0.040848 0.00529189 0.00115558 0.0374474 
0.85643 0.0140582 0.0574617 0.0321335 0.00956079 8.81908E-4 0.0294742 
0.853916 0.0171865 0.0493941 0.0289581 0.0171357 0.00110918 0.0323005 
0.878663 0.0250177 0.0381964 0.0269706 0.0116557 0.00111585 0.0183805 
0.876623 0.0173654 0.0431158 0.0297735 0.00917064 0.00121425 0.0227377 
0.886052 0.0188882 0.0456688 0.0203976 0.00811495 0.00114475 0.0197333 
0.883624 0.0229297 0.0434774 0.0194485 0.0113521 0.00167232 0.0174963 
0.865588 0.0249785 0.0463118 0.0103835 0.00599584 0.00180253 0.0449401 
0.874375 0.0172403 0.0421023 0.0235311 0.0174288 0.00127276 0.0240501 
0.849173 0.0210916 0.0477618 0.0216548 0.0222662 0.00109989 0.0369527 
0.828539 0.0334969 0.0556045 0.0133077 0.0167973 0.00175684 0.0504977 
0.86721 0.0225174 0.0473532 0.0168912 0.0162056 0.00159081 0.0282323 
0.869491 0.0179441 0.057862 0.0156582 0.0131669 0.00134651 0.0245311 
0.867156 0.017534 0.0622866 0.0217 0.00907511 0.00107383 0.0211741 
0.863504 0.0182073 0.06231 0.024498 0.012115 0.00128964 0.0180758 
0.848256 0.0177847 0.0626672 0.0157461 0.0144356 0.00109277 0.0400174 
0.863072 0.0147748 0.0619565 0.0249401 0.0124712 0.00137512 0.0214108 
0.858113 0.010708 0.0636509 0.0302601 0.00984293 0.00156308 0.0258616 
0.8663 0.0172309 0.0524953 0.0192467 0.0147799 0.00118721 0.02876 
0.846887 0.0140452 0.0670445 0.0209858 0.0127652 0.00124213 0.0370304 
0.812741 0.00690559 0.0522439 0.107606 0.0102741 6.5972E-4 0.00956971 
0.847649 0.0140361 0.0665929 0.0426188 0.0049654 0.00120128 0.0229368 
0.865354 0.0111661 0.0657985 0.0300194 0.00565655 0.00102642 0.0209787 
0.842332 0.0123616 0.0878828 0.0191636 0.0029552 0.00148966 0.0338156 
0.827051 0.0089419 0.102385 0.0188946 0.0037648 7.64152E-4 0.0381988 
0.828931 0.0126922 0.0873064 0.0369685 0.00425803 0.00132507 0.028519 
0.855215 0.0150142 0.0639727 0.0199465 0.00635458 0.00180787 0.0376895 
0.854641 0.0179531 0.0622525 0.0161144 0.00452387 0.00204922 0.0424658 
0.833077 0.0212102 0.0611475 0.0128697 0.00729579 0.00153525 0.0628646 
0.843076 0.0194482 0.063807 0.0146765 0.00742708 0.0013002 0.0502648 
0.855632 0.0185597 0.062112 0.016899 0.00543271 0.00121283 0.0401515 
0.875863 0.0163372 0.0481668 0.0285823 0.00801733 0.00128376 0.0217501 
0.881456 0.0117668 0.0582513 0.0174035 0.00236824 0.00148645 0.0272675 
0.8723 0.011445 0.058258 0.0223995 0.00346259 0.00124742 0.0308879 
0.84845 0.00936487 0.0701733 0.00855163 0.00151099 0.00166624 0.0602828 
0.853157 0.0121001 0.0844697 0.0112044 0.00133192 0.00117093 0.0365664 
0.810656 0.0116121 0.0758505 0.0136077 0.00214827 0.00165833 0.0844673 
0.884007 0.0104838 0.0570812 0.017939 0.00265404 0.00127593 0.0265589 
0.877091 0.0104088 0.051934 0.0288055 0.00466901 0.00139278 0.0256985 
0.864181 0.014225 0.048461 0.0241045 0.00395177 0.00161839 0.0434588 
0.864001 0.0167371 0.0425005 0.0361271 0.0071079 0.00147483 0.0320518 
0.848841 0.0142586 0.0364617 0.0724089 0.0122725 0.0012372 0.0145197 
0.85731 0.0249109 0.0324187 0.0580557 0.013811 0.00143725 0.0120567 
0.803206 0.0355281 0.0284795 0.109687 0.0107903 0.00163371 0.010675 
0.714225 0.0235602 0.0204065 0.204515 0.0271914 0.00175955 0.00834259 
0.755843 0.0352038 0.0220445 0.161236 0.0167312 0.00189388 0.00704841 
0.644635 0.048735 0.0136561 0.200949 0.0780517 0.00475441 0.00921846 
0.661173 0.060252 0.0120644 0.108695 0.137296 0.00896759 0.0115524 
0.501727 0.0594983 0.00973718 0.26423 0.148967 0.00804308 0.00779773 
0.348693 0.0318936 0.0072323 0.405994 0.197011 0.0044647 0.00471188 
0.373467 0.0285645 0.00960208 0.503483 0.0764472 0.00407272 0.00436352 
0.310609 0.0493628 0.00736938 0.553724 0.0714701 0.00384739 0.00361746 
0.217971 0.0347529 0.00554735 0.652897 0.0823018 0.00407375 0.00245619 
0.226285 0.0453265 0.00622436 0.617814 0.0957174 0.0054252 0.00320743 
0.278201 0.0670913 0.00730145 0.525962 0.112605 0.00513614 0.00370378 
0.23193 0.0494837 0.004097 0.379665 0.326665 0.0055637 0.00259588 
0.409797 0.103086 0.0080509 0.239605 0.225786 0.0084036 0.00527121 
0.402242 0.10737 0.00875795 0.25059 0.215928 0.00931331 0.00579994 
0.39094 0.116643 0.00969677 0.321651 0.146171 0.00918596 0.00571304 
0.428426 0.154201 0.0079322 0.204728 0.189974 0.00842447 0.0063141 
0.366014 0.156458 0.00671176 0.199527 0.255637 0.00935917 0.00629236 
0.22093 0.106804 0.00588244 0.107906 0.542717 0.00974945 0.00601101 
0.299684 0.431318 0.00482197 0.0415923 0.206347 0.0101771 0.00605921 
0.356449 0.257976 0.00984721 0.0399581 0.313021 0.013267 0.00948206 
0.59806 0.275351 0.0135075 0.0161822 0.0742509 0.0097824 0.0128659 
0.803922 0.0913705 0.0187492 0.034245 0.0349398 0.0086032 0.00817065 
0.714191 0.0862402 0.0107542 0.0587127 0.113149 0.00716208 0.00979163 
0.740863 0.0963183 0.0119398 0.0515865 0.0834922 0.00812051 0.00767968 
0.641208 0.133417 0.00820057 0.0671492 0.133828 0.00977659 0.00642025 
0.610357 0.0779398 0.00943049 0.0685478 0.214887 0.0115142 0.00732328 
0.807995 0.0886696 0.0154309 0.0114089 0.0459958 0.020146 0.0103537 
0.855168 0.0763906 0.0202049 0.00238527 0.0124704 0.02213 0.0112509 
0.843481 0.0805812 0.0304402 0.00132209 0.00857814 0.0190421 0.0165557 
0.82841 0.0828238 0.0249373 0.00249828 0.0213155 0.0229191 0.0170964 
0.86329 0.0532662 0.0370549 0.00153716 0.00761209 0.0152753 0.0219644 
0.865149 0.051444 0.0391495 0.0015458 0.00878519 0.0122674 0.0216588 
0.794526 0.132918 0.0244218 0.00162435 0.00994339 0.016266 0.0203003 
0.822778 0.111121 0.0268307 0.00155299 0.00692402 0.0164691 0.0143248 
0.828851 0.0992726 0.0247629 0.00169645 0.0088695 0.0225297 0.0140178 
0.837229 0.0960286 0.0229743 0.00233005 0.0117733 0.0188786 0.0107856 
0.85456 0.0884469 0.0254618 0.00296856 0.00923096 0.0103764 0.00895524 
0.821663 0.103407 0.0322915 0.00272488 0.0114181 0.0102061 0.018289 
0.767377 0.132589 0.0347223 0.00191052 0.0112401 0.041569 0.0105917 
0.748675 0.14258 0.0339754 0.00176782 0.0112743 0.0520251 0.00970244 
0.824034 0.0881259 0.0451838 0.00170731 0.00676106 0.0208967 0.0132912 
0.891903 0.0215861 0.0565162 0.00484931 0.00865079 0.00214807 0.0143467 
0.841003 0.0436334 0.052312 0.00601274 0.031358 0.00567052 0.0200106 
0.629726 0.235914 0.0413696 0.00252929 0.0346478 0.0411016 0.0147116 
0.481217 0.188372 0.0752645 0.00139559 0.0182254 0.22618 0.00934566 
0.247021 0.306673 0.0771815 0.00119532 0.0198879 0.343136 0.00490479 
0.234777 0.165184 0.0784081 0.00100886 0.011277 0.504984 0.00436072 
0.446398 0.167868 0.0961715 0.00154931 0.0144827 0.269132 0.00439773 
0.689375 0.11357 0.0717883 0.002453 0.0116687 0.0993723 0.0117721 
0.867934 0.0228551 0.0743814 0.00216488 0.00282567 0.0134841 0.0163545 
0.900421 0.0218735 0.0550159 0.00322832 0.00221622 0.0059528 0.0112919 
0.883639 0.0153878 0.0688275 0.00264385 0.00197316 0.0044728 0.0230563 
0.881019 0.0234376 0.0600527 0.00277177 0.00426709 0.0120673 0.0163848 
0.907046 0.0176645 0.0442308 0.00679808 0.00547955 0.00459725 0.0141838 
0.835125 0.0899738 0.0188068 0.0166176 0.0121346 0.00765923 0.0196831 
0.690008 0.172379 0.00833661 0.0574173 0.0569097 0.00546332 0.00948584 
0.64386 0.158111 0.00923083 0.106609 0.0705458 0.00385633 0.00778693 
0.836901 0.0803042 0.035866 0.0177622 0.0119831 0.00809077 0.00909275 
0.758722 0.0819127 0.0720274 0.0070769 0.0353534 0.0338491 0.011059 
0.700168 0.193763 0.0337425 0.00596901 0.0192608 0.033483 0.0136136 
0.403876 0.454693 0.00629997 0.0330601 0.0884055 0.0052044 0.0084607 
0.641775 0.285849 0.0174833 0.0184666 0.0221382 0.00766259 0.00662529 
0.731174 0.183713 0.038863 0.00882367 0.0105598 0.0128058 0.0140606 
0.623777 0.091878 0.0697286 0.00545521 0.00883535 0.186541 0.0137849 
0.863416 0.0218971 0.0606061 0.0175283 0.0174461 0.00608035 0.0130261 
0.856244 0.0516447 0.051138 0.00968787 0.0148681 0.00536609 0.0110516 
0.780737 0.0555056 0.0629696 0.0021617 0.00463078 0.0830096 0.0109857 
0.829304 0.0279003 0.0551097 0.00340495 0.00276207 0.0653672 0.0161521 
0.718913 0.181662 0.034962 0.00711055 0.0136146 0.0110087 0.0327287 
0.607808 0.302902 0.0233612 0.00945304 0.0310306 0.00738834 0.0180565 
0.65395 0.264004 0.0230929 0.00884298 0.0270619 0.00985553 0.0131927 
0.422975 0.483996 0.0134468 0.00698708 0.0502408 0.0110754 0.011278 
0.428896 0.481736 0.0131773 0.00597172 0.0432663 0.0124364 0.0145159 
0.683047 0.214394 0.0321558 0.00706049 0.0279059 0.0186273 0.0168091 
0.896031 0.0156738 0.0492301 0.0172017 0.00649746 0.00577527 0.00959051 
0.822129 0.0231841 0.0837247 0.00752672 0.00561278 0.0382403 0.0195819 
0.574753 0.102002 0.138718 0.00508219 0.019101 0.142937 0.0174075 
0.684591 0.0648959 0.169585 0.00377909 0.00826632 0.0555307 0.0133513 
0.683195 0.0582498 0.177855 0.0056161 0.0152746 0.0319772 0.027832 
0.8441 0.0316137 0.084904 0.00499794 0.00443082 0.00924445 0.0207087 
0.881327 0.0207738 0.0464071 0.00844565 0.00578387 0.00345152 0.0338107 
0.863182 0.0194958 0.0442955 0.0211801 0.00655471 0.00107651 0.0442153 
0.829532 0.0208355 0.0592951 0.01671 0.00550164 0.0011691 0.0669564 
0.780953 0.0314089 0.0450023 0.0237078 0.0139257 0.00127697 0.103725 
0.818386 0.0357686 0.0263928 0.0234763 0.0283443 0.00175545 0.0658764 
0.869383 0.026188 0.0307606 0.0338076 0.0187858 0.00142697 0.0196477 
0.85687 0.0382686 0.0222892 0.0465681 0.0217707 0.0017543 0.012479 
0.871547 0.0396812 0.0256157 0.0350635 0.0121504 0.00188433 0.0140579 
0.889615 0.019805 0.0486275 0.0266868 0.00328828 0.00115442 0.0108227 
0.878693 0.0321814 0.0374596 0.0217747 0.00545985 0.00120679 0.0232248 
0.860112 0.0343291 0.0379802 0.0295481 0.00385549 0.00153097 0.0326444 
0.860129 0.0289546 0.0317868 0.022997 0.0213848 0.00175076 0.0329976 
0.879161 0.0215551 0.0328656 0.0295894 0.0145687 0.00109158 0.0211691 
0.865708 0.0198128 0.0494073 0.0164217 0.00618567 0.00114061 0.0413237 
0.886712 0.0164247 0.0454137 0.02396 0.00515376 0.00109032 0.0212459 
0.870391 0.0202241 0.0376466 0.0251483 0.0143627 0.0012633 0.0309643 
0.87162 0.0213041 0.0285029 0.0360232 0.015628 0.00177509 0.0251467 
0.883511 0.0204148 0.0278321 0.025489 0.0234961 0.00202731 0.0172293 
0.80567 0.054356 0.0145345 0.0808287 0.0301906 0.00241213 0.0120081 
0.749394 0.0841411 0.0119673 0.119952 0.0243663 0.00195687 0.00822207 
0.701146 0.122141 0.00972883 0.102427 0.0484305 0.00256344 0.0135636 
0.700346 0.141333 0.00920631 0.0898662 0.0437171 0.00285522 0.0126767 
0.614038 0.262308 0.00742116 0.0447169 0.0501742 0.00418835 0.0171535 
0.715217 0.163136 0.00890089 0.057491 0.0362339 0.00320811 0.0158136 
0.773931 0.121351 0.0106307 0.0643825 0.0151328 0.00247728 0.0120952 
0.771389 0.127081 0.0122148 0.0533339 0.0140579 0.00306761 0.0188556 
0.802115 0.0989099 0.0105712 0.0539319 0.021258 0.00221416 0.0109993 
0.736852 0.0835044 0.00911905 0.0692475 0.0838932 0.00324353 0.0141407 
0.829961 0.0617675 0.011332 0.0460762 0.0343528 0.00310362 0.0134065 
0.819585 0.0646817 0.0121824 0.05716 0.032235 0.00229488 0.0118614 
0.709929 0.0539287 0.00942515 0.0729145 0.133552 0.00392491 0.0163255 
0.832323 0.0448465 0.0138566 0.0531164 0.0370471 0.00243208 0.016378 
0.763253 0.049239 0.0122538 0.0781469 0.0733334 0.00321346 0.02056 
0.829624 0.0544555 0.0208271 0.0391729 0.0260837 0.004192 0.0256453 
0.812835 0.0273247 0.0221902 0.0319709 0.080853 0.00299988 0.0218261 
0.903478 0.0137293 0.0294329 0.0260335 0.0146384 0.00222404 0.0104643 
0.901289 0.0200605 0.029543 0.0152412 0.011988 0.0026448 0.0192339 
0.859825 0.0548628 0.0280055 0.0107454 0.00551232 0.00297715 0.0380715 
0.871906 0.039453 0.0219071 0.0146414 0.0170824 0.00274388 0.0322661 
0.863396 0.0465373 0.0249681 0.0124214 0.00968062 0.00262122 0.0403759 
0.851103 0.0441847 0.0240022 0.0132587 0.00922581 0.00288228 0.0553429 
0.881563 0.0320178 0.0274169 0.0134357 0.00805274 0.00295284 0.0345612 
0.883001 0.0303052 0.0254096 0.0133918 0.00783672 0.00332891 0.036727 
0.856289 0.0429282 0.0269092 0.0127975 0.00914566 0.00346471 0.0484662 
0.886337 0.0387416 0.0212459 0.0171879 0.00910185 0.00486938 0.0225159 
0.868293 0.0438227 0.0219822 0.0342037 0.0062004 0.00289272 0.0226055 
0.742381 0.105053 0.0105399 0.0711519 0.0500248 0.00592322 0.014926 
0.722736 0.124083 0.0103069 0.0628035 0.0596006 0.00572597 0.0147446 
0.720584 0.129925 0.00930524 0.0603154 0.0603931 0.00379792 0.0156801 
0.82752 0.0599031 0.0188534 0.0536919 0.0124535 0.00279622 0.0247819 
0.856177 0.0378899 0.0191782 0.0574172 0.00904817 0.00345825 0.0168317 
0.781114 0.0195819 0.0254554 0.145851 0.00490302 0.00451494 0.0185797 
0.815397 0.0191719 0.0254297 0.0982975 0.00559835 0.00612643 0.0299789 
0.82716 0.0290312 0.0192772 0.0748339 0.0104402 0.00576667 0.0334906 
0.863492 0.0365453 0.018813 0.0315798 0.0144203 0.00442684 0.0307223 
0.858811 0.0288347 0.018978 0.0429379 0.0155735 0.00318465 0.0316806 
0.861877 0.0162626 0.0247582 0.0695257 0.0069972 0.00256697 0.018012 
0.765148 0.0174402 0.0413853 0.132903 0.00319148 0.00153234 0.0383998 
0.836099 0.0165318 0.0240734 0.0956322 0.00732656 0.00173324 0.018604 
0.767269 0.0152055 0.0323497 0.150005 0.00582008 0.00126795 0.028083 
0.645194 0.0101426 0.0550622 0.259203 0.00391169 9.08426E-4 0.0255778 
0.689308 0.00790869 0.0769949 0.192212 0.00344153 0.00192926 0.0282054 
0.703537 0.0070044 0.0838275 0.182799 0.00455589 0.00121704 0.0170595 
0.752239 0.00826459 0.0777671 0.143381 0.00309601 0.00123358 0.0140196 
0.85675 0.00678041 0.0716352 0.0376944 0.00112469 9.50393E-4 0.0250647 
0.617725 0.00882388 0.219292 0.00170393 5.75619E-4 0.0030188 0.14886 
0.206643 0.0209286 0.526345 0.00950878 0.00752594 0.0246191 0.20443 
0.0802599 0.0062443 0.783282 0.00248972 0.00210799 0.0453362 0.0802798 
0.0701945 0.00757439 0.797919 0.00199032 0.00173347 0.0568285 0.0637601 
0.112515 0.0128088 0.67099 0.00488975 0.00417229 0.0409561 0.153668 
0.390757 0.0289104 0.230975 0.00721192 0.00383044 0.00681198 0.331504 
0.816961 0.0184322 0.0763732 0.023579 0.00246201 7.43441E-4 0.0614492 
0.844508 0.0105918 0.0675146 0.0292512 0.00248661 6.81969E-4 0.0449654 
0.840654 0.0129576 0.0773797 0.0430314 0.00242782 5.86739E-4 0.0229623 
0.848766 0.0207609 0.0701724 0.0115487 0.00787767 0.0013521 0.0395224 
0.840098 0.0116276 0.090669 0.0171513 0.00517623 0.00106346 0.0342139 
0.849896 0.0148649 0.0786536 0.0162913 0.00761169 0.00106295 0.0316193 
