0.87089 0.0321117 0.0346517 0.0381213 0.00968659 0.00793571 0.0066033 
0.851599 0.0469649 0.036544 0.034825 0.0105009 0.00979796 0.00976838 
0.849216 0.036909 0.0335687 0.0489505 0.0155975 0.00717694 0.0085817 
0.798904 0.0439581 0.0366755 0.0878764 0.0128401 0.0138922 0.00585391 
0.704322 0.0727069 0.0220566 0.144737 0.0382953 0.0137247 0.00415673 
0.70768 0.127741 0.0213225 0.0754315 0.0309723 0.0314869 0.00536506 
0.630481 0.174104 0.0190537 0.0721064 0.0596558 0.0386158 0.00598268 
0.614937 0.231028 0.0142633 0.0542648 0.056122 0.0253751 0.0040098 
0.606763 0.262197 0.0208185 0.0645314 0.0166858 0.0238796 0.00512494 
0.579463 0.285898 0.0167716 0.0735211 0.0221642 0.0162591 0.00592303 
0.608933 0.207676 0.0126372 0.106569 0.0411806 0.017496 0.00550849 
0.451895 0.393955 0.00685732 0.0541426 0.0745383 0.0123141 0.00629855 
0.499125 0.240889 0.00768219 0.102048 0.126537 0.0172872 0.00643139 
0.407776 0.334578 0.00675513 0.0919841 0.126564 0.0256558 0.0066869 
0.612402 0.226828 0.0100336 0.0922457 0.0280374 0.0248574 0.00559607 
0.533307 0.226746 0.00867887 0.144783 0.0611672 0.020388 0.00492978 
0.491482 0.303698 0.00963907 0.109209 0.0507515 0.0292212 0.00599925 
0.49524 0.270396 0.00777685 0.123234 0.0686192 0.0293075 0.00542689 
0.481465 0.222685 0.00757718 0.186449 0.0875747 0.00845405 0.00579531 
0.467912 0.133432 0.00783827 0.249048 0.1246 0.00921748 0.00795232 
0.412422 0.255426 0.00619999 0.190141 0.120927 0.00846101 0.00642302 
0.320865 0.178206 0.00809653 0.222089 0.248228 0.012875 0.00964065 
0.286354 0.18756 0.00793698 0.301445 0.196733 0.0105779 0.0093934 
0.306264 0.171565 0.00781395 0.342645 0.152169 0.0110093 0.00853366 
0.321178 0.144573 0.00813635 0.249397 0.256082 0.0101771 0.010456 
0.439447 0.159962 0.00715466 0.231493 0.145315 0.00671923 0.00990946 
0.492741 0.148306 0.00710252 0.251655 0.0867183 0.00413854 0.00933785 
0.600393 0.156394 0.00865836 0.172669 0.0500789 0.00289225 0.00891427 
0.529731 0.113366 0.00779889 0.202087 0.133236 0.00474445 0.00903615 
0.609707 0.164858 0.00815799 0.130751 0.0731795 0.00388581 0.00946093 
0.51974 0.178483 0.00856722 0.120614 0.151139 0.007277 0.0141796 
0.519143 0.216691 0.0077375 0.116201 0.121256 0.00668446 0.0122861 
0.521542 0.122692 0.00797462 0.144959 0.18572 0.00673793 0.0103758 
0.411648 0.163538 0.0102157 0.119008 0.272302 0.0095356 0.0137524 
0.453731 0.17572 0.00836713 0.110971 0.228183 0.00939372 0.0136343 
0.475298 0.14589 0.00826962 0.103665 0.244174 0.0101406 0.0125637 
0.46832 0.145948 0.00909406 0.114264 0.239221 0.00910006 0.014053 
0.542668 0.131736 0.00765174 0.159575 0.139906 0.00660408 0.0118595 
0.473829 0.16048 0.00818179 0.130935 0.20608 0.0086959 0.0117976 
0.492607 0.190366 0.00823903 0.0952637 0.189451 0.00848311 0.0155902 
0.499588 0.12407 0.00864599 0.141541 0.205184 0.00702903 0.0139418 
0.539585 0.0818525 0.00777605 0.197887 0.155997 0.00492244 0.0119798 
0.582242 0.115033 0.00915644 0.147949 0.126375 0.00577721 0.013468 
0.567308 0.125109 0.00932031 0.137086 0.139698 0.00677699 0.0147019 
0.5959 0.0917903 0.00924318 0.176919 0.108197 0.00471875 0.0132319 
0.619262 0.148862 0.00872575 0.108964 0.0955632 0.00477208 0.0138508 
0.568963 0.0765818 0.00758342 0.206179 0.127067 0.00379345 0.00983188 
0.588145 0.121342 0.00897648 0.137511 0.125897 0.00528938 0.0128391 
0.514507 0.125523 0.00846099 0.17025 0.164447 0.00640196 0.0104101 
0.580148 0.109885 0.00899762 0.140608 0.142699 0.00534659 0.0123162 
0.588611 0.156835 0.00911603 0.0972634 0.128049 0.00584305 0.0142826 
0.508978 0.108653 0.00809187 0.141851 0.215061 0.00608935 0.0112752 
0.506014 0.103719 0.00842134 0.117743 0.244448 0.00698722 0.0126681 
0.485995 0.0864256 0.00745269 0.200781 0.202824 0.00606272 0.0104587 
0.537637 0.100403 0.00935991 0.197913 0.13716 0.00525041 0.0122763 
0.599996 0.1005 0.00931021 0.194446 0.0822221 0.00420678 0.00931878 
0.701728 0.118609 0.011391 0.110286 0.0432815 0.00304422 0.01166 
0.695991 0.0374308 0.0181964 0.0657173 0.175692 0.00190126 0.00507174 
0.704894 0.0366432 0.0198049 0.108335 0.124331 0.00159726 0.00439455 
0.737971 0.052046 0.0183817 0.0817171 0.103326 0.00235678 0.00420115 
0.359155 0.0347679 0.00785209 0.100758 0.492158 0.00280664 0.00250283 
0.663516 0.0508305 0.0153399 0.067218 0.195499 0.00330039 0.00429649 
0.645568 0.03912 0.0151193 0.119994 0.173385 0.00329773 0.00351661 
0.706315 0.0304371 0.0293426 0.158236 0.0672346 0.00375908 0.00467623 
0.769478 0.0298952 0.0251242 0.112052 0.0560884 0.00343923 0.00392289 
0.70876 0.0351117 0.0180906 0.10254 0.126669 0.00501643 0.0038121 
0.671332 0.0359165 0.0238073 0.17641 0.0848402 0.00348911 0.00420483 
0.690943 0.0600613 0.0160456 0.14037 0.0844689 0.00413371 0.0039775 
0.445544 0.0990755 0.00895139 0.175278 0.255001 0.0103201 0.00582917 
0.492017 0.0983746 0.00871799 0.191805 0.195118 0.00823915 0.00572779 
0.340037 0.0781726 0.00702287 0.275967 0.284996 0.0087498 0.00505419 
0.398533 0.0834699 0.00727847 0.23317 0.26517 0.00717979 0.0051993 
0.412272 0.103256 0.00830996 0.209373 0.252159 0.00801152 0.00661847 
0.193554 0.180712 0.0180219 0.317574 0.251795 0.0209396 0.0174032 
0.0424717 0.12115 0.0173206 0.234976 0.539252 0.0245976 0.0202317 
0.0219279 0.0781049 0.00869362 0.149011 0.717114 0.0153485 0.00980043 
0.0191233 0.0659854 0.00981817 0.153475 0.723945 0.0184699 0.00918355 
0.0280564 0.239882 0.0125413 0.15703 0.524932 0.0251549 0.0124035 
0.040722 0.207879 0.0190114 0.195345 0.485356 0.0319116 0.0197759 
0.02883 0.215443 0.0111432 0.156361 0.554212 0.0214177 0.0125938 
0.0217651 0.228714 0.00490284 0.110663 0.615306 0.0127119 0.00593738 
0.0193531 0.45563 0.00440443 0.0941396 0.409021 0.0121225 0.00532888 
0.0286433 0.324633 0.0103487 0.14238 0.461303 0.0212947 0.011397 
0.0295887 0.236484 0.0116329 0.155091 0.532064 0.0226895 0.0124498 
0.0272857 0.287342 0.0105807 0.143863 0.496976 0.0228542 0.0110988 
0.0307755 0.40202 0.0117797 0.138836 0.379689 0.0248666 0.0120329 
0.0262261 0.560292 0.00844198 0.104693 0.272326 0.0194526 0.00856878 
0.0225584 0.654302 0.00701323 0.0839807 0.208633 0.0161479 0.0073657 
0.0136932 0.673864 0.00367937 0.0739656 0.21904 0.0114705 0.00428716 
0.0178793 0.383681 0.00604949 0.121761 0.447239 0.0167134 0.00667675 
0.00845503 0.784952 0.0018656 0.0514286 0.142894 0.00824348 0.00216157 
0.00948891 0.561389 0.00213151 0.0718503 0.342728 0.00984844 0.00256374 
0.0214612 0.39283 0.00690622 0.125503 0.427823 0.0173369 0.00813984 
0.0150964 0.382848 0.00471068 0.106483 0.470949 0.0146035 0.00530937 
0.00839405 0.666872 0.00131961 0.0545646 0.25935 0.00781969 0.00167973 
0.0106462 0.613915 0.00192324 0.0664182 0.295767 0.00892954 0.00240036 
0.0107657 0.743796 0.00175863 0.0533133 0.180263 0.00794884 0.0021547 
0.0176899 0.152585 0.00669355 0.129468 0.670554 0.0160496 0.00696033 
0.00926239 0.582905 0.00124031 0.0541406 0.343044 0.00776047 0.00164667 
0.0171059 0.257135 0.00488099 0.111624 0.589893 0.0137616 0.0055991 
0.0227757 0.540441 0.00611642 0.109966 0.29803 0.0154867 0.00718443 
0.01822 0.331848 0.00430429 0.103386 0.524184 0.0127622 0.00529552 
0.0152045 0.555293 0.00275368 0.0846963 0.327514 0.0110016 0.00353761 
0.0147363 0.601352 0.00232756 0.0748506 0.29358 0.0102193 0.00293507 
0.0166886 0.323969 0.00358391 0.0964345 0.542965 0.0118416 0.00451759 
0.0147401 0.515971 0.00285691 0.07928 0.372148 0.0115304 0.0034737 
0.027515 0.425475 0.00688808 0.115776 0.399104 0.0173137 0.00792804 
0.0401669 0.596518 0.00651785 0.0994494 0.234071 0.0158255 0.00745121 
0.731107 0.11861 0.00958967 0.101921 0.0305413 0.00216584 0.0060653 
0.880016 0.0244066 0.0381546 0.0367258 0.00383826 0.00114027 0.0157187 
0.67204 0.0821981 0.047049 0.0114269 0.0143394 0.00345726 0.16949 
0.121969 0.822881 0.00108661 0.0114929 0.0255386 0.00911903 0.00791261 
0.0294601 0.591074 0.00571562 0.110015 0.241798 0.0150675 0.00687027 
0.0308422 0.835544 7.82402E-4 0.072594 0.0523451 0.00631586 0.00157629 
0.0247574 0.745592 0.00294981 0.0709997 0.142168 0.00973727 0.00379532 
0.0343039 0.524689 0.00822039 0.120836 0.284024 0.0176909 0.0102357 
0.0382995 0.203199 0.0123583 0.173724 0.533699 0.0236877 0.0150331 
0.0281623 0.423151 0.00659887 0.117175 0.400151 0.0172428 0.00751936 
0.0482125 0.269473 0.0181637 0.197341 0.415032 0.0327704 0.0190068 
0.0365345 0.46698 0.010738 0.132719 0.318591 0.0226737 0.0117643 
0.0939088 0.300856 0.0141946 0.179313 0.372393 0.0224786 0.0168569 
0.871557 0.0492081 0.0265328 0.0346893 0.00287807 0.00182776 0.0133073 
0.928276 0.0151184 0.0219191 0.018601 0.00475476 0.00292119 0.00840989 
0.89457 0.0457698 0.0173983 0.0221371 0.00803701 0.00273432 0.00935358 
0.867989 0.0596154 0.0172029 0.0250852 0.010321 0.00246618 0.0173201 
0.905659 0.03233 0.0195883 0.017602 0.00945506 0.00324457 0.0121209 
0.89472 0.025356 0.0257147 0.0238148 0.00949103 0.00180339 0.0191 
0.897937 0.019422 0.0333496 0.0154796 0.00740378 0.00238335 0.0240249 
0.921466 0.0163828 0.0289132 0.016126 0.00715528 0.00285656 0.00710038 
0.916248 0.0152555 0.0265444 0.0175322 0.00591564 0.00504212 0.0134617 
0.885296 0.0274859 0.0308047 0.022676 0.00705674 0.00266647 0.0240144 
0.88615 0.034261 0.0249154 0.0174317 0.00862867 0.00438812 0.0242256 
0.897349 0.03232 0.0221128 0.0213845 0.0102756 0.00364588 0.0129118 
0.892594 0.0380388 0.0222093 0.023895 0.00867912 0.00321846 0.011365 
0.892145 0.0314568 0.0249895 0.0256751 0.00749494 0.00341335 0.0148258 
0.915391 0.0209903 0.0291973 0.0124179 0.0031352 0.00386114 0.0150075 
0.841028 0.0462934 0.0144434 0.0455328 0.0327821 0.0042192 0.0157009 
0.801579 0.0573416 0.0157466 0.0400059 0.056318 0.00810379 0.0209055 
0.836903 0.0576836 0.0179309 0.0357666 0.0239823 0.00720304 0.0205309 
0.853957 0.0466959 0.0189162 0.037302 0.0178101 0.00782137 0.0174976 
0.868749 0.0384353 0.018534 0.0434738 0.0167998 0.00302763 0.0109801 
0.806047 0.0820361 0.0166541 0.0388781 0.0299894 0.00418321 0.0222117 
0.824657 0.0679027 0.0199192 0.0275855 0.0212703 0.00548309 0.0331822 
0.868654 0.013118 0.0390363 0.057225 0.011573 7.45981E-4 0.00964788 
0.866265 0.0129007 0.0370663 0.0638234 0.0115835 0.00101101 0.0073504 
0.892622 0.0199455 0.0288334 0.0335648 0.014727 0.00113003 0.00917777 
0.863987 0.0141034 0.0483249 0.0391864 0.0155898 0.00110558 0.017703 
0.85902 0.0103382 0.0540664 0.0447153 0.0129407 9.00144E-4 0.0180191 
0.866563 0.0144197 0.0630312 0.0290414 0.00700643 6.56805E-4 0.0192811 
0.877795 0.0143704 0.0459451 0.0309203 0.0144958 8.5404E-4 0.0156196 
0.861591 0.0128552 0.0696554 0.0154024 0.0100488 0.00105794 0.029389 
0.869084 0.0121247 0.0650297 0.0138055 0.00855725 9.12053E-4 0.0304864 
0.878939 0.00942104 0.0562285 0.0208588 0.0132778 9.81364E-4 0.0202937 
0.856956 0.00934032 0.0620458 0.0253554 0.00746374 0.00109289 0.0377457 
0.842329 0.0117557 0.0672072 0.0368244 0.00903267 9.93644E-4 0.0318574 
0.864377 0.0131326 0.0570681 0.0275536 0.00761212 0.00121702 0.0290396 
0.885818 0.0143985 0.0418284 0.0336289 0.00896793 0.00100524 0.0143533 
0.871195 0.0231448 0.0418345 0.036248 0.0085764 0.00116239 0.0178386 
0.869554 0.0139796 0.0537366 0.0388732 0.00878177 9.36083E-4 0.0141386 
0.878608 0.0178474 0.051489 0.0228199 0.00693547 0.00117483 0.0211258 
0.873748 0.0119402 0.057105 0.0259009 0.00839376 0.00122399 0.0216883 
0.875753 0.012654 0.0538164 0.0369965 0.00707296 0.00109838 0.0126091 
0.879545 0.0104581 0.0508548 0.0328272 0.00919806 0.00112675 0.0159906 
0.865082 0.0150678 0.0386057 0.0503403 0.0166689 9.96128E-4 0.0132392 
0.881927 0.0146793 0.0478156 0.0249888 0.010288 9.20557E-4 0.0193811 
0.877825 0.0149427 0.0486574 0.0354096 0.00844338 0.00116695 0.0135546 
0.870583 0.0223449 0.0528267 0.0142676 0.00549236 0.00131318 0.0331721 
0.882018 0.0186401 0.0515457 0.0195728 0.00856029 0.0010924 0.018571 
0.883786 0.0141529 0.0314679 0.0335479 0.0225505 0.00138386 0.0131107 
0.886471 0.0155693 0.0418587 0.0194409 0.0141466 0.00183098 0.0206824 
0.890667 0.0161914 0.0400328 0.0245292 0.0116313 0.00147111 0.015477 
0.875166 0.0123432 0.0633617 0.0327923 0.00504711 8.68058E-4 0.0104222 
0.859363 0.0120715 0.0515567 0.044299 0.0130533 0.0013453 0.0183108 
0.869716 0.0148259 0.0475762 0.0464178 0.00899407 0.00141228 0.0110575 
0.86633 0.0116626 0.0753553 0.0195895 0.00563902 0.00116374 0.0202599 
0.876507 0.014555 0.0574996 0.0260203 0.00876517 0.00129572 0.0153571 
0.857799 0.0316474 0.0423469 0.0379449 0.0138064 0.00132572 0.0151297 
0.877597 0.0176288 0.0555275 0.0259901 0.0070839 0.00114499 0.015028 
0.878733 0.0172138 0.0534491 0.0272759 0.0079084 0.00110095 0.0143191 
0.858484 0.0137047 0.0746549 0.0297075 0.00321926 0.00118536 0.019044 
0.866463 0.0160438 0.0687358 0.0181609 0.00363959 0.00109103 0.0258657 
0.87163 0.0156557 0.0648584 0.0202076 0.00376659 9.96251E-4 0.0228855 
0.875924 0.0254384 0.0416256 0.030752 0.00925782 0.0014128 0.0155891 
0.876708 0.018352 0.0506422 0.0321809 0.00540894 0.00117259 0.0155357 
0.862084 0.0175704 0.0681252 0.0259268 0.00408554 9.94093E-4 0.0212138 
0.863111 0.0218312 0.0575054 0.0212852 0.00842058 0.00123693 0.0266099 
0.859556 0.0159078 0.0623722 0.0273279 0.00995986 0.00133052 0.0235461 
0.871921 0.0140138 0.061165 0.0243763 0.00480955 0.00153801 0.0221764 
0.861848 0.0256732 0.0529969 0.021128 0.0122226 0.00186258 0.0242683 
0.863646 0.0207758 0.0601504 0.0238861 0.00873116 0.00170615 0.0211047 
0.878713 0.0262475 0.0468374 0.0158273 0.00819967 0.00188192 0.0222932 
0.882348 0.0283653 0.0448311 0.0197846 0.00561665 0.00137189 0.0176823 
0.869148 0.0293942 0.0466102 0.027956 0.0101495 8.99593E-4 0.0158426 
0.869903 0.0287791 0.0516605 0.0268458 0.00831418 0.00100678 0.0134906 
0.857214 0.0294566 0.0535649 0.0352278 0.00690752 0.00118087 0.016448 
0.868641 0.0214139 0.0590339 0.0176996 0.00515342 0.0012529 0.0268052 
0.857243 0.0223738 0.064522 0.0184909 0.00575146 0.00129685 0.0303225 
0.865244 0.0149212 0.0665721 0.0145104 0.00661103 0.00141231 0.0307289 
0.875951 0.0134402 0.0595111 0.0238148 0.0093606 0.00137818 0.0165445 
0.882744 0.0158458 0.0536889 0.0280416 0.00656472 0.00135197 0.0117631 
0.865278 0.0122593 0.064793 0.036277 0.0060908 9.56886E-4 0.0143446 
0.881093 0.0135904 0.0514149 0.0343838 0.00605705 0.00106801 0.0123925 
0.861036 0.0142379 0.0615074 0.0416743 0.00642336 0.00111829 0.0140029 
0.839481 0.0184172 0.0578277 0.0659219 0.00707369 8.60209E-4 0.0104189 
0.824732 0.0222957 0.0687192 0.0632532 0.00531258 0.00103004 0.0146574 
0.851519 0.0141001 0.0571088 0.0488462 0.0104183 9.39432E-4 0.0170685 
0.846079 0.0184583 0.0533562 0.0567166 0.009718 0.00117778 0.0144946 
0.859135 0.0148456 0.0453697 0.054333 0.0131138 0.00109294 0.0121101 
0.842387 0.0396331 0.0462318 0.0454853 0.0120079 0.00118999 0.0130648 
0.855699 0.0224693 0.0500688 0.0473495 0.0108105 9.69055E-4 0.0126336 
0.844499 0.013375 0.0430773 0.070066 0.0144298 8.94313E-4 0.013659 
0.852844 0.0161111 0.0447034 0.0577201 0.0143491 0.0013213 0.0129511 
0.825737 0.0132723 0.0582553 0.0779341 0.00914199 0.00106557 0.0145943 
0.845584 0.0126247 0.0449639 0.0777405 0.00778314 0.0010756 0.0102285 
0.861819 0.0152159 0.0408312 0.0581555 0.0119328 0.00112481 0.010921 
0.824397 0.0130275 0.0504836 0.0844287 0.0120854 0.00107108 0.0145071 
0.827617 0.0120593 0.0513183 0.0890959 0.00716628 8.88367E-4 0.0118552 
0.855047 0.0166666 0.0429226 0.0603845 0.00903479 0.00114952 0.0147946 
0.837775 0.0152785 0.0287495 0.085521 0.0218213 0.00115944 0.00969543 
0.854229 0.0279061 0.0352426 0.057241 0.013233 0.00130717 0.0108406 
0.842175 0.0203998 0.0428097 0.0747383 0.00906436 0.00115647 0.00965602 
0.856012 0.0277492 0.0355098 0.0563218 0.0129612 0.00129553 0.0101507 
0.850002 0.0186018 0.0418888 0.0672231 0.00975604 0.00131908 0.0112097 
0.858335 0.0208839 0.0416689 0.058558 0.00583681 0.00141537 0.0133022 
0.842909 0.0183708 0.0487336 0.0690601 0.0091207 0.0012753 0.0105303 
0.848201 0.0278474 0.0416546 0.0569979 0.0178782 0.00139679 0.0060239 
0.839177 0.0372186 0.0577027 0.035762 0.0184158 0.00271273 0.00901108 
0.83154 0.0236917 0.0988743 0.0297656 0.0056339 0.00295557 0.00753936 
0.772748 0.00956849 0.115556 0.0896995 0.00218897 0.00164004 0.00859962 
0.814277 0.0153756 0.0916522 0.0636974 0.00552101 0.00128329 0.00819396 
0.840872 0.0476616 0.0599793 0.0304347 0.0105924 0.00204091 0.0084195 
0.840646 0.0182408 0.0837173 0.0483807 0.00303432 0.00161482 0.00436626 
0.832826 0.0129984 0.0972276 0.0460289 0.00284725 0.00177812 0.00629376 
0.78511 0.0664716 0.102107 0.0191432 0.00741089 0.0105604 0.00919647 
0.737048 0.111549 0.0994389 0.0185736 0.0102979 0.0149338 0.00815932 
0.733321 0.089664 0.111926 0.017118 0.00757272 0.031518 0.00888075 
0.797288 0.0374312 0.106168 0.0175888 0.00817074 0.0253472 0.00800559 
0.83441 0.022544 0.0938805 0.0258875 0.00653123 0.00532265 0.0114246 
0.826753 0.0310298 0.0636793 0.0443673 0.0169668 0.00394456 0.0132588 
0.807896 0.0544641 0.0442063 0.0414344 0.0346282 0.00414774 0.0132229 
0.824142 0.0394868 0.0497582 0.0442949 0.0280635 0.0034819 0.0107732 
0.84275 0.0291483 0.0531028 0.0472714 0.0152206 0.002825 0.0096817 
0.852673 0.021916 0.0503579 0.0475916 0.017406 0.00247485 0.00758106 
0.840146 0.0275884 0.0553753 0.0534477 0.0114534 0.00240274 0.00958673 
0.853694 0.0275719 0.0561622 0.0349114 0.0149602 0.00312799 0.00957246 
0.80122 0.0173132 0.0748472 0.0884359 0.00473367 0.00409317 0.00935645 
0.842023 0.020649 0.0739518 0.0498566 0.00308534 0.00224134 0.00819301 
0.789606 0.0145374 0.0736457 0.104239 0.00398555 0.00384393 0.0101424 
0.853429 0.0202147 0.0792667 0.0313526 0.00250266 0.00379926 0.00943545 
0.843449 0.0253567 0.0843272 0.0290441 0.00372267 0.00247728 0.0116226 
0.836818 0.0127636 0.102764 0.0341469 0.0020144 0.00221471 0.00927797 
0.837285 0.0218414 0.0601654 0.0677352 0.00351418 0.00150501 0.00795343 
0.717395 0.0218301 0.0544717 0.197728 0.00361431 4.9684E-4 0.00446341 
0.62444 0.0348591 0.0198938 0.300967 0.0142969 0.00101523 0.00452753 
0.721702 0.0379405 0.0243252 0.198347 0.00954263 0.00125886 0.00688374 
0.607633 0.0464571 0.0173898 0.28574 0.0318504 0.00217308 0.00875595 
0.622328 0.0397254 0.0175024 0.295134 0.0190144 0.0010563 0.00523904 
0.588548 0.071401 0.015039 0.291662 0.0248959 0.00142388 0.00703036 
0.625273 0.0490699 0.0154856 0.277662 0.0238936 0.00129932 0.00731665 
0.596059 0.0408535 0.0164238 0.315314 0.0217966 0.00135187 0.00820061 
0.638936 0.0296238 0.0187293 0.293141 0.0129792 8.7239E-4 0.0057177 
0.7304 0.0278364 0.021536 0.195832 0.0152822 8.40278E-4 0.00827235 
0.708573 0.0211313 0.0189578 0.208293 0.0325359 0.00109781 0.00941182 
0.739918 0.0147809 0.02139 0.19637 0.0145703 8.61854E-4 0.0121089 
0.785421 0.0150516 0.0295179 0.143476 0.0138986 6.77206E-4 0.0119575 
0.816401 0.0264445 0.0207026 0.093921 0.0272661 0.00112128 0.0141434 
0.85736 0.029659 0.0231806 0.0555121 0.0184912 0.00111268 0.014684 
0.859934 0.0332042 0.0318741 0.0474145 0.00922805 9.14826E-4 0.0174299 
0.873951 0.0280133 0.0323178 0.035318 0.00736681 0.00101536 0.0220173 
0.828489 0.0250083 0.0387321 0.0735176 0.00773865 0.00114403 0.0253703 
0.847058 0.0212147 0.0382034 0.0530067 0.014338 0.00105042 0.0251287 
0.836128 0.0191492 0.0381334 0.068121 0.0164968 8.83063E-4 0.0210889 
0.846386 0.0209492 0.0384176 0.0490461 0.0114088 8.3185E-4 0.0329604 
0.85088 0.0210211 0.043189 0.0445757 0.009785 8.35455E-4 0.029714 
0.848253 0.0172294 0.0334847 0.06904 0.0123701 8.03859E-4 0.0188189 
0.837798 0.0240505 0.0263614 0.0834033 0.0160547 7.44866E-4 0.0115868 
0.851542 0.017651 0.0352368 0.0698836 0.0112725 8.82508E-4 0.0135319 
0.848292 0.0384115 0.0377083 0.045384 0.00661658 0.00130565 0.0222818 
0.831612 0.0288837 0.0483307 0.0380907 0.00831929 0.00106462 0.0436986 
0.827375 0.0265573 0.0466356 0.0385455 0.0130932 8.09019E-4 0.0469841 
0.824582 0.0282159 0.0524186 0.0589323 0.00991148 6.29262E-4 0.0253102 
0.76728 0.0493126 0.0384846 0.0278038 0.0258445 0.00123112 0.0900435 
0.870268 0.0240101 0.0260482 0.0497045 0.0141705 8.73966E-4 0.014925 
0.863307 0.0299341 0.0404203 0.0345447 0.0116837 8.84839E-4 0.0192248 
0.875541 0.0255119 0.0369239 0.020508 0.0188748 0.00131891 0.0213218 
0.867809 0.0253094 0.0412551 0.0331236 0.00962095 0.0015673 0.021315 
