0.868657 0.0315343 0.0617481 0.0157973 0.00209976 0.00235322 0.0178102 
0.871208 0.0400789 0.0479006 0.0186929 0.00284775 0.00297505 0.0162967 
0.874007 0.0307821 0.0551533 0.016382 0.00292949 0.00242914 0.0183172 
0.851737 0.0398975 0.0632738 0.0192708 0.00269669 0.00214311 0.0209811 
0.875395 0.0250083 0.0615285 0.0190608 0.00177882 0.00233463 0.014894 
0.883674 0.0383346 0.0406245 0.0146333 0.00325062 0.00319465 0.016288 
0.887082 0.0237622 0.0535773 0.00962847 0.0022149 0.00325035 0.020485 
0.894641 0.0184785 0.055425 0.00696186 0.00179566 0.00322499 0.0194731 
0.888927 0.0257467 0.0483812 0.00724525 0.00199298 0.00373704 0.0239694 
0.86184 0.0376164 0.0523426 0.02444 0.00389235 0.00198413 0.0178845 
0.881504 0.0317522 0.0431676 0.0195374 0.00416513 0.00282109 0.0170524 
0.874438 0.0424334 0.0369922 0.0153647 0.00768715 0.00345406 0.0196304 
0.873565 0.045932 0.0364028 0.0167053 0.00624309 0.0045588 0.0165928 
0.847908 0.0569151 0.0339509 0.0355282 0.00825217 0.00265798 0.0147877 
0.855459 0.0562195 0.0390876 0.0152261 0.00480354 0.00374701 0.0254576 
0.869704 0.0405232 0.0342667 0.0202511 0.00988996 0.00318041 0.0221847 
0.851425 0.0550108 0.0347679 0.0252784 0.00886495 0.00297792 0.0216751 
0.872856 0.0330392 0.0351207 0.0279192 0.0115888 0.00245251 0.0170231 
0.887093 0.0247894 0.0418344 0.017663 0.0044928 0.00255424 0.0215727 
0.877676 0.0294927 0.0388385 0.0275052 0.00701226 0.00241693 0.0170588 
0.869811 0.0400591 0.0368428 0.0230723 0.00867313 0.00280574 0.0187358 
0.868564 0.0494956 0.0353484 0.0214366 0.00504633 0.00286649 0.0172421 
0.882153 0.0400401 0.0379264 0.0134142 0.00294458 0.00285174 0.0206695 
0.866305 0.0554525 0.0306563 0.0193299 0.00321469 0.0046647 0.020377 
0.831694 0.0812955 0.0227605 0.033138 0.0110681 0.00290907 0.0171345 
0.826335 0.0806748 0.0245902 0.0393242 0.00924587 0.00312003 0.0167103 
0.815755 0.0714128 0.0344695 0.0440946 0.00822506 0.00245626 0.0235871 
0.846781 0.0534666 0.0276035 0.0427559 0.00934111 0.00237061 0.0176815 
0.817701 0.0853658 0.0295104 0.0399237 0.0058687 0.00268669 0.0189443 
0.832009 0.052149 0.0250644 0.0662534 0.0109728 0.00187956 0.0116716 
0.815481 0.0504415 0.0269522 0.0585588 0.0308825 0.00191457 0.0157694 
0.843387 0.0426771 0.0338825 0.0529633 0.0128391 0.0017918 0.0124596 
0.821223 0.0522844 0.0264293 0.0676697 0.0206408 0.00188034 0.00987257 
0.815646 0.0531548 0.0270972 0.0605333 0.0265062 0.001896 0.0151661 
0.816161 0.0543046 0.0293761 0.062945 0.0198268 0.00203046 0.015356 
0.805677 0.045575 0.0324778 0.0800885 0.0193283 0.00195567 0.0148982 
0.790268 0.0509502 0.027568 0.0957943 0.0190637 0.00197125 0.0143841 
0.777073 0.0763913 0.0204412 0.0701784 0.0379088 0.00284053 0.0151667 
0.816091 0.0627241 0.0276969 0.0505379 0.0241513 0.00216907 0.0166293 
0.744895 0.105278 0.0236484 0.0827754 0.0295289 0.00247473 0.0113996 
0.77777 0.0628502 0.0327584 0.0851408 0.0245628 0.00195036 0.014967 
0.771424 0.0810879 0.0233675 0.0599562 0.0453783 0.00299113 0.0157947 
0.853541 0.0358991 0.0411651 0.035293 0.0153719 0.00243447 0.0162953 
0.82114 0.0617471 0.0271754 0.0541004 0.0200036 0.00251854 0.0133152 
0.806654 0.0372051 0.0297199 0.0847046 0.028218 0.00173921 0.0117588 
0.815481 0.0504415 0.0269522 0.0585588 0.0308825 0.00191457 0.0157694 
0.843387 0.0426771 0.0338825 0.0529633 0.0128391 0.0017918 0.0124596 
0.821223 0.0522844 0.0264293 0.0676697 0.0206408 0.00188034 0.00987257 
0.815646 0.0531548 0.0270972 0.0605333 0.0265062 0.001896 0.0151661 
0.816161 0.0543046 0.0293761 0.062945 0.0198268 0.00203046 0.015356 
0.805677 0.045575 0.0324778 0.0800885 0.0193283 0.00195567 0.0148982 
0.790268 0.0509502 0.027568 0.0957943 0.0190637 0.00197125 0.0143841 
0.777073 0.0763913 0.0204412 0.0701784 0.0379088 0.00284053 0.0151667 
0.816091 0.0627241 0.0276969 0.0505379 0.0241513 0.00216907 0.0166293 
0.744895 0.105278 0.0236484 0.0827754 0.0295289 0.00247473 0.0113996 
0.77777 0.0628502 0.0327584 0.0851408 0.0245628 0.00195036 0.014967 
0.771424 0.0810879 0.0233675 0.0599562 0.0453783 0.00299113 0.0157947 
0.853541 0.0358991 0.0411651 0.035293 0.0153719 0.00243447 0.0162953 
0.82114 0.0617471 0.0271754 0.0541004 0.0200036 0.00251854 0.0133152 
0.806654 0.0372051 0.0297199 0.0847046 0.028218 0.00173921 0.0117588 
0.861918 0.0456338 0.0449503 0.0147128 0.0055935 0.00336277 0.023829 
0.839957 0.0829317 0.0334252 0.0130843 0.00441926 0.0047356 0.0214467 
0.848458 0.0589021 0.0416926 0.0173839 0.00268124 0.00409491 0.026787 
0.8581 0.0512191 0.039174 0.0210474 0.00842203 0.00302057 0.0190164 
0.85347 0.0359123 0.0483876 0.0281794 0.00517323 0.00186858 0.0270092 
0.853671 0.0381539 0.048797 0.0276702 0.00484156 0.0019663 0.0249 
0.857702 0.025611 0.039216 0.0399908 0.0159373 0.00174974 0.0197929 
0.864703 0.022562 0.0562081 0.0222093 0.00548737 0.00195894 0.0268715 
0.869596 0.0212578 0.0551092 0.0207267 0.0063426 0.00185838 0.0251095 
0.872061 0.0262879 0.0522575 0.020766 0.0054316 0.00203182 0.0211637 
0.879559 0.0268518 0.0486363 0.0193113 0.00569505 0.00221531 0.0177315 
0.863313 0.0320908 0.0545712 0.017206 0.00303012 0.00238253 0.027406 
0.877785 0.0253087 0.0554416 0.0100756 0.00319913 0.0024652 0.0257244 
0.864662 0.0235732 0.0618902 0.0122674 0.0037488 0.00218417 0.0316745 
0.879172 0.0192726 0.0549236 0.017738 0.0059351 0.00164014 0.021319 
0.868118 0.0385887 0.0493236 0.0175364 0.0038316 0.00288792 0.0197134 
0.869805 0.0329074 0.0517222 0.0134711 0.00343107 0.00305084 0.0256125 
0.85905 0.0340724 0.0483481 0.0189827 0.00889947 0.00255284 0.028095 
0.859115 0.0357236 0.0561963 0.0135921 0.0035944 0.00312739 0.0286514 
0.868841 0.0241953 0.060704 0.0194434 0.00280931 0.00172065 0.0222868 
0.853803 0.0469132 0.042589 0.0291792 0.00567999 0.00296854 0.0188668 
0.840215 0.0296614 0.0519767 0.0471233 0.00682163 0.00221543 0.0219865 
0.858985 0.0176591 0.0684413 0.0249167 0.00371561 0.00220378 0.0240785 
0.859906 0.024656 0.0611488 0.0285368 0.00431052 0.00213809 0.019304 
0.858468 0.022468 0.0644417 0.0331674 0.00304587 0.00201682 0.0163919 
0.855967 0.0290846 0.0474591 0.0445104 0.00548517 0.00234169 0.0151519 
0.845865 0.0311738 0.0562031 0.0434176 0.00544524 0.0018493 0.0160458 
0.859903 0.0310788 0.0521868 0.0334501 0.0048076 0.00177074 0.0168026 
0.845391 0.0255207 0.0522181 0.0526868 0.00584062 0.00192035 0.0164227 
0.815481 0.0504415 0.0269522 0.0585588 0.0308825 0.00191457 0.0157694 
0.843387 0.0426771 0.0338825 0.0529633 0.0128391 0.0017918 0.0124596 
0.821223 0.0522844 0.0264293 0.0676697 0.0206408 0.00188034 0.00987257 
0.815646 0.0531548 0.0270972 0.0605333 0.0265062 0.001896 0.0151661 
0.816161 0.0543046 0.0293761 0.062945 0.0198268 0.00203046 0.015356 
0.805677 0.045575 0.0324778 0.0800885 0.0193283 0.00195567 0.0148982 
0.790268 0.0509502 0.027568 0.0957943 0.0190637 0.00197125 0.0143841 
0.777073 0.0763913 0.0204412 0.0701784 0.0379088 0.00284053 0.0151667 
0.816091 0.0627241 0.0276969 0.0505379 0.0241513 0.00216907 0.0166293 
0.744895 0.105278 0.0236484 0.0827754 0.0295289 0.00247473 0.0113996 
0.77777 0.0628502 0.0327584 0.0851408 0.0245628 0.00195036 0.014967 
0.771424 0.0810879 0.0233675 0.0599562 0.0453783 0.00299113 0.0157947 
0.853541 0.0358991 0.0411651 0.035293 0.0153719 0.00243447 0.0162953 
0.82114 0.0617471 0.0271754 0.0541004 0.0200036 0.00251854 0.0133152 
0.806654 0.0372051 0.0297199 0.0847046 0.028218 0.00173921 0.0117588 
0.680637 0.0906615 0.0232017 0.17748 0.0171994 0.00156059 0.00925978 
0.553907 0.047291 0.0268031 0.272529 0.0812576 0.00295544 0.0152569 
0.742325 0.0621171 0.0234993 0.0953675 0.0579173 0.00298661 0.015787 
0.694635 0.0623478 0.0260124 0.163219 0.0377557 0.00208485 0.013945 
0.776081 0.0637727 0.027078 0.0758659 0.0399094 0.00223652 0.0150567 
0.742108 0.0500491 0.0262375 0.115193 0.0489265 0.00202238 0.0154644 
0.734885 0.102382 0.0222021 0.0893094 0.0347552 0.00238358 0.0140826 
0.752759 0.10269 0.0216361 0.0656464 0.0421424 0.00230794 0.0128188 
0.709967 0.092074 0.0228918 0.129982 0.0317521 0.00183029 0.0115027 
0.661114 0.101817 0.0219156 0.183517 0.0203445 0.00177902 0.00951327 
0.753492 0.0954496 0.025721 0.0875571 0.0237961 0.00203582 0.0119479 
0.723653 0.0709509 0.0278723 0.13589 0.0276478 0.00189591 0.01209 
0.788426 0.0656368 0.0325401 0.0692673 0.0263419 0.00222428 0.0155639 
0.72684 0.0626743 0.027847 0.134287 0.0346526 0.00181806 0.0118804 
0.75683 0.0486283 0.0262939 0.116893 0.0364428 0.00178123 0.0131306 
0.791003 0.0620131 0.028525 0.0795139 0.0241035 0.00190561 0.0129364 
0.801893 0.0650629 0.0281504 0.0721217 0.019053 0.00227594 0.0114428 
0.713417 0.0584107 0.024044 0.160426 0.0291999 0.00205301 0.0124497 
0.753603 0.066276 0.0280416 0.10073 0.0321891 0.00264102 0.0165186 
0.784677 0.0730744 0.0258691 0.0728188 0.0274043 0.00268042 0.0134757 
0.751768 0.0676186 0.0213797 0.116524 0.0299108 0.00250573 0.0102938 
0.800231 0.044775 0.0286032 0.0920919 0.0214789 0.00193344 0.0108865 
0.707736 0.0798117 0.0214082 0.143293 0.0341891 0.00238094 0.0111814 
0.799944 0.0565852 0.0296167 0.0804268 0.018803 0.0024135 0.0122111 
0.741962 0.0378354 0.0230071 0.158741 0.0280897 0.00162845 0.00873712 
0.726116 0.073538 0.0295495 0.151235 0.00801691 0.00203591 0.00950877 
0.689016 0.06281 0.0318539 0.188941 0.0126779 0.00166341 0.0130378 
0.571119 0.0531196 0.0401857 0.314452 0.00612817 0.00135976 0.0136356 
0.711401 0.0894396 0.0374859 0.140682 0.00557031 0.00201516 0.0134061 
0.766744 0.0565438 0.0318184 0.112959 0.0149071 0.00218181 0.0148452 
0.782588 0.0583348 0.031928 0.105146 0.00786768 0.0023358 0.0117996 
0.7698 0.0651114 0.0346491 0.104154 0.0110281 0.00231852 0.0129394 
0.774374 0.0934608 0.0364657 0.0764033 0.0049371 0.00256349 0.0117959 
0.813407 0.0436139 0.0405536 0.0814687 0.00611268 0.00226164 0.0125826 
0.818009 0.0393207 0.0350746 0.0883398 0.00749639 0.00191694 0.00984263 
0.836207 0.0320761 0.0362488 0.0768565 0.00643118 0.00259016 0.00959012 
0.842073 0.0418427 0.0356765 0.0590099 0.00867917 0.00181576 0.0109034 
0.743121 0.0864281 0.0261059 0.120475 0.0118019 0.00182548 0.010242 
0.722412 0.0394699 0.0284294 0.182613 0.0162366 0.00155501 0.00928359 
0.770106 0.0538609 0.0266235 0.118712 0.0194342 0.00238269 0.00888049 
0.808367 0.05221 0.0386215 0.0778133 0.00599555 0.00305619 0.0139368 
0.752769 0.0415493 0.0378368 0.141875 0.0128757 0.00153215 0.0115616 
0.732311 0.0412668 0.0389717 0.16311 0.0127915 0.00137575 0.0101728 
0.747111 0.0452435 0.0240587 0.15286 0.0210364 0.00175927 0.00793156 
0.806368 0.0332513 0.0340074 0.105109 0.0100795 0.00195776 0.00922741 
0.848987 0.0253673 0.0476216 0.0558389 0.00815745 0.00199516 0.0120327 
0.821726 0.048411 0.0342132 0.0660521 0.0160579 0.00238229 0.011157 
0.774574 0.0713406 0.031316 0.0974786 0.013443 0.00178123 0.0100663 
0.769547 0.0515417 0.0250353 0.123455 0.0205113 0.00202643 0.0078833 
0.778778 0.055554 0.0306298 0.110638 0.0120063 0.00172724 0.0106672 
0.760916 0.0630172 0.0290641 0.121836 0.0123949 0.00196849 0.0108032 
0.761151 0.0630218 0.0344894 0.118822 0.00937591 0.00153759 0.0116025 
0.779448 0.0993577 0.0258736 0.0675087 0.0119178 0.00222765 0.013667 
0.818361 0.0476108 0.0320312 0.0773248 0.0123859 0.0015988 0.0106876 
0.784126 0.0663615 0.0258803 0.0859519 0.0229878 0.00207361 0.0126191 
0.743841 0.0556627 0.0247408 0.134926 0.0267635 0.00216899 0.0118966 
0.755131 0.0524882 0.026245 0.124276 0.0277862 0.00202935 0.0120445 
0.78401 0.0619612 0.0282829 0.08224 0.0274724 0.00225207 0.0137814 
0.782112 0.0481077 0.0275504 0.0966485 0.0310652 0.00200115 0.012515 
0.777993 0.0487309 0.0297387 0.101651 0.0271974 0.00179561 0.0128933 
0.713904 0.0696366 0.0292548 0.164378 0.0107419 0.00168394 0.0104 
0.692959 0.0667347 0.023465 0.190214 0.0156798 0.00144279 0.0095045 
0.562394 0.106146 0.0226708 0.287401 0.0121379 0.00120109 0.00804978 
0.702266 0.0764243 0.026746 0.16253 0.019799 0.00168864 0.0105456 
0.815481 0.0504415 0.0269522 0.0585588 0.0308825 0.00191457 0.0157694 
0.843387 0.0426771 0.0338825 0.0529633 0.0128391 0.0017918 0.0124596 
0.821223 0.0522844 0.0264293 0.0676697 0.0206408 0.00188034 0.00987257 
0.815646 0.0531548 0.0270972 0.0605333 0.0265062 0.001896 0.0151661 
0.816161 0.0543046 0.0293761 0.062945 0.0198268 0.00203046 0.015356 
0.805677 0.045575 0.0324778 0.0800885 0.0193283 0.00195567 0.0148982 
0.790268 0.0509502 0.027568 0.0957943 0.0190637 0.00197125 0.0143841 
0.777073 0.0763913 0.0204412 0.0701784 0.0379088 0.00284053 0.0151667 
0.816091 0.0627241 0.0276969 0.0505379 0.0241513 0.00216907 0.0166293 
0.744895 0.105278 0.0236484 0.0827754 0.0295289 0.00247473 0.0113996 
0.77777 0.0628502 0.0327584 0.0851408 0.0245628 0.00195036 0.014967 
0.771424 0.0810879 0.0233675 0.0599562 0.0453783 0.00299113 0.0157947 
0.853541 0.0358991 0.0411651 0.035293 0.0153719 0.00243447 0.0162953 
0.82114 0.0617471 0.0271754 0.0541004 0.0200036 0.00251854 0.0133152 
0.806654 0.0372051 0.0297199 0.0847046 0.028218 0.00173921 0.0117588 
0.185633 0.694117 0.020421 0.0634039 0.00419017 0.0297315 0.00250315 
0.084378 0.855359 0.00707812 0.0224714 0.00304788 0.0266751 9.90901E-4 
0.0320322 0.937615 0.00203181 0.00877417 0.0022693 0.0169913 2.86628E-4 
0.0049809 0.98631 2.90228E-4 0.00143445 8.54913E-4 0.00608956 4.00238E-5 
0.001025 0.994633 9.33919E-5 4.61917E-4 3.42369E-4 0.00343375 1.04726E-5 
6.89888E-4 0.995401 1.02843E-4 3.20739E-4 1.89599E-4 0.00328997 5.96954E-6 
6.50655E-4 0.996229 1.07491E-4 2.39799E-4 1.53294E-4 0.00261233 7.29054E-6 
0.00138702 0.993618 2.21833E-4 7.81331E-4 1.89983E-4 0.00378702 1.44101E-5 
0.00714688 0.976866 0.00184907 0.00518705 2.06264E-4 0.00869896 4.61686E-5 
0.0600801 0.804075 0.0219214 0.0890909 0.00159536 0.0217931 0.00144376 
0.153953 0.726037 0.0151161 0.0769518 0.00320668 0.0227216 0.00201436 
0.262845 0.529272 0.0220769 0.135133 0.00767419 0.0385589 0.00444016 
0.400922 0.399485 0.0155511 0.156287 0.0135071 0.0111285 0.00312034 
0.479056 0.332847 0.0168635 0.140363 0.0149515 0.0119966 0.00392289 
0.57097 0.250606 0.0203155 0.13964 0.00831987 0.00650165 0.0036465 
