0.882003 0.0320534 0.0404973 0.0161398 0.00889454 0.0022148 0.0181974 
0.867931 0.0393196 0.0406543 0.0240061 0.0092489 0.00221805 0.0166224 
0.871441 0.0352105 0.0480038 0.0185183 0.00456059 0.00165943 0.0206062 
0.898857 0.0247278 0.0411658 0.0105937 0.0048778 0.00243557 0.0173424 
0.864617 0.0588395 0.0355512 0.014424 0.00564454 0.00285228 0.0180719 
0.856288 0.0574225 0.04073 0.0203197 0.00582366 0.00246819 0.0169483 
0.855161 0.05228 0.0417211 0.0208485 0.00744218 0.00233094 0.0202159 
0.842016 0.0568714 0.0280421 0.0415511 0.0166797 0.00216177 0.0126783 
0.858696 0.0401375 0.0338403 0.0413772 0.0125838 0.00161119 0.0117538 
0.837883 0.0611126 0.0259283 0.0410265 0.0195451 0.00200495 0.0124996 
0.848323 0.070206 0.0286381 0.0284292 0.00794077 0.00230761 0.014155 
0.835026 0.0667228 0.038568 0.0406118 0.00473284 0.00191669 0.0124215 
0.875437 0.0458433 0.0380288 0.0211185 0.00421877 0.00219063 0.0131626 
0.852039 0.0706488 0.0281522 0.0273693 0.00785573 0.00296139 0.0109738 
0.851585 0.0620362 0.026479 0.0301142 0.0160229 0.00214639 0.0116162 
0.854661 0.0575564 0.0254038 0.0360707 0.0116255 0.00258656 0.0120963 
0.847962 0.0536137 0.0271877 0.0397796 0.0157951 0.00205371 0.0136084 
0.837152 0.0790129 0.0250515 0.0287481 0.0156412 0.00244086 0.0119533 
0.80813 0.0921152 0.0288515 0.0443626 0.00947154 0.00191983 0.0151497 
0.836459 0.0600441 0.0308962 0.0396544 0.0134268 0.00210409 0.0174151 
0.833402 0.0735166 0.0271232 0.0374791 0.0146952 0.00194157 0.011842 
0.864249 0.0446658 0.0386116 0.0279893 0.00593871 0.00184707 0.016698 
0.818869 0.0805177 0.0289258 0.0464171 0.00988379 0.00236991 0.0130163 
0.839509 0.0620051 0.0275327 0.0351675 0.0198857 0.00240321 0.013497 
0.73751 0.0620849 0.0198957 0.108773 0.0563809 0.00244836 0.012908 
0.816779 0.0565432 0.0268832 0.061102 0.0233612 0.0019008 0.0134302 
0.818953 0.0552898 0.0245071 0.0583145 0.0273211 0.00238908 0.0132256 
0.831842 0.0428287 0.0232708 0.0624821 0.0254316 0.00192913 0.0122152 
0.81056 0.0520215 0.032623 0.075646 0.0150345 0.00177667 0.0123381 
0.820412 0.0363805 0.0276189 0.0793847 0.0231816 0.00203864 0.0109841 
0.835388 0.0388563 0.0319423 0.0513806 0.0234444 0.002445 0.0165431 
0.80428 0.0537467 0.0238756 0.0522239 0.0455537 0.00310503 0.0172147 
0.755562 0.0535992 0.0194982 0.0974256 0.0602387 0.00291502 0.0107613 
0.780686 0.0514258 0.0243877 0.0618789 0.0638089 0.00267505 0.0151375 
0.768683 0.0780449 0.0221693 0.0500858 0.0600621 0.00381189 0.0171428 
0.772456 0.0631023 0.023845 0.0717421 0.0496145 0.00288068 0.0163595 
0.784187 0.0493786 0.0234087 0.0790857 0.0485453 0.00240191 0.0129929 
0.833826 0.0537693 0.0296454 0.0365398 0.0274471 0.00280285 0.0159692 
0.810106 0.0680116 0.0339401 0.0442865 0.0199121 0.00330163 0.0204416 
0.792592 0.0883508 0.0345871 0.0482879 0.0154042 0.00302863 0.0177495 
0.788208 0.08436 0.0304732 0.0586843 0.0192297 0.00245378 0.0165912 
0.79869 0.0377003 0.0297818 0.0683968 0.0451143 0.00211644 0.0182008 
0.778748 0.0742979 0.0225116 0.0570154 0.0486224 0.00286631 0.0159384 
0.771834 0.0799077 0.0249116 0.0697172 0.0364104 0.00254883 0.0146699 
0.820412 0.0363805 0.0276189 0.0793847 0.0231816 0.00203864 0.0109841 
0.835388 0.0388563 0.0319423 0.0513806 0.0234444 0.002445 0.0165431 
0.80428 0.0537467 0.0238756 0.0522239 0.0455537 0.00310503 0.0172147 
0.755562 0.0535992 0.0194982 0.0974256 0.0602387 0.00291502 0.0107613 
0.780686 0.0514258 0.0243877 0.0618789 0.0638089 0.00267505 0.0151375 
0.768683 0.0780449 0.0221693 0.0500858 0.0600621 0.00381189 0.0171428 
0.772456 0.0631023 0.023845 0.0717421 0.0496145 0.00288068 0.0163595 
0.784187 0.0493786 0.0234087 0.0790857 0.0485453 0.00240191 0.0129929 
0.833826 0.0537693 0.0296454 0.0365398 0.0274471 0.00280285 0.0159692 
0.810106 0.0680116 0.0339401 0.0442865 0.0199121 0.00330163 0.0204416 
0.792592 0.0883508 0.0345871 0.0482879 0.0154042 0.00302863 0.0177495 
0.788208 0.08436 0.0304732 0.0586843 0.0192297 0.00245378 0.0165912 
0.79869 0.0377003 0.0297818 0.0683968 0.0451143 0.00211644 0.0182008 
0.778748 0.0742979 0.0225116 0.0570154 0.0486224 0.00286631 0.0159384 
0.771834 0.0799077 0.0249116 0.0697172 0.0364104 0.00254883 0.0146699 
0.869404 0.027998 0.0514353 0.0209896 0.00462766 0.00240021 0.0231448 
0.856215 0.0252791 0.0591647 0.0201255 0.00317896 0.00213236 0.0339043 
0.851898 0.0393143 0.0443041 0.032522 0.00934957 0.00204765 0.0205639 
0.85274 0.0295486 0.0454361 0.0309686 0.0177465 0.00280534 0.0207546 
0.83913 0.0259637 0.0476619 0.0560512 0.010976 0.00184548 0.0183719 
0.881087 0.0264428 0.045729 0.0194771 0.00496909 0.00294923 0.0193459 
0.865727 0.0320048 0.0406589 0.0350085 0.00982722 0.00201863 0.0147553 
0.851854 0.0394407 0.0457389 0.0372012 0.00496719 0.00239672 0.0184012 
0.830246 0.0372646 0.0549868 0.0476874 0.00415735 0.00206535 0.0235926 
0.852637 0.0220446 0.0479609 0.0461956 0.00587013 0.00183373 0.0234576 
0.855406 0.0333514 0.0402498 0.0375768 0.0111574 0.00251822 0.0197406 
0.847235 0.0626117 0.0391749 0.0242969 0.00477757 0.00373771 0.0181664 
0.862361 0.0480839 0.040445 0.0136325 0.00814149 0.00377756 0.0235589 
0.856445 0.0439819 0.0371223 0.0235508 0.014866 0.00282176 0.0212118 
0.870326 0.0417307 0.0439409 0.0163519 0.00480304 0.00326736 0.0195801 
0.820412 0.0363805 0.0276189 0.0793847 0.0231816 0.00203864 0.0109841 
0.835388 0.0388563 0.0319423 0.0513806 0.0234444 0.002445 0.0165431 
0.80428 0.0537467 0.0238756 0.0522239 0.0455537 0.00310503 0.0172147 
0.755562 0.0535992 0.0194982 0.0974256 0.0602387 0.00291502 0.0107613 
0.780686 0.0514258 0.0243877 0.0618789 0.0638089 0.00267505 0.0151375 
0.768683 0.0780449 0.0221693 0.0500858 0.0600621 0.00381189 0.0171428 
0.772456 0.0631023 0.023845 0.0717421 0.0496145 0.00288068 0.0163595 
0.784187 0.0493786 0.0234087 0.0790857 0.0485453 0.00240191 0.0129929 
0.833826 0.0537693 0.0296454 0.0365398 0.0274471 0.00280285 0.0159692 
0.810106 0.0680116 0.0339401 0.0442865 0.0199121 0.00330163 0.0204416 
0.792592 0.0883508 0.0345871 0.0482879 0.0154042 0.00302863 0.0177495 
0.788208 0.08436 0.0304732 0.0586843 0.0192297 0.00245378 0.0165912 
0.79869 0.0377003 0.0297818 0.0683968 0.0451143 0.00211644 0.0182008 
0.778748 0.0742979 0.0225116 0.0570154 0.0486224 0.00286631 0.0159384 
0.771834 0.0799077 0.0249116 0.0697172 0.0364104 0.00254883 0.0146699 
0.808098 0.0577618 0.0255672 0.0771277 0.0164154 0.0019036 0.013126 
0.708607 0.0755752 0.029481 0.164645 0.00668633 0.00220806 0.012797 
0.631455 0.107371 0.0195581 0.208629 0.0211924 0.00201876 0.00977548 
0.705016 0.135509 0.0169096 0.0856858 0.0413557 0.00296781 0.0125562 
0.769801 0.093566 0.0190094 0.0725288 0.0295181 0.00292233 0.0126541 
0.706079 0.136517 0.0179477 0.0690218 0.0506403 0.00322863 0.0165656 
0.684823 0.120805 0.0195992 0.123336 0.0342199 0.00253009 0.0146873 
0.658782 0.108897 0.0200637 0.16495 0.0325793 0.00266901 0.0120588 
0.71727 0.0925917 0.0224122 0.117243 0.0319554 0.0022871 0.0162406 
0.751889 0.134475 0.0187307 0.0538428 0.0255596 0.00341942 0.0120835 
0.81622 0.0507648 0.0241855 0.0725995 0.0234174 0.00244776 0.0103648 
0.702138 0.0707425 0.0218401 0.169971 0.02475 0.00163646 0.00892152 
0.721743 0.078503 0.0237908 0.142005 0.0211142 0.00185499 0.0109896 
0.760113 0.0675225 0.027472 0.111337 0.0196492 0.00159105 0.0123151 
0.719127 0.0673367 0.0213261 0.13622 0.0428079 0.00204834 0.0111341 
0.764097 0.0423139 0.0389877 0.13301 0.0138659 0.0012287 0.00649587 
0.73096 0.0460601 0.0380347 0.162196 0.0136601 0.00116481 0.00792448 
0.790619 0.0377226 0.0343537 0.093521 0.0316866 0.00188274 0.0102141 
0.795802 0.0513958 0.0406471 0.0884436 0.01303 0.00140099 0.00928085 
0.792979 0.0451026 0.0405356 0.0991881 0.0121003 0.00157582 0.00851804 
0.749755 0.0784991 0.031436 0.114497 0.0150137 0.00199816 0.00880108 
0.725145 0.111583 0.0268325 0.0784907 0.0415284 0.00272046 0.0136999 
0.820717 0.0408764 0.0425714 0.0554768 0.0235225 0.00206489 0.0147706 
0.82021 0.0270509 0.081742 0.04497 0.00922955 0.00148213 0.0153159 
0.789053 0.0224438 0.124395 0.032246 0.00458998 0.00133519 0.025937 
0.821308 0.0352206 0.0744998 0.0437125 0.0060634 0.0016061 0.0175893 
0.816963 0.0399888 0.0827427 0.0433841 0.00299875 0.00185152 0.0120712 
0.831022 0.0364888 0.0833897 0.0323596 0.00229134 0.00223446 0.0122145 
0.785767 0.0779747 0.0354785 0.0767044 0.0137929 0.00254097 0.00774149 
0.804831 0.0420257 0.0683666 0.066012 0.00589444 0.00155593 0.0113143 
0.817295 0.0279764 0.0670821 0.0678084 0.0083911 0.00151596 0.00993128 
0.809715 0.0239998 0.101717 0.0473623 0.00275983 0.00198876 0.0124571 
0.809911 0.0272875 0.0999488 0.0427132 0.00234346 0.00172547 0.0160704 
0.818599 0.0457822 0.0750427 0.0397794 0.00375211 0.00241236 0.0146327 
0.782995 0.033173 0.0891235 0.0764827 0.00258358 0.00177433 0.0138683 
0.828572 0.0460141 0.08429 0.0200689 0.00264829 0.00272234 0.0156849 
0.852117 0.0421061 0.0513607 0.0353613 0.00713923 0.00257909 0.00933635 
0.798951 0.0270001 0.0672304 0.0854879 0.00881835 0.00134518 0.0111669 
0.802252 0.0306505 0.0804098 0.0675791 0.00654133 0.001274 0.0112931 
0.802183 0.052327 0.0310669 0.0718214 0.0295395 0.00217772 0.0108849 
0.795147 0.0796323 0.0629297 0.042459 0.00501728 0.00134541 0.0134698 
0.752514 0.0514364 0.0451727 0.123298 0.0153097 0.00253921 0.00972964 
0.821681 0.0545587 0.0420679 0.0479721 0.0150751 0.00229697 0.0163477 
0.853902 0.0367859 0.0416838 0.0303895 0.0191081 0.00197954 0.0161512 
0.801898 0.026859 0.0456659 0.0947627 0.0184526 0.00150696 0.0108553 
0.85403 0.0268232 0.0629911 0.0389264 0.00457555 0.00137977 0.0112737 
0.804044 0.0253222 0.0532632 0.101622 0.00662054 0.00163276 0.00749519 
0.836017 0.0264554 0.0641944 0.0467839 0.00712225 0.00142419 0.0180032 
0.862466 0.0272775 0.0530995 0.0382019 0.00727735 0.00175419 0.00992352 
0.867194 0.0269817 0.0548841 0.0283901 0.0078397 0.00181532 0.0128951 
0.835279 0.0157544 0.0952138 0.0368677 0.0024073 0.0011117 0.0133659 
0.774254 0.0231151 0.0914489 0.0967318 0.00329398 9.84372E-4 0.010172 
0.821873 0.0145687 0.107083 0.0390419 0.00293852 9.74909E-4 0.0135201 
0.794774 0.017646 0.0912025 0.079469 0.00546202 8.9542E-4 0.010551 
0.777189 0.0350899 0.0818321 0.0889324 0.00323909 0.00114136 0.0125767 
0.834915 0.0215684 0.0780821 0.0485273 0.00327874 0.00121276 0.0124153 
0.755169 0.022308 0.107825 0.0963419 0.00189792 0.00123334 0.0152247 
0.796452 0.0197191 0.0749497 0.0961216 0.00313081 0.00127383 0.00835329 
0.851798 0.0124316 0.0957099 0.024537 0.00229178 0.00128278 0.0119489 
0.833047 0.0127219 0.0953447 0.0439749 0.00204486 0.00125063 0.0116164 
0.735451 0.0226556 0.0716112 0.16114 0.00272293 9.96648E-4 0.00542261 
0.14258 0.259183 0.0146495 0.555987 0.016603 0.00516981 0.00582674 
0.073833 0.366228 0.00868207 0.540404 0.00529326 0.00313944 0.00242073 
0.065822 0.498482 0.0057345 0.419453 0.00554759 0.00329079 0.00166963 
0.0519695 0.672317 0.00282451 0.262321 0.00649183 0.00316759 9.08545E-4 
0.740877 0.0867312 0.0427891 0.102233 0.0122086 0.00231276 0.0128482 
0.756863 0.067134 0.0507745 0.0985411 0.0126359 0.00224473 0.0118067 
0.814323 0.0576945 0.0469323 0.051301 0.0143271 0.00253394 0.0128883 
0.79663 0.0425102 0.0434447 0.0878613 0.0176095 0.00242279 0.00952147 
0.761072 0.0625518 0.034327 0.0857522 0.0401076 0.00320456 0.0129849 
0.776812 0.085334 0.0382688 0.0617324 0.0197265 0.00334573 0.0147809 
0.797757 0.0471787 0.0383942 0.0609508 0.0387699 0.0031001 0.0138493 
0.732368 0.0565364 0.0272646 0.100089 0.0681751 0.00299955 0.0125674 
0.768517 0.0487278 0.029701 0.0884526 0.0505305 0.00294723 0.0111239 
0.797176 0.0315418 0.0337274 0.0756085 0.0490041 0.00201474 0.0109273 
0.828423 0.0352996 0.0333236 0.0574839 0.0331596 0.00228485 0.0100256 
0.778979 0.0831677 0.0357518 0.0502586 0.0342509 0.00306363 0.0145287 
0.735035 0.0774747 0.0354203 0.109727 0.0275565 0.00265307 0.0121333 
0.794454 0.0712323 0.0452407 0.0530006 0.0173981 0.00253773 0.0161366 
0.761513 0.0745489 0.0389088 0.0838444 0.0242707 0.00247278 0.0144414 
0.774807 0.0839678 0.0359503 0.0446247 0.0405804 0.00332802 0.0167418 
0.77472 0.0549511 0.0360146 0.0908981 0.0305633 0.00143477 0.011418 
0.717702 0.118571 0.030505 0.0620153 0.0491962 0.00277826 0.019233 
0.757477 0.122819 0.036007 0.0478436 0.0156596 0.00294621 0.0172475 
0.777017 0.0700551 0.0366747 0.0821458 0.0219516 0.00174656 0.0104089 
0.784713 0.0597457 0.0421474 0.0738691 0.0242322 0.00247659 0.0128156 
0.79392 0.0486538 0.0414417 0.0803536 0.0225744 0.00204515 0.0110111 
0.687255 0.025265 0.0305997 0.183792 0.0609013 0.00145937 0.0107272 
0.592673 0.0568225 0.031097 0.273399 0.0325354 0.00148787 0.0119845 
0.751955 0.0314412 0.0560429 0.1348 0.0132336 0.00115137 0.0113759 
0.559706 0.0659172 0.0342231 0.307434 0.0216509 0.00141834 0.00965045 
0.442476 0.0303281 0.0305808 0.459785 0.0267803 8.71798E-4 0.00917782 
0.51127 0.0309777 0.0276419 0.377124 0.0420677 9.45201E-4 0.00997365 
0.576607 0.0459474 0.0286888 0.311805 0.0272081 0.0011014 0.00864271 
0.619309 0.061138 0.0262094 0.256911 0.025777 0.00141095 0.00924419 
0.601679 0.0508229 0.0243703 0.284102 0.0284318 0.00137151 0.00922269 
0.710867 0.0651899 0.0291671 0.150631 0.0307386 0.0016291 0.0117774 
0.696327 0.112748 0.0243208 0.12131 0.0307159 0.00226516 0.0123139 
0.710314 0.0605544 0.0337605 0.173915 0.0106469 0.00153821 0.00927075 
0.648951 0.157724 0.0254265 0.142367 0.00844459 0.0034787 0.0136079 
0.686424 0.177967 0.0291385 0.0782539 0.00715781 0.00689921 0.0141593 
0.751856 0.146285 0.0464373 0.0182285 0.00326521 0.0106696 0.0232589 
0.685641 0.231995 0.0291926 0.0176254 0.00629275 0.0129461 0.0163077 
0.808087 0.100048 0.0364779 0.0286841 0.00321062 0.0138772 0.00961439 
0.811128 0.101257 0.0401771 0.0260868 0.00269412 0.0114907 0.00716667 
0.746383 0.160945 0.0377485 0.0243795 0.00266144 0.0181586 0.00972426 
0.700353 0.186899 0.0355954 0.0122977 0.0032188 0.0353387 0.0262976 
0.698672 0.207881 0.0356577 0.0193308 0.00423658 0.015233 0.0189892 
0.589358 0.337061 0.0229825 0.0177194 0.00705533 0.0130581 0.0127657 
0.726181 0.189583 0.0391344 0.0192073 0.00385606 0.0143355 0.00770298 
0.7185 0.183934 0.034702 0.0137618 0.00449394 0.0380957 0.00651259 
0.588428 0.322704 0.0388213 0.0134651 0.00350603 0.0288895 0.0041865 
0.57974 0.352046 0.0275226 0.0159192 0.00806283 0.0108746 0.00583466 
0.6334 0.268995 0.0351767 0.0356752 0.0096532 0.00933193 0.00776789 
0.613692 0.295794 0.0208237 0.0320062 0.0232441 0.00734245 0.00709767 
0.679604 0.235421 0.0180795 0.0336384 0.0201487 0.00658396 0.00652483 
0.619163 0.29708 0.0199687 0.0212134 0.0218524 0.0135273 0.00719536 
0.468381 0.461182 0.0141859 0.0232125 0.012418 0.015918 0.00470226 
0.435249 0.494916 0.0146527 0.0206962 0.0112328 0.0176362 0.0056169 
0.572223 0.322697 0.019668 0.0590718 0.010518 0.0110849 0.0047369 
0.474912 0.403049 0.0122608 0.0860444 0.00973894 0.0109348 0.00305975 
0.407747 0.490581 0.00694493 0.0718497 0.0112747 0.00950149 0.00210192 
0.740877 0.0867312 0.0427891 0.102233 0.0122086 0.00231276 0.0128482 
0.756863 0.067134 0.0507745 0.0985411 0.0126359 0.00224473 0.0118067 
0.814323 0.0576945 0.0469323 0.051301 0.0143271 0.00253394 0.0128883 
0.79663 0.0425102 0.0434447 0.0878613 0.0176095 0.00242279 0.00952147 
0.761072 0.0625518 0.034327 0.0857522 0.0401076 0.00320456 0.0129849 
0.776812 0.085334 0.0382688 0.0617324 0.0197265 0.00334573 0.0147809 
0.797757 0.0471787 0.0383942 0.0609508 0.0387699 0.0031001 0.0138493 
0.732368 0.0565364 0.0272646 0.100089 0.0681751 0.00299955 0.0125674 
0.768517 0.0487278 0.029701 0.0884526 0.0505305 0.00294723 0.0111239 
0.797176 0.0315418 0.0337274 0.0756085 0.0490041 0.00201474 0.0109273 
0.828423 0.0352996 0.0333236 0.0574839 0.0331596 0.00228485 0.0100256 
0.778979 0.0831677 0.0357518 0.0502586 0.0342509 0.00306363 0.0145287 
0.735035 0.0774747 0.0354203 0.109727 0.0275565 0.00265307 0.0121333 
0.794454 0.0712323 0.0452407 0.0530006 0.0173981 0.00253773 0.0161366 
0.761513 0.0745489 0.0389088 0.0838444 0.0242707 0.00247278 0.0144414 
0.774807 0.0839678 0.0359503 0.0446247 0.0405804 0.00332802 0.0167418 
0.77472 0.0549511 0.0360146 0.0908981 0.0305633 0.00143477 0.011418 
0.717702 0.118571 0.030505 0.0620153 0.0491962 0.00277826 0.019233 
0.757477 0.122819 0.036007 0.0478436 0.0156596 0.00294621 0.0172475 
0.777017 0.0700551 0.0366747 0.0821458 0.0219516 0.00174656 0.0104089 
0.784713 0.0597457 0.0421474 0.0738691 0.0242322 0.00247659 0.0128156 
0.79392 0.0486538 0.0414417 0.0803536 0.0225744 0.00204515 0.0110111 
0.687255 0.025265 0.0305997 0.183792 0.0609013 0.00145937 0.0107272 
0.592673 0.0568225 0.031097 0.273399 0.0325354 0.00148787 0.0119845 
0.751955 0.0314412 0.0560429 0.1348 0.0132336 0.00115137 0.0113759 
0.559706 0.0659172 0.0342231 0.307434 0.0216509 0.00141834 0.00965045 
0.442476 0.0303281 0.0305808 0.459785 0.0267803 8.71798E-4 0.00917782 
0.51127 0.0309777 0.0276419 0.377124 0.0420677 9.45201E-4 0.00997365 
0.576607 0.0459474 0.0286888 0.311805 0.0272081 0.0011014 0.00864271 
0.619309 0.061138 0.0262094 0.256911 0.025777 0.00141095 0.00924419 
0.601679 0.0508229 0.0243703 0.284102 0.0284318 0.00137151 0.00922269 
0.710867 0.0651899 0.0291671 0.150631 0.0307386 0.0016291 0.0117774 
0.696327 0.112748 0.0243208 0.12131 0.0307159 0.00226516 0.0123139 
0.710314 0.0605544 0.0337605 0.173915 0.0106469 0.00153821 0.00927075 
0.648951 0.157724 0.0254265 0.142367 0.00844459 0.0034787 0.0136079 
0.686424 0.177967 0.0291385 0.0782539 0.00715781 0.00689921 0.0141593 
0.751856 0.146285 0.0464373 0.0182285 0.00326521 0.0106696 0.0232589 
0.685641 0.231995 0.0291926 0.0176254 0.00629275 0.0129461 0.0163077 
0.808087 0.100048 0.0364779 0.0286841 0.00321062 0.0138772 0.00961439 
0.811128 0.101257 0.0401771 0.0260868 0.00269412 0.0114907 0.00716667 
0.746383 0.160945 0.0377485 0.0243795 0.00266144 0.0181586 0.00972426 
0.700353 0.186899 0.0355954 0.0122977 0.0032188 0.0353387 0.0262976 
0.698672 0.207881 0.0356577 0.0193308 0.00423658 0.015233 0.0189892 
0.589358 0.337061 0.0229825 0.0177194 0.00705533 0.0130581 0.0127657 
0.697514 0.15516 0.0228602 0.0982959 0.0150784 0.00217085 0.00892037 
0.756605 0.149892 0.0210272 0.0480254 0.0139718 0.00238673 0.00809113 
0.728279 0.138481 0.0218478 0.0876383 0.0140304 0.00248246 0.00724042 
0.787711 0.101829 0.0226287 0.0576432 0.0181268 0.00310165 0.00895984 
0.72369 0.151444 0.0232805 0.0733324 0.0154035 0.00271675 0.0101322 
0.783027 0.061841 0.0332898 0.100826 0.00933794 0.00223339 0.00944478 
0.826579 0.0656109 0.0390195 0.0471655 0.00891674 0.00225134 0.0104574 
0.83334 0.0553736 0.0301683 0.0612547 0.00766778 0.00330872 0.00888663 
0.809368 0.0776246 0.0305777 0.0647993 0.00679719 0.00303854 0.00779458 
0.793131 0.0633663 0.0230028 0.0907586 0.0200579 0.00255988 0.00712374 
0.805163 0.0700582 0.0318513 0.0740014 0.00792112 0.00245096 0.00855372 
0.817693 0.0452508 0.0368678 0.0777664 0.00968993 0.00216218 0.0105699 
0.726948 0.0992902 0.0277485 0.125772 0.00922036 0.00250896 0.00851142 
0.816023 0.0680212 0.0316859 0.0634684 0.0113006 0.00215883 0.00734232 
0.746864 0.0838661 0.0263732 0.124386 0.00988308 0.00211616 0.00651161 
0.81959 0.0650493 0.0315132 0.0645143 0.00794141 0.00264543 0.00874669 
0.808633 0.0925161 0.0308156 0.0466465 0.00651008 0.00330276 0.0115761 
0.80701 0.0839655 0.0334389 0.0529517 0.00890357 0.00338813 0.0103427 
0.815382 0.0445214 0.0363295 0.0830778 0.00998477 0.00273289 0.00797177 
0.754589 0.0424598 0.0381709 0.147659 0.0072127 0.00194485 0.00796393 
0.785857 0.0453114 0.0373025 0.114755 0.00614822 0.00216257 0.00846275 
0.777966 0.0693164 0.0405652 0.0944119 0.00504667 0.00222038 0.0104735 
0.769312 0.0716729 0.0371159 0.107029 0.00404511 0.00274094 0.00808394 
0.801844 0.0868349 0.0272389 0.0619842 0.0114158 0.00304036 0.00764144 
0.814432 0.0636209 0.0292611 0.0701775 0.0119935 0.00249281 0.00802177 
0.847739 0.047822 0.0365928 0.0502499 0.00546874 0.00340321 0.00872393 
0.794641 0.068293 0.0338428 0.0864051 0.00508129 0.00377348 0.0079635 
0.795928 0.0763417 0.0396657 0.0745378 0.00339039 0.00254998 0.00758644 
0.842646 0.0402089 0.036182 0.0614712 0.00831189 0.00296745 0.00821255 
0.833241 0.049903 0.0390789 0.0572366 0.00796849 0.00298592 0.00958573 
