0.830865 0.0252609 0.10825 0.00406438 8.727E-4 0.00269239 0.0279953 
0.847114 0.0273396 0.0912703 0.0113367 0.00129137 0.00226459 0.0193838 
0.859952 0.0280141 0.0756582 0.00704283 0.00154074 0.0025826 0.0252097 
0.848202 0.0175793 0.102232 0.00542839 7.22351E-4 0.00242137 0.0234148 
0.857074 0.0180255 0.0881869 0.0125219 0.002365 0.00193542 0.0198907 
0.832653 0.0120171 0.121023 0.00816403 9.22222E-4 0.00223488 0.0229854 
0.850738 0.0134981 0.0933763 0.0139603 0.00226885 0.00202276 0.0241362 
0.873375 0.0155117 0.0791943 0.00805628 0.00200322 0.00262082 0.0192385 
0.843161 0.0161611 0.0993168 0.00946565 0.001835 0.00248983 0.0275702 
0.856468 0.0135844 0.0915206 0.00985244 0.00157691 0.00240378 0.0245937 
0.867895 0.0123979 0.0838782 0.00990124 0.00273935 0.0028794 0.0203091 
0.869397 0.0198841 0.0746087 0.0156284 0.00318956 0.00168023 0.0156119 
0.853276 0.0197802 0.0896054 0.0078005 0.00166281 0.00243916 0.0254359 
0.862306 0.0207923 0.0770478 0.0126003 0.00332612 0.00164435 0.022283 
0.842392 0.0141461 0.103602 0.00648712 0.00139318 0.00255633 0.0294232 
0.863087 0.016403 0.0818243 0.00810199 0.00224752 0.00221976 0.0261164 
0.875765 0.0238311 0.066736 0.00936964 0.00290897 0.00250742 0.0188821 
0.868108 0.0224168 0.0715863 0.0064479 0.00355086 0.00271938 0.0251711 
0.852099 0.0178358 0.0930612 0.00387083 0.00166741 0.00379068 0.0276747 
0.856915 0.0185095 0.0828684 0.00699369 0.00222108 0.00319046 0.0293017 
0.851553 0.0272173 0.0828216 0.00682192 0.00161222 0.00389996 0.0260744 
0.876896 0.0235574 0.0674919 0.0108161 0.00196812 0.0027563 0.0165145 
0.871781 0.0209624 0.0707714 0.01474 0.00224605 0.00240086 0.0170982 
0.865444 0.02554 0.07518 0.00944813 0.00337146 0.00295463 0.0180622 
0.881336 0.0292471 0.0525656 0.0111374 0.00499054 0.00257694 0.0181467 
0.867748 0.0354696 0.056409 0.0155743 0.00378105 0.00332485 0.0176933 
0.872397 0.0394603 0.0508438 0.0147881 0.00275036 0.00409406 0.0156665 
0.870453 0.0435286 0.0503084 0.0114906 0.00335341 0.00465842 0.0162078 
0.862177 0.0515057 0.0472405 0.0136699 0.00410717 0.00384724 0.0174525 
0.864012 0.0271917 0.0646091 0.0224444 0.00529948 0.00167188 0.0147717 
0.856117 0.0483268 0.0489741 0.0226433 0.00480644 0.00248003 0.0166524 
0.8549 0.0292921 0.0696622 0.0184456 0.00305551 0.00293766 0.0217073 
0.850918 0.042139 0.0553925 0.0136175 0.0130829 0.00337966 0.0214706 
0.869865 0.0266839 0.0549996 0.010927 0.0102726 0.00260504 0.0246464 
0.848703 0.0195497 0.0810699 0.0212068 0.00598332 0.001761 0.0217261 
0.872221 0.0195819 0.0704087 0.0119657 0.00347513 0.00309992 0.0192477 
0.872431 0.0201749 0.0708973 0.00824802 0.00306583 0.00357457 0.0216086 
0.868393 0.0251608 0.07035 0.0106474 0.00254759 0.00498651 0.0179151 
0.853014 0.0444079 0.0536612 0.0218069 0.00545719 0.00262051 0.0190327 
0.873448 0.0306054 0.0561727 0.0155991 0.00357626 0.00218757 0.0184105 
0.867577 0.032886 0.0518844 0.014917 0.0107444 0.00262634 0.0193648 
0.863683 0.0245711 0.0731362 0.00588494 0.00290561 0.00330845 0.0265105 
0.860233 0.0412309 0.0537742 0.0121728 0.00654169 0.00310801 0.0229389 
0.875211 0.0398155 0.0428928 0.00982771 0.00506801 0.00378023 0.0234048 
0.859861 0.0513138 0.047296 0.0129442 0.00512845 0.00343593 0.0200208 
0.866356 0.0511604 0.041943 0.0163634 0.0059088 0.00369016 0.0145785 
0.852335 0.0440923 0.0660913 0.0109026 0.00345521 0.00301691 0.020107 
0.877829 0.0239134 0.0597208 0.0153843 0.00389576 0.00175007 0.0175068 
0.875808 0.035321 0.055638 0.0106643 0.00357533 0.00291515 0.0160784 
0.815302 0.104531 0.0332003 0.0143617 0.00990157 0.00535522 0.0173482 
0.861786 0.0633577 0.0381816 0.00804377 0.0046935 0.00460544 0.0193316 
0.857507 0.0656601 0.0374513 0.014611 0.00572626 0.00318187 0.0158629 
0.833523 0.0825852 0.0397203 0.0220979 0.00388751 0.00309823 0.0150881 
0.858394 0.0573335 0.0396939 0.0220976 0.00657062 0.00205486 0.0138554 
0.861134 0.0397188 0.0479054 0.0209436 0.00884085 0.00181606 0.0196415 
0.848769 0.051675 0.04946 0.0310417 0.00536965 0.0017115 0.0119733 
0.868994 0.0416792 0.0536394 0.01296 0.00456262 0.00243643 0.0157282 
0.83284 0.0707319 0.0490134 0.0186509 0.00646973 0.00189446 0.0204 
0.832464 0.0819043 0.0424368 0.0227005 0.00488903 0.00233901 0.0132664 
0.829785 0.0851549 0.044171 0.014739 0.00378962 0.00258565 0.0197746 
0.836277 0.0768295 0.0391186 0.0174245 0.0101589 0.00226752 0.0179241 
0.880073 0.0306822 0.0540161 0.0135183 0.0033964 0.0036075 0.0147068 
0.845086 0.0440503 0.0605196 0.030266 0.0027655 0.00205463 0.015258 
0.860196 0.0343793 0.0547273 0.028957 0.00746344 0.00199972 0.0122776 
0.834455 0.0458117 0.0500416 0.0413301 0.0115237 0.00203986 0.0147985 
0.821062 0.0476948 0.0618491 0.0323439 0.0143904 0.00220935 0.0204508 
0.843117 0.0415959 0.065558 0.0192989 0.00438338 0.00226375 0.0237835 
0.854913 0.0264158 0.0719798 0.0149277 0.00555199 0.00278707 0.0234248 
0.835977 0.0369873 0.0615997 0.0325217 0.0132468 0.00211808 0.0175496 
0.830003 0.0272555 0.0892127 0.0189434 0.00833684 0.00275665 0.0234914 
0.823232 0.0475197 0.0758517 0.0288194 0.0038205 0.0025071 0.0182492 
0.813993 0.0824277 0.0326222 0.0205304 0.0309153 0.00487358 0.0146378 
0.840135 0.0696689 0.0472321 0.0131426 0.00688218 0.00563911 0.0173003 
0.830748 0.0544186 0.0526471 0.0185339 0.0169054 0.00561967 0.0211277 
0.869623 0.0340787 0.0466441 0.017363 0.0116619 0.00314053 0.0174882 
0.870077 0.0365388 0.0484781 0.0148645 0.0112718 0.00310791 0.0156623 
0.814319 0.0718738 0.0359384 0.0257034 0.0309704 0.00491105 0.0162837 
0.85199 0.0463609 0.0382383 0.0260075 0.0150232 0.00305513 0.0193252 
0.859069 0.0470078 0.042518 0.0276412 0.00808401 0.00240279 0.0132776 
0.86473 0.0429957 0.0484489 0.0156098 0.0044457 0.00266735 0.0211025 
0.856521 0.0477426 0.0474978 0.0245185 0.0029359 0.00483341 0.0159503 
0.860078 0.0403908 0.0475069 0.0231896 0.00813077 0.00216016 0.0185438 
0.858154 0.0444743 0.0442133 0.0244359 0.0082426 0.00291219 0.0175673 
0.854395 0.0367092 0.0443038 0.0394713 0.00650755 0.00248294 0.0161306 
0.857045 0.0361228 0.0530206 0.0254959 0.00503475 0.00245542 0.0208251 
0.878553 0.0280428 0.0503832 0.0136821 0.00529207 0.0028098 0.0212366 
0.863755 0.0383168 0.0372129 0.0305278 0.0139445 0.0027477 0.0134949 
0.833968 0.075522 0.0348253 0.0196946 0.0133627 0.00339843 0.0192293 
0.85618 0.0507839 0.0414494 0.0221627 0.00816347 0.00219772 0.0190624 
0.864333 0.041832 0.041342 0.0225648 0.00927162 0.00224771 0.0184092 
0.852569 0.0394522 0.0343916 0.0384556 0.0186759 0.00196788 0.014488 
0.863555 0.0440243 0.0330879 0.0259338 0.0146573 0.00252636 0.016215 
0.841967 0.0542988 0.0363472 0.0334744 0.0126499 0.0021148 0.0191476 
0.801595 0.0653787 0.0342072 0.0609401 0.0191436 0.00169712 0.0170383 
0.809187 0.0416801 0.0371168 0.0689707 0.0218701 0.0017361 0.0194395 
0.823526 0.0595865 0.0255726 0.0404107 0.0361799 0.00268234 0.0120421 
0.849415 0.039342 0.0547483 0.0288425 0.00669368 0.00164233 0.0193165 
0.800049 0.0867782 0.0300628 0.0400385 0.0254027 0.00218656 0.0154826 
0.806637 0.0879361 0.0271292 0.0452454 0.0176831 0.00195864 0.0134104 
0.801586 0.0713687 0.0250717 0.0619145 0.0262513 0.00197623 0.0118315 
0.778201 0.0628181 0.0187791 0.0796925 0.0464602 0.00207655 0.011973 
0.829963 0.0279218 0.0192918 0.0562132 0.0535828 0.00202197 0.0110052 
0.840443 0.0391634 0.0292632 0.0576955 0.0185409 0.00166723 0.0132268 
0.835933 0.0287897 0.0298619 0.0568742 0.0302503 0.00162481 0.0166659 
0.776195 0.0477348 0.027565 0.0981774 0.0341329 0.00199802 0.0141968 
0.798117 0.064407 0.0290855 0.0630605 0.0236921 0.00217516 0.0194632 
0.808221 0.0410798 0.0387253 0.0765413 0.0176966 0.00189498 0.0158412 
0.788187 0.0635387 0.0331961 0.0656959 0.0276361 0.00235468 0.0193913 
0.746718 0.0436979 0.0234518 0.1081 0.0624614 0.00193902 0.0136319 
0.856968 0.0358794 0.0378835 0.0321922 0.0198484 0.00183545 0.0153931 
0.859663 0.0512254 0.0308966 0.0261203 0.0140082 0.00342104 0.0146657 
0.794131 0.0355193 0.0396779 0.0899852 0.0207138 0.00145184 0.0185208 
0.838612 0.0278339 0.044136 0.0527884 0.0147882 0.00156424 0.020277 
0.809711 0.0668752 0.0303214 0.051516 0.0230024 0.00257131 0.0160027 
0.811812 0.0403026 0.0342385 0.0718134 0.0267768 0.00203284 0.013024 
0.802059 0.0516636 0.0242475 0.0541337 0.0502852 0.0026021 0.0150092 
0.815935 0.0326301 0.0490475 0.0605027 0.0173346 0.00173733 0.0228127 
0.812232 0.0361158 0.0293267 0.0638873 0.0387426 0.0019511 0.0177447 
0.836745 0.039484 0.0397947 0.0518225 0.0139273 0.00178741 0.0164388 
0.832113 0.0415571 0.0308514 0.056222 0.0232166 0.00236269 0.0136769 
0.852569 0.0394522 0.0343916 0.0384556 0.0186759 0.00196788 0.014488 
0.863555 0.0440243 0.0330879 0.0259338 0.0146573 0.00252636 0.016215 
0.841967 0.0542988 0.0363472 0.0334744 0.0126499 0.0021148 0.0191476 
0.801595 0.0653787 0.0342072 0.0609401 0.0191436 0.00169712 0.0170383 
0.809187 0.0416801 0.0371168 0.0689707 0.0218701 0.0017361 0.0194395 
0.823526 0.0595865 0.0255726 0.0404107 0.0361799 0.00268234 0.0120421 
0.849415 0.039342 0.0547483 0.0288425 0.00669368 0.00164233 0.0193165 
0.800049 0.0867782 0.0300628 0.0400385 0.0254027 0.00218656 0.0154826 
0.806637 0.0879361 0.0271292 0.0452454 0.0176831 0.00195864 0.0134104 
0.801586 0.0713687 0.0250717 0.0619145 0.0262513 0.00197623 0.0118315 
0.778201 0.0628181 0.0187791 0.0796925 0.0464602 0.00207655 0.011973 
0.829963 0.0279218 0.0192918 0.0562132 0.0535828 0.00202197 0.0110052 
0.840443 0.0391634 0.0292632 0.0576955 0.0185409 0.00166723 0.0132268 
0.835933 0.0287897 0.0298619 0.0568742 0.0302503 0.00162481 0.0166659 
0.776195 0.0477348 0.027565 0.0981774 0.0341329 0.00199802 0.0141968 
0.798117 0.064407 0.0290855 0.0630605 0.0236921 0.00217516 0.0194632 
0.808221 0.0410798 0.0387253 0.0765413 0.0176966 0.00189498 0.0158412 
0.788187 0.0635387 0.0331961 0.0656959 0.0276361 0.00235468 0.0193913 
0.746718 0.0436979 0.0234518 0.1081 0.0624614 0.00193902 0.0136319 
0.856968 0.0358794 0.0378835 0.0321922 0.0198484 0.00183545 0.0153931 
0.859663 0.0512254 0.0308966 0.0261203 0.0140082 0.00342104 0.0146657 
0.794131 0.0355193 0.0396779 0.0899852 0.0207138 0.00145184 0.0185208 
0.838612 0.0278339 0.044136 0.0527884 0.0147882 0.00156424 0.020277 
0.809711 0.0668752 0.0303214 0.051516 0.0230024 0.00257131 0.0160027 
0.811812 0.0403026 0.0342385 0.0718134 0.0267768 0.00203284 0.013024 
0.802059 0.0516636 0.0242475 0.0541337 0.0502852 0.0026021 0.0150092 
0.815935 0.0326301 0.0490475 0.0605027 0.0173346 0.00173733 0.0228127 
0.812232 0.0361158 0.0293267 0.0638873 0.0387426 0.0019511 0.0177447 
0.836745 0.039484 0.0397947 0.0518225 0.0139273 0.00178741 0.0164388 
0.832113 0.0415571 0.0308514 0.056222 0.0232166 0.00236269 0.0136769 
0.848715 0.0372551 0.0489022 0.0389059 0.00549906 0.00193976 0.0187827 
0.877201 0.0229041 0.0529973 0.0195131 0.00466359 0.0016128 0.0211081 
0.875296 0.0252959 0.047389 0.0269319 0.00531213 0.00187041 0.0179045 
0.854205 0.0238406 0.0512155 0.0401267 0.0111707 0.00155578 0.0178861 
0.8545 0.0347534 0.0500501 0.0296879 0.0103078 0.00173662 0.0189639 
0.834057 0.0445378 0.0367223 0.0555057 0.0107144 0.0021083 0.0163545 
0.836183 0.0551756 0.0443414 0.040039 0.00438094 0.0023817 0.0174981 
0.846975 0.0337025 0.0442796 0.0510962 0.00562048 0.00237327 0.0159528 
0.843107 0.0284549 0.0525728 0.0433004 0.00728376 0.00195758 0.0233231 
0.862948 0.0421162 0.0460668 0.0198985 0.00422809 0.00404962 0.0206925 
0.878953 0.0317891 0.0435965 0.024921 0.00344272 0.00304683 0.0142511 
0.874674 0.0242992 0.0488787 0.0282909 0.00412734 0.00203034 0.0176997 
0.867577 0.0247993 0.0552804 0.027485 0.0042945 0.00201198 0.0185516 
0.866948 0.0239395 0.0593359 0.0181511 0.00609923 0.00180265 0.0237236 
0.843262 0.0304037 0.054545 0.0425829 0.00767878 0.00129048 0.0202374 
0.850556 0.0417053 0.0518466 0.0285678 0.00575484 0.00233767 0.019232 
0.852569 0.0394522 0.0343916 0.0384556 0.0186759 0.00196788 0.014488 
0.863555 0.0440243 0.0330879 0.0259338 0.0146573 0.00252636 0.016215 
0.841967 0.0542988 0.0363472 0.0334744 0.0126499 0.0021148 0.0191476 
0.801595 0.0653787 0.0342072 0.0609401 0.0191436 0.00169712 0.0170383 
0.809187 0.0416801 0.0371168 0.0689707 0.0218701 0.0017361 0.0194395 
0.823526 0.0595865 0.0255726 0.0404107 0.0361799 0.00268234 0.0120421 
0.849415 0.039342 0.0547483 0.0288425 0.00669368 0.00164233 0.0193165 
0.800049 0.0867782 0.0300628 0.0400385 0.0254027 0.00218656 0.0154826 
0.806637 0.0879361 0.0271292 0.0452454 0.0176831 0.00195864 0.0134104 
0.801586 0.0713687 0.0250717 0.0619145 0.0262513 0.00197623 0.0118315 
0.778201 0.0628181 0.0187791 0.0796925 0.0464602 0.00207655 0.011973 
0.829963 0.0279218 0.0192918 0.0562132 0.0535828 0.00202197 0.0110052 
0.840443 0.0391634 0.0292632 0.0576955 0.0185409 0.00166723 0.0132268 
0.835933 0.0287897 0.0298619 0.0568742 0.0302503 0.00162481 0.0166659 
0.776195 0.0477348 0.027565 0.0981774 0.0341329 0.00199802 0.0141968 
0.798117 0.064407 0.0290855 0.0630605 0.0236921 0.00217516 0.0194632 
0.808221 0.0410798 0.0387253 0.0765413 0.0176966 0.00189498 0.0158412 
0.788187 0.0635387 0.0331961 0.0656959 0.0276361 0.00235468 0.0193913 
0.746718 0.0436979 0.0234518 0.1081 0.0624614 0.00193902 0.0136319 
0.856968 0.0358794 0.0378835 0.0321922 0.0198484 0.00183545 0.0153931 
0.859663 0.0512254 0.0308966 0.0261203 0.0140082 0.00342104 0.0146657 
0.794131 0.0355193 0.0396779 0.0899852 0.0207138 0.00145184 0.0185208 
0.838612 0.0278339 0.044136 0.0527884 0.0147882 0.00156424 0.020277 
0.809711 0.0668752 0.0303214 0.051516 0.0230024 0.00257131 0.0160027 
0.811812 0.0403026 0.0342385 0.0718134 0.0267768 0.00203284 0.013024 
0.802059 0.0516636 0.0242475 0.0541337 0.0502852 0.0026021 0.0150092 
0.815935 0.0326301 0.0490475 0.0605027 0.0173346 0.00173733 0.0228127 
0.812232 0.0361158 0.0293267 0.0638873 0.0387426 0.0019511 0.0177447 
0.836745 0.039484 0.0397947 0.0518225 0.0139273 0.00178741 0.0164388 
0.832113 0.0415571 0.0308514 0.056222 0.0232166 0.00236269 0.0136769 
0.640139 0.106488 0.0203513 0.190574 0.0294611 0.00213002 0.0108567 
0.731103 0.100346 0.0225174 0.106556 0.0252002 0.00215647 0.0121209 
0.698099 0.119745 0.0223508 0.109927 0.0346965 0.00216128 0.0130208 
0.562851 0.237471 0.0130227 0.13477 0.0382364 0.00267708 0.0109723 
0.663423 0.125468 0.0144179 0.112392 0.0667321 0.00319936 0.0143684 
0.550471 0.163475 0.0142782 0.204281 0.0535084 0.00263511 0.0113514 
0.636464 0.0804604 0.0177745 0.199143 0.0518365 0.00209586 0.012226 
0.724444 0.0814741 0.0218468 0.0925994 0.0559596 0.00266745 0.0210085 
0.731436 0.115434 0.0273146 0.0847974 0.0216593 0.00225694 0.0171014 
0.793537 0.0875844 0.0218001 0.0617984 0.0208559 0.00255536 0.0118685 
0.728142 0.101679 0.0178099 0.0923928 0.0448991 0.00243598 0.0126414 
0.780265 0.0837578 0.0237414 0.0772792 0.0202649 0.00216662 0.012525 
0.774875 0.0732817 0.0236426 0.095055 0.0204035 0.00220319 0.0105392 
0.70558 0.0969426 0.0209904 0.139702 0.0240535 0.00244093 0.0102901 
0.755069 0.10769 0.0212362 0.0769784 0.024151 0.00253313 0.012342 
0.664141 0.120317 0.0187332 0.146681 0.0366316 0.00228219 0.0112135 
0.683914 0.07758 0.0199358 0.177878 0.0293956 0.00181978 0.00947647 
0.6219 0.100263 0.0158749 0.21844 0.0335636 0.00163121 0.00832748 
0.796086 0.0586506 0.0309409 0.0865431 0.0143978 0.00148138 0.0118999 
0.743715 0.0847897 0.0245421 0.110752 0.022858 0.00191373 0.0114296 
0.797628 0.0708975 0.0228648 0.0643081 0.0295962 0.00218681 0.0125182 
0.730022 0.0773195 0.019754 0.0976473 0.0596331 0.00233406 0.0132898 
0.669119 0.112851 0.0184281 0.119721 0.0629469 0.00265418 0.0142802 
0.799105 0.0545245 0.0278577 0.0826599 0.0225901 0.00165425 0.011608 
0.712087 0.111637 0.0183735 0.130135 0.0177391 0.00150021 0.00852809 
0.718784 0.0906459 0.024129 0.144704 0.0103817 0.00151574 0.00983897 
0.771163 0.0777755 0.0245738 0.0951015 0.0181934 0.00154218 0.0116508 
0.747628 0.0927358 0.0243971 0.0970247 0.0229258 0.00186535 0.0134235 
0.747748 0.133979 0.0201944 0.0588759 0.0245786 0.00220789 0.0124169 
0.874038 0.0281919 0.0536524 0.0243355 0.00450993 0.00156059 0.0137118 
0.864085 0.0185059 0.0708732 0.0272025 0.00385905 0.00149525 0.0139796 
0.849193 0.0379027 0.0546298 0.0412258 0.00343574 0.00213196 0.011481 
0.88868 0.0244406 0.0503779 0.0154427 0.00368031 0.00246391 0.0149145 
0.8646 0.043547 0.0398597 0.0255603 0.0121716 0.00239032 0.0118715 
0.868835 0.0454351 0.0446434 0.015623 0.0048286 0.00279018 0.0178448 
0.85512 0.050039 0.0359218 0.0354176 0.00956433 0.0020932 0.0118444 
0.842546 0.0378446 0.0450663 0.0476831 0.0102621 0.00172125 0.0148765 
0.840786 0.0507236 0.0408506 0.027324 0.0196346 0.00230731 0.0183734 
0.860239 0.0346559 0.0483264 0.0295645 0.00821627 0.00181752 0.0171807 
0.842299 0.0521119 0.0432662 0.0245055 0.015472 0.00237949 0.0199665 
0.833742 0.0529611 0.0429765 0.0381583 0.0146778 0.00221235 0.0152722 
0.861683 0.0358156 0.0531689 0.0281313 0.00426952 0.00197636 0.0149556 
0.865914 0.0375319 0.0464896 0.026981 0.00559829 0.00261268 0.0148729 
0.837532 0.0587197 0.0369323 0.0442043 0.00760473 0.0025034 0.0125033 
0.840969 0.0628455 0.0413913 0.0248641 0.010204 0.00290918 0.0168174 
0.847648 0.0346657 0.0490857 0.037238 0.0076413 0.00174733 0.0219739 
0.832358 0.0620512 0.030628 0.0440639 0.0174463 0.00222066 0.011232 
0.864825 0.0377593 0.0411468 0.0338497 0.00675512 0.0029905 0.0126733 
0.812076 0.0734533 0.0267103 0.0479754 0.023468 0.0027837 0.0135333 
0.855766 0.0453699 0.039778 0.0318422 0.00844533 0.00199081 0.0168083 
0.849968 0.0566244 0.0432682 0.0174841 0.00874884 0.00299759 0.0209091 
0.849312 0.044865 0.0464462 0.0346449 0.005886 0.00209883 0.0167468 
0.859058 0.0387085 0.0462181 0.0337009 0.0063401 0.00192562 0.0140493 
0.881053 0.0364727 0.0442088 0.012705 0.00724897 0.00277839 0.0155335 
0.85849 0.0155474 0.0837582 0.0129883 0.00173793 0.00213096 0.0253477 
0.858284 0.029895 0.062034 0.027732 0.00545785 0.0020652 0.0145321 
0.874939 0.0241478 0.0683263 0.0114963 0.00178875 0.0027821 0.0165201 
0.862418 0.016981 0.0813319 0.0144109 0.00310362 0.00181003 0.0199443 
0.847919 0.0146576 0.0839614 0.0286068 0.0032325 0.00149558 0.0201266 
0.820307 0.01859 0.0829868 0.0539651 0.00306907 0.00181996 0.0192623 
0.823665 0.0204434 0.0763951 0.059005 0.00335898 0.00145862 0.0156736 
0.837714 0.031066 0.0558755 0.0547037 0.00652225 0.00139414 0.0127241 
0.83583 0.0301833 0.0486947 0.0699244 0.00384743 0.00153692 0.00998352 
0.818972 0.0174071 0.0719193 0.0725578 0.00340119 0.00125407 0.0144884 
0.822919 0.0198033 0.0629431 0.075284 0.00473212 0.00124011 0.0130786 
0.844748 0.0244112 0.0509839 0.0607751 0.00569189 0.00151486 0.0118747 
0.799913 0.0251562 0.0632967 0.0907299 0.00590578 9.98047E-4 0.0140007 
0.785084 0.0221461 0.0612819 0.110479 0.00770722 9.66342E-4 0.0123358 
0.751903 0.020763 0.0675831 0.141208 0.00501184 0.00102567 0.0125054 
0.768366 0.0236916 0.0513144 0.137883 0.00833283 8.74828E-4 0.00953671 
0.769444 0.0263751 0.0559023 0.130919 0.0058005 8.57818E-4 0.0107018 
0.747166 0.0162363 0.103828 0.115611 0.00252139 0.0011916 0.0134456 
0.774762 0.017458 0.0877086 0.104866 0.00246751 0.00103579 0.0117026 
0.755061 0.0218256 0.0971745 0.109838 0.00185062 0.00135653 0.0128935 
0.827577 0.0214202 0.0824754 0.0508389 0.00166592 0.00131918 0.0147032 
0.78142 0.0232845 0.0838173 0.0912563 0.00212528 0.00109735 0.0169996 
0.804074 0.021668 0.0869335 0.0689627 0.00273226 0.00110219 0.0145276 
0.791841 0.0146638 0.0885861 0.0851357 0.00362352 0.00101527 0.0151349 
0.815398 0.0154036 0.0834776 0.0687354 0.00375424 0.00113073 0.0121009 
0.737455 0.124264 0.0310746 0.0773804 0.0182302 0.00257344 0.00902266 
0.78712 0.0817299 0.034804 0.0687711 0.0152491 0.00211239 0.0102132 
0.809007 0.0721933 0.04792 0.0493614 0.00708771 0.00204515 0.0123854 
0.820722 0.0566596 0.0528788 0.051318 0.00487764 0.0020008 0.0115433 
0.843989 0.0519298 0.0476221 0.0379051 0.00541547 0.0020366 0.011102 
0.827824 0.0609091 0.0424745 0.0501598 0.00793641 0.00202593 0.00867029 
0.810988 0.0812412 0.0407331 0.0482805 0.00741972 0.00230839 0.00902964 
0.806065 0.0491137 0.0508605 0.0755118 0.00825586 0.00143934 0.00875347 
0.717396 0.10405 0.0341649 0.11142 0.0207253 0.0019231 0.0103202 
0.805393 0.0773128 0.0391555 0.0454978 0.0175708 0.00264703 0.0124227 
0.823551 0.0613111 0.0468199 0.036838 0.0129546 0.00271623 0.0158091 
0.831576 0.0596944 0.0570372 0.0280535 0.00420747 0.00278224 0.0166495 
0.824334 0.0459435 0.054758 0.048289 0.0083647 0.00208298 0.016228 
0.816665 0.0443935 0.050624 0.0610113 0.0109336 0.00185068 0.0145224 
0.767682 0.0457873 0.0538586 0.109393 0.00850159 0.00160044 0.0131765 
0.793598 0.0472854 0.0675594 0.0693211 0.00773493 0.00145598 0.0130451 
0.728131 0.057572 0.0665403 0.127925 0.00742905 0.00117999 0.0112229 
0.671213 0.0592577 0.0450938 0.205086 0.0113467 0.00105007 0.00695297 
0.764794 0.0607791 0.036705 0.115317 0.0138514 0.00124083 0.00731225 
0.818267 0.046943 0.0470239 0.0662621 0.0112774 0.00135179 0.00887492 
0.757062 0.0631991 0.048437 0.117885 0.00480616 0.00132952 0.00728029 
0.728664 0.0410643 0.0560826 0.158604 0.00678713 0.00115298 0.00764507 
0.728992 0.0549951 0.0407793 0.15221 0.0148571 0.00133937 0.00682756 
0.765969 0.0564145 0.042147 0.103421 0.022547 0.00158377 0.00791816 
0.74778 0.0969421 0.0465603 0.0790961 0.0162926 0.00186532 0.0114634 
0.794215 0.0752072 0.051159 0.0565973 0.0085341 0.00242605 0.0118611 
0.807473 0.0787123 0.05622 0.0337478 0.00734437 0.0029829 0.01352 
0.83054 0.0540892 0.0451521 0.03934 0.0150658 0.00237525 0.0134372 
0.845685 0.0378096 0.0606321 0.0341923 0.00783428 0.00223456 0.0116118 
0.846114 0.0439539 0.0431524 0.0369034 0.0175436 0.00189868 0.0104338 
0.790396 0.0522923 0.0422827 0.0615856 0.0368972 0.00261666 0.01393 
0.729076 0.0281524 0.0664625 0.109788 0.0442149 0.00147456 0.0208317 
0.756997 0.0413652 0.0508586 0.0352498 0.0802356 0.00245276 0.0328405 
0.716234 0.0731895 0.0500804 0.0357045 0.0825802 0.00339261 0.0388184 
0.565503 0.16954 0.0540818 0.0206431 0.110371 0.00798891 0.0718722 
0.59345 0.114572 0.0620807 0.0271887 0.0969999 0.00593818 0.0997697 
0.568825 0.101152 0.0685068 0.0271426 0.166394 0.00711612 0.0608635 
0.508002 0.106826 0.07061 0.0216783 0.22018 0.00932913 0.0633746 
0.483265 0.143907 0.0588876 0.0253386 0.207731 0.0126061 0.0682646 
0.539225 0.128367 0.0673611 0.0179999 0.17765 0.0109136 0.0584833 
0.362374 0.169438 0.0612353 0.0203695 0.28367 0.0190977 0.0838167 
0.306763 0.225646 0.0628583 0.0181121 0.194585 0.0199448 0.17209 
0.320449 0.20359 0.0633007 0.0173237 0.239546 0.0227119 0.133078 
0.280763 0.141701 0.0530928 0.0225227 0.398927 0.0224429 0.0805505 
0.243854 0.154137 0.0494218 0.0241458 0.431352 0.0259329 0.0711571 
0.243604 0.124985 0.0432963 0.0281403 0.484369 0.0222869 0.0533184 
0.346395 0.143966 0.0438255 0.0314104 0.365849 0.0175348 0.0510194 
0.365791 0.148687 0.0483412 0.0350053 0.319272 0.0163523 0.0665521 
0.248445 0.0923923 0.0291115 0.0303199 0.555539 0.0110213 0.0331709 
0.276866 0.120576 0.0354032 0.0380655 0.46965 0.0153608 0.0440782 
0.367158 0.155812 0.0376932 0.0560579 0.312987 0.0164125 0.0538804 
0.361499 0.126976 0.0283514 0.0463481 0.397119 0.0122269 0.0274794 
0.312266 0.121693 0.0321348 0.0534145 0.436274 0.0133378 0.0308795 
0.325668 0.139067 0.0380445 0.0535333 0.386178 0.0177029 0.0398068 
0.39843 0.191388 0.0428344 0.0867122 0.224663 0.0158883 0.0400842 
0.288754 0.15137 0.0393738 0.0658921 0.39262 0.0208473 0.0411431 
0.329188 0.20598 0.0398258 0.0615455 0.302264 0.0214787 0.0397171 
0.423904 0.162958 0.0434936 0.106042 0.215917 0.013367 0.0343197 
0.501605 0.0758456 0.0514526 0.234141 0.109009 0.00406404 0.0238831 
0.500379 0.125239 0.0337114 0.129534 0.181685 0.00815102 0.0213007 
0.496116 0.134708 0.0351648 0.145402 0.160679 0.00783353 0.020096 
0.44859 0.141195 0.0310669 0.161719 0.183909 0.00890422 0.0246162 
0.332856 0.133531 0.0248348 0.19322 0.28522 0.0102324 0.0201068 
0.373969 0.130158 0.0265676 0.222565 0.218617 0.0085472 0.019576 
0.364878 0.186196 0.0334678 0.128901 0.240298 0.0144475 0.0318116 
0.385061 0.200363 0.0327903 0.208965 0.138072 0.00965699 0.0250918 
0.358279 0.329482 0.0230985 0.208468 0.0646308 0.00348627 0.0125562 
0.395014 0.329051 0.0226059 0.16217 0.0734727 0.00407049 0.0136162 
0.473814 0.266316 0.0194875 0.148898 0.0765726 0.00356355 0.0113486 
0.581059 0.151445 0.0286766 0.133342 0.0815599 0.00429429 0.0196231 
0.434456 0.110322 0.0181851 0.141186 0.272333 0.00578235 0.0177358 
0.459425 0.145151 0.0304605 0.0927931 0.224359 0.00929103 0.0385207 
0.561683 0.153116 0.0365528 0.0786363 0.130142 0.00678543 0.0330842 
0.531251 0.218958 0.0402628 0.0366448 0.13383 0.00759317 0.0314607 
0.480846 0.240849 0.0341342 0.0333091 0.172639 0.00993028 0.0282926 
0.541622 0.134998 0.0470751 0.0356635 0.206898 0.00944062 0.0243028 
0.591829 0.161994 0.0425957 0.0418887 0.134599 0.00698755 0.0201065 
0.547742 0.241487 0.0406711 0.0537849 0.0933546 0.00533113 0.0176302 
0.612842 0.13475 0.0467799 0.0954427 0.0917171 0.00460064 0.0138675 
0.574339 0.169239 0.0315618 0.108447 0.0984955 0.00449041 0.0134278 
0.645214 0.135979 0.0356621 0.0702474 0.0954393 0.00463534 0.0128226 
0.606727 0.125942 0.0523212 0.115145 0.0820615 0.00542776 0.0123749 
0.648537 0.144455 0.0563874 0.0984862 0.0377804 0.00497264 0.00938191 
0.703141 0.111471 0.0756879 0.0883093 0.00931977 0.00489455 0.00717683 
0.547161 0.142316 0.0541954 0.220808 0.0225627 0.00550554 0.00745061 
0.641839 0.166248 0.0730783 0.091724 0.00942211 0.00773527 0.00995321 
0.635134 0.121066 0.0578957 0.155221 0.00932788 0.0128249 0.00853036 
0.670836 0.113982 0.0815575 0.105687 0.00572001 0.0114935 0.0107246 
0.69175 0.113839 0.116189 0.0485497 0.00305781 0.0151416 0.0114726 
0.649613 0.0795086 0.0928415 0.150238 0.00482847 0.0139746 0.00899575 
0.661964 0.0868125 0.125851 0.0985717 0.00236671 0.0142571 0.0101764 
0.671652 0.128247 0.0901339 0.0824519 0.0036702 0.0138742 0.00997114 
0.625234 0.152161 0.0473026 0.11083 0.0258284 0.0293945 0.00925014 
0.681858 0.133525 0.0473293 0.112773 0.00771326 0.0118704 0.00493142 
0.664948 0.13193 0.0459096 0.131106 0.00950983 0.0110819 0.00551538 
0.65206 0.233034 0.040176 0.0477408 0.00854122 0.0123879 0.0060606 
0.708251 0.15468 0.0406532 0.0648592 0.00701492 0.0186021 0.00593997 
0.721297 0.0970809 0.0496484 0.110089 0.00779549 0.00958967 0.0044995 
0.71733 0.0633665 0.051531 0.147496 0.00889418 0.00611973 0.00526226 
0.705336 0.0689009 0.0772035 0.132105 0.00417948 0.00470031 0.00757431 
0.71825 0.0723574 0.0595429 0.132986 0.00367758 0.00424225 0.00894374 
0.772411 0.0914585 0.0315259 0.0872259 0.00616946 0.00241535 0.00879435 
0.76243 0.10862 0.021385 0.0903429 0.00659671 0.00258393 0.00804207 
0.794021 0.0809831 0.0216997 0.0846129 0.00695584 0.00273622 0.00899128 
0.725253 0.0565383 0.0213082 0.180441 0.00785218 0.00131909 0.00728844 
0.852569 0.0394522 0.0343916 0.0384556 0.0186759 0.00196788 0.014488 
0.863555 0.0440243 0.0330879 0.0259338 0.0146573 0.00252636 0.016215 
0.841967 0.0542988 0.0363472 0.0334744 0.0126499 0.0021148 0.0191476 
0.801595 0.0653787 0.0342072 0.0609401 0.0191436 0.00169712 0.0170383 
0.809187 0.0416801 0.0371168 0.0689707 0.0218701 0.0017361 0.0194395 
0.823526 0.0595865 0.0255726 0.0404107 0.0361799 0.00268234 0.0120421 
0.849415 0.039342 0.0547483 0.0288425 0.00669368 0.00164233 0.0193165 
0.800049 0.0867782 0.0300628 0.0400385 0.0254027 0.00218656 0.0154826 
0.806637 0.0879361 0.0271292 0.0452454 0.0176831 0.00195864 0.0134104 
0.801586 0.0713687 0.0250717 0.0619145 0.0262513 0.00197623 0.0118315 
0.778201 0.0628181 0.0187791 0.0796925 0.0464602 0.00207655 0.011973 
0.829963 0.0279218 0.0192918 0.0562132 0.0535828 0.00202197 0.0110052 
0.840443 0.0391634 0.0292632 0.0576955 0.0185409 0.00166723 0.0132268 
0.835933 0.0287897 0.0298619 0.0568742 0.0302503 0.00162481 0.0166659 
0.776195 0.0477348 0.027565 0.0981774 0.0341329 0.00199802 0.0141968 
0.798117 0.064407 0.0290855 0.0630605 0.0236921 0.00217516 0.0194632 
0.808221 0.0410798 0.0387253 0.0765413 0.0176966 0.00189498 0.0158412 
0.788187 0.0635387 0.0331961 0.0656959 0.0276361 0.00235468 0.0193913 
0.746718 0.0436979 0.0234518 0.1081 0.0624614 0.00193902 0.0136319 
0.856968 0.0358794 0.0378835 0.0321922 0.0198484 0.00183545 0.0153931 
0.859663 0.0512254 0.0308966 0.0261203 0.0140082 0.00342104 0.0146657 
0.794131 0.0355193 0.0396779 0.0899852 0.0207138 0.00145184 0.0185208 
0.838612 0.0278339 0.044136 0.0527884 0.0147882 0.00156424 0.020277 
0.809711 0.0668752 0.0303214 0.051516 0.0230024 0.00257131 0.0160027 
0.811812 0.0403026 0.0342385 0.0718134 0.0267768 0.00203284 0.013024 
0.802059 0.0516636 0.0242475 0.0541337 0.0502852 0.0026021 0.0150092 
0.815935 0.0326301 0.0490475 0.0605027 0.0173346 0.00173733 0.0228127 
0.812232 0.0361158 0.0293267 0.0638873 0.0387426 0.0019511 0.0177447 
0.836745 0.039484 0.0397947 0.0518225 0.0139273 0.00178741 0.0164388 
0.832113 0.0415571 0.0308514 0.056222 0.0232166 0.00236269 0.0136769 
0.814413 0.0373209 0.0382379 0.0908677 0.00943985 0.00197861 0.00774188 
0.836423 0.0434473 0.041575 0.0603576 0.00672675 0.00307807 0.00839206 
0.775695 0.0421272 0.0417735 0.124048 0.00631985 0.00242176 0.00761489 
0.837269 0.0432705 0.0506676 0.0523456 0.00293169 0.00303433 0.0104817 
0.75406 0.0772567 0.0384628 0.111499 0.0054691 0.00290766 0.0103443 
0.797625 0.0814728 0.0590008 0.0410175 0.00245123 0.00277973 0.015653 
0.775607 0.0590901 0.0699055 0.0789543 0.00339093 0.00174795 0.0113043 
0.786063 0.0640966 0.0515792 0.0797787 0.00542168 0.00205284 0.0110077 
0.799013 0.0564161 0.0493179 0.0731627 0.00808548 0.00317474 0.0108305 
0.701248 0.140579 0.0382601 0.0966121 0.00975688 0.00294447 0.0105997 
0.754955 0.0920674 0.039875 0.0870943 0.0102747 0.00364666 0.0120869 
0.693595 0.14898 0.0249342 0.0965209 0.0220523 0.00301753 0.0109007 
0.740832 0.139572 0.0287306 0.0681835 0.0107023 0.00255712 0.00942257 
0.741373 0.135814 0.0263329 0.072275 0.0125402 0.0032143 0.00845054 
0.746808 0.125201 0.0210844 0.0721329 0.0230256 0.00447028 0.00727789 
