0.625728 0.0116625 0.048208 0.265763 0.00626112 0.0196504 0.0227267 
0.619764 0.0130683 0.0399682 0.274316 0.0102225 0.0218664 0.0207948 
0.69413 0.0103482 0.0542451 0.198203 0.00539927 0.0103579 0.027316 
0.687538 0.0104401 0.0628211 0.185232 0.00474666 0.0130903 0.0361317 
0.586467 0.0131644 0.0715582 0.270183 0.00358396 0.017372 0.0376714 
0.705482 0.0120523 0.0819713 0.113772 0.00260875 0.0286315 0.0554825 
0.701144 0.0145641 0.0762843 0.113886 0.00291088 0.042984 0.0482273 
0.794134 0.00986238 0.08245 0.0585121 0.00191109 0.0173752 0.0357555 
0.775556 0.0132003 0.0747018 0.0643253 0.0019791 0.024306 0.0459314 
0.703421 0.0108455 0.0786424 0.162384 0.00273058 0.0102547 0.0317217 
0.685734 0.00946805 0.0811967 0.154329 0.00431199 0.016885 0.0480761 
0.775894 0.00628948 0.0918194 0.0658953 0.00289053 0.00446827 0.0527432 
0.738044 0.00998961 0.0602681 0.141164 0.00448741 0.0112682 0.0347791 
0.665229 0.0128782 0.0456351 0.228324 0.00521365 0.0133899 0.0293298 
0.786236 0.0167839 0.0378716 0.131602 0.00370428 0.00964585 0.0141559 
0.792323 0.0127061 0.0406025 0.123533 0.00485945 0.00926211 0.0167143 
0.822108 0.0135715 0.0437654 0.0749136 0.00502681 0.0115465 0.0290682 
0.782633 0.0170573 0.0357821 0.112578 0.00682091 0.0213219 0.0238072 
0.733263 0.0193287 0.0436167 0.159558 0.00422079 0.0163212 0.0236913 
0.612617 0.021948 0.0586414 0.237366 0.00402099 0.0349724 0.0304347 
0.670195 0.0162837 0.0568969 0.18639 0.00503416 0.0293009 0.0358995 
0.590273 0.0136855 0.101569 0.236625 0.00302472 0.0166913 0.0381305 
0.7075 0.0106125 0.0879074 0.126763 0.00291507 0.0151293 0.0491731 
0.640992 0.0108439 0.097599 0.156758 0.00422503 0.0237316 0.065851 
0.546463 0.0297451 0.0260164 0.300783 0.0177204 0.0589454 0.0203265 
0.663811 0.0938481 0.0173951 0.10693 0.0621112 0.0363656 0.0195391 
0.495487 0.0228062 0.0209767 0.428057 0.00980274 0.0131232 0.0097472 
0.612163 0.00983423 0.0895492 0.250498 0.00228226 0.00646002 0.029213 
0.615975 0.0116249 0.109077 0.179629 0.00290684 0.011642 0.069145 
0.60992 0.011255 0.0752932 0.241429 0.00315368 0.0134208 0.0455283 
0.546337 0.0130085 0.0702223 0.315051 0.00256078 0.0163904 0.0364301 
0.667181 0.0119167 0.0558268 0.216672 0.00341611 0.0118562 0.0331313 
0.735711 0.0120927 0.0655647 0.127177 0.00215333 0.0151073 0.0421937 
0.585482 0.0112131 0.0685238 0.278365 0.0027008 0.0117801 0.0419345 
0.602785 0.0129442 0.0796305 0.253832 0.00212235 0.0117315 0.0369545 
0.659874 0.015779 0.0398412 0.249484 0.00332778 0.014385 0.0173095 
0.666511 0.016074 0.0495438 0.224658 0.00221854 0.00992003 0.0310748 
0.697008 0.0170427 0.0337466 0.224811 0.0029929 0.00688141 0.0175175 
0.747213 0.0127031 0.0441055 0.162826 0.00280808 0.00742281 0.0229221 
0.760276 0.0157904 0.045527 0.144825 0.00218985 0.0119578 0.0194336 
0.761282 0.0166065 0.0412021 0.156968 0.00205365 0.00933926 0.0125484 
0.864665 0.0133083 0.032025 0.063892 0.00456473 0.00621944 0.0153258 
0.86212 0.0119236 0.0463554 0.0548339 0.00216892 0.00554491 0.0170537 
0.830895 0.0164454 0.0369879 0.0967631 0.00229928 0.00394663 0.0126629 
0.817239 0.0160926 0.0404331 0.094697 0.00192835 0.00936364 0.0202466 
0.794255 0.0134953 0.0901415 0.0606258 9.83056E-4 0.00574244 0.034757 
0.847608 0.0110913 0.058377 0.0477984 0.00164811 0.00575175 0.0277257 
0.842035 0.00988633 0.0644531 0.045998 0.00116423 0.00634436 0.0301191 
0.857336 0.00732678 0.0696693 0.0287701 0.00124497 0.00625006 0.0294032 
0.858466 0.0066856 0.073594 0.0240745 0.00121131 0.00551704 0.0304519 
0.864056 0.00860265 0.0674321 0.020496 0.00168854 0.00582082 0.0319043 
0.869227 0.00821801 0.0588428 0.0266526 0.00312568 0.00654314 0.0273911 
0.874568 0.00885762 0.0601483 0.0236429 0.00205219 0.00744447 0.0232866 
0.857773 0.00743219 0.062875 0.0327534 0.00142046 0.0115722 0.0261733 
0.829964 0.00775521 0.0603639 0.0631367 0.00347409 0.00888971 0.0264165 
0.877662 0.00976887 0.0458723 0.0393154 0.00274154 0.00760303 0.0170369 
0.863354 0.0102324 0.0559588 0.040318 0.00170807 0.00770134 0.0207277 
0.853247 0.0100793 0.0561808 0.0487496 0.00192967 0.00839592 0.0214179 
0.864519 0.0111496 0.0507364 0.038936 0.00166659 0.00930854 0.0236844 
0.839068 0.0114344 0.0469067 0.0735569 0.00306302 0.00749693 0.0184746 
0.849695 0.00997259 0.0541945 0.0537193 0.00175689 0.00669683 0.0239645 
0.824055 0.00871073 0.0666617 0.0543291 0.00156909 0.0111182 0.0335566 
0.805401 0.00699501 0.0645794 0.0721854 0.00317673 0.0130498 0.0346126 
0.797002 0.00608172 0.083143 0.031841 0.00132782 0.0145833 0.0660206 
0.81062 0.00674745 0.0756964 0.0438185 0.00184005 0.0156209 0.0456569 
0.830079 0.00770866 0.0616007 0.0518384 0.00222486 0.0146062 0.0319417 
0.837828 0.00670427 0.067603 0.0405632 0.00210064 0.0110152 0.0341862 
0.822547 0.00727084 0.0771475 0.0497575 0.00134314 0.010024 0.0319103 
0.849182 0.00774545 0.0697865 0.0247041 0.00104347 0.00821915 0.039319 
0.824816 0.00699018 0.0716315 0.0498148 0.00186814 0.00641964 0.0384594 
0.797363 0.00685249 0.0962168 0.040112 9.47142E-4 0.00769941 0.0508091 
0.802348 0.0065527 0.0846742 0.0551067 0.0015169 0.00705245 0.0427487 
0.829329 0.00658698 0.0756891 0.0386888 0.00147022 0.00911294 0.0391227 
0.811777 0.00691043 0.0927117 0.0355635 0.00102818 0.00753416 0.0444753 
0.793516 0.0080871 0.0770831 0.0889683 0.00209428 0.00651869 0.0237324 
0.840391 0.00842737 0.0823705 0.0376697 0.0010621 0.00533056 0.0247486 
0.828095 0.00758898 0.08134 0.0491303 0.0012455 0.00619018 0.0264096 
0.863706 0.00837685 0.058434 0.0396778 0.00205762 0.0103562 0.0173919 
0.819521 0.00760892 0.0748214 0.0587855 0.00154774 0.00795532 0.0297599 
0.839144 0.00881642 0.0680923 0.0487406 0.0016209 0.011661 0.021925 
0.816452 0.00855038 0.0710118 0.0709805 0.00183376 0.00860331 0.0225679 
0.754967 0.00816756 0.0762986 0.110459 0.00276224 0.0118352 0.0355101 
0.805913 0.0075313 0.081285 0.0590952 0.00173126 0.00866459 0.0357799 
0.821088 0.00664618 0.0898491 0.0454624 0.00151201 0.00610096 0.0293414 
0.812948 0.00779207 0.0817982 0.0626892 0.00159285 0.0066231 0.0265569 
0.840083 0.00743967 0.0693407 0.0378289 0.0017148 0.0094695 0.0341237 
0.840419 0.00835871 0.0625353 0.0512773 0.00216507 0.0119109 0.0233341 
0.835444 0.0109168 0.0567845 0.0586944 0.00193533 0.0133015 0.0229233 
0.801435 0.00841181 0.0860106 0.0552975 0.00140919 0.0102227 0.0372136 
0.790319 0.00865495 0.0682255 0.0937319 0.00231734 0.00973 0.0270216 
0.856373 0.00928931 0.0571205 0.0416194 0.0027232 0.00810119 0.0247735 
0.827533 0.00749181 0.0838448 0.0255493 9.60143E-4 0.0079615 0.0466591 
0.812327 0.0077785 0.0825065 0.0405984 0.001261 0.00724741 0.0482811 
0.839815 0.0088492 0.0752792 0.0370074 0.00157549 0.00699354 0.0304806 
0.813938 0.00769279 0.0824169 0.053791 0.00150541 0.00662197 0.0340336 
0.836602 0.00785853 0.081503 0.0359046 0.00130547 0.00665941 0.0301672 
0.837023 0.00895288 0.0752888 0.0431161 0.0021741 0.00804944 0.0253959 
0.848814 0.00823534 0.0736757 0.0319954 0.00228902 0.00957711 0.0254139 
0.842499 0.00733082 0.0795785 0.0266869 0.00108513 0.00847684 0.0343428 
0.84602 0.0097149 0.0617865 0.0501571 0.00173428 0.00780334 0.0227839 
0.860287 0.00936562 0.0626392 0.0376218 0.00147253 0.0073531 0.0212606 
0.843967 0.00751467 0.082308 0.026587 0.00121355 0.00679117 0.0316185 
0.837279 0.011318 0.0696217 0.0468167 0.00132498 0.00704551 0.0265941 
0.864394 0.0111293 0.0654921 0.0222206 0.00127645 0.00607366 0.0294134 
0.842384 0.00859425 0.0722503 0.036788 0.00145262 0.00705514 0.0314758 
0.855561 0.0109898 0.0569498 0.0499006 0.00256057 0.0056997 0.0183388 
0.816375 0.00981965 0.0655827 0.0752325 0.00197215 0.00544216 0.025576 
0.801934 0.00872931 0.0718828 0.079423 0.00194063 0.00624221 0.0298484 
0.810308 0.00824001 0.0684872 0.0726295 0.00243792 0.00571019 0.0321875 
0.825275 0.0097868 0.073265 0.0515619 0.00172206 0.00582753 0.0325613 
0.827164 0.00791108 0.0761059 0.0490803 0.00148303 0.00438457 0.033871 
0.8372 0.00973232 0.0640478 0.0449444 0.00198276 0.00386806 0.0382245 
0.823642 0.00850218 0.0715857 0.0414896 0.00196344 0.00583615 0.0469808 
0.790304 0.00870961 0.077289 0.0620105 0.00207364 0.0106937 0.0489191 
0.770745 0.00648037 0.0818677 0.0451956 0.0031667 0.0120067 0.0805383 
0.841944 0.00673403 0.0605344 0.0375168 0.00361027 0.014867 0.0347933 
0.850424 0.00665686 0.0816878 0.0110341 0.00117021 0.00663455 0.0423921 
0.859585 0.00900251 0.0579233 0.0317913 0.00313718 0.0106248 0.0279361 
0.790905 0.011377 0.0736102 0.0882944 0.00152042 0.0085309 0.0257619 
0.778842 0.00968973 0.0898494 0.0678845 0.00150665 0.0119157 0.0403121 
0.753572 0.00981833 0.0983647 0.0813718 0.00158825 0.0120161 0.0432689 
0.801893 0.00959234 0.0594649 0.0800282 0.00297512 0.00920922 0.0368367 
0.804816 0.00874617 0.078008 0.0600175 0.00174391 0.00729823 0.0393699 
0.844086 0.00913658 0.0586899 0.0468179 0.00222104 0.0105392 0.0285091 
0.827954 0.00732425 0.0743746 0.0521612 0.00234316 0.00785931 0.027984 
0.830176 0.00709873 0.0854868 0.0394489 0.0017004 0.00493757 0.0311514 
0.828432 0.00801016 0.0730244 0.0497953 0.00212219 0.00697482 0.0316411 
0.808586 0.00675627 0.0775878 0.0377605 0.0031397 0.00684732 0.0593227 
0.790196 0.00583543 0.0877508 0.0398669 0.00283134 0.00649191 0.0670281 
0.778168 0.00775092 0.0861933 0.0598353 0.00186283 0.0111644 0.0550254 
0.789515 0.00786736 0.0836905 0.0439671 0.00173379 0.0111485 0.0620775 
0.848539 0.00920504 0.0701335 0.0245355 0.00146587 0.00533788 0.0407832 
0.833228 0.00937933 0.0680492 0.0451826 0.00177546 0.00702834 0.0353571 
0.861891 0.00827974 0.0705823 0.0177422 0.00114558 0.00791 0.0324491 
0.840773 0.00858489 0.075065 0.0283557 9.51015E-4 0.00878185 0.0374887 
0.852683 0.00881272 0.067068 0.0194378 0.0011033 0.00919564 0.0416992 
0.855631 0.00944372 0.0674012 0.0222566 9.48683E-4 0.0115018 0.0328171 
0.837169 0.00783253 0.0699876 0.0408706 0.00133381 0.00739575 0.0354106 
0.830214 0.00902232 0.0668428 0.0500127 0.00167216 0.00957156 0.032664 
0.861491 0.0104887 0.0599585 0.0315376 0.00133162 0.010541 0.0246513 
0.854583 0.00923707 0.0582901 0.0334557 0.00210098 0.0132983 0.0290345 
0.853203 0.00819643 0.0583528 0.0424459 0.00210241 0.0100562 0.0256431 
0.859869 0.00846433 0.0572062 0.0374252 0.00252435 0.0111696 0.0233415 
0.884776 0.0104878 0.0448584 0.0202407 0.00273325 0.0125305 0.0243738 
0.878281 0.00846626 0.0545555 0.0146518 0.00156119 0.0126581 0.0298261 
0.87937 0.00940552 0.0535892 0.0225899 0.00188952 0.00906046 0.0240956 
0.875947 0.010743 0.0553148 0.0134497 0.00108702 0.0106425 0.0328157 
0.859655 0.0117869 0.055533 0.0304457 0.00135099 0.0107846 0.0304442 
0.861419 0.0116765 0.0545437 0.0217773 0.00117456 0.0174744 0.0319343 
0.868983 0.01345 0.0488418 0.0164314 0.00115117 0.0210038 0.030139 
0.835262 0.0100482 0.0700559 0.0260056 9.70838E-4 0.0155511 0.0421058 
0.827381 0.0103698 0.0666775 0.0195141 0.00115231 0.0120549 0.0628501 
0.830164 0.00894167 0.0705575 0.0204455 0.00107085 0.0122106 0.05661 
0.817368 0.00870306 0.075822 0.020002 9.58612E-4 0.0152898 0.0618561 
0.837417 0.0106463 0.0617545 0.0303302 0.001265 0.0154968 0.0430908 
0.832524 0.010998 0.0647145 0.0214763 0.0010346 0.0140818 0.055171 
0.823864 0.0103251 0.0737784 0.0169982 8.74329E-4 0.0139602 0.0601994 
0.831963 0.0107278 0.070037 0.0284689 0.00110773 0.0120538 0.045642 
0.846038 0.00923884 0.0663045 0.0255296 0.00111578 0.0104718 0.0413018 
0.866439 0.0128626 0.0600385 0.0209307 0.00101849 0.00850843 0.0302027 
0.862456 0.0107854 0.0613129 0.0298221 0.00112073 0.00822409 0.026279 
0.84604 0.00813353 0.0715459 0.0290407 0.0012068 0.00638584 0.0376471 
0.826063 0.00813883 0.0773653 0.0197964 0.00102557 0.008708 0.0589025 
0.801563 0.00816877 0.088654 0.015714 7.96878E-4 0.0117215 0.0733813 
0.762079 0.00816332 0.0895097 0.0185251 8.36267E-4 0.0124193 0.108468 
0.815258 0.00888166 0.0804325 0.015694 0.00111748 0.0117027 0.0669138 
0.831111 0.0091001 0.0656268 0.0287336 0.00138002 0.0096185 0.0544303 
0.80705 0.00909791 0.0802928 0.0202269 8.15928E-4 0.00937303 0.0731431 
0.767333 0.00653949 0.105899 0.0176076 7.57527E-4 0.00916377 0.0926989 
0.674219 0.00703694 0.12527 0.0111207 4.54827E-4 0.0103774 0.17152 
0.81572 0.00569696 0.0823122 0.0110555 9.17228E-4 0.00796213 0.0763355 
0.762999 0.00578092 0.095122 0.0149207 8.84996E-4 0.0119239 0.108368 
0.826423 0.00787157 0.072534 0.0221406 0.0014981 0.0178869 0.0516458 
0.783273 0.0062238 0.0932378 0.0257139 0.00107485 0.00904869 0.0814275 
0.772724 0.00784014 0.101491 0.0682815 0.00124846 0.00534423 0.0430699 
0.847821 0.007582 0.0734522 0.0294681 0.00168319 0.0075444 0.0324493 
0.81196 0.00624954 0.0912201 0.0273827 0.00127643 0.00880996 0.0531015 
0.780038 0.00796432 0.0902883 0.0153738 7.87818E-4 0.0186983 0.0868491 
0.777927 0.00686793 0.0995065 0.00928831 6.79312E-4 0.0174917 0.0882392 
0.814856 0.00654589 0.0807372 0.0155683 0.00202601 0.0154943 0.0647722 
0.815099 0.00996988 0.0746226 0.0185357 0.00128122 0.0242939 0.0561978 
0.777568 0.00957995 0.0831263 0.0204461 0.00114663 0.0263378 0.0817956 
0.828133 0.011399 0.0545757 0.0360701 0.00233617 0.0256345 0.0418514 
0.840898 0.013051 0.0466614 0.0417135 0.00254273 0.0182211 0.0369122 
0.820927 0.0127529 0.0645182 0.0348774 0.00166219 0.0214338 0.0438287 
0.829448 0.0109173 0.0649292 0.0178423 0.00114446 0.0164483 0.0592707 
0.7507 0.0110184 0.0828821 0.0556859 0.00172174 0.0143919 0.0836005 
0.788079 0.0106059 0.0750217 0.0347578 0.00133548 0.0193164 0.0708841 
0.765607 0.00794671 0.0841231 0.0303471 0.00165321 0.0106832 0.0996399 
0.753292 0.00873517 0.0804116 0.0304498 0.00127986 0.0096763 0.116155 
0.743914 0.00985155 0.0839724 0.0241211 0.00103928 0.0159764 0.121125 
0.779811 0.0101593 0.0785533 0.0228941 9.40139E-4 0.0157951 0.0918473 
0.805861 0.0102477 0.0745627 0.0271175 0.00107214 0.0117167 0.0694228 
0.79649 0.00971673 0.0894424 0.0214958 7.56927E-4 0.0105942 0.0715039 
0.838201 0.00833206 0.0778023 0.0157977 9.65876E-4 0.00540398 0.0534968 
0.826902 0.0102921 0.0682212 0.0316213 0.00142563 0.00595068 0.0555872 
0.845718 0.0103281 0.0648132 0.0339442 0.00164595 0.00684514 0.0367053 
0.808402 0.0114165 0.0813678 0.0428825 0.00142063 0.0101534 0.0443572 
0.808793 0.00789086 0.0837176 0.0309495 0.00117874 0.00690878 0.0605617 
0.807386 0.00887437 0.0829633 0.0455431 0.0015178 0.00710578 0.0466101 
0.782031 0.0149781 0.0588809 0.110212 0.00243683 0.00675749 0.0247036 
0.824472 0.0131626 0.0563894 0.0658727 0.00237669 0.00788685 0.0298396 
0.789288 0.0114127 0.057405 0.106302 0.00311635 0.0061383 0.0263379 
0.816015 0.00987128 0.0656295 0.0680206 0.00195491 0.00537141 0.0331371 
0.830196 0.0116934 0.0580941 0.0624874 0.00238255 0.00694517 0.0282012 
0.807512 0.0104517 0.0579087 0.0864157 0.0030141 0.00617855 0.0285192 
0.824103 0.0113407 0.0559909 0.0700562 0.00260866 0.00465483 0.0312462 
0.826583 0.00836386 0.0722289 0.0369648 0.00180773 0.00552928 0.0485223 
0.840504 0.00884819 0.0690433 0.019942 0.00137972 0.00682192 0.0534608 
0.81866 0.00761811 0.083663 0.0116542 8.28366E-4 0.00492163 0.0726552 
0.761057 0.00685134 0.100464 0.0091731 6.82335E-4 0.00883392 0.112939 
0.639743 0.00695524 0.145374 0.00893059 4.55022E-4 0.0089338 0.189608 
0.658462 0.00896378 0.124593 0.0634504 0.0016926 0.00919229 0.133647 
0.773337 0.0137882 0.0862255 0.0717314 0.00138692 0.00756729 0.045964 
0.568012 0.0255118 0.033038 0.317866 0.0163498 0.0227359 0.016487 
0.816262 0.0148404 0.0478078 0.0671799 0.00514248 0.0164207 0.0323467 
0.677856 0.0123742 0.107733 0.112069 0.00193504 0.025984 0.0620483 
0.758399 0.0106456 0.0780018 0.0993994 0.00151487 0.0124304 0.0396091 
0.790675 0.00809017 0.0900314 0.0703192 0.00123844 0.00769763 0.0319483 
0.83168 0.00835335 0.0697253 0.0491125 0.00142491 0.00738246 0.0323211 
0.818971 0.0100928 0.0597017 0.0692882 0.0021044 0.00633786 0.0335043 
0.847506 0.00709273 0.0631556 0.0367765 0.00220899 0.00635239 0.0369079 
0.84959 0.00803869 0.0594525 0.0484855 0.00220518 0.00718305 0.025045 
0.845626 0.0116889 0.0434127 0.065551 0.00402664 0.00888849 0.0208064 
0.839247 0.00776458 0.0750168 0.0265445 0.0012392 0.00685321 0.043335 
0.806549 0.00820413 0.0729283 0.0596609 0.00204795 0.00671355 0.0438962 
0.832194 0.00777198 0.0769355 0.0415378 0.00181153 0.00451047 0.0352388 
0.805577 0.00764451 0.0894194 0.0481691 0.0014942 0.00535674 0.0423387 
0.818045 0.00783899 0.0774171 0.0558101 0.00195409 0.0067547 0.0321802 
0.808583 0.00699352 0.0944892 0.0244941 0.00121882 0.00539948 0.0588224 
0.808999 0.00785913 0.085913 0.0310864 0.00144314 0.00655424 0.0581453 
0.810726 0.0063472 0.0960861 0.0226535 0.00144382 0.00615671 0.0565869 
0.839639 0.00796378 0.0720814 0.0376941 0.00214506 0.00601221 0.0344648 
0.808135 0.00802431 0.0913483 0.0395461 0.00156513 0.00491023 0.0464712 
0.820834 0.00881295 0.06435 0.057728 0.00378172 0.00651392 0.037979 
0.807621 0.00890346 0.0805042 0.0489956 0.0016391 0.00624925 0.0460874 
0.799827 0.00939339 0.0801701 0.0495414 0.00180616 0.00896873 0.0502932 
0.865801 0.0113326 0.0549399 0.0229811 0.00160976 0.00923953 0.0340964 
0.822196 0.011411 0.0768927 0.0293543 9.57325E-4 0.00656207 0.0526267 
0.857507 0.0100643 0.0580726 0.0275987 0.00207668 0.00586284 0.038818 
0.808605 0.00959057 0.0792059 0.0394757 0.00136266 0.00560932 0.0561514 
0.842543 0.00922839 0.0741603 0.026947 0.00171206 0.00389519 0.0415146 
0.850343 0.00844478 0.073856 0.0285619 0.00177797 0.00320733 0.0338091 
0.832171 0.0116293 0.0677756 0.046908 0.00157818 0.00477231 0.0351658 
0.786502 0.00885285 0.0900934 0.0460052 0.00128934 0.00901377 0.0582438 
0.797136 0.0101582 0.0819271 0.0625656 0.00129671 0.0104216 0.0364952 
0.778188 0.0106902 0.0725003 0.0945206 0.00231047 0.0083842 0.0334061 
0.848765 0.0110985 0.0630495 0.0361368 0.00211902 0.0120333 0.026798 
0.799911 0.00939074 0.0991251 0.0406686 9.72026E-4 0.00960465 0.0403276 
0.74421 0.00675902 0.121011 0.015513 6.43164E-4 0.00926739 0.102596 
0.811812 0.00589193 0.10085 0.0257495 0.00106148 0.00526886 0.0493657 
0.739684 0.00545146 0.125388 0.0358304 9.55048E-4 0.00663252 0.0860592 
0.752377 0.0143772 0.0734484 0.11621 0.00132828 0.0128286 0.0294307 
0.803582 0.010058 0.0817913 0.0486423 0.00110275 0.0122089 0.0426145 
0.792121 0.0108789 0.0765404 0.0839983 0.00133123 0.0107596 0.024371 
0.822131 0.0136145 0.0723379 0.0441125 9.75588E-4 0.0109553 0.0358735 
0.846834 0.0143004 0.0528502 0.0541416 0.00149548 0.00668923 0.0236892 
0.868092 0.0136857 0.0538017 0.0381617 0.00133289 0.00430401 0.0206218 
0.846048 0.0110881 0.0629543 0.0357735 0.00138405 0.00638175 0.03637 
0.830317 0.00725272 0.0889634 0.0225909 0.00105681 0.00699035 0.0428287 
0.809401 0.0106531 0.068017 0.0626951 0.00172483 0.0109226 0.0365865 
0.863525 0.0117707 0.0620156 0.0267408 0.00123693 0.00647776 0.0282332 
0.849621 0.013537 0.0500629 0.0471159 0.00300427 0.0093976 0.0272613 
0.836581 0.00967852 0.0603201 0.042417 0.00267469 0.00595221 0.0423761 
0.847964 0.0106306 0.0538032 0.0311127 0.00227952 0.00944723 0.0447625 
0.850291 0.0112831 0.0560965 0.0335126 0.00178308 0.0113362 0.0356977 
0.800986 0.00926808 0.070104 0.0637258 0.00236244 0.00702265 0.0465306 
0.76687 0.0106241 0.0743861 0.0778858 0.00238361 0.00916974 0.0586805 
0.79184 0.0099544 0.0752458 0.0466054 0.00181946 0.0118058 0.0627286 
0.785248 0.00948305 0.0833098 0.0513431 0.00189709 0.0119187 0.0568 
0.805914 0.012578 0.0628162 0.056133 0.00321019 0.0167523 0.0425965 
0.799075 0.00862144 0.085477 0.0278303 0.00195095 0.0100065 0.0670384 
0.785021 0.00931754 0.0735589 0.0843869 0.00349246 0.00696797 0.0372549 
0.782098 0.00832134 0.086702 0.0594333 0.00230104 0.00887074 0.0522732 
0.804855 0.00976919 0.0930787 0.028952 0.0010547 0.0075664 0.0547237 
0.828444 0.0125592 0.0761137 0.0411669 0.00109739 0.00767635 0.0329427 
0.845958 0.0124629 0.0637133 0.0419311 0.00162309 0.00679925 0.027512 
0.859896 0.0118302 0.0588335 0.0376964 0.00179483 0.00522501 0.0247245 
0.811967 0.0104774 0.0655044 0.0733956 0.00188373 0.00685453 0.0299175 
0.837453 0.00952965 0.066065 0.0447364 0.00172498 0.00621633 0.034275 
0.846218 0.00835768 0.0622631 0.0446877 0.0024089 0.00781469 0.0282504 
0.814782 0.0100274 0.0644153 0.0671232 0.00263038 0.00788559 0.0331362 
0.789275 0.0110712 0.0697945 0.0824014 0.00192373 0.00992135 0.0356132 
0.785759 0.0122268 0.0561698 0.107518 0.00262191 0.00970489 0.0259994 
0.813419 0.0102881 0.0603878 0.0742355 0.00238624 0.00776568 0.0315179 
0.804017 0.00832099 0.0719089 0.0692199 0.00278663 0.00464741 0.0390993 
0.77468 0.00965507 0.0627568 0.0960304 0.00314665 0.00841468 0.0453161 
0.829552 0.00940803 0.0660521 0.0324415 0.00298406 0.0100738 0.0494882 
0.806958 0.00823135 0.0713866 0.0604571 0.00286855 0.00797489 0.0421238 
0.764941 0.0103433 0.0646074 0.105981 0.00304971 0.00789472 0.0431833 
0.794191 0.0103528 0.074073 0.0581204 0.00183006 0.0097599 0.0516725 
0.793904 0.00976941 0.0682048 0.0569815 0.00236114 0.0070835 0.0616958 
0.782714 0.0132245 0.0602381 0.0976953 0.00329196 0.00852042 0.0343153 
0.72789 0.0120892 0.0726182 0.125666 0.00280752 0.0127075 0.0462213 
0.809417 0.010858 0.0710015 0.0521831 0.0018132 0.00932347 0.0454037 
0.803289 0.0142211 0.0676841 0.0682116 0.00170529 0.00814636 0.0367422 
0.849372 0.0131784 0.0468466 0.0581111 0.00249505 0.00937273 0.0206243 
0.84591 0.0158803 0.0592324 0.0428949 0.001146 0.00755961 0.0273766 
0.872732 0.0173848 0.0431961 0.0355217 0.00174854 0.0119662 0.0174509 
0.861014 0.0101871 0.0639235 0.0217835 0.00133773 0.00761745 0.0341365 
0.809922 0.011667 0.0816324 0.0359261 8.13596E-4 0.00969768 0.0503412 
0.860285 0.016009 0.0503701 0.0331421 0.00115893 0.0113351 0.0276998 
0.823718 0.00966396 0.0632954 0.0338445 0.00147752 0.00822907 0.0597716 
0.780174 0.0106588 0.0796819 0.073653 0.00127566 0.00702154 0.0475349 
0.825127 0.00842788 0.0671387 0.041111 0.00185633 0.00633152 0.0500072 
0.853176 0.00932629 0.0589174 0.0246132 0.00185571 0.00951838 0.0425934 
0.857775 0.00963941 0.0566838 0.0360571 0.00151717 0.00699631 0.0313307 
0.857243 0.00888639 0.062935 0.032492 0.00127977 0.00676848 0.0303954 
0.862166 0.00984906 0.0616143 0.0239595 0.00108828 0.00637703 0.0349464 
0.871347 0.0098118 0.0537436 0.0142889 0.00127854 0.010992 0.0385381 
0.886274 0.0119535 0.0448474 0.0135439 0.00156593 0.011332 0.0304828 
0.859867 0.00860638 0.0670363 0.0173776 0.0010903 0.0102486 0.0357741 
0.849582 0.0109672 0.0610791 0.0394843 0.00127221 0.00996291 0.0276522 
0.845896 0.011918 0.0634133 0.0400983 0.00100109 0.0112371 0.0264362 
0.836452 0.00932581 0.0697661 0.0405281 0.00146066 0.00670115 0.0357666 
0.83553 0.00815219 0.0737481 0.0286818 0.00111362 0.00893207 0.0438427 
0.855388 0.0105616 0.0598672 0.0214661 0.00153657 0.0081394 0.043041 
0.837019 0.0100082 0.0633489 0.0415532 0.00209022 0.00754029 0.0384402 
0.838866 0.0112454 0.0554701 0.0454692 0.00226661 0.00908878 0.037594 
0.812464 0.0100831 0.073635 0.041831 0.0016811 0.00872176 0.0515844 
0.732469 0.0111874 0.0821139 0.115168 0.00198119 0.00873004 0.0483507 
0.716143 0.0109379 0.0763962 0.133899 0.00239774 0.00687768 0.0533489 
0.790323 0.0088977 0.0756708 0.0495985 0.00159608 0.00993846 0.0639756 
0.780067 0.00991581 0.0710902 0.0824278 0.00293869 0.00705571 0.0465047 
0.726983 0.00952782 0.0852753 0.0896657 0.002304 0.00712051 0.0791232 
0.779957 0.00810311 0.0846091 0.0307579 0.00156721 0.00893314 0.0860726 
0.745127 0.015585 0.0564606 0.142842 0.00291108 0.0102961 0.0267775 
0.82091 0.0125478 0.0597094 0.0672904 0.00245837 0.00882814 0.0282561 
0.832095 0.0122931 0.0559196 0.0673769 0.00266858 0.00721592 0.0224312 
0.764784 0.0093242 0.0907382 0.084279 0.00165089 0.00713585 0.0420882 
0.759956 0.00922584 0.0903332 0.093085 0.00168687 0.00586336 0.0398494 
0.718462 0.0117978 0.081359 0.14507 0.00200809 0.00804263 0.0332602 
0.755976 0.0088365 0.0868024 0.0914693 0.00224664 0.0113598 0.0433097 
0.777367 0.00678205 0.0912511 0.0738145 0.00184113 0.00822895 0.0407148 
0.773888 0.00981734 0.0842943 0.0790306 0.00177867 0.0121387 0.039052 
0.7646 0.00770354 0.103598 0.0376564 0.00126299 0.0107168 0.0744623 
0.774228 0.00831339 0.0970031 0.0543759 0.00127404 0.00958645 0.0552194 
0.749765 0.0114119 0.0858331 0.096786 0.00151413 0.0104947 0.0441955 
0.791386 0.00938764 0.0818549 0.0707903 0.00169034 0.00893883 0.0359523 
0.828186 0.00903847 0.0708555 0.0439968 0.00253919 0.00668027 0.038704 
0.8236 0.00951437 0.0720104 0.0411905 0.00160915 0.0113181 0.0407576 
0.808309 0.00893224 0.0833672 0.0243254 8.90594E-4 0.00995009 0.0642251 
0.770048 0.00868596 0.108744 0.0127144 6.22877E-4 0.0103832 0.0888008 
0.779773 0.00973352 0.104072 0.0208382 7.11086E-4 0.00914141 0.0757306 
0.81893 0.0109956 0.0754821 0.0433739 0.00134864 0.0110908 0.0387792 
0.835907 0.0100641 0.0768033 0.0154093 8.1005E-4 0.0103132 0.0506933 
0.77632 0.00929292 0.100085 0.0423871 0.00111062 0.0100231 0.0607812 
0.749304 0.00950765 0.107534 0.0353148 9.92272E-4 0.011721 0.0856254 
0.767586 0.00918745 0.0912179 0.0628098 0.00158643 0.0117972 0.0558155 
0.830415 0.00983757 0.0732905 0.0348715 0.00140151 0.00822715 0.0419569 
0.765405 0.0106437 0.0781133 0.085854 0.00189958 0.0101917 0.0478923 
0.782724 0.0103756 0.0770439 0.0743335 0.00197701 0.00823053 0.0453153 
0.796614 0.0101764 0.0760538 0.0344825 0.00177042 0.0115573 0.0693456 
0.835803 0.0100934 0.0723169 0.0211697 0.00136496 0.00739182 0.0518602 
0.850449 0.0105467 0.0635247 0.0298606 0.00210252 0.00954399 0.0339728 
0.869429 0.00914578 0.0582907 0.0251242 0.00215367 0.00848394 0.0273726 
0.866431 0.0103548 0.0599099 0.0283996 0.00169715 0.00653709 0.0266702 
0.864057 0.00942551 0.0597977 0.0328709 0.00223012 0.00464953 0.0269691 
0.838482 0.0106819 0.0586893 0.0455639 0.00230915 0.00985355 0.0344202 
0.822159 0.0094123 0.0658423 0.0631953 0.00229934 0.0066745 0.030417 
0.832243 0.00773815 0.088698 0.0179349 8.82221E-4 0.00857266 0.043931 
0.857598 0.00913688 0.0707386 0.0233479 0.00150926 0.00790661 0.0297627 
0.821348 0.00939837 0.0573292 0.0761656 0.00439917 0.00770098 0.0236581 
0.792375 0.00929216 0.0874142 0.0537659 0.00151932 0.01066 0.0449738 
0.820101 0.0093725 0.0660618 0.0353596 0.00319726 0.010591 0.0553167 
0.804951 0.00763871 0.0781435 0.0365126 0.00171787 0.00821813 0.0628185 
0.777126 0.0105705 0.0825372 0.0416103 0.00179765 0.0169832 0.0693753 
0.669795 0.0118225 0.104759 0.085688 0.00202077 0.0156495 0.110266 
0.731336 0.0124135 0.0962937 0.0640293 0.00143454 0.0128976 0.0815957 
0.783213 0.0131652 0.0742216 0.0576486 0.00130936 0.0100843 0.0603574 
0.817533 0.00986573 0.0675244 0.0284171 0.0013624 0.017838 0.0574594 
0.799198 0.0124723 0.0629401 0.0667772 0.0018055 0.0147141 0.0420932 
0.762942 0.0114016 0.0763046 0.0885811 0.00207943 0.011395 0.0472959 
0.778161 0.00871564 0.0834375 0.0664205 0.00266574 0.00830434 0.0522954 
0.754823 0.0111563 0.0835104 0.0797269 0.00304377 0.00995707 0.0577824 
0.742443 0.0107084 0.0861869 0.0837296 0.00302545 0.0144526 0.0594541 
0.730108 0.0113159 0.0744977 0.108568 0.0034654 0.0102292 0.0618166 
0.730677 0.011282 0.0749156 0.0919319 0.00280894 0.0140518 0.0743325 
0.753001 0.0115062 0.07453 0.0807278 0.00241298 0.0132282 0.0645937 
0.73751 0.0103562 0.0736813 0.100081 0.00324947 0.0141953 0.0609267 
0.780375 0.0123469 0.0687739 0.0667101 0.00220212 0.0120631 0.0575286 
0.704262 0.0127457 0.0606937 0.172571 0.0034335 0.0119576 0.034336 
0.767564 0.0135005 0.0645905 0.100715 0.00304765 0.0110945 0.0394877 
0.753535 0.0118437 0.0712875 0.0901696 0.00228882 0.0135864 0.0572886 
0.81691 0.0133471 0.0563665 0.0485271 0.00196334 0.0166968 0.046189 
0.825516 0.0143513 0.0492019 0.0455326 0.00233082 0.0176917 0.0453758 
0.79831 0.0141266 0.0662028 0.0664135 0.00158387 0.014123 0.0392397 
0.797721 0.0160483 0.0745461 0.0559554 0.00111014 0.0130476 0.0415717 
0.840179 0.0112789 0.0575667 0.0391859 0.00297467 0.00794774 0.0408667 
0.847123 0.0101898 0.0604975 0.0340873 0.0024012 0.00585555 0.0398453 
0.844179 0.0110697 0.0588751 0.0387081 0.00218835 0.00857483 0.036405 
0.82572 0.0113475 0.0567157 0.0539796 0.00304732 0.00899152 0.0401982 
0.793962 0.0131133 0.0543204 0.0926566 0.00383262 0.00905667 0.0330588 
0.791674 0.0123556 0.0637937 0.0780823 0.0024877 0.0122343 0.0393727 
0.753419 0.0172026 0.0633776 0.108147 0.00186729 0.0182847 0.037701 
0.742733 0.017226 0.052594 0.140767 0.00330835 0.0132917 0.0300796 
0.764605 0.0155433 0.0706939 0.0772687 0.00169514 0.0238715 0.0463227 
0.772659 0.0116222 0.0633698 0.0681734 0.00242915 0.0185551 0.0631909 
0.751971 0.0108741 0.0791924 0.0748581 0.00213317 0.017674 0.063297 
0.793211 0.0132533 0.0622181 0.0789966 0.002055 0.0139233 0.0363426 
0.816538 0.0146227 0.0546205 0.0653378 0.00214918 0.0161884 0.0305434 
0.803912 0.0132142 0.0582954 0.0718837 0.00206166 0.0137785 0.0368544 
0.808042 0.0129412 0.0712592 0.0444628 0.00129956 0.0138773 0.0481177 
0.811883 0.0139941 0.0691922 0.0552338 0.00135935 0.0104684 0.0378693 
0.846464 0.0167037 0.0537126 0.0442741 0.00202042 0.0107249 0.0261007 
0.801522 0.0156583 0.0528408 0.0786285 0.00262777 0.0118818 0.0368406 
0.839068 0.0122982 0.0606697 0.0347325 0.00145038 0.0117642 0.0400168 
0.824615 0.00885489 0.0766936 0.0251482 0.00161038 0.00968572 0.0533925 
0.779581 0.0127472 0.0661879 0.0907872 0.00281061 0.0107674 0.0371187 
0.763243 0.0107835 0.0776429 0.100648 0.0028424 0.00725752 0.0375828 
0.777034 0.00905698 0.0761877 0.094779 0.00244622 0.00586065 0.034635 
0.823456 0.011913 0.0588618 0.0764566 0.00238954 0.00676859 0.0201548 
0.835325 0.0118803 0.0470499 0.0774386 0.00344395 0.0051636 0.0196984 
0.83702 0.0121897 0.0473005 0.0737292 0.00412639 0.00509305 0.0205409 
0.858966 0.0118774 0.052321 0.0459889 0.00245857 0.00451761 0.0238704 
0.79487 0.0129035 0.0425492 0.116483 0.0039 0.00485221 0.0244421 
0.824535 0.01611 0.0458414 0.0780274 0.00291272 0.00684362 0.0257298 
0.829441 0.011759 0.0501052 0.0693096 0.00285809 0.0072246 0.0293026 
0.838834 0.0109862 0.0603612 0.0334816 0.0022142 0.0108495 0.0432736 
0.829369 0.0132028 0.0521648 0.0676708 0.003233 0.00678265 0.0275765 
0.841766 0.0113953 0.0547836 0.0489564 0.00265779 0.00707553 0.0333657 
0.833396 0.0142232 0.042597 0.0761641 0.00395401 0.00728292 0.0223833 
0.849696 0.00931649 0.0667207 0.0264916 0.00142568 0.00677089 0.039579 
0.838104 0.010872 0.0590717 0.0529317 0.00181554 0.00767414 0.029531 
0.829254 0.00974576 0.055295 0.0654361 0.00323186 0.00628246 0.0307545 
0.78302 0.0094907 0.0616014 0.109765 0.00311147 0.00647986 0.0265312 
0.797721 0.010474 0.0625014 0.0967561 0.00244425 0.00601988 0.024083 
0.827104 0.00917522 0.0679958 0.0601676 0.0019579 0.00685793 0.0267417 
0.800091 0.00867186 0.0641687 0.0956133 0.00329055 0.00488278 0.0232815 
0.779618 0.0103505 0.0594201 0.114301 0.00291228 0.00471784 0.0286803 
0.794433 0.0111772 0.0520911 0.110936 0.00339539 0.00536449 0.0226028 
0.790609 0.00864887 0.0840392 0.0593253 0.00169132 0.00743635 0.0482497 
0.76546 0.0128027 0.0766953 0.0748232 0.00159338 0.0113679 0.0572571 
0.772621 0.0122997 0.0803571 0.0611466 0.00166097 0.0107758 0.0611385 
0.77413 0.0112974 0.070404 0.074625 0.00216084 0.00838396 0.0589987 
0.84022 0.0114992 0.0506627 0.0423751 0.00342547 0.0121992 0.0396185 
0.797877 0.0117219 0.0566435 0.0801301 0.00353208 0.0123148 0.037781 
0.639812 0.0145532 0.0763835 0.215318 0.00211479 0.00974146 0.0420776 
0.620526 0.0115504 0.0731742 0.243993 0.00313359 0.00851486 0.0391077 
0.792192 0.00927189 0.0621463 0.08108 0.00256328 0.00742981 0.0453163 
0.75931 0.0105614 0.0624011 0.102879 0.00256072 0.0127543 0.0495337 
0.753946 0.0131758 0.0687065 0.0900418 0.0021842 0.0120682 0.0598772 
0.754086 0.0132369 0.0678161 0.106729 0.00217164 0.0084396 0.0475207 
0.802202 0.0141699 0.0630537 0.0660039 0.0015002 0.010553 0.0425168 
0.713697 0.0181802 0.05362 0.174238 0.00285673 0.00918188 0.0282268 
0.727966 0.0126761 0.0544918 0.163801 0.00343988 0.00663146 0.0309936 
0.791545 0.0121926 0.0700509 0.0648436 0.00207198 0.00888944 0.0504064 
0.708848 0.0137166 0.082905 0.126771 0.00203571 0.0105191 0.0552049 
0.712771 0.0116819 0.0837019 0.119017 0.00220805 0.0139155 0.056704 
0.780084 0.0126298 0.0739499 0.0554874 0.00156816 0.0215266 0.0547538 
0.760573 0.0143749 0.0627053 0.0852541 0.00211554 0.0236093 0.0513681 
0.743837 0.0140653 0.066569 0.106205 0.00214549 0.0174786 0.0496995 
0.793864 0.0113814 0.0751829 0.0466056 0.00134425 0.0157579 0.0558638 
0.774818 0.0139494 0.0640088 0.0923635 0.00195909 0.0144734 0.0384277 
0.7507 0.0174148 0.0495278 0.13682 0.0025909 0.0183348 0.0246118 
0.792144 0.0171396 0.0459859 0.105381 0.00314106 0.0131597 0.0230481 
0.757369 0.013907 0.0578867 0.117104 0.00302489 0.0152382 0.0354704 
0.739833 0.014526 0.0669243 0.127352 0.00213818 0.014122 0.0351041 
0.73386 0.014363 0.0590957 0.138693 0.00321277 0.0152464 0.0355292 
0.674266 0.0123221 0.0731962 0.178812 0.0030691 0.0148422 0.043493 
0.743532 0.0133181 0.0591244 0.128733 0.00304643 0.0149247 0.0373214 
0.831936 0.0119605 0.0503916 0.0672858 0.00296192 0.0109669 0.0244972 
0.803026 0.0125731 0.0599833 0.0813829 0.001749 0.0105631 0.0307227 
0.799943 0.0116479 0.0535612 0.0954351 0.00281778 0.0085081 0.0280871 
0.795504 0.0126495 0.0488471 0.112601 0.00271503 0.00783716 0.0198463 
0.710429 0.0151804 0.0484141 0.194829 0.00266522 0.00965613 0.0188267 
0.753943 0.0129564 0.0637682 0.125482 0.00188094 0.0103787 0.0315908 
0.578431 0.0160084 0.0481236 0.330982 0.00232132 0.00796395 0.016169 
0.732891 0.0112124 0.0673424 0.14096 0.00284069 0.0104379 0.0343159 
0.674957 0.0126853 0.0827458 0.176382 0.0023329 0.0106477 0.0402492 
0.686593 0.00972747 0.0735981 0.18263 0.00295571 0.00822004 0.0362759 
0.755516 0.00969777 0.0717409 0.10845 0.00242557 0.00835034 0.0438197 
0.754307 0.0102352 0.0704533 0.112815 0.00277103 0.0109249 0.0384936 
0.761077 0.0126184 0.0598072 0.120338 0.00284591 0.0132171 0.0300962 
0.725636 0.01128 0.0717141 0.144147 0.00291574 0.0118214 0.0324853 
0.796703 0.0140985 0.047408 0.110337 0.00400276 0.00988478 0.0175658 
0.823145 0.0103432 0.0571048 0.076628 0.00254621 0.00621798 0.0240145 
0.836318 0.0115722 0.0490043 0.070506 0.00300972 0.00864983 0.0209397 
0.855181 0.0119093 0.0566867 0.04752 0.00234986 0.00523064 0.0211222 
0.844644 0.00923172 0.0539644 0.0504399 0.00425181 0.00659515 0.030873 
0.80286 0.0107247 0.0571155 0.0818755 0.00218663 0.0121811 0.0330566 
0.796605 0.0103775 0.0513917 0.102438 0.00346836 0.00849465 0.0272245 
0.761446 0.010197 0.063752 0.12087 0.00269447 0.00986987 0.0311712 
0.825785 0.00929998 0.0577244 0.0703791 0.00233144 0.00704632 0.0274334 
0.833952 0.00843002 0.0561433 0.0688092 0.00283531 0.00575147 0.0240782 
0.845648 0.0110249 0.0496337 0.0642397 0.00251632 0.00803081 0.0189065 
0.831948 0.0124106 0.0575399 0.0654684 0.00190585 0.00796048 0.0227669 
0.835653 0.0140301 0.050922 0.0740833 0.00215903 0.00565705 0.0174952 
0.816253 0.0135772 0.0498933 0.0885817 0.00305877 0.00896502 0.0196713 
0.838767 0.0116742 0.0591334 0.0550388 0.00173613 0.00684205 0.0268084 
0.843985 0.0135725 0.0528203 0.0590947 0.00179299 0.00692326 0.0218116 
0.844291 0.0160216 0.0506754 0.0546961 0.00213199 0.00785237 0.024332 
0.819666 0.0160578 0.0512807 0.0720204 0.00214345 0.011122 0.0277092 
0.801992 0.0139407 0.0463651 0.0998782 0.00444445 0.011364 0.0220151 
0.843427 0.0107559 0.0610654 0.0468581 0.00194141 0.00584384 0.0301084 
0.802677 0.0116413 0.0623609 0.0815227 0.00207913 0.00691284 0.0328063 
0.831218 0.0115453 0.0474321 0.077069 0.00399565 0.00759412 0.0211461 
0.853472 0.00987109 0.0468993 0.0561663 0.00447485 0.00634088 0.0227754 
0.77307 0.0105669 0.0580318 0.123705 0.00285421 0.00695785 0.0248145 
0.803381 0.0113635 0.0562926 0.0932923 0.00241017 0.00659579 0.0266648 
0.7713 0.0132974 0.0514899 0.130994 0.00296867 0.00578181 0.0241688 
0.783891 0.0130073 0.0475098 0.122882 0.00430537 0.00628901 0.0221159 
0.817103 0.012636 0.0422889 0.0988316 0.00432971 0.00480554 0.0200052 
0.806836 0.0143842 0.0492103 0.102411 0.00262158 0.00541273 0.0191237 
0.776382 0.011186 0.0560705 0.123154 0.00299008 0.00670426 0.0235141 
0.735411 0.00958207 0.0875582 0.113919 0.00269966 0.00666915 0.0441602 
0.753619 0.00980039 0.0831382 0.0952342 0.00233638 0.00754944 0.0483223 
0.539863 0.0131119 0.0814746 0.310374 0.00306564 0.00800919 0.0441011 
0.708913 0.0130113 0.0517185 0.193115 0.00484627 0.00541503 0.0229813 
0.697794 0.00928661 0.0777528 0.174666 0.00337433 0.00504408 0.0320819 
0.548357 0.0142222 0.0681885 0.338239 0.00242429 0.00657285 0.0219961 
0.572703 0.0135598 0.0649388 0.317343 0.00286745 0.00606468 0.0225238 
0.788668 0.0105241 0.0523205 0.10697 0.00547966 0.00756803 0.0284691 
0.714661 0.0109182 0.0722022 0.153666 0.00307969 0.00917855 0.0362943 
0.781795 0.0104611 0.0700071 0.0948002 0.00241994 0.00701024 0.0335067 
0.732169 0.00919654 0.0842755 0.12382 0.00227978 0.0075724 0.040687 
0.751036 0.00794831 0.0836501 0.11378 0.00222213 0.00650444 0.0348584 
0.644701 0.0104676 0.105188 0.189954 0.00272675 0.00669415 0.0402678 
0.632748 0.00899099 0.102055 0.212593 0.00330616 0.00737119 0.0329362 
0.625656 0.0093305 0.0749231 0.248596 0.00414555 0.00974676 0.027602 
0.678025 0.00988629 0.0815633 0.180412 0.00306528 0.00812456 0.0389235 
0.771621 0.00889397 0.0811219 0.0825823 0.00216754 0.0103726 0.0432404 
0.755653 0.00962825 0.0919555 0.0777348 0.00186662 0.00954146 0.05362 
0.649065 0.0124538 0.0970507 0.168769 0.00263004 0.0144048 0.0556262 
0.66504 0.0114831 0.0919231 0.165475 0.00295528 0.0116072 0.0515154 
0.778504 0.0106935 0.065284 0.0909404 0.0031478 0.0114702 0.0399604 
0.775178 0.012244 0.0728212 0.081933 0.00195073 0.0120126 0.0438609 
0.750711 0.0127672 0.0867472 0.0822021 0.00169612 0.0208283 0.0450485 
0.774314 0.0164455 0.0641986 0.09562 0.00180741 0.014651 0.032964 
0.789513 0.0122463 0.0654281 0.075165 0.00172921 0.0127412 0.0431769 
0.774986 0.0138161 0.0727723 0.0959059 0.00151284 0.0101909 0.0308158 
0.78155 0.0125883 0.0708152 0.0918936 0.001551 0.00806318 0.0335388 
0.767081 0.0114901 0.074021 0.0970018 0.00172964 0.00692522 0.0417516 
0.742816 0.0109226 0.0735848 0.113357 0.00224428 0.0105784 0.0464969 
0.752339 0.0134345 0.061452 0.119751 0.00273828 0.0146103 0.0356742 
0.805725 0.0118912 0.0534325 0.0743694 0.00274576 0.0158454 0.0359903 
0.789479 0.0112009 0.0620827 0.089329 0.00208546 0.0106154 0.0352075 
0.717574 0.0134843 0.0555089 0.174396 0.0031405 0.0107884 0.0251083 
0.78571 0.0123008 0.0541143 0.112013 0.00345401 0.00855424 0.0238533 
0.755164 0.0134079 0.0530878 0.139039 0.003635 0.0147724 0.0208935 
0.771504 0.0132684 0.0558709 0.126645 0.00251482 0.00997046 0.0202269 
0.816353 0.0139264 0.04502 0.0960215 0.00261219 0.00803473 0.0180326 
0.812223 0.0156299 0.0492104 0.096814 0.0024905 0.00602993 0.0176024 
0.80386 0.0146468 0.0490599 0.10525 0.00217968 0.00526215 0.0197409 
0.835094 0.0132068 0.0478138 0.077563 0.00289332 0.0056386 0.0177905 
0.802754 0.0116282 0.0570002 0.0915007 0.0024175 0.00506988 0.0296301 
0.840074 0.0109195 0.0527275 0.0580842 0.00303208 0.00714203 0.0280207 
0.832129 0.0102256 0.0542368 0.0588271 0.00299645 0.0108495 0.0307358 
0.775203 0.0114868 0.071004 0.0812015 0.00200576 0.0161909 0.0429078 
0.726888 0.0132361 0.0783724 0.126939 0.00190118 0.0124935 0.040169 
0.792691 0.0122626 0.0514546 0.104376 0.00324049 0.0120101 0.0239649 
0.779604 0.0119844 0.05137 0.112413 0.00473084 0.0099816 0.0299159 
0.77681 0.0150503 0.0474017 0.117942 0.00350369 0.0141379 0.0251538 
0.795116 0.0197163 0.0422829 0.108973 0.00243106 0.0109079 0.0205733 
0.775645 0.0174096 0.0479632 0.12364 0.00271726 0.00878608 0.0238393 
0.719262 0.0182988 0.0400311 0.183934 0.00522604 0.0126473 0.0206002 
0.747769 0.0126616 0.053621 0.150329 0.00337144 0.00736638 0.0248817 
0.833954 0.0132173 0.0444297 0.0766484 0.00307278 0.00730609 0.0213719 
0.809607 0.015838 0.0412483 0.10449 0.00265272 0.00954293 0.0166208 
0.807606 0.0119998 0.0552005 0.0876299 0.00211454 0.00879622 0.0266534 
0.820093 0.0117869 0.0522661 0.0751077 0.00233303 0.00917161 0.029242 
0.845435 0.0120285 0.0459099 0.0592937 0.00247131 0.0100345 0.0248271 
0.841629 0.0153495 0.037389 0.0708875 0.00400256 0.0100287 0.0207138 
