0.801929 0.0133481 0.0550343 0.0925283 0.00234954 0.0063579 0.0284526 
0.825837 0.0133287 0.0440574 0.08636 0.00405937 0.007278 0.0190792 
0.874558 0.00969557 0.0510258 0.0227275 0.00148303 0.00879249 0.0317178 
0.829129 0.00644926 0.090331 0.0108354 0.0012341 0.00640865 0.055613 
0.663949 0.00527918 0.150474 0.0039627 3.62524E-4 0.0115156 0.164457 
0.73306 0.00576924 0.114107 0.0171013 0.00104437 0.0109406 0.117978 
0.816178 0.00921347 0.0722592 0.0421631 0.00226293 0.015498 0.0424251 
0.794461 0.0194772 0.0704165 0.0289668 0.00117619 0.0194161 0.0660864 
0.760393 0.0114331 0.0747226 0.0185111 0.00179838 0.0109752 0.122167 
0.726824 0.0130769 0.0906918 0.0548459 0.00152848 0.026343 0.0866897 
0.730766 0.0127851 0.08725 0.0500543 0.00137471 0.0201252 0.0976448 
0.527288 0.0259179 0.0914801 0.279909 0.00230805 0.0215827 0.0515143 
0.473606 0.0416005 0.024192 0.383492 0.0166452 0.0432921 0.0171722 
0.691143 0.0192927 0.0429064 0.1837 0.00349628 0.0358468 0.0236143 
0.747072 0.00775915 0.0923216 0.0824882 0.00231254 0.0235889 0.0444579 
0.755169 0.0079892 0.08701 0.0937123 0.00257755 0.0135634 0.0399789 
0.774248 0.00745236 0.072094 0.108507 0.00462527 0.00439057 0.0286824 
0.698068 0.00712937 0.115881 0.0809714 0.00228543 0.0109964 0.0846686 
0.73497 0.00565188 0.111724 0.0322706 0.00103339 0.00889537 0.105454 
0.831918 0.00771911 0.0755834 0.0408993 0.00123357 0.00925433 0.0333928 
0.821997 0.00651724 0.0909194 0.0338486 0.00124979 0.00569898 0.0397693 
0.842769 0.0121906 0.0573949 0.0601925 0.00205901 0.00609108 0.0193033 
0.856551 0.0111435 0.0549233 0.0453595 0.00154585 0.00670859 0.0237683 
0.860227 0.0104722 0.0504945 0.0468357 0.00247467 0.00626602 0.0232303 
0.860929 0.0126603 0.0563707 0.0339587 0.00123195 0.00967864 0.0251705 
0.849073 0.0142792 0.0511107 0.0491881 0.00200315 0.00888625 0.0254593 
0.807369 0.0130012 0.0528504 0.0793546 0.00243705 0.0119488 0.0330389 
0.803819 0.0139004 0.0523473 0.0878372 0.00303846 0.00971224 0.0293455 
0.793968 0.0137295 0.0552841 0.0963415 0.00238112 0.00779097 0.0305046 
0.814912 0.013056 0.0500412 0.0790688 0.00354061 0.00919094 0.0301909 
0.824628 0.00936924 0.0689861 0.0488777 0.00156448 0.00648696 0.0400873 
0.774336 0.0101827 0.0705858 0.0986789 0.00224351 0.0106585 0.0333151 
0.723103 0.00949539 0.0807447 0.109779 0.00306562 0.0119166 0.0618955 
0.736672 0.0140144 0.0627662 0.14385 0.00279363 0.00957427 0.0303289 
0.714912 0.0106204 0.0838401 0.134921 0.00215848 0.00915992 0.0443883 
0.698589 0.00969989 0.0825954 0.162985 0.00257545 0.00759162 0.0359637 
0.67564 0.0095628 0.0984767 0.157954 0.00251521 0.00621395 0.0496371 
0.714462 0.00994366 0.096563 0.116979 0.00197952 0.00727877 0.0527941 
0.702856 0.0122274 0.0811625 0.158571 0.00217411 0.00784952 0.03516 
0.766038 0.0102106 0.0876393 0.0784239 0.00194545 0.0100628 0.04568 
0.664308 0.0120042 0.0966773 0.164067 0.00244655 0.00917836 0.0513188 
0.68259 0.0108936 0.108672 0.0950053 0.0022633 0.0136669 0.0869084 
0.706554 0.00885672 0.110474 0.0782335 0.00207195 0.0107484 0.0830616 
0.765393 0.00916407 0.0800654 0.0852901 0.00256534 0.00782352 0.0496991 
0.672019 0.0114674 0.0915501 0.163569 0.00249559 0.00835476 0.0505438 
0.747262 0.0112764 0.0826047 0.0843069 0.00204727 0.015069 0.0574341 
0.782192 0.00987804 0.0774632 0.0791774 0.00174475 0.00681284 0.0427315 
0.788559 0.0107192 0.0868754 0.0298541 9.0878E-4 0.0126067 0.0704773 
0.736033 0.0177143 0.0824792 0.0578508 0.00132424 0.0232071 0.0813917 
0.764891 0.0120805 0.0813704 0.0574106 0.00136161 0.0155859 0.0673003 
0.796623 0.0089006 0.0838835 0.0201202 9.69113E-4 0.0175567 0.0719467 
0.755871 0.0105344 0.0878028 0.0361548 0.00104469 0.016659 0.0919334 
0.765427 0.0107041 0.0862232 0.0319231 8.82388E-4 0.0142338 0.0906066 
0.764842 0.00960149 0.0828578 0.0360663 9.84035E-4 0.00985137 0.0957975 
0.796788 0.00937079 0.0800091 0.025658 8.58753E-4 0.00886347 0.0784523 
0.821931 0.00770652 0.078649 0.0288731 9.05221E-4 0.00627111 0.0556636 
0.800848 0.00749705 0.0814981 0.0558148 0.00174738 0.00613716 0.0464574 
0.796082 0.0099139 0.0801419 0.0652468 0.00142648 0.0046336 0.0425549 
0.859344 0.00871988 0.0565259 0.0435404 0.002255 0.00602864 0.0235866 
0.864245 0.00947683 0.0613034 0.0300121 0.00139353 0.00660257 0.0269664 
0.829099 0.00874462 0.0823036 0.033671 0.00101553 0.00702649 0.0381403 
0.802764 0.00936279 0.0961826 0.0333545 7.82375E-4 0.0110436 0.0465097 
0.769727 0.011134 0.0730105 0.0949207 0.00188154 0.0129062 0.0364197 
0.715382 0.0108415 0.0894536 0.11271 0.00179636 0.0145415 0.0552751 
0.725634 0.0108364 0.0971966 0.10029 0.00154913 0.0114136 0.0530795 
0.80478 0.0141593 0.0818758 0.0545303 8.01146E-4 0.00817098 0.0356824 
0.853751 0.0184573 0.0428704 0.0608794 0.001747 0.00630284 0.0159922 
0.869869 0.0140497 0.058168 0.0219488 8.91063E-4 0.00665632 0.0284169 
0.845803 0.0157219 0.0646414 0.0419456 8.35723E-4 0.00608658 0.0249656 
0.860603 0.0102559 0.0645957 0.0207339 9.45383E-4 0.00965682 0.0332096 
0.789873 0.00899097 0.0787024 0.0671545 0.00144681 0.0056902 0.0481423 
0.839264 0.00834559 0.0737522 0.0303226 0.00126028 0.00646452 0.0405909 
0.81483 0.00660247 0.0828652 0.0444941 0.00179029 0.00708858 0.0423294 
0.855322 0.00863071 0.0622842 0.0251918 0.00160325 0.00644722 0.0405203 
0.820857 0.0082503 0.0792306 0.038715 0.00126718 0.00616121 0.0455187 
0.796379 0.0092572 0.0953682 0.0368078 9.86557E-4 0.00748208 0.0537187 
0.816209 0.011457 0.0777029 0.0463536 0.00118164 0.00724347 0.0398528 
0.829164 0.0181418 0.0607853 0.0606362 0.001021 0.00517565 0.0250757 
0.819733 0.0138642 0.0747825 0.0487902 0.00109045 0.00978014 0.0319592 
0.796299 0.0122243 0.0786681 0.0677451 0.00105343 0.0107047 0.0333051 
0.77274 0.0117344 0.0975874 0.0710534 0.00104271 0.0102332 0.0356093 
0.725346 0.0133985 0.0914529 0.122904 0.00142959 0.00762541 0.0378435 
0.765193 0.0172799 0.0584302 0.122881 0.00149308 0.00824523 0.0264778 
0.800799 0.0180622 0.0557407 0.0911994 0.0013845 0.00875445 0.02406 
0.834146 0.0135201 0.0642808 0.0455695 0.00118623 0.00814654 0.0331506 
0.789844 0.0122239 0.0756223 0.0761242 0.00145383 0.00801781 0.0367138 
0.800852 0.0106204 0.0784422 0.0686705 0.00125333 0.00593277 0.0342287 
0.816603 0.0122713 0.0725574 0.0570273 0.00123124 0.0071754 0.0331348 
0.847483 0.011693 0.0777319 0.0231623 8.43474E-4 0.0053442 0.0337426 
0.868472 0.0146276 0.0513959 0.03011 0.00141338 0.00636356 0.0276173 
0.880952 0.0126401 0.0463997 0.0224212 0.00172842 0.0101299 0.0257284 
0.870535 0.011759 0.0520236 0.0251491 0.00152257 0.0108831 0.0281276 
0.87389 0.0171317 0.0359527 0.0385215 0.00247061 0.0133059 0.0187272 
0.838886 0.012181 0.0551748 0.0471383 0.00166025 0.0119012 0.0330582 
0.858782 0.0115492 0.0509506 0.0384626 0.00149441 0.00790993 0.0308512 
0.848346 0.0081814 0.0656699 0.0260658 0.00120382 0.00829622 0.0422371 
0.824353 0.00824681 0.075411 0.0464653 0.00143324 0.00661735 0.0374738 
0.843927 0.00876629 0.069865 0.0424203 0.0015884 0.00822356 0.0252094 
0.765069 0.00913491 0.0918218 0.095192 0.00158275 0.00900469 0.0281952 
0.815493 0.00903623 0.0731491 0.0641153 0.0016098 0.00614073 0.0304557 
0.732622 0.0120788 0.0713124 0.143726 0.00182403 0.00848687 0.0299501 
0.824178 0.00976806 0.0645705 0.060145 0.00148099 0.00607943 0.033778 
0.651335 0.006275 0.122606 0.00734305 6.47885E-4 0.00549761 0.206295 
0.472319 0.00628943 0.147304 0.00903997 8.63891E-4 0.00799428 0.356189 
0.740963 0.0101841 0.0933961 0.0843735 0.00192906 0.0102676 0.0588869 
0.664182 0.0328729 0.0488384 0.198524 0.00231114 0.0246954 0.028576 
0.816848 0.0198377 0.0472481 0.0482796 0.00330706 0.0251472 0.0393323 
0.781421 0.0139157 0.0468434 0.101353 0.00436485 0.0187054 0.0333961 
0.746574 0.0113638 0.0592122 0.115775 0.0047316 0.0270214 0.0353218 
0.611091 0.0133645 0.0880154 0.204027 0.00299693 0.0241671 0.0563386 
0.793111 0.0140654 0.0667424 0.0675665 0.0013687 0.0176988 0.0394472 
0.678859 0.0185177 0.0326552 0.242965 0.00328445 0.00684196 0.0168772 
0.783693 0.0146515 0.0578107 0.105956 0.00161814 0.00759275 0.0286777 
0.74886 0.0125033 0.0715215 0.132279 0.00152272 0.00666096 0.0266526 
0.747938 0.010792 0.0811688 0.122579 0.00152084 0.00777189 0.0282303 
0.747731 0.00723777 0.0976367 0.0374777 0.00106977 0.0144853 0.0943616 
0.715455 0.00887078 0.125243 0.0539754 0.00120028 0.0170126 0.0782428 
0.705663 0.012001 0.0971429 0.129275 0.00172648 0.00878566 0.0454062 
0.841681 0.0156117 0.0626775 0.0408174 9.45462E-4 0.0125984 0.025668 
0.817752 0.0174304 0.0763305 0.0427962 8.5162E-4 0.0143494 0.03049 
0.845866 0.015073 0.0674672 0.0335178 9.86374E-4 0.0100753 0.027014 
0.802484 0.0102063 0.0878966 0.0509271 0.00108346 0.00838991 0.0390127 
0.79069 0.0114392 0.0883403 0.0505319 9.90765E-4 0.00880785 0.0492002 
0.76848 0.0102247 0.0909044 0.0820731 0.0011893 0.00573565 0.0413927 
0.81255 0.0131586 0.076096 0.0568252 0.00117733 0.00814919 0.0320434 
0.860792 0.0109844 0.0540518 0.0439621 0.00188114 0.00986792 0.0184606 
0.869689 0.0104585 0.0580495 0.0313667 0.00170637 0.00832299 0.0204069 
0.843587 0.01142 0.0631472 0.0505463 0.001583 0.00740601 0.0223109 
0.864282 0.0118798 0.0614326 0.0305328 0.0013226 0.00812974 0.0224208 
0.865636 0.0141393 0.0576645 0.0252511 0.00101073 0.0125634 0.0237348 
0.853592 0.0112568 0.0647804 0.0357191 9.66887E-4 0.0072156 0.0264691 
0.861599 0.0133642 0.0526243 0.0437132 0.00133952 0.00740086 0.0199589 
0.833235 0.00997447 0.0686366 0.0578761 0.00142756 0.00527921 0.0235713 
0.844007 0.0107129 0.073728 0.0413551 9.8198E-4 0.00545848 0.0237562 
0.840256 0.0127004 0.0667998 0.0503559 0.00108642 0.00871664 0.0200849 
0.817176 0.012742 0.0675118 0.0708167 0.00133153 0.00719269 0.0232293 
0.813269 0.0102227 0.0683048 0.0829999 0.00187438 0.00476294 0.0185663 
0.795864 0.0100491 0.089726 0.062091 0.00123873 0.00448634 0.0365446 
0.829978 0.0119028 0.0565157 0.0612652 0.00212153 0.00641133 0.0318059 
0.827379 0.0135516 0.0428056 0.0835192 0.00532777 0.00580213 0.0216143 
0.791853 0.0136943 0.0514079 0.102327 0.00310067 0.00679273 0.0308248 
0.794088 0.0120247 0.0592771 0.0912348 0.00346654 0.00603394 0.0338752 
0.788418 0.0131155 0.0575762 0.100378 0.00308479 0.00643018 0.0309978 
0.732894 0.0134936 0.0767444 0.119374 0.00239931 0.00902879 0.0460659 
0.759076 0.0119379 0.0600244 0.121811 0.00384593 0.00945933 0.0338449 
0.74986 0.0116484 0.0681822 0.120343 0.00314336 0.00751575 0.0393075 
0.781078 0.0117667 0.0539196 0.116948 0.00494019 0.00756186 0.0237863 
0.737069 0.013056 0.0503848 0.163509 0.00487849 0.0089711 0.0221321 
0.787397 0.0108134 0.0694035 0.0890647 0.00272119 0.00919616 0.0314043 
0.752026 0.0121768 0.0723555 0.110603 0.00262294 0.0116403 0.0385748 
0.78728 0.0112522 0.0742793 0.0701964 0.00211093 0.0112087 0.0436719 
0.8382 0.00920838 0.0635086 0.0520327 0.00295834 0.00707893 0.0270127 
0.827437 0.00899509 0.0742511 0.0545526 0.00159097 0.00570892 0.0274647 
0.796528 0.00997368 0.0773154 0.0661195 0.00160824 0.00576995 0.042685 
0.82695 0.0104052 0.0609514 0.0467406 0.00231603 0.00803563 0.0446015 
0.811303 0.011417 0.0639131 0.0753225 0.00207156 0.00478606 0.0311869 
0.662285 0.00564736 0.146588 0.044207 0.00130775 0.00467825 0.135287 
0.713269 0.00753562 0.134194 0.0469682 0.00111618 0.00826004 0.0886571 
0.793468 0.0077278 0.0935106 0.0225378 8.50599E-4 0.010074 0.0718314 
0.809149 0.00935288 0.0745365 0.0325219 0.00128187 0.0140691 0.0590891 
0.828908 0.00880763 0.0627498 0.0324387 0.00205109 0.0182527 0.0467918 
0.802327 0.00955641 0.0614852 0.0470846 0.00246012 0.0212102 0.0558766 
0.799959 0.00914127 0.0645379 0.0318207 0.00148864 0.0232532 0.0697995 
0.758688 0.00975206 0.0717415 0.044294 0.00169621 0.0249868 0.0888414 
0.810109 0.00886411 0.0659435 0.0287183 0.00161822 0.0228661 0.0618808 
0.867029 0.0112015 0.0500551 0.0248273 0.00168842 0.0122878 0.0329111 
0.734481 0.010944 0.0827312 0.0768109 0.00167412 0.0200776 0.0732815 
0.678535 0.0132608 0.0884743 0.116645 0.00230791 0.0265222 0.0742547 
0.777413 0.0100992 0.0803858 0.0435274 0.00108448 0.014129 0.0733611 
0.730347 0.00982274 0.0893098 0.0520677 0.0013749 0.0226089 0.0944691 
0.669999 0.011905 0.0996368 0.0638354 0.00161119 0.0221884 0.130824 
0.761916 0.0124039 0.0704395 0.0652467 0.00180798 0.0179068 0.0702794 
0.772548 0.0131494 0.0788272 0.0668819 0.00133271 0.0177652 0.0494958 
0.727507 0.0133446 0.0889594 0.0843027 0.00162878 0.0194631 0.0647941 
0.774583 0.0115236 0.0775893 0.0454816 0.00122079 0.0208455 0.0687567 
0.737526 0.0108996 0.0822183 0.0766413 0.0018993 0.0195781 0.0712371 
0.673697 0.0119764 0.0950999 0.103305 0.00229633 0.0192268 0.0943984 
0.735335 0.0107004 0.0815138 0.0739021 0.00172201 0.0145617 0.0822651 
0.741417 0.0126288 0.0800835 0.0912436 0.00172616 0.011379 0.0615221 
0.770383 0.0124309 0.0737959 0.0755035 0.00151603 0.013094 0.0532765 
0.836813 0.010819 0.0568722 0.0447376 0.00140824 0.0118089 0.037541 
0.821292 0.00945899 0.0730307 0.0453869 0.00122854 0.00505219 0.0445503 
0.836637 0.008319 0.0711624 0.0275388 0.00111472 0.0049029 0.0503254 
0.79881 0.00928709 0.0724516 0.0635635 0.00153186 0.00733282 0.0470233 
0.828756 0.00950831 0.0608578 0.0584112 0.00211892 0.0069892 0.0333587 
0.80847 0.00917948 0.0659821 0.0623102 0.00216533 0.00710615 0.0447865 
0.76203 0.0111136 0.0991386 0.0805089 0.00135286 0.00841574 0.0374401 
0.759805 0.0110374 0.0983928 0.0806921 0.00130035 0.00759772 0.0411743 
0.775458 0.00941987 0.0938551 0.0725103 0.00137565 0.00687665 0.040504 
0.75299 0.00846426 0.0940259 0.0859938 0.00180532 0.00786698 0.0488535 
0.717532 0.0125989 0.0830508 0.11817 0.00201078 0.0167933 0.0498445 
0.725803 0.00927134 0.0886953 0.129057 0.00200699 0.0096665 0.0354997 
0.706675 0.0128661 0.106574 0.0841484 0.00167096 0.0156227 0.0724431 
0.739082 0.0127559 0.093674 0.0790457 0.00148998 0.0112356 0.0627172 
0.745882 0.00965556 0.0927977 0.0697912 0.00147744 0.0116544 0.0687414 
0.749576 0.00981025 0.0818304 0.0813591 0.00168363 0.0124412 0.0632991 
0.767882 0.010953 0.0819163 0.0345025 0.00113108 0.0356485 0.0679663 
0.805423 0.0128293 0.0681778 0.0547549 0.0012328 0.0189479 0.0386339 
0.80811 0.0103236 0.0736269 0.0541829 0.00111825 0.0136693 0.0389689 
0.81478 0.00949271 0.0743624 0.0531493 0.00140153 0.00881241 0.038002 
0.79833 0.00992662 0.0732928 0.0797837 0.00139997 0.00876805 0.0284984 
0.798823 0.0096047 0.0863265 0.0544759 0.0012359 0.011639 0.037895 
0.831866 0.0107486 0.0666407 0.0548578 0.00134083 0.0065337 0.0280126 
0.834652 0.0175451 0.0560207 0.0626556 0.00115317 0.00912935 0.0188443 
0.790602 0.0143959 0.0795816 0.0839872 8.66329E-4 0.00730308 0.0232634 
0.800899 0.0123351 0.08058 0.0648437 9.88261E-4 0.00912218 0.0312318 
0.834493 0.0140437 0.0645623 0.0505302 0.00118893 0.010356 0.024826 
0.859974 0.0127996 0.0628375 0.0356018 0.00126495 0.0068595 0.0206631 
0.859692 0.012527 0.0621984 0.0382879 0.00109524 0.00724384 0.0189553 
0.841403 0.0132263 0.0569768 0.0585676 0.00167243 0.0068133 0.0213401 
0.801123 0.0139428 0.0722094 0.0747743 0.00114608 0.00814647 0.0286576 
0.710346 0.0139453 0.0611764 0.188412 0.00196781 0.00706453 0.0170882 
0.745133 0.0153356 0.0777669 0.128627 0.0011201 0.00847114 0.0235456 
0.731394 0.0157691 0.0729083 0.145277 0.00136563 0.00775127 0.0255355 
0.808901 0.0144866 0.0613869 0.0820394 0.00141843 0.00712811 0.0246398 
0.808142 0.00947432 0.0849755 0.0529868 0.00112799 0.00676224 0.0365314 
0.799661 0.0107591 0.077764 0.0711076 0.00140974 0.00744805 0.0318509 
0.791697 0.0125359 0.0692213 0.0929643 0.0017678 0.00802557 0.0237885 
0.82609 0.0121215 0.0748572 0.0486899 0.00121152 0.00882192 0.0282081 
0.791196 0.0108478 0.0849475 0.0665171 0.00151866 0.00955061 0.035422 
0.806082 0.0144909 0.0502079 0.0988138 0.00359714 0.0109649 0.0158436 
0.829844 0.00890434 0.0746204 0.0512359 0.00174646 0.00805161 0.0255967 
0.743962 0.0126496 0.0651086 0.14164 0.00303109 0.00893939 0.0246698 
0.771379 0.0122705 0.0718747 0.0998987 0.00191147 0.0132354 0.0294306 
0.808463 0.00931739 0.0802421 0.056296 0.00127277 0.00882864 0.0355804 
0.788869 0.0144948 0.0474002 0.105725 0.00530225 0.0128199 0.0253886 
0.742312 0.0138951 0.0518625 0.141219 0.0043223 0.0113389 0.0350506 
0.584101 0.0134521 0.0454233 0.304222 0.00832011 0.0108067 0.0336748 
0.66442 0.0124612 0.0426983 0.233209 0.00752362 0.00912689 0.0305615 
0.498 0.0138375 0.0437011 0.381022 0.00735293 0.0216979 0.0343881 
0.639788 0.0199766 0.0557848 0.218212 0.00369015 0.0210582 0.0414901 
0.671308 0.0293596 0.0563196 0.171755 0.00239507 0.0306082 0.0382543 
0.625647 0.0161522 0.0656729 0.217468 0.00377169 0.0157 0.0555889 
0.613221 0.0143803 0.0603273 0.263771 0.0043128 0.00916334 0.0348245 
0.766619 0.0161256 0.0571909 0.0971832 0.00397872 0.0185163 0.0403862 
0.637613 0.0158764 0.0793991 0.177759 0.00279205 0.0254991 0.0610623 
0.728903 0.0142568 0.0663621 0.12152 0.00298986 0.0142082 0.0517601 
0.669623 0.0128209 0.05494 0.20428 0.00557001 0.0137929 0.0389733 
0.648776 0.0104621 0.0571703 0.221049 0.00881686 0.0182912 0.0354348 
0.588894 0.0113344 0.0808073 0.21849 0.00549692 0.0217812 0.0731953 
0.664118 0.0135029 0.0719661 0.144799 0.0049049 0.0286096 0.0721001 
0.738329 0.00967712 0.0537033 0.153276 0.0088047 0.0113827 0.0248279 
0.745033 0.0175714 0.0460624 0.131123 0.00431542 0.034153 0.0217417 
0.843361 0.0166104 0.03889 0.0602405 0.00349184 0.0209543 0.0164518 
0.812136 0.0139701 0.0539272 0.0716659 0.0026238 0.0212252 0.0244515 
0.842747 0.015998 0.059675 0.0377999 0.00130268 0.0143395 0.0281383 
0.812918 0.0152288 0.0653544 0.0593146 0.00157313 0.0141285 0.0314827 
0.768398 0.016787 0.0686691 0.0765763 0.00176598 0.0295379 0.0382653 
0.766823 0.0129697 0.0681619 0.0338536 0.00383217 0.0507964 0.0635628 
0.602555 0.018317 0.0686364 0.182359 0.00548428 0.0435164 0.0791321 
0.567188 0.0248364 0.0491281 0.19533 0.0122225 0.0871338 0.0641609 
0.542109 0.0233236 0.044546 0.278539 0.0178251 0.0494448 0.044212 
0.414451 0.0359186 0.0525849 0.367467 0.00675856 0.0767984 0.0460215 
0.496587 0.0207827 0.0628811 0.328095 0.00391237 0.0285336 0.0592078 
0.617725 0.0316632 0.0434504 0.186454 0.00493151 0.0746079 0.0411681 
0.766213 0.0199483 0.0538972 0.0758442 0.00501572 0.0478777 0.0312036 
0.629216 0.0307611 0.0494822 0.216748 0.00464443 0.0465518 0.0225965 
0.687682 0.020633 0.0672488 0.13707 0.00309181 0.0456094 0.038665 
0.54594 0.0235577 0.0887747 0.16214 0.00369747 0.0889692 0.0869212 
0.728684 0.0115922 0.0747971 0.0768735 0.00177243 0.0195867 0.0866938 
0.711076 0.0172746 0.0551471 0.133574 0.00253954 0.0269843 0.0534046 
0.677791 0.0149582 0.0637676 0.160121 0.00384876 0.0188175 0.0606965 
0.758192 0.0131521 0.0582606 0.0972667 0.00240605 0.0195215 0.0512008 
0.8026 0.0107516 0.0571645 0.0547765 0.00312953 0.0220311 0.049547 
0.779517 0.0108054 0.0505743 0.10916 0.00569825 0.0141665 0.0300786 
0.833838 0.0141745 0.0399548 0.0646769 0.00355002 0.021285 0.0225212 
0.743455 0.011589 0.0576937 0.146947 0.00465132 0.0146191 0.0210449 
0.828204 0.00947925 0.0583706 0.0467805 0.00437661 0.0144625 0.0383266 
0.711285 0.0115012 0.0780918 0.132268 0.00328954 0.0183549 0.0452087 
0.819072 0.00888042 0.0609631 0.0352017 0.00170456 0.0118657 0.0623125 
0.77126 0.00910398 0.0654756 0.0306413 0.00203444 0.00911247 0.112372 
0.661769 0.00898116 0.0942086 0.0120763 0.00108128 0.0162403 0.205643 
0.754798 0.0111048 0.0753089 0.0163253 0.00138328 0.0244447 0.116635 
0.695794 0.014188 0.0875416 0.0889946 0.00231848 0.0240159 0.0871475 
0.784265 0.0219404 0.04193 0.11485 0.00342379 0.0107134 0.022877 
0.726406 0.0236147 0.0326506 0.188911 0.00533912 0.00985347 0.0132256 
0.743314 0.0207885 0.0310033 0.170357 0.0096761 0.0117069 0.0131548 
0.842187 0.0164488 0.0434991 0.0679656 0.00543127 0.00667889 0.0177894 
0.748071 0.0161292 0.0429157 0.157803 0.00479361 0.013304 0.016983 
0.800453 0.0124793 0.0612314 0.0823891 0.00194221 0.00758759 0.0339169 
0.466417 0.0113891 0.118109 0.31398 0.00563667 0.0113363 0.0731321 
0.417809 0.0108375 0.0830193 0.433529 0.00404014 0.0117925 0.0389729 
0.518406 0.0138521 0.112928 0.281863 0.00415012 0.0164083 0.0523922 
0.425537 0.0103008 0.0757087 0.437756 0.00430719 0.0109074 0.0354826 
0.401398 0.00814388 0.0968258 0.422432 0.00663309 0.008539 0.0560284 
0.53995 0.00961182 0.108955 0.224456 0.00604604 0.0158014 0.0951802 
0.491531 0.00914439 0.0998092 0.301642 0.00740628 0.0151963 0.075271 
0.525138 0.00798334 0.0792492 0.30624 0.00939478 0.01435 0.0576444 
0.370152 0.00843546 0.0976059 0.437816 0.00832162 0.0237773 0.0538911 
0.414157 0.0105491 0.125304 0.352856 0.00860097 0.0169252 0.0716087 
0.533007 0.00774318 0.0971965 0.257639 0.0103338 0.0129181 0.0811624 
0.432653 0.00968574 0.0726388 0.405235 0.0073106 0.0190964 0.0533802 
0.242186 0.0143627 0.0166489 0.703878 0.00661098 0.0074798 0.00883377 
0.445983 0.0341896 0.0204085 0.456028 0.0199141 0.0110678 0.0124092 
0.72184 0.0498882 0.0203808 0.113446 0.0781037 0.00880356 0.00753757 
0.557146 0.0336631 0.0127331 0.315629 0.0699891 0.00523524 0.00560475 
0.64805 0.0312167 0.0255732 0.266568 0.018474 0.00201114 0.00810635 
0.515674 0.0117264 0.0409965 0.413051 0.00485663 6.33766E-4 0.0130625 
0.60311 0.00651272 0.0771072 0.282154 0.00357999 7.95588E-4 0.0267408 
0.400832 0.00571591 0.116977 0.426774 0.00530178 0.00255532 0.0418441 
0.28321 0.00271276 0.0567542 0.634495 0.00503385 6.74424E-4 0.0171206 
0.368006 0.00434787 0.124502 0.464248 0.00711784 0.00196716 0.0298112 
0.271988 0.00414314 0.116645 0.573594 0.00482688 0.00209904 0.0267039 
0.325994 0.00573294 0.0453161 0.610337 0.00350813 9.73698E-4 0.00813782 
0.313738 0.00465634 0.14037 0.510075 0.00411538 0.00227402 0.0247714 
0.268337 0.00206598 0.0591898 0.657387 0.00515521 3.4884E-4 0.00751574 
0.460296 0.00477353 0.0630145 0.451923 0.00415589 7.84013E-4 0.0150531 
0.588255 0.00520663 0.111893 0.215804 0.00629901 0.00232892 0.0702136 
0.39386 0.0111822 0.21863 0.22904 0.0102154 0.00949323 0.127579 
0.329197 0.00951986 0.169386 0.408098 0.010612 0.00872757 0.0644591 
0.199553 0.00919014 0.153558 0.584582 0.00777816 0.00629981 0.0390388 
0.149789 0.00774581 0.137831 0.655963 0.00585342 0.00498948 0.0378276 
0.138876 0.0111531 0.167912 0.635262 0.00542951 0.00607459 0.0352916 
0.0778131 0.00242614 0.021236 0.891762 0.00162455 5.71424E-4 0.00456712 
0.0945339 0.00230437 0.0435155 0.846169 0.00187342 0.00114016 0.010464 
0.115277 0.00250755 0.0415018 0.828069 0.00208614 9.05528E-4 0.0096526 
0.094757 0.00246426 0.01817 0.875421 0.00250757 5.35153E-4 0.00614529 
0.215257 0.00403536 0.0225179 0.748107 0.00368723 5.36927E-4 0.00585922 
0.283405 0.00757657 0.0256698 0.670999 0.00407544 6.0474E-4 0.00766977 
0.16257 0.00228279 0.0240146 0.804233 0.00293747 2.94053E-4 0.00366803 
0.103127 0.00229559 0.00881724 0.876252 0.00706885 4.14293E-4 0.00202477 
0.0814699 0.00198802 0.0190792 0.892151 0.00152675 3.1745E-4 0.00346768 
0.106298 0.0030562 0.0216289 0.863474 0.0016472 3.60521E-4 0.00353552 
0.11131 0.00333018 0.0187413 0.859703 0.0020626 3.79201E-4 0.00447377 
0.357114 0.0177754 0.31297 0.194023 0.0106859 0.0107576 0.0966739 
0.314884 0.0189094 0.39775 0.164038 0.0106386 0.013139 0.0806419 
0.271472 0.0180989 0.368821 0.159336 0.00914557 0.0129508 0.160175 
0.184309 0.00369611 0.142806 0.640783 0.00337957 0.0022857 0.0227402 
0.324542 0.00541243 0.131763 0.501193 0.00407989 0.00310004 0.02991 
0.123763 0.00425443 0.0175581 0.83123 0.0118406 0.00239292 0.00896149 
0.22921 0.0137721 0.0162928 0.680814 0.0445037 0.00483788 0.0105701 
0.344317 0.00632619 0.0232862 0.592915 0.0218696 0.00323977 0.00804553 
0.204076 0.0333953 0.0291749 0.721942 0.00153659 0.00341776 0.00645709 
0.387957 0.0093815 0.0532911 0.530785 0.00402205 0.00377569 0.0107886 
0.258514 0.00770315 0.10422 0.598372 0.00361781 0.00365845 0.0239142 
0.264132 0.00535103 0.0518651 0.657996 0.00411883 0.0021412 0.014396 
0.477345 0.00757731 0.0913022 0.373542 0.00630083 0.00433767 0.0395947 
0.319232 0.00642313 0.0913042 0.546229 0.0055672 0.00344278 0.0278014 
0.283066 0.005867 0.0596248 0.629273 0.00446194 0.00290905 0.0147981 
0.476702 0.0080931 0.121445 0.358553 0.0053236 0.00352399 0.0263588 
0.528006 0.00890805 0.130126 0.278747 0.00555842 0.00500866 0.0436452 
0.569833 0.00664816 0.064504 0.325738 0.00721517 0.00300795 0.0230537 
0.566404 0.0105252 0.0542209 0.350597 0.00485442 0.00205579 0.0113425 
0.806455 0.00855899 0.0758631 0.0865071 0.0029729 0.0016937 0.0179491 
0.808464 0.0093952 0.0814209 0.0451878 0.00258779 0.00417786 0.0487662 
0.429896 0.00884623 0.0622852 0.449598 0.00607053 0.00856252 0.0347415 
0.589867 0.0169252 0.0609105 0.271293 0.00331875 0.0140184 0.0436675 
0.386484 0.0275931 0.0314305 0.52914 0.00297564 0.00878823 0.0135881 
0.441811 0.0206331 0.0286842 0.489285 0.00697128 0.0038757 0.0087394 
0.154467 0.0107573 0.0145319 0.808749 0.00546178 0.00208268 0.00395027 
0.267301 0.0111468 0.0310302 0.671775 0.003902 0.00463023 0.0102145 
0.258713 0.0106624 0.0560437 0.656406 0.00179782 0.00244989 0.0139271 
0.298938 0.00855866 0.0555693 0.614262 0.00242557 0.00285325 0.0173934 
0.296632 0.00567354 0.0368567 0.638807 0.00623477 0.00294702 0.012849 
0.364755 0.00882322 0.0467377 0.553196 0.0039015 0.00362472 0.0189622 
0.467028 0.0129404 0.0482258 0.442785 0.00412468 0.00455741 0.0203385 
0.387877 0.0127875 0.0299018 0.541268 0.00759033 0.00616799 0.0144078 
0.461509 0.0207787 0.0282532 0.460092 0.00574888 0.011636 0.0119817 
0.526478 0.0199617 0.0414116 0.377554 0.0048967 0.0141289 0.0155691 
0.458096 0.0282364 0.0612179 0.412357 0.00205244 0.014527 0.0235136 
0.347833 0.0152141 0.0266367 0.581887 0.0073728 0.00760928 0.0134463 
0.261009 0.0197812 0.0203282 0.677995 0.00382366 0.00787611 0.00918632 
0.42555 0.020918 0.0361751 0.491757 0.00336207 0.00855124 0.0136866 
0.539878 0.015974 0.0498063 0.366981 0.00382405 0.00701691 0.01652 
0.480322 0.0156073 0.0327052 0.438513 0.00908143 0.0100026 0.0137688 
0.453443 0.0151415 0.0722662 0.4154 0.00310091 0.0110109 0.0296368 
0.363003 0.00896521 0.0507894 0.544482 0.00562526 0.00598553 0.0211499 
0.267883 0.00696182 0.0506905 0.639207 0.00556878 0.00881059 0.0208787 
0.31232 0.00704326 0.0381158 0.614186 0.0078287 0.00473278 0.0157743 
0.251921 0.0068653 0.0365267 0.685048 0.00473896 0.00395689 0.0109436 
0.149612 0.00880309 0.0233907 0.807212 0.00207189 0.00232585 0.00658452 
0.143028 0.0108669 0.0164513 0.818878 0.00333103 0.00204946 0.00539539 
0.156682 0.00577682 0.0230176 0.801974 0.00399961 0.00150067 0.00704965 
0.218268 0.00536927 0.0398503 0.718041 0.00422905 0.00166122 0.0125816 
0.255416 0.00679214 0.0335979 0.685413 0.00628727 0.00199011 0.0105034 
0.216509 0.00479102 0.0373092 0.71765 0.00750751 0.0031028 0.0131308 
0.120012 0.00317628 0.0276805 0.831469 0.00522211 0.0020765 0.0103631 
0.162984 0.00528519 0.0292223 0.787133 0.00401866 0.0032707 0.0080864 
0.163738 0.00607716 0.0337708 0.780623 0.00314731 0.00225004 0.0103938 
0.238217 0.00825612 0.0646386 0.653917 0.00280969 0.00381094 0.0283514 
0.353669 0.0113085 0.0716519 0.529741 0.00262386 0.00431364 0.0266921 
0.292029 0.00826544 0.0617059 0.606033 0.00347851 0.00455213 0.0239362 
0.283871 0.0106379 0.0307136 0.657158 0.00433548 0.00345681 0.00982754 
0.2564 0.00678273 0.0353419 0.685462 0.0043344 0.00221932 0.00946025 
0.242201 0.00933829 0.0344441 0.700117 0.00255596 0.00253534 0.00880825 
0.240842 0.0079745 0.0658724 0.662784 0.00224415 0.00241946 0.0178628 
0.098187 0.00307928 0.0191781 0.871512 0.00238404 7.30709E-4 0.00492894 
0.157532 0.00978378 0.0177746 0.805584 0.00295911 0.00178938 0.00457711 
0.17729 0.00838667 0.0304558 0.772829 0.00220883 0.00163479 0.00719443 
0.286023 0.00578708 0.0485186 0.640821 0.00340342 0.00203782 0.0134099 
0.31215 0.00473667 0.0566603 0.598078 0.00527308 0.00223487 0.0208676 
0.338256 0.00458923 0.0427096 0.58066 0.00915235 0.00313073 0.0215019 
0.354843 0.00618841 0.072434 0.524364 0.00518285 0.00365369 0.0333337 
0.329632 0.00695929 0.0704014 0.559588 0.00418687 0.00370196 0.0255299 
0.360464 0.00770652 0.05106 0.558196 0.00473314 0.0024842 0.0153557 
0.408161 0.00577872 0.0776559 0.462282 0.00707514 0.00290797 0.0361388 
0.330599 0.010289 0.073465 0.551773 0.00301028 0.00471325 0.0261502 
0.280665 0.00906553 0.113436 0.546802 0.00442979 0.00562897 0.0399725 
0.336343 0.0124089 0.159379 0.382576 0.00681566 0.00988324 0.092594 
0.437719 0.00946229 0.119652 0.356001 0.00494992 0.00550436 0.0667123 
0.372388 0.00897335 0.10338 0.453177 0.00454919 0.00546562 0.0520667 
0.403514 0.00789086 0.0751833 0.477936 0.00431307 0.00331383 0.0278483 
0.419537 0.00877045 0.0877618 0.438429 0.00415009 0.00343232 0.0379189 
0.313944 0.00458867 0.0403221 0.621007 0.0066935 0.00196198 0.0114829 
0.382564 0.0061249 0.0706496 0.512291 0.00455334 0.00264435 0.0211721 
0.447573 0.0075103 0.0757654 0.429344 0.0048178 0.00359027 0.0313994 
0.360645 0.00468913 0.0525813 0.555326 0.0061082 0.00164289 0.0190074 
0.505242 0.00608986 0.0709434 0.389134 0.00486851 0.00146075 0.0222618 
0.562035 0.00646662 0.079196 0.320554 0.00548333 0.00148473 0.0247802 
0.368283 0.00502937 0.08957 0.505058 0.004726 0.0020605 0.0252736 
0.414307 0.00453301 0.0552004 0.501395 0.00771722 0.00156788 0.0152797 
0.281894 0.00457733 0.0298393 0.666603 0.00797587 0.00109924 0.00801078 
0.251643 0.00712036 0.0293082 0.69561 0.00516424 0.00177689 0.0093777 
0.221476 0.00925586 0.0365056 0.711206 0.00354748 0.00296096 0.0150482 
0.240162 0.00703127 0.0551886 0.670272 0.0033335 0.00240422 0.0216078 
0.285786 0.0087559 0.0552493 0.624016 0.00297465 0.00296104 0.0202571 
0.286065 0.00716286 0.0735941 0.594724 0.00385393 0.00264792 0.0319525 
0.299237 0.00766069 0.060324 0.602632 0.0036393 0.00254884 0.0239585 
0.266447 0.00745178 0.0692189 0.627789 0.00331755 0.00257556 0.0231994 
0.326575 0.0101658 0.114349 0.498374 0.00409921 0.00485684 0.0415799 
0.345301 0.00983845 0.0822875 0.515047 0.00370603 0.00398477 0.0398351 
0.299186 0.0104701 0.0466566 0.617658 0.00351554 0.00292006 0.0195935 
0.291679 0.00693027 0.0440854 0.63614 0.00431991 0.00194471 0.0149004 
0.413782 0.00553787 0.0602976 0.491956 0.00717776 0.00277405 0.018475 
0.27941 0.00378356 0.0313303 0.663272 0.00981907 0.00213175 0.0102532 
0.368855 0.00759721 0.048526 0.549877 0.00474551 0.00430715 0.0160919 
0.336886 0.00641433 0.0547666 0.579753 0.00372468 0.00289159 0.0155635 
0.386401 0.00573782 0.0589289 0.520321 0.00582349 0.00247858 0.0203091 
0.473785 0.00629358 0.0781417 0.394776 0.00665516 0.00278005 0.0375686 
0.562466 0.00574214 0.0744718 0.312639 0.00910993 0.00280054 0.0327708 
0.414435 0.00522289 0.0614136 0.482796 0.00841742 0.00228878 0.0254263 
0.324542 0.00591025 0.0574153 0.58954 0.00483317 0.00187312 0.0158861 
0.309788 0.00702343 0.0800689 0.570481 0.00379922 0.00239928 0.0264401 
0.412901 0.00518653 0.073969 0.466072 0.00758379 0.00320523 0.031083 
0.433794 0.00880423 0.0688713 0.45492 0.00413525 0.00323791 0.0262372 
0.358546 0.00738793 0.0702385 0.539373 0.00372469 0.00235803 0.0183718 
0.587206 0.00961081 0.0814529 0.286012 0.00434219 0.00405797 0.0273182 
0.56179 0.00744793 0.0570863 0.342976 0.00755177 0.002692 0.0204553 
0.586485 0.00746263 0.0697719 0.298484 0.00590217 0.00221467 0.0296793 
0.379882 0.00634542 0.0423079 0.551393 0.00550031 0.00129233 0.0132794 
0.216363 0.00496355 0.0516097 0.71109 0.00278602 0.00143545 0.0117521 
0.326248 0.0052541 0.0686918 0.571418 0.00530806 0.00228962 0.0207901 
0.278674 0.00566016 0.0555877 0.641307 0.00328705 0.00146203 0.0140227 
0.436412 0.00478973 0.0773531 0.452284 0.00597928 0.00182161 0.0213605 
0.340343 0.00349739 0.0593103 0.576364 0.0061326 0.0013122 0.0130406 
0.276466 0.00623784 0.0445751 0.656475 0.00352145 0.00216945 0.0105553 
0.321679 0.00778628 0.0959372 0.537843 0.00338225 0.00359195 0.0297805 
0.229436 0.00548366 0.0784605 0.65945 0.00296651 0.00262422 0.021579 
0.382345 0.00913607 0.0814728 0.485462 0.00317759 0.00477832 0.0336287 
0.267648 0.011574 0.112685 0.558929 0.00309858 0.00729925 0.0387662 
0.208409 0.00681265 0.0584135 0.696912 0.00296566 0.00449028 0.0219962 
0.230261 0.00651931 0.076035 0.654954 0.00305393 0.00396047 0.0252157 
0.256044 0.00531435 0.0283119 0.691746 0.00478097 0.00270837 0.0110939 
0.416215 0.00830135 0.0506067 0.496791 0.0043979 0.00492722 0.0187605 
0.414872 0.00675102 0.100062 0.434527 0.00527047 0.00473205 0.0337859 
0.244795 0.00507905 0.0743723 0.651023 0.00368464 0.00324738 0.0177986 
0.449585 0.00506139 0.067226 0.442086 0.00715326 0.00220038 0.0266878 
0.375409 0.0053548 0.0637305 0.530858 0.00497027 0.00229803 0.0173798 
0.216092 0.00633979 0.0556633 0.699646 0.00255016 0.003324 0.0163843 
0.241476 0.0175004 0.0256378 0.700846 0.00227107 0.00475057 0.00751782 
0.859401 0.0157308 0.0598424 0.0200919 0.00114677 0.0172903 0.0264967 
0.866235 0.0182915 0.0477565 0.0241075 0.00168991 0.0167021 0.0252179 
0.88112 0.0180464 0.0388617 0.0173947 0.00325629 0.015226 0.0260951 
0.875276 0.0120727 0.0541001 0.0105087 0.00150739 0.0145513 0.0319834 
0.846963 0.0115797 0.0554127 0.0309176 0.00261182 0.0195356 0.0329802 
0.878957 0.0143422 0.0447183 0.0221282 0.00387786 0.0152726 0.0207038 
0.883758 0.0142299 0.0435414 0.0210821 0.00320975 0.0160842 0.0180945 
0.880602 0.0244936 0.0431974 0.0188901 0.00144285 0.0130342 0.0183401 
0.835415 0.0211096 0.0413333 0.0490559 0.00298811 0.0300596 0.0200385 
0.84623 0.0169715 0.06019 0.0253331 0.00152724 0.0206288 0.0291193 
0.761975 0.0121748 0.0897126 0.0159063 0.0012297 0.0380821 0.0809197 
0.816387 0.010357 0.0757778 0.0169499 0.00150352 0.0288613 0.0501635 
0.856271 0.010784 0.0625359 0.018871 0.00213692 0.0165854 0.0328153 
0.81714 0.0102404 0.0644766 0.0309562 0.00270292 0.0203599 0.054124 
0.824302 0.0100964 0.0660438 0.0234472 0.00221144 0.0140694 0.0598302 
0.844474 0.0104077 0.0621587 0.024173 0.00263356 0.013974 0.0421792 
0.832241 0.0123137 0.0578273 0.047491 0.00278959 0.0117335 0.0356038 
0.770723 0.0138228 0.0575701 0.101191 0.00487469 0.0160423 0.0357762 
0.825051 0.0137132 0.0622324 0.0504744 0.00199613 0.0090289 0.0375035 
0.844028 0.0141396 0.0582143 0.0438608 0.00242844 0.01098 0.0263488 
0.84401 0.0173011 0.0466253 0.0329963 0.00226937 0.0228995 0.0338981 
0.849601 0.0215723 0.0419342 0.0302944 0.00324714 0.0239196 0.0294313 
0.856874 0.0293731 0.0366024 0.0241341 0.00229763 0.0262503 0.0244685 
0.84389 0.0194798 0.043492 0.0315745 0.00257826 0.0298102 0.029175 
0.825386 0.0167518 0.0448061 0.0547551 0.00388193 0.0241657 0.0302533 
0.838374 0.0150935 0.0555681 0.0367936 0.00249418 0.0145669 0.03711 
0.843785 0.0138309 0.0483278 0.0383915 0.00347482 0.0210332 0.0311569 
0.837295 0.0154161 0.0474776 0.0484562 0.00518167 0.01757 0.0286034 
0.80036 0.0145512 0.05929 0.0610815 0.00363042 0.0259567 0.0351303 
0.85289 0.0148062 0.0448229 0.0317377 0.00511213 0.0213998 0.0292316 
0.83647 0.00853004 0.0715293 0.0243499 0.00241103 0.014082 0.0426277 
0.787063 0.00920779 0.0836729 0.0193009 0.00142212 0.0182446 0.0810884 
0.832448 0.0108446 0.059392 0.0263902 0.00241524 0.018493 0.0500166 
0.792886 0.0145289 0.0610427 0.041629 0.00220456 0.0269956 0.0607131 
0.789255 0.0162766 0.0553617 0.062469 0.00268442 0.02793 0.0460235 
0.835284 0.0141713 0.0540147 0.0298015 0.00238883 0.0200797 0.0442597 
0.808625 0.0147665 0.0612875 0.0564311 0.00212915 0.0217469 0.0350138 
0.828996 0.0122804 0.0604752 0.0477048 0.00219161 0.0139922 0.0343599 
0.839302 0.0140591 0.0575723 0.0368157 0.00238251 0.0162654 0.0336026 
0.839931 0.0122939 0.0530987 0.0307284 0.00314319 0.0262685 0.0345366 
0.844181 0.0139423 0.0537022 0.0272317 0.00226181 0.0270327 0.031648 
0.865667 0.015146 0.0420835 0.0265877 0.00401921 0.0190077 0.0274886 
0.831027 0.0174381 0.0487417 0.0553522 0.00298871 0.0192394 0.0252127 
0.83782 0.0130544 0.0519221 0.0435953 0.00393233 0.0158295 0.0338468 
0.84509 0.015934 0.0496086 0.0273902 0.00207747 0.02378 0.03612 
0.835032 0.0200255 0.043857 0.0572777 0.0030866 0.0161022 0.0246189 
0.811711 0.0179826 0.0462748 0.0810274 0.0036495 0.0138111 0.0255434 
0.840129 0.0162719 0.0491319 0.053427 0.00288302 0.0129615 0.0251953 
0.848513 0.0151023 0.0436665 0.0451895 0.00411521 0.0166552 0.0267583 
0.857364 0.0123263 0.0551163 0.0214904 0.00211574 0.0116995 0.0398879 
0.842231 0.0139913 0.0555312 0.040576 0.00228402 0.0117393 0.0336476 
0.837815 0.0146711 0.056236 0.0278795 0.00265832 0.0172082 0.0435323 
0.841105 0.0132361 0.0517474 0.0208398 0.00230454 0.0246118 0.0461553 
0.856 0.0161154 0.0498973 0.0236043 0.00250735 0.0220152 0.0298603 
0.850634 0.0167137 0.0531755 0.0265662 0.00281498 0.0179433 0.0321528 
0.846453 0.0169454 0.0529435 0.0250662 0.00257665 0.020121 0.0358947 
0.861006 0.013588 0.0543427 0.0207926 0.00259826 0.014084 0.0335885 
0.843627 0.015384 0.0556497 0.0292182 0.00301255 0.0191714 0.0339368 
0.82573 0.010666 0.0709595 0.0126289 0.00213194 0.0162626 0.0616213 
0.838367 0.0114219 0.0674979 0.0134633 0.0017881 0.015996 0.0514658 
0.80962 0.0091379 0.0832998 0.0108734 0.00156848 0.0189351 0.0665653 
0.837605 0.0125015 0.0594186 0.0182466 0.00356396 0.0279055 0.0407587 
0.882279 0.0158383 0.0443068 0.0249001 0.00277603 0.010662 0.0192379 
0.64079 0.181439 0.017542 0.125657 0.0138164 0.0149037 0.00585201 
0.0420294 0.652796 0.00308407 0.0552899 0.230453 0.0133534 0.00299466 
0.00990385 0.136334 0.00101462 0.039189 0.802782 0.00992499 8.50675E-4 
4.7112E-4 0.994261 1.4739E-5 8.24745E-4 0.00354982 8.74344E-4 4.39298E-6 
2.51897E-4 0.996164 1.82594E-5 6.29624E-4 0.00240555 5.28653E-4 2.36167E-6 
2.64025E-6 0.998061 1.64317E-6 5.01558E-6 0.00159731 3.30502E-4 1.8407E-6 
1.25828E-6 0.998918 7.37732E-7 2.56251E-6 6.03411E-5 0.00101554 1.62329E-6 
2.83018E-4 0.995689 1.9788E-4 5.10343E-4 7.27265E-5 0.00324354 3.78161E-6 
3.02495E-4 0.994804 3.20519E-4 5.91672E-4 7.30243E-5 0.00390296 5.64205E-6 
3.94692E-4 0.994328 3.92304E-4 0.00104401 8.8661E-5 0.00374332 9.42288E-6 
3.66095E-4 0.99421 4.08109E-4 8.71089E-4 9.06284E-5 0.00404616 8.27202E-6 
4.26919E-4 0.993991 4.03275E-4 0.00109419 1.02008E-4 0.00397557 6.51934E-6 
5.77223E-4 0.992702 5.44083E-4 0.00163903 1.23222E-4 0.00440519 9.48713E-6 
4.36056E-4 0.993295 4.4118E-4 9.42345E-4 1.09994E-4 0.00476976 5.78311E-6 
3.95753E-4 0.993568 4.2173E-4 9.13631E-4 1.13265E-4 0.00458199 5.56573E-6 
3.57229E-4 0.99418 3.83023E-4 8.50662E-4 9.92386E-5 0.00412487 5.32075E-6 
4.5499E-4 0.993676 4.03902E-4 0.00185379 1.29668E-4 0.00347256 8.61968E-6 
4.98763E-4 0.994002 3.97458E-4 0.00144743 1.30683E-4 0.00351708 6.79985E-6 
4.76091E-4 0.994758 3.18719E-4 0.0012778 1.24609E-4 0.00303878 6.0712E-6 
4.94661E-4 0.994015 3.48815E-4 9.9171E-4 1.47091E-4 0.00399828 4.57693E-6 
6.28387E-4 0.994157 3.62604E-4 0.00126205 1.48122E-4 0.00343665 5.36844E-6 
7.83549E-4 0.992853 4.97762E-4 0.00176838 1.59284E-4 0.00393107 7.18391E-6 
8.48609E-4 0.992057 5.15007E-4 0.00141187 1.91856E-4 0.0049697 6.37158E-6 
8.54921E-4 0.992295 5.57901E-4 0.00179538 1.62389E-4 0.00432546 8.83469E-6 
7.384E-4 0.993598 3.76689E-4 0.00199643 1.68139E-4 0.00311543 6.55478E-6 
7.91521E-4 0.992666 4.94359E-4 0.00184404 1.66287E-4 0.00403035 7.9019E-6 
7.41728E-4 0.99315 4.45389E-4 0.00156199 1.65016E-4 0.00392823 7.29126E-6 
7.36282E-4 0.992669 4.82216E-4 0.00128311 1.6801E-4 0.0046547 6.94451E-6 
8.60421E-4 0.992076 4.33563E-4 0.00145762 2.10246E-4 0.00495431 7.44144E-6 
0.00123442 0.989316 6.12391E-4 0.00154272 2.52662E-4 0.00703357 8.46367E-6 
0.00176742 0.986572 0.00115109 0.00218579 2.2751E-4 0.00808216 1.38628E-5 
0.00165557 0.986986 9.67644E-4 0.00184691 2.40366E-4 0.00829099 1.26979E-5 
0.00118864 0.993177 3.78951E-4 0.00149761 2.11845E-4 0.0035397 6.49969E-6 
8.43366E-4 0.994428 2.53454E-4 9.53586E-4 2.61925E-4 0.00325364 5.68119E-6 
7.79552E-4 0.994429 2.88629E-4 9.68141E-4 2.0228E-4 0.00332625 6.53407E-6 
6.90571E-4 0.992183 3.33049E-4 0.0011653 2.56661E-4 0.00536515 6.07227E-6 
7.0069E-4 0.990256 4.7565E-4 0.0012782 1.92092E-4 0.00709052 7.21083E-6 
8.61849E-4 0.990284 5.99801E-4 0.00127952 1.49546E-4 0.00681604 8.92152E-6 
7.83706E-4 0.989545 5.05757E-4 0.00115661 1.59339E-4 0.00784165 7.61582E-6 
6.43918E-4 0.991363 3.39688E-4 0.00125153 1.53501E-4 0.0062411 7.397E-6 
