0.801522 0.0156583 0.0528408 0.0786285 0.00262777 0.0118818 0.0368406 
0.839068 0.0122982 0.0606697 0.0347325 0.00145038 0.0117642 0.0400168 
0.824615 0.00885489 0.0766936 0.0251482 0.00161038 0.00968572 0.0533925 
0.779581 0.0127472 0.0661879 0.0907872 0.00281061 0.0107674 0.0371187 
0.763243 0.0107835 0.0776429 0.100648 0.0028424 0.00725752 0.0375828 
0.777034 0.00905698 0.0761877 0.094779 0.00244622 0.00586065 0.034635 
0.823456 0.011913 0.0588618 0.0764566 0.00238954 0.00676859 0.0201548 
0.835325 0.0118803 0.0470499 0.0774386 0.00344395 0.0051636 0.0196984 
0.83702 0.0121897 0.0473005 0.0737292 0.00412639 0.00509305 0.0205409 
0.858966 0.0118774 0.052321 0.0459889 0.00245857 0.00451761 0.0238704 
0.79487 0.0129035 0.0425492 0.116483 0.0039 0.00485221 0.0244421 
0.824535 0.01611 0.0458414 0.0780274 0.00291272 0.00684362 0.0257298 
0.829441 0.011759 0.0501052 0.0693096 0.00285809 0.0072246 0.0293026 
0.838834 0.0109862 0.0603612 0.0334816 0.0022142 0.0108495 0.0432736 
0.829369 0.0132028 0.0521648 0.0676708 0.003233 0.00678265 0.0275765 
0.841766 0.0113953 0.0547836 0.0489564 0.00265779 0.00707553 0.0333657 
0.833396 0.0142232 0.042597 0.0761641 0.00395401 0.00728292 0.0223833 
0.849696 0.00931649 0.0667207 0.0264916 0.00142568 0.00677089 0.039579 
0.838104 0.010872 0.0590717 0.0529317 0.00181554 0.00767414 0.029531 
0.829254 0.00974576 0.055295 0.0654361 0.00323186 0.00628246 0.0307545 
0.78302 0.0094907 0.0616014 0.109765 0.00311147 0.00647986 0.0265312 
0.797721 0.010474 0.0625014 0.0967561 0.00244425 0.00601988 0.024083 
0.827104 0.00917522 0.0679958 0.0601676 0.0019579 0.00685793 0.0267417 
0.800091 0.00867186 0.0641687 0.0956133 0.00329055 0.00488278 0.0232815 
0.779618 0.0103505 0.0594201 0.114301 0.00291228 0.00471784 0.0286803 
0.794433 0.0111772 0.0520911 0.110936 0.00339539 0.00536449 0.0226028 
0.790609 0.00864887 0.0840392 0.0593253 0.00169132 0.00743635 0.0482497 
0.76546 0.0128027 0.0766953 0.0748232 0.00159338 0.0113679 0.0572571 
0.772621 0.0122997 0.0803571 0.0611466 0.00166097 0.0107758 0.0611385 
0.77413 0.0112974 0.070404 0.074625 0.00216084 0.00838396 0.0589987 
0.84022 0.0114992 0.0506627 0.0423751 0.00342547 0.0121992 0.0396185 
0.797877 0.0117219 0.0566435 0.0801301 0.00353208 0.0123148 0.037781 
0.639812 0.0145532 0.0763835 0.215318 0.00211479 0.00974146 0.0420776 
0.620526 0.0115504 0.0731742 0.243993 0.00313359 0.00851486 0.0391077 
0.792192 0.00927189 0.0621463 0.08108 0.00256328 0.00742981 0.0453163 
0.75931 0.0105614 0.0624011 0.102879 0.00256072 0.0127543 0.0495337 
0.753946 0.0131758 0.0687065 0.0900418 0.0021842 0.0120682 0.0598772 
0.754086 0.0132369 0.0678161 0.106729 0.00217164 0.0084396 0.0475207 
0.802202 0.0141699 0.0630537 0.0660039 0.0015002 0.010553 0.0425168 
0.713697 0.0181802 0.05362 0.174238 0.00285673 0.00918188 0.0282268 
0.727966 0.0126761 0.0544918 0.163801 0.00343988 0.00663146 0.0309936 
0.791545 0.0121926 0.0700509 0.0648436 0.00207198 0.00888944 0.0504064 
0.708848 0.0137166 0.082905 0.126771 0.00203571 0.0105191 0.0552049 
0.712771 0.0116819 0.0837019 0.119017 0.00220805 0.0139155 0.056704 
0.780084 0.0126298 0.0739499 0.0554874 0.00156816 0.0215266 0.0547538 
0.760573 0.0143749 0.0627053 0.0852541 0.00211554 0.0236093 0.0513681 
0.743837 0.0140653 0.066569 0.106205 0.00214549 0.0174786 0.0496995 
0.793864 0.0113814 0.0751829 0.0466056 0.00134425 0.0157579 0.0558638 
0.774818 0.0139494 0.0640088 0.0923635 0.00195909 0.0144734 0.0384277 
0.7507 0.0174148 0.0495278 0.13682 0.0025909 0.0183348 0.0246118 
0.792144 0.0171396 0.0459859 0.105381 0.00314106 0.0131597 0.0230481 
0.757369 0.013907 0.0578867 0.117104 0.00302489 0.0152382 0.0354704 
0.739833 0.014526 0.0669243 0.127352 0.00213818 0.014122 0.0351041 
0.73386 0.014363 0.0590957 0.138693 0.00321277 0.0152464 0.0355292 
0.674266 0.0123221 0.0731962 0.178812 0.0030691 0.0148422 0.043493 
0.743532 0.0133181 0.0591244 0.128733 0.00304643 0.0149247 0.0373214 
0.831936 0.0119605 0.0503916 0.0672858 0.00296192 0.0109669 0.0244972 
0.803026 0.0125731 0.0599833 0.0813829 0.001749 0.0105631 0.0307227 
0.799943 0.0116479 0.0535612 0.0954351 0.00281778 0.0085081 0.0280871 
0.795504 0.0126495 0.0488471 0.112601 0.00271503 0.00783716 0.0198463 
0.710429 0.0151804 0.0484141 0.194829 0.00266522 0.00965613 0.0188267 
0.753943 0.0129564 0.0637682 0.125482 0.00188094 0.0103787 0.0315908 
0.578431 0.0160084 0.0481236 0.330982 0.00232132 0.00796395 0.016169 
0.732891 0.0112124 0.0673424 0.14096 0.00284069 0.0104379 0.0343159 
0.674957 0.0126853 0.0827458 0.176382 0.0023329 0.0106477 0.0402492 
0.686593 0.00972747 0.0735981 0.18263 0.00295571 0.00822004 0.0362759 
0.755516 0.00969777 0.0717409 0.10845 0.00242557 0.00835034 0.0438197 
0.754307 0.0102352 0.0704533 0.112815 0.00277103 0.0109249 0.0384936 
0.761077 0.0126184 0.0598072 0.120338 0.00284591 0.0132171 0.0300962 
0.725636 0.01128 0.0717141 0.144147 0.00291574 0.0118214 0.0324853 
0.796703 0.0140985 0.047408 0.110337 0.00400276 0.00988478 0.0175658 
0.823145 0.0103432 0.0571048 0.076628 0.00254621 0.00621798 0.0240145 
0.836318 0.0115722 0.0490043 0.070506 0.00300972 0.00864983 0.0209397 
0.855181 0.0119093 0.0566867 0.04752 0.00234986 0.00523064 0.0211222 
0.844644 0.00923172 0.0539644 0.0504399 0.00425181 0.00659515 0.030873 
0.80286 0.0107247 0.0571155 0.0818755 0.00218663 0.0121811 0.0330566 
0.796605 0.0103775 0.0513917 0.102438 0.00346836 0.00849465 0.0272245 
0.761446 0.010197 0.063752 0.12087 0.00269447 0.00986987 0.0311712 
0.825785 0.00929998 0.0577244 0.0703791 0.00233144 0.00704632 0.0274334 
0.833952 0.00843002 0.0561433 0.0688092 0.00283531 0.00575147 0.0240782 
0.845648 0.0110249 0.0496337 0.0642397 0.00251632 0.00803081 0.0189065 
0.831948 0.0124106 0.0575399 0.0654684 0.00190585 0.00796048 0.0227669 
0.835653 0.0140301 0.050922 0.0740833 0.00215903 0.00565705 0.0174952 
0.816253 0.0135772 0.0498933 0.0885817 0.00305877 0.00896502 0.0196713 
0.838767 0.0116742 0.0591334 0.0550388 0.00173613 0.00684205 0.0268084 
0.843985 0.0135725 0.0528203 0.0590947 0.00179299 0.00692326 0.0218116 
0.844291 0.0160216 0.0506754 0.0546961 0.00213199 0.00785237 0.024332 
0.819666 0.0160578 0.0512807 0.0720204 0.00214345 0.011122 0.0277092 
0.801992 0.0139407 0.0463651 0.0998782 0.00444445 0.011364 0.0220151 
0.843427 0.0107559 0.0610654 0.0468581 0.00194141 0.00584384 0.0301084 
0.802677 0.0116413 0.0623609 0.0815227 0.00207913 0.00691284 0.0328063 
0.831218 0.0115453 0.0474321 0.077069 0.00399565 0.00759412 0.0211461 
0.853472 0.00987109 0.0468993 0.0561663 0.00447485 0.00634088 0.0227754 
0.77307 0.0105669 0.0580318 0.123705 0.00285421 0.00695785 0.0248145 
0.803381 0.0113635 0.0562926 0.0932923 0.00241017 0.00659579 0.0266648 
0.7713 0.0132974 0.0514899 0.130994 0.00296867 0.00578181 0.0241688 
0.783891 0.0130073 0.0475098 0.122882 0.00430537 0.00628901 0.0221159 
0.817103 0.012636 0.0422889 0.0988316 0.00432971 0.00480554 0.0200052 
0.806836 0.0143842 0.0492103 0.102411 0.00262158 0.00541273 0.0191237 
0.776382 0.011186 0.0560705 0.123154 0.00299008 0.00670426 0.0235141 
0.735411 0.00958207 0.0875582 0.113919 0.00269966 0.00666915 0.0441602 
0.753619 0.00980039 0.0831382 0.0952342 0.00233638 0.00754944 0.0483223 
0.539863 0.0131119 0.0814746 0.310374 0.00306564 0.00800919 0.0441011 
0.708913 0.0130113 0.0517185 0.193115 0.00484627 0.00541503 0.0229813 
0.697794 0.00928661 0.0777528 0.174666 0.00337433 0.00504408 0.0320819 
0.548357 0.0142222 0.0681885 0.338239 0.00242429 0.00657285 0.0219961 
0.572703 0.0135598 0.0649388 0.317343 0.00286745 0.00606468 0.0225238 
0.788668 0.0105241 0.0523205 0.10697 0.00547966 0.00756803 0.0284691 
0.714661 0.0109182 0.0722022 0.153666 0.00307969 0.00917855 0.0362943 
0.781795 0.0104611 0.0700071 0.0948002 0.00241994 0.00701024 0.0335067 
0.732169 0.00919654 0.0842755 0.12382 0.00227978 0.0075724 0.040687 
0.751036 0.00794831 0.0836501 0.11378 0.00222213 0.00650444 0.0348584 
0.644701 0.0104676 0.105188 0.189954 0.00272675 0.00669415 0.0402678 
0.632748 0.00899099 0.102055 0.212593 0.00330616 0.00737119 0.0329362 
0.625656 0.0093305 0.0749231 0.248596 0.00414555 0.00974676 0.027602 
0.678025 0.00988629 0.0815633 0.180412 0.00306528 0.00812456 0.0389235 
0.771621 0.00889397 0.0811219 0.0825823 0.00216754 0.0103726 0.0432404 
0.755653 0.00962825 0.0919555 0.0777348 0.00186662 0.00954146 0.05362 
0.649065 0.0124538 0.0970507 0.168769 0.00263004 0.0144048 0.0556262 
0.66504 0.0114831 0.0919231 0.165475 0.00295528 0.0116072 0.0515154 
0.778504 0.0106935 0.065284 0.0909404 0.0031478 0.0114702 0.0399604 
0.775178 0.012244 0.0728212 0.081933 0.00195073 0.0120126 0.0438609 
0.750711 0.0127672 0.0867472 0.0822021 0.00169612 0.0208283 0.0450485 
0.774314 0.0164455 0.0641986 0.09562 0.00180741 0.014651 0.032964 
0.789513 0.0122463 0.0654281 0.075165 0.00172921 0.0127412 0.0431769 
0.774986 0.0138161 0.0727723 0.0959059 0.00151284 0.0101909 0.0308158 
0.78155 0.0125883 0.0708152 0.0918936 0.001551 0.00806318 0.0335388 
0.767081 0.0114901 0.074021 0.0970018 0.00172964 0.00692522 0.0417516 
0.742816 0.0109226 0.0735848 0.113357 0.00224428 0.0105784 0.0464969 
0.752339 0.0134345 0.061452 0.119751 0.00273828 0.0146103 0.0356742 
0.805725 0.0118912 0.0534325 0.0743694 0.00274576 0.0158454 0.0359903 
0.789479 0.0112009 0.0620827 0.089329 0.00208546 0.0106154 0.0352075 
0.717574 0.0134843 0.0555089 0.174396 0.0031405 0.0107884 0.0251083 
0.78571 0.0123008 0.0541143 0.112013 0.00345401 0.00855424 0.0238533 
0.755164 0.0134079 0.0530878 0.139039 0.003635 0.0147724 0.0208935 
0.771504 0.0132684 0.0558709 0.126645 0.00251482 0.00997046 0.0202269 
0.816353 0.0139264 0.04502 0.0960215 0.00261219 0.00803473 0.0180326 
0.812223 0.0156299 0.0492104 0.096814 0.0024905 0.00602993 0.0176024 
0.80386 0.0146468 0.0490599 0.10525 0.00217968 0.00526215 0.0197409 
0.835094 0.0132068 0.0478138 0.077563 0.00289332 0.0056386 0.0177905 
0.802754 0.0116282 0.0570002 0.0915007 0.0024175 0.00506988 0.0296301 
0.840074 0.0109195 0.0527275 0.0580842 0.00303208 0.00714203 0.0280207 
0.832129 0.0102256 0.0542368 0.0588271 0.00299645 0.0108495 0.0307358 
0.775203 0.0114868 0.071004 0.0812015 0.00200576 0.0161909 0.0429078 
0.726888 0.0132361 0.0783724 0.126939 0.00190118 0.0124935 0.040169 
0.792691 0.0122626 0.0514546 0.104376 0.00324049 0.0120101 0.0239649 
0.779604 0.0119844 0.05137 0.112413 0.00473084 0.0099816 0.0299159 
0.77681 0.0150503 0.0474017 0.117942 0.00350369 0.0141379 0.0251538 
0.795116 0.0197163 0.0422829 0.108973 0.00243106 0.0109079 0.0205733 
0.775645 0.0174096 0.0479632 0.12364 0.00271726 0.00878608 0.0238393 
0.719262 0.0182988 0.0400311 0.183934 0.00522604 0.0126473 0.0206002 
0.747769 0.0126616 0.053621 0.150329 0.00337144 0.00736638 0.0248817 
0.833954 0.0132173 0.0444297 0.0766484 0.00307278 0.00730609 0.0213719 
0.809607 0.015838 0.0412483 0.10449 0.00265272 0.00954293 0.0166208 
0.807606 0.0119998 0.0552005 0.0876299 0.00211454 0.00879622 0.0266534 
0.820093 0.0117869 0.0522661 0.0751077 0.00233303 0.00917161 0.029242 
0.845435 0.0120285 0.0459099 0.0592937 0.00247131 0.0100345 0.0248271 
0.841629 0.0153495 0.037389 0.0708875 0.00400256 0.0100287 0.0207138 
0.80306 0.0128118 0.0545363 0.0836838 0.00209227 0.0146686 0.0291469 
0.795087 0.0137226 0.0521122 0.0868264 0.00234532 0.0188332 0.0310734 
0.825159 0.0127284 0.0546673 0.0661336 0.00175733 0.00969791 0.0298565 
0.78616 0.00973273 0.0615963 0.0996822 0.00277132 0.00758973 0.0324673 
0.782668 0.0111615 0.049201 0.122659 0.00431467 0.00794433 0.0220518 
0.78429 0.0147427 0.0451673 0.124474 0.00337069 0.00973366 0.0182215 
0.802328 0.0113197 0.0512604 0.0992137 0.00338462 0.00796446 0.0245289 
0.749218 0.0108908 0.0621937 0.141214 0.00235527 0.00697425 0.0271548 
0.725988 0.0111543 0.07616 0.152662 0.00207275 0.00644863 0.0255134 
0.758855 0.0102259 0.0636052 0.131968 0.00263685 0.00606088 0.0266483 
0.818339 0.0113561 0.0492128 0.0860543 0.003696 0.00576829 0.0255738 
0.840301 0.0112962 0.0492166 0.0631352 0.00377938 0.00677279 0.0254984 
0.818436 0.0113855 0.0524547 0.0743636 0.00272504 0.00882611 0.0318094 
0.809876 0.0142385 0.0432518 0.0930164 0.00511513 0.00967751 0.0248243 
0.774918 0.0124374 0.0551343 0.116909 0.00257942 0.00963569 0.028387 
0.702233 0.0132183 0.0737862 0.164745 0.00214291 0.0133576 0.0305172 
0.743681 0.0118124 0.0805946 0.104082 0.00193359 0.0111817 0.0467146 
0.640331 0.0128124 0.0629727 0.236118 0.00289971 0.00918916 0.0356777 
0.686127 0.0110531 0.0790666 0.169547 0.00258522 0.00885894 0.0427616 
0.668431 0.0140672 0.0814864 0.186341 0.00233144 0.00944328 0.0378988 
0.642114 0.0117896 0.0791639 0.209664 0.00289809 0.00822435 0.0461459 
0.651179 0.0135162 0.0777738 0.195387 0.00260177 0.0126432 0.0468988 
0.78209 0.0127402 0.0612468 0.101479 0.00235422 0.00946417 0.0306254 
0.662657 0.0158307 0.0703281 0.189497 0.00246376 0.0144041 0.0448193 
0.723449 0.0153391 0.0622774 0.145278 0.00289408 0.0125885 0.038174 
0.77965 0.0116394 0.064883 0.0921083 0.00305414 0.00689079 0.0417748 
0.71382 0.014297 0.0482772 0.189086 0.00370132 0.00644142 0.0243769 
0.641361 0.0168215 0.0902515 0.202196 0.00191756 0.00570423 0.0417484 
0.754077 0.0110482 0.0658143 0.121705 0.00232257 0.00712008 0.0379122 
0.741731 0.0145402 0.054459 0.149262 0.00279932 0.00883428 0.0283742 
0.756547 0.0145971 0.0604821 0.13135 0.00241199 0.00912227 0.0254903 
0.844143 0.00820141 0.067218 0.0403216 0.00190617 0.0046796 0.0335306 
0.819682 0.00911704 0.0638829 0.0587724 0.00321053 0.00550408 0.0398312 
0.806675 0.0148102 0.0443182 0.0982527 0.00341777 0.00676229 0.0257643 
0.782024 0.0108994 0.0540354 0.107075 0.0030405 0.00746921 0.0354564 
0.689557 0.0127591 0.0495335 0.202232 0.00530052 0.00939142 0.0312263 
0.29215 0.00487041 0.0308449 0.649946 0.00812407 0.00391795 0.010146 
0.280481 0.00467078 0.0305697 0.666819 0.00545896 0.0020478 0.00995209 
0.249634 0.00368475 0.0277701 0.698832 0.00821697 0.00204464 0.00981672 
0.337217 0.00357687 0.0421312 0.593735 0.00929166 0.00167011 0.0123789 
0.407179 0.00573396 0.07779 0.475599 0.00615437 0.00258574 0.0249577 
0.171418 0.00289843 0.0733942 0.732208 0.00366132 0.00134389 0.0150763 
0.216914 0.00453217 0.0303971 0.735333 0.00473511 0.00161798 0.00647139 
0.521644 0.0101111 0.0499664 0.39365 0.0055554 0.0054352 0.0136376 
0.440557 0.0203438 0.026357 0.486741 0.0093987 0.00744717 0.00915519 
0.660556 0.00827758 0.127302 0.147407 0.00493175 0.0120072 0.0395179 
0.481043 0.00931195 0.0950756 0.351676 0.00521121 0.0116899 0.0459923 
0.509087 0.0100809 0.0518405 0.389947 0.00876276 0.00915084 0.0211311 
0.605657 0.0131214 0.0548002 0.28902 0.00780456 0.0097747 0.019822 
0.607216 0.0139784 0.0394723 0.297849 0.0142188 0.012065 0.0152003 
0.645365 0.0181491 0.0701033 0.231754 0.00266067 0.0127648 0.0192034 
0.401053 0.0152802 0.0438781 0.512492 0.00381413 0.0122504 0.0112318 
0.363015 0.0166868 0.0341592 0.566852 0.00338559 0.00713169 0.00876897 
0.315744 0.0133494 0.0531365 0.594243 0.00275811 0.00708421 0.0136842 
0.324115 0.0072898 0.0525962 0.58618 0.00561241 0.0051713 0.0190352 
0.203442 0.00867843 0.0554054 0.707025 0.0026795 0.00353566 0.0192334 
0.214406 0.00742593 0.0740415 0.674617 0.00319741 0.00333466 0.0229777 
0.201415 0.00688944 0.0565157 0.714664 0.00295536 0.00210119 0.015459 
0.236107 0.00507844 0.0569045 0.682265 0.00393362 0.00223672 0.0134742 
0.252527 0.00518332 0.0816671 0.623197 0.0057812 0.00436126 0.0272829 
0.196758 0.00350111 0.0593558 0.71401 0.00528315 0.00227817 0.0188138 
0.189476 0.00409878 0.0754559 0.697292 0.00547198 0.00326139 0.0249439 
0.395552 0.00644269 0.114425 0.416312 0.0108921 0.00735494 0.0490208 
0.297999 0.00594465 0.117109 0.525854 0.00882542 0.00645186 0.0378168 
0.20424 0.00268714 0.0441813 0.733122 0.0054553 0.00159282 0.0087212 
0.140352 0.0029813 0.0503958 0.791717 0.00320993 0.00202325 0.00932063 
0.295394 0.0061982 0.130442 0.529118 0.00737815 0.00467623 0.0267936 
0.242042 0.00492134 0.122651 0.593703 0.00696291 0.00409339 0.0256269 
0.36166 0.00410886 0.100754 0.505016 0.00658977 0.00240546 0.0194654 
0.308236 0.00353891 0.0790583 0.584245 0.00603236 0.00255634 0.0163326 
0.282524 0.00617134 0.0891908 0.593038 0.00365891 0.00413526 0.0212815 
0.0195219 0.00836633 0.00290862 0.963639 0.00218406 0.00180095 0.00157921 
0.29653 0.0131698 0.0198765 0.659826 0.00552385 0.00129182 0.00378242 
0.137197 0.0106158 0.0406041 0.805435 9.96322E-4 0.00130978 0.00384132 
0.102335 0.00271486 0.0170355 0.872369 0.0026958 5.44427E-4 0.00230579 
0.474346 0.00381749 0.0801075 0.418403 0.00729025 0.00162159 0.0144143 
0.18225 0.00316848 0.035491 0.769681 0.00314913 8.5778E-4 0.00540311 
0.202823 0.00247903 0.0610262 0.710246 0.00479591 0.00138231 0.0172475 
0.356434 0.0042871 0.092771 0.514656 0.00592175 0.00201362 0.0239166 
0.258684 0.00773033 0.14904 0.536176 0.0072256 0.00572045 0.0354235 
0.151623 0.00657639 0.129829 0.662456 0.00546863 0.00468047 0.0393664 
0.281862 0.00734526 0.131486 0.540092 0.00646132 0.00581132 0.0269423 
0.237522 0.0141602 0.198938 0.496151 0.00803716 0.00976442 0.0354275 
0.0911536 0.00472045 0.0786747 0.805684 0.00189284 0.00255064 0.0153237 
0.144772 0.0043314 0.0603176 0.774488 0.0021437 0.00165164 0.0122959 
0.289243 0.0114307 0.158954 0.476392 0.00685319 0.00661354 0.0505136 
0.206719 0.0107637 0.14413 0.585522 0.00493881 0.00608225 0.0418439 
0.2326 0.00798974 0.0554455 0.686196 0.00194842 0.00182173 0.013999 
0.225249 0.0105981 0.0944834 0.63992 0.00246512 0.00345051 0.0238341 
0.131589 0.00605136 0.0491415 0.79981 0.00130168 0.00167283 0.0104339 
0.123011 0.0026812 0.0191663 0.84608 0.00337748 8.36912E-4 0.00484694 
0.439062 0.00745202 0.0292006 0.506886 0.00893416 0.00146308 0.00700227 
0.526533 0.0140565 0.0414323 0.382849 0.00660281 0.00275319 0.0257728 
0.386235 0.0102455 0.0907923 0.436891 0.00951141 0.00413034 0.062194 
0.369178 0.0127289 0.137026 0.169526 0.00477208 0.00867541 0.298094 
0.0901044 0.00791169 0.0891879 0.713425 0.00480466 0.00643651 0.0881295 
0.285528 0.020335 0.160378 0.360047 0.0073193 0.0125584 0.153834 
0.347187 0.010445 0.105319 0.436207 0.00678294 0.00812108 0.0859383 
0.323087 0.0151586 0.11347 0.41027 0.005381 0.02046 0.112173 
0.382788 0.00844242 0.046153 0.530161 0.00558041 0.00857059 0.0183047 
0.217371 0.0104223 0.038977 0.716146 0.0013653 0.00531271 0.0104055 
0.48985 0.0130212 0.0737704 0.377273 0.00270179 0.00808468 0.0352989 
0.248898 0.00855058 0.0383931 0.693539 0.00156304 0.0014071 0.00764959 
0.668364 0.0114283 0.0883106 0.197114 0.00259163 0.00383394 0.0283576 
0.574959 0.0109314 0.115503 0.250407 0.00239369 0.00332913 0.0424778 
0.661409 0.0118912 0.105542 0.172039 0.00203907 0.00346705 0.0436131 
0.558951 0.0071429 0.0450439 0.370849 0.0053873 0.00140959 0.0112157 
0.635425 0.00777578 0.0662114 0.268374 0.00374298 0.00207111 0.0163992 
0.702406 0.00850791 0.0756322 0.191542 0.00256422 0.00211108 0.0172363 
0.611428 0.00841409 0.0698254 0.288543 0.0026976 0.00205465 0.0170378 
0.654729 0.00787432 0.0964314 0.20853 0.00287297 0.00349771 0.026065 
0.578167 0.00748215 0.0888499 0.289018 0.00370215 0.00398204 0.0287989 
0.539913 0.00801076 0.0703453 0.355853 0.00383273 0.00330654 0.0187389 
0.629794 0.00855806 0.0987571 0.225348 0.00286722 0.00440067 0.0302753 
0.723836 0.00738577 0.103541 0.121748 0.00226406 0.00334131 0.0378847 
0.570165 0.00909461 0.105961 0.27398 0.00311363 0.00497386 0.0327116 
0.719899 0.00706488 0.132761 0.0425832 0.00119183 0.00440407 0.0920961 
0.656972 0.00533079 0.136602 0.00677747 8.77897E-4 0.00945778 0.183982 
0.406651 0.00606723 0.16055 0.00455291 7.99795E-4 0.0150101 0.406369 
0.582758 0.00759896 0.117302 0.00334793 0.0011071 0.00949906 0.278386 
0.775952 0.00746062 0.111288 0.00870894 0.00194357 0.00315461 0.091492 
0.823509 0.00550965 0.104264 0.0126604 0.00206669 0.00361556 0.0483747 
0.781506 0.00726783 0.112404 0.00668992 0.00231101 0.00750024 0.082321 
0.749358 0.00955558 0.0900877 0.0340658 0.00189447 0.0145776 0.100461 
0.84957 0.01384 0.0540426 0.028 0.00366649 0.00606352 0.0448173 
0.86426 0.0137344 0.0590744 0.0142818 0.00507539 0.00827243 0.0353012 
0.865765 0.0153393 0.0561045 0.0157628 0.00250414 0.0110401 0.0334842 
0.853481 0.0210594 0.0498408 0.0365154 0.00333605 0.0108112 0.0249565 
0.866094 0.0193468 0.0426139 0.0193425 0.00275666 0.0210877 0.0287583 
0.860454 0.0151648 0.0536362 0.017072 0.002377 0.0155105 0.0357851 
0.866522 0.0140553 0.0538674 0.0152823 0.0020834 0.0112905 0.0368992 
0.873971 0.0161211 0.0499579 0.0146362 0.00218519 0.0105127 0.0326159 
0.874709 0.0162223 0.0502428 0.0142249 0.00308112 0.0100639 0.0314563 
0.868986 0.0173432 0.0547817 0.0132022 0.00235741 0.0137785 0.0295511 
0.848768 0.0164028 0.0652555 0.0157733 0.00163584 0.015375 0.0367897 
0.857087 0.0175953 0.0526031 0.0282003 0.00248922 0.013689 0.0283358 
0.866592 0.0148851 0.0544107 0.0219452 0.00256885 0.0105594 0.0290384 
0.86013 0.0181875 0.0587249 0.020898 0.0019337 0.0118362 0.0282897 
0.857025 0.015599 0.0568233 0.0249131 0.00218323 0.0101113 0.0333449 
0.881733 0.0175556 0.0473223 0.0207737 0.00298082 0.00874173 0.0208923 
0.876595 0.0166036 0.0479796 0.0253945 0.00303161 0.00781311 0.0225828 
0.884412 0.0176269 0.0457029 0.0167366 0.0029198 0.00900258 0.0235995 
0.884675 0.0187192 0.0421071 0.0210435 0.0047514 0.00784787 0.020856 
0.876047 0.0179926 0.0497146 0.0188845 0.0036509 0.0102606 0.0234496 
0.875134 0.0141241 0.0580236 0.013391 0.00114702 0.0104865 0.0276937 
0.885693 0.0123976 0.0513398 0.0163717 0.0036412 0.0099507 0.0206057 
0.882728 0.0146367 0.0473104 0.0173259 0.00310718 0.0111337 0.0237581 
0.879678 0.0164448 0.0473638 0.0197931 0.00220777 0.0101416 0.024371 
0.852395 0.0133967 0.0589733 0.0383537 0.00369926 0.00848711 0.024695 
0.870936 0.0191712 0.0389558 0.0395897 0.00597836 0.00827955 0.0170892 
0.887064 0.015309 0.0481538 0.0182334 0.00243 0.00775916 0.0210508 
0.888479 0.0157199 0.0460647 0.0144475 0.00198045 0.010532 0.0227769 
0.86465 0.0203715 0.0478121 0.0298535 0.00273206 0.0113492 0.0232312 
0.861258 0.0201918 0.0499384 0.0229763 0.00328511 0.0159265 0.026424 
0.871617 0.0250545 0.0405216 0.0178597 0.0026856 0.0167345 0.0255273 
0.875412 0.0180504 0.0434028 0.0187504 0.00457275 0.0129094 0.0269019 
0.866556 0.0190122 0.045134 0.0270074 0.00250309 0.0130043 0.0267833 
0.862491 0.0211765 0.0409722 0.032309 0.00455589 0.0141804 0.0243153 
0.871141 0.0195872 0.0410192 0.0233654 0.00571768 0.0124507 0.0267183 
0.878127 0.0216592 0.0387501 0.0219437 0.00499994 0.0120594 0.0224605 
0.875536 0.0219234 0.038886 0.0310385 0.00415012 0.0092147 0.0192513 
0.873623 0.0148754 0.0454825 0.0271149 0.00414029 0.00903802 0.0257257 
0.870381 0.0134254 0.0525655 0.0163974 0.00459419 0.010945 0.0316916 
0.886373 0.021857 0.038581 0.0223142 0.00486377 0.00827479 0.0177358 
0.881762 0.0210589 0.0440641 0.0152315 0.0029197 0.0115663 0.0233972 
0.862018 0.0147161 0.0557256 0.0125272 0.00151828 0.0189453 0.0345496 
0.890796 0.0154892 0.0430548 0.0137056 0.00217449 0.0118804 0.0228993 
0.880973 0.0133004 0.049436 0.0087734 0.00212112 0.0136825 0.0317134 
0.863187 0.0109696 0.0568874 0.00979622 0.00253218 0.00996715 0.0466601 
0.872601 0.0108644 0.0524337 0.00808188 0.00189879 0.012724 0.0413964 
0.872156 0.0117704 0.0550608 0.00911417 0.0032178 0.00677432 0.041907 
0.865972 0.0139987 0.0550258 0.0143296 0.00257424 0.00839578 0.0397034 
0.873136 0.0123131 0.0538835 0.015084 0.00170987 0.00967253 0.0342009 
0.866045 0.0138876 0.0600109 0.0156776 0.00140091 0.011792 0.0311859 
0.867545 0.0182717 0.0488988 0.0247495 0.00249903 0.0097864 0.0282491 
0.867706 0.021124 0.0431265 0.0278073 0.0024694 0.0120174 0.0257496 
0.870903 0.0205215 0.0390611 0.0246283 0.0045246 0.0137998 0.0265613 
0.839134 0.0203554 0.0383157 0.0585448 0.00742736 0.0163073 0.0199151 
0.879652 0.0170279 0.0440444 0.0230453 0.00345961 0.0111281 0.0216428 
0.874465 0.0228948 0.0390583 0.0273856 0.00370277 0.013744 0.0187499 
0.87192 0.0238292 0.0307618 0.0425525 0.00794664 0.0106469 0.0123431 
0.880387 0.0189638 0.0360186 0.0270441 0.0080872 0.00943263 0.020067 
0.879229 0.0161313 0.0404308 0.0236884 0.00652223 0.0108807 0.0231176 
0.856104 0.012758 0.0581535 0.0160272 0.0023373 0.0124923 0.0421277 
0.857093 0.00990957 0.0599708 0.0296379 0.003742 0.00985714 0.0297897 
0.802471 0.0474732 0.0425571 0.0312947 0.00190024 0.0610253 0.0132789 
0.771113 0.0436114 0.0462597 0.0240464 0.00171227 0.0948088 0.0184486 
0.712463 0.0583979 0.0436767 0.0660258 0.00319602 0.100755 0.0154856 
0.6988 0.0692539 0.0371762 0.02713 0.00320108 0.148604 0.0158346 
0.754551 0.0318887 0.0715146 0.0132212 0.0011356 0.100136 0.0275535 
0.846903 0.0219798 0.049484 0.0142844 0.00262654 0.0513432 0.0133786 
0.840604 0.0391909 0.0445206 0.028224 0.00274575 0.0338847 0.01083 
0.757135 0.0464891 0.0400141 0.0238322 0.00251011 0.113821 0.0161981 
0.834509 0.0365681 0.0478842 0.0173034 0.00217118 0.0477582 0.0138062 
0.799772 0.0656749 0.0446423 0.0283304 0.00354045 0.0463126 0.0117272 
0.826216 0.0468344 0.0475212 0.0179824 0.00234982 0.0477303 0.0113659 
0.822694 0.0452289 0.0445026 0.0227474 0.00241244 0.0510366 0.0113781 
0.858505 0.034449 0.0447118 0.0169417 0.0025251 0.0313124 0.0115553 
0.850959 0.0511829 0.0369879 0.0220138 0.0029826 0.0257778 0.0100959 
0.891559 0.0152429 0.0470992 0.0111388 0.00173632 0.0166747 0.0165487 
0.886468 0.0154864 0.0396039 0.0223421 0.00161909 0.0206445 0.0138362 
0.830815 0.0220338 0.0273277 0.0826554 0.00427238 0.0246611 0.00823503 
0.814541 0.0248804 0.0377046 0.0684812 0.0022148 0.0362769 0.0159007 
0.798142 0.0367404 0.0397141 0.0977587 0.00172135 0.0154998 0.0104235 
0.836923 0.0340667 0.0401267 0.0495868 0.00121549 0.0248399 0.0132413 
0.841942 0.0428718 0.0346199 0.0577183 0.00174524 0.0130798 0.0080226 
0.873695 0.0433191 0.0253976 0.0283991 0.00268619 0.0166202 0.00988277 
0.87325 0.0422158 0.0214278 0.0334147 0.00312051 0.0183525 0.00821916 
0.854448 0.0663437 0.022013 0.0257269 0.00282705 0.0202145 0.00842721 
0.793003 0.0806164 0.0223704 0.032971 0.00366962 0.0520159 0.0153536 
0.833335 0.0593126 0.0216086 0.0408228 0.00400426 0.0287408 0.0121758 
0.830115 0.0510354 0.0269174 0.0426196 0.00239501 0.0284384 0.0184793 
0.829318 0.0531287 0.0300575 0.0300319 0.00170999 0.0352497 0.0205047 
0.816604 0.0579281 0.028981 0.0682573 0.00192693 0.0150025 0.0113 
0.852821 0.0430857 0.0314097 0.0358039 0.00210989 0.0219877 0.0127825 
0.855246 0.0255251 0.0466416 0.0394191 0.00121045 0.0166274 0.0153302 
0.872159 0.0196964 0.0382596 0.0343528 0.00177777 0.0205201 0.0132342 
0.857613 0.0226315 0.0288467 0.0436724 0.00322008 0.0280345 0.0159818 
0.879875 0.0193279 0.0350258 0.0258442 0.00185821 0.0200568 0.0180117 
0.884003 0.0129723 0.0477469 0.012787 0.00119042 0.0151122 0.0261881 
0.885522 0.0148156 0.044862 0.0146852 0.00145548 0.0118795 0.02678 
0.876143 0.031104 0.0271848 0.0381074 0.00286877 0.012167 0.0124246 
0.848386 0.030229 0.0246647 0.0532076 0.0033028 0.0275195 0.01269 
0.868868 0.0218127 0.0322739 0.0423679 0.00236691 0.0187396 0.013571 
0.890026 0.0222248 0.0371111 0.0203281 0.00161774 0.0140189 0.0146734 
0.889357 0.0192618 0.0390693 0.0163517 0.00134559 0.0154417 0.0191724 
0.863854 0.017754 0.0351058 0.0437662 0.00232125 0.0194804 0.0177184 
0.843726 0.0312894 0.0288128 0.0457285 0.00224585 0.0333838 0.0148134 
0.880371 0.0259396 0.0310575 0.023185 0.00189539 0.0218196 0.0157323 
0.89053 0.0223796 0.036542 0.0152194 0.00158257 0.0159198 0.0178267 
0.89075 0.0191075 0.0334609 0.0189038 0.00266719 0.0163119 0.0187983 
0.861735 0.0188293 0.0360326 0.052194 0.00291292 0.0159095 0.0123861 
0.851159 0.0250084 0.0315959 0.0511738 0.00300446 0.023973 0.0140856 
0.888828 0.0282792 0.0257767 0.0169525 0.00393114 0.0181066 0.0181262 
0.887804 0.0268719 0.0236405 0.0193045 0.00448329 0.0189339 0.018962 
0.877615 0.0216423 0.0248312 0.0418778 0.00367375 0.0181117 0.0122479 
0.837597 0.0271614 0.0216573 0.0689845 0.00632615 0.0240493 0.0142245 
0.881518 0.0181841 0.0270859 0.0420973 0.00636752 0.00984081 0.0149059 
0.886184 0.0242903 0.0258182 0.0297735 0.00317057 0.0144114 0.0163517 
0.840449 0.0434282 0.016092 0.0530054 0.012459 0.0228268 0.0117391 
0.869459 0.0387802 0.0176622 0.0364586 0.00690654 0.0197254 0.0110082 
0.883542 0.0308255 0.0227554 0.0356345 0.00431171 0.0101521 0.0127792 
0.869586 0.0328218 0.0244282 0.0339487 0.00359618 0.0210776 0.014542 
0.887823 0.0221704 0.0273479 0.0166859 0.00250317 0.0209021 0.0225675 
0.887472 0.0187218 0.0245813 0.0242868 0.00549259 0.0202391 0.019206 
0.855285 0.0267492 0.0204134 0.0408969 0.00535659 0.0394908 0.0118078 
0.808109 0.0472183 0.0191102 0.0621693 0.00627774 0.0389911 0.018124 
0.880186 0.0206285 0.0222916 0.0361662 0.00674086 0.0173001 0.0166864 
0.822276 0.039674 0.0162272 0.0541644 0.0102143 0.0431518 0.0142926 
0.877974 0.0189125 0.027717 0.0325608 0.00315615 0.0200326 0.0196465 
0.884146 0.0110417 0.038133 0.0173241 0.00199449 0.0224309 0.02493 
0.846402 0.0162807 0.0374425 0.0129008 0.00190619 0.046923 0.0381452 
0.849634 0.0305016 0.0257562 0.0228352 0.00418034 0.0408181 0.0262746 
0.892086 0.0142902 0.025531 0.00861869 0.00347992 0.0265971 0.0293971 
0.81814 0.00975774 0.0549622 0.00539417 0.00162135 0.0509473 0.0591775 
0.874189 0.0170545 0.0311609 0.0145785 0.00254005 0.0352459 0.0252315 
0.890911 0.0189866 0.0325407 0.0114892 0.00178037 0.0220915 0.0222009 
0.905851 0.0140294 0.0278966 0.0152331 0.00369106 0.0196202 0.0136787 
0.894242 0.0173926 0.0288016 0.0130867 0.0022124 0.0247481 0.0195169 
0.87392 0.02706 0.029803 0.0143496 0.00312503 0.0273624 0.02438 
0.89026 0.0118105 0.0358565 0.00982709 0.00182974 0.0236958 0.0267207 
0.866046 0.0151742 0.0353869 0.0182266 0.00299573 0.0298666 0.0323038 
0.863699 0.0189005 0.0345781 0.0160094 0.00234867 0.0279539 0.03651 
0.859308 0.0131097 0.0397878 0.0166306 0.00214699 0.0270513 0.0419655 
0.836912 0.0135631 0.042996 0.0126922 0.0016803 0.0394394 0.0527169 
0.854832 0.0170216 0.0424904 0.00988964 0.0012397 0.0286227 0.045904 
0.85979 0.012188 0.0500484 0.00902236 0.00111606 0.0271852 0.0406499 
0.873267 0.0164086 0.044496 0.00757026 0.00124331 0.0222013 0.0348137 
0.831669 0.0247756 0.0419948 0.0216916 0.00149443 0.0420532 0.0363212 
0.84922 0.0261511 0.0315496 0.0144267 0.00217805 0.045507 0.0309675 
0.741444 0.0187272 0.0647873 0.0443818 0.00241565 0.0788554 0.0493886 
0.837275 0.0314215 0.0312808 0.0325876 0.00349805 0.0396238 0.0243138 
0.868663 0.0161722 0.0452461 0.0203037 0.00167091 0.0238061 0.0241383 
0.802324 0.0263462 0.0564331 0.0527747 0.0014636 0.0343539 0.0263044 
0.82372 0.019875 0.0517103 0.0318758 0.00193046 0.0371192 0.0337698 
0.803398 0.0166685 0.0766354 0.0139341 0.00109 0.0461105 0.0421637 
0.834388 0.0287553 0.0445978 0.0174947 0.00143254 0.0480925 0.0252393 
0.830181 0.0241247 0.0521242 0.0155427 0.00122677 0.0485116 0.028289 
0.773946 0.0167116 0.082929 0.0222228 0.00109981 0.0482622 0.0548289 
0.859341 0.0147152 0.057955 0.0130033 0.00126611 0.020766 0.0329538 
0.817377 0.0192761 0.0563076 0.0137742 0.00131958 0.0456603 0.0462849 
0.815287 0.0132609 0.0664063 0.0111901 0.00111039 0.0343941 0.0583511 
0.819165 0.0148818 0.0532246 0.0176879 0.00179037 0.0462705 0.0469797 
0.83767 0.0124842 0.066178 0.0134345 0.00128124 0.0277113 0.0412406 
0.820686 0.0136654 0.0688524 0.0102145 0.0010696 0.0382219 0.0472903 
0.74718 0.0222018 0.0617389 0.0594472 0.00288301 0.063368 0.0431806 
0.737735 0.0274629 0.0645723 0.0420612 0.00207764 0.072613 0.0534775 
0.819066 0.0149258 0.0590255 0.0298826 0.00134889 0.0360808 0.0396704 
0.807766 0.0145338 0.0515916 0.0285925 0.0022942 0.0526422 0.0425798 
0.707965 0.0247831 0.0310792 0.182533 0.00941961 0.0269741 0.0172462 
0.83959 0.020365 0.038178 0.0571843 0.00333006 0.0208693 0.0204834 
0.778398 0.00795343 0.110415 0.0175319 8.73307E-4 0.0131394 0.0716889 
0.777569 0.0152518 0.0831648 0.0429394 0.00161709 0.0344624 0.0449956 
0.807087 0.0132986 0.0694366 0.0231765 0.00143383 0.0336633 0.0519042 
0.765389 0.00922885 0.0896974 0.0447323 0.00188731 0.0230318 0.0660329 
0.767433 0.0150648 0.0607091 0.0498412 0.00256976 0.0544752 0.0499074 
0.767239 0.014199 0.0683069 0.0224647 0.00171871 0.0551768 0.0708945 
0.771336 0.0129232 0.0629122 0.0181822 0.00213659 0.0528193 0.0796906 
0.782187 0.0169422 0.0512755 0.0360425 0.0030454 0.0592929 0.0512141 
0.834421 0.0155922 0.0466125 0.0320708 0.00293342 0.0383504 0.0300199 
0.832865 0.0165473 0.0485649 0.0398144 0.00250231 0.0347927 0.0249134 
0.850056 0.0140801 0.0540559 0.0281111 0.00237277 0.0238765 0.027448 
0.842768 0.0174949 0.0425576 0.0288605 0.00224038 0.0361907 0.0298878 
0.811742 0.0173548 0.0474349 0.0532315 0.00267176 0.0344059 0.0331594 
0.83376 0.0154269 0.0419411 0.0247936 0.00268672 0.045064 0.0363273 
0.812228 0.013385 0.0562212 0.0162106 0.00216753 0.05338 0.046408 
0.786185 0.0146876 0.0522867 0.0557806 0.00328606 0.0517482 0.0360255 
0.833887 0.0140299 0.0459481 0.0287674 0.00242749 0.0440631 0.0308768 
0.820093 0.0152258 0.0709987 0.0202213 9.84904E-4 0.0280458 0.0444308 
0.817301 0.0199016 0.052629 0.0184319 0.00138849 0.0490282 0.0413197 
0.835765 0.0132429 0.0624939 0.0165888 0.00158015 0.0285115 0.041818 
0.803333 0.0119316 0.0730774 0.0347152 0.00183087 0.0292619 0.0458502 
0.807402 0.0112872 0.0641325 0.0248973 0.00192286 0.0417987 0.0485599 
0.825487 0.0120179 0.0661967 0.0236104 0.00127891 0.0234401 0.0479687 
0.762295 0.010535 0.0763083 0.0248252 0.00155051 0.0450688 0.0794168 
0.784112 0.0110817 0.0689623 0.0349998 0.00186081 0.035753 0.0632299 
0.790809 0.0162202 0.0571066 0.0305836 0.00175227 0.0503409 0.0531873 
0.731807 0.0185498 0.071451 0.0320435 0.00181774 0.0764297 0.0679017 
0.693624 0.0305694 0.0507413 0.12962 0.00346324 0.0623852 0.0295966 
0.796097 0.0189003 0.0568999 0.0597594 0.00197392 0.0385334 0.0278357 
0.817242 0.0142274 0.0701736 0.0197728 9.4304E-4 0.0342047 0.0434362 
0.855022 0.0276691 0.0348589 0.0182678 0.00219424 0.0377652 0.0242223 
0.867827 0.0134235 0.0483749 0.0213973 0.00166858 0.0217264 0.0255828 
0.853205 0.0147276 0.0465748 0.0416632 0.0019978 0.0192888 0.0225427 
0.836747 0.0169802 0.0381152 0.0701056 0.00288118 0.0175382 0.0176322 
0.877668 0.0139343 0.0450875 0.014293 0.00145473 0.0128541 0.034708 
0.85 0.0114452 0.0565599 0.011906 0.0013623 0.021133 0.0475935 
0.871037 0.0140276 0.03921 0.0182521 0.00218502 0.0256614 0.0296267 
0.848785 0.0108993 0.0491269 0.0313259 0.00324043 0.0185489 0.0380739 
0.849776 0.0130742 0.0360831 0.0516439 0.00637984 0.0200612 0.0229814 
0.849968 0.0105794 0.0387118 0.0598172 0.00687147 0.0132678 0.0207844 
0.805806 0.00827032 0.0628687 0.0543627 0.00393 0.0220096 0.042753 
0.823608 0.013149 0.0427918 0.0523576 0.0036123 0.0388667 0.0256144 
0.81357 0.0117005 0.0391935 0.0459633 0.00704414 0.0492265 0.0333018 
0.834189 0.0143869 0.0416146 0.0199615 0.00199885 0.0487005 0.0391486 
0.809015 0.0166095 0.0419627 0.0616698 0.00321582 0.0401416 0.0273853 
0.836678 0.0158844 0.0422707 0.0303898 0.00176585 0.0442306 0.0287806 
0.856749 0.00946319 0.0605187 0.0229022 0.00172367 0.0245808 0.024062 
0.736771 0.0502956 0.0457222 0.0336275 0.00379756 0.108875 0.0209113 
0.692178 0.0330407 0.0686304 0.0436155 0.00592293 0.141791 0.014822 
0.627341 0.0230398 0.0760955 0.0509534 0.0234216 0.186491 0.0126579 
0.791815 0.0116068 0.059386 0.0653346 0.0107679 0.0458613 0.0152283 
0.806376 0.0136736 0.045447 0.0693697 0.0119392 0.0414309 0.0117633 
0.681847 0.0129578 0.0721547 0.0123076 0.0046302 0.195027 0.0210758 
0.568478 0.014859 0.170523 0.00361208 0.00131905 0.205699 0.0355108 
0.697141 0.00834604 0.203165 0.00791816 0.00147819 0.0407961 0.0411546 
0.750715 0.0101482 0.125517 0.0485435 0.00654112 0.0237428 0.0347925 
0.610365 0.0145906 0.126415 0.0640344 0.00781151 0.0928596 0.083924 
0.46539 0.0348809 0.124426 0.0210942 0.00708064 0.308815 0.0383128 
0.125799 0.0125383 0.144777 0.00426566 0.0016703 0.689466 0.0214849 
