0.625728 0.0116625 0.048208 0.265763 0.00626112 0.0196504 0.0227267 
0.619764 0.0130683 0.0399682 0.274316 0.0102225 0.0218664 0.0207948 
0.69413 0.0103482 0.0542451 0.198203 0.00539927 0.0103579 0.027316 
0.687538 0.0104401 0.0628211 0.185232 0.00474666 0.0130903 0.0361317 
0.586467 0.0131644 0.0715582 0.270183 0.00358396 0.017372 0.0376714 
0.705482 0.0120523 0.0819713 0.113772 0.00260875 0.0286315 0.0554825 
0.701144 0.0145641 0.0762843 0.113886 0.00291088 0.042984 0.0482273 
0.794134 0.00986238 0.08245 0.0585121 0.00191109 0.0173752 0.0357555 
0.775556 0.0132003 0.0747018 0.0643253 0.0019791 0.024306 0.0459314 
0.703421 0.0108455 0.0786424 0.162384 0.00273058 0.0102547 0.0317217 
0.685734 0.00946805 0.0811967 0.154329 0.00431199 0.016885 0.0480761 
0.775894 0.00628948 0.0918194 0.0658953 0.00289053 0.00446827 0.0527432 
0.738044 0.00998961 0.0602681 0.141164 0.00448741 0.0112682 0.0347791 
0.665229 0.0128782 0.0456351 0.228324 0.00521365 0.0133899 0.0293298 
0.786236 0.0167839 0.0378716 0.131602 0.00370428 0.00964585 0.0141559 
0.792323 0.0127061 0.0406025 0.123533 0.00485945 0.00926211 0.0167143 
0.822108 0.0135715 0.0437654 0.0749136 0.00502681 0.0115465 0.0290682 
0.782633 0.0170573 0.0357821 0.112578 0.00682091 0.0213219 0.0238072 
0.733263 0.0193287 0.0436167 0.159558 0.00422079 0.0163212 0.0236913 
0.612617 0.021948 0.0586414 0.237366 0.00402099 0.0349724 0.0304347 
0.670195 0.0162837 0.0568969 0.18639 0.00503416 0.0293009 0.0358995 
0.590273 0.0136855 0.101569 0.236625 0.00302472 0.0166913 0.0381305 
0.7075 0.0106125 0.0879074 0.126763 0.00291507 0.0151293 0.0491731 
0.640992 0.0108439 0.097599 0.156758 0.00422503 0.0237316 0.065851 
0.546463 0.0297451 0.0260164 0.300783 0.0177204 0.0589454 0.0203265 
0.663811 0.0938481 0.0173951 0.10693 0.0621112 0.0363656 0.0195391 
0.495487 0.0228062 0.0209767 0.428057 0.00980274 0.0131232 0.0097472 
0.612163 0.00983423 0.0895492 0.250498 0.00228226 0.00646002 0.029213 
0.615975 0.0116249 0.109077 0.179629 0.00290684 0.011642 0.069145 
0.60992 0.011255 0.0752932 0.241429 0.00315368 0.0134208 0.0455283 
0.546337 0.0130085 0.0702223 0.315051 0.00256078 0.0163904 0.0364301 
0.667181 0.0119167 0.0558268 0.216672 0.00341611 0.0118562 0.0331313 
0.735711 0.0120927 0.0655647 0.127177 0.00215333 0.0151073 0.0421937 
0.585482 0.0112131 0.0685238 0.278365 0.0027008 0.0117801 0.0419345 
0.602785 0.0129442 0.0796305 0.253832 0.00212235 0.0117315 0.0369545 
0.659874 0.015779 0.0398412 0.249484 0.00332778 0.014385 0.0173095 
0.666511 0.016074 0.0495438 0.224658 0.00221854 0.00992003 0.0310748 
0.697008 0.0170427 0.0337466 0.224811 0.0029929 0.00688141 0.0175175 
0.747213 0.0127031 0.0441055 0.162826 0.00280808 0.00742281 0.0229221 
0.760276 0.0157904 0.045527 0.144825 0.00218985 0.0119578 0.0194336 
0.761282 0.0166065 0.0412021 0.156968 0.00205365 0.00933926 0.0125484 
0.864665 0.0133083 0.032025 0.063892 0.00456473 0.00621944 0.0153258 
0.86212 0.0119236 0.0463554 0.0548339 0.00216892 0.00554491 0.0170537 
0.830895 0.0164454 0.0369879 0.0967631 0.00229928 0.00394663 0.0126629 
0.817239 0.0160926 0.0404331 0.094697 0.00192835 0.00936364 0.0202466 
0.821513 0.023877 0.0327546 0.0250031 0.00817121 0.040872 0.0478093 
0.76055 0.0158384 0.0472183 0.0247022 0.00315885 0.0446406 0.103892 
0.736322 0.0162341 0.0531662 0.045374 0.00221077 0.0384593 0.108234 
0.63384 0.0153968 0.0633219 0.170494 0.0030119 0.0330374 0.0808978 
0.52018 0.0121036 0.055769 0.366386 0.002501 0.00938344 0.0336769 
0.50172 0.0161878 0.111161 0.290091 0.00471052 0.0134498 0.0626791 
0.46663 0.0166364 0.113289 0.301027 0.00505112 0.0131596 0.0842061 
0.625728 0.0116625 0.048208 0.265763 0.00626112 0.0196504 0.0227267 
0.619764 0.0130683 0.0399682 0.274316 0.0102225 0.0218664 0.0207948 
0.69413 0.0103482 0.0542451 0.198203 0.00539927 0.0103579 0.027316 
0.687538 0.0104401 0.0628211 0.185232 0.00474666 0.0130903 0.0361317 
0.586467 0.0131644 0.0715582 0.270183 0.00358396 0.017372 0.0376714 
0.705482 0.0120523 0.0819713 0.113772 0.00260875 0.0286315 0.0554825 
0.701144 0.0145641 0.0762843 0.113886 0.00291088 0.042984 0.0482273 
0.794134 0.00986238 0.08245 0.0585121 0.00191109 0.0173752 0.0357555 
0.775556 0.0132003 0.0747018 0.0643253 0.0019791 0.024306 0.0459314 
0.703421 0.0108455 0.0786424 0.162384 0.00273058 0.0102547 0.0317217 
0.685734 0.00946805 0.0811967 0.154329 0.00431199 0.016885 0.0480761 
0.775894 0.00628948 0.0918194 0.0658953 0.00289053 0.00446827 0.0527432 
0.738044 0.00998961 0.0602681 0.141164 0.00448741 0.0112682 0.0347791 
0.665229 0.0128782 0.0456351 0.228324 0.00521365 0.0133899 0.0293298 
0.786236 0.0167839 0.0378716 0.131602 0.00370428 0.00964585 0.0141559 
0.792323 0.0127061 0.0406025 0.123533 0.00485945 0.00926211 0.0167143 
0.822108 0.0135715 0.0437654 0.0749136 0.00502681 0.0115465 0.0290682 
0.782633 0.0170573 0.0357821 0.112578 0.00682091 0.0213219 0.0238072 
0.733263 0.0193287 0.0436167 0.159558 0.00422079 0.0163212 0.0236913 
0.612617 0.021948 0.0586414 0.237366 0.00402099 0.0349724 0.0304347 
0.670195 0.0162837 0.0568969 0.18639 0.00503416 0.0293009 0.0358995 
0.590273 0.0136855 0.101569 0.236625 0.00302472 0.0166913 0.0381305 
0.7075 0.0106125 0.0879074 0.126763 0.00291507 0.0151293 0.0491731 
0.640992 0.0108439 0.097599 0.156758 0.00422503 0.0237316 0.065851 
0.546463 0.0297451 0.0260164 0.300783 0.0177204 0.0589454 0.0203265 
0.663811 0.0938481 0.0173951 0.10693 0.0621112 0.0363656 0.0195391 
0.495487 0.0228062 0.0209767 0.428057 0.00980274 0.0131232 0.0097472 
0.612163 0.00983423 0.0895492 0.250498 0.00228226 0.00646002 0.029213 
0.615975 0.0116249 0.109077 0.179629 0.00290684 0.011642 0.069145 
0.60992 0.011255 0.0752932 0.241429 0.00315368 0.0134208 0.0455283 
0.546337 0.0130085 0.0702223 0.315051 0.00256078 0.0163904 0.0364301 
0.667181 0.0119167 0.0558268 0.216672 0.00341611 0.0118562 0.0331313 
0.735711 0.0120927 0.0655647 0.127177 0.00215333 0.0151073 0.0421937 
0.585482 0.0112131 0.0685238 0.278365 0.0027008 0.0117801 0.0419345 
0.602785 0.0129442 0.0796305 0.253832 0.00212235 0.0117315 0.0369545 
0.659874 0.015779 0.0398412 0.249484 0.00332778 0.014385 0.0173095 
0.666511 0.016074 0.0495438 0.224658 0.00221854 0.00992003 0.0310748 
0.697008 0.0170427 0.0337466 0.224811 0.0029929 0.00688141 0.0175175 
0.747213 0.0127031 0.0441055 0.162826 0.00280808 0.00742281 0.0229221 
0.760276 0.0157904 0.045527 0.144825 0.00218985 0.0119578 0.0194336 
0.761282 0.0166065 0.0412021 0.156968 0.00205365 0.00933926 0.0125484 
0.864665 0.0133083 0.032025 0.063892 0.00456473 0.00621944 0.0153258 
0.86212 0.0119236 0.0463554 0.0548339 0.00216892 0.00554491 0.0170537 
0.830895 0.0164454 0.0369879 0.0967631 0.00229928 0.00394663 0.0126629 
0.817239 0.0160926 0.0404331 0.094697 0.00192835 0.00936364 0.0202466 
0.794255 0.0134953 0.0901415 0.0606258 9.83056E-4 0.00574244 0.034757 
0.847608 0.0110913 0.058377 0.0477984 0.00164811 0.00575175 0.0277257 
0.842035 0.00988633 0.0644531 0.045998 0.00116423 0.00634436 0.0301191 
0.857336 0.00732678 0.0696693 0.0287701 0.00124497 0.00625006 0.0294032 
0.858466 0.0066856 0.073594 0.0240745 0.00121131 0.00551704 0.0304519 
0.864056 0.00860265 0.0674321 0.020496 0.00168854 0.00582082 0.0319043 
0.869227 0.00821801 0.0588428 0.0266526 0.00312568 0.00654314 0.0273911 
0.874568 0.00885762 0.0601483 0.0236429 0.00205219 0.00744447 0.0232866 
0.857773 0.00743219 0.062875 0.0327534 0.00142046 0.0115722 0.0261733 
0.829964 0.00775521 0.0603639 0.0631367 0.00347409 0.00888971 0.0264165 
0.877662 0.00976887 0.0458723 0.0393154 0.00274154 0.00760303 0.0170369 
0.863354 0.0102324 0.0559588 0.040318 0.00170807 0.00770134 0.0207277 
0.853247 0.0100793 0.0561808 0.0487496 0.00192967 0.00839592 0.0214179 
0.864519 0.0111496 0.0507364 0.038936 0.00166659 0.00930854 0.0236844 
0.839068 0.0114344 0.0469067 0.0735569 0.00306302 0.00749693 0.0184746 
0.849695 0.00997259 0.0541945 0.0537193 0.00175689 0.00669683 0.0239645 
0.824055 0.00871073 0.0666617 0.0543291 0.00156909 0.0111182 0.0335566 
0.805401 0.00699501 0.0645794 0.0721854 0.00317673 0.0130498 0.0346126 
0.797002 0.00608172 0.083143 0.031841 0.00132782 0.0145833 0.0660206 
0.81062 0.00674745 0.0756964 0.0438185 0.00184005 0.0156209 0.0456569 
0.830079 0.00770866 0.0616007 0.0518384 0.00222486 0.0146062 0.0319417 
0.837828 0.00670427 0.067603 0.0405632 0.00210064 0.0110152 0.0341862 
0.822547 0.00727084 0.0771475 0.0497575 0.00134314 0.010024 0.0319103 
0.849182 0.00774545 0.0697865 0.0247041 0.00104347 0.00821915 0.039319 
0.824816 0.00699018 0.0716315 0.0498148 0.00186814 0.00641964 0.0384594 
0.797363 0.00685249 0.0962168 0.040112 9.47142E-4 0.00769941 0.0508091 
0.802348 0.0065527 0.0846742 0.0551067 0.0015169 0.00705245 0.0427487 
0.829329 0.00658698 0.0756891 0.0386888 0.00147022 0.00911294 0.0391227 
0.811777 0.00691043 0.0927117 0.0355635 0.00102818 0.00753416 0.0444753 
0.793516 0.0080871 0.0770831 0.0889683 0.00209428 0.00651869 0.0237324 
0.840391 0.00842737 0.0823705 0.0376697 0.0010621 0.00533056 0.0247486 
0.828095 0.00758898 0.08134 0.0491303 0.0012455 0.00619018 0.0264096 
0.863706 0.00837685 0.058434 0.0396778 0.00205762 0.0103562 0.0173919 
0.819521 0.00760892 0.0748214 0.0587855 0.00154774 0.00795532 0.0297599 
0.839144 0.00881642 0.0680923 0.0487406 0.0016209 0.011661 0.021925 
0.816452 0.00855038 0.0710118 0.0709805 0.00183376 0.00860331 0.0225679 
0.754967 0.00816756 0.0762986 0.110459 0.00276224 0.0118352 0.0355101 
0.805913 0.0075313 0.081285 0.0590952 0.00173126 0.00866459 0.0357799 
0.821088 0.00664618 0.0898491 0.0454624 0.00151201 0.00610096 0.0293414 
0.812948 0.00779207 0.0817982 0.0626892 0.00159285 0.0066231 0.0265569 
0.840083 0.00743967 0.0693407 0.0378289 0.0017148 0.0094695 0.0341237 
0.840419 0.00835871 0.0625353 0.0512773 0.00216507 0.0119109 0.0233341 
0.835444 0.0109168 0.0567845 0.0586944 0.00193533 0.0133015 0.0229233 
0.801435 0.00841181 0.0860106 0.0552975 0.00140919 0.0102227 0.0372136 
0.790319 0.00865495 0.0682255 0.0937319 0.00231734 0.00973 0.0270216 
0.856373 0.00928931 0.0571205 0.0416194 0.0027232 0.00810119 0.0247735 
0.827533 0.00749181 0.0838448 0.0255493 9.60143E-4 0.0079615 0.0466591 
0.812327 0.0077785 0.0825065 0.0405984 0.001261 0.00724741 0.0482811 
0.839815 0.0088492 0.0752792 0.0370074 0.00157549 0.00699354 0.0304806 
0.813938 0.00769279 0.0824169 0.053791 0.00150541 0.00662197 0.0340336 
0.836602 0.00785853 0.081503 0.0359046 0.00130547 0.00665941 0.0301672 
0.837023 0.00895288 0.0752888 0.0431161 0.0021741 0.00804944 0.0253959 
0.848814 0.00823534 0.0736757 0.0319954 0.00228902 0.00957711 0.0254139 
0.842499 0.00733082 0.0795785 0.0266869 0.00108513 0.00847684 0.0343428 
0.84602 0.0097149 0.0617865 0.0501571 0.00173428 0.00780334 0.0227839 
0.860287 0.00936562 0.0626392 0.0376218 0.00147253 0.0073531 0.0212606 
0.843967 0.00751467 0.082308 0.026587 0.00121355 0.00679117 0.0316185 
0.837279 0.011318 0.0696217 0.0468167 0.00132498 0.00704551 0.0265941 
0.864394 0.0111293 0.0654921 0.0222206 0.00127645 0.00607366 0.0294134 
0.842384 0.00859425 0.0722503 0.036788 0.00145262 0.00705514 0.0314758 
0.855561 0.0109898 0.0569498 0.0499006 0.00256057 0.0056997 0.0183388 
0.816375 0.00981965 0.0655827 0.0752325 0.00197215 0.00544216 0.025576 
0.801934 0.00872931 0.0718828 0.079423 0.00194063 0.00624221 0.0298484 
0.810308 0.00824001 0.0684872 0.0726295 0.00243792 0.00571019 0.0321875 
0.825275 0.0097868 0.073265 0.0515619 0.00172206 0.00582753 0.0325613 
0.827164 0.00791108 0.0761059 0.0490803 0.00148303 0.00438457 0.033871 
0.8372 0.00973232 0.0640478 0.0449444 0.00198276 0.00386806 0.0382245 
0.823642 0.00850218 0.0715857 0.0414896 0.00196344 0.00583615 0.0469808 
0.790304 0.00870961 0.077289 0.0620105 0.00207364 0.0106937 0.0489191 
0.770745 0.00648037 0.0818677 0.0451956 0.0031667 0.0120067 0.0805383 
0.841944 0.00673403 0.0605344 0.0375168 0.00361027 0.014867 0.0347933 
0.850424 0.00665686 0.0816878 0.0110341 0.00117021 0.00663455 0.0423921 
0.859585 0.00900251 0.0579233 0.0317913 0.00313718 0.0106248 0.0279361 
0.790905 0.011377 0.0736102 0.0882944 0.00152042 0.0085309 0.0257619 
0.778842 0.00968973 0.0898494 0.0678845 0.00150665 0.0119157 0.0403121 
0.753572 0.00981833 0.0983647 0.0813718 0.00158825 0.0120161 0.0432689 
0.801893 0.00959234 0.0594649 0.0800282 0.00297512 0.00920922 0.0368367 
0.804816 0.00874617 0.078008 0.0600175 0.00174391 0.00729823 0.0393699 
0.844086 0.00913658 0.0586899 0.0468179 0.00222104 0.0105392 0.0285091 
0.827954 0.00732425 0.0743746 0.0521612 0.00234316 0.00785931 0.027984 
0.830176 0.00709873 0.0854868 0.0394489 0.0017004 0.00493757 0.0311514 
0.828432 0.00801016 0.0730244 0.0497953 0.00212219 0.00697482 0.0316411 
0.808586 0.00675627 0.0775878 0.0377605 0.0031397 0.00684732 0.0593227 
0.790196 0.00583543 0.0877508 0.0398669 0.00283134 0.00649191 0.0670281 
0.778168 0.00775092 0.0861933 0.0598353 0.00186283 0.0111644 0.0550254 
0.789515 0.00786736 0.0836905 0.0439671 0.00173379 0.0111485 0.0620775 
0.848539 0.00920504 0.0701335 0.0245355 0.00146587 0.00533788 0.0407832 
0.833228 0.00937933 0.0680492 0.0451826 0.00177546 0.00702834 0.0353571 
0.861891 0.00827974 0.0705823 0.0177422 0.00114558 0.00791 0.0324491 
0.840773 0.00858489 0.075065 0.0283557 9.51015E-4 0.00878185 0.0374887 
0.852683 0.00881272 0.067068 0.0194378 0.0011033 0.00919564 0.0416992 
0.723149 0.014311 0.0621693 0.157658 0.00237692 0.0144364 0.0258994 
0.664374 0.0141123 0.0594832 0.223935 0.00239682 0.0076233 0.0280756 
0.738796 0.0133982 0.0584533 0.1441 0.0025669 0.0125758 0.0301093 
0.684155 0.0106672 0.0586016 0.190442 0.00479189 0.0156329 0.035709 
0.703531 0.0105486 0.0642914 0.171089 0.00370114 0.0147405 0.0320986 
0.597185 0.00997048 0.0565725 0.29573 0.00489318 0.00765098 0.0279984 
0.572906 0.0116184 0.0530467 0.33124 0.00385733 0.00529884 0.0220329 
0.590857 0.0188382 0.0410752 0.321521 0.0034291 0.00909757 0.0151813 
0.612549 0.0236161 0.0383012 0.283687 0.00442361 0.0206569 0.0167662 
0.614749 0.0195139 0.0361879 0.301714 0.00384662 0.00963653 0.0143513 
0.580466 0.0222704 0.0347824 0.336423 0.00367611 0.0110368 0.0113447 
0.495636 0.0173685 0.0366399 0.42932 0.00302901 0.00646627 0.0115404 
0.536394 0.0137782 0.0488688 0.380207 0.00305645 0.00436576 0.0133302 
0.613471 0.0110286 0.0500332 0.292435 0.00783065 0.00824812 0.0169535 
0.654133 0.0107849 0.0708933 0.231329 0.00366579 0.00918159 0.0200125 
0.72969 0.012263 0.0777867 0.12569 0.00223914 0.0126304 0.0397007 
0.566281 0.0188375 0.100466 0.229409 0.0032843 0.0196455 0.0620758 
0.528938 0.0189117 0.0426972 0.377769 0.00355339 0.012024 0.0161073 
0.424029 0.0114752 0.0393589 0.496705 0.00513005 0.00702882 0.0162732 
0.486912 0.0117897 0.0898228 0.365774 0.00310237 0.0100133 0.0325858 
0.410025 0.0107586 0.0974717 0.425321 0.00420404 0.0107323 0.0414879 
0.483977 0.0124025 0.0736226 0.380523 0.00292563 0.00821962 0.0383293 
0.442031 0.0115925 0.0713734 0.430231 0.0029412 0.010071 0.0317599 
0.380861 0.011694 0.067855 0.495745 0.00266002 0.00817782 0.0330065 
0.48749 0.0101455 0.0796087 0.375119 0.00374362 0.010318 0.0335757 
0.6696 0.00989108 0.0775419 0.183088 0.00336324 0.0132541 0.0432623 
0.553103 0.0127239 0.0675142 0.318883 0.00347599 0.0139019 0.0303986 
0.443394 0.00999307 0.0741954 0.419675 0.00488674 0.0103096 0.0375461 
0.576937 0.0142457 0.0542986 0.312307 0.00322965 0.0100841 0.0288977 
0.623265 0.0120844 0.0803888 0.231796 0.00292487 0.0112131 0.0383279 
0.679698 0.0108413 0.061126 0.200033 0.00459146 0.00960502 0.0341057 
0.626148 0.0104388 0.0838678 0.210517 0.00300846 0.00927262 0.0567465 
0.679891 0.00930723 0.0911309 0.145951 0.00304967 0.0074886 0.0631819 
0.698028 0.00873154 0.102812 0.114213 0.0025693 0.00849794 0.065148 
0.638538 0.0105658 0.116725 0.142736 0.00329006 0.012948 0.0751964 
0.629048 0.00917931 0.115991 0.154992 0.00360512 0.010685 0.0764993 
0.652349 0.00949422 0.102463 0.154815 0.0035776 0.0118171 0.0654838 
0.610077 0.0105077 0.099779 0.193723 0.00376934 0.0122672 0.0698767 
0.652939 0.00869979 0.101645 0.136604 0.00416987 0.0107422 0.0852003 
0.615239 0.0102827 0.13182 0.131201 0.00340703 0.0114869 0.0965637 
0.568798 0.01185 0.130627 0.168794 0.00416397 0.0108664 0.1049 
0.564211 0.00993681 0.110977 0.252505 0.0044047 0.00678288 0.0511821 
0.655362 0.0092983 0.127582 0.143573 0.00319513 0.00544261 0.0555465 
0.540718 0.0145955 0.146209 0.209406 0.00497923 0.0114 0.072692 
0.606897 0.0109271 0.103862 0.220511 0.00310866 0.00679617 0.0478987 
0.628225 0.00989244 0.11766 0.168289 0.00364495 0.00720372 0.0650853 
0.683064 0.0105319 0.0815755 0.181982 0.00253038 0.00608019 0.0342365 
0.657458 0.0084324 0.0869279 0.204611 0.00445138 0.00556817 0.0325504 
0.706279 0.00974438 0.0964271 0.142286 0.00247018 0.00588028 0.0369131 
0.723901 0.0112162 0.104358 0.0940951 0.0017622 0.00612098 0.0585466 
0.75773 0.0103367 0.0949287 0.0837926 0.00161733 0.00537493 0.0462195 
0.71459 0.0110876 0.077906 0.150154 0.00279227 0.00744574 0.0360237 
0.743571 0.0119079 0.0649627 0.144192 0.00315433 0.00680314 0.0254093 
0.557437 0.0117015 0.0664843 0.324271 0.00346886 0.0124865 0.0241509 
0.65854 0.0121413 0.0646811 0.22766 0.0034892 0.00669063 0.0267977 
0.649006 0.00988968 0.0451055 0.256968 0.0112312 0.0105173 0.0172823 
0.633004 0.0142447 0.0430161 0.280583 0.008147 0.00672244 0.0142833 
0.590321 0.0129018 0.0423902 0.326629 0.00700267 0.00642051 0.0143347 
0.605931 0.0121001 0.0814258 0.260052 0.00293568 0.00726113 0.0302943 
0.72287 0.0105507 0.101879 0.0818384 0.00198497 0.0101591 0.0707178 
0.659488 0.00909179 0.135906 0.0612832 0.00170129 0.0150191 0.117511 
0.693191 0.00760817 0.118841 0.0067014 4.58516E-4 0.0128759 0.160324 
0.722408 0.0108118 0.106957 0.0636837 0.00133757 0.0102275 0.0845753 
0.764983 0.0140763 0.0653007 0.1053 0.00261292 0.0127852 0.0349417 
0.258017 0.0309463 0.0209917 0.664533 0.00403504 0.011733 0.00974401 
0.335663 0.0194095 0.060362 0.550001 0.00170455 0.0108589 0.0220012 
0.355301 0.0131244 0.0805064 0.494769 0.0036249 0.0193238 0.0333512 
0.371921 0.0088195 0.0742251 0.496175 0.00426186 0.0131183 0.031479 
0.278749 0.0230072 0.0516671 0.576037 0.0030759 0.0441784 0.0232861 
0.463112 0.0115846 0.0878938 0.382167 0.00303139 0.0107324 0.0414786 
0.620249 0.0135355 0.0751412 0.2452 0.00272533 0.017761 0.0253884 
0.538437 0.0137621 0.0715336 0.33264 0.00310181 0.0155459 0.0249792 
0.775214 0.0135993 0.0571945 0.116846 0.00295288 0.0110648 0.0231279 
0.578145 0.0101771 0.0688176 0.310052 0.00316867 0.00778405 0.0218552 
0.58875 0.011576 0.09064 0.274808 0.0024935 0.00745066 0.0242819 
0.695443 0.00929217 0.0812686 0.177996 0.00321751 0.00844912 0.0243335 
0.773128 0.0070974 0.114493 0.0257037 7.33542E-4 0.00867508 0.0701695 
0.613098 0.0152883 0.0972246 0.1963 0.00355555 0.0316593 0.0428743 
0.656841 0.0163586 0.0534009 0.231746 0.0031453 0.0196214 0.0188863 
0.70559 0.0124246 0.0593282 0.183627 0.00345031 0.0147756 0.0208045 
0.660241 0.0146493 0.0653699 0.215555 0.00302004 0.0190162 0.0221484 
0.616903 0.0140656 0.0881267 0.237764 0.00244819 0.0133416 0.0273505 
0.593604 0.0122341 0.0995682 0.253539 0.00260332 0.00948806 0.028963 
0.476556 0.0166375 0.0899635 0.372042 0.0023789 0.0159942 0.0264282 
0.528632 0.0143055 0.0593301 0.356339 0.00312452 0.0174394 0.0208296 
0.554377 0.0123391 0.0715415 0.308053 0.00458259 0.0177641 0.031342 
0.516807 0.0138083 0.0985047 0.30922 0.0033908 0.0136509 0.0446186 
0.422334 0.0108442 0.0887109 0.42929 0.00354402 0.0136206 0.0316561 
0.536886 0.0103734 0.0886407 0.3308 0.00275141 0.00590199 0.0246462 
0.595931 0.0120568 0.0753523 0.276545 0.00267882 0.00891818 0.0285176 
0.604401 0.00878713 0.0926593 0.218113 0.00373673 0.00793149 0.0643715 
0.636773 0.00893687 0.0803714 0.210025 0.00343559 0.00628629 0.0541718 
0.583254 0.0112155 0.0769509 0.268268 0.00310249 0.00893055 0.0482786 
0.530677 0.0108786 0.0732523 0.338063 0.00251408 0.00761015 0.0370045 
0.496419 0.011217 0.083891 0.35026 0.00296452 0.00716164 0.0480862 
0.448496 0.0115586 0.111191 0.351851 0.00418788 0.00811803 0.0645976 
0.497726 0.0109116 0.0922226 0.328358 0.00354134 0.00618947 0.0610505 
0.562064 0.0108512 0.0793569 0.301153 0.00369382 0.00791781 0.034963 
0.4944 0.0113528 0.102038 0.350034 0.00296401 0.00897521 0.030236 
0.592051 0.00980583 0.0889417 0.248507 0.00425361 0.0140377 0.0424036 
0.601477 0.00856255 0.0639478 0.28267 0.0056575 0.00684338 0.0308415 
0.535352 0.00620391 0.0579517 0.355643 0.00885165 0.00847838 0.0275198 
0.612773 0.00969768 0.0653335 0.257645 0.00627183 0.0136232 0.0346562 
0.632481 0.0104212 0.0619557 0.247957 0.0040517 0.0100243 0.0331097 
0.64706 0.0103585 0.0430225 0.256356 0.00732281 0.00864479 0.0272357 
0.704556 0.0086612 0.0445531 0.203764 0.00844412 0.00583474 0.0241859 
0.579141 0.00829027 0.0692757 0.296261 0.00367351 0.00637263 0.036986 
0.625114 0.00958088 0.0682966 0.255594 0.00305862 0.00619678 0.0321594 
0.561085 0.0103902 0.0732113 0.325176 0.00259116 0.00495243 0.0225947 
0.687626 0.0085846 0.0914147 0.155318 0.00297197 0.0045631 0.0495214 
0.713566 0.00835563 0.0742205 0.157695 0.00284704 0.00532985 0.0379858 
0.714013 0.00785782 0.0850895 0.135958 0.00312936 0.00601478 0.0479378 
0.743134 0.00730076 0.0975816 0.077151 0.00191505 0.00544249 0.067475 
0.649636 0.00852155 0.112493 0.109826 0.00303024 0.00987895 0.106614 
0.738511 0.00620413 0.10823 0.0435226 0.00147711 0.00767633 0.0943793 
0.75522 0.00616489 0.105777 0.0273552 0.00111784 0.00652988 0.097835 
0.595611 0.0115923 0.137511 0.147826 0.00366555 0.0137651 0.0900288 
0.661705 0.00974346 0.104392 0.114172 0.00282693 0.0139867 0.0931749 
0.690254 0.00793055 0.0988863 0.128173 0.00284377 0.00665864 0.0652541 
0.744171 0.00973087 0.0738654 0.11104 0.0025964 0.0122714 0.046325 
0.655786 0.0111895 0.0583242 0.217799 0.00389638 0.0118662 0.0411389 
0.715243 0.0105658 0.0612201 0.175151 0.0033081 0.00913967 0.0253729 
0.732544 0.00855974 0.0638741 0.167817 0.00330162 0.00599028 0.0179131 
0.746942 0.00602687 0.0832615 0.115604 0.00397888 0.00539877 0.0387875 
0.649951 0.00871186 0.0956945 0.181824 0.00306088 0.00826737 0.0524901 
0.69456 0.00840478 0.0925823 0.124956 0.00288141 0.00648825 0.0701271 
0.63701 0.00932633 0.0974422 0.179108 0.00345721 0.0100964 0.0635597 
0.697149 0.00687748 0.11881 0.0720791 0.00178087 0.00555873 0.0977447 
0.73295 0.00785854 0.0958456 0.118925 0.00240197 0.00403009 0.0379894 
0.665924 0.00899154 0.113776 0.156305 0.00276434 0.0060763 0.0461633 
0.745563 0.00701076 0.100699 0.079277 0.00219238 0.00628981 0.0589683 
0.69758 0.00754052 0.110882 0.119546 0.00285976 0.00763283 0.0539587 
0.679234 0.00810839 0.109694 0.141071 0.00302672 0.00680727 0.0520586 
0.606546 0.0108668 0.117877 0.197921 0.00420411 0.0120102 0.0505756 
0.543234 0.0120271 0.114914 0.257515 0.00441107 0.0163049 0.0515953 
0.615638 0.0108628 0.0914948 0.229309 0.00359341 0.00828514 0.0408171 
0.697067 0.0123191 0.0833215 0.161713 0.00227316 0.0061241 0.0371822 
0.561055 0.0130141 0.0834944 0.300965 0.00281847 0.00960133 0.0290515 
0.322125 0.00951342 0.0610374 0.573148 0.00406392 0.0096587 0.0204535 
0.502114 0.0113453 0.0612763 0.391797 0.00452421 0.00788283 0.0210603 
0.36284 0.013275 0.079794 0.504777 0.00233223 0.00783978 0.0291418 
0.449986 0.0119918 0.0824868 0.406648 0.00327621 0.0062349 0.0393766 
0.455022 0.0132766 0.101452 0.350091 0.00367943 0.0121959 0.0642829 
0.500058 0.0109735 0.0886797 0.312312 0.00533553 0.0122275 0.0704143 
0.45218 0.0110523 0.110845 0.336767 0.00595005 0.0150585 0.068147 
0.438969 0.0122488 0.114806 0.371859 0.00404716 0.00983415 0.048236 
0.537824 0.0122079 0.0954452 0.308402 0.00291028 0.00807808 0.0351325 
0.459464 0.0134935 0.100997 0.355719 0.00369283 0.00988068 0.0567524 
0.495876 0.0128351 0.0769954 0.361166 0.00290913 0.0119944 0.0382243 
0.647225 0.0126155 0.0503893 0.257297 0.00389742 0.00758253 0.0209933 
0.677362 0.0101771 0.0709963 0.202686 0.00303913 0.00671078 0.0290283 
0.486607 0.0129164 0.054001 0.413623 0.0034807 0.0109958 0.018376 
0.415104 0.0134358 0.0660181 0.468856 0.00278546 0.0133451 0.0204554 
0.515083 0.0121857 0.0585947 0.378499 0.00377795 0.010301 0.0215587 
0.333654 0.00841645 0.0538706 0.579003 0.00383673 0.00718548 0.0140334 
0.274922 0.00883812 0.0399008 0.651473 0.00428994 0.00671201 0.0138643 
0.323301 0.0088963 0.0767767 0.547847 0.00344136 0.00600916 0.033729 
0.272104 0.0077192 0.071982 0.617242 0.0027092 0.00480343 0.0234402 
0.39185 0.00749443 0.0877458 0.462026 0.00588916 0.00703542 0.0379602 
0.401306 0.00932482 0.0842235 0.448583 0.00489086 0.00901836 0.0426538 
0.505048 0.00991065 0.0764644 0.363506 0.00430138 0.00642006 0.0343499 
0.38709 0.00957322 0.0987991 0.449842 0.00496996 0.00585024 0.0438755 
0.480499 0.0110254 0.0618606 0.401802 0.0042616 0.0095959 0.0309553 
0.452369 0.00847213 0.0898718 0.380687 0.00663552 0.0105325 0.0514321 
0.477242 0.00773051 0.0781112 0.381006 0.00755251 0.00876357 0.0395943 
0.723149 0.014311 0.0621693 0.157658 0.00237692 0.0144364 0.0258994 
0.664374 0.0141123 0.0594832 0.223935 0.00239682 0.0076233 0.0280756 
0.738796 0.0133982 0.0584533 0.1441 0.0025669 0.0125758 0.0301093 
0.684155 0.0106672 0.0586016 0.190442 0.00479189 0.0156329 0.035709 
0.703531 0.0105486 0.0642914 0.171089 0.00370114 0.0147405 0.0320986 
0.597185 0.00997048 0.0565725 0.29573 0.00489318 0.00765098 0.0279984 
0.572906 0.0116184 0.0530467 0.33124 0.00385733 0.00529884 0.0220329 
0.590857 0.0188382 0.0410752 0.321521 0.0034291 0.00909757 0.0151813 
0.612549 0.0236161 0.0383012 0.283687 0.00442361 0.0206569 0.0167662 
0.614749 0.0195139 0.0361879 0.301714 0.00384662 0.00963653 0.0143513 
0.580466 0.0222704 0.0347824 0.336423 0.00367611 0.0110368 0.0113447 
0.495636 0.0173685 0.0366399 0.42932 0.00302901 0.00646627 0.0115404 
0.536394 0.0137782 0.0488688 0.380207 0.00305645 0.00436576 0.0133302 
0.613471 0.0110286 0.0500332 0.292435 0.00783065 0.00824812 0.0169535 
0.654133 0.0107849 0.0708933 0.231329 0.00366579 0.00918159 0.0200125 
0.72969 0.012263 0.0777867 0.12569 0.00223914 0.0126304 0.0397007 
0.566281 0.0188375 0.100466 0.229409 0.0032843 0.0196455 0.0620758 
0.528938 0.0189117 0.0426972 0.377769 0.00355339 0.012024 0.0161073 
0.424029 0.0114752 0.0393589 0.496705 0.00513005 0.00702882 0.0162732 
0.486912 0.0117897 0.0898228 0.365774 0.00310237 0.0100133 0.0325858 
0.410025 0.0107586 0.0974717 0.425321 0.00420404 0.0107323 0.0414879 
0.483977 0.0124025 0.0736226 0.380523 0.00292563 0.00821962 0.0383293 
0.442031 0.0115925 0.0713734 0.430231 0.0029412 0.010071 0.0317599 
0.380861 0.011694 0.067855 0.495745 0.00266002 0.00817782 0.0330065 
0.48749 0.0101455 0.0796087 0.375119 0.00374362 0.010318 0.0335757 
0.6696 0.00989108 0.0775419 0.183088 0.00336324 0.0132541 0.0432623 
0.553103 0.0127239 0.0675142 0.318883 0.00347599 0.0139019 0.0303986 
0.443394 0.00999307 0.0741954 0.419675 0.00488674 0.0103096 0.0375461 
0.576937 0.0142457 0.0542986 0.312307 0.00322965 0.0100841 0.0288977 
0.623265 0.0120844 0.0803888 0.231796 0.00292487 0.0112131 0.0383279 
0.679698 0.0108413 0.061126 0.200033 0.00459146 0.00960502 0.0341057 
0.626148 0.0104388 0.0838678 0.210517 0.00300846 0.00927262 0.0567465 
0.679891 0.00930723 0.0911309 0.145951 0.00304967 0.0074886 0.0631819 
0.698028 0.00873154 0.102812 0.114213 0.0025693 0.00849794 0.065148 
0.638538 0.0105658 0.116725 0.142736 0.00329006 0.012948 0.0751964 
0.629048 0.00917931 0.115991 0.154992 0.00360512 0.010685 0.0764993 
0.652349 0.00949422 0.102463 0.154815 0.0035776 0.0118171 0.0654838 
0.610077 0.0105077 0.099779 0.193723 0.00376934 0.0122672 0.0698767 
0.652939 0.00869979 0.101645 0.136604 0.00416987 0.0107422 0.0852003 
0.615239 0.0102827 0.13182 0.131201 0.00340703 0.0114869 0.0965637 
0.568798 0.01185 0.130627 0.168794 0.00416397 0.0108664 0.1049 
0.564211 0.00993681 0.110977 0.252505 0.0044047 0.00678288 0.0511821 
0.655362 0.0092983 0.127582 0.143573 0.00319513 0.00544261 0.0555465 
0.540718 0.0145955 0.146209 0.209406 0.00497923 0.0114 0.072692 
0.606897 0.0109271 0.103862 0.220511 0.00310866 0.00679617 0.0478987 
0.628225 0.00989244 0.11766 0.168289 0.00364495 0.00720372 0.0650853 
0.683064 0.0105319 0.0815755 0.181982 0.00253038 0.00608019 0.0342365 
0.657458 0.0084324 0.0869279 0.204611 0.00445138 0.00556817 0.0325504 
0.706279 0.00974438 0.0964271 0.142286 0.00247018 0.00588028 0.0369131 
0.723901 0.0112162 0.104358 0.0940951 0.0017622 0.00612098 0.0585466 
0.75773 0.0103367 0.0949287 0.0837926 0.00161733 0.00537493 0.0462195 
0.71459 0.0110876 0.077906 0.150154 0.00279227 0.00744574 0.0360237 
0.743571 0.0119079 0.0649627 0.144192 0.00315433 0.00680314 0.0254093 
0.557437 0.0117015 0.0664843 0.324271 0.00346886 0.0124865 0.0241509 
0.65854 0.0121413 0.0646811 0.22766 0.0034892 0.00669063 0.0267977 
0.649006 0.00988968 0.0451055 0.256968 0.0112312 0.0105173 0.0172823 
0.633004 0.0142447 0.0430161 0.280583 0.008147 0.00672244 0.0142833 
0.590321 0.0129018 0.0423902 0.326629 0.00700267 0.00642051 0.0143347 
0.605931 0.0121001 0.0814258 0.260052 0.00293568 0.00726113 0.0302943 
0.72287 0.0105507 0.101879 0.0818384 0.00198497 0.0101591 0.0707178 
0.659488 0.00909179 0.135906 0.0612832 0.00170129 0.0150191 0.117511 
0.693191 0.00760817 0.118841 0.0067014 4.58516E-4 0.0128759 0.160324 
0.722408 0.0108118 0.106957 0.0636837 0.00133757 0.0102275 0.0845753 
0.764983 0.0140763 0.0653007 0.1053 0.00261292 0.0127852 0.0349417 
0.258017 0.0309463 0.0209917 0.664533 0.00403504 0.011733 0.00974401 
0.335663 0.0194095 0.060362 0.550001 0.00170455 0.0108589 0.0220012 
0.355301 0.0131244 0.0805064 0.494769 0.0036249 0.0193238 0.0333512 
0.371921 0.0088195 0.0742251 0.496175 0.00426186 0.0131183 0.031479 
0.278749 0.0230072 0.0516671 0.576037 0.0030759 0.0441784 0.0232861 
0.463112 0.0115846 0.0878938 0.382167 0.00303139 0.0107324 0.0414786 
0.620249 0.0135355 0.0751412 0.2452 0.00272533 0.017761 0.0253884 
0.538437 0.0137621 0.0715336 0.33264 0.00310181 0.0155459 0.0249792 
0.775214 0.0135993 0.0571945 0.116846 0.00295288 0.0110648 0.0231279 
0.578145 0.0101771 0.0688176 0.310052 0.00316867 0.00778405 0.0218552 
0.58875 0.011576 0.09064 0.274808 0.0024935 0.00745066 0.0242819 
0.695443 0.00929217 0.0812686 0.177996 0.00321751 0.00844912 0.0243335 
0.773128 0.0070974 0.114493 0.0257037 7.33542E-4 0.00867508 0.0701695 
0.613098 0.0152883 0.0972246 0.1963 0.00355555 0.0316593 0.0428743 
0.656841 0.0163586 0.0534009 0.231746 0.0031453 0.0196214 0.0188863 
0.70559 0.0124246 0.0593282 0.183627 0.00345031 0.0147756 0.0208045 
0.660241 0.0146493 0.0653699 0.215555 0.00302004 0.0190162 0.0221484 
0.616903 0.0140656 0.0881267 0.237764 0.00244819 0.0133416 0.0273505 
0.593604 0.0122341 0.0995682 0.253539 0.00260332 0.00948806 0.028963 
0.476556 0.0166375 0.0899635 0.372042 0.0023789 0.0159942 0.0264282 
0.528632 0.0143055 0.0593301 0.356339 0.00312452 0.0174394 0.0208296 
0.554377 0.0123391 0.0715415 0.308053 0.00458259 0.0177641 0.031342 
0.516807 0.0138083 0.0985047 0.30922 0.0033908 0.0136509 0.0446186 
0.422334 0.0108442 0.0887109 0.42929 0.00354402 0.0136206 0.0316561 
0.536886 0.0103734 0.0886407 0.3308 0.00275141 0.00590199 0.0246462 
0.595931 0.0120568 0.0753523 0.276545 0.00267882 0.00891818 0.0285176 
0.851356 0.0131411 0.0552082 0.0341891 0.0030219 0.0137125 0.0293716 
0.858363 0.0110675 0.0614609 0.0185402 0.00249497 0.0121177 0.0359557 
0.863673 0.0116824 0.0530193 0.0277669 0.00368316 0.0118549 0.0283204 
0.868548 0.0162886 0.0457665 0.0274355 0.00372591 0.0144759 0.0237592 
0.844778 0.018783 0.0467258 0.0402916 0.00276335 0.0176603 0.0289977 
0.866597 0.0174094 0.0455433 0.0222922 0.00248118 0.0171622 0.0285143 
0.861362 0.0119878 0.044345 0.0333246 0.00412089 0.0153691 0.0294903 
0.864714 0.0118502 0.0519962 0.0276589 0.00275297 0.0102032 0.0308249 
0.837402 0.0108998 0.0567525 0.0364449 0.00255709 0.0144644 0.0414796 
0.856021 0.0100352 0.0548728 0.0274726 0.00262976 0.0132383 0.0357301 
0.867124 0.010973 0.0476546 0.0303801 0.00307311 0.0158579 0.0249374 
0.828801 0.0132769 0.0541987 0.0505514 0.00218014 0.0161725 0.0348196 
0.859351 0.015564 0.0464997 0.03056 0.00208457 0.0184962 0.0274445 
0.869747 0.0171953 0.0398589 0.0314035 0.00315048 0.0187155 0.0199295 
0.872447 0.0160213 0.0432821 0.0299533 0.00235032 0.0144087 0.0215374 
0.868739 0.0170952 0.0412121 0.0408763 0.00313526 0.0110295 0.0179122 
0.888871 0.0147291 0.0450065 0.0189756 0.00222589 0.00893318 0.0212591 
0.88312 0.0146195 0.0375508 0.0291252 0.00436463 0.011174 0.0200459 
0.848596 0.0125571 0.050512 0.0404674 0.00266208 0.0137569 0.0314488 
0.829673 0.0101224 0.067878 0.0342396 0.00205192 0.0118594 0.0441753 
0.865606 0.0121862 0.0551238 0.0230447 0.00442012 0.00753018 0.0320891 
0.817712 0.0111751 0.0626903 0.0608219 0.00470418 0.00776332 0.0351336 
0.822045 0.00925068 0.0760537 0.0225642 0.00391157 0.00839121 0.0577835 
0.834909 0.0107018 0.0608127 0.0355984 0.00380957 0.0108205 0.0433478 
0.835589 0.00987016 0.0676505 0.0238578 0.00240559 0.0128392 0.0477878 
0.857087 0.0109805 0.0545614 0.0282643 0.00469274 0.0126535 0.031761 
0.856798 0.0115874 0.0590467 0.0127973 0.00177736 0.0182065 0.0397865 
0.864913 0.013558 0.0493541 0.0190995 0.00197717 0.0216515 0.0294472 
0.866307 0.0190136 0.0441449 0.0324916 0.00340639 0.0140419 0.0205945 
0.866678 0.0178447 0.0509756 0.0191373 0.0013169 0.0175055 0.0265419 
0.868357 0.0134957 0.0586158 0.0154645 0.00150678 0.0143447 0.0282152 
0.877056 0.0130127 0.0499798 0.0216261 0.00372818 0.0110354 0.0235613 
0.876829 0.012531 0.0529981 0.00968104 0.00233628 0.0153637 0.0302607 
0.854504 0.0112145 0.0682028 0.00895733 0.00146693 0.0143688 0.0412854 
0.845707 0.0144995 0.0619275 0.0277309 0.002023 0.0175891 0.0305229 
0.836332 0.00968687 0.0799265 0.0119918 0.00143563 0.0136042 0.047023 
0.850019 0.0146889 0.0599511 0.0158508 0.00188649 0.0243751 0.0332287 
0.855417 0.016609 0.0490477 0.0277576 0.00357243 0.0220945 0.0255014 
0.860123 0.0133169 0.0559663 0.0230149 0.00172413 0.014337 0.0315178 
0.860153 0.011128 0.0645699 0.0166223 0.00142455 0.0100894 0.0360124 
0.877112 0.0126552 0.0484936 0.0222844 0.0019608 0.012349 0.0251449 
0.864522 0.0137472 0.0504302 0.0309797 0.00214709 0.0123692 0.0258051 
0.850569 0.0157845 0.0524434 0.0330872 0.00200986 0.0126774 0.0334283 
0.875735 0.0151519 0.0436522 0.0282309 0.00234535 0.0099174 0.0249677 
0.878723 0.0146166 0.0431328 0.0237535 0.00335028 0.0122948 0.0241286 
0.880976 0.0138508 0.0446816 0.0190673 0.00250671 0.0111536 0.027764 
0.850259 0.0125163 0.0525816 0.0469682 0.00247055 0.00809363 0.0271106 
0.862887 0.0103685 0.0568726 0.0248323 0.00189663 0.00827061 0.0348728 
0.883576 0.0141012 0.0395159 0.0231788 0.00455351 0.0104538 0.0246208 
0.867149 0.0145709 0.037915 0.0391093 0.00611895 0.0146308 0.0205066 
0.860367 0.016308 0.0329954 0.0530449 0.00707779 0.0115329 0.0186741 
0.854711 0.0209119 0.0325695 0.0598462 0.00816158 0.00999905 0.0138005 
0.857315 0.0149813 0.0454446 0.0460707 0.00603866 0.00942902 0.0207206 
0.854144 0.0146156 0.0486814 0.0435696 0.00462603 0.0103024 0.0240605 
0.857922 0.0147723 0.0433933 0.0499551 0.00761733 0.0084304 0.0179097 
0.869722 0.0129003 0.0523789 0.0291709 0.00448219 0.00643906 0.0249067 
0.859657 0.023637 0.0444385 0.0324932 0.00262729 0.0142004 0.0229471 
0.877413 0.0147392 0.0421432 0.0268234 0.00555605 0.0118872 0.0214379 
0.878076 0.0139501 0.0451966 0.0238794 0.00447378 0.012804 0.0216204 
0.859574 0.0112808 0.0601662 0.0214261 0.00193098 0.00974147 0.0358809 
0.866861 0.0109742 0.0568583 0.024168 0.00270104 0.00826402 0.0301731 
0.86197 0.0139395 0.0486641 0.0219992 0.00392806 0.0147677 0.0347314 
0.844133 0.019345 0.0630912 0.0275648 0.00736282 0.0190553 0.0194474 
0.500814 0.035676 0.153815 0.0263709 0.00316567 0.272944 0.007215 
0.582464 0.0306501 0.131155 0.0182363 0.00322235 0.22345 0.010822 
0.674826 0.0152144 0.158426 0.0156946 0.00279156 0.111343 0.0217044 
0.687768 0.0152782 0.164173 0.0286789 0.0103053 0.0742197 0.0195771 
0.666068 0.014244 0.180582 0.0192126 0.00469688 0.0917287 0.0234676 
0.722846 0.0131162 0.17727 0.0117695 0.0035123 0.0519508 0.0195355 
0.81249 0.0068154 0.124514 0.010516 0.00231493 0.0184824 0.0248673 
0.868965 0.0101558 0.0528747 0.0167543 0.0018925 0.0182883 0.0310689 
0.857434 0.016919 0.0448121 0.0348677 0.00172537 0.0240205 0.020221 
0.83156 0.0268324 0.0511791 0.0359013 0.00122027 0.0274594 0.0258477 
0.842059 0.0160649 0.0602651 0.0292837 0.00136318 0.0211344 0.0298295 
0.849616 0.0189614 0.0588966 0.0287972 0.00140123 0.0177304 0.0245971 
0.863275 0.0151985 0.0550338 0.017601 0.00191725 0.0188639 0.0281107 
0.598273 0.0431352 0.0830284 0.00917848 0.00193817 0.228816 0.035631 
0.337377 0.0264493 0.170775 0.00292053 0.00159922 0.445718 0.0151614 
0.735058 0.0106562 0.124772 0.00580732 0.00147505 0.0809623 0.0412693 
0.768756 0.0097869 0.145703 0.00727861 0.00133 0.0371286 0.0300165 
0.732134 0.0137981 0.138778 0.0119065 0.00321241 0.0723324 0.0278392 
0.475534 0.0227849 0.231585 0.00364378 0.00193678 0.25293 0.0115848 
0.418491 0.0243058 0.16931 0.00417064 0.00139315 0.370345 0.0119842 
0.590832 0.0224591 0.158962 0.00608948 0.00200224 0.202551 0.0171044 
0.67435 0.0245598 0.123019 0.00965138 0.00299783 0.145093 0.020329 
0.712611 0.0173411 0.15489 0.00795914 0.00256969 0.0851813 0.0194481 
0.698992 0.0112153 0.162178 0.00891345 0.00172169 0.0845835 0.0323957 
0.672485 0.0110313 0.171709 0.0422821 0.00168766 0.0661591 0.0346462 
0.643699 0.017598 0.143309 0.0398908 0.00208987 0.117059 0.0363541 
0.769034 0.0123783 0.118931 0.0259286 0.00214519 0.0509843 0.0205992 
0.718086 0.014584 0.139183 0.0205949 0.00111041 0.0831366 0.0233053 
0.782175 0.0105343 0.103305 0.03086 0.00162494 0.0463804 0.0251198 
0.773596 0.0159737 0.0819936 0.0400265 0.00288855 0.059637 0.0258852 
0.783769 0.0178108 0.0679846 0.0565297 0.00287417 0.0507982 0.0202338 
0.834019 0.0170553 0.0507441 0.047708 0.00345631 0.0306683 0.0163488 
0.859891 0.0163952 0.0542302 0.0244429 0.00218786 0.0248233 0.0180296 
0.856424 0.0143705 0.0539177 0.0336951 0.00351223 0.0190799 0.0190005 
0.836493 0.0158285 0.0592795 0.0545676 0.00261103 0.0148616 0.016359 
0.855519 0.0212059 0.0564189 0.0306976 0.0017811 0.0143539 0.0200231 
0.867315 0.0217271 0.0396874 0.0407833 0.00411199 0.012669 0.0137057 
0.847095 0.0206778 0.0504861 0.0423201 0.00255601 0.0178405 0.0190247 
0.849603 0.0169519 0.0524135 0.0304888 0.00179275 0.0251453 0.0236045 
0.867985 0.0200421 0.043595 0.0273117 0.00211797 0.0190768 0.0198712 
0.867183 0.0267709 0.0346353 0.0348608 0.00261683 0.0179467 0.0159861 
0.877351 0.019064 0.0440341 0.0254875 0.0018428 0.015285 0.016936 
0.723149 0.014311 0.0621693 0.157658 0.00237692 0.0144364 0.0258994 
0.664374 0.0141123 0.0594832 0.223935 0.00239682 0.0076233 0.0280756 
0.738796 0.0133982 0.0584533 0.1441 0.0025669 0.0125758 0.0301093 
0.684155 0.0106672 0.0586016 0.190442 0.00479189 0.0156329 0.035709 
0.703531 0.0105486 0.0642914 0.171089 0.00370114 0.0147405 0.0320986 
0.597185 0.00997048 0.0565725 0.29573 0.00489318 0.00765098 0.0279984 
0.572906 0.0116184 0.0530467 0.33124 0.00385733 0.00529884 0.0220329 
0.590857 0.0188382 0.0410752 0.321521 0.0034291 0.00909757 0.0151813 
0.612549 0.0236161 0.0383012 0.283687 0.00442361 0.0206569 0.0167662 
0.614749 0.0195139 0.0361879 0.301714 0.00384662 0.00963653 0.0143513 
0.580466 0.0222704 0.0347824 0.336423 0.00367611 0.0110368 0.0113447 
0.495636 0.0173685 0.0366399 0.42932 0.00302901 0.00646627 0.0115404 
0.536394 0.0137782 0.0488688 0.380207 0.00305645 0.00436576 0.0133302 
0.613471 0.0110286 0.0500332 0.292435 0.00783065 0.00824812 0.0169535 
0.654133 0.0107849 0.0708933 0.231329 0.00366579 0.00918159 0.0200125 
0.72969 0.012263 0.0777867 0.12569 0.00223914 0.0126304 0.0397007 
0.566281 0.0188375 0.100466 0.229409 0.0032843 0.0196455 0.0620758 
0.528938 0.0189117 0.0426972 0.377769 0.00355339 0.012024 0.0161073 
0.424029 0.0114752 0.0393589 0.496705 0.00513005 0.00702882 0.0162732 
0.486912 0.0117897 0.0898228 0.365774 0.00310237 0.0100133 0.0325858 
0.410025 0.0107586 0.0974717 0.425321 0.00420404 0.0107323 0.0414879 
