0.855631 0.00944372 0.0674012 0.0222566 9.48683E-4 0.0115018 0.0328171 
0.837169 0.00783253 0.0699876 0.0408706 0.00133381 0.00739575 0.0354106 
0.830214 0.00902232 0.0668428 0.0500127 0.00167216 0.00957156 0.032664 
0.861491 0.0104887 0.0599585 0.0315376 0.00133162 0.010541 0.0246513 
0.854583 0.00923707 0.0582901 0.0334557 0.00210098 0.0132983 0.0290345 
0.853203 0.00819643 0.0583528 0.0424459 0.00210241 0.0100562 0.0256431 
0.859869 0.00846433 0.0572062 0.0374252 0.00252435 0.0111696 0.0233415 
0.884776 0.0104878 0.0448584 0.0202407 0.00273325 0.0125305 0.0243738 
0.878281 0.00846626 0.0545555 0.0146518 0.00156119 0.0126581 0.0298261 
0.87937 0.00940552 0.0535892 0.0225899 0.00188952 0.00906046 0.0240956 
0.875947 0.010743 0.0553148 0.0134497 0.00108702 0.0106425 0.0328157 
0.859655 0.0117869 0.055533 0.0304457 0.00135099 0.0107846 0.0304442 
0.861419 0.0116765 0.0545437 0.0217773 0.00117456 0.0174744 0.0319343 
0.868983 0.01345 0.0488418 0.0164314 0.00115117 0.0210038 0.030139 
0.835262 0.0100482 0.0700559 0.0260056 9.70838E-4 0.0155511 0.0421058 
0.827381 0.0103698 0.0666775 0.0195141 0.00115231 0.0120549 0.0628501 
0.830164 0.00894167 0.0705575 0.0204455 0.00107085 0.0122106 0.05661 
0.817368 0.00870306 0.075822 0.020002 9.58612E-4 0.0152898 0.0618561 
0.837417 0.0106463 0.0617545 0.0303302 0.001265 0.0154968 0.0430908 
0.832524 0.010998 0.0647145 0.0214763 0.0010346 0.0140818 0.055171 
0.823864 0.0103251 0.0737784 0.0169982 8.74329E-4 0.0139602 0.0601994 
0.831963 0.0107278 0.070037 0.0284689 0.00110773 0.0120538 0.045642 
0.846038 0.00923884 0.0663045 0.0255296 0.00111578 0.0104718 0.0413018 
0.866439 0.0128626 0.0600385 0.0209307 0.00101849 0.00850843 0.0302027 
0.862456 0.0107854 0.0613129 0.0298221 0.00112073 0.00822409 0.026279 
0.84604 0.00813353 0.0715459 0.0290407 0.0012068 0.00638584 0.0376471 
0.826063 0.00813883 0.0773653 0.0197964 0.00102557 0.008708 0.0589025 
0.801563 0.00816877 0.088654 0.015714 7.96878E-4 0.0117215 0.0733813 
0.762079 0.00816332 0.0895097 0.0185251 8.36267E-4 0.0124193 0.108468 
0.815258 0.00888166 0.0804325 0.015694 0.00111748 0.0117027 0.0669138 
0.831111 0.0091001 0.0656268 0.0287336 0.00138002 0.0096185 0.0544303 
0.80705 0.00909791 0.0802928 0.0202269 8.15928E-4 0.00937303 0.0731431 
0.767333 0.00653949 0.105899 0.0176076 7.57527E-4 0.00916377 0.0926989 
0.674219 0.00703694 0.12527 0.0111207 4.54827E-4 0.0103774 0.17152 
0.81572 0.00569696 0.0823122 0.0110555 9.17228E-4 0.00796213 0.0763355 
0.762999 0.00578092 0.095122 0.0149207 8.84996E-4 0.0119239 0.108368 
0.826423 0.00787157 0.072534 0.0221406 0.0014981 0.0178869 0.0516458 
0.783273 0.0062238 0.0932378 0.0257139 0.00107485 0.00904869 0.0814275 
0.772724 0.00784014 0.101491 0.0682815 0.00124846 0.00534423 0.0430699 
0.847821 0.007582 0.0734522 0.0294681 0.00168319 0.0075444 0.0324493 
0.81196 0.00624954 0.0912201 0.0273827 0.00127643 0.00880996 0.0531015 
0.780038 0.00796432 0.0902883 0.0153738 7.87818E-4 0.0186983 0.0868491 
0.777927 0.00686793 0.0995065 0.00928831 6.79312E-4 0.0174917 0.0882392 
0.814856 0.00654589 0.0807372 0.0155683 0.00202601 0.0154943 0.0647722 
0.815099 0.00996988 0.0746226 0.0185357 0.00128122 0.0242939 0.0561978 
0.777568 0.00957995 0.0831263 0.0204461 0.00114663 0.0263378 0.0817956 
0.828133 0.011399 0.0545757 0.0360701 0.00233617 0.0256345 0.0418514 
0.840898 0.013051 0.0466614 0.0417135 0.00254273 0.0182211 0.0369122 
0.820927 0.0127529 0.0645182 0.0348774 0.00166219 0.0214338 0.0438287 
0.829448 0.0109173 0.0649292 0.0178423 0.00114446 0.0164483 0.0592707 
0.7507 0.0110184 0.0828821 0.0556859 0.00172174 0.0143919 0.0836005 
0.788079 0.0106059 0.0750217 0.0347578 0.00133548 0.0193164 0.0708841 
0.765607 0.00794671 0.0841231 0.0303471 0.00165321 0.0106832 0.0996399 
0.753292 0.00873517 0.0804116 0.0304498 0.00127986 0.0096763 0.116155 
0.743914 0.00985155 0.0839724 0.0241211 0.00103928 0.0159764 0.121125 
0.779811 0.0101593 0.0785533 0.0228941 9.40139E-4 0.0157951 0.0918473 
0.805861 0.0102477 0.0745627 0.0271175 0.00107214 0.0117167 0.0694228 
0.79649 0.00971673 0.0894424 0.0214958 7.56927E-4 0.0105942 0.0715039 
0.838201 0.00833206 0.0778023 0.0157977 9.65876E-4 0.00540398 0.0534968 
0.826902 0.0102921 0.0682212 0.0316213 0.00142563 0.00595068 0.0555872 
0.845718 0.0103281 0.0648132 0.0339442 0.00164595 0.00684514 0.0367053 
0.808402 0.0114165 0.0813678 0.0428825 0.00142063 0.0101534 0.0443572 
0.808793 0.00789086 0.0837176 0.0309495 0.00117874 0.00690878 0.0605617 
0.807386 0.00887437 0.0829633 0.0455431 0.0015178 0.00710578 0.0466101 
0.782031 0.0149781 0.0588809 0.110212 0.00243683 0.00675749 0.0247036 
0.824472 0.0131626 0.0563894 0.0658727 0.00237669 0.00788685 0.0298396 
0.789288 0.0114127 0.057405 0.106302 0.00311635 0.0061383 0.0263379 
0.816015 0.00987128 0.0656295 0.0680206 0.00195491 0.00537141 0.0331371 
0.830196 0.0116934 0.0580941 0.0624874 0.00238255 0.00694517 0.0282012 
0.807512 0.0104517 0.0579087 0.0864157 0.0030141 0.00617855 0.0285192 
0.824103 0.0113407 0.0559909 0.0700562 0.00260866 0.00465483 0.0312462 
0.826583 0.00836386 0.0722289 0.0369648 0.00180773 0.00552928 0.0485223 
0.840504 0.00884819 0.0690433 0.019942 0.00137972 0.00682192 0.0534608 
0.81866 0.00761811 0.083663 0.0116542 8.28366E-4 0.00492163 0.0726552 
0.761057 0.00685134 0.100464 0.0091731 6.82335E-4 0.00883392 0.112939 
0.639743 0.00695524 0.145374 0.00893059 4.55022E-4 0.0089338 0.189608 
0.658462 0.00896378 0.124593 0.0634504 0.0016926 0.00919229 0.133647 
0.773337 0.0137882 0.0862255 0.0717314 0.00138692 0.00756729 0.045964 
0.568012 0.0255118 0.033038 0.317866 0.0163498 0.0227359 0.016487 
0.816262 0.0148404 0.0478078 0.0671799 0.00514248 0.0164207 0.0323467 
0.677856 0.0123742 0.107733 0.112069 0.00193504 0.025984 0.0620483 
0.758399 0.0106456 0.0780018 0.0993994 0.00151487 0.0124304 0.0396091 
0.790675 0.00809017 0.0900314 0.0703192 0.00123844 0.00769763 0.0319483 
0.83168 0.00835335 0.0697253 0.0491125 0.00142491 0.00738246 0.0323211 
0.818971 0.0100928 0.0597017 0.0692882 0.0021044 0.00633786 0.0335043 
0.847506 0.00709273 0.0631556 0.0367765 0.00220899 0.00635239 0.0369079 
0.84959 0.00803869 0.0594525 0.0484855 0.00220518 0.00718305 0.025045 
0.845626 0.0116889 0.0434127 0.065551 0.00402664 0.00888849 0.0208064 
0.839247 0.00776458 0.0750168 0.0265445 0.0012392 0.00685321 0.043335 
0.806549 0.00820413 0.0729283 0.0596609 0.00204795 0.00671355 0.0438962 
0.832194 0.00777198 0.0769355 0.0415378 0.00181153 0.00451047 0.0352388 
0.805577 0.00764451 0.0894194 0.0481691 0.0014942 0.00535674 0.0423387 
0.818045 0.00783899 0.0774171 0.0558101 0.00195409 0.0067547 0.0321802 
0.808583 0.00699352 0.0944892 0.0244941 0.00121882 0.00539948 0.0588224 
0.808999 0.00785913 0.085913 0.0310864 0.00144314 0.00655424 0.0581453 
0.810726 0.0063472 0.0960861 0.0226535 0.00144382 0.00615671 0.0565869 
0.839639 0.00796378 0.0720814 0.0376941 0.00214506 0.00601221 0.0344648 
0.808135 0.00802431 0.0913483 0.0395461 0.00156513 0.00491023 0.0464712 
0.820834 0.00881295 0.06435 0.057728 0.00378172 0.00651392 0.037979 
0.807621 0.00890346 0.0805042 0.0489956 0.0016391 0.00624925 0.0460874 
0.799827 0.00939339 0.0801701 0.0495414 0.00180616 0.00896873 0.0502932 
0.865801 0.0113326 0.0549399 0.0229811 0.00160976 0.00923953 0.0340964 
0.822196 0.011411 0.0768927 0.0293543 9.57325E-4 0.00656207 0.0526267 
0.857507 0.0100643 0.0580726 0.0275987 0.00207668 0.00586284 0.038818 
0.555289 0.00948045 0.0706209 0.316869 0.00627013 0.0101873 0.0312835 
0.523895 0.00885802 0.0741681 0.346232 0.00610127 0.00767392 0.033072 
0.360342 0.00753245 0.0673174 0.527671 0.0049645 0.00637526 0.0257978 
0.561299 0.0109504 0.0655567 0.317281 0.00467045 0.00834649 0.0318955 
0.476694 0.0122712 0.03957 0.437896 0.00582642 0.00973806 0.0180035 
0.532459 0.0109049 0.0595299 0.353952 0.00565001 0.0135851 0.0239192 
0.545414 0.012739 0.0705727 0.320698 0.00401457 0.0168155 0.029747 
0.43082 0.0117192 0.0766915 0.431563 0.00354753 0.0166336 0.0290253 
0.282679 0.00988398 0.0850146 0.568985 0.00343923 0.00881389 0.0411839 
0.349912 0.0165348 0.155496 0.372474 0.00786222 0.0167521 0.0809693 
0.353503 0.0106448 0.113741 0.447381 0.00616209 0.0136703 0.0548979 
0.420614 0.0112983 0.115003 0.376426 0.00501083 0.010467 0.0611807 
0.486536 0.00963146 0.0871018 0.353049 0.00434657 0.0103081 0.0490266 
0.270081 0.00608945 0.0381617 0.662804 0.00489486 0.00424555 0.0137241 
0.410551 0.00684302 0.0669134 0.472766 0.00555804 0.00600719 0.0313614 
0.34317 0.00519313 0.046583 0.57395 0.00581957 0.00423761 0.0210464 
0.420759 0.0104802 0.082338 0.422666 0.00401121 0.0122248 0.0475208 
0.583402 0.00867237 0.0874597 0.264051 0.00469141 0.00974555 0.0419782 
0.715571 0.00585702 0.0576212 0.178899 0.00997619 0.00808752 0.0239881 
0.645393 0.00794519 0.0452217 0.267654 0.00838862 0.00802307 0.0173748 
0.634325 0.00967121 0.047721 0.282212 0.00529209 0.00651404 0.0142648 
0.582526 0.010992 0.0553906 0.319353 0.0033171 0.00642318 0.0219989 
0.567836 0.0116951 0.0476256 0.333269 0.00484656 0.00735301 0.0273745 
0.529975 0.0132754 0.0485486 0.367922 0.00457905 0.00688562 0.0288141 
0.497774 0.0105978 0.046972 0.401127 0.00681261 0.0116881 0.0250283 
0.48786 0.0136928 0.0628318 0.364665 0.0049642 0.0219153 0.0440713 
0.398054 0.0139212 0.0490933 0.510594 0.00272105 0.0079823 0.0176345 
0.510285 0.0118329 0.0639196 0.378896 0.00295077 0.0059327 0.0261828 
0.473574 0.010056 0.0499125 0.438598 0.00342648 0.00534938 0.0190835 
0.382112 0.0120631 0.0747942 0.484812 0.00247899 0.00749526 0.0362442 
0.506494 0.017902 0.116384 0.258803 0.00411134 0.0135592 0.0827467 
0.366604 0.0126046 0.0696913 0.512236 0.00231254 0.0073752 0.0291756 
0.264692 0.0118256 0.0339273 0.661379 0.00332678 0.00909333 0.0157561 
0.379023 0.0113115 0.0581299 0.513648 0.00320838 0.010648 0.0240312 
0.376488 0.00657022 0.0521273 0.53197 0.00561759 0.00535551 0.0218713 
0.442537 0.00822496 0.0811027 0.42489 0.00467201 0.00597134 0.0326022 
0.519056 0.00710722 0.0867217 0.332406 0.00610318 0.0062951 0.0423108 
0.569669 0.00778756 0.0850393 0.279205 0.00614905 0.00637596 0.0457736 
0.614638 0.00817947 0.0933261 0.222204 0.00466918 0.00613665 0.0508464 
0.553855 0.00963376 0.10065 0.264017 0.00489236 0.00657753 0.060374 
0.62508 0.0103187 0.100849 0.171522 0.00410659 0.0102778 0.0778459 
0.458342 0.00734021 0.0753356 0.414819 0.00580322 0.00634039 0.0320188 
0.654626 0.00990048 0.101785 0.161409 0.00325832 0.00714631 0.0618752 
0.555599 0.00876902 0.113837 0.249615 0.0049867 0.00722363 0.0599705 
0.562655 0.00859649 0.126317 0.219419 0.00504998 0.00643042 0.0715329 
0.643358 0.00782879 0.11612 0.139474 0.00390546 0.00548331 0.0838307 
0.601294 0.00903752 0.106374 0.196082 0.00414801 0.00711164 0.0759533 
0.691436 0.00881276 0.0986483 0.123892 0.00313423 0.00523025 0.0688474 
0.530232 0.0124797 0.132083 0.219681 0.00477403 0.00994004 0.0908105 
0.350221 0.010138 0.076879 0.52546 0.00299536 0.0074957 0.0268105 
0.704212 0.00857392 0.0753813 0.167074 0.00388078 0.00860258 0.0322761 
0.677241 0.00810624 0.0782449 0.194346 0.00447903 0.00807764 0.0295045 
0.638102 0.00737687 0.0744595 0.238935 0.00521975 0.0082226 0.0276843 
0.702575 0.00821664 0.0814368 0.149754 0.00358577 0.00688951 0.0475419 
0.503943 0.00803202 0.0892588 0.335106 0.00639663 0.0106805 0.0465837 
0.529432 0.00799807 0.0743499 0.343167 0.00492995 0.00794122 0.0321815 
0.531486 0.00847754 0.0805528 0.334255 0.00470843 0.00810516 0.0324151 
0.725339 0.0094513 0.0669414 0.160582 0.00358783 0.00701918 0.0270799 
0.708644 0.00801617 0.0857184 0.144646 0.00370978 0.00459309 0.0446721 
0.709033 0.0078268 0.0946512 0.1261 0.00312086 0.0057963 0.0534717 
0.58916 0.0078799 0.0981977 0.254736 0.00504219 0.00718661 0.0377969 
0.571318 0.00879476 0.0939272 0.279266 0.00439629 0.00867736 0.0336199 
0.536919 0.0111919 0.0759392 0.334044 0.00362431 0.0128265 0.025455 
0.633641 0.0104103 0.110831 0.181214 0.00352563 0.0105021 0.0498758 
0.659723 0.00959997 0.102187 0.163151 0.00393332 0.0103211 0.0510848 
0.556467 0.0109108 0.102774 0.242086 0.00472843 0.0139934 0.0690406 
0.446666 0.0124603 0.108411 0.360606 0.00450614 0.0117785 0.0555722 
0.445774 0.00887602 0.0910985 0.392992 0.00552679 0.00843448 0.047298 
0.39003 0.0135501 0.113744 0.400538 0.00479702 0.0125165 0.0648246 
0.589421 0.011536 0.0726489 0.274879 0.0051649 0.00767628 0.0386743 
0.39542 0.0128874 0.0982209 0.438935 0.00342345 0.00849933 0.0426142 
0.491482 0.0118067 0.109434 0.307736 0.00416637 0.00733832 0.0680359 
0.263498 0.0122924 0.080251 0.607525 0.00210599 0.00518567 0.0291416 
0.422009 0.0133296 0.132317 0.351048 0.00500663 0.0115285 0.0647606 
0.411016 0.0193436 0.0767251 0.456468 0.0020801 0.0128607 0.021507 
0.468192 0.0106713 0.0757106 0.404979 0.00305543 0.00714185 0.0302497 
0.39033 0.01061 0.0887423 0.460269 0.00349096 0.00641229 0.0401459 
0.339829 0.0093778 0.0749988 0.538533 0.00336575 0.0052583 0.0286369 
0.241858 0.00863318 0.0835562 0.627287 0.00322457 0.00457381 0.0308663 
0.335224 0.0101406 0.0723254 0.545111 0.00255786 0.00464682 0.0299942 
0.310181 0.00937186 0.0692116 0.568887 0.00337396 0.00677359 0.0322005 
0.309107 0.00987757 0.0586062 0.587975 0.002663 0.00775254 0.0240188 
0.305749 0.0163009 0.0792226 0.557776 0.00217791 0.0120818 0.0266917 
0.484826 0.0142883 0.0621664 0.394007 0.00273984 0.012892 0.0290804 
0.77082 0.00737856 0.0839308 0.104398 0.00323803 0.00234909 0.0278853 
0.774353 0.00609015 0.0928318 0.0384168 0.00169913 0.0028183 0.083791 
0.616041 0.0123611 0.113303 0.134793 0.00284593 0.0102984 0.110357 
0.470323 0.0217302 0.104353 0.297012 0.00327904 0.0228511 0.0804511 
0.286571 0.0582506 0.0251178 0.594148 0.00571816 0.0174745 0.0127201 
0.248181 0.052353 0.0195941 0.641429 0.00718225 0.0196746 0.0115861 
0.205687 0.0178138 0.015011 0.732898 0.00868863 0.0125927 0.00730864 
0.357841 0.0128628 0.0481868 0.550103 0.00291852 0.0124465 0.0156415 
0.360501 0.0128863 0.0584191 0.524983 0.00312611 0.0158249 0.0242586 
0.422074 0.0128625 0.0818926 0.429823 0.00347441 0.0106738 0.0391992 
0.271991 0.00855415 0.0456099 0.639304 0.00389963 0.00937151 0.0212698 
0.354489 0.012364 0.0458395 0.554181 0.0039175 0.00891895 0.0202907 
0.38147 0.0118434 0.0706041 0.488324 0.00331545 0.0129303 0.0315122 
0.500622 0.00767529 0.0752832 0.365738 0.00674545 0.0111574 0.0327782 
0.597512 0.00988042 0.0963869 0.214201 0.00439344 0.0109705 0.0666555 
0.602687 0.00992683 0.110764 0.143644 0.00433151 0.0164865 0.112161 
0.627061 0.0101401 0.110611 0.167063 0.00395788 0.0136255 0.0675413 
0.573031 0.0111383 0.110553 0.224527 0.0049461 0.0152676 0.060537 
0.447851 0.0106775 0.120393 0.326544 0.00660169 0.019721 0.0682108 
0.633595 0.00937247 0.102175 0.126624 0.00373377 0.0138217 0.110677 
0.88493 0.0163827 0.0451512 0.0170109 0.00475008 0.00941844 0.0223565 
0.893665 0.0133502 0.0474653 0.0088183 0.00283294 0.00803572 0.0258328 
0.889685 0.0129398 0.0485386 0.0107106 0.0029861 0.00592754 0.0292125 
0.886934 0.0160351 0.0470768 0.0134863 0.00523217 0.00709137 0.0241443 
0.890196 0.0141608 0.0470506 0.0162096 0.00371627 0.00736798 0.0212988 
0.886785 0.0180466 0.0439174 0.0167532 0.00521762 0.00768504 0.0215954 
0.870375 0.0206872 0.0454115 0.0328429 0.00541297 0.00472531 0.0205448 
0.886711 0.0165752 0.0428437 0.0234944 0.00447916 0.00619326 0.0197036 
0.880378 0.020879 0.0343181 0.0270964 0.00565757 0.0130753 0.0185956 
0.881737 0.0182195 0.0398085 0.0250352 0.00554678 0.0106256 0.0190273 
0.88153 0.012637 0.0471483 0.0252673 0.00632027 0.00607287 0.0210246 
0.884443 0.0186969 0.0372858 0.0305107 0.00448724 0.00867034 0.0159063 
0.892242 0.0121254 0.0469143 0.0163765 0.00375456 0.0097131 0.0188738 
0.885739 0.0153257 0.04394 0.0198718 0.00392312 0.00865312 0.0225469 
0.884959 0.013783 0.0483028 0.0171609 0.00275225 0.00922181 0.0238207 
0.887518 0.0149589 0.0428362 0.0169953 0.00290956 0.0100089 0.0247733 
0.88213 0.0181091 0.046176 0.0137748 0.00382928 0.0106814 0.0252998 
0.8651 0.0123318 0.0547593 0.0205858 0.00642505 0.00941479 0.0313833 
0.884615 0.0139735 0.0418478 0.0217925 0.0064742 0.00982916 0.0214676 
0.879787 0.0130518 0.0454801 0.0157479 0.00692306 0.0114208 0.0275896 
0.886844 0.0158747 0.0361593 0.0259127 0.0063559 0.00904072 0.0198124 
0.875412 0.0153318 0.0482431 0.0213698 0.00670412 0.00873062 0.0242087 
0.86452 0.0117831 0.0540114 0.02466 0.00551499 0.00907963 0.0304311 
0.883159 0.0187158 0.0392665 0.0219483 0.00798687 0.00793542 0.0209883 
0.888498 0.0182992 0.0413918 0.0188705 0.00575405 0.00677566 0.0204103 
0.873514 0.0111237 0.050181 0.0249097 0.00860289 0.00693065 0.0247385 
0.873349 0.0135691 0.047339 0.0257557 0.00577827 0.00638315 0.027826 
0.864629 0.0123715 0.05029 0.0272406 0.00487802 0.0134319 0.027159 
0.871019 0.00947254 0.058974 0.0149372 0.00539941 0.00937181 0.0308261 
0.887641 0.0103608 0.0516209 0.0117772 0.00300591 0.00962578 0.0259681 
0.135072 0.119035 0.00649756 0.0123082 0.00311358 0.721896 0.00207804 
0.207588 0.142106 0.0146513 0.0192085 0.00197039 0.607618 0.00685816 
0.468115 0.128132 0.0167907 0.0428722 0.00688941 0.317225 0.0199754 
0.554582 0.151766 0.0171073 0.0933867 0.0177977 0.151646 0.0137131 
0.474739 0.136542 0.0152819 0.0398195 0.00777876 0.315317 0.0105219 
0.36788 0.128363 0.0208043 0.0272083 0.00318528 0.445328 0.00723133 
0.151642 0.0661266 0.00923893 0.018464 0.00433012 0.747349 0.00284901 
0.162908 0.0712925 0.0208405 0.0392687 0.00445675 0.692599 0.00863454 
0.232007 0.0888824 0.0249791 0.0498536 0.0055875 0.589291 0.00939947 
0.371252 0.108195 0.0216831 0.0746356 0.0143419 0.398621 0.0112711 
0.638556 0.0947421 0.0200463 0.0741746 0.0108277 0.143493 0.0181605 
0.593493 0.0731645 0.0191061 0.0321276 0.0108929 0.25181 0.019406 
0.676639 0.0775217 0.0222674 0.034796 0.00812015 0.161616 0.0190402 
0.643974 0.104997 0.0233868 0.0616729 0.00940595 0.141004 0.0155591 
0.686413 0.0651777 0.0262442 0.0610498 0.00850512 0.139501 0.0131095 
0.668695 0.0704916 0.0297921 0.0550213 0.00541187 0.155125 0.0154637 
0.783143 0.0811458 0.0130932 0.0555358 0.0261357 0.0266313 0.0143154 
0.697867 0.118154 0.0171109 0.0545806 0.0120251 0.0824947 0.0177678 
0.697605 0.129114 0.0164576 0.0474274 0.00827907 0.0859068 0.0152105 
0.469331 0.153002 0.0210559 0.0188413 0.00367076 0.325723 0.00837638 
0.366694 0.134243 0.0206177 0.0213249 0.00306656 0.446881 0.00717286 
0.606531 0.119775 0.020598 0.0450897 0.00614093 0.187627 0.0142394 
0.64839 0.120354 0.0155525 0.0343539 0.0112443 0.155837 0.0142676 
0.65593 0.0829482 0.0292703 0.0364777 0.00346287 0.172021 0.0198898 
0.559734 0.0793895 0.0313465 0.028619 0.00346916 0.284861 0.0125812 
0.491485 0.0863076 0.0433744 0.0734106 0.00644831 0.28697 0.0120041 
0.399149 0.0714555 0.0406875 0.0615144 0.00560097 0.411177 0.0104153 
0.37132 0.067892 0.0392868 0.0577779 0.00413217 0.44946 0.0101311 
0.327657 0.0922764 0.0358977 0.0448807 0.00284592 0.4865 0.00994242 
0.277959 0.0721888 0.0298112 0.0313241 0.00195176 0.578909 0.00785545 
0.403673 0.0801039 0.0444947 0.057177 0.00285177 0.39417 0.017529 
0.464338 0.0687848 0.034751 0.047874 0.00311169 0.358507 0.0226336 
0.48832 0.0838313 0.0352889 0.087937 0.00450604 0.27252 0.0275963 
0.833263 0.0400287 0.0287006 0.0436813 0.00378508 0.0281625 0.0223786 
0.788161 0.0618292 0.0251377 0.067146 0.00584699 0.0381396 0.0137394 
0.594224 0.0670088 0.0403829 0.064688 0.00737159 0.210695 0.0156292 
0.509697 0.0748215 0.0445492 0.0489228 0.00893513 0.302899 0.0101756 
0.594702 0.0855906 0.0331771 0.0901099 0.0147988 0.166223 0.0153986 
0.573702 0.0999488 0.0328274 0.0452487 0.00585358 0.220552 0.0218673 
0.644379 0.0882611 0.0337455 0.051929 0.00654429 0.14996 0.0251809 
0.782442 0.073861 0.0175892 0.0490661 0.0262845 0.0393396 0.0114174 
0.745668 0.090021 0.0265982 0.039197 0.0190757 0.0658212 0.0136189 
0.53384 0.077992 0.0323329 0.180166 0.0156612 0.137188 0.0228196 
0.80488 0.0673961 0.0195749 0.0619327 0.0114064 0.0247703 0.0100401 
0.718199 0.116011 0.0226349 0.0672579 0.015315 0.0489319 0.0116505 
0.511169 0.226946 0.0217682 0.0280847 0.0289942 0.172021 0.0110163 
0.635997 0.167711 0.0272038 0.0347643 0.0161084 0.104503 0.0137134 
0.576586 0.229316 0.0199065 0.0313555 0.0110068 0.118261 0.0135685 
0.567413 0.223978 0.0173357 0.0572804 0.0173035 0.103698 0.012992 
0.585357 0.212748 0.020064 0.0336851 0.0116059 0.122217 0.0143226 
0.465046 0.21061 0.0184657 0.0689113 0.0133732 0.211492 0.0121017 
0.444477 0.200882 0.0267173 0.0664492 0.0109491 0.24001 0.0105148 
0.181852 0.0965538 0.0351872 0.0361814 0.00459866 0.641393 0.00423359 
0.0694496 0.0605071 0.0331072 0.015538 0.00165404 0.817853 0.00189126 
0.147306 0.0790875 0.041368 0.0317207 0.00366301 0.693131 0.00372473 
0.48693 0.109086 0.0548177 0.0537229 0.00482426 0.283184 0.00743598 
0.393783 0.03759 0.0837725 0.0619284 0.00408874 0.402864 0.0159731 
0.444644 0.0858528 0.0341558 0.0386517 0.0052148 0.377013 0.0144681 
0.411327 0.0466004 0.038678 0.0363411 0.00308815 0.451761 0.0122043 
0.107852 0.158077 0.0244075 0.0580343 0.00519255 0.635722 0.0107148 
0.335372 0.0967774 0.0393309 0.0855294 0.0090967 0.417272 0.0166218 
0.143409 0.0903516 0.0338356 0.0504783 0.00731666 0.663213 0.0113965 
0.287724 0.071427 0.0259958 0.0488617 0.00545948 0.551785 0.00874758 
0.465659 0.0623445 0.0447271 0.0697529 0.00499611 0.33832 0.0142004 
0.313333 0.0540983 0.028929 0.0265365 0.00157484 0.56683 0.00869858 
0.470883 0.0711079 0.034407 0.0444454 0.00284901 0.363813 0.0124948 
0.674194 0.0702304 0.0426911 0.0261821 0.00224471 0.170618 0.0138397 
0.585165 0.115076 0.0257512 0.0372728 0.00461077 0.220561 0.0115636 
0.725287 0.0616967 0.0319718 0.0181974 0.00412712 0.140509 0.0182105 
0.773988 0.0677 0.0362748 0.0210788 0.003266 0.0834945 0.0141975 
0.763457 0.0987983 0.0282728 0.0417025 0.00495395 0.0498951 0.0129206 
0.836829 0.0509636 0.031289 0.0284091 0.00317642 0.0398404 0.00949293 
0.807419 0.0612973 0.0371959 0.0368303 0.00262837 0.0435163 0.0111132 
0.815649 0.0549341 0.0405474 0.0450755 0.00286776 0.0292967 0.0116295 
0.839184 0.0440945 0.0435036 0.0273037 0.0019085 0.0318506 0.0121547 
