0.86442 0.0221882 0.025609 0.057937 0.00713472 0.00628041 0.0164303 
0.87763 0.0223165 0.0310644 0.0370302 0.00437026 0.00777047 0.0198185 
0.864829 0.0197551 0.0309196 0.0492732 0.00526641 0.00720529 0.0227514 
0.87405 0.0162549 0.033954 0.0486875 0.003595 0.00516058 0.0182979 
0.874495 0.0164847 0.0368025 0.050094 0.00310174 0.00436444 0.0146576 
0.878398 0.0152368 0.0365428 0.0416526 0.00338499 0.00583247 0.0189525 
0.879471 0.0154526 0.0401318 0.0299551 0.00365651 0.00619314 0.02514 
0.880528 0.0225928 0.0309702 0.0302902 0.00624273 0.0071362 0.0222404 
0.886785 0.0166369 0.032968 0.0280923 0.00492524 0.00691875 0.0236741 
0.890664 0.0178188 0.0316694 0.0246095 0.00420945 0.00742424 0.0236049 
0.868582 0.0169625 0.0296347 0.0484525 0.00523473 0.00784935 0.0232842 
0.887933 0.0246735 0.0281376 0.0273338 0.00522332 0.00762854 0.01907 
0.889639 0.021961 0.0306459 0.0261391 0.00338946 0.00702693 0.0211984 
0.892971 0.0216931 0.0306413 0.0246795 0.00255191 0.0084818 0.0189809 
0.892538 0.0216737 0.0298532 0.0273812 0.00333947 0.00663407 0.0185802 
0.88603 0.0174023 0.0300013 0.0333363 0.00408493 0.00598913 0.0231556 
0.894193 0.0172727 0.0288649 0.0354264 0.0032239 0.00603946 0.0149801 
0.892003 0.0171098 0.0336156 0.0280168 0.0031452 0.00573404 0.0203756 
0.882053 0.0130083 0.042851 0.0223126 0.00300217 0.00364377 0.0331289 
0.881785 0.0126269 0.0405633 0.0258216 0.00714423 0.0037992 0.0282601 
0.864729 0.0127842 0.0429487 0.0391864 0.00504673 0.0045936 0.0307108 
0.845573 0.0164663 0.0321615 0.0739897 0.00498696 0.00787309 0.0189494 
0.812827 0.0169823 0.0328458 0.0980013 0.00435604 0.0118848 0.0231029 
0.815399 0.0201395 0.024327 0.109842 0.0108505 0.00660525 0.0128358 
0.820542 0.0132357 0.0378167 0.0903492 0.00671022 0.00685076 0.0244954 
0.826476 0.0110424 0.0449562 0.050535 0.00888528 0.00765681 0.0504485 
0.82055 0.00969144 0.0478793 0.0442029 0.010163 0.011755 0.0557586 
0.816772 0.0104744 0.0520018 0.0339974 0.00391675 0.0152256 0.0676119 
0.836107 0.011724 0.0484967 0.0229186 0.00423589 0.0160965 0.0604218 
0.874671 0.0109347 0.0339121 0.0464178 0.00716092 0.00761818 0.0192857 
0.848457 0.00662724 0.0503375 0.0504971 0.00598239 0.00668396 0.0314144 
0.857765 0.00861749 0.0440188 0.0423144 0.0034795 0.00681806 0.0369865 
0.851557 0.0129189 0.0346771 0.0603443 0.00710082 0.00720658 0.0261949 
0.855758 0.0111783 0.0434893 0.0397243 0.00454063 0.00770729 0.0376021 
0.860149 0.0106148 0.0349507 0.0546145 0.00596299 0.00540438 0.0283032 
0.894651 0.0116471 0.0385353 0.0172981 0.00286295 0.0068827 0.0281227 
0.872621 0.0110605 0.0440987 0.0303617 0.00212643 0.00740222 0.0323299 
0.884649 0.012702 0.039931 0.0281493 0.00263671 0.00705463 0.0248777 
0.876028 0.0202693 0.0222916 0.0575422 0.00468391 0.00814342 0.0110416 
0.884514 0.0124085 0.0353532 0.0403734 0.00317457 0.00668181 0.0174942 
0.858674 0.0105896 0.0419356 0.0570878 0.0024836 0.00750612 0.0217233 
0.854672 0.0126686 0.0365261 0.0631269 0.00437949 0.00816375 0.0204631 
0.84847 0.0151341 0.0324951 0.0769262 0.00468146 0.00658614 0.015707 
0.833437 0.0153325 0.0329873 0.0873527 0.00510066 0.00592247 0.0198669 
0.867344 0.0170612 0.0234239 0.0661736 0.00789215 0.00504267 0.013062 
0.873875 0.0145415 0.0292674 0.0459148 0.00943348 0.00476654 0.0222013 
0.886068 0.0112861 0.0395941 0.0243581 0.00428625 0.00619388 0.0282138 
0.882311 0.018909 0.0251609 0.0373792 0.0111343 0.00634011 0.0187656 
0.833384 0.0195153 0.030041 0.0828231 0.0073345 0.00732441 0.019578 
0.306978 0.0272569 0.0104763 0.586479 0.0507289 0.00891549 0.00916505 
0.109666 0.0301824 0.0125638 0.648452 0.158817 0.0281385 0.0121799 
0.131367 0.021988 0.0117647 0.690614 0.116694 0.0168328 0.0107396 
0.174981 0.0212511 0.0120886 0.699049 0.0697502 0.0126845 0.0101961 
0.134977 0.021153 0.00950456 0.711841 0.103731 0.0101434 0.00865091 
0.212343 0.0233544 0.0151312 0.561406 0.156382 0.0155971 0.0157863 
0.286087 0.0284034 0.0151101 0.555673 0.0877645 0.0125487 0.0144127 
0.259995 0.0312629 0.0145292 0.592 0.0749749 0.0139207 0.0133172 
0.475298 0.0396189 0.0171249 0.352049 0.083642 0.0159262 0.0163412 
0.323049 0.0273408 0.0195128 0.491609 0.105337 0.0159584 0.0171933 
0.336672 0.0261113 0.0164799 0.484747 0.106185 0.0147925 0.0150131 
0.423822 0.0309105 0.0203759 0.397249 0.0984466 0.0110972 0.0180992 
0.312931 0.0325463 0.0182341 0.490869 0.108968 0.0199682 0.0164839 
0.295636 0.0259152 0.0261131 0.517056 0.0899774 0.0238634 0.021439 
0.340665 0.0213813 0.0221491 0.513987 0.0635778 0.0183683 0.0198716 
0.274784 0.0188018 0.0181166 0.570848 0.087752 0.0125845 0.017113 
0.389293 0.0225642 0.0271592 0.396969 0.121344 0.0165439 0.0261259 
0.502077 0.0296753 0.0211919 0.364809 0.0508289 0.013263 0.0181552 
0.450239 0.0281648 0.0173655 0.418443 0.0579264 0.0131201 0.0147406 
0.377453 0.0259079 0.0152357 0.507436 0.0501012 0.00981655 0.0140497 
0.37644 0.0304122 0.0157645 0.48832 0.0622141 0.0119056 0.0149439 
0.369126 0.0308411 0.0141962 0.482894 0.0777506 0.0120227 0.0131696 
0.375827 0.0346801 0.0159074 0.462153 0.085925 0.011116 0.0143909 
0.374958 0.0318649 0.0178079 0.442275 0.103531 0.0133119 0.0162514 
0.377922 0.0423901 0.0186437 0.436885 0.0935927 0.0123936 0.0181731 
0.192707 0.00740272 0.0102564 0.758037 0.0222248 0.00297764 0.00639403 
0.145943 0.00540101 0.00962433 0.806958 0.0238826 0.00239399 0.00579646 
0.217658 0.00975404 0.015584 0.684824 0.0562208 0.00515231 0.0108076 
0.228337 0.00891545 0.0156498 0.700638 0.0316632 0.00419434 0.0106025 
0.302535 0.0124124 0.0173874 0.629728 0.0222355 0.00481737 0.0108846 
0.21878 0.00912563 0.014356 0.719077 0.0252582 0.00338608 0.010017 
0.350669 0.0114998 0.0253577 0.574227 0.0160979 0.00540841 0.0167405 
0.327093 0.00969152 0.0241209 0.608793 0.00999615 0.00438636 0.0159191 
0.22679 0.00892906 0.0156858 0.726619 0.0101851 0.00302086 0.00876993 
0.205386 0.0076964 0.013547 0.754092 0.0101615 0.0021154 0.00700135 
0.201618 0.00783161 0.0130192 0.75733 0.0103866 0.0019666 0.00784785 
0.299553 0.0110545 0.0160438 0.64567 0.0133961 0.00324116 0.0110418 
0.204 0.00758755 0.0141177 0.754781 0.00834849 0.00265249 0.00851324 
0.28374 0.0055242 0.0250774 0.658841 0.0101226 0.00271178 0.0139826 
0.260931 0.00878228 0.0263256 0.669939 0.0083407 0.00495707 0.0207243 
0.163298 0.00593953 0.0115816 0.80161 0.0088161 0.00207921 0.00667468 
0.259061 0.00889936 0.0158267 0.693275 0.0105896 0.00239281 0.00995574 
0.189091 0.00772577 0.011566 0.769686 0.0129338 0.00292925 0.00606892 
0.282966 0.00712336 0.0246619 0.662644 0.00686851 0.00251039 0.0132254 
0.306415 0.012807 0.0221679 0.637243 0.00582385 0.00386693 0.0116761 
0.350685 0.0153207 0.0188381 0.591373 0.0083304 0.00493197 0.0105205 
0.181161 0.013694 0.00974024 0.774429 0.0107695 0.00381421 0.00639209 
0.416439 0.0178205 0.0191787 0.514933 0.0125205 0.00522847 0.0138794 
0.697492 0.0171444 0.0381959 0.192063 0.00487254 0.00656371 0.0436692 
0.472869 0.0160269 0.023344 0.464839 0.00518247 0.0035268 0.0142126 
0.119432 0.0208625 0.00656096 0.835039 0.0102433 0.00272247 0.00513946 
0.0556811 0.00810217 0.0033692 0.92191 0.00677018 0.00177258 0.00239454 
0.181216 0.0112895 0.0098616 0.777265 0.0110843 0.00273444 0.00654949 
0.232266 0.0133917 0.0104122 0.716001 0.0182847 0.00312256 0.00652255 
0.168747 0.010939 0.00811589 0.782224 0.0217458 0.00279613 0.00543196 
0.421096 0.0133812 0.0178616 0.521029 0.0122861 0.00472914 0.00961685 
0.303665 0.00828586 0.0131976 0.64252 0.0201292 0.0043992 0.00780243 
0.34943 0.00786767 0.0238327 0.583424 0.0138071 0.00528161 0.0163574 
0.461965 0.0154156 0.0291977 0.442745 0.0128888 0.0137568 0.0240319 
0.528045 0.0170082 0.0268705 0.366208 0.0229963 0.0147176 0.0241547 
0.461032 0.0145115 0.0310661 0.449334 0.00849087 0.00860485 0.026961 
0.543962 0.0148228 0.0299126 0.348777 0.0179749 0.0142418 0.0303085 
0.551745 0.0158345 0.0293062 0.355768 0.011787 0.00740305 0.0281558 
0.542112 0.0194624 0.0198037 0.364692 0.026436 0.0118529 0.0156413 
0.503169 0.0162551 0.0236043 0.406581 0.0133187 0.0127361 0.0243364 
0.509148 0.0169154 0.0210428 0.405677 0.0192462 0.0105581 0.0174125 
0.415307 0.0176965 0.015512 0.506662 0.0256608 0.00711891 0.0120422 
0.397659 0.0192758 0.0143296 0.536622 0.0152512 0.00657111 0.0102916 
0.548845 0.0222888 0.0193989 0.373742 0.015976 0.00615981 0.0135898 
0.428237 0.0129127 0.0214185 0.508175 0.00953638 0.00553744 0.014183 
0.482734 0.0136737 0.0250662 0.439336 0.0138299 0.00658069 0.0187793 
0.350201 0.00894293 0.0196426 0.588819 0.0122998 0.00446294 0.0156316 
0.296891 0.0097714 0.014535 0.648431 0.0151722 0.00475895 0.01044 
0.412148 0.0151742 0.0173466 0.518741 0.0172165 0.00790788 0.0114659 
0.389547 0.0123391 0.0159168 0.547279 0.0164342 0.00685936 0.0116242 
0.211452 0.00930729 0.0097974 0.753234 0.00840552 0.0029712 0.00483271 
0.22914 0.0103602 0.00831367 0.733087 0.0118182 0.00291974 0.00436087 
0.297586 0.0139819 0.0112861 0.653332 0.0127931 0.0046426 0.006378 
0.386486 0.012807 0.0195577 0.555692 0.00913074 0.00554286 0.010784 
0.37169 0.0120845 0.018029 0.557264 0.0195581 0.00810514 0.0132697 
0.574641 0.0183304 0.0201442 0.336104 0.023198 0.0128651 0.0147172 
0.516296 0.0167621 0.0198007 0.408957 0.0165059 0.00801596 0.0136626 
0.446054 0.011184 0.0207179 0.485968 0.0170976 0.005093 0.0138848 
0.440019 0.0141484 0.0214367 0.492254 0.0123443 0.00617895 0.0136188 
0.489357 0.014657 0.0193926 0.443365 0.0156616 0.00598653 0.0115806 
0.444486 0.0144297 0.018639 0.497144 0.0103772 0.00511262 0.00981222 
0.510694 0.0260651 0.0141734 0.408925 0.0202543 0.0101672 0.00972117 
0.51825 0.02327 0.0166619 0.401813 0.02117 0.00820746 0.0106285 
0.51254 0.0152656 0.0216733 0.410287 0.0186133 0.00662935 0.0149917 
0.407792 0.0176461 0.015333 0.534414 0.0103749 0.00571942 0.00872067 
0.254948 0.0139762 0.00992357 0.701235 0.0107917 0.00383157 0.00529373 
0.332888 0.0132598 0.0134819 0.616747 0.01164 0.00589663 0.00608674 
0.371807 0.0119515 0.0177157 0.575512 0.00934571 0.00554194 0.00812621 
0.3504 0.0136712 0.0133933 0.593357 0.0158747 0.0053907 0.00791231 
0.218781 0.00876864 0.0118211 0.743756 0.0074398 0.00368249 0.00575116 
0.367621 0.0163054 0.0136074 0.570439 0.0156334 0.00752136 0.00887298 
0.368702 0.0105305 0.0167793 0.572796 0.0142095 0.00725044 0.00973179 
0.494865 0.0141943 0.0218525 0.436668 0.0118105 0.00887685 0.0117333 
0.369002 0.0131658 0.0187753 0.556756 0.0167645 0.0113205 0.0142152 
0.258887 0.0113312 0.0122004 0.689397 0.0134685 0.00617885 0.00853692 
0.319002 0.0159552 0.01188 0.62436 0.0160465 0.00502172 0.00773481 
0.398518 0.0134036 0.019646 0.529018 0.0121926 0.0132306 0.0139912 
0.424896 0.0125921 0.0269308 0.490603 0.0109179 0.0127757 0.0212844 
0.371527 0.0154217 0.0145629 0.555511 0.025711 0.00769895 0.00956774 
0.293459 0.0109694 0.0133821 0.641806 0.0245463 0.00656521 0.00927218 
0.163436 0.00593699 0.00861353 0.795268 0.018271 0.00353925 0.00493535 
0.36862 0.0080968 0.0281465 0.551836 0.0142219 0.0105869 0.0184918 
0.405365 0.0101213 0.0306117 0.501715 0.0148556 0.0104462 0.0268857 
0.383844 0.0115627 0.034827 0.49904 0.0216233 0.0160338 0.0330692 
0.430211 0.015959 0.03329 0.452654 0.0119836 0.020457 0.035446 
0.492449 0.011694 0.0325051 0.394519 0.0215252 0.0157752 0.0315326 
0.49559 0.0159192 0.0204438 0.42017 0.0206832 0.0096855 0.0175081 
0.449588 0.0175754 0.0196119 0.475718 0.0137861 0.0100219 0.0136982 
0.33066 0.0126733 0.0160627 0.612586 0.013062 0.00530264 0.00965336 
0.468176 0.0168071 0.0212897 0.466385 0.00909574 0.00686393 0.0113826 
0.516105 0.0154985 0.0222856 0.41373 0.0125974 0.00785202 0.0119313 
0.504107 0.0148231 0.0199955 0.430597 0.0131256 0.00817247 0.00917914 
0.51934 0.0146259 0.018303 0.415502 0.0168346 0.00580356 0.00959044 
0.371887 0.0117828 0.014394 0.570549 0.0188547 0.0057666 0.0067659 
0.440756 0.0157286 0.019708 0.497314 0.0121253 0.00453168 0.00983587 
0.40263 0.0158222 0.0163823 0.536166 0.0141052 0.00479991 0.0100953 
0.499248 0.0160487 0.024685 0.423242 0.012351 0.0109308 0.0134945 
0.39657 0.0143216 0.0192204 0.532326 0.0153935 0.00822784 0.0139402 
0.505872 0.0155203 0.0227992 0.419638 0.0127999 0.00675906 0.0166121 
0.365802 0.0108047 0.0201938 0.576817 0.00926875 0.00439539 0.0127176 
0.54368 0.0162441 0.0242434 0.381038 0.0103752 0.0075208 0.0168993 
0.381303 0.0109797 0.0195006 0.549682 0.0170941 0.00779008 0.0136503 
0.298684 0.0103595 0.0142596 0.630633 0.0269949 0.0073592 0.0117101 
0.436207 0.0161681 0.020843 0.476329 0.0199323 0.0126954 0.0178245 
0.496163 0.0159735 0.0299968 0.412514 0.00876033 0.0113493 0.0252428 
0.409782 0.0121137 0.0285303 0.505548 0.00886514 0.0118012 0.0233597 
0.465032 0.0157708 0.0240857 0.460527 0.00835816 0.00708735 0.0191397 
0.301472 0.0118418 0.0182853 0.644028 0.0071319 0.00571958 0.0115218 
0.277804 0.0103768 0.0193407 0.669134 0.00687616 0.00482112 0.0116474 
0.322107 0.00985719 0.0249157 0.6164 0.00680431 0.00535428 0.0145616 
0.243664 0.00750471 0.0200083 0.710251 0.00563862 0.00324121 0.00969166 
0.486494 0.0190497 0.0246302 0.439688 0.00656049 0.0105058 0.0130721 
0.60776 0.0188135 0.0281401 0.309468 0.00830062 0.00931962 0.0181985 
0.418979 0.0169325 0.0169392 0.519162 0.0121526 0.00626231 0.00957325 
0.377103 0.0185418 0.0156235 0.563486 0.0116501 0.0058037 0.00779144 
0.455668 0.0165456 0.0167044 0.47392 0.020635 0.00705601 0.00947037 
0.386069 0.0148464 0.0169153 0.542325 0.0186692 0.00972471 0.0114505 
0.439577 0.0143247 0.0200752 0.481934 0.0202497 0.00934877 0.0144907 
0.326345 0.0131249 0.0164562 0.607482 0.0166304 0.00821237 0.0117488 
0.30242 0.00998532 0.018703 0.627968 0.0182486 0.00735782 0.0153172 
0.26937 0.0195022 0.0126987 0.664501 0.0162392 0.00906831 0.00861976 
0.274892 0.0118655 0.0156369 0.662236 0.014639 0.00808965 0.0126412 
0.468173 0.017854 0.022857 0.44822 0.0160282 0.00981864 0.0170488 
0.511105 0.0165734 0.0272561 0.398047 0.0123595 0.0130495 0.0216101 
0.538494 0.0166007 0.0283671 0.350755 0.0222475 0.0125866 0.030949 
0.520812 0.0248544 0.0266313 0.323522 0.0474907 0.0247845 0.0319051 
0.44677 0.0227314 0.0224753 0.440857 0.0251629 0.0160374 0.0259662 
0.402904 0.0145281 0.025602 0.467843 0.0440553 0.0140603 0.0310063 
0.484561 0.0184588 0.0258396 0.397369 0.0279172 0.013481 0.0323735 
0.552684 0.0172018 0.0291462 0.341903 0.0156279 0.0117378 0.0316994 
0.519543 0.0171934 0.0218905 0.392219 0.018589 0.0107842 0.0197812 
0.454213 0.0185644 0.0206377 0.471724 0.0101116 0.00861446 0.0161349 
0.52605 0.024687 0.0248328 0.378122 0.00826492 0.0165148 0.0215285 
0.643395 0.0191565 0.0275693 0.261452 0.0100777 0.0141556 0.0241942 
0.378855 0.0173869 0.0191421 0.551971 0.00905891 0.0105299 0.0130557 
0.592109 0.0190595 0.0266682 0.324293 0.0104268 0.00935717 0.0180863 
0.62564 0.0141553 0.0349422 0.28748 0.00671527 0.00937853 0.0216891 
0.652632 0.0151411 0.0348039 0.251446 0.00819114 0.0111854 0.0266009 
0.616656 0.0175934 0.0291113 0.298415 0.00611117 0.013281 0.0188323 
0.516319 0.0153845 0.0231992 0.414972 0.00951443 0.00752889 0.0130826 
0.633819 0.0175281 0.0330851 0.273891 0.0068436 0.0103767 0.0244563 
0.680634 0.0242317 0.0276538 0.230082 0.00745832 0.0115814 0.0183591 
0.632546 0.0195427 0.0328859 0.281595 0.00399437 0.0097304 0.0197058 
0.587833 0.0211227 0.0283117 0.323011 0.00645284 0.0117843 0.0214851 
0.46595 0.0160487 0.0322648 0.437858 0.00612723 0.0137943 0.0279569 
0.352839 0.0150546 0.0184443 0.587685 0.00846539 0.00672665 0.0107848 
0.265513 0.0139712 0.0126786 0.682034 0.0128819 0.00555365 0.0073671 
0.363681 0.0131347 0.0163242 0.563224 0.0247886 0.00812827 0.0107188 
0.300324 0.0118336 0.016975 0.643077 0.0103659 0.00640536 0.0110192 
0.390427 0.0128297 0.0286019 0.530009 0.00778882 0.00800736 0.0223363 
0.36828 0.0105965 0.0284545 0.552301 0.0082315 0.00713069 0.0250063 
0.368387 0.0109124 0.0213049 0.562956 0.0141775 0.00680077 0.0154614 
0.529754 0.0133547 0.0274301 0.378044 0.0181589 0.00879403 0.0244639 
0.463776 0.0131459 0.0213935 0.459424 0.017682 0.0071175 0.017461 
0.41219 0.0176683 0.0180862 0.517021 0.0126852 0.00829233 0.0140574 
0.500474 0.0154339 0.0227549 0.421596 0.0135408 0.0109833 0.0152175 
0.491029 0.0144737 0.0197196 0.436515 0.0171683 0.00891867 0.0121754 
0.273176 0.00961081 0.0132437 0.664471 0.0252574 0.00604471 0.00819612 
0.368626 0.0121323 0.0175834 0.561638 0.0198197 0.00806192 0.0121392 
0.338406 0.0113992 0.0145531 0.597407 0.0227972 0.0072882 0.0081496 
0.272307 0.00873786 0.0143595 0.67214 0.0183149 0.00653957 0.00760099 
0.338224 0.00934934 0.0162027 0.601334 0.017691 0.00774987 0.00944939 
0.447951 0.00952321 0.0235488 0.477459 0.0172316 0.00830391 0.0159824 
0.427772 0.0108458 0.0280792 0.49684 0.0100319 0.00736865 0.0190624 
0.231914 0.00785161 0.0175052 0.706764 0.0139627 0.0111198 0.0108833 
0.402263 0.012285 0.0220786 0.530917 0.0123133 0.00690099 0.013242 
0.377763 0.00968675 0.0252162 0.558997 0.00827454 0.00565304 0.0144095 
0.318943 0.00872062 0.0201582 0.62312 0.0117067 0.00645158 0.0108998 
0.385338 0.010227 0.028639 0.541866 0.00944799 0.0069599 0.0175224 
0.293697 0.00897201 0.0196256 0.646686 0.0104474 0.00679648 0.0137758 
0.252293 0.00744207 0.0202997 0.691719 0.0100077 0.00519124 0.0130471 
0.411882 0.00980821 0.0548507 0.476129 0.00651026 0.00628307 0.0345371 
0.287909 0.00644988 0.0318274 0.641994 0.00748735 0.00331454 0.0210177 
0.47451 0.0162078 0.0239291 0.438878 0.0127303 0.00853241 0.0252122 
0.348294 0.0136957 0.019592 0.571465 0.019303 0.0106517 0.0169986 
0.322253 0.00868786 0.0395153 0.570834 0.0114393 0.00805286 0.0392171 
0.578194 0.0138896 0.0603045 0.277491 0.00513488 0.0106349 0.0543513 
0.62853 0.0156049 0.0494222 0.260228 0.00398002 0.00850114 0.0337346 
0.522703 0.0111061 0.034118 0.393215 0.0113502 0.00638632 0.021122 
0.630279 0.0125286 0.0303295 0.283469 0.0152591 0.00653496 0.0215999 
0.86442 0.0221882 0.025609 0.057937 0.00713472 0.00628041 0.0164303 
0.87763 0.0223165 0.0310644 0.0370302 0.00437026 0.00777047 0.0198185 
0.864829 0.0197551 0.0309196 0.0492732 0.00526641 0.00720529 0.0227514 
0.87405 0.0162549 0.033954 0.0486875 0.003595 0.00516058 0.0182979 
0.874495 0.0164847 0.0368025 0.050094 0.00310174 0.00436444 0.0146576 
0.878398 0.0152368 0.0365428 0.0416526 0.00338499 0.00583247 0.0189525 
0.879471 0.0154526 0.0401318 0.0299551 0.00365651 0.00619314 0.02514 
0.880528 0.0225928 0.0309702 0.0302902 0.00624273 0.0071362 0.0222404 
0.886785 0.0166369 0.032968 0.0280923 0.00492524 0.00691875 0.0236741 
0.890664 0.0178188 0.0316694 0.0246095 0.00420945 0.00742424 0.0236049 
0.868582 0.0169625 0.0296347 0.0484525 0.00523473 0.00784935 0.0232842 
0.887933 0.0246735 0.0281376 0.0273338 0.00522332 0.00762854 0.01907 
0.889639 0.021961 0.0306459 0.0261391 0.00338946 0.00702693 0.0211984 
0.892971 0.0216931 0.0306413 0.0246795 0.00255191 0.0084818 0.0189809 
0.892538 0.0216737 0.0298532 0.0273812 0.00333947 0.00663407 0.0185802 
0.88603 0.0174023 0.0300013 0.0333363 0.00408493 0.00598913 0.0231556 
0.894193 0.0172727 0.0288649 0.0354264 0.0032239 0.00603946 0.0149801 
0.892003 0.0171098 0.0336156 0.0280168 0.0031452 0.00573404 0.0203756 
0.882053 0.0130083 0.042851 0.0223126 0.00300217 0.00364377 0.0331289 
0.881785 0.0126269 0.0405633 0.0258216 0.00714423 0.0037992 0.0282601 
0.864729 0.0127842 0.0429487 0.0391864 0.00504673 0.0045936 0.0307108 
0.845573 0.0164663 0.0321615 0.0739897 0.00498696 0.00787309 0.0189494 
0.812827 0.0169823 0.0328458 0.0980013 0.00435604 0.0118848 0.0231029 
0.815399 0.0201395 0.024327 0.109842 0.0108505 0.00660525 0.0128358 
0.820542 0.0132357 0.0378167 0.0903492 0.00671022 0.00685076 0.0244954 
0.826476 0.0110424 0.0449562 0.050535 0.00888528 0.00765681 0.0504485 
0.82055 0.00969144 0.0478793 0.0442029 0.010163 0.011755 0.0557586 
0.816772 0.0104744 0.0520018 0.0339974 0.00391675 0.0152256 0.0676119 
0.836107 0.011724 0.0484967 0.0229186 0.00423589 0.0160965 0.0604218 
0.196444 0.0466218 0.0819382 0.036428 0.555175 0.0749041 0.00848971 
0.235925 0.0448122 0.11356 0.050526 0.461675 0.0837276 0.00977431 
0.219802 0.0378732 0.087757 0.0595453 0.517327 0.0693625 0.00833343 
0.251199 0.0871274 0.0372417 0.0279258 0.519094 0.0733638 0.00404808 
0.224142 0.160956 0.0175251 0.0307578 0.400355 0.163493 0.00277049 
0.184384 0.130764 0.0111353 0.0532461 0.222858 0.394164 0.00344923 
0.149182 0.0959832 0.0123429 0.0778802 0.290936 0.367972 0.00570304 
0.177468 0.102915 0.0117643 0.0961198 0.307796 0.296492 0.00744438 
0.202879 0.226904 0.00659866 0.0592322 0.20899 0.290412 0.00498345 
0.193257 0.326139 0.00621588 0.049941 0.0826227 0.334707 0.00711752 
0.202286 0.26767 0.00503556 0.0864333 0.243145 0.189398 0.0060334 
0.231187 0.174024 0.00612794 0.133385 0.396879 0.0497184 0.00867918 
0.340567 0.201416 0.015262 0.214941 0.158427 0.0523191 0.0170684 
0.213282 0.160426 0.0200675 0.31893 0.213439 0.0519578 0.0218971 
0.283416 0.288853 0.0137745 0.197664 0.157623 0.0424096 0.0162606 
0.280888 0.214778 0.0165806 0.229698 0.194153 0.0444686 0.019434 
0.324516 0.268933 0.0106938 0.18123 0.162461 0.0387992 0.0133676 
0.393889 0.273844 0.0113658 0.197914 0.0886441 0.0221714 0.0121725 
0.536954 0.217943 0.0094333 0.127542 0.0805726 0.0173113 0.0102443 
0.529506 0.219749 0.00884658 0.128845 0.0879803 0.0152336 0.00984015 
0.517117 0.184507 0.00849098 0.152424 0.112779 0.0144287 0.0102542 
0.527055 0.178639 0.00897992 0.157666 0.104328 0.0120936 0.0112384 
0.568097 0.148111 0.00955699 0.168143 0.0834742 0.0115437 0.0110743 
0.663419 0.174344 0.00959944 0.090009 0.041785 0.0109664 0.00987745 
0.682956 0.159365 0.00890448 0.0840113 0.0477294 0.00798929 0.00904465 
0.637396 0.144595 0.0105727 0.135925 0.0530374 0.00781677 0.0106564 
0.600369 0.145464 0.00921399 0.138735 0.0853884 0.0100613 0.0107679 
0.647255 0.153407 0.00927688 0.104795 0.0630842 0.0106391 0.0115423 
0.587602 0.182337 0.00835772 0.125714 0.0761516 0.00928659 0.0105518 
0.662341 0.184727 0.00846455 0.084505 0.0408272 0.00911493 0.0100211 
0.621204 0.24427 0.00910387 0.0866117 0.0205593 0.00960957 0.00864099 
0.644389 0.195196 0.0113039 0.113581 0.0169338 0.00862341 0.00997287 
0.604994 0.217382 0.0110189 0.125512 0.0230782 0.00745229 0.0105628 
0.675186 0.14233 0.0111176 0.127257 0.0295621 0.00538641 0.0091603 
0.683826 0.154063 0.0110091 0.10186 0.033679 0.00619366 0.00936972 
0.612047 0.169379 0.0135277 0.160972 0.0241076 0.00863914 0.0113276 
0.721721 0.136293 0.0132175 0.0883368 0.0203397 0.00845337 0.0116384 
0.696704 0.135082 0.0132474 0.122529 0.0180395 0.00543986 0.00895838 
0.795431 0.0992892 0.0137445 0.0636574 0.0113614 0.00753535 0.00898105 
0.777384 0.115048 0.0122934 0.0608427 0.0158422 0.00932364 0.00926628 
0.7549 0.10458 0.0123196 0.094208 0.0183478 0.00706855 0.0085758 
0.737869 0.145825 0.0112493 0.0666235 0.0204962 0.00828779 0.00964881 
0.723362 0.164131 0.00975298 0.0626093 0.0217329 0.00855925 0.00985239 
0.741326 0.150733 0.0105086 0.0587644 0.0214085 0.00747524 0.00978385 
0.723419 0.133709 0.0114267 0.090138 0.021009 0.00804677 0.0122525 
0.731397 0.138431 0.0127888 0.0880089 0.013074 0.00585243 0.0104472 
0.720316 0.108657 0.0113105 0.117693 0.0277842 0.00542545 0.00881395 
0.728076 0.101935 0.0108561 0.100472 0.0418644 0.00636685 0.0104297 
0.725772 0.137692 0.0132526 0.0816388 0.0237191 0.00629387 0.0116318 
0.776761 0.0971378 0.0119744 0.0685221 0.0248609 0.00851475 0.0122292 
0.711375 0.145192 0.0105035 0.0771922 0.0343651 0.00980656 0.0115653 
0.711575 0.157967 0.0108572 0.0727545 0.0250835 0.0108832 0.0108794 
0.733032 0.15291 0.0132588 0.0621175 0.0152311 0.0105889 0.0128623 
0.763094 0.138802 0.0130792 0.0511989 0.0131753 0.00793475 0.0127158 
0.769245 0.118679 0.014246 0.0630339 0.00974803 0.0127136 0.0123348 
0.72278 0.13341 0.0140774 0.0912525 0.00891284 0.0175878 0.0119789 
0.745436 0.123575 0.0143566 0.0788659 0.00966309 0.0148868 0.0132171 
0.789487 0.0961181 0.015678 0.0679182 0.00715922 0.0114341 0.0122052 
0.822774 0.0852521 0.0135131 0.0474548 0.0111793 0.00839387 0.0114331 
0.719857 0.0787404 0.0151972 0.146055 0.0244262 0.00447786 0.0112465 
0.665471 0.0582968 0.0105671 0.200613 0.053578 0.00367108 0.00780305 
0.610201 0.0728651 0.0103592 0.24146 0.0507822 0.00504289 0.00928908 
0.639354 0.0876851 0.0103169 0.183888 0.0619929 0.00622106 0.0105427 
0.646364 0.0736973 0.00974903 0.203302 0.0509351 0.00682438 0.0091275 
0.643057 0.115632 0.0120523 0.170552 0.0373443 0.0101699 0.011192 
0.682109 0.122278 0.0125685 0.131168 0.0285716 0.0117096 0.0115957 
0.71584 0.143196 0.0132501 0.0829683 0.020342 0.0125179 0.0118858 
0.774035 0.0979221 0.0133691 0.0760558 0.0166342 0.0106348 0.0113493 
0.801443 0.0898367 0.0143274 0.0623974 0.0104025 0.011542 0.010051 
0.814075 0.0882831 0.01427 0.0527604 0.00823587 0.0119563 0.0104198 
0.790769 0.10082 0.0130601 0.0672093 0.0103286 0.00806179 0.00975171 
0.822399 0.0935077 0.0155321 0.0401626 0.00606009 0.00938829 0.0129501 
0.82968 0.0793957 0.0179754 0.0478059 0.00438433 0.00935308 0.0114055 
0.785181 0.0982651 0.0146099 0.0709647 0.0102851 0.00949979 0.0111946 
0.83708 0.0721295 0.0148398 0.0494154 0.00789094 0.00932366 0.00932112 
0.815504 0.0910494 0.0156307 0.0477083 0.00966701 0.00821335 0.012227 
0.781715 0.077067 0.014682 0.0992661 0.012702 0.00592189 0.00864562 
0.797804 0.0987191 0.0169283 0.0636651 0.00701999 0.0059423 0.00992159 
0.77418 0.0784865 0.0151926 0.109773 0.00822887 0.0060531 0.0080864 
0.823759 0.0484316 0.0130755 0.0865481 0.0135968 0.00728894 0.00729984 
0.813911 0.0818004 0.0142138 0.0653775 0.0088782 0.00732816 0.00849086 
0.766214 0.0736865 0.0138059 0.123456 0.00897427 0.00693243 0.00693045 
0.797429 0.0577558 0.0146828 0.108477 0.00714947 0.006909 0.00759687 
0.781309 0.0646283 0.0136646 0.114266 0.00955702 0.00813818 0.00843608 
0.775163 0.0518697 0.0128001 0.137068 0.00945618 0.00680253 0.00684046 
0.812026 0.0587645 0.0145349 0.0899992 0.00620107 0.0101147 0.00835988 
0.811807 0.0515421 0.0150192 0.100159 0.00634912 0.00803672 0.00708676 
0.771438 0.0372645 0.0140845 0.15762 0.00811214 0.00593407 0.00554719 
0.805303 0.0372834 0.0135803 0.122016 0.00878708 0.00652217 0.00650796 
0.811232 0.0445549 0.0126736 0.105896 0.0103804 0.00769153 0.0075721 
0.795459 0.0571369 0.0118651 0.107321 0.0153007 0.00559431 0.0073228 
0.819647 0.0323851 0.0130354 0.109821 0.0134501 0.00525993 0.00640117 
0.85731 0.028134 0.0160583 0.074813 0.0104205 0.00516529 0.00809917 
0.84804 0.0444245 0.0198816 0.0606559 0.00584947 0.00704914 0.014099 
0.877715 0.0368453 0.0165322 0.0458688 0.00513069 0.00636723 0.0115407 
0.764165 0.0709437 0.0139156 0.122684 0.00790971 0.0111282 0.0092541 
0.747635 0.0650523 0.0132295 0.145869 0.0141328 0.00633022 0.00775127 
0.865059 0.0382062 0.0142239 0.0633463 0.00795042 0.00430394 0.00691067 
0.835146 0.0534695 0.0184046 0.0735202 0.00435837 0.00574774 0.00935303 
0.823599 0.0334366 0.0193413 0.105982 0.00467 0.00514254 0.00782884 
0.843932 0.0239245 0.0215634 0.0949469 0.00324886 0.0040875 0.00829686 
0.877923 0.0303762 0.0179038 0.057218 0.00610738 0.00370673 0.00676482 
0.84613 0.0472443 0.0216579 0.0591909 0.00684948 0.0131156 0.00581229 
0.823661 0.0320825 0.0370917 0.0226527 0.00750337 0.0670544 0.00995392 
0.846922 0.027835 0.0406152 0.027064 0.00663796 0.04009 0.0108355 
0.862969 0.0204702 0.0359128 0.0386676 0.00695667 0.0223418 0.0126814 
0.837856 0.0293542 0.0265523 0.0770152 0.00973741 0.00990537 0.00957934 
0.839429 0.0376611 0.0237753 0.0649302 0.00843319 0.013633 0.0121382 
0.826025 0.0364149 0.033075 0.0629063 0.00340949 0.0236416 0.0145278 
0.809635 0.0361217 0.0329473 0.0588758 0.00391885 0.0407211 0.0177804 
0.84077 0.0352047 0.0428086 0.0338093 0.00368197 0.0247247 0.0190005 
0.787245 0.0547942 0.0559592 0.0276634 0.00404992 0.0501783 0.0201101 
0.768409 0.0561238 0.047608 0.0277171 0.00726767 0.0691605 0.0237138 
0.835535 0.0312264 0.0368764 0.0477401 0.0105665 0.0191404 0.0189153 
0.807267 0.0616264 0.0266841 0.0543823 0.0155156 0.0188107 0.0157138 
0.774515 0.0561575 0.0199446 0.113029 0.0154543 0.0117016 0.00919737 
0.652358 0.07051 0.0176975 0.220987 0.0142935 0.014832 0.00932232 
0.777505 0.0728519 0.0185939 0.0927717 0.0125638 0.0151029 0.0106108 
0.774192 0.055188 0.0245558 0.113295 0.00992707 0.0115264 0.0113157 
0.767326 0.0741396 0.0260436 0.0911052 0.011705 0.0168736 0.0128068 
0.768086 0.048142 0.0237852 0.118079 0.0182315 0.0122721 0.0114046 
0.734135 0.0638029 0.02287 0.122972 0.0298456 0.014318 0.0120569 
0.786168 0.0659742 0.0277401 0.0793951 0.00716389 0.0201498 0.0134085 
0.833522 0.041075 0.0282589 0.0599125 0.00830355 0.0130081 0.0159203 
0.775368 0.0321292 0.034836 0.11438 0.0120106 0.0106466 0.0206297 
0.710304 0.0265371 0.0386768 0.1826 0.0107365 0.0133274 0.017818 
0.668204 0.0329584 0.0351235 0.203688 0.0295217 0.0166687 0.0138361 
0.659009 0.0219685 0.0495331 0.213447 0.0228108 0.0204649 0.0127663 
0.523028 0.017891 0.0375313 0.387427 0.0101342 0.0120659 0.0119226 
0.492171 0.0419794 0.0218265 0.405257 0.0175144 0.0104996 0.010752 
0.434186 0.0671444 0.0274653 0.408357 0.0157597 0.0324045 0.0146829 
0.710194 0.0425125 0.0477054 0.131216 0.00389387 0.0432616 0.0212172 
0.787628 0.0279308 0.0679591 0.0565969 0.00489796 0.034521 0.0204659 
0.746098 0.0237984 0.0586317 0.122202 0.0093314 0.0255146 0.0144239 
0.5702 0.010721 0.0488983 0.339593 0.00833405 0.00905387 0.0131991 
0.620302 0.0127304 0.0474948 0.279226 0.0100017 0.0173452 0.0129002 
0.719533 0.01638 0.0415888 0.169395 0.024378 0.015905 0.012821 
0.760077 0.023384 0.0403324 0.125441 0.0246343 0.0133949 0.0127362 
0.623794 0.0147876 0.0275835 0.252217 0.0526865 0.0185546 0.0103776 
0.752431 0.0352593 0.0318722 0.0760672 0.0743309 0.0192828 0.010757 
0.795474 0.0447403 0.0430108 0.0497823 0.033225 0.0196033 0.0141643 
0.826586 0.0215722 0.0614325 0.0393261 0.0206356 0.0128332 0.0176146 
0.826177 0.059843 0.049049 0.0239959 0.0127337 0.0132748 0.014926 
0.810063 0.0593633 0.0510704 0.0330894 0.013647 0.0159749 0.0167919 
0.804468 0.0374447 0.0562212 0.0594047 0.0177105 0.0094177 0.0153332 
0.769248 0.0276193 0.0488174 0.0894118 0.0371927 0.0120868 0.0156245 
0.752374 0.0256939 0.0372175 0.102926 0.05686 0.0114418 0.0134864 
0.728171 0.0286651 0.0316752 0.142054 0.0442895 0.0126883 0.0124566 
0.431071 0.0268424 0.0150958 0.44986 0.0594363 0.0109832 0.00671124 
0.371563 0.0191212 0.00981089 0.497762 0.0851616 0.0117946 0.00478679 
0.455946 0.0366192 0.013423 0.412281 0.0563121 0.018877 0.00654163 
0.590587 0.0345841 0.0173099 0.306055 0.0360685 0.0096741 0.0057215 
0.763031 0.0277207 0.0227093 0.134829 0.0373962 0.00667969 0.00763403 
0.801726 0.0196857 0.0298738 0.101891 0.0269804 0.00999028 0.00985284 
0.829272 0.0230069 0.0369284 0.0704888 0.0178205 0.00962374 0.0128598 
0.78779 0.0317629 0.0249406 0.100141 0.0279259 0.0151263 0.012313 
0.707126 0.0468527 0.0199622 0.18304 0.0185759 0.0159427 0.00850001 
0.787869 0.0417388 0.0219686 0.0993804 0.0245571 0.0139405 0.0105451 
0.799827 0.0443862 0.0252943 0.0925072 0.0134082 0.0144819 0.0100955 
0.791965 0.0554313 0.0246363 0.0921225 0.0123359 0.0127629 0.0107462 
0.788637 0.0677748 0.0231505 0.0863514 0.00987035 0.0146346 0.0095812 
0.797085 0.0852064 0.020611 0.0638839 0.0116615 0.0128678 0.0086843 
0.768835 0.090865 0.0172761 0.0845579 0.0166623 0.0144818 0.00732144 
0.792287 0.080005 0.0167932 0.0703765 0.0193237 0.0133536 0.0078608 
0.834055 0.0521196 0.025354 0.0534018 0.0162937 0.00831535 0.0104605 
0.810769 0.0406597 0.0211201 0.0791789 0.0286205 0.0100239 0.0096278 
0.858322 0.0183503 0.0372979 0.0547722 0.0107926 0.00763754 0.0128274 
0.807026 0.0202245 0.0413488 0.0998869 0.0106487 0.00623992 0.0146251 
0.837839 0.0331216 0.0516375 0.0290252 0.0137164 0.0162908 0.0183699 
0.781269 0.0425302 0.0604963 0.0409744 0.0263388 0.0237308 0.0246604 
0.802307 0.0392237 0.0808946 0.0142689 0.0150265 0.0189655 0.0293137 
0.8556 0.0216233 0.0498735 0.0318124 0.00605636 0.00508298 0.0299511 
0.815011 0.0145331 0.0614862 0.0679547 0.00590841 0.00443398 0.0306722 
0.795237 0.0119231 0.0840248 0.0671915 0.00715512 0.0053603 0.029108 
0.827149 0.0211108 0.0587817 0.0670597 0.00725605 0.00492175 0.0137214 
0.779521 0.0194917 0.0392967 0.132033 0.0146615 0.0035051 0.0114909 
0.798594 0.0269721 0.0392863 0.0875396 0.0295818 0.00540943 0.0126168 
0.783939 0.0324412 0.0381837 0.0971268 0.0287226 0.00815449 0.0114324 
0.749669 0.0299117 0.0274042 0.0713475 0.0938921 0.00859895 0.0191763 
0.792331 0.0211322 0.0347475 0.0604891 0.0543877 0.00961363 0.0272991 
0.758009 0.0266124 0.0610737 0.0493687 0.0669864 0.0121673 0.0257829 
0.767532 0.0139512 0.0614228 0.0981342 0.025328 0.0097572 0.0238744 
0.715562 0.0129506 0.0563966 0.167308 0.0208667 0.00945031 0.0174662 
0.685043 0.0144493 0.0592868 0.189872 0.0271088 0.00840226 0.0158385 
0.737396 0.0104328 0.064263 0.137146 0.0290662 0.00671738 0.0149787 
0.784288 0.0219231 0.0966742 0.0415774 0.0269264 0.0164101 0.0122007 
0.751556 0.0156719 0.0856089 0.0768353 0.0415509 0.0119075 0.0168695 
0.758134 0.0064857 0.0443765 0.129159 0.0299481 0.00603561 0.025861 
0.779444 0.00623112 0.0412942 0.10466 0.0347473 0.00403497 0.029588 
0.757701 0.00709332 0.0406648 0.139822 0.0306239 0.00391899 0.0201767 
0.636884 0.0132639 0.0350898 0.272911 0.0223388 0.00721905 0.0122939 
0.759218 0.0107842 0.0663516 0.119509 0.0195595 0.00467207 0.0199059 
0.744235 0.0166646 0.122098 0.062308 0.00586551 0.00304976 0.0457794 
0.725684 0.00899971 0.100915 0.144624 0.00317754 0.00152434 0.0150755 
0.38298 0.0157295 0.0278739 0.558497 0.00733784 0.00248688 0.00509485 
0.568363 0.0338822 0.07068 0.253599 0.0442214 0.0196385 0.00961566 
0.642762 0.0515479 0.0543162 0.0478205 0.176644 0.0129964 0.0139133 
0.617611 0.0728161 0.0137035 0.115496 0.163203 0.00573278 0.0114381 
0.589063 0.069575 0.0141393 0.15536 0.151585 0.0110163 0.00926166 
0.621648 0.0480983 0.0169309 0.105222 0.183502 0.0114708 0.0131286 
0.645144 0.0390556 0.016987 0.180903 0.100176 0.00717786 0.0105568 
0.613741 0.0533441 0.0166837 0.215197 0.0789126 0.0140322 0.00808968 
0.394272 0.0642025 0.0158803 0.320694 0.170593 0.0248625 0.00949596 
0.663897 0.0892033 0.0242581 0.112608 0.0752309 0.0219434 0.0128589 
0.751972 0.0472666 0.0237516 0.108702 0.0458419 0.0141477 0.00831884 
0.50248 0.0427374 0.0208797 0.360151 0.056422 0.00979743 0.00753208 
0.441139 0.0450405 0.0205753 0.371366 0.0951863 0.0171811 0.00951199 
0.390031 0.0925737 0.0174188 0.372151 0.103926 0.0145602 0.00933922 
0.40471 0.102642 0.0159488 0.377007 0.0771205 0.0144708 0.00810054 
0.552988 0.101618 0.0154002 0.240061 0.0724431 0.0112098 0.00627975 
0.437764 0.0952103 0.0118104 0.292277 0.140763 0.0148391 0.00733623 
0.390507 0.0866399 0.0148726 0.314441 0.164586 0.0179222 0.0110316 
0.251942 0.0661675 0.0132096 0.369313 0.267831 0.0207581 0.0107788 
0.2487 0.0333448 0.0197961 0.497079 0.17575 0.0122358 0.0130939 
0.280287 0.0296572 0.0258777 0.468347 0.163443 0.0160023 0.0163862 
0.178356 0.0210979 0.0228334 0.665119 0.0769353 0.0205378 0.0151205 
0.110409 0.0124827 0.0157793 0.800106 0.039829 0.0122143 0.00917925 
0.115804 0.014772 0.0110879 0.80194 0.0437243 0.00744196 0.00522961 
0.1562 0.048058 0.0339625 0.637909 0.0321021 0.075155 0.0166135 
0.0806775 0.0489797 0.0254931 0.726435 0.0357253 0.0678206 0.014869 
0.138965 0.0547202 0.0328602 0.65718 0.0315082 0.0674859 0.0172801 
0.144465 0.0465371 0.0333653 0.629117 0.0479323 0.0814285 0.0171552 
0.131695 0.0224557 0.0211552 0.697973 0.0663208 0.0494528 0.010948 
0.121122 0.0284897 0.0163915 0.674637 0.0979107 0.0518663 0.00958325 
0.282728 0.0281627 0.0236598 0.517437 0.121737 0.0170671 0.00920897 
0.388804 0.0258156 0.0362032 0.375161 0.133434 0.0288896 0.0116926 
0.550092 0.0424647 0.0337231 0.233007 0.0854686 0.0423952 0.0128498 
0.347143 0.0521117 0.0160159 0.300626 0.208909 0.064649 0.0105449 
0.143022 0.0629805 0.00795901 0.31543 0.411435 0.0521855 0.00698819 
0.101537 0.0457231 0.00334682 0.234292 0.589045 0.0230254 0.00302993 
0.194277 0.0726741 0.00929153 0.304467 0.338555 0.0726794 0.00805708 
0.271462 0.0735179 0.0103082 0.164239 0.37666 0.0965894 0.00722317 
0.240862 0.103908 0.0153829 0.199518 0.255207 0.173624 0.0114974 
0.335225 0.0955331 0.0158857 0.177554 0.179575 0.18424 0.0119872 
0.402659 0.0696897 0.011917 0.136801 0.249939 0.121184 0.00781041 
0.610493 0.0764732 0.0134048 0.0832266 0.143796 0.0635843 0.00902306 
0.709086 0.0843718 0.0179607 0.0370309 0.060348 0.0791808 0.0120214 
0.779917 0.0265119 0.023783 0.0853658 0.036607 0.0396937 0.00812161 
0.841137 0.0244563 0.0290313 0.054734 0.00860172 0.0348288 0.00721139 
0.844451 0.0105424 0.073203 0.016026 0.008296 0.0288603 0.018621 
0.806569 0.0249239 0.0392353 0.0442162 0.0104676 0.0593229 0.015265 
0.741047 0.0276185 0.0509517 0.0383306 0.00756286 0.1124 0.0220892 
0.780513 0.0355567 0.0320394 0.0669614 0.0131046 0.0559386 0.0158862 
0.782943 0.0140705 0.0587756 0.0916869 0.00402355 0.0243513 0.0241487 
0.793889 0.017171 0.0659455 0.087245 0.00504982 0.0141711 0.0165286 
0.792865 0.0171377 0.0803314 0.0327661 0.00464578 0.051947 0.0203068 
0.345109 0.0117491 0.0197341 0.555223 0.0363169 0.0174856 0.0143829 
0.442826 0.0275527 0.0181018 0.466505 0.0152248 0.0211965 0.00859334 
0.554908 0.0269428 0.0240073 0.360323 0.00998429 0.0165078 0.00732606 
0.65903 0.0259455 0.0228486 0.246967 0.0230975 0.0142085 0.00790255 
0.600003 0.0287981 0.0289502 0.309412 0.0100501 0.0135205 0.00926667 
0.712661 0.0247442 0.0385762 0.186164 0.0073338 0.0185353 0.0119857 
0.748062 0.0152235 0.0613361 0.142662 0.00513246 0.0154114 0.0121726 
0.677009 0.0305163 0.0362006 0.21485 0.00713864 0.02417 0.0101159 
0.578613 0.0445997 0.041982 0.275728 0.006585 0.0408235 0.0116688 
0.804613 0.0242238 0.039132 0.0713702 0.011876 0.0348118 0.0139728 
0.797404 0.0232858 0.0484108 0.0848878 0.00722009 0.0221061 0.0166852 
0.792528 0.0244503 0.0360416 0.0938516 0.018786 0.0208665 0.0134758 
0.807997 0.019706 0.050369 0.0771164 0.00648844 0.020872 0.0174512 
0.811506 0.014879 0.0542207 0.0765762 0.00738145 0.0127551 0.0226812 
0.817003 0.012365 0.0648412 0.06009 0.00620485 0.0126512 0.0268452 
0.807548 0.0084797 0.0895227 0.0457089 0.00394099 0.0129511 0.0318483 
0.849898 0.0167129 0.0591048 0.0374023 0.00410081 0.0136069 0.0191741 
0.855158 0.016653 0.0550605 0.0296018 0.00416957 0.0186985 0.0206583 
0.827476 0.0182195 0.0474106 0.0646574 0.00832038 0.0177769 0.0161394 
0.830574 0.015073 0.0531493 0.0504884 0.00629364 0.0230717 0.0213502 
0.831315 0.0153914 0.0540023 0.0433712 0.00845898 0.0226597 0.0248011 
0.84053 0.0218436 0.0435513 0.0461772 0.00732653 0.0232938 0.0172774 
0.849397 0.027787 0.034598 0.0426287 0.00651447 0.0220789 0.0169959 
0.849531 0.0209637 0.0391073 0.0508528 0.00705185 0.0153921 0.0171013 
0.830462 0.0216223 0.0441376 0.0630864 0.00512983 0.0157388 0.0198233 
0.873378 0.0188749 0.0518259 0.0131433 0.00432461 0.0117143 0.0267393 
0.860258 0.0121248 0.0615498 0.0177712 0.00396133 0.00976439 0.03457 
0.878919 0.00887177 0.0575618 0.0130178 0.0017995 0.00446112 0.0353694 
0.877209 0.00769745 0.0611126 0.0222523 0.00134611 0.00595046 0.0244317 
0.886293 0.0130076 0.0456031 0.0237759 0.00288491 0.00841191 0.020024 
0.890588 0.0114756 0.041058 0.0144446 0.00378707 0.0156641 0.0229824 
0.849252 0.0144926 0.0372338 0.0603263 0.00716819 0.0170897 0.0144376 
0.872702 0.0111937 0.041255 0.0411427 0.00602535 0.0119476 0.0157333 
0.66439 0.0440025 0.0299356 0.200288 0.00701211 0.0422135 0.0121585 
0.430022 0.0655191 0.0205986 0.4208 0.0237905 0.0277889 0.0114808 
0.458565 0.0577898 0.0230976 0.412282 0.0135712 0.0234645 0.0112295 
0.871813 0.0146251 0.0626971 0.0265935 0.00198929 0.00750909 0.0147726 
0.839219 0.020145 0.0428202 0.0675342 0.00632405 0.0111985 0.0127594 
0.796102 0.0225838 0.057208 0.07789 0.00391385 0.0219534 0.020349 
0.719824 0.0433901 0.0479814 0.0584788 0.00479752 0.10101 0.0245179 
0.817164 0.0381437 0.0649201 0.0134483 0.00449621 0.0415858 0.020242 
0.809035 0.0141874 0.0879536 0.0224704 0.00483768 0.0358179 0.0256976 
0.80067 0.0146567 0.075469 0.0384351 0.00640426 0.0214264 0.0429381 
0.840189 0.0125864 0.0631837 0.0307103 0.00288093 0.00845529 0.0419944 
