0.821018 0.0192985 0.0299245 0.09849 0.00580306 0.00634117 0.0191242 
0.771068 0.017248 0.0243602 0.156592 0.0111243 0.00505788 0.01455 
0.758751 0.0185926 0.0319203 0.16877 0.00399481 0.00368543 0.0142859 
0.78867 0.0151659 0.0393706 0.128834 0.00389472 0.00496199 0.0191027 
0.737431 0.0144774 0.0389781 0.181849 0.00474844 0.00468163 0.017834 
0.76413 0.0120232 0.0385935 0.147501 0.00818478 0.00420146 0.0253654 
0.779341 0.0150041 0.0297242 0.12799 0.0152163 0.00564069 0.0270835 
0.825072 0.0209905 0.0318208 0.0817879 0.00785709 0.00745829 0.0250131 
0.819354 0.0241437 0.029242 0.0883252 0.0124986 0.00624139 0.0201948 
0.799687 0.0333851 0.0205805 0.110129 0.0138289 0.0074634 0.0149266 
0.78031 0.0227306 0.0285351 0.131737 0.00893798 0.00549953 0.0222502 
0.827366 0.0233491 0.0268388 0.0914486 0.00870964 0.00485345 0.0174349 
0.813217 0.0162258 0.029949 0.108965 0.00847017 0.00383527 0.0193378 
0.778019 0.0347323 0.0236923 0.125227 0.0174964 0.00671529 0.0141173 
0.805189 0.025916 0.0287689 0.111553 0.00895053 0.00519836 0.0144245 
0.703457 0.0554452 0.015061 0.201815 0.0122341 0.00394866 0.0080398 
0.634215 0.0648838 0.0148033 0.261113 0.0127264 0.00418369 0.00807505 
0.657798 0.0621898 0.0131478 0.234455 0.0199091 0.00470039 0.00779994 
0.654673 0.0627673 0.0131929 0.242218 0.0162332 0.00377981 0.00713577 
0.642818 0.0657461 0.012061 0.233828 0.0303808 0.00669927 0.00846704 
0.628736 0.082765 0.012002 0.231019 0.0312647 0.00598078 0.00823229 
0.655092 0.112783 0.0124122 0.172022 0.0286146 0.00855993 0.0105168 
0.662799 0.0810387 0.0121334 0.200925 0.0284021 0.0060436 0.00865847 
0.684142 0.0733154 0.0108289 0.174789 0.0426276 0.0057538 0.00854377 
0.715749 0.0899787 0.0122684 0.133399 0.0318354 0.00703047 0.00973874 
0.657505 0.0801492 0.011776 0.203459 0.0330948 0.00558238 0.00843292 
0.695156 0.0786146 0.0123091 0.176054 0.0243512 0.00525474 0.0082596 
0.748292 0.0629812 0.0142016 0.147106 0.014666 0.00449205 0.00826117 
0.726689 0.0583426 0.0126459 0.171338 0.0182382 0.00494162 0.00780452 
0.763268 0.0460798 0.0130968 0.15105 0.0145968 0.00470698 0.00720139 
0.678147 0.0383981 0.0144804 0.249416 0.00875456 0.00465987 0.00614342 
0.631821 0.0439644 0.0158899 0.290438 0.00625645 0.00433361 0.00729663 
0.713243 0.0434236 0.0149818 0.206956 0.00782657 0.00633362 0.00723537 
0.763127 0.0397099 0.0147074 0.16086 0.00844168 0.00584655 0.00730773 
0.708398 0.0477189 0.0122035 0.203736 0.0153153 0.00639396 0.00623356 
0.700754 0.0521698 0.0142679 0.207287 0.0128213 0.00561772 0.00708272 
0.702166 0.0456833 0.01339 0.213163 0.012667 0.00581711 0.00711286 
0.722028 0.0541051 0.0138669 0.179941 0.0158644 0.00532173 0.00887272 
0.744546 0.0403681 0.0168735 0.178529 0.00813247 0.00386226 0.00768846 
0.762968 0.0537032 0.0144215 0.14181 0.011899 0.0071223 0.00807593 
0.632192 0.0584579 0.0158539 0.27004 0.00717964 0.00678647 0.00948973 
0.65446 0.0557146 0.0139232 0.245938 0.0122382 0.0089287 0.00879779 
0.82415 0.047709 0.0151978 0.08781 0.00640793 0.0095553 0.00916982 
0.805149 0.0503563 0.0131036 0.106916 0.00991767 0.00678485 0.00777289 
0.78498 0.0438894 0.013995 0.132666 0.0100927 0.00625173 0.00812522 
0.739446 0.0622761 0.0138828 0.161648 0.00950182 0.00553095 0.0077145 
0.730833 0.0831135 0.012514 0.141737 0.0168916 0.00624957 0.00866188 
0.710439 0.0713879 0.0122418 0.174478 0.0171989 0.00605594 0.00819834 
0.615117 0.0646877 0.0127679 0.277197 0.0148441 0.00647604 0.0089105 
0.459343 0.0954788 0.0149495 0.392243 0.0181745 0.00997906 0.00983215 
0.647595 0.0999919 0.0133903 0.201103 0.0182173 0.0101054 0.00959708 
0.657771 0.083488 0.0145933 0.218251 0.0120192 0.00578739 0.0080904 
0.75055 0.0767235 0.0131683 0.131654 0.0123151 0.00834722 0.00724141 
0.537992 0.108852 0.014593 0.311132 0.0120363 0.00672437 0.00866932 
0.573412 0.0840757 0.0126384 0.301721 0.0156732 0.00560415 0.00687609 
0.527342 0.0807732 0.0125141 0.347406 0.0188486 0.00585952 0.00725697 
0.510585 0.0685074 0.0115622 0.373542 0.0223472 0.00602809 0.0074283 
0.560262 0.0714646 0.0130808 0.327225 0.0129171 0.00725581 0.00779533 
0.713696 0.0815537 0.0123174 0.15687 0.0180434 0.00977789 0.00774191 
0.592699 0.0419149 0.0134261 0.331515 0.00921503 0.00543933 0.00579083 
0.739669 0.0250743 0.020594 0.196176 0.00469346 0.00454857 0.00924499 
0.682184 0.0454649 0.017363 0.236354 0.00500307 0.00536709 0.0082643 
0.64928 0.0627045 0.0152449 0.24663 0.00850134 0.0073278 0.0103112 
0.710985 0.0468735 0.0133986 0.196977 0.0122017 0.0100662 0.0094981 
0.725773 0.0831806 0.0144275 0.15056 0.00814331 0.00866075 0.00925486 
0.698165 0.062783 0.0134823 0.200488 0.0104206 0.00714713 0.00751439 
0.683363 0.0965468 0.0141921 0.177748 0.0106795 0.00767674 0.00979373 
0.654008 0.117003 0.0134116 0.176746 0.0169996 0.0111796 0.0106534 
0.672471 0.0681072 0.0132179 0.21224 0.0149016 0.00969397 0.00936857 
0.722795 0.0597462 0.0147859 0.173888 0.0090787 0.0099998 0.00970584 
0.688194 0.0641648 0.0139396 0.20503 0.0087492 0.0109032 0.00901875 
0.707955 0.055102 0.0125214 0.195067 0.012743 0.00797897 0.00863289 
0.755238 0.058633 0.0147405 0.147133 0.00765284 0.00843139 0.00817128 
0.684371 0.0727815 0.0171454 0.199588 0.00559777 0.00994928 0.0105668 
0.718537 0.0588477 0.0138235 0.177877 0.0108837 0.0107057 0.00932546 
0.750501 0.0106125 0.0551883 0.0161361 0.00414621 0.0126092 0.150807 
0.807342 0.0110895 0.0452876 0.0310474 0.00434584 0.0127973 0.0880906 
0.739308 0.0107375 0.04831 0.0925103 0.00500165 0.0117148 0.0924176 
0.780316 0.0112307 0.045889 0.0704008 0.00360882 0.00923704 0.0793176 
0.826243 0.0104292 0.0413221 0.0436913 0.00497668 0.00729467 0.0660426 
0.864687 0.012286 0.0363395 0.0232419 0.00377052 0.0055822 0.0540924 
0.819567 0.0111707 0.0393355 0.0638855 0.00462927 0.00678644 0.0546258 
0.802633 0.0105516 0.0477851 0.0490388 0.00369247 0.00728049 0.0790182 
0.700732 0.0105373 0.0543214 0.152314 0.00405507 0.00624773 0.0717922 
0.722619 0.0114751 0.0458729 0.143343 0.00749563 0.00820748 0.0609863 
0.743833 0.0117024 0.0419196 0.108526 0.00619008 0.0126074 0.0752216 
0.640319 0.0132275 0.0516945 0.188666 0.00635092 0.0174221 0.0823202 
0.746123 0.0114315 0.0448166 0.13251 0.00654504 0.00836957 0.0502044 
0.808456 0.0092607 0.0485024 0.0636345 0.0049301 0.00941096 0.0558052 
0.784743 0.0133075 0.0491268 0.0498388 0.00248656 0.0131874 0.0873096 
0.821452 0.0225217 0.0281451 0.0692999 0.0057939 0.0175571 0.0352307 
0.754495 0.00978861 0.0555668 0.0421357 0.00283125 0.00981854 0.125364 
0.75094 0.00963438 0.0561883 0.094343 0.0035838 0.0118711 0.0734393 
0.80881 0.00975525 0.0431438 0.0705259 0.00455659 0.00963092 0.0535773 
0.526671 0.0240705 0.0234117 0.321368 0.0311509 0.0271255 0.0462025 
0.380949 0.0687206 0.0175582 0.168293 0.299273 0.0338903 0.0313161 
0.16336 0.0288963 0.0248768 0.35824 0.341878 0.0341738 0.0485748 
0.0392947 0.0116956 0.026857 0.784998 0.0562101 0.0204071 0.0605377 
0.126736 0.00669736 0.083739 0.644614 0.00448871 0.0147969 0.118929 
0.245781 0.00592636 0.119679 0.54284 0.00344426 0.00763801 0.0746921 
0.293017 0.00808139 0.0899971 0.525753 0.00217195 0.00404888 0.0769306 
0.445655 0.00902305 0.0379363 0.485539 0.00291249 0.00230254 0.0166321 
0.484616 0.0413297 0.00935402 0.412462 0.0411657 0.00415588 0.00691667 
0.470474 0.062652 0.00976117 0.358443 0.0815412 0.00594944 0.011179 
0.49831 0.0267466 0.0113525 0.238471 0.203165 0.00493168 0.0170235 
0.452733 0.0128281 0.0131483 0.21697 0.280983 0.00441213 0.0189259 
0.379518 0.0102182 0.0180201 0.238815 0.326868 0.0058495 0.0207116 
0.34402 0.0115765 0.0463813 0.285238 0.265947 0.0177636 0.029074 
0.320232 0.0287352 0.234166 0.0602921 0.189466 0.131394 0.035715 
0.248789 0.0311117 0.302888 0.0405818 0.193417 0.153684 0.0295283 
0.425372 0.02172 0.234125 0.0408083 0.115752 0.0844615 0.0777606 
0.462488 0.0222737 0.180544 0.0369324 0.109904 0.0950859 0.092772 
0.524642 0.0238809 0.175221 0.0372294 0.0959161 0.0834619 0.059649 
0.563426 0.00870344 0.182415 0.0360011 0.0329145 0.0194333 0.157107 
0.50507 0.00747808 0.124533 0.0461206 0.0162853 0.0157621 0.284751 
0.632096 0.00638335 0.122221 0.0499762 0.0222471 0.00511325 0.161963 
0.630286 0.00566224 0.0828572 0.224211 0.0190148 0.00409717 0.0338719 
0.583069 0.00503912 0.0761886 0.231109 0.0472571 0.00306009 0.0542774 
0.671417 0.0109493 0.0466637 0.209684 0.0107045 0.00824389 0.0423378 
0.527029 0.00819845 0.0644052 0.290836 0.0126453 0.0122517 0.0846346 
0.741952 0.00837029 0.0696821 0.00990396 0.00712118 0.0139885 0.148982 
0.647275 0.0105435 0.0877252 0.0271521 0.00466748 0.031096 0.19154 
0.712262 0.0102547 0.0760643 0.0357217 0.00542819 0.0191245 0.141145 
0.706529 0.0117256 0.0664497 0.0172949 0.00300463 0.0225096 0.172486 
0.71878 0.0103143 0.0515163 0.126488 0.0116118 0.0143358 0.0669541 
0.808443 0.0101439 0.033741 0.0985786 0.0119429 0.00864703 0.0285038 
0.784798 0.00694575 0.047589 0.0967789 0.0137684 0.00726645 0.042854 
0.844024 0.010947 0.0342029 0.0714891 0.00536381 0.00845567 0.025518 
0.794091 0.00759407 0.0488846 0.106577 0.00429069 0.00628258 0.0322797 
0.850202 0.011077 0.0356454 0.0771406 0.00244148 0.00699883 0.0164944 
0.875382 0.0165681 0.0253953 0.0593336 0.00375142 0.00766 0.0119092 
0.724199 0.0172512 0.0230342 0.214629 0.00425462 0.00762284 0.00900911 
0.777918 0.0173827 0.023586 0.157514 0.00456084 0.00903333 0.0100052 
0.750501 0.0106125 0.0551883 0.0161361 0.00414621 0.0126092 0.150807 
0.807342 0.0110895 0.0452876 0.0310474 0.00434584 0.0127973 0.0880906 
0.739308 0.0107375 0.04831 0.0925103 0.00500165 0.0117148 0.0924176 
0.780316 0.0112307 0.045889 0.0704008 0.00360882 0.00923704 0.0793176 
0.826243 0.0104292 0.0413221 0.0436913 0.00497668 0.00729467 0.0660426 
0.864687 0.012286 0.0363395 0.0232419 0.00377052 0.0055822 0.0540924 
0.819567 0.0111707 0.0393355 0.0638855 0.00462927 0.00678644 0.0546258 
0.802633 0.0105516 0.0477851 0.0490388 0.00369247 0.00728049 0.0790182 
0.700732 0.0105373 0.0543214 0.152314 0.00405507 0.00624773 0.0717922 
0.722619 0.0114751 0.0458729 0.143343 0.00749563 0.00820748 0.0609863 
0.743833 0.0117024 0.0419196 0.108526 0.00619008 0.0126074 0.0752216 
0.640319 0.0132275 0.0516945 0.188666 0.00635092 0.0174221 0.0823202 
0.746123 0.0114315 0.0448166 0.13251 0.00654504 0.00836957 0.0502044 
0.808456 0.0092607 0.0485024 0.0636345 0.0049301 0.00941096 0.0558052 
0.784743 0.0133075 0.0491268 0.0498388 0.00248656 0.0131874 0.0873096 
0.821452 0.0225217 0.0281451 0.0692999 0.0057939 0.0175571 0.0352307 
0.754495 0.00978861 0.0555668 0.0421357 0.00283125 0.00981854 0.125364 
0.75094 0.00963438 0.0561883 0.094343 0.0035838 0.0118711 0.0734393 
0.80881 0.00975525 0.0431438 0.0705259 0.00455659 0.00963092 0.0535773 
0.526671 0.0240705 0.0234117 0.321368 0.0311509 0.0271255 0.0462025 
0.380949 0.0687206 0.0175582 0.168293 0.299273 0.0338903 0.0313161 
0.16336 0.0288963 0.0248768 0.35824 0.341878 0.0341738 0.0485748 
0.0392947 0.0116956 0.026857 0.784998 0.0562101 0.0204071 0.0605377 
0.126736 0.00669736 0.083739 0.644614 0.00448871 0.0147969 0.118929 
0.245781 0.00592636 0.119679 0.54284 0.00344426 0.00763801 0.0746921 
0.293017 0.00808139 0.0899971 0.525753 0.00217195 0.00404888 0.0769306 
0.445655 0.00902305 0.0379363 0.485539 0.00291249 0.00230254 0.0166321 
0.484616 0.0413297 0.00935402 0.412462 0.0411657 0.00415588 0.00691667 
0.470474 0.062652 0.00976117 0.358443 0.0815412 0.00594944 0.011179 
0.49831 0.0267466 0.0113525 0.238471 0.203165 0.00493168 0.0170235 
0.452733 0.0128281 0.0131483 0.21697 0.280983 0.00441213 0.0189259 
0.379518 0.0102182 0.0180201 0.238815 0.326868 0.0058495 0.0207116 
0.34402 0.0115765 0.0463813 0.285238 0.265947 0.0177636 0.029074 
0.320232 0.0287352 0.234166 0.0602921 0.189466 0.131394 0.035715 
0.248789 0.0311117 0.302888 0.0405818 0.193417 0.153684 0.0295283 
0.425372 0.02172 0.234125 0.0408083 0.115752 0.0844615 0.0777606 
0.462488 0.0222737 0.180544 0.0369324 0.109904 0.0950859 0.092772 
0.524642 0.0238809 0.175221 0.0372294 0.0959161 0.0834619 0.059649 
0.563426 0.00870344 0.182415 0.0360011 0.0329145 0.0194333 0.157107 
0.50507 0.00747808 0.124533 0.0461206 0.0162853 0.0157621 0.284751 
0.632096 0.00638335 0.122221 0.0499762 0.0222471 0.00511325 0.161963 
0.630286 0.00566224 0.0828572 0.224211 0.0190148 0.00409717 0.0338719 
0.583069 0.00503912 0.0761886 0.231109 0.0472571 0.00306009 0.0542774 
0.671417 0.0109493 0.0466637 0.209684 0.0107045 0.00824389 0.0423378 
0.527029 0.00819845 0.0644052 0.290836 0.0126453 0.0122517 0.0846346 
0.777725 0.010577 0.0417129 0.0897788 0.00447291 0.0150615 0.0606719 
0.77124 0.00719514 0.0545839 0.0565809 0.00342813 0.0141824 0.0927891 
0.780627 0.00951002 0.0356901 0.0851775 0.00634058 0.0177562 0.0648989 
0.814921 0.0171678 0.0259658 0.0706961 0.00470759 0.0285719 0.0379702 
0.632741 0.0135347 0.0313425 0.239075 0.00628975 0.0296377 0.04738 
0.749753 0.0116987 0.0320584 0.131783 0.00796474 0.0186462 0.0480962 
0.696235 0.0124821 0.03497 0.166776 0.00885566 0.0231499 0.0575314 
0.764881 0.00885882 0.0420887 0.127431 0.00655757 0.0114791 0.0387039 
0.851221 0.0170581 0.0247763 0.0710559 0.00388067 0.0117468 0.0202608 
0.790614 0.0122885 0.0270268 0.127971 0.00543307 0.012757 0.0239099 
0.595529 0.0140978 0.0194318 0.332667 0.00782396 0.0138397 0.0166106 
0.588198 0.0160364 0.0211666 0.343074 0.00598379 0.0112518 0.0142892 
0.76148 0.0180572 0.0215926 0.155037 0.00791269 0.0122933 0.0236272 
0.623891 0.0226812 0.0172476 0.301157 0.00729762 0.0113385 0.0163867 
0.603006 0.0263036 0.0189603 0.317042 0.00579094 0.0130101 0.015887 
0.563577 0.0226773 0.0147544 0.364424 0.0129559 0.0102363 0.0113759 
0.628681 0.0215295 0.0194989 0.29794 0.00845754 0.0120109 0.0118819 
0.608788 0.0159779 0.0186066 0.323802 0.00942716 0.00968048 0.0137182 
0.593848 0.0111291 0.0204715 0.341495 0.00960938 0.00817772 0.0152695 
0.713189 0.0159091 0.019226 0.223468 0.00991263 0.00719202 0.0111032 
0.691054 0.013814 0.0267191 0.241274 0.00528706 0.00703897 0.0148123 
0.747335 0.016513 0.0221565 0.181545 0.00613231 0.0102514 0.0160665 
0.784546 0.0203185 0.0212929 0.138186 0.00583953 0.0147059 0.0151119 
0.749168 0.0175588 0.0241092 0.176707 0.00666501 0.0103438 0.0154484 
0.732004 0.0153886 0.0226194 0.186229 0.0110227 0.0116488 0.0210871 
0.669697 0.0205637 0.0193907 0.246642 0.0125963 0.0125887 0.0185223 
0.640251 0.0248893 0.0166754 0.27967 0.0114255 0.0117714 0.0153167 
0.681848 0.0336149 0.0165911 0.228099 0.00882997 0.0144678 0.0165488 
0.702184 0.0261649 0.0183654 0.215993 0.00984924 0.0109144 0.0165285 
0.643629 0.0273045 0.0164825 0.271577 0.010189 0.0135489 0.0172685 
