0.319002 0.0159552 0.01188 0.62436 0.0160465 0.00502172 0.00773481 
0.398518 0.0134036 0.019646 0.529018 0.0121926 0.0132306 0.0139912 
0.424896 0.0125921 0.0269308 0.490603 0.0109179 0.0127757 0.0212844 
0.371527 0.0154217 0.0145629 0.555511 0.025711 0.00769895 0.00956774 
0.293459 0.0109694 0.0133821 0.641806 0.0245463 0.00656521 0.00927218 
0.163436 0.00593699 0.00861353 0.795268 0.018271 0.00353925 0.00493535 
0.36862 0.0080968 0.0281465 0.551836 0.0142219 0.0105869 0.0184918 
0.405365 0.0101213 0.0306117 0.501715 0.0148556 0.0104462 0.0268857 
0.383844 0.0115627 0.034827 0.49904 0.0216233 0.0160338 0.0330692 
0.430211 0.015959 0.03329 0.452654 0.0119836 0.020457 0.035446 
0.492449 0.011694 0.0325051 0.394519 0.0215252 0.0157752 0.0315326 
0.49559 0.0159192 0.0204438 0.42017 0.0206832 0.0096855 0.0175081 
0.449588 0.0175754 0.0196119 0.475718 0.0137861 0.0100219 0.0136982 
0.33066 0.0126733 0.0160627 0.612586 0.013062 0.00530264 0.00965336 
0.468176 0.0168071 0.0212897 0.466385 0.00909574 0.00686393 0.0113826 
0.516105 0.0154985 0.0222856 0.41373 0.0125974 0.00785202 0.0119313 
0.504107 0.0148231 0.0199955 0.430597 0.0131256 0.00817247 0.00917914 
0.51934 0.0146259 0.018303 0.415502 0.0168346 0.00580356 0.00959044 
0.371887 0.0117828 0.014394 0.570549 0.0188547 0.0057666 0.0067659 
0.440756 0.0157286 0.019708 0.497314 0.0121253 0.00453168 0.00983587 
0.40263 0.0158222 0.0163823 0.536166 0.0141052 0.00479991 0.0100953 
0.499248 0.0160487 0.024685 0.423242 0.012351 0.0109308 0.0134945 
0.39657 0.0143216 0.0192204 0.532326 0.0153935 0.00822784 0.0139402 
0.505872 0.0155203 0.0227992 0.419638 0.0127999 0.00675906 0.0166121 
0.365802 0.0108047 0.0201938 0.576817 0.00926875 0.00439539 0.0127176 
0.54368 0.0162441 0.0242434 0.381038 0.0103752 0.0075208 0.0168993 
0.381303 0.0109797 0.0195006 0.549682 0.0170941 0.00779008 0.0136503 
0.298684 0.0103595 0.0142596 0.630633 0.0269949 0.0073592 0.0117101 
0.436207 0.0161681 0.020843 0.476329 0.0199323 0.0126954 0.0178245 
0.496163 0.0159735 0.0299968 0.412514 0.00876033 0.0113493 0.0252428 
0.409782 0.0121137 0.0285303 0.505548 0.00886514 0.0118012 0.0233597 
0.465032 0.0157708 0.0240857 0.460527 0.00835816 0.00708735 0.0191397 
0.301472 0.0118418 0.0182853 0.644028 0.0071319 0.00571958 0.0115218 
0.277804 0.0103768 0.0193407 0.669134 0.00687616 0.00482112 0.0116474 
0.322107 0.00985719 0.0249157 0.6164 0.00680431 0.00535428 0.0145616 
0.243664 0.00750471 0.0200083 0.710251 0.00563862 0.00324121 0.00969166 
0.486494 0.0190497 0.0246302 0.439688 0.00656049 0.0105058 0.0130721 
0.60776 0.0188135 0.0281401 0.309468 0.00830062 0.00931962 0.0181985 
0.418979 0.0169325 0.0169392 0.519162 0.0121526 0.00626231 0.00957325 
0.377103 0.0185418 0.0156235 0.563486 0.0116501 0.0058037 0.00779144 
0.455668 0.0165456 0.0167044 0.47392 0.020635 0.00705601 0.00947037 
0.386069 0.0148464 0.0169153 0.542325 0.0186692 0.00972471 0.0114505 
0.439577 0.0143247 0.0200752 0.481934 0.0202497 0.00934877 0.0144907 
0.326345 0.0131249 0.0164562 0.607482 0.0166304 0.00821237 0.0117488 
0.30242 0.00998532 0.018703 0.627968 0.0182486 0.00735782 0.0153172 
0.26937 0.0195022 0.0126987 0.664501 0.0162392 0.00906831 0.00861976 
0.274892 0.0118655 0.0156369 0.662236 0.014639 0.00808965 0.0126412 
0.468173 0.017854 0.022857 0.44822 0.0160282 0.00981864 0.0170488 
0.511105 0.0165734 0.0272561 0.398047 0.0123595 0.0130495 0.0216101 
0.538494 0.0166007 0.0283671 0.350755 0.0222475 0.0125866 0.030949 
0.520812 0.0248544 0.0266313 0.323522 0.0474907 0.0247845 0.0319051 
0.44677 0.0227314 0.0224753 0.440857 0.0251629 0.0160374 0.0259662 
0.402904 0.0145281 0.025602 0.467843 0.0440553 0.0140603 0.0310063 
0.484561 0.0184588 0.0258396 0.397369 0.0279172 0.013481 0.0323735 
0.552684 0.0172018 0.0291462 0.341903 0.0156279 0.0117378 0.0316994 
0.519543 0.0171934 0.0218905 0.392219 0.018589 0.0107842 0.0197812 
0.454213 0.0185644 0.0206377 0.471724 0.0101116 0.00861446 0.0161349 
0.52605 0.024687 0.0248328 0.378122 0.00826492 0.0165148 0.0215285 
0.643395 0.0191565 0.0275693 0.261452 0.0100777 0.0141556 0.0241942 
0.378855 0.0173869 0.0191421 0.551971 0.00905891 0.0105299 0.0130557 
0.592109 0.0190595 0.0266682 0.324293 0.0104268 0.00935717 0.0180863 
0.62564 0.0141553 0.0349422 0.28748 0.00671527 0.00937853 0.0216891 
0.652632 0.0151411 0.0348039 0.251446 0.00819114 0.0111854 0.0266009 
0.616656 0.0175934 0.0291113 0.298415 0.00611117 0.013281 0.0188323 
0.516319 0.0153845 0.0231992 0.414972 0.00951443 0.00752889 0.0130826 
0.633819 0.0175281 0.0330851 0.273891 0.0068436 0.0103767 0.0244563 
0.680634 0.0242317 0.0276538 0.230082 0.00745832 0.0115814 0.0183591 
0.632546 0.0195427 0.0328859 0.281595 0.00399437 0.0097304 0.0197058 
0.587833 0.0211227 0.0283117 0.323011 0.00645284 0.0117843 0.0214851 
0.46595 0.0160487 0.0322648 0.437858 0.00612723 0.0137943 0.0279569 
0.352839 0.0150546 0.0184443 0.587685 0.00846539 0.00672665 0.0107848 
0.265513 0.0139712 0.0126786 0.682034 0.0128819 0.00555365 0.0073671 
0.363681 0.0131347 0.0163242 0.563224 0.0247886 0.00812827 0.0107188 
0.300324 0.0118336 0.016975 0.643077 0.0103659 0.00640536 0.0110192 
0.390427 0.0128297 0.0286019 0.530009 0.00778882 0.00800736 0.0223363 
0.36828 0.0105965 0.0284545 0.552301 0.0082315 0.00713069 0.0250063 
0.368387 0.0109124 0.0213049 0.562956 0.0141775 0.00680077 0.0154614 
0.529754 0.0133547 0.0274301 0.378044 0.0181589 0.00879403 0.0244639 
0.463776 0.0131459 0.0213935 0.459424 0.017682 0.0071175 0.017461 
0.41219 0.0176683 0.0180862 0.517021 0.0126852 0.00829233 0.0140574 
0.500474 0.0154339 0.0227549 0.421596 0.0135408 0.0109833 0.0152175 
0.491029 0.0144737 0.0197196 0.436515 0.0171683 0.00891867 0.0121754 
0.273176 0.00961081 0.0132437 0.664471 0.0252574 0.00604471 0.00819612 
0.368626 0.0121323 0.0175834 0.561638 0.0198197 0.00806192 0.0121392 
0.338406 0.0113992 0.0145531 0.597407 0.0227972 0.0072882 0.0081496 
0.272307 0.00873786 0.0143595 0.67214 0.0183149 0.00653957 0.00760099 
0.338224 0.00934934 0.0162027 0.601334 0.017691 0.00774987 0.00944939 
0.447951 0.00952321 0.0235488 0.477459 0.0172316 0.00830391 0.0159824 
0.427772 0.0108458 0.0280792 0.49684 0.0100319 0.00736865 0.0190624 
0.231914 0.00785161 0.0175052 0.706764 0.0139627 0.0111198 0.0108833 
0.402263 0.012285 0.0220786 0.530917 0.0123133 0.00690099 0.013242 
0.377763 0.00968675 0.0252162 0.558997 0.00827454 0.00565304 0.0144095 
0.318943 0.00872062 0.0201582 0.62312 0.0117067 0.00645158 0.0108998 
0.385338 0.010227 0.028639 0.541866 0.00944799 0.0069599 0.0175224 
0.293697 0.00897201 0.0196256 0.646686 0.0104474 0.00679648 0.0137758 
0.252293 0.00744207 0.0202997 0.691719 0.0100077 0.00519124 0.0130471 
0.411882 0.00980821 0.0548507 0.476129 0.00651026 0.00628307 0.0345371 
0.287909 0.00644988 0.0318274 0.641994 0.00748735 0.00331454 0.0210177 
0.47451 0.0162078 0.0239291 0.438878 0.0127303 0.00853241 0.0252122 
0.348294 0.0136957 0.019592 0.571465 0.019303 0.0106517 0.0169986 
0.322253 0.00868786 0.0395153 0.570834 0.0114393 0.00805286 0.0392171 
0.578194 0.0138896 0.0603045 0.277491 0.00513488 0.0106349 0.0543513 
0.62853 0.0156049 0.0494222 0.260228 0.00398002 0.00850114 0.0337346 
0.522703 0.0111061 0.034118 0.393215 0.0113502 0.00638632 0.021122 
0.630279 0.0125286 0.0303295 0.283469 0.0152591 0.00653496 0.0215999 
0.282728 0.0281627 0.0236598 0.517437 0.121737 0.0170671 0.00920897 
0.388804 0.0258156 0.0362032 0.375161 0.133434 0.0288896 0.0116926 
0.550092 0.0424647 0.0337231 0.233007 0.0854686 0.0423952 0.0128498 
0.347143 0.0521117 0.0160159 0.300626 0.208909 0.064649 0.0105449 
0.143022 0.0629805 0.00795901 0.31543 0.411435 0.0521855 0.00698819 
0.101537 0.0457231 0.00334682 0.234292 0.589045 0.0230254 0.00302993 
0.194277 0.0726741 0.00929153 0.304467 0.338555 0.0726794 0.00805708 
0.271462 0.0735179 0.0103082 0.164239 0.37666 0.0965894 0.00722317 
0.240862 0.103908 0.0153829 0.199518 0.255207 0.173624 0.0114974 
0.335225 0.0955331 0.0158857 0.177554 0.179575 0.18424 0.0119872 
0.402659 0.0696897 0.011917 0.136801 0.249939 0.121184 0.00781041 
0.610493 0.0764732 0.0134048 0.0832266 0.143796 0.0635843 0.00902306 
0.709086 0.0843718 0.0179607 0.0370309 0.060348 0.0791808 0.0120214 
0.779917 0.0265119 0.023783 0.0853658 0.036607 0.0396937 0.00812161 
0.841137 0.0244563 0.0290313 0.054734 0.00860172 0.0348288 0.00721139 
0.844451 0.0105424 0.073203 0.016026 0.008296 0.0288603 0.018621 
0.806569 0.0249239 0.0392353 0.0442162 0.0104676 0.0593229 0.015265 
0.741047 0.0276185 0.0509517 0.0383306 0.00756286 0.1124 0.0220892 
0.780513 0.0355567 0.0320394 0.0669614 0.0131046 0.0559386 0.0158862 
0.782943 0.0140705 0.0587756 0.0916869 0.00402355 0.0243513 0.0241487 
0.793889 0.017171 0.0659455 0.087245 0.00504982 0.0141711 0.0165286 
0.792865 0.0171377 0.0803314 0.0327661 0.00464578 0.051947 0.0203068 
0.345109 0.0117491 0.0197341 0.555223 0.0363169 0.0174856 0.0143829 
0.442826 0.0275527 0.0181018 0.466505 0.0152248 0.0211965 0.00859334 
0.554908 0.0269428 0.0240073 0.360323 0.00998429 0.0165078 0.00732606 
0.65903 0.0259455 0.0228486 0.246967 0.0230975 0.0142085 0.00790255 
0.600003 0.0287981 0.0289502 0.309412 0.0100501 0.0135205 0.00926667 
0.712661 0.0247442 0.0385762 0.186164 0.0073338 0.0185353 0.0119857 
0.748062 0.0152235 0.0613361 0.142662 0.00513246 0.0154114 0.0121726 
0.677009 0.0305163 0.0362006 0.21485 0.00713864 0.02417 0.0101159 
0.578613 0.0445997 0.041982 0.275728 0.006585 0.0408235 0.0116688 
0.804613 0.0242238 0.039132 0.0713702 0.011876 0.0348118 0.0139728 
0.797404 0.0232858 0.0484108 0.0848878 0.00722009 0.0221061 0.0166852 
0.792528 0.0244503 0.0360416 0.0938516 0.018786 0.0208665 0.0134758 
0.807997 0.019706 0.050369 0.0771164 0.00648844 0.020872 0.0174512 
0.811506 0.014879 0.0542207 0.0765762 0.00738145 0.0127551 0.0226812 
0.817003 0.012365 0.0648412 0.06009 0.00620485 0.0126512 0.0268452 
0.807548 0.0084797 0.0895227 0.0457089 0.00394099 0.0129511 0.0318483 
0.849898 0.0167129 0.0591048 0.0374023 0.00410081 0.0136069 0.0191741 
0.855158 0.016653 0.0550605 0.0296018 0.00416957 0.0186985 0.0206583 
0.827476 0.0182195 0.0474106 0.0646574 0.00832038 0.0177769 0.0161394 
0.830574 0.015073 0.0531493 0.0504884 0.00629364 0.0230717 0.0213502 
0.831315 0.0153914 0.0540023 0.0433712 0.00845898 0.0226597 0.0248011 
0.84053 0.0218436 0.0435513 0.0461772 0.00732653 0.0232938 0.0172774 
0.849397 0.027787 0.034598 0.0426287 0.00651447 0.0220789 0.0169959 
0.849531 0.0209637 0.0391073 0.0508528 0.00705185 0.0153921 0.0171013 
0.830462 0.0216223 0.0441376 0.0630864 0.00512983 0.0157388 0.0198233 
0.873378 0.0188749 0.0518259 0.0131433 0.00432461 0.0117143 0.0267393 
0.860258 0.0121248 0.0615498 0.0177712 0.00396133 0.00976439 0.03457 
0.878919 0.00887177 0.0575618 0.0130178 0.0017995 0.00446112 0.0353694 
0.877209 0.00769745 0.0611126 0.0222523 0.00134611 0.00595046 0.0244317 
0.886293 0.0130076 0.0456031 0.0237759 0.00288491 0.00841191 0.020024 
0.890588 0.0114756 0.041058 0.0144446 0.00378707 0.0156641 0.0229824 
0.849252 0.0144926 0.0372338 0.0603263 0.00716819 0.0170897 0.0144376 
0.872702 0.0111937 0.041255 0.0411427 0.00602535 0.0119476 0.0157333 
0.66439 0.0440025 0.0299356 0.200288 0.00701211 0.0422135 0.0121585 
0.430022 0.0655191 0.0205986 0.4208 0.0237905 0.0277889 0.0114808 
0.458565 0.0577898 0.0230976 0.412282 0.0135712 0.0234645 0.0112295 
0.871813 0.0146251 0.0626971 0.0265935 0.00198929 0.00750909 0.0147726 
0.839219 0.020145 0.0428202 0.0675342 0.00632405 0.0111985 0.0127594 
0.796102 0.0225838 0.057208 0.07789 0.00391385 0.0219534 0.020349 
0.719824 0.0433901 0.0479814 0.0584788 0.00479752 0.10101 0.0245179 
0.817164 0.0381437 0.0649201 0.0134483 0.00449621 0.0415858 0.020242 
0.809035 0.0141874 0.0879536 0.0224704 0.00483768 0.0358179 0.0256976 
0.80067 0.0146567 0.075469 0.0384351 0.00640426 0.0214264 0.0429381 
0.840189 0.0125864 0.0631837 0.0307103 0.00288093 0.00845529 0.0419944 
0.760585 0.0181094 0.0655037 0.117875 0.0024364 0.00585377 0.0296368 
0.702011 0.0131575 0.0700209 0.184522 0.00295896 0.00516506 0.0221642 
0.635375 0.0095323 0.137739 0.131088 0.0110955 0.0358154 0.0393546 
0.670028 0.0134819 0.181783 0.030898 0.0144923 0.0573414 0.0319758 
0.720392 0.0112085 0.124485 0.0477379 0.0207261 0.0364507 0.0389999 
0.758303 0.0114459 0.0948325 0.0700958 0.0175566 0.0200935 0.0276726 
0.766783 0.011414 0.0540463 0.115851 0.0188731 0.0164951 0.0165376 
0.740704 0.016922 0.0566461 0.143861 0.013943 0.0124959 0.0154275 
0.775919 0.0180977 0.0385368 0.117507 0.0219163 0.0152955 0.0127282 
0.72535 0.0123466 0.0517177 0.159396 0.0165884 0.0198531 0.0147476 
0.725075 0.0207934 0.0471344 0.158995 0.0105013 0.0267569 0.0107435 
0.712425 0.0154068 0.0574936 0.162974 0.0151721 0.0224697 0.0140589 
0.767495 0.0163504 0.0549179 0.104086 0.0186069 0.0225205 0.0160227 
0.752156 0.015923 0.0636649 0.119101 0.011974 0.0216136 0.0155674 
0.734932 0.0143799 0.054574 0.138733 0.0198183 0.0210322 0.01653 
0.724288 0.0164758 0.0466135 0.161678 0.0162716 0.0212947 0.0133792 
0.767823 0.0195289 0.0439514 0.111221 0.0160006 0.0258041 0.0156711 
0.821996 0.0208538 0.0446953 0.0600211 0.0157816 0.0223825 0.0142694 
0.78929 0.0197499 0.0463217 0.0853458 0.0264467 0.0185339 0.0143121 
0.819922 0.0143229 0.0590009 0.065711 0.0123251 0.0109488 0.0177697 
0.825972 0.0149458 0.0526204 0.0631814 0.0170145 0.00785424 0.0184119 
0.788222 0.0125768 0.0619835 0.085636 0.0168488 0.0097792 0.0249535 
0.809662 0.0163979 0.0545938 0.0661829 0.0123519 0.0153536 0.0254577 
0.777386 0.0145271 0.0547894 0.107839 0.0111702 0.014099 0.0201895 
0.807363 0.0183675 0.048941 0.0850816 0.00775152 0.0138705 0.0186252 
0.778647 0.0128401 0.0574543 0.112382 0.00657847 0.00992922 0.0221683 
0.787439 0.0231422 0.0370192 0.126092 0.00635677 0.00817504 0.0117752 
0.749345 0.0294742 0.0368062 0.158926 0.00569586 0.00739552 0.0123576 
0.808179 0.0214239 0.0340643 0.106043 0.0097903 0.0077396 0.0127596 
0.771946 0.0212925 0.030633 0.145972 0.00739462 0.00766121 0.0151013 
0.770781 0.0147488 0.0353393 0.153656 0.00427291 0.00592197 0.0152799 
0.855604 0.011475 0.0416755 0.0690237 0.00235659 0.00408726 0.0157784 
0.85395 0.0177622 0.0294144 0.0813731 0.0027783 0.00520281 0.00951905 
0.854192 0.0150308 0.0351512 0.0810736 0.00234465 0.00356869 0.00863879 
0.834327 0.0172572 0.0313436 0.098605 0.00281051 0.00363155 0.0120253 
0.813334 0.0184421 0.0345748 0.114199 0.00252325 0.00447109 0.0124553 
0.812876 0.0153333 0.0280629 0.119182 0.00573427 0.00525038 0.0135609 
0.798562 0.0152418 0.0357385 0.124998 0.00250264 0.00609185 0.0168652 
0.729659 0.0183455 0.0290232 0.199788 0.00307171 0.00638635 0.0137261 
0.767262 0.0163873 0.0341055 0.160746 0.00307987 0.00517359 0.0132458 
0.67804 0.017937 0.0300595 0.24508 0.00547142 0.00540972 0.0180019 
0.823909 0.0156242 0.0318142 0.0981981 0.00566159 0.00487985 0.0199132 
0.846073 0.0145224 0.0457506 0.0502273 0.00254392 0.00632679 0.0345562 
0.870203 0.0148575 0.0421653 0.028517 0.00228183 0.0080074 0.0339682 
0.850915 0.0164921 0.043005 0.0529451 0.00195621 0.00502115 0.0296658 
0.84528 0.021226 0.0395039 0.0654603 0.0021468 0.00468265 0.0217008 
0.83688 0.0155973 0.0423753 0.0735158 0.00229566 0.00586387 0.0234722 
0.807132 0.0157837 0.0489964 0.0934206 0.00191172 0.00555465 0.0272012 
0.799984 0.0147491 0.0434922 0.104527 0.00283557 0.00567996 0.0287316 
0.832957 0.0174128 0.0426242 0.0707051 0.00290129 0.00674365 0.0266556 
0.820428 0.0151631 0.0360386 0.0954079 0.00403431 0.00398709 0.0249406 
0.821895 0.0187851 0.0306739 0.0969126 0.00570905 0.00396983 0.022054 
0.825766 0.0171089 0.041488 0.0710254 0.00392351 0.00473557 0.0359529 
0.826552 0.0187878 0.0393457 0.0776628 0.00320246 0.00446809 0.0299808 
0.701203 0.0545365 0.0126681 0.203225 0.0111355 0.00934375 0.00788762 
0.734678 0.0674207 0.0144004 0.153326 0.00774466 0.0128269 0.00960393 
0.752479 0.0606047 0.0139666 0.140929 0.011176 0.0119493 0.00889533 
0.767785 0.0546709 0.0131064 0.130749 0.0139317 0.0110013 0.00875573 
0.78858 0.0361463 0.0143328 0.130063 0.0119743 0.00913894 0.00976475 
0.817288 0.0389783 0.0144246 0.0992797 0.0100113 0.0099823 0.0100358 
0.790348 0.0419986 0.0148849 0.121442 0.00997598 0.0105768 0.0107735 
0.794368 0.0484633 0.0141216 0.10739 0.0130522 0.0111024 0.0115026 
0.816132 0.0465164 0.0152324 0.0861286 0.00971889 0.0136425 0.0126288 
0.814833 0.0342221 0.0148269 0.105122 0.00831293 0.0104977 0.0121853 
0.810598 0.0437288 0.0141282 0.095144 0.0120343 0.0123824 0.0119838 
0.81869 0.0354573 0.0147726 0.0972769 0.0101926 0.011852 0.0117588 
0.793302 0.0487564 0.014045 0.106667 0.0133361 0.0118665 0.0120266 
0.821187 0.0285592 0.014207 0.104453 0.0117898 0.00896864 0.0108361 
0.771489 0.0320278 0.0133907 0.144048 0.0184726 0.00906873 0.0115037 
0.783716 0.0265905 0.0136327 0.141258 0.0169326 0.0072136 0.0106565 
0.779168 0.0365043 0.0135012 0.13578 0.0170871 0.00843721 0.0095221 
0.762663 0.028592 0.0157674 0.168742 0.00752576 0.00703529 0.00967469 
0.782127 0.0281605 0.0167601 0.149084 0.00557028 0.00783769 0.0104607 
0.796697 0.0275356 0.0172044 0.13344 0.00594314 0.00742428 0.0117555 
0.736251 0.028675 0.0161097 0.192226 0.00873467 0.00721009 0.0107931 
0.753039 0.0228698 0.0155836 0.177526 0.0134051 0.00629081 0.0112853 
0.782312 0.0310143 0.0175201 0.140083 0.00806988 0.0065963 0.0144047 
0.836909 0.032254 0.0173841 0.0857864 0.0070752 0.00721201 0.0133792 
0.855326 0.0171254 0.023041 0.0837686 0.00502293 0.00369625 0.0120203 
0.791777 0.0136605 0.0190772 0.13331 0.0224089 0.00591525 0.0138517 
0.771272 0.0194279 0.0139665 0.139878 0.031907 0.00974222 0.0138063 
0.818425 0.019624 0.0172145 0.108616 0.0133926 0.00725969 0.0154683 
0.866947 0.0267515 0.0165479 0.0643835 0.0071053 0.00796282 0.0103015 
0.875013 0.0201064 0.0170638 0.0649076 0.00644424 0.00640658 0.0100584 
0.83455 0.0181932 0.0232586 0.100735 0.00366477 0.00841004 0.011189 
0.79156 0.0235491 0.0177279 0.142918 0.00726657 0.0085747 0.00840355 
0.669694 0.0283435 0.0139119 0.263509 0.0110874 0.00651651 0.00693808 
0.662519 0.0424143 0.0128824 0.251155 0.0158695 0.00707823 0.00808148 
0.689421 0.0364668 0.0147201 0.231948 0.0128392 0.00597088 0.00863448 
0.763717 0.0392286 0.0172005 0.154838 0.00643851 0.00757946 0.010998 
0.831378 0.0233131 0.0227436 0.0976697 0.00495591 0.00669315 0.0132463 
0.78794 0.0244774 0.0159465 0.145116 0.0102333 0.00751207 0.00877447 
0.741264 0.0309653 0.0163841 0.178238 0.0134855 0.00967661 0.0099863 
0.569811 0.0296594 0.0156286 0.357933 0.0113439 0.00757273 0.00805074 
0.822322 0.0203313 0.0242775 0.110882 0.00677343 0.00468241 0.0107312 
0.892349 0.00961799 0.0345175 0.0484328 0.00501388 0.00184974 0.0082194 
0.894445 0.0117435 0.0294797 0.0441436 0.00467305 0.00363895 0.0118758 
0.841513 0.0134461 0.0261432 0.080737 0.0109324 0.00641675 0.0208118 
0.823929 0.0210457 0.0235039 0.0974029 0.00519875 0.0102372 0.0186823 
0.850753 0.0231787 0.0164181 0.0721128 0.011523 0.0113452 0.0146694 
0.859234 0.0240407 0.0198303 0.069662 0.00511988 0.00894821 0.0131653 
0.84705 0.0154867 0.0284204 0.0826207 0.00334316 0.00803815 0.0150409 
0.861892 0.0199638 0.0287257 0.0582302 0.00361771 0.00993765 0.0176334 
0.857749 0.0226872 0.0238818 0.0575098 0.00767008 0.0120449 0.0184575 
0.637472 0.0382493 0.0159708 0.262993 0.0187805 0.0141011 0.0124328 
0.669908 0.0391827 0.0187513 0.237522 0.00933263 0.0129101 0.0123936 
0.796114 0.0244016 0.0214951 0.130755 0.00653667 0.00735358 0.0133441 
0.864527 0.0159957 0.0275628 0.0657186 0.00380213 0.00693217 0.0154619 
0.825282 0.018421 0.0297956 0.104433 0.00341595 0.00595142 0.0127013 
0.765708 0.0290982 0.0199161 0.162388 0.00467397 0.00732676 0.0108886 
0.778032 0.0238153 0.0232894 0.152311 0.00409297 0.00810008 0.0103599 
0.593245 0.0439018 0.0412116 0.0402584 0.00708424 0.259474 0.0148247 
0.228771 0.0137648 0.0826914 0.040949 0.0179556 0.601458 0.0144107 
0.150262 0.0123482 0.0705051 0.57208 0.0256608 0.113817 0.0553269 
0.366423 0.0114559 0.0648928 0.436023 0.0164471 0.0592746 0.0454836 
0.283706 0.0143084 0.0566125 0.5115 0.0173769 0.0834593 0.0330368 
0.393364 0.0189992 0.0870952 0.269528 0.0217604 0.153223 0.0560306 
0.399423 0.0121134 0.101717 0.322354 0.0170875 0.0860136 0.0612921 
0.45692 0.0178841 0.103 0.191469 0.0128702 0.144526 0.0733311 
0.481597 0.017583 0.0893119 0.255342 0.00807318 0.0941574 0.0539355 
0.378936 0.0144133 0.0854823 0.423312 0.00552808 0.055937 0.0363909 
0.685983 0.0162247 0.0594615 0.115394 0.00899881 0.0743786 0.0395596 
0.830863 0.0133009 0.0613781 0.0300185 0.00682814 0.0313775 0.0262335 
0.744521 0.0127931 0.0723836 0.0835554 0.0034356 0.0462117 0.0370999 
0.649861 0.0171681 0.0602943 0.176114 0.00680197 0.0551134 0.0346475 
0.746435 0.0218044 0.0410136 0.114929 0.00676004 0.0490174 0.0200407 
0.837788 0.0181429 0.0360867 0.0611844 0.00688858 0.02338 0.01653 
0.862865 0.0124005 0.0309673 0.0600093 0.00650221 0.00971422 0.017542 
0.866467 0.0128157 0.0295472 0.0517783 0.0046532 0.0108968 0.0238417 
0.827593 0.0158858 0.0292523 0.101867 0.00370696 0.00753973 0.0141543 
0.797399 0.0125552 0.0269416 0.130284 0.00654564 0.0088555 0.0174198 
0.753672 0.0174215 0.0238523 0.17868 0.00565501 0.00876631 0.0119522 
0.72805 0.0215276 0.018035 0.208688 0.00800327 0.00723772 0.00845835 
0.82431 0.017783 0.0183809 0.114312 0.00737385 0.0069611 0.0108793 
0.793854 0.0169761 0.0233906 0.146896 0.00398939 0.00614821 0.00874595 
0.834448 0.0163812 0.0195864 0.108954 0.00599612 0.0048943 0.00974063 
0.82954 0.0143108 0.0195596 0.116245 0.00647622 0.00526828 0.00860033 
0.720331 0.02671 0.0152507 0.215306 0.00742116 0.00821731 0.00676316 
0.856589 0.0167168 0.0220836 0.0866188 0.00320402 0.00659417 0.00819403 
0.824119 0.017006 0.0243191 0.114467 0.00257154 0.00800995 0.00950735 
0.844014 0.0255504 0.0181798 0.0892804 0.0045695 0.0101836 0.00822206 
0.804584 0.0274005 0.0214782 0.123268 0.00339487 0.0106493 0.0092249 
0.822044 0.0164245 0.044776 0.0911812 0.00149333 0.0106904 0.013391 
0.633828 0.0302327 0.0532314 0.0116047 0.00670655 0.252344 0.0120525 
0.738339 0.0184739 0.0163824 0.181035 0.0144599 0.0138553 0.0174538 
0.765946 0.0157946 0.0192677 0.153681 0.00904926 0.0121642 0.0240976 
0.689549 0.0130371 0.0204972 0.227022 0.0118991 0.013731 0.0242643 
0.616657 0.0115363 0.0180241 0.31631 0.0124521 0.00927074 0.0157497 
0.760237 0.0147807 0.0167134 0.17629 0.0125015 0.00516658 0.0143116 
0.759367 0.0188843 0.0188076 0.180643 0.00622662 0.00513826 0.0109333 
0.681742 0.0336731 0.0145841 0.246051 0.00869341 0.007268 0.00798901 
0.767842 0.0338612 0.0140481 0.159346 0.0088208 0.00837966 0.00770198 
0.667833 0.0265899 0.0123054 0.265684 0.0126877 0.00759104 0.00730936 
0.651774 0.0313279 0.0127977 0.282209 0.00942622 0.00560827 0.00685734 
0.777769 0.0177359 0.0135175 0.159844 0.0157205 0.00595651 0.00945664 
0.756131 0.0298508 0.0122337 0.159503 0.0221668 0.00928738 0.0108277 
0.828564 0.0196683 0.0179116 0.0984932 0.0106 0.00887473 0.015888 
0.834165 0.017527 0.0223069 0.0815821 0.00757621 0.0144656 0.022377 
0.682918 0.0174966 0.0308574 0.202711 0.00725553 0.0200985 0.0386633 
