0.620302 0.0127304 0.0474948 0.279226 0.0100017 0.0173452 0.0129002 
0.719533 0.01638 0.0415888 0.169395 0.024378 0.015905 0.012821 
0.760077 0.023384 0.0403324 0.125441 0.0246343 0.0133949 0.0127362 
0.623794 0.0147876 0.0275835 0.252217 0.0526865 0.0185546 0.0103776 
0.752431 0.0352593 0.0318722 0.0760672 0.0743309 0.0192828 0.010757 
0.795474 0.0447403 0.0430108 0.0497823 0.033225 0.0196033 0.0141643 
0.826586 0.0215722 0.0614325 0.0393261 0.0206356 0.0128332 0.0176146 
0.826177 0.059843 0.049049 0.0239959 0.0127337 0.0132748 0.014926 
0.810063 0.0593633 0.0510704 0.0330894 0.013647 0.0159749 0.0167919 
0.804468 0.0374447 0.0562212 0.0594047 0.0177105 0.0094177 0.0153332 
0.769248 0.0276193 0.0488174 0.0894118 0.0371927 0.0120868 0.0156245 
0.752374 0.0256939 0.0372175 0.102926 0.05686 0.0114418 0.0134864 
0.728171 0.0286651 0.0316752 0.142054 0.0442895 0.0126883 0.0124566 
0.431071 0.0268424 0.0150958 0.44986 0.0594363 0.0109832 0.00671124 
0.371563 0.0191212 0.00981089 0.497762 0.0851616 0.0117946 0.00478679 
0.455946 0.0366192 0.013423 0.412281 0.0563121 0.018877 0.00654163 
0.590587 0.0345841 0.0173099 0.306055 0.0360685 0.0096741 0.0057215 
0.763031 0.0277207 0.0227093 0.134829 0.0373962 0.00667969 0.00763403 
0.801726 0.0196857 0.0298738 0.101891 0.0269804 0.00999028 0.00985284 
0.829272 0.0230069 0.0369284 0.0704888 0.0178205 0.00962374 0.0128598 
0.78779 0.0317629 0.0249406 0.100141 0.0279259 0.0151263 0.012313 
0.707126 0.0468527 0.0199622 0.18304 0.0185759 0.0159427 0.00850001 
0.787869 0.0417388 0.0219686 0.0993804 0.0245571 0.0139405 0.0105451 
0.799827 0.0443862 0.0252943 0.0925072 0.0134082 0.0144819 0.0100955 
0.791965 0.0554313 0.0246363 0.0921225 0.0123359 0.0127629 0.0107462 
0.788637 0.0677748 0.0231505 0.0863514 0.00987035 0.0146346 0.0095812 
0.797085 0.0852064 0.020611 0.0638839 0.0116615 0.0128678 0.0086843 
0.768835 0.090865 0.0172761 0.0845579 0.0166623 0.0144818 0.00732144 
0.792287 0.080005 0.0167932 0.0703765 0.0193237 0.0133536 0.0078608 
0.834055 0.0521196 0.025354 0.0534018 0.0162937 0.00831535 0.0104605 
0.810769 0.0406597 0.0211201 0.0791789 0.0286205 0.0100239 0.0096278 
0.858322 0.0183503 0.0372979 0.0547722 0.0107926 0.00763754 0.0128274 
0.807026 0.0202245 0.0413488 0.0998869 0.0106487 0.00623992 0.0146251 
0.837839 0.0331216 0.0516375 0.0290252 0.0137164 0.0162908 0.0183699 
0.781269 0.0425302 0.0604963 0.0409744 0.0263388 0.0237308 0.0246604 
0.802307 0.0392237 0.0808946 0.0142689 0.0150265 0.0189655 0.0293137 
0.8556 0.0216233 0.0498735 0.0318124 0.00605636 0.00508298 0.0299511 
0.815011 0.0145331 0.0614862 0.0679547 0.00590841 0.00443398 0.0306722 
0.795237 0.0119231 0.0840248 0.0671915 0.00715512 0.0053603 0.029108 
0.827149 0.0211108 0.0587817 0.0670597 0.00725605 0.00492175 0.0137214 
0.779521 0.0194917 0.0392967 0.132033 0.0146615 0.0035051 0.0114909 
0.798594 0.0269721 0.0392863 0.0875396 0.0295818 0.00540943 0.0126168 
0.783939 0.0324412 0.0381837 0.0971268 0.0287226 0.00815449 0.0114324 
0.749669 0.0299117 0.0274042 0.0713475 0.0938921 0.00859895 0.0191763 
0.792331 0.0211322 0.0347475 0.0604891 0.0543877 0.00961363 0.0272991 
0.758009 0.0266124 0.0610737 0.0493687 0.0669864 0.0121673 0.0257829 
0.767532 0.0139512 0.0614228 0.0981342 0.025328 0.0097572 0.0238744 
0.715562 0.0129506 0.0563966 0.167308 0.0208667 0.00945031 0.0174662 
0.685043 0.0144493 0.0592868 0.189872 0.0271088 0.00840226 0.0158385 
0.737396 0.0104328 0.064263 0.137146 0.0290662 0.00671738 0.0149787 
0.784288 0.0219231 0.0966742 0.0415774 0.0269264 0.0164101 0.0122007 
0.751556 0.0156719 0.0856089 0.0768353 0.0415509 0.0119075 0.0168695 
0.758134 0.0064857 0.0443765 0.129159 0.0299481 0.00603561 0.025861 
0.779444 0.00623112 0.0412942 0.10466 0.0347473 0.00403497 0.029588 
0.757701 0.00709332 0.0406648 0.139822 0.0306239 0.00391899 0.0201767 
0.636884 0.0132639 0.0350898 0.272911 0.0223388 0.00721905 0.0122939 
0.759218 0.0107842 0.0663516 0.119509 0.0195595 0.00467207 0.0199059 
0.744235 0.0166646 0.122098 0.062308 0.00586551 0.00304976 0.0457794 
0.725684 0.00899971 0.100915 0.144624 0.00317754 0.00152434 0.0150755 
0.38298 0.0157295 0.0278739 0.558497 0.00733784 0.00248688 0.00509485 
0.568363 0.0338822 0.07068 0.253599 0.0442214 0.0196385 0.00961566 
0.642762 0.0515479 0.0543162 0.0478205 0.176644 0.0129964 0.0139133 
0.617611 0.0728161 0.0137035 0.115496 0.163203 0.00573278 0.0114381 
0.589063 0.069575 0.0141393 0.15536 0.151585 0.0110163 0.00926166 
0.621648 0.0480983 0.0169309 0.105222 0.183502 0.0114708 0.0131286 
0.645144 0.0390556 0.016987 0.180903 0.100176 0.00717786 0.0105568 
0.613741 0.0533441 0.0166837 0.215197 0.0789126 0.0140322 0.00808968 
0.394272 0.0642025 0.0158803 0.320694 0.170593 0.0248625 0.00949596 
0.663897 0.0892033 0.0242581 0.112608 0.0752309 0.0219434 0.0128589 
0.751972 0.0472666 0.0237516 0.108702 0.0458419 0.0141477 0.00831884 
0.50248 0.0427374 0.0208797 0.360151 0.056422 0.00979743 0.00753208 
0.441139 0.0450405 0.0205753 0.371366 0.0951863 0.0171811 0.00951199 
0.390031 0.0925737 0.0174188 0.372151 0.103926 0.0145602 0.00933922 
0.40471 0.102642 0.0159488 0.377007 0.0771205 0.0144708 0.00810054 
0.552988 0.101618 0.0154002 0.240061 0.0724431 0.0112098 0.00627975 
0.437764 0.0952103 0.0118104 0.292277 0.140763 0.0148391 0.00733623 
0.390507 0.0866399 0.0148726 0.314441 0.164586 0.0179222 0.0110316 
0.251942 0.0661675 0.0132096 0.369313 0.267831 0.0207581 0.0107788 
0.2487 0.0333448 0.0197961 0.497079 0.17575 0.0122358 0.0130939 
0.280287 0.0296572 0.0258777 0.468347 0.163443 0.0160023 0.0163862 
0.178356 0.0210979 0.0228334 0.665119 0.0769353 0.0205378 0.0151205 
0.110409 0.0124827 0.0157793 0.800106 0.039829 0.0122143 0.00917925 
0.115804 0.014772 0.0110879 0.80194 0.0437243 0.00744196 0.00522961 
0.1562 0.048058 0.0339625 0.637909 0.0321021 0.075155 0.0166135 
0.0806775 0.0489797 0.0254931 0.726435 0.0357253 0.0678206 0.014869 
0.138965 0.0547202 0.0328602 0.65718 0.0315082 0.0674859 0.0172801 
0.144465 0.0465371 0.0333653 0.629117 0.0479323 0.0814285 0.0171552 
0.131695 0.0224557 0.0211552 0.697973 0.0663208 0.0494528 0.010948 
0.121122 0.0284897 0.0163915 0.674637 0.0979107 0.0518663 0.00958325 
0.436045 0.0211545 0.093956 0.0210648 0.0278258 0.382972 0.0169826 
0.641692 0.0191676 0.110425 0.0204744 0.037657 0.137155 0.0334292 
0.546529 0.00822717 0.230686 0.0138045 0.0252893 0.0942105 0.0812539 
0.613256 0.0135207 0.12383 0.0246687 0.0393018 0.139764 0.0456591 
0.513958 0.0131065 0.106541 0.0199649 0.0192387 0.266297 0.0608935 
0.506961 0.0140478 0.0794043 0.0116482 0.00746168 0.3266 0.0538769 
0.492079 0.0145869 0.0938942 0.0584374 0.00881493 0.263812 0.0683756 
0.419377 0.0147233 0.117353 0.142391 0.0145203 0.130374 0.161262 
0.51106 0.0139047 0.0791754 0.219248 0.0183103 0.0845884 0.073714 
0.56729 0.0115629 0.0645046 0.27305 0.013338 0.0362296 0.034025 
0.780232 0.0132683 0.0422124 0.0917107 0.0240531 0.0220002 0.0265236 
0.81024 0.0166829 0.0310988 0.0907984 0.0114902 0.0231681 0.0165216 
0.778316 0.0181045 0.0452594 0.084864 0.00755054 0.0421555 0.0237499 
0.77383 0.0139304 0.0512022 0.0942766 0.00835467 0.0334028 0.0250037 
0.817193 0.00687044 0.105163 0.018565 0.00263049 0.012936 0.0366423 
0.730727 0.01152 0.0465107 0.141831 0.0194548 0.0246008 0.025356 
0.729337 0.0161128 0.0449023 0.123153 0.0150736 0.042235 0.0291871 
0.739205 0.0202766 0.0350778 0.14196 0.0100314 0.0306782 0.0227717 
0.813583 0.0156328 0.0468673 0.0496404 0.00560755 0.0426982 0.0259707 
0.4916 0.0323379 0.0565384 0.104676 0.00860573 0.24945 0.0567917 
0.284732 0.0162891 0.0923637 0.053652 0.00452172 0.492228 0.0562138 
0.37944 0.0177188 0.131904 0.160494 0.0143672 0.159133 0.136943 
0.422972 0.0149729 0.145318 0.158822 0.00801257 0.0944788 0.155424 
0.465402 0.0108929 0.152421 0.0697328 0.00577077 0.101812 0.193968 
0.749359 0.00857637 0.111611 0.0131216 0.00317 0.0390158 0.0751469 
0.831759 0.0105402 0.0653165 0.0280799 0.00283187 0.0159203 0.0455521 
0.856007 0.0111235 0.0446932 0.0401666 0.00251207 0.0110497 0.0344484 
0.859708 0.00795545 0.0570697 0.0318186 0.00137359 0.00856678 0.033508 
0.828667 0.0113333 0.0491988 0.071114 0.00246188 0.011467 0.0257581 
0.799822 0.0133012 0.0480466 0.0996884 0.00238278 0.0125888 0.0241701 
0.673152 0.0239417 0.0338445 0.237879 0.00302277 0.0149396 0.0132211 
0.717904 0.0195377 0.0403129 0.184879 0.00235371 0.0150902 0.0199224 
0.690146 0.0185534 0.0354055 0.229987 0.00445455 0.0101932 0.0112611 
0.63675 0.0086469 0.102424 0.195395 0.00401265 0.0189988 0.0337731 
0.461643 0.0235773 0.0986853 0.107602 0.0094726 0.262525 0.0364956 
0.649092 0.0268289 0.0690871 0.116261 0.0114499 0.0828618 0.0444195 
0.642133 0.0328824 0.0390437 0.190182 0.0191278 0.0465135 0.0301176 
0.718766 0.0158374 0.061341 0.124936 0.00998829 0.0370606 0.0320711 
0.761085 0.0151075 0.0681801 0.0650624 0.00771143 0.0443907 0.0384633 
0.774175 0.0188994 0.0504283 0.0512387 0.00454702 0.0585502 0.0421612 
0.79155 0.0160757 0.0519742 0.0466085 0.00398281 0.0408233 0.0489853 
0.765883 0.0198069 0.0494909 0.0409312 0.00481554 0.0715475 0.0475248 
0.563092 0.021599 0.0737728 0.0426647 0.00628841 0.223542 0.069041 
0.492938 0.0148331 0.0800944 0.0321183 0.0070715 0.269456 0.103489 
0.597345 0.00980268 0.131623 0.0281643 0.00759396 0.124292 0.101179 
0.530887 0.00861754 0.187496 0.0210691 0.0136555 0.0970345 0.141241 
0.508156 0.00903757 0.175886 0.0431969 0.0168957 0.0945977 0.15223 
0.48652 0.0115538 0.164053 0.0489505 0.0274085 0.135914 0.1256 
0.527416 0.00972326 0.187519 0.0304478 0.0194071 0.0907881 0.134699 
0.460355 0.0107817 0.218354 0.0212932 0.0231217 0.116444 0.149651 
0.427626 0.0107347 0.198795 0.0176802 0.0215579 0.118285 0.205321 
0.541227 0.0117219 0.137587 0.0307369 0.0172117 0.143616 0.117899 
0.480044 0.0134931 0.167952 0.0304077 0.0270321 0.179165 0.101906 
0.596666 0.0137415 0.091962 0.0369551 0.00690296 0.165822 0.0879502 
0.569322 0.0131282 0.100838 0.0389901 0.0107517 0.14404 0.12293 
0.671111 0.0153984 0.0706448 0.0598343 0.0136255 0.0907289 0.0786574 
0.675341 0.0152796 0.0504032 0.139106 0.0119549 0.0495784 0.058337 
0.638296 0.0137215 0.0367442 0.252923 0.0126415 0.0191905 0.0264838 
0.708301 0.0142849 0.0462265 0.184469 0.00315459 0.0132585 0.0303059 
0.753864 0.0110343 0.0477664 0.0258886 0.0121657 0.0129404 0.13634 
0.784488 0.0128231 0.0391485 0.0468822 0.0143464 0.016192 0.0861199 
0.744475 0.0102179 0.0502781 0.0521507 0.013697 0.0134567 0.115724 
0.773089 0.0118516 0.0456082 0.0412457 0.0105399 0.0183702 0.0992952 
0.773865 0.00947884 0.0452816 0.0545215 0.00724569 0.0162787 0.0933289 
0.588459 0.0102407 0.0648117 0.0697052 0.00987287 0.0258422 0.231069 
0.67814 0.0119751 0.0478941 0.131147 0.00795689 0.0194481 0.103439 
0.745716 0.0129449 0.0495454 0.0748261 0.00665143 0.0170656 0.0932504 
0.776305 0.012349 0.0428702 0.0938373 0.00431837 0.0101973 0.0601231 
0.756667 0.0160973 0.0339197 0.115254 0.00773053 0.0137146 0.0566172 
0.715659 0.0182591 0.0306669 0.168493 0.00817212 0.0176245 0.0411248 
0.658467 0.0169513 0.028776 0.219223 0.00992266 0.0202247 0.0464359 
0.690597 0.0133057 0.0350702 0.206114 0.00811495 0.0136113 0.0331872 
0.647761 0.0125407 0.0330934 0.241269 0.0128606 0.0125611 0.0399147 
0.699367 0.0134404 0.0392054 0.144375 0.0194476 0.0223054 0.061859 
0.708908 0.0129655 0.0357167 0.155833 0.0179361 0.0173501 0.0512901 
0.544086 0.0101611 0.0412731 0.289643 0.0252579 0.0167987 0.0727809 
0.685115 0.0141681 0.0375806 0.153878 0.0280434 0.0140081 0.0672064 
0.660822 0.0116107 0.0497032 0.152678 0.0274394 0.0139492 0.0837975 
0.532925 0.0111721 0.0452049 0.277668 0.0290708 0.0181802 0.0857791 
0.619593 0.0105585 0.0581423 0.158673 0.0149051 0.0174322 0.120695 
0.57368 0.0113549 0.0554008 0.188994 0.0158641 0.0163246 0.138382 
0.610787 0.0117302 0.0573923 0.137061 0.0175257 0.0177781 0.147725 
0.584107 0.0140736 0.0593155 0.142497 0.0260678 0.0227478 0.151191 
0.629683 0.0141395 0.0552688 0.103133 0.0190017 0.0262561 0.152518 
0.69687 0.0120108 0.0472111 0.0910669 0.0163927 0.0161903 0.120258 
0.745301 0.012357 0.0431816 0.0714686 0.0131623 0.0157659 0.0987635 
0.757318 0.0122426 0.0408869 0.10295 0.010485 0.0122583 0.0638588 
0.825366 0.0137152 0.0338626 0.0679291 0.0126896 0.0097828 0.0366548 
0.808306 0.0121327 0.0388108 0.0392577 0.0127409 0.00953562 0.0792161 
0.820614 0.0128965 0.0365781 0.0497444 0.00827158 0.00973235 0.0621633 
0.773403 0.0137488 0.0345783 0.0944951 0.016234 0.012218 0.0553229 
0.788428 0.0148108 0.0330173 0.0679123 0.0103489 0.0146804 0.0708026 
0.828298 0.0150063 0.0347523 0.0356983 0.0121004 0.0143994 0.0597451 
0.852435 0.0106871 0.0398141 0.0289269 0.00745057 0.00762099 0.0530658 
0.848045 0.0131123 0.039646 0.0298333 0.00437467 0.01274 0.0522489 
0.830631 0.0193142 0.030544 0.0743401 0.00596988 0.0105825 0.0286179 
0.790265 0.0217674 0.0275586 0.110108 0.0122621 0.0126753 0.0253645 
0.848462 0.0164611 0.0276615 0.0556369 0.0144544 0.0113307 0.0259932 
0.84487 0.0206854 0.0284897 0.0586481 0.0111674 0.0110236 0.0251155 
0.82376 0.0194819 0.0296073 0.0783202 0.00833521 0.0139402 0.0265556 
0.809016 0.0185493 0.0301369 0.0679632 0.0110521 0.0208819 0.0424011 
0.836923 0.01662 0.0325173 0.0391587 0.00846268 0.018349 0.0479698 
0.781869 0.0149344 0.0333556 0.103303 0.0111207 0.011107 0.0443105 
0.736682 0.0125073 0.0333594 0.140493 0.0172375 0.0106575 0.0490626 
0.79815 0.016815 0.0285656 0.0854754 0.0150068 0.0124621 0.0435253 
0.770527 0.0133955 0.034577 0.10293 0.0166436 0.0110432 0.0508838 
0.768094 0.0128756 0.0387248 0.0931726 0.0132104 0.0108704 0.0630523 
0.775033 0.0131432 0.0385978 0.0876432 0.0098749 0.00892908 0.0667785 
0.751051 0.0107912 0.0391109 0.09558 0.0144347 0.00882181 0.0802106 
0.714987 0.0114769 0.0402321 0.133392 0.0114751 0.0127849 0.0756519 
0.766941 0.0124845 0.0386835 0.0686536 0.0142407 0.00994494 0.0890522 
0.744303 0.0108516 0.0471726 0.0402431 0.00494632 0.0109124 0.141571 
0.752659 0.0095582 0.0473992 0.0779 0.0112998 0.0134914 0.0876922 
0.761082 0.0128503 0.0375326 0.102735 0.0108978 0.0120947 0.0628071 
0.806395 0.0139499 0.0360471 0.0760235 0.00769868 0.0108214 0.0490647 
0.80513 0.012263 0.039713 0.057092 0.00776976 0.00826553 0.069767 
0.78832 0.0116808 0.034918 0.0800815 0.0149712 0.00778557 0.0622429 
0.747421 0.012529 0.0326211 0.141779 0.0146186 0.00683672 0.0441945 
0.821985 0.0146365 0.0372724 0.0582015 0.00843414 0.0109168 0.0485533 
0.826524 0.0133894 0.0343172 0.0579935 0.00450993 0.0127989 0.0504674 
0.818855 0.0179503 0.0276503 0.0836767 0.00681934 0.0144868 0.0305621 
0.757339 0.0157058 0.0269337 0.133717 0.0127967 0.0156219 0.0378859 
0.725993 0.012339 0.0320544 0.157465 0.0119406 0.0106639 0.0495445 
0.642771 0.0119407 0.0341945 0.243422 0.0107228 0.00789095 0.0490586 
0.694793 0.0152654 0.0320686 0.171411 0.0145092 0.0185086 0.0534443 
0.773745 0.0134347 0.041723 0.0674067 0.00808758 0.015341 0.0802625 
0.766578 0.0175215 0.0342387 0.0936873 0.0151482 0.0138863 0.0589405 
0.794108 0.024977 0.0236314 0.12195 0.00999148 0.00458732 0.0207547 
0.738865 0.0170847 0.0586794 0.126769 0.00328126 0.00377772 0.0515426 
0.608856 0.0204795 0.0456527 0.278926 0.00309713 0.00599809 0.0369913 
0.825864 0.0229658 0.033729 0.074418 0.00454824 0.0064868 0.0319876 
0.743915 0.0210251 0.0274769 0.171262 0.00324667 0.00469018 0.0283837 
0.831988 0.0133839 0.0362915 0.0810016 0.00459544 0.00404891 0.0286905 
0.658906 0.0137305 0.0193664 0.276703 0.0110871 0.00401261 0.0161947 
