0.874148 0.0213286 0.0382423 0.0338575 0.00318077 0.00218016 0.0270631 
0.841285 0.0296795 0.0441391 0.0497084 0.00282661 0.00159475 0.030767 
0.857476 0.0255629 0.0342101 0.0609508 0.00417477 0.0012328 0.016393 
0.862606 0.0219962 0.0500976 0.0336868 0.00285921 0.00119521 0.0275593 
0.858598 0.0342953 0.0475283 0.0209276 0.00324037 0.00165264 0.0337582 
0.819199 0.0348423 0.0436273 0.078824 0.00467672 0.00146549 0.0173651 
0.826805 0.025902 0.037947 0.0844831 0.00792772 0.00162502 0.0153102 
0.805633 0.0172379 0.0631127 0.0460665 0.00256686 0.00174182 0.0636408 
0.836934 0.0247411 0.0360045 0.0736074 0.00936664 0.00153303 0.0178128 
0.857894 0.0358098 0.0294971 0.0462547 0.0106771 0.00171215 0.0181546 
0.84829 0.0400424 0.0408055 0.0227557 0.00272916 0.0028327 0.042545 
0.847708 0.03798 0.0437131 0.0290104 0.00292023 0.0019474 0.0367208 
0.87176 0.0431097 0.0318476 0.0195058 0.00510115 0.00259822 0.026077 
0.859887 0.0396796 0.0377631 0.0263353 0.00393945 0.00233231 0.0300631 
0.858465 0.027311 0.0418923 0.0367506 0.00334181 0.00171884 0.0305203 
0.851016 0.0254813 0.0398176 0.0584714 0.00308231 0.00258107 0.0195506 
0.880854 0.0251647 0.0455555 0.0193654 0.00414475 0.00180767 0.023108 
0.822648 0.0349974 0.0287426 0.0938142 0.00707976 0.00138432 0.0113335 
0.750926 0.0298694 0.0278933 0.173565 0.00651325 0.00123067 0.0100023 
0.374592 0.0196685 0.0159012 0.571188 0.0116591 0.00101439 0.0059771 
0.340869 0.0130408 0.0179278 0.607759 0.0123757 8.59964E-4 0.0071677 
0.291088 0.00942633 0.0142188 0.66235 0.0165578 6.44711E-4 0.00571462 
0.479939 0.0107547 0.029689 0.453019 0.0136131 9.80652E-4 0.0120043 
0.274168 0.0067052 0.0259254 0.68082 0.00551786 5.80438E-4 0.00628269 
0.12675 0.0107777 0.00560115 0.838552 0.0151841 5.83332E-4 0.00255176 
0.0689019 0.00430393 0.00454713 0.913121 0.00727094 2.83213E-4 0.00157224 
0.17657 0.0161876 0.0079191 0.773833 0.020552 0.00102617 0.00391209 
0.395611 0.0294524 0.0109332 0.513146 0.0429835 0.00143943 0.00643429 
0.611101 0.0370442 0.024507 0.30328 0.00490035 0.00150252 0.0176646 
0.755603 0.0253454 0.044162 0.149707 0.00271188 0.00200165 0.0204695 
0.807798 0.0422872 0.0309947 0.0943186 0.0060525 0.00159517 0.0169538 
0.856387 0.0194681 0.0366976 0.0669777 0.00497508 0.00115812 0.014336 
0.761945 0.0346556 0.0237976 0.159953 0.0103784 0.00145885 0.00781167 
0.370896 0.0192825 0.0232078 0.570671 0.00702316 8.49862E-4 0.00806921 
0.599559 0.0213537 0.0271991 0.330118 0.0105039 0.00131738 0.00994959 
0.496054 0.0233355 0.0260535 0.433111 0.00815101 0.00135491 0.0119408 
0.164946 0.00881813 0.0104016 0.799204 0.0113593 5.79019E-4 0.00469244 
0.607483 0.0269305 0.0238129 0.296288 0.0303282 0.00172281 0.013435 
0.773372 0.046785 0.0281006 0.117557 0.0147343 0.00233013 0.0171207 
0.78841 0.0370908 0.0303169 0.108949 0.0141305 0.00220221 0.0189006 
0.776439 0.0251741 0.0396077 0.130591 0.00638825 0.00162846 0.0201722 
0.776339 0.0289068 0.0441264 0.124711 0.00633579 0.00132441 0.0182565 
0.81954 0.0233185 0.0462184 0.0812204 0.00529266 0.00136909 0.0230406 
0.82399 0.0224978 0.0359356 0.086484 0.0087748 0.00140792 0.0209102 
0.825598 0.0425356 0.0297155 0.0762985 0.00540111 0.00263758 0.0178135 
0.708257 0.0270986 0.0329299 0.20866 0.00659995 0.00184036 0.0146136 
0.768648 0.024303 0.0404494 0.135723 0.00367629 0.00175653 0.025443 
0.821703 0.0328801 0.03223 0.0855042 0.00647883 0.00172117 0.0194822 
0.81381 0.0338499 0.0265786 0.096222 0.0083788 0.00182366 0.019337 
0.838758 0.0475154 0.0219785 0.0636058 0.0112999 0.00212398 0.0147182 
0.864242 0.0362383 0.0250244 0.0469133 0.0071814 0.00248019 0.0179201 
0.844696 0.0329824 0.0335057 0.0607577 0.00599135 0.00119723 0.0208701 
0.8576 0.0290434 0.0343776 0.0383694 0.00587011 0.00134249 0.033397 
0.803459 0.0379343 0.0398308 0.0970371 0.00497859 9.66859E-4 0.015793 
0.746913 0.0335387 0.0282553 0.15852 0.0137332 0.00154154 0.0174983 
0.746223 0.0379088 0.0334962 0.151594 0.00888548 0.0011822 0.0207106 
0.710228 0.0269701 0.0361589 0.201816 0.00623961 0.00124281 0.0173444 
0.641648 0.0314378 0.0325702 0.268791 0.006713 0.00123148 0.0176079 
0.593284 0.0353978 0.0209113 0.316497 0.018773 0.00139754 0.0137401 
0.697067 0.0401744 0.0209092 0.218195 0.0102911 0.00166408 0.0116988 
0.538279 0.0434764 0.024236 0.374002 0.00646447 0.00181872 0.0117229 
0.749219 0.0354822 0.0214843 0.153328 0.0223528 0.0025209 0.0156128 
0.590569 0.0378321 0.0191039 0.32286 0.0142138 0.00338761 0.0120328 
0.657284 0.0427855 0.0241495 0.246531 0.0105605 0.00213491 0.0165546 
0.667422 0.0438411 0.0297038 0.238894 0.00785292 7.97291E-4 0.0114882 
0.650117 0.0599492 0.0187624 0.245132 0.0150998 0.00133899 0.00960083 
0.648235 0.0630761 0.0159311 0.225168 0.0333298 0.00268725 0.0115733 
0.665664 0.0444676 0.0149169 0.224329 0.0385227 0.00238495 0.00971512 
0.607459 0.0450195 0.0155052 0.301727 0.018759 0.00329106 0.00823926 
0.707167 0.0371582 0.0217015 0.203296 0.0121928 0.00273698 0.0157477 
0.605121 0.0340163 0.0181184 0.303731 0.0257999 0.00318112 0.0100316 
0.730079 0.0390261 0.0167902 0.183155 0.0178045 0.00249134 0.0106531 
0.633547 0.0232671 0.0170113 0.248621 0.0650104 0.00131593 0.0112271 
0.848092 0.0400852 0.0423447 0.0418814 0.00822795 0.00123753 0.0181313 
0.885019 0.0360081 0.0340889 0.0123122 0.00538949 0.00572013 0.0214619 
0.742513 0.0371364 0.018196 0.160029 0.0279888 0.00262674 0.0115099 
0.838517 0.0266427 0.0328414 0.0767072 0.00610461 0.00220997 0.0169776 
0.684335 0.044686 0.017314 0.21763 0.024753 0.00232945 0.00895206 
0.841608 0.0134754 0.0574377 0.0615676 0.00373169 0.00149176 0.0206881 
0.358302 0.036824 0.0236269 0.56412 0.00521292 0.00171489 0.0102001 
0.834014 0.0333338 0.0307493 0.0766865 0.00563527 0.00200932 0.0175716 
0.638351 0.0341012 0.0340491 0.265871 0.00949679 0.00120104 0.0169303 
0.670942 0.0274584 0.0239684 0.235571 0.023428 0.00171148 0.0169204 
0.644921 0.0541979 0.0258441 0.24217 0.0147801 0.00198387 0.016103 
0.59248 0.0363235 0.0214626 0.31712 0.0198661 0.00125432 0.0114936 
0.570325 0.0407895 0.0195435 0.334781 0.0216203 0.00123394 0.0117069 
0.704225 0.0311581 0.0163476 0.197731 0.0389118 0.00176156 0.00986505 
0.62109 0.0435604 0.0144217 0.264425 0.0420624 0.00320161 0.0112388 
0.677873 0.0426951 0.0150081 0.219222 0.03364 0.00329828 0.00826317 
0.760158 0.0391418 0.021561 0.159393 0.00749866 0.00282573 0.00942213 
0.872497 0.0381307 0.0284082 0.0328757 0.00690797 0.00225647 0.0189236 
0.828859 0.0287827 0.0273092 0.0867053 0.00676694 0.00215611 0.0194206 
0.844491 0.0226108 0.0288941 0.0742578 0.0103841 0.00197057 0.0173915 
0.838753 0.0360739 0.0178359 0.0643586 0.029894 0.00325709 0.00982764 
0.764102 0.0296025 0.015263 0.141376 0.0377612 0.0030558 0.0088398 
0.858216 0.0325022 0.0163168 0.0519705 0.0263467 0.00424231 0.0104054 
0.841533 0.0476965 0.0181351 0.0654486 0.0137765 0.0034579 0.00995209 
0.834235 0.0348229 0.0220719 0.0831015 0.0138646 0.00231755 0.00958621 
0.880841 0.0328138 0.0225119 0.032785 0.0119161 0.00366565 0.0154669 
0.878649 0.0292345 0.0288303 0.0342553 0.00759824 0.0021625 0.0192704 
0.849633 0.0401794 0.0198259 0.061912 0.0141072 0.00398844 0.0103546 
0.831109 0.0311261 0.020567 0.0887467 0.0152832 0.00310236 0.0100654 
0.84461 0.0413233 0.0228313 0.0592473 0.0160526 0.00291409 0.0130216 
0.890212 0.0246864 0.0283357 0.024053 0.0102111 0.00357633 0.018925 
0.823128 0.0267408 0.03134 0.0853291 0.00713898 0.00302113 0.0233019 
0.828627 0.0327345 0.0250651 0.0838488 0.00916213 0.00269033 0.0178718 
0.844954 0.0312379 0.0247796 0.0649623 0.0125574 0.0029989 0.0185101 
0.814043 0.0369498 0.0238722 0.09272 0.0145144 0.00237948 0.0155216 
0.855288 0.0281326 0.0286988 0.0564999 0.00853491 0.00217865 0.0206674 
0.73955 0.028791 0.0210658 0.188145 0.0109901 0.00223053 0.00922731 
0.843627 0.0275212 0.0280669 0.0768708 0.00942248 0.00217919 0.0123125 
0.799364 0.0452013 0.0196387 0.105315 0.018786 0.00303735 0.00865777 
0.823192 0.0293905 0.0225341 0.0971342 0.0146267 0.00263105 0.0104919 
0.782861 0.0273675 0.0212471 0.14139 0.0139923 0.00297063 0.0101714 
0.751796 0.0441337 0.0163003 0.149326 0.0269508 0.0028532 0.00864044 
0.697799 0.0323015 0.0154365 0.20033 0.0424834 0.00246783 0.0091814 
0.82588 0.0323929 0.024714 0.0934562 0.00797041 0.00218731 0.0133994 
0.862127 0.0316659 0.0224429 0.0603591 0.00943805 0.00230335 0.0116636 
0.805598 0.0382062 0.0193107 0.107695 0.0146853 0.00222235 0.0122822 
0.834522 0.0386136 0.0220311 0.072563 0.0109196 0.0026716 0.0186795 
0.818221 0.0382141 0.025021 0.086165 0.00899032 0.00278499 0.0206038 
0.869119 0.0315507 0.0257064 0.0432055 0.00494619 0.00308948 0.0223824 
0.78436 0.0444943 0.0188267 0.109791 0.023394 0.0026199 0.016514 
0.819731 0.0337126 0.0241287 0.089112 0.0110355 0.00197438 0.0203054 
0.823186 0.0385458 0.0285813 0.06883 0.0107201 0.00239047 0.0277465 
0.837332 0.0387448 0.0258982 0.060388 0.00975569 0.00214481 0.0257368 
0.78709 0.0312585 0.0228223 0.128917 0.0152135 0.00201956 0.0126798 
0.615124 0.0226858 0.0184538 0.298132 0.033107 0.00170922 0.0107882 
0.830321 0.0353797 0.0239887 0.085099 0.0108428 0.00216635 0.0122024 
0.745688 0.0294544 0.0242615 0.170897 0.0123274 0.00138602 0.0159853 
0.803546 0.0283561 0.0312447 0.106263 0.00950005 0.00180813 0.019282 
0.829502 0.0318482 0.026041 0.0779011 0.0112247 0.00253139 0.0209519 
0.809987 0.0293603 0.0258042 0.0992746 0.016889 0.00195296 0.016732 
0.729148 0.0242339 0.0192888 0.191606 0.0239882 0.00193078 0.00980384 
0.701934 0.0291621 0.0186388 0.2063 0.0309339 0.00208277 0.0109492 
0.657975 0.0329249 0.017804 0.243416 0.0343287 0.00165851 0.0118924 
0.702598 0.0339828 0.018562 0.20339 0.0259024 0.00179971 0.0137651 
0.722278 0.0218961 0.0223494 0.190519 0.0268827 0.00199231 0.0140828 
0.810583 0.0267042 0.0232859 0.105586 0.0158016 0.00272995 0.0153101 
0.817024 0.0212384 0.0218051 0.0986572 0.024263 0.00264612 0.014366 
0.762581 0.0285753 0.0171338 0.14353 0.0351806 0.00243587 0.0105632 
0.774177 0.0298756 0.0246611 0.145376 0.0110536 0.00272238 0.012134 
0.764371 0.0217496 0.0263075 0.163763 0.00954894 0.0019242 0.0123357 
0.765494 0.0255592 0.0291801 0.146684 0.012624 0.00180408 0.018654 
0.837255 0.0221278 0.0389595 0.0696482 0.0063973 0.00169757 0.0239143 
0.78022 0.0215591 0.0285459 0.125413 0.0253806 0.00178371 0.0170977 
0.776895 0.0404868 0.0262398 0.123653 0.0161327 0.00162746 0.0149655 
0.674345 0.0360635 0.0209286 0.237752 0.0137752 0.00208108 0.0150539 
0.802472 0.0343814 0.030329 0.0990432 0.00691868 0.00264929 0.0242061 
0.760249 0.0322194 0.0269898 0.157316 0.00678201 0.00166447 0.014779 
0.773295 0.0274852 0.0268624 0.144237 0.00993837 0.00190088 0.0162811 
0.728151 0.0256512 0.0281811 0.191381 0.00919762 0.00145162 0.0159865 
0.795127 0.0365176 0.0325767 0.106089 0.00934323 0.00137759 0.0189688 
0.751067 0.036079 0.0273863 0.155214 0.0110658 0.00183401 0.0173537 
0.770027 0.0299105 0.0333953 0.144503 0.00673456 0.00148392 0.0139465 
0.715648 0.0306574 0.032678 0.192559 0.0128129 0.0012081 0.0144363 
0.799675 0.0293129 0.0298384 0.115319 0.0111927 0.00206565 0.0125959 
0.729114 0.0224033 0.034486 0.190378 0.00680319 0.0015917 0.015224 
0.685751 0.034629 0.0229842 0.229729 0.0130198 0.00231756 0.0115689 
0.83519 0.0413387 0.0211241 0.0692808 0.0169719 0.00281707 0.0132778 
0.751184 0.0341825 0.0213393 0.15243 0.0247342 0.00241328 0.013717 
0.767473 0.0237547 0.0409273 0.130014 0.00923514 0.00139454 0.0272012 
0.676317 0.0231791 0.0363025 0.236672 0.00811578 0.00131461 0.0180986 
0.737602 0.0261442 0.0318095 0.177404 0.00985674 0.00144772 0.0157358 
0.787 0.0229205 0.0351606 0.127143 0.00654482 0.00196175 0.0192696 
0.74756 0.0299712 0.0302536 0.161714 0.012666 0.00176331 0.0160721 
0.816468 0.0258464 0.0414032 0.0814601 0.00745335 0.00137498 0.0259938 
0.80518 0.0367624 0.026133 0.0954205 0.0160322 0.0021767 0.0182956 
0.769445 0.0284409 0.0264582 0.139251 0.0190909 0.00167228 0.0156415 
0.587408 0.0301399 0.0178969 0.298434 0.052575 0.00213774 0.0114085 
0.584409 0.0267257 0.0167338 0.322121 0.0375208 0.00245301 0.0100361 
0.68588 0.026178 0.0224412 0.228238 0.0241232 0.00188126 0.0112582 
0.629152 0.0271315 0.0214847 0.281779 0.0260796 0.00171983 0.0126526 
0.763453 0.0388643 0.0326672 0.126288 0.0108081 0.00145928 0.0264593 
0.774763 0.0315295 0.0300998 0.135153 0.0095253 0.00154607 0.0173843 
0.768553 0.042739 0.0260995 0.129152 0.0139667 0.00180812 0.0176813 
0.698251 0.0460461 0.0259905 0.199075 0.0140018 0.0016869 0.0149485 
0.700752 0.0396571 0.0303119 0.206368 0.0072397 0.00149737 0.0141737 
0.75479 0.0287985 0.0365501 0.151563 0.00878556 0.00184971 0.0176631 
0.673424 0.036475 0.0238198 0.238736 0.0141137 0.00150858 0.0119238 
0.646848 0.0221691 0.0311132 0.274342 0.0110697 0.00118122 0.0132769 
0.703732 0.0210643 0.0309833 0.217961 0.0110486 0.00106196 0.0141488 
0.751453 0.0225653 0.0233467 0.174211 0.0177031 0.00116552 0.00955511 
0.754476 0.0193158 0.0258664 0.170829 0.0171421 0.0014339 0.0109368 
0.809046 0.0248584 0.0233595 0.112738 0.0155945 0.00202019 0.0123828 
0.795995 0.0317355 0.0228958 0.116725 0.0181975 0.00231921 0.0121324 
0.762546 0.0252247 0.0299158 0.151693 0.0138897 0.00195505 0.0147757 
0.827096 0.0212212 0.043624 0.0750824 0.0051466 0.00206159 0.0257679 
0.777621 0.0334896 0.036129 0.127713 0.00776509 0.00148512 0.0157972 
0.810239 0.036682 0.0260606 0.102008 0.0083406 0.00197413 0.0146959 
0.750456 0.0516779 0.0265985 0.144568 0.00819042 0.00223656 0.0162719 
0.755523 0.0280435 0.0306733 0.158543 0.00938002 0.00130104 0.0165358 
0.750077 0.0372072 0.0277568 0.148311 0.0172008 0.00174485 0.0177027 
0.795387 0.029329 0.0281458 0.119425 0.0114353 0.00141529 0.0148627 
0.741312 0.0279614 0.0265501 0.17626 0.0100317 0.00138015 0.0165046 
0.780562 0.0289679 0.0291579 0.133423 0.0109784 0.0014763 0.0154345 
0.833927 0.0311038 0.0299873 0.081264 0.00677303 0.00201034 0.0149344 
0.779541 0.0499579 0.023617 0.120771 0.0107651 0.00206479 0.0132831 
0.749673 0.0444457 0.0221275 0.158968 0.0113147 0.00182747 0.0116443 
0.520055 0.0318081 0.0189313 0.404305 0.0153194 0.00125707 0.00832359 
0.708106 0.0242408 0.0215379 0.204655 0.0264795 0.00162042 0.0133611 
0.813487 0.0284771 0.026669 0.0938302 0.0179101 0.00190748 0.0177187 
0.780179 0.0319519 0.0234393 0.130443 0.0179383 0.00169769 0.0143504 
0.77018 0.033776 0.0269984 0.135602 0.015217 0.00154891 0.0166774 
0.764349 0.024651 0.0421251 0.13159 0.00835814 0.00150123 0.0274258 
0.739938 0.0363518 0.0372339 0.158063 0.00912536 0.00113449 0.0181537 
0.69553 0.0320931 0.0225727 0.218466 0.0174021 0.00151608 0.0124198 
0.809904 0.0486127 0.0271672 0.0934695 0.00688573 0.0024197 0.0115408 
0.721115 0.0607986 0.022787 0.171274 0.0113915 0.00199819 0.0106361 
0.683469 0.0369442 0.0258297 0.228826 0.0108693 0.00213666 0.0119255 
0.680802 0.0413005 0.0198205 0.232765 0.0124276 0.00167086 0.0112141 
0.64436 0.0257699 0.0198646 0.278555 0.0198928 0.00169856 0.00985875 
0.751473 0.0315627 0.0199083 0.164068 0.0200666 0.00179522 0.0111269 
0.752699 0.0232586 0.0299913 0.169757 0.00998606 0.00158818 0.0127198 
0.746536 0.0461058 0.0209987 0.156664 0.016372 0.00142948 0.0118935 
0.785921 0.0305317 0.0292578 0.12283 0.0153285 0.00136092 0.0147707 
0.757164 0.0449851 0.0241565 0.147861 0.0122957 0.00207223 0.0114656 
0.681854 0.0471168 0.0203842 0.212125 0.024619 0.00167939 0.0122212 
0.755682 0.0630933 0.0226931 0.127435 0.0146585 0.00180735 0.0146307 
0.776964 0.0508251 0.0220252 0.114737 0.0185156 0.00165307 0.0152801 
0.716704 0.0483641 0.0187045 0.177369 0.0216864 0.00168547 0.0154863 
0.709817 0.0439704 0.0198516 0.20311 0.0118718 0.00145051 0.0099287 
0.771339 0.0424526 0.028277 0.138769 0.0048365 0.00134723 0.0129786 
0.728835 0.037033 0.0271161 0.18357 0.00952219 0.00114029 0.012783 
0.677205 0.0503647 0.0231027 0.221807 0.0169143 0.0012743 0.00933177 
0.753838 0.0507658 0.0205237 0.138806 0.0211927 0.00232944 0.0125439 
0.713985 0.0512255 0.0201376 0.177 0.0239074 0.00214585 0.0115985 
0.698098 0.043018 0.0209832 0.208214 0.0181811 0.00161828 0.00988694 
0.680128 0.0484066 0.0183073 0.21369 0.0279634 0.00179932 0.00970523 
0.730087 0.0513404 0.0213905 0.17235 0.0130249 0.00140831 0.0103991 
0.777184 0.0522467 0.0251769 0.11749 0.0103988 0.00191429 0.0155895 
0.702737 0.0567624 0.0213149 0.173369 0.0285292 0.00209671 0.0151909 
0.689009 0.062602 0.0197617 0.189717 0.0226214 0.00194831 0.0143401 
0.669209 0.0705255 0.0181894 0.197961 0.0224882 0.00184143 0.0197858 
0.59458 0.0532651 0.0143978 0.292452 0.0328288 0.00137136 0.011105 
0.411507 0.0678725 0.011774 0.469976 0.02824 0.00119617 0.0094342 
0.577493 0.0715746 0.0155917 0.294753 0.0270679 0.00132005 0.0122002 
0.6964 0.0595114 0.0289688 0.17225 0.00804461 0.00154585 0.0332789 
0.638768 0.0522543 0.0243573 0.253361 0.010838 0.00121224 0.0192093 
0.670509 0.0634612 0.0186039 0.208031 0.0230599 0.00140996 0.0149252 
0.756287 0.0728253 0.0198035 0.103694 0.0248919 0.0017215 0.0207769 
0.733921 0.0515679 0.0320593 0.148251 0.0111175 0.00130069 0.0217829 
0.608641 0.0511828 0.0248459 0.283096 0.0164064 0.00119157 0.0146361 
0.660164 0.0676088 0.0213364 0.208859 0.0250798 0.0016812 0.0152717 
0.692236 0.0527455 0.0251999 0.197697 0.0153787 0.00155884 0.0151842 
0.650622 0.0420673 0.0223019 0.238571 0.0276465 0.00142312 0.0173686 
0.680913 0.0250106 0.0256825 0.224259 0.0264536 0.00130087 0.0163811 
0.697192 0.0245162 0.0325319 0.205509 0.0169794 0.0012204 0.0220515 
0.705733 0.0264751 0.0267296 0.199729 0.0218593 0.00135825 0.018116 
0.659915 0.0244513 0.027864 0.252056 0.0187329 0.00126575 0.0157146 
0.614774 0.0210532 0.0283896 0.302876 0.0195286 9.90923E-4 0.012387 
0.606197 0.0148094 0.0386004 0.312047 0.0132571 0.0010319 0.0140565 
0.690763 0.0271123 0.0296255 0.2249 0.0118834 0.0014481 0.0142677 
0.751044 0.0283238 0.0286323 0.15808 0.0155223 0.00180331 0.0165945 
0.727709 0.0255628 0.029699 0.178241 0.0190043 0.00170503 0.0180789 
0.778097 0.0332975 0.0284484 0.118293 0.016452 0.00151591 0.0238955 
0.782469 0.0251032 0.0380824 0.114571 0.0116414 0.00122113 0.0269125 
0.728008 0.0305162 0.0297358 0.17413 0.0139212 0.0016404 0.0220483 
0.698141 0.0371651 0.03037 0.20039 0.0116749 0.00130846 0.0209503 
0.71061 0.0336113 0.0230024 0.196285 0.0212122 0.00144926 0.0138298 
0.770637 0.0260583 0.0289049 0.135507 0.0160448 0.00128404 0.0215646 
0.748736 0.0309776 0.0286482 0.136291 0.0289442 0.00149734 0.0249055 
0.715837 0.0308638 0.025074 0.183384 0.028253 0.00149546 0.015093 
0.747573 0.0367962 0.0205166 0.138602 0.0404732 0.0017204 0.0143182 
0.695882 0.0423421 0.0219724 0.185406 0.0384788 0.00165325 0.0142652 
0.643694 0.0508716 0.0255596 0.237913 0.0249095 0.00142452 0.015628 
0.529118 0.0417864 0.0196186 0.364001 0.0322108 0.00122335 0.0120424 
0.717449 0.0346828 0.0397812 0.177093 0.00894292 0.00109052 0.0209611 
0.694377 0.0547834 0.0351018 0.185945 0.00860919 0.00131699 0.0198671 
0.691456 0.0503376 0.0259353 0.197378 0.0169783 0.00154493 0.0163695 
0.777674 0.0462327 0.0264338 0.111406 0.0188995 0.00147656 0.0178774 
0.746241 0.0511896 0.0297956 0.124829 0.0222774 0.00194979 0.0237182 
0.667951 0.0440554 0.0241338 0.212651 0.0348981 0.00166098 0.0146499 
0.751963 0.0585201 0.0263982 0.122458 0.021365 0.00192965 0.0173661 
0.704108 0.0463095 0.0262954 0.177069 0.0272173 0.00169482 0.0173062 
0.685599 0.0606472 0.0199832 0.173171 0.0422724 0.00195775 0.0163693 
0.723294 0.0451322 0.0293284 0.164635 0.0192319 0.00148901 0.0168887 
0.727029 0.0633308 0.0249738 0.147573 0.020106 0.00147072 0.0155171 
0.713771 0.0691086 0.0255234 0.143647 0.0240779 0.00158506 0.0222876 
0.646698 0.064478 0.0217692 0.227878 0.0235063 0.00139621 0.0142741 
0.717139 0.0686429 0.0262019 0.145115 0.0162639 0.0017653 0.0248724 
0.788257 0.0553447 0.0307081 0.0944281 0.00766833 0.0015361 0.022058 
0.805537 0.0400923 0.026507 0.0853505 0.0153193 0.00165617 0.025538 
0.785267 0.0727113 0.0287152 0.0814084 0.0087088 0.00166908 0.02152 
0.804512 0.0605349 0.0221364 0.074365 0.0202339 0.0016907 0.0165274 
0.752566 0.0534857 0.0188348 0.138042 0.0238983 0.00168544 0.0114881 
0.767742 0.0504221 0.0223295 0.128109 0.017021 0.00145254 0.0129239 
0.760108 0.055224 0.0244998 0.133 0.0133578 0.00161738 0.0121934 
0.765515 0.0696058 0.0290275 0.0947042 0.0136604 0.00134458 0.0261428 
0.740731 0.0527524 0.0225735 0.147954 0.0193584 0.00141651 0.0152145 
0.738776 0.0356688 0.0319928 0.150141 0.0138954 0.00115351 0.0283723 
0.766068 0.0483796 0.0299514 0.109593 0.0189325 0.00143081 0.025645 
0.810299 0.0525495 0.0309547 0.0731152 0.0142543 0.00150024 0.0173268 
0.774698 0.063035 0.0279839 0.102769 0.0116504 0.00157229 0.0182913 
0.70369 0.0568437 0.0328988 0.180145 0.00653061 0.00160363 0.0182886 
0.774587 0.0574246 0.0286111 0.108085 0.0103034 0.00155032 0.0194378 
0.763406 0.0545016 0.0309073 0.11321 0.0144892 0.00144904 0.022037 
0.763817 0.0687289 0.0244517 0.107384 0.018443 0.00193814 0.0152371 
0.745337 0.0661812 0.0303393 0.121877 0.0147769 0.00176998 0.0197193 
0.744103 0.0665775 0.0221522 0.135975 0.014948 0.00169696 0.0145473 
0.705277 0.043964 0.0241603 0.185971 0.0222975 0.00137145 0.0169584 
0.78453 0.074818 0.0282543 0.0690733 0.0205096 0.00247761 0.0203373 
0.71832 0.0700048 0.0249768 0.130686 0.0348058 0.00190672 0.0193006 
0.737005 0.0626996 0.02612 0.136445 0.0195648 0.00142421 0.0167411 
0.766675 0.0580729 0.0258958 0.104923 0.0219263 0.00181316 0.0206934 
0.766606 0.0703352 0.0256776 0.0882365 0.0242977 0.00184381 0.0230031 
0.777113 0.0375277 0.0390392 0.113512 0.00804422 0.00126111 0.0235021 
0.782141 0.0336041 0.0276666 0.114194 0.0225526 0.00185883 0.0179826 
0.816681 0.0423023 0.0296271 0.0762066 0.0160668 0.00194298 0.0171735 
0.794183 0.0532742 0.029042 0.0825628 0.0176344 0.00174389 0.0215595 
0.788916 0.0375277 0.0423237 0.0965654 0.00849639 0.00131835 0.0248521 
0.783783 0.0535968 0.0442407 0.0700606 0.00745227 0.00153205 0.0393342 
0.755219 0.0456492 0.0389661 0.113348 0.0119162 0.00121691 0.0336837 
0.77262 0.0287339 0.0457698 0.118184 0.0114771 0.00111481 0.0220995 
0.812769 0.0380055 0.0395356 0.06986 0.00846655 0.00167115 0.0296919 
0.830427 0.0330404 0.0424133 0.0529978 0.00597826 0.00201845 0.0331248 
0.843193 0.0290226 0.050407 0.0375263 0.00428307 0.00186501 0.033703 
0.851842 0.0225366 0.0480723 0.0425989 0.00329315 0.00151221 0.0301446 
0.83397 0.0388559 0.0468234 0.0493726 0.00280349 0.00174855 0.0264263 
0.8413 0.0623432 0.0371926 0.0245921 0.00800393 0.00194 0.0246283 
0.849742 0.0375486 0.0481615 0.0258393 0.00519069 0.00160225 0.0319153 
0.827837 0.0548838 0.0370113 0.0483552 0.0102321 0.0018117 0.0198692 
0.820741 0.0472673 0.033774 0.0698836 0.00785732 0.00157564 0.0189017 
0.852533 0.0546562 0.031917 0.02676 0.00738206 0.00197412 0.0247772 
0.861033 0.0328562 0.0470586 0.0278576 0.00354407 0.00192823 0.0257226 
0.86066 0.0267333 0.0466251 0.0365407 0.00569285 0.00144474 0.0223038 
0.85891 0.0270877 0.0535823 0.0282859 0.00484056 0.0012665 0.0260267 
0.835189 0.0285059 0.0433856 0.06106 0.0100656 0.00108619 0.0207077 
0.863034 0.0342458 0.0337803 0.0424683 0.00886114 0.00149761 0.0161127 
0.81947 0.0370528 0.0422411 0.0700745 0.00870446 0.00125752 0.0212 
0.779781 0.0259413 0.0339483 0.139818 0.00924972 8.93004E-4 0.0103691 
0.849782 0.0317675 0.0293296 0.0650233 0.0135241 0.0011125 0.00946066 
0.844428 0.0245541 0.0380484 0.0726295 0.00544707 0.00102421 0.0138684 
0.8557 0.0246882 0.0340366 0.0640687 0.00827287 0.0011896 0.0120445 
0.858849 0.0365959 0.0380397 0.0312162 0.00695672 0.00148276 0.0268596 
0.85597 0.0397407 0.0422313 0.0345517 0.00381252 0.00121328 0.0224804 
0.826916 0.0582844 0.0342276 0.0457388 0.0109144 0.00133835 0.0225806 
0.871331 0.0407491 0.0351044 0.0231613 0.00683918 0.00210225 0.0207128 
0.858891 0.045975 0.0310117 0.0354598 0.0106292 0.00178683 0.0162462 
0.869625 0.0339517 0.0359535 0.0397843 0.00594077 0.00148865 0.0132557 
0.844685 0.0353957 0.0364574 0.0632202 0.00500338 0.00118589 0.0140521 
0.834889 0.0419517 0.0389897 0.0546455 0.00973814 0.00128532 0.0185011 
0.790618 0.0411432 0.0368217 0.0982094 0.0116447 0.00114028 0.0204232 
0.771666 0.0959368 0.0222819 0.0375272 0.0407748 0.00289006 0.0289232 
0.734786 0.0909496 0.0228168 0.0837397 0.0347779 0.00211425 0.0308156 
0.712528 0.157473 0.023938 0.0412422 0.0182336 0.00240508 0.0441799 
0.68467 0.181232 0.0201422 0.0372188 0.0291758 0.00245997 0.0451012 
0.766008 0.117108 0.0218846 0.0250649 0.026238 0.00305113 0.0406454 
0.74402 0.156221 0.0236219 0.0224115 0.0174441 0.00231649 0.0339652 
0.761939 0.13107 0.0199856 0.0333512 0.0259329 0.00274501 0.0249762 
0.783837 0.122449 0.0205944 0.0252548 0.0178293 0.00294021 0.0270954 
0.665717 0.181272 0.015932 0.0448085 0.0605039 0.00350636 0.0282603 
0.689782 0.123177 0.016582 0.0435527 0.0948353 0.00424294 0.027828 
0.686981 0.120691 0.0149116 0.0652948 0.0886925 0.00344667 0.0199832 
0.730657 0.134732 0.0193135 0.0470398 0.038533 0.00257111 0.0271533 
0.781627 0.0762709 0.015701 0.0506825 0.0544714 0.00323757 0.0180101 
0.785125 0.100883 0.0195844 0.0270096 0.0357193 0.00396947 0.0277099 
0.810122 0.0900109 0.0207037 0.0251888 0.0212955 0.00357436 0.0291049 
0.707307 0.18894 0.0184196 0.021407 0.0283127 0.00520375 0.0304101 
0.724294 0.152538 0.0148566 0.0424793 0.0399745 0.00338899 0.0224694 
0.727923 0.170877 0.0170917 0.0376718 0.0240898 0.00295932 0.019387 
0.785603 0.119262 0.0238218 0.0165619 0.0191678 0.00314082 0.0324419 
0.789975 0.107993 0.0279089 0.0212832 0.0197491 0.00224894 0.0308421 
0.823902 0.094872 0.0279534 0.0179714 0.00873988 0.00257943 0.0239813 
0.771894 0.143492 0.0252296 0.018271 0.0104593 0.00252765 0.0281273 
0.72163 0.164557 0.0231692 0.0214713 0.0257461 0.00330453 0.0401216 
0.746445 0.155619 0.0212143 0.0183563 0.0231328 0.00357908 0.0316538 
0.769906 0.113905 0.0200614 0.0462179 0.0282883 0.00232802 0.0192927 
0.768365 0.120838 0.0293746 0.027257 0.0170017 0.00256319 0.0346011 
0.80004 0.0909277 0.0299669 0.0370233 0.0146831 0.00169695 0.0256625 
0.795759 0.112051 0.0273852 0.0158696 0.0107317 0.00225271 0.0359515 
0.812076 0.0759909 0.038533 0.0182317 0.00470199 0.00170889 0.0487573 
0.816239 0.0882876 0.0343054 0.0176775 0.00467731 0.00231825 0.0364953 
0.73089 0.171959 0.0252212 0.0289344 0.011272 0.00268442 0.0290382 
0.802772 0.100791 0.0234961 0.0351347 0.0138115 0.00231294 0.0216815 
0.789662 0.118086 0.0199921 0.0361128 0.0165618 0.00289214 0.0166931 
0.825867 0.0801848 0.030315 0.0259903 0.00854888 0.00229066 0.0268034 
0.778888 0.126425 0.0244724 0.0281762 0.013733 0.00299979 0.0253057 
0.785438 0.130797 0.0221217 0.0167385 0.00999417 0.00360341 0.0313069 
0.804956 0.102362 0.023342 0.0228876 0.0184696 0.00232808 0.0256548 
0.791864 0.109315 0.0266783 0.0209611 0.0170083 0.00222138 0.0319514 
0.831153 0.0625722 0.0321645 0.0264137 0.0191202 0.00160165 0.0269752 
0.804878 0.0891939 0.0276031 0.0375045 0.0163811 0.00201597 0.0224233 
0.773992 0.0975138 0.0248646 0.0680541 0.0157105 0.00193329 0.0179321 
0.790848 0.0974844 0.025091 0.0391957 0.018097 0.0022193 0.0270648 
0.776508 0.115779 0.0297475 0.0321845 0.00652891 0.00233296 0.0369195 
0.791778 0.104691 0.0324802 0.0298004 0.00591567 0.00267143 0.0326635 
0.792457 0.101213 0.0305047 0.0284724 0.00867899 0.00200502 0.0366691 
0.807633 0.0818693 0.0203598 0.035608 0.0311515 0.00196832 0.0214105 
0.792328 0.115613 0.0204717 0.02438 0.0179257 0.00236866 0.0269125 
0.770448 0.146281 0.0180776 0.0282309 0.0155984 0.00260015 0.0187644 
0.776442 0.133581 0.0171745 0.0348336 0.0162626 0.00290054 0.0188057 
0.809334 0.109178 0.0252005 0.0170184 0.00799409 0.00300106 0.0282739 
0.804674 0.0949775 0.0222874 0.0254868 0.0215664 0.00322309 0.027785 
0.788503 0.100019 0.0223522 0.0302836 0.0285255 0.00317765 0.0271394 
0.767052 0.107297 0.0194962 0.04639 0.0320871 0.00260786 0.0250696 
0.748122 0.123117 0.0176972 0.0680108 0.0236035 0.00244679 0.0170028 
0.724757 0.143346 0.0186969 0.0665714 0.0252301 0.00277605 0.0186227 
0.774272 0.105027 0.0185186 0.0330608 0.041493 0.00318918 0.0244395 
0.736436 0.1636 0.0146753 0.0343155 0.027281 0.00509409 0.0185987 
0.774479 0.145254 0.0178756 0.0253441 0.00918021 0.00439769 0.0234689 
0.784884 0.136802 0.0219928 0.0161708 0.00763087 0.00428578 0.0282341 
0.788066 0.130027 0.0203535 0.020311 0.00981038 0.00337512 0.0280567 
0.76726 0.162308 0.0201777 0.012524 0.00656047 0.00513521 0.0260351 
0.785498 0.115359 0.0174593 0.0284674 0.023503 0.00398682 0.0257264 
0.768272 0.147939 0.0191622 0.0269001 0.0103768 0.00453766 0.0228119 
0.805132 0.114107 0.0195732 0.0333654 0.00817111 0.00296038 0.0166909 
0.791093 0.125949 0.0200818 0.0220121 0.0117806 0.00388829 0.0251957 
0.801178 0.104294 0.025016 0.0375666 0.00578435 0.00252537 0.0236358 
0.792971 0.122687 0.0304707 0.0187175 0.00288975 0.00354947 0.0287144 
0.779709 0.143618 0.0215941 0.0203952 0.00669479 0.00345474 0.0245343 
0.779542 0.138558 0.0195874 0.025089 0.00782182 0.00425635 0.0251454 
0.800147 0.126853 0.0201703 0.0103126 0.00930591 0.00518679 0.0280248 
0.806665 0.0982349 0.0250187 0.0352634 0.0093716 0.00222994 0.0232169 
0.799999 0.10843 0.0211609 0.0299413 0.0119846 0.00494582 0.0235386 
0.765924 0.114215 0.0152324 0.0568684 0.0295638 0.00265488 0.0155415 
0.782229 0.100696 0.0155054 0.0576144 0.0259391 0.00217991 0.0158364 
0.772408 0.111046 0.0188418 0.0389146 0.0395191 0.00289617 0.0163742 
0.758545 0.110097 0.0149318 0.0553754 0.0463928 0.00263724 0.0120202 
0.783144 0.0901757 0.0147265 0.0497802 0.0454366 0.00265496 0.0140819 
0.805776 0.0740019 0.0219641 0.0351855 0.0347323 0.00256127 0.0257786 
0.813519 0.09777 0.0259483 0.0233319 0.00677833 0.00233628 0.030316 
0.798691 0.105095 0.0215051 0.0233236 0.0216143 0.00281696 0.0269544 
0.815822 0.070929 0.0257154 0.0557463 0.0114876 0.00210525 0.0181941 
0.83237 0.0799051 0.024453 0.0313909 0.0115494 0.00203119 0.0183 
0.79163 0.119675 0.0209395 0.0342469 0.0110199 0.00282708 0.0196618 
0.835103 0.0770538 0.0257998 0.0309698 0.00661363 0.00223639 0.0222238 
0.817162 0.0724515 0.0327282 0.0342738 0.00406425 0.00275072 0.0365691 
0.81161 0.0775668 0.031391 0.044435 0.00454534 0.00202438 0.0284278 
0.831544 0.0500479 0.0392726 0.0282364 0.00323024 0.00182204 0.0458466 
0.799582 0.0625486 0.0413246 0.043584 0.00338052 0.00186915 0.0477114 
0.793336 0.0771221 0.0421916 0.0165443 0.0025526 0.00232822 0.0659252 
0.849 0.0592234 0.0360295 0.0145369 0.00354367 0.00268041 0.0349857 
0.836526 0.0685666 0.0324851 0.0227824 0.00489037 0.00234264 0.0324064 
0.731562 0.109174 0.0314691 0.0882062 0.00550143 0.00181535 0.0322724 
0.752639 0.138661 0.0243789 0.035905 0.0134803 0.00236753 0.0325691 
0.749876 0.119111 0.0319433 0.0126117 0.00327682 0.00318967 0.0799916 
0.798349 0.104041 0.0353434 0.0168898 0.00297242 0.00403459 0.0383697 
0.798062 0.0930179 0.0397371 0.0137499 0.00353643 0.00253849 0.0493581 
0.779046 0.134924 0.0296059 0.0116069 0.00450089 0.0034571 0.0368595 
0.760718 0.122738 0.0392106 0.0170439 0.00366989 0.00241819 0.0542015 
0.768974 0.110614 0.03411 0.0209825 0.00879884 0.00189735 0.0546234 
0.78414 0.0999605 0.0386287 0.0126357 0.00559773 0.00220653 0.0568308 
0.815874 0.0898295 0.0341462 0.0143527 0.00643843 0.00268462 0.0366748 
0.810042 0.107024 0.0292998 0.0102898 0.00561302 0.00277681 0.0349545 
0.796068 0.117123 0.0273185 0.0148961 0.00533632 0.00277265 0.0364852 
0.791997 0.101301 0.0329114 0.00999187 0.0027759 0.00297438 0.0580482 
0.772951 0.0944909 0.0421922 0.0098832 0.00262089 0.00324526 0.0746163 
0.763879 0.0621862 0.0491955 0.00739293 0.0019303 0.00318073 0.112235 
0.81444 0.0589025 0.0492417 0.010911 0.00159824 0.00289458 0.0620116 
0.760857 0.0837379 0.0445659 0.00723347 0.00221211 0.00358169 0.097812 
0.804227 0.0831393 0.0451725 0.0101776 0.00205047 0.00238622 0.0528466 
0.810267 0.084279 0.0411408 0.00957306 0.00194781 0.00340131 0.0493912 
0.818147 0.0885966 0.0379981 0.00911103 0.00209672 0.00329859 0.0407518 
0.794489 0.0864082 0.0457864 0.0159072 0.00121295 0.00438528 0.051811 
0.810884 0.099838 0.0368627 0.0159097 0.00161225 0.00388472 0.031009 
0.791871 0.116783 0.0383002 0.00676311 0.0014172 0.00578717 0.0390778 
0.78707 0.111516 0.0378195 0.00401805 0.00168591 0.00436908 0.053521 
0.786749 0.135644 0.033273 0.0104689 0.00164726 0.00344065 0.0287773 
0.80064 0.11108 0.0288803 0.00553099 0.00292889 0.00295339 0.0479865 
0.828386 0.0821231 0.0313955 0.0155812 0.00503733 0.00210699 0.0353701 
0.848201 0.0666556 0.030573 0.00640442 0.00558809 0.00270085 0.0398769 
0.813733 0.0965517 0.0281799 0.0217391 0.0116699 0.00195282 0.0261735 
0.831489 0.0744011 0.0297638 0.0202542 0.00952537 0.00152859 0.0330384 
0.807955 0.109774 0.0292544 0.0118906 0.00882046 0.00209822 0.0302077 
0.808918 0.098672 0.0327583 0.0256509 0.00573591 0.00165572 0.0266089 
0.784873 0.135343 0.0267576 0.0128492 0.00974525 0.00293567 0.0274959 
0.806192 0.102726 0.0353659 0.0178438 0.00574434 0.00205232 0.0300756 
0.843629 0.0612849 0.0334629 0.0226805 0.00676151 0.00182194 0.0303589 
0.755637 0.0970632 0.0370741 0.0148787 0.00357561 0.00306904 0.0887024 
0.785415 0.1071 0.0362574 0.0166297 0.00261616 0.0034339 0.0485475 
0.800992 0.106064 0.0325361 0.0128695 0.0028546 0.0039108 0.0407731 
0.853572 0.0550111 0.0374184 0.00574224 0.00200828 0.0044977 0.0417503 
0.757134 0.150023 0.0253002 0.0275963 0.00905655 0.00257467 0.0283153 
0.809974 0.0904449 0.0305993 0.0180109 0.00610914 0.00214151 0.0427199 
0.794497 0.113899 0.026285 0.0131309 0.00750697 0.00273975 0.0419418 
0.75035 0.145794 0.0230976 0.0192752 0.0133574 0.00277726 0.0453483 
0.819325 0.107219 0.0232313 0.018871 0.00982689 0.00306669 0.0184601 
0.822614 0.106015 0.0302124 0.00980395 0.00457412 0.00394006 0.0228403 
0.801102 0.101493 0.036992 0.0163228 0.00729398 0.0024143 0.0343818 
0.802488 0.0809749 0.0442838 0.0318682 0.00791701 0.00185463 0.0306136 
0.732953 0.0733192 0.0244536 0.127648 0.0283544 0.00150984 0.0117619 
0.78829 0.0482503 0.0438633 0.0782328 0.0140861 0.00137684 0.0259003 
0.755068 0.100294 0.0391642 0.025071 0.00942931 0.00164136 0.0693321 
0.774432 0.0670708 0.0554224 0.032003 0.00367353 0.0014887 0.0659096 
0.775455 0.0641909 0.0440718 0.093116 0.00355534 0.00125072 0.0183605 
0.831841 0.0377775 0.0596867 0.0391211 0.00199106 0.00123517 0.0283474 
0.850946 0.0480377 0.0473507 0.0191584 0.00332801 0.00128575 0.0298935 
0.802603 0.0719573 0.0446817 0.0392221 0.00683493 0.00150956 0.0331918 
0.825451 0.0613187 0.0425638 0.0234981 0.00400358 0.00137233 0.0417928 
0.801752 0.0982015 0.0361177 0.0230815 0.00436454 0.00196097 0.034522 
0.812229 0.0598007 0.047534 0.0383298 0.0039363 0.00141669 0.0367534 
0.820964 0.0620773 0.0433977 0.0372386 0.00237249 0.00201022 0.0319402 
0.825758 0.0485039 0.0506325 0.0413026 0.00235145 0.00145358 0.0299983 
0.846659 0.0520123 0.0449927 0.0231691 0.0023068 0.00182781 0.0290328 
0.829664 0.0800184 0.0356818 0.0238207 0.00592972 0.00178901 0.0230962 
0.800653 0.111303 0.0228156 0.0285309 0.0183347 0.00182064 0.0165422 
0.792904 0.103689 0.0215386 0.0250884 0.0335415 0.0025681 0.0206705 
0.826649 0.0635392 0.0262756 0.0432042 0.0196387 0.00164861 0.0190448 
0.835064 0.0732682 0.0366151 0.0208332 0.00468074 0.00247957 0.0270588 
0.839664 0.0582372 0.0407826 0.014868 0.00342422 0.00166015 0.0413633 
0.862969 0.04972 0.0328517 0.0213248 0.00429268 0.0022542 0.0265874 
0.816705 0.109216 0.0237441 0.0167831 0.00635397 0.00386502 0.0233331 
0.870061 0.0516898 0.0293826 0.0171475 0.00979505 0.00244439 0.01948 
0.857735 0.0661692 0.0239365 0.0241006 0.00858771 0.00245102 0.0170199 
0.834641 0.0630317 0.0281535 0.0399536 0.0176837 0.00216141 0.0143748 
0.853593 0.0360523 0.0391615 0.043143 0.00972753 0.00168753 0.0166356 
0.843255 0.0460371 0.0378826 0.044077 0.00909564 0.00180397 0.0178486 
0.851635 0.032204 0.0516568 0.0267444 0.00327456 0.00135491 0.03313 
0.860116 0.0509676 0.0299775 0.032975 0.00803433 0.00183929 0.0160902 
0.87032 0.0483868 0.0310178 0.0166284 0.0101944 0.00199221 0.0214607 
0.859157 0.0507815 0.0298095 0.0280705 0.0122552 0.0018928 0.0180338 
0.860996 0.0702155 0.0302754 0.0110793 0.00558903 0.0023754 0.0194695 
0.846889 0.0779805 0.0275833 0.0167813 0.00819637 0.00238593 0.0201834 
0.82751 0.0982329 0.0262451 0.0131282 0.00686526 0.00334629 0.0246718 
0.855297 0.0737217 0.0247911 0.00779943 0.00868888 0.00397433 0.0257277 
0.802665 0.0952596 0.0271104 0.0258253 0.0222139 0.00233927 0.0245865 
0.842722 0.0584953 0.0292219 0.0427337 0.00897226 0.00175518 0.0160994 
0.843331 0.0549822 0.0267346 0.0425953 0.0173944 0.00183653 0.0131256 
0.848179 0.0611666 0.0322261 0.028452 0.00802519 0.00158132 0.0203701 
0.810769 0.0991043 0.0244067 0.0321614 0.0122586 0.00216622 0.0191338 
0.774416 0.132471 0.0165754 0.024386 0.0325786 0.00274102 0.0168321 
0.828363 0.0928351 0.0257487 0.0175442 0.0151116 0.00242115 0.0179764 
0.785101 0.11797 0.0223674 0.0295478 0.0236073 0.00264853 0.0187583 
0.821303 0.0802614 0.0296241 0.0277934 0.0123409 0.00220768 0.0264695 
0.776229 0.0986279 0.0181567 0.0398448 0.04995 0.00269033 0.0145011 
0.771641 0.132234 0.0191867 0.0324749 0.0265779 0.00308527 0.0148 
0.801043 0.111177 0.0213123 0.0230724 0.0224493 0.00263113 0.0183149 
0.713161 0.158565 0.0177374 0.0424604 0.0476553 0.00280383 0.017617 
0.793029 0.101302 0.0236211 0.0328242 0.0264756 0.0020753 0.0206724 
0.81894 0.0983827 0.0266642 0.0191443 0.0142169 0.00227659 0.0203751 
0.831909 0.0678141 0.0268747 0.033425 0.0237579 0.00180668 0.014413 
0.818556 0.055418 0.0264171 0.0631755 0.0230974 0.00159184 0.0117438 
0.854451 0.0420424 0.0271643 0.043616 0.0200391 0.00139576 0.0112916 
0.81284 0.053753 0.0187343 0.0590296 0.0426116 0.00194908 0.0110825 
0.786849 0.104498 0.0182076 0.0408021 0.0347477 0.00261178 0.0122836 
0.834658 0.076514 0.0253575 0.0270845 0.020748 0.00178979 0.0138484 
0.836822 0.0616723 0.023892 0.0400623 0.0233305 0.00183251 0.0123882 
0.849206 0.0742145 0.0354327 0.00978653 0.0050475 0.00284123 0.0234711 
0.824995 0.0819339 0.0318918 0.0329642 0.00914058 0.0017324 0.0173417 
0.839762 0.0364111 0.0267468 0.0576873 0.0258869 0.00154269 0.0119635 
0.836983 0.0598895 0.0320845 0.0309027 0.0168036 0.00178362 0.021553 
0.848674 0.0366156 0.0425846 0.0365982 0.0116243 0.00137607 0.0225277 
0.823769 0.0633726 0.0331762 0.0284846 0.0279253 0.00236701 0.0209053 
0.805581 0.0840268 0.0189324 0.0398083 0.034507 0.00227449 0.0148703 
0.845812 0.0539681 0.0280186 0.0267877 0.0241259 0.0020201 0.0192677 
0.870585 0.039947 0.0288263 0.0279061 0.0191225 0.00172897 0.0118844 
0.86589 0.0451311 0.031134 0.0260619 0.0170724 0.0015311 0.0131799 
0.872758 0.0418347 0.0309326 0.0307955 0.012052 0.00143034 0.010197 
0.857095 0.0383787 0.0293565 0.038578 0.0200552 0.00215568 0.014381 
0.84276 0.0610013 0.0371977 0.0148254 0.012784 0.00229388 0.0291375 
0.82071 0.0820234 0.0345816 0.0234415 0.00695452 0.00180461 0.0304845 
0.855257 0.0660952 0.0352431 0.01074 0.00458167 0.00242783 0.0256555 
0.802483 0.110541 0.0274799 0.0211984 0.013178 0.00230524 0.0228143 
0.86124 0.0481816 0.0322428 0.0306661 0.0142314 0.00156169 0.0118763 
0.870668 0.0438106 0.0323389 0.0287842 0.00995092 0.00195287 0.0124943 
0.750323 0.085474 0.0214719 0.041743 0.0748007 0.00331951 0.0228678 
0.795575 0.0574883 0.0221807 0.0363821 0.0637812 0.00239731 0.0221953 
0.79198 0.108575 0.0238449 0.0236426 0.0289215 0.00229326 0.0207424 
0.82977 0.0792762 0.0324933 0.0247829 0.0102434 0.00187119 0.0215625 
0.851224 0.0604018 0.033095 0.0257383 0.0101493 0.00188306 0.0175085 
0.850347 0.0574219 0.0317498 0.0367367 0.00932717 0.00193584 0.0124812 
0.865573 0.0511582 0.0363134 0.021956 0.00775696 0.00246651 0.0147758 
0.837129 0.0592754 0.0508151 0.0141597 0.00322909 0.00232389 0.0330683 
0.819108 0.0640247 0.0460932 0.0300382 0.00722681 0.00182602 0.0316828 
0.846619 0.048563 0.0423841 0.0237339 0.0078163 0.00188394 0.0290001 
0.830654 0.0588688 0.0394037 0.0325423 0.0129285 0.00198436 0.0236186 
0.814963 0.0503902 0.0561142 0.0376099 0.00811094 0.00157749 0.0312343 
0.830673 0.0418558 0.0692039 0.0143296 0.00227511 0.00175299 0.0399093 
0.849854 0.0316456 0.0658602 0.0156945 0.00274641 0.00161822 0.0325815 
