0.741312 0.0279614 0.0265501 0.17626 0.0100317 0.00138015 0.0165046 
0.780562 0.0289679 0.0291579 0.133423 0.0109784 0.0014763 0.0154345 
0.833927 0.0311038 0.0299873 0.081264 0.00677303 0.00201034 0.0149344 
0.779541 0.0499579 0.023617 0.120771 0.0107651 0.00206479 0.0132831 
0.749673 0.0444457 0.0221275 0.158968 0.0113147 0.00182747 0.0116443 
0.520055 0.0318081 0.0189313 0.404305 0.0153194 0.00125707 0.00832359 
0.708106 0.0242408 0.0215379 0.204655 0.0264795 0.00162042 0.0133611 
0.813487 0.0284771 0.026669 0.0938302 0.0179101 0.00190748 0.0177187 
0.780179 0.0319519 0.0234393 0.130443 0.0179383 0.00169769 0.0143504 
0.77018 0.033776 0.0269984 0.135602 0.015217 0.00154891 0.0166774 
0.764349 0.024651 0.0421251 0.13159 0.00835814 0.00150123 0.0274258 
0.739938 0.0363518 0.0372339 0.158063 0.00912536 0.00113449 0.0181537 
0.69553 0.0320931 0.0225727 0.218466 0.0174021 0.00151608 0.0124198 
0.809904 0.0486127 0.0271672 0.0934695 0.00688573 0.0024197 0.0115408 
0.721115 0.0607986 0.022787 0.171274 0.0113915 0.00199819 0.0106361 
0.683469 0.0369442 0.0258297 0.228826 0.0108693 0.00213666 0.0119255 
0.680802 0.0413005 0.0198205 0.232765 0.0124276 0.00167086 0.0112141 
0.64436 0.0257699 0.0198646 0.278555 0.0198928 0.00169856 0.00985875 
0.751473 0.0315627 0.0199083 0.164068 0.0200666 0.00179522 0.0111269 
0.752699 0.0232586 0.0299913 0.169757 0.00998606 0.00158818 0.0127198 
0.746536 0.0461058 0.0209987 0.156664 0.016372 0.00142948 0.0118935 
0.785921 0.0305317 0.0292578 0.12283 0.0153285 0.00136092 0.0147707 
0.757164 0.0449851 0.0241565 0.147861 0.0122957 0.00207223 0.0114656 
0.681854 0.0471168 0.0203842 0.212125 0.024619 0.00167939 0.0122212 
0.755682 0.0630933 0.0226931 0.127435 0.0146585 0.00180735 0.0146307 
0.776964 0.0508251 0.0220252 0.114737 0.0185156 0.00165307 0.0152801 
0.716704 0.0483641 0.0187045 0.177369 0.0216864 0.00168547 0.0154863 
0.709817 0.0439704 0.0198516 0.20311 0.0118718 0.00145051 0.0099287 
0.771339 0.0424526 0.028277 0.138769 0.0048365 0.00134723 0.0129786 
0.728835 0.037033 0.0271161 0.18357 0.00952219 0.00114029 0.012783 
0.677205 0.0503647 0.0231027 0.221807 0.0169143 0.0012743 0.00933177 
0.753838 0.0507658 0.0205237 0.138806 0.0211927 0.00232944 0.0125439 
0.713985 0.0512255 0.0201376 0.177 0.0239074 0.00214585 0.0115985 
0.698098 0.043018 0.0209832 0.208214 0.0181811 0.00161828 0.00988694 
0.680128 0.0484066 0.0183073 0.21369 0.0279634 0.00179932 0.00970523 
0.730087 0.0513404 0.0213905 0.17235 0.0130249 0.00140831 0.0103991 
0.777184 0.0522467 0.0251769 0.11749 0.0103988 0.00191429 0.0155895 
0.702737 0.0567624 0.0213149 0.173369 0.0285292 0.00209671 0.0151909 
0.689009 0.062602 0.0197617 0.189717 0.0226214 0.00194831 0.0143401 
0.669209 0.0705255 0.0181894 0.197961 0.0224882 0.00184143 0.0197858 
0.59458 0.0532651 0.0143978 0.292452 0.0328288 0.00137136 0.011105 
0.411507 0.0678725 0.011774 0.469976 0.02824 0.00119617 0.0094342 
0.577493 0.0715746 0.0155917 0.294753 0.0270679 0.00132005 0.0122002 
0.6964 0.0595114 0.0289688 0.17225 0.00804461 0.00154585 0.0332789 
0.638768 0.0522543 0.0243573 0.253361 0.010838 0.00121224 0.0192093 
0.670509 0.0634612 0.0186039 0.208031 0.0230599 0.00140996 0.0149252 
0.756287 0.0728253 0.0198035 0.103694 0.0248919 0.0017215 0.0207769 
0.733921 0.0515679 0.0320593 0.148251 0.0111175 0.00130069 0.0217829 
0.608641 0.0511828 0.0248459 0.283096 0.0164064 0.00119157 0.0146361 
0.660164 0.0676088 0.0213364 0.208859 0.0250798 0.0016812 0.0152717 
0.692236 0.0527455 0.0251999 0.197697 0.0153787 0.00155884 0.0151842 
0.650622 0.0420673 0.0223019 0.238571 0.0276465 0.00142312 0.0173686 
0.680913 0.0250106 0.0256825 0.224259 0.0264536 0.00130087 0.0163811 
0.697192 0.0245162 0.0325319 0.205509 0.0169794 0.0012204 0.0220515 
0.705733 0.0264751 0.0267296 0.199729 0.0218593 0.00135825 0.018116 
0.659915 0.0244513 0.027864 0.252056 0.0187329 0.00126575 0.0157146 
0.614774 0.0210532 0.0283896 0.302876 0.0195286 9.90923E-4 0.012387 
0.606197 0.0148094 0.0386004 0.312047 0.0132571 0.0010319 0.0140565 
0.690763 0.0271123 0.0296255 0.2249 0.0118834 0.0014481 0.0142677 
0.751044 0.0283238 0.0286323 0.15808 0.0155223 0.00180331 0.0165945 
0.727709 0.0255628 0.029699 0.178241 0.0190043 0.00170503 0.0180789 
0.778097 0.0332975 0.0284484 0.118293 0.016452 0.00151591 0.0238955 
0.782469 0.0251032 0.0380824 0.114571 0.0116414 0.00122113 0.0269125 
0.728008 0.0305162 0.0297358 0.17413 0.0139212 0.0016404 0.0220483 
0.698141 0.0371651 0.03037 0.20039 0.0116749 0.00130846 0.0209503 
0.71061 0.0336113 0.0230024 0.196285 0.0212122 0.00144926 0.0138298 
0.770637 0.0260583 0.0289049 0.135507 0.0160448 0.00128404 0.0215646 
0.748736 0.0309776 0.0286482 0.136291 0.0289442 0.00149734 0.0249055 
0.715837 0.0308638 0.025074 0.183384 0.028253 0.00149546 0.015093 
0.747573 0.0367962 0.0205166 0.138602 0.0404732 0.0017204 0.0143182 
0.695882 0.0423421 0.0219724 0.185406 0.0384788 0.00165325 0.0142652 
0.643694 0.0508716 0.0255596 0.237913 0.0249095 0.00142452 0.015628 
0.529118 0.0417864 0.0196186 0.364001 0.0322108 0.00122335 0.0120424 
0.717449 0.0346828 0.0397812 0.177093 0.00894292 0.00109052 0.0209611 
0.694377 0.0547834 0.0351018 0.185945 0.00860919 0.00131699 0.0198671 
0.807633 0.0818693 0.0203598 0.035608 0.0311515 0.00196832 0.0214105 
0.792328 0.115613 0.0204717 0.02438 0.0179257 0.00236866 0.0269125 
0.770448 0.146281 0.0180776 0.0282309 0.0155984 0.00260015 0.0187644 
0.776442 0.133581 0.0171745 0.0348336 0.0162626 0.00290054 0.0188057 
0.809334 0.109178 0.0252005 0.0170184 0.00799409 0.00300106 0.0282739 
0.804674 0.0949775 0.0222874 0.0254868 0.0215664 0.00322309 0.027785 
0.788503 0.100019 0.0223522 0.0302836 0.0285255 0.00317765 0.0271394 
0.767052 0.107297 0.0194962 0.04639 0.0320871 0.00260786 0.0250696 
0.748122 0.123117 0.0176972 0.0680108 0.0236035 0.00244679 0.0170028 
0.724757 0.143346 0.0186969 0.0665714 0.0252301 0.00277605 0.0186227 
0.774272 0.105027 0.0185186 0.0330608 0.041493 0.00318918 0.0244395 
0.736436 0.1636 0.0146753 0.0343155 0.027281 0.00509409 0.0185987 
0.774479 0.145254 0.0178756 0.0253441 0.00918021 0.00439769 0.0234689 
0.784884 0.136802 0.0219928 0.0161708 0.00763087 0.00428578 0.0282341 
0.788066 0.130027 0.0203535 0.020311 0.00981038 0.00337512 0.0280567 
0.76726 0.162308 0.0201777 0.012524 0.00656047 0.00513521 0.0260351 
0.785498 0.115359 0.0174593 0.0284674 0.023503 0.00398682 0.0257264 
0.768272 0.147939 0.0191622 0.0269001 0.0103768 0.00453766 0.0228119 
0.805132 0.114107 0.0195732 0.0333654 0.00817111 0.00296038 0.0166909 
0.791093 0.125949 0.0200818 0.0220121 0.0117806 0.00388829 0.0251957 
0.801178 0.104294 0.025016 0.0375666 0.00578435 0.00252537 0.0236358 
0.792971 0.122687 0.0304707 0.0187175 0.00288975 0.00354947 0.0287144 
0.779709 0.143618 0.0215941 0.0203952 0.00669479 0.00345474 0.0245343 
0.779542 0.138558 0.0195874 0.025089 0.00782182 0.00425635 0.0251454 
0.800147 0.126853 0.0201703 0.0103126 0.00930591 0.00518679 0.0280248 
0.806665 0.0982349 0.0250187 0.0352634 0.0093716 0.00222994 0.0232169 
0.799999 0.10843 0.0211609 0.0299413 0.0119846 0.00494582 0.0235386 
0.765924 0.114215 0.0152324 0.0568684 0.0295638 0.00265488 0.0155415 
0.782229 0.100696 0.0155054 0.0576144 0.0259391 0.00217991 0.0158364 
0.772408 0.111046 0.0188418 0.0389146 0.0395191 0.00289617 0.0163742 
0.758545 0.110097 0.0149318 0.0553754 0.0463928 0.00263724 0.0120202 
0.783144 0.0901757 0.0147265 0.0497802 0.0454366 0.00265496 0.0140819 
0.805776 0.0740019 0.0219641 0.0351855 0.0347323 0.00256127 0.0257786 
0.813519 0.09777 0.0259483 0.0233319 0.00677833 0.00233628 0.030316 
0.798691 0.105095 0.0215051 0.0233236 0.0216143 0.00281696 0.0269544 
0.815822 0.070929 0.0257154 0.0557463 0.0114876 0.00210525 0.0181941 
0.83237 0.0799051 0.024453 0.0313909 0.0115494 0.00203119 0.0183 
0.79163 0.119675 0.0209395 0.0342469 0.0110199 0.00282708 0.0196618 
0.835103 0.0770538 0.0257998 0.0309698 0.00661363 0.00223639 0.0222238 
0.817162 0.0724515 0.0327282 0.0342738 0.00406425 0.00275072 0.0365691 
0.81161 0.0775668 0.031391 0.044435 0.00454534 0.00202438 0.0284278 
0.831544 0.0500479 0.0392726 0.0282364 0.00323024 0.00182204 0.0458466 
0.799582 0.0625486 0.0413246 0.043584 0.00338052 0.00186915 0.0477114 
0.793336 0.0771221 0.0421916 0.0165443 0.0025526 0.00232822 0.0659252 
0.849 0.0592234 0.0360295 0.0145369 0.00354367 0.00268041 0.0349857 
0.836526 0.0685666 0.0324851 0.0227824 0.00489037 0.00234264 0.0324064 
0.731562 0.109174 0.0314691 0.0882062 0.00550143 0.00181535 0.0322724 
0.752639 0.138661 0.0243789 0.035905 0.0134803 0.00236753 0.0325691 
0.749876 0.119111 0.0319433 0.0126117 0.00327682 0.00318967 0.0799916 
0.798349 0.104041 0.0353434 0.0168898 0.00297242 0.00403459 0.0383697 
0.798062 0.0930179 0.0397371 0.0137499 0.00353643 0.00253849 0.0493581 
0.779046 0.134924 0.0296059 0.0116069 0.00450089 0.0034571 0.0368595 
0.760718 0.122738 0.0392106 0.0170439 0.00366989 0.00241819 0.0542015 
0.768974 0.110614 0.03411 0.0209825 0.00879884 0.00189735 0.0546234 
0.78414 0.0999605 0.0386287 0.0126357 0.00559773 0.00220653 0.0568308 
0.815874 0.0898295 0.0341462 0.0143527 0.00643843 0.00268462 0.0366748 
0.810042 0.107024 0.0292998 0.0102898 0.00561302 0.00277681 0.0349545 
0.796068 0.117123 0.0273185 0.0148961 0.00533632 0.00277265 0.0364852 
0.791997 0.101301 0.0329114 0.00999187 0.0027759 0.00297438 0.0580482 
0.772951 0.0944909 0.0421922 0.0098832 0.00262089 0.00324526 0.0746163 
0.763879 0.0621862 0.0491955 0.00739293 0.0019303 0.00318073 0.112235 
0.81444 0.0589025 0.0492417 0.010911 0.00159824 0.00289458 0.0620116 
0.760857 0.0837379 0.0445659 0.00723347 0.00221211 0.00358169 0.097812 
0.804227 0.0831393 0.0451725 0.0101776 0.00205047 0.00238622 0.0528466 
0.810267 0.084279 0.0411408 0.00957306 0.00194781 0.00340131 0.0493912 
0.818147 0.0885966 0.0379981 0.00911103 0.00209672 0.00329859 0.0407518 
0.794489 0.0864082 0.0457864 0.0159072 0.00121295 0.00438528 0.051811 
0.810884 0.099838 0.0368627 0.0159097 0.00161225 0.00388472 0.031009 
0.791871 0.116783 0.0383002 0.00676311 0.0014172 0.00578717 0.0390778 
0.78707 0.111516 0.0378195 0.00401805 0.00168591 0.00436908 0.053521 
0.786749 0.135644 0.033273 0.0104689 0.00164726 0.00344065 0.0287773 
0.80064 0.11108 0.0288803 0.00553099 0.00292889 0.00295339 0.0479865 
0.828386 0.0821231 0.0313955 0.0155812 0.00503733 0.00210699 0.0353701 
0.848201 0.0666556 0.030573 0.00640442 0.00558809 0.00270085 0.0398769 
0.813733 0.0965517 0.0281799 0.0217391 0.0116699 0.00195282 0.0261735 
0.831489 0.0744011 0.0297638 0.0202542 0.00952537 0.00152859 0.0330384 
0.807955 0.109774 0.0292544 0.0118906 0.00882046 0.00209822 0.0302077 
0.808918 0.098672 0.0327583 0.0256509 0.00573591 0.00165572 0.0266089 
0.784873 0.135343 0.0267576 0.0128492 0.00974525 0.00293567 0.0274959 
0.806192 0.102726 0.0353659 0.0178438 0.00574434 0.00205232 0.0300756 
0.843629 0.0612849 0.0334629 0.0226805 0.00676151 0.00182194 0.0303589 
0.755637 0.0970632 0.0370741 0.0148787 0.00357561 0.00306904 0.0887024 
0.785415 0.1071 0.0362574 0.0166297 0.00261616 0.0034339 0.0485475 
0.800992 0.106064 0.0325361 0.0128695 0.0028546 0.0039108 0.0407731 
0.853572 0.0550111 0.0374184 0.00574224 0.00200828 0.0044977 0.0417503 
0.757134 0.150023 0.0253002 0.0275963 0.00905655 0.00257467 0.0283153 
0.809974 0.0904449 0.0305993 0.0180109 0.00610914 0.00214151 0.0427199 
0.794497 0.113899 0.026285 0.0131309 0.00750697 0.00273975 0.0419418 
0.75035 0.145794 0.0230976 0.0192752 0.0133574 0.00277726 0.0453483 
0.819325 0.107219 0.0232313 0.018871 0.00982689 0.00306669 0.0184601 
0.704022 0.0491562 0.0229677 0.130482 0.0685704 0.00211604 0.0226848 
0.753167 0.0778161 0.0201648 0.0812646 0.0375491 0.00273125 0.0273075 
0.791438 0.0458075 0.0328022 0.0692076 0.028479 0.00244259 0.0298229 
0.790231 0.0485499 0.027932 0.0789134 0.0281663 0.00264527 0.0235624 
0.800734 0.035357 0.0293657 0.0672935 0.0387384 0.00219723 0.0263144 
0.742311 0.0340326 0.0268842 0.135948 0.0389908 0.00150081 0.0203325 
0.740665 0.0403022 0.021414 0.12264 0.0539646 0.00162291 0.0193904 
0.778273 0.041423 0.0227357 0.101946 0.037514 0.00197751 0.0161304 
0.756688 0.037422 0.0292027 0.13366 0.0230998 0.00146353 0.0184641 
0.826839 0.0333107 0.0387479 0.0612935 0.011222 0.00162867 0.0269582 
0.832253 0.0367362 0.0282613 0.0618683 0.0190769 0.00137238 0.0204315 
0.782398 0.0685771 0.0220598 0.0544479 0.0456037 0.00253946 0.0243741 
0.758147 0.0490482 0.0195512 0.103164 0.0504991 0.00211561 0.0174747 
0.783847 0.0400813 0.0247199 0.110564 0.0246505 0.0014791 0.0146584 
0.779456 0.030476 0.0230225 0.112377 0.039473 0.00150413 0.013691 
0.797447 0.0405834 0.0264206 0.0916002 0.0247471 0.00152185 0.0176797 
0.82685 0.0463255 0.0211708 0.0587789 0.0277699 0.00207111 0.017034 
0.738295 0.0478101 0.0198786 0.151582 0.0307296 0.00146523 0.01024 
0.725524 0.0418794 0.0177691 0.162196 0.0401406 0.00164802 0.010843 
0.754835 0.0446902 0.0185835 0.11392 0.0489676 0.00193921 0.0170644 
0.767151 0.0441417 0.0239161 0.0854227 0.0542248 0.00257709 0.0225669 
0.755139 0.0390679 0.0224851 0.0953937 0.0645217 0.0021423 0.0212504 
0.740809 0.0523374 0.018635 0.0895431 0.074129 0.00267972 0.021867 
0.791548 0.0482879 0.0211087 0.0625253 0.0501194 0.0030089 0.0234018 
0.817844 0.0482038 0.0291058 0.0618597 0.0190785 0.00194561 0.0219623 
0.781062 0.041253 0.0247009 0.107548 0.0247148 0.00153124 0.0191895 
0.766838 0.0331127 0.0296423 0.129355 0.0187315 0.00146662 0.0208543 
0.763709 0.0389893 0.0308346 0.131882 0.0148351 0.0013001 0.0184497 
0.841514 0.0346779 0.0285677 0.0602547 0.0162766 0.0015851 0.017124 
0.815041 0.0261444 0.0410481 0.0797079 0.0100391 0.00146846 0.0265506 
0.812289 0.0417241 0.0278193 0.0813376 0.0199047 0.0019695 0.0149556 
0.817112 0.0405412 0.0286949 0.0615346 0.0322627 0.00267988 0.0171745 
0.794934 0.0594347 0.028162 0.0602443 0.0331393 0.00290368 0.0211821 
0.811643 0.0681556 0.0277239 0.0427952 0.0239884 0.00239814 0.0232952 
0.73585 0.0968473 0.0205272 0.10903 0.0221652 0.00228943 0.0132909 
0.834678 0.0664623 0.0295273 0.0319404 0.0131059 0.00221699 0.022069 
0.819325 0.0560209 0.0305517 0.0367004 0.0275711 0.00228937 0.0275417 
0.833157 0.0271441 0.0300008 0.0609144 0.0302448 0.00172701 0.0168118 
0.842444 0.0390382 0.0245874 0.0519649 0.0258314 0.00201894 0.0141146 
0.846336 0.0410422 0.0290115 0.039388 0.0217851 0.00181552 0.0206219 
0.843533 0.0490402 0.0306877 0.046712 0.0089778 0.0016607 0.0193883 
0.832128 0.0448339 0.0325857 0.0472163 0.0147573 0.00189023 0.0265881 
0.837833 0.0424186 0.0323929 0.0545339 0.0106578 0.00182851 0.0203353 
0.855535 0.0427922 0.0331263 0.0324889 0.00876241 0.00235663 0.0249388 
0.847846 0.0411013 0.0345702 0.0347609 0.0101875 0.00198789 0.0295463 
0.845633 0.0444573 0.026837 0.0385711 0.0198207 0.00217664 0.0225047 
0.810491 0.0847105 0.0238596 0.0379765 0.0165486 0.00237269 0.0240415 
0.77512 0.0854098 0.0235407 0.0711912 0.0191492 0.00278438 0.0228052 
0.797861 0.0734539 0.0262867 0.0437775 0.0244359 0.00264154 0.0315439 
0.820289 0.0557181 0.0329441 0.0378729 0.0179899 0.00231888 0.0328674 
0.810533 0.0807079 0.0356897 0.0228341 0.0115395 0.00261993 0.0360761 
0.827273 0.0577275 0.0306285 0.0309931 0.02013 0.00205377 0.0311938 
0.796362 0.0659116 0.0268549 0.0635078 0.0268207 0.00230525 0.0182381 
0.814419 0.0425296 0.0282676 0.065427 0.0263806 0.00184247 0.0211338 
0.822838 0.0387936 0.0390417 0.056082 0.0160648 0.00148221 0.0256978 
0.817328 0.0586823 0.0351523 0.0411446 0.0131542 0.00248825 0.0320506 
0.799266 0.0777809 0.0270318 0.0298967 0.0262153 0.00319155 0.0366177 
0.800472 0.0651704 0.0254187 0.0501439 0.0308784 0.00260881 0.025308 
0.831115 0.0510047 0.0346484 0.0515571 0.00834023 0.00188062 0.0214539 
0.8452 0.0525563 0.0358134 0.0297878 0.00827975 0.0018537 0.0265089 
0.751242 0.041159 0.0741776 0.0469811 0.0490253 0.00235098 0.0350643 
0.715504 0.0426813 0.110562 0.0487642 0.0338179 0.00249383 0.046177 
0.710229 0.0560289 0.0940707 0.0529539 0.042484 0.00274518 0.0414879 
0.74251 0.0365702 0.0549465 0.0624185 0.0760309 0.00206041 0.0254629 
0.739581 0.046741 0.0543991 0.0368734 0.0830528 0.00270743 0.0366447 
0.761325 0.0545108 0.0513098 0.0528118 0.0468883 0.00246467 0.0306896 
0.697227 0.0690222 0.0298856 0.0729242 0.104745 0.00290023 0.0232956 
0.70833 0.0307648 0.0788151 0.106003 0.0403016 0.00168604 0.0340993 
0.749217 0.0392201 0.075702 0.0824048 0.0217391 0.0012918 0.0304252 
0.78245 0.0359167 0.0985695 0.0360487 0.0100499 0.00131708 0.0356483 
0.809973 0.0359893 0.0865558 0.0208041 0.0147481 0.00187435 0.0300556 
0.810697 0.0396009 0.0789715 0.0192068 0.0204251 0.00203477 0.0290643 
0.7923 0.0350045 0.103574 0.0215533 0.0189169 0.00202681 0.0266242 
0.794967 0.0407179 0.100359 0.0154991 0.0154615 0.00244206 0.0305534 
0.772818 0.032861 0.117482 0.0170129 0.0221941 0.00227474 0.0353572 
0.80523 0.0327711 0.0906362 0.0192849 0.025678 0.00238974 0.0240098 
0.818366 0.0211549 0.0940492 0.0193429 0.023646 0.00235265 0.0210884 
0.807445 0.0313103 0.0987879 0.0119984 0.0222025 0.00287081 0.0253856 
0.800259 0.0319562 0.10232 0.0167115 0.0222086 0.0024381 0.0241059 
0.777132 0.037315 0.0934516 0.0138368 0.0431602 0.00300933 0.0320951 
0.77 0.0397186 0.112707 0.00881242 0.0260391 0.00337968 0.0393435 
0.789576 0.0501795 0.101228 0.00849759 0.0118994 0.00269837 0.0359206 
0.80082 0.0398097 0.0978479 0.00877776 0.0129078 0.00273814 0.0370984 
0.816458 0.0409646 0.0869982 0.0106565 0.0130038 0.00285363 0.0290651 
0.794307 0.0359247 0.0968898 0.0117603 0.0237613 0.00295391 0.0344027 
0.766176 0.0348223 0.130394 0.0115842 0.0180308 0.00251818 0.0364738 
0.770674 0.026521 0.132876 0.0121279 0.019654 0.00246895 0.0356779 
0.792182 0.0351425 0.0857241 0.0262371 0.0313887 0.0022786 0.0270468 
0.782565 0.0439369 0.0914557 0.0245499 0.0265167 0.0026015 0.0283739 
0.791404 0.0374384 0.101264 0.0154979 0.0228488 0.00245444 0.0290932 
