0.834522 0.0386136 0.0220311 0.072563 0.0109196 0.0026716 0.0186795 
0.818221 0.0382141 0.025021 0.086165 0.00899032 0.00278499 0.0206038 
0.869119 0.0315507 0.0257064 0.0432055 0.00494619 0.00308948 0.0223824 
0.78436 0.0444943 0.0188267 0.109791 0.023394 0.0026199 0.016514 
0.819731 0.0337126 0.0241287 0.089112 0.0110355 0.00197438 0.0203054 
0.823186 0.0385458 0.0285813 0.06883 0.0107201 0.00239047 0.0277465 
0.837332 0.0387448 0.0258982 0.060388 0.00975569 0.00214481 0.0257368 
0.78709 0.0312585 0.0228223 0.128917 0.0152135 0.00201956 0.0126798 
0.615124 0.0226858 0.0184538 0.298132 0.033107 0.00170922 0.0107882 
0.830321 0.0353797 0.0239887 0.085099 0.0108428 0.00216635 0.0122024 
0.745688 0.0294544 0.0242615 0.170897 0.0123274 0.00138602 0.0159853 
0.803546 0.0283561 0.0312447 0.106263 0.00950005 0.00180813 0.019282 
0.829502 0.0318482 0.026041 0.0779011 0.0112247 0.00253139 0.0209519 
0.809987 0.0293603 0.0258042 0.0992746 0.016889 0.00195296 0.016732 
0.729148 0.0242339 0.0192888 0.191606 0.0239882 0.00193078 0.00980384 
0.701934 0.0291621 0.0186388 0.2063 0.0309339 0.00208277 0.0109492 
0.657975 0.0329249 0.017804 0.243416 0.0343287 0.00165851 0.0118924 
0.702598 0.0339828 0.018562 0.20339 0.0259024 0.00179971 0.0137651 
0.722278 0.0218961 0.0223494 0.190519 0.0268827 0.00199231 0.0140828 
0.810583 0.0267042 0.0232859 0.105586 0.0158016 0.00272995 0.0153101 
0.817024 0.0212384 0.0218051 0.0986572 0.024263 0.00264612 0.014366 
0.762581 0.0285753 0.0171338 0.14353 0.0351806 0.00243587 0.0105632 
0.774177 0.0298756 0.0246611 0.145376 0.0110536 0.00272238 0.012134 
0.764371 0.0217496 0.0263075 0.163763 0.00954894 0.0019242 0.0123357 
0.765494 0.0255592 0.0291801 0.146684 0.012624 0.00180408 0.018654 
0.837255 0.0221278 0.0389595 0.0696482 0.0063973 0.00169757 0.0239143 
0.78022 0.0215591 0.0285459 0.125413 0.0253806 0.00178371 0.0170977 
0.776895 0.0404868 0.0262398 0.123653 0.0161327 0.00162746 0.0149655 
0.674345 0.0360635 0.0209286 0.237752 0.0137752 0.00208108 0.0150539 
0.802472 0.0343814 0.030329 0.0990432 0.00691868 0.00264929 0.0242061 
0.760249 0.0322194 0.0269898 0.157316 0.00678201 0.00166447 0.014779 
0.773295 0.0274852 0.0268624 0.144237 0.00993837 0.00190088 0.0162811 
0.728151 0.0256512 0.0281811 0.191381 0.00919762 0.00145162 0.0159865 
0.795127 0.0365176 0.0325767 0.106089 0.00934323 0.00137759 0.0189688 
0.751067 0.036079 0.0273863 0.155214 0.0110658 0.00183401 0.0173537 
0.770027 0.0299105 0.0333953 0.144503 0.00673456 0.00148392 0.0139465 
0.715648 0.0306574 0.032678 0.192559 0.0128129 0.0012081 0.0144363 
0.799675 0.0293129 0.0298384 0.115319 0.0111927 0.00206565 0.0125959 
0.729114 0.0224033 0.034486 0.190378 0.00680319 0.0015917 0.015224 
0.685751 0.034629 0.0229842 0.229729 0.0130198 0.00231756 0.0115689 
0.83519 0.0413387 0.0211241 0.0692808 0.0169719 0.00281707 0.0132778 
0.751184 0.0341825 0.0213393 0.15243 0.0247342 0.00241328 0.013717 
0.767473 0.0237547 0.0409273 0.130014 0.00923514 0.00139454 0.0272012 
0.676317 0.0231791 0.0363025 0.236672 0.00811578 0.00131461 0.0180986 
0.737602 0.0261442 0.0318095 0.177404 0.00985674 0.00144772 0.0157358 
0.787 0.0229205 0.0351606 0.127143 0.00654482 0.00196175 0.0192696 
0.74756 0.0299712 0.0302536 0.161714 0.012666 0.00176331 0.0160721 
0.816468 0.0258464 0.0414032 0.0814601 0.00745335 0.00137498 0.0259938 
0.80518 0.0367624 0.026133 0.0954205 0.0160322 0.0021767 0.0182956 
0.769445 0.0284409 0.0264582 0.139251 0.0190909 0.00167228 0.0156415 
0.587408 0.0301399 0.0178969 0.298434 0.052575 0.00213774 0.0114085 
0.584409 0.0267257 0.0167338 0.322121 0.0375208 0.00245301 0.0100361 
0.68588 0.026178 0.0224412 0.228238 0.0241232 0.00188126 0.0112582 
0.629152 0.0271315 0.0214847 0.281779 0.0260796 0.00171983 0.0126526 
0.763453 0.0388643 0.0326672 0.126288 0.0108081 0.00145928 0.0264593 
0.774763 0.0315295 0.0300998 0.135153 0.0095253 0.00154607 0.0173843 
0.768553 0.042739 0.0260995 0.129152 0.0139667 0.00180812 0.0176813 
0.698251 0.0460461 0.0259905 0.199075 0.0140018 0.0016869 0.0149485 
0.700752 0.0396571 0.0303119 0.206368 0.0072397 0.00149737 0.0141737 
0.75479 0.0287985 0.0365501 0.151563 0.00878556 0.00184971 0.0176631 
0.673424 0.036475 0.0238198 0.238736 0.0141137 0.00150858 0.0119238 
0.646848 0.0221691 0.0311132 0.274342 0.0110697 0.00118122 0.0132769 
0.703732 0.0210643 0.0309833 0.217961 0.0110486 0.00106196 0.0141488 
0.751453 0.0225653 0.0233467 0.174211 0.0177031 0.00116552 0.00955511 
0.754476 0.0193158 0.0258664 0.170829 0.0171421 0.0014339 0.0109368 
0.809046 0.0248584 0.0233595 0.112738 0.0155945 0.00202019 0.0123828 
0.795995 0.0317355 0.0228958 0.116725 0.0181975 0.00231921 0.0121324 
0.762546 0.0252247 0.0299158 0.151693 0.0138897 0.00195505 0.0147757 
0.827096 0.0212212 0.043624 0.0750824 0.0051466 0.00206159 0.0257679 
0.777621 0.0334896 0.036129 0.127713 0.00776509 0.00148512 0.0157972 
0.810239 0.036682 0.0260606 0.102008 0.0083406 0.00197413 0.0146959 
0.750456 0.0516779 0.0265985 0.144568 0.00819042 0.00223656 0.0162719 
0.755523 0.0280435 0.0306733 0.158543 0.00938002 0.00130104 0.0165358 
0.750077 0.0372072 0.0277568 0.148311 0.0172008 0.00174485 0.0177027 
0.795387 0.029329 0.0281458 0.119425 0.0114353 0.00141529 0.0148627 
0.771666 0.0959368 0.0222819 0.0375272 0.0407748 0.00289006 0.0289232 
0.734786 0.0909496 0.0228168 0.0837397 0.0347779 0.00211425 0.0308156 
0.712528 0.157473 0.023938 0.0412422 0.0182336 0.00240508 0.0441799 
0.68467 0.181232 0.0201422 0.0372188 0.0291758 0.00245997 0.0451012 
0.766008 0.117108 0.0218846 0.0250649 0.026238 0.00305113 0.0406454 
0.74402 0.156221 0.0236219 0.0224115 0.0174441 0.00231649 0.0339652 
0.761939 0.13107 0.0199856 0.0333512 0.0259329 0.00274501 0.0249762 
0.783837 0.122449 0.0205944 0.0252548 0.0178293 0.00294021 0.0270954 
0.665717 0.181272 0.015932 0.0448085 0.0605039 0.00350636 0.0282603 
0.689782 0.123177 0.016582 0.0435527 0.0948353 0.00424294 0.027828 
0.686981 0.120691 0.0149116 0.0652948 0.0886925 0.00344667 0.0199832 
0.730657 0.134732 0.0193135 0.0470398 0.038533 0.00257111 0.0271533 
0.781627 0.0762709 0.015701 0.0506825 0.0544714 0.00323757 0.0180101 
0.785125 0.100883 0.0195844 0.0270096 0.0357193 0.00396947 0.0277099 
0.810122 0.0900109 0.0207037 0.0251888 0.0212955 0.00357436 0.0291049 
0.707307 0.18894 0.0184196 0.021407 0.0283127 0.00520375 0.0304101 
0.724294 0.152538 0.0148566 0.0424793 0.0399745 0.00338899 0.0224694 
0.727923 0.170877 0.0170917 0.0376718 0.0240898 0.00295932 0.019387 
0.785603 0.119262 0.0238218 0.0165619 0.0191678 0.00314082 0.0324419 
0.789975 0.107993 0.0279089 0.0212832 0.0197491 0.00224894 0.0308421 
0.823902 0.094872 0.0279534 0.0179714 0.00873988 0.00257943 0.0239813 
0.771894 0.143492 0.0252296 0.018271 0.0104593 0.00252765 0.0281273 
0.72163 0.164557 0.0231692 0.0214713 0.0257461 0.00330453 0.0401216 
0.746445 0.155619 0.0212143 0.0183563 0.0231328 0.00357908 0.0316538 
0.769906 0.113905 0.0200614 0.0462179 0.0282883 0.00232802 0.0192927 
0.768365 0.120838 0.0293746 0.027257 0.0170017 0.00256319 0.0346011 
0.80004 0.0909277 0.0299669 0.0370233 0.0146831 0.00169695 0.0256625 
0.795759 0.112051 0.0273852 0.0158696 0.0107317 0.00225271 0.0359515 
0.812076 0.0759909 0.038533 0.0182317 0.00470199 0.00170889 0.0487573 
0.816239 0.0882876 0.0343054 0.0176775 0.00467731 0.00231825 0.0364953 
0.73089 0.171959 0.0252212 0.0289344 0.011272 0.00268442 0.0290382 
0.802772 0.100791 0.0234961 0.0351347 0.0138115 0.00231294 0.0216815 
0.789662 0.118086 0.0199921 0.0361128 0.0165618 0.00289214 0.0166931 
0.825867 0.0801848 0.030315 0.0259903 0.00854888 0.00229066 0.0268034 
0.778888 0.126425 0.0244724 0.0281762 0.013733 0.00299979 0.0253057 
0.785438 0.130797 0.0221217 0.0167385 0.00999417 0.00360341 0.0313069 
0.804956 0.102362 0.023342 0.0228876 0.0184696 0.00232808 0.0256548 
0.791864 0.109315 0.0266783 0.0209611 0.0170083 0.00222138 0.0319514 
0.831153 0.0625722 0.0321645 0.0264137 0.0191202 0.00160165 0.0269752 
0.804878 0.0891939 0.0276031 0.0375045 0.0163811 0.00201597 0.0224233 
0.773992 0.0975138 0.0248646 0.0680541 0.0157105 0.00193329 0.0179321 
0.790848 0.0974844 0.025091 0.0391957 0.018097 0.0022193 0.0270648 
0.776508 0.115779 0.0297475 0.0321845 0.00652891 0.00233296 0.0369195 
0.791778 0.104691 0.0324802 0.0298004 0.00591567 0.00267143 0.0326635 
0.792457 0.101213 0.0305047 0.0284724 0.00867899 0.00200502 0.0366691 
0.530934 0.034813 0.0136667 0.331097 0.0767854 0.00267922 0.0100251 
0.653972 0.0553936 0.0155571 0.230139 0.0343632 0.00193067 0.00864437 
0.579006 0.0406909 0.0125684 0.30636 0.0512376 0.00215813 0.00797856 
0.44965 0.0357508 0.0109366 0.447492 0.0484403 0.00165378 0.00607667 
0.572399 0.045342 0.0176474 0.334772 0.0195344 0.00139389 0.00891044 
0.685807 0.0501688 0.0156972 0.198559 0.0371633 0.00194393 0.0106608 
0.532325 0.0459344 0.0130458 0.330979 0.0657783 0.00184711 0.0100904 
0.657373 0.035164 0.0127275 0.20294 0.0804994 0.00181959 0.0094769 
0.68794 0.0570504 0.0134061 0.175389 0.0544487 0.00254283 0.00922286 
0.772311 0.0544222 0.0164339 0.091035 0.0485921 0.0028972 0.0143085 
0.721518 0.0512309 0.0196849 0.123699 0.0619934 0.00233259 0.0195414 
0.688021 0.0634358 0.0162884 0.167511 0.047328 0.00278395 0.0146319 
0.794329 0.0345835 0.0195589 0.100804 0.035234 0.00191065 0.0135802 
0.664904 0.0389514 0.0176621 0.209928 0.0534713 0.00193069 0.0131524 
0.724841 0.0792253 0.0159566 0.0796804 0.0784188 0.00396343 0.0179142 
0.77233 0.0863142 0.0243852 0.0582236 0.0314065 0.00310942 0.0242312 
0.787906 0.045863 0.0284332 0.0485678 0.0573519 0.00248787 0.0293906 
0.789909 0.0744759 0.0353503 0.0558491 0.0197927 0.0018531 0.0227703 
0.799674 0.0708305 0.026188 0.0528284 0.0276333 0.00267548 0.0201705 
0.796913 0.0502747 0.021378 0.0826959 0.0322647 0.0026819 0.013792 
0.797872 0.0424333 0.026076 0.0834133 0.0275117 0.00236743 0.0203263 
0.819053 0.0514817 0.0220091 0.0551556 0.0318798 0.00301035 0.01741 
0.77737 0.0720479 0.0247701 0.0914534 0.0138735 0.002206 0.0182794 
0.794836 0.0606909 0.0234998 0.0773601 0.0238832 0.00246151 0.0172686 
0.758193 0.0573131 0.0227927 0.10109 0.0376267 0.0028575 0.0201266 
0.758646 0.0698953 0.0208849 0.0769895 0.0483788 0.00309968 0.0221056 
0.773983 0.0562962 0.0236583 0.0839337 0.0411308 0.00283178 0.0181662 
0.702006 0.0454241 0.018702 0.142237 0.0745538 0.00222125 0.0148557 
0.662909 0.0777325 0.0198029 0.178793 0.0443806 0.00185905 0.014523 
0.687403 0.0507185 0.0226411 0.176849 0.0420353 0.00181288 0.01854 
0.646431 0.034288 0.0204854 0.264225 0.0216989 0.0018367 0.0110348 
0.718894 0.0496732 0.0201047 0.170626 0.0246721 0.00355991 0.0124696 
0.797307 0.0767452 0.0194748 0.0751565 0.0136823 0.00470388 0.0129299 
0.781847 0.0786814 0.0181756 0.0722061 0.0295899 0.00554676 0.0139528 
0.802005 0.0640936 0.0212675 0.0616951 0.0306484 0.00557052 0.01472 
0.808072 0.0463512 0.0240207 0.091605 0.013022 0.00344866 0.01348 
0.802218 0.0541293 0.0271569 0.0774207 0.0189377 0.00455298 0.0155841 
0.806535 0.0413378 0.0324067 0.0862259 0.0144036 0.00402458 0.0150659 
0.778618 0.0467036 0.029591 0.0960947 0.0287053 0.00474384 0.0155433 
0.759405 0.0577436 0.0314278 0.0899642 0.0399172 0.00632739 0.015215 
0.772454 0.0505378 0.0254954 0.0537278 0.0768786 0.00543125 0.0154753 
0.828102 0.0361417 0.0327248 0.0540695 0.0296115 0.00468378 0.0146665 
0.814568 0.0429223 0.0315409 0.0570687 0.0324362 0.00523694 0.0162267 
0.789554 0.0403403 0.0298932 0.0561706 0.061325 0.00489684 0.0178202 
0.827187 0.0414407 0.0365421 0.0449463 0.0256685 0.00492583 0.0192892 
0.829094 0.0377102 0.0521579 0.0411776 0.012123 0.00460055 0.0231366 
0.711506 0.037278 0.0348302 0.169591 0.0306361 0.0025562 0.0136026 
0.745849 0.023678 0.0416962 0.134125 0.0323288 0.00230042 0.0200223 
0.810196 0.0433261 0.0489896 0.0476789 0.0184528 0.00427822 0.0270782 
0.816975 0.0307594 0.0687398 0.0416132 0.00967414 0.00647132 0.0257676 
0.769787 0.0299607 0.0799004 0.0836379 0.0125052 0.0051938 0.0190154 
0.758011 0.0237208 0.0922361 0.0821785 0.0112783 0.00982352 0.0227517 
0.801302 0.0354799 0.0889518 0.0171449 0.0186232 0.0125161 0.0259824 
0.820556 0.0333563 0.0771428 0.0160227 0.0155122 0.0106832 0.0267269 
0.824815 0.0286587 0.0559305 0.0529922 0.0163662 0.00495383 0.0162834 
0.802283 0.020246 0.0672289 0.0724433 0.0128508 0.00412794 0.02082 
0.792045 0.0144225 0.140137 0.00107913 0.00115842 0.0104656 0.0406923 
0.823127 0.0184685 0.105918 0.00136877 0.00117131 0.00891673 0.0410295 
0.85305 0.0331865 0.0635147 0.00247437 0.00263502 0.00775068 0.0373883 
0.871784 0.0214757 0.0595968 0.00626243 0.00134034 0.00652136 0.0330195 
0.85937 0.0162957 0.063892 0.0137889 0.00153059 0.00356828 0.041555 
0.885761 0.0333408 0.0355106 0.0184544 0.00278874 0.00346877 0.0206755 
0.884488 0.0367045 0.0331995 0.0154478 0.00195775 0.00561028 0.0225924 
0.811465 0.0954461 0.0253021 0.0149013 0.00662732 0.0113753 0.034883 
0.835342 0.075298 0.0275176 0.00829499 0.00268086 0.00909546 0.0417709 
0.827151 0.0706264 0.0271783 0.0107475 0.00217003 0.0085081 0.0536186 
0.829037 0.0822658 0.0252936 0.0279063 0.00411763 0.00301022 0.0283699 
0.829279 0.0923157 0.026736 0.0281193 0.00355639 0.00264462 0.017349 
0.758576 0.177365 0.0185387 0.00697037 0.00522371 0.00616869 0.027157 
0.772611 0.165865 0.0223402 0.00588681 0.00462356 0.00340754 0.0252659 
0.740829 0.15923 0.054909 0.00697486 0.00255276 0.00243761 0.0330668 
0.727316 0.1751 0.0435018 0.0157594 0.00307046 0.00220942 0.0330425 
0.558238 0.311467 0.0199559 0.00361334 0.0299188 0.00813662 0.0686698 
0.410964 0.532985 0.011474 0.0025079 0.00785697 0.00493994 0.0292719 
0.363569 0.59453 0.00891687 0.00222488 0.00690766 0.00480303 0.0190488 
0.53845 0.412669 0.0188435 0.00258824 0.00446448 0.00615252 0.0168319 
0.641585 0.315676 0.0167933 0.0047453 0.00515971 0.00312329 0.0129177 
0.600055 0.36197 0.0109184 0.00611069 0.00960304 0.00284576 0.0084971 
0.495921 0.454945 0.00710655 0.00590591 0.0228865 0.00291438 0.0103202 
0.82534 0.127896 0.0214203 0.00223384 0.00277752 0.00468027 0.0156521 
0.856805 0.0903698 0.0250086 0.00321876 0.00223795 0.00405862 0.0183017 
0.872524 0.085283 0.0186161 0.00525917 0.00188612 0.00441271 0.0120186 
0.836582 0.0978455 0.0186487 0.00309316 0.00437325 0.00858119 0.0308761 
0.750794 0.19474 0.0127885 0.00452317 0.0058981 0.00882505 0.0224312 
0.802726 0.129819 0.0180631 0.00277755 0.00304852 0.0153253 0.0282402 
0.877071 0.0492964 0.0294316 0.00378656 0.00148342 0.00843178 0.0304996 
0.880706 0.0320656 0.0341977 0.00308519 0.00102089 0.0106302 0.0382946 
0.892506 0.0443705 0.0257023 0.00284294 0.0015167 0.0154608 0.0176005 
0.0261791 0.0141181 0.0025668 0.949095 0.00608364 4.10847E-4 0.00154602 
0.014616 0.0123867 0.00208667 0.959596 0.00955183 3.88371E-4 0.00137398 
0.0238742 0.00889417 0.00265081 0.945065 0.0171006 4.40879E-4 0.00197434 
0.0284051 0.00725396 0.00182217 0.957485 0.0039571 2.20382E-4 8.56088E-4 
0.0222571 0.00448953 0.00148322 0.96646 0.00404724 2.31205E-4 0.00103147 
0.0896305 0.00972484 0.00440689 0.88794 0.0058574 4.5064E-4 0.00199019 
0.163161 0.0124812 0.00796904 0.804268 0.00711302 7.25048E-4 0.00428263 
0.0754028 0.00802876 0.00300023 0.905589 0.00578595 3.56184E-4 0.00183678 
0.0252675 0.00297565 0.00169672 0.957348 0.0110785 2.56348E-4 0.00137747 
0.0147394 0.00331316 0.00141098 0.964442 0.0146898 2.05285E-4 0.00119985 
0.0275528 0.00617688 0.0022113 0.947473 0.0145706 4.3978E-4 0.00157589 
0.624406 0.0247577 0.0369634 0.267818 0.0151117 0.00243616 0.0285068 
0.299788 0.0128634 0.0164395 0.632183 0.027876 0.00138669 0.00946323 
0.355337 0.0218309 0.0199444 0.504539 0.0810681 0.00281662 0.0144634 
0.31469 0.0150826 0.0213086 0.580017 0.0551846 0.0034772 0.0102398 
0.210242 0.0132914 0.0266031 0.680614 0.0569416 0.00388642 0.00842109 
0.742356 0.0272384 0.100205 0.0728448 0.0259468 0.00973948 0.0216704 
0.558723 0.031812 0.108751 0.184177 0.0726079 0.0255715 0.0183586 
0.684347 0.064405 0.0730901 0.0512311 0.0919971 0.0194487 0.0154814 
0.372415 0.014167 0.0209344 0.51156 0.0709215 0.00354632 0.00645504 
0.109332 0.00736427 0.0114281 0.770056 0.0934578 0.00184908 0.00651272 
0.194802 0.00912032 0.0152696 0.735405 0.0368628 0.00194067 0.00659888 
0.149817 0.00689088 0.0149999 0.749899 0.068112 0.00214277 0.00813782 
0.25749 0.007601 0.0165367 0.682218 0.0278976 0.00164668 0.00660992 
0.247302 0.00762541 0.016497 0.685778 0.0337352 0.00150226 0.00756012 
0.194707 0.00564598 0.0154499 0.745866 0.0309761 0.0011067 0.00624835 
0.472521 0.00915464 0.0287331 0.448965 0.0266717 0.00220232 0.0117523 
0.450177 0.0100788 0.0297379 0.4818 0.0185938 0.00200609 0.00760664 
0.521358 0.0120491 0.0311955 0.409474 0.0144589 0.00230898 0.00915543 
0.605087 0.0146768 0.03249 0.310574 0.0190432 0.0035002 0.0146283 
0.571812 0.0268133 0.0182976 0.295033 0.072362 0.00454148 0.0111405 
0.551755 0.0173974 0.0223525 0.360572 0.0364774 0.00204941 0.00939672 
0.540151 0.0176533 0.0221463 0.379159 0.0279953 0.00270121 0.0101939 
0.462539 0.00972926 0.0355129 0.470297 0.00985185 0.00148986 0.0105797 
0.534585 0.0164123 0.0303988 0.3994 0.00918807 0.00179945 0.0082172 
0.72626 0.0204535 0.034325 0.196171 0.00795639 0.00282993 0.0120036 
0.62054 0.0183647 0.0292703 0.308945 0.0106543 0.00211347 0.0101121 
0.75254 0.0221864 0.0298364 0.169166 0.0101228 0.00275413 0.0133945 
0.71873 0.0250494 0.0278804 0.199171 0.0119685 0.00338496 0.0138157 
0.815084 0.0232876 0.035475 0.0853482 0.0159399 0.00361671 0.021248 
0.834738 0.0310099 0.0337063 0.07655 0.00586272 0.00269195 0.0154412 
0.854613 0.0309067 0.0265036 0.0660126 0.00648335 0.00316293 0.0123177 
0.832735 0.0357599 0.0215788 0.0789738 0.0151374 0.0042179 0.011597 
0.819718 0.0188775 0.0243548 0.108878 0.0121842 0.00347025 0.0125176 
0.87194 0.0198731 0.0349143 0.0463446 0.00474114 0.0034032 0.018784 
0.872213 0.0203332 0.0357947 0.0463163 0.00476516 0.00323445 0.0173428 
0.870405 0.0211426 0.0342246 0.0445252 0.00635563 0.00325686 0.0200905 
0.837123 0.0224989 0.043287 0.0693746 0.00269981 0.00296004 0.0220571 
0.785053 0.0217828 0.0320288 0.138936 0.00335563 0.00425367 0.0145903 
0.7565 0.0355332 0.024758 0.158958 0.00454388 0.00503384 0.0146732 
0.530229 0.0430976 0.0279143 0.384737 0.00263417 0.00214658 0.00924104 
0.731854 0.0472682 0.0420175 0.152703 0.00196982 0.00455092 0.0196362 
0.0261791 0.0141181 0.0025668 0.949095 0.00608364 4.10847E-4 0.00154602 
0.014616 0.0123867 0.00208667 0.959596 0.00955183 3.88371E-4 0.00137398 
0.0238742 0.00889417 0.00265081 0.945065 0.0171006 4.40879E-4 0.00197434 
0.0284051 0.00725396 0.00182217 0.957485 0.0039571 2.20382E-4 8.56088E-4 
0.0222571 0.00448953 0.00148322 0.96646 0.00404724 2.31205E-4 0.00103147 
0.0896305 0.00972484 0.00440689 0.88794 0.0058574 4.5064E-4 0.00199019 
0.163161 0.0124812 0.00796904 0.804268 0.00711302 7.25048E-4 0.00428263 
0.0754028 0.00802876 0.00300023 0.905589 0.00578595 3.56184E-4 0.00183678 
0.0252675 0.00297565 0.00169672 0.957348 0.0110785 2.56348E-4 0.00137747 
0.0147394 0.00331316 0.00141098 0.964442 0.0146898 2.05285E-4 0.00119985 
0.0275528 0.00617688 0.0022113 0.947473 0.0145706 4.3978E-4 0.00157589 
0.624406 0.0247577 0.0369634 0.267818 0.0151117 0.00243616 0.0285068 
0.299788 0.0128634 0.0164395 0.632183 0.027876 0.00138669 0.00946323 
0.355337 0.0218309 0.0199444 0.504539 0.0810681 0.00281662 0.0144634 
0.31469 0.0150826 0.0213086 0.580017 0.0551846 0.0034772 0.0102398 
0.210242 0.0132914 0.0266031 0.680614 0.0569416 0.00388642 0.00842109 
0.742356 0.0272384 0.100205 0.0728448 0.0259468 0.00973948 0.0216704 
0.558723 0.031812 0.108751 0.184177 0.0726079 0.0255715 0.0183586 
0.684347 0.064405 0.0730901 0.0512311 0.0919971 0.0194487 0.0154814 
0.372415 0.014167 0.0209344 0.51156 0.0709215 0.00354632 0.00645504 
0.109332 0.00736427 0.0114281 0.770056 0.0934578 0.00184908 0.00651272 
0.194802 0.00912032 0.0152696 0.735405 0.0368628 0.00194067 0.00659888 
0.149817 0.00689088 0.0149999 0.749899 0.068112 0.00214277 0.00813782 
0.25749 0.007601 0.0165367 0.682218 0.0278976 0.00164668 0.00660992 
0.247302 0.00762541 0.016497 0.685778 0.0337352 0.00150226 0.00756012 
0.194707 0.00564598 0.0154499 0.745866 0.0309761 0.0011067 0.00624835 
0.472521 0.00915464 0.0287331 0.448965 0.0266717 0.00220232 0.0117523 
0.450177 0.0100788 0.0297379 0.4818 0.0185938 0.00200609 0.00760664 
0.521358 0.0120491 0.0311955 0.409474 0.0144589 0.00230898 0.00915543 
0.605087 0.0146768 0.03249 0.310574 0.0190432 0.0035002 0.0146283 
0.571812 0.0268133 0.0182976 0.295033 0.072362 0.00454148 0.0111405 
0.551755 0.0173974 0.0223525 0.360572 0.0364774 0.00204941 0.00939672 
0.540151 0.0176533 0.0221463 0.379159 0.0279953 0.00270121 0.0101939 
0.462539 0.00972926 0.0355129 0.470297 0.00985185 0.00148986 0.0105797 
0.534585 0.0164123 0.0303988 0.3994 0.00918807 0.00179945 0.0082172 
0.72626 0.0204535 0.034325 0.196171 0.00795639 0.00282993 0.0120036 
0.62054 0.0183647 0.0292703 0.308945 0.0106543 0.00211347 0.0101121 
0.75254 0.0221864 0.0298364 0.169166 0.0101228 0.00275413 0.0133945 
0.71873 0.0250494 0.0278804 0.199171 0.0119685 0.00338496 0.0138157 
0.815084 0.0232876 0.035475 0.0853482 0.0159399 0.00361671 0.021248 
0.834738 0.0310099 0.0337063 0.07655 0.00586272 0.00269195 0.0154412 
0.854613 0.0309067 0.0265036 0.0660126 0.00648335 0.00316293 0.0123177 
0.832735 0.0357599 0.0215788 0.0789738 0.0151374 0.0042179 0.011597 
0.819718 0.0188775 0.0243548 0.108878 0.0121842 0.00347025 0.0125176 
0.87194 0.0198731 0.0349143 0.0463446 0.00474114 0.0034032 0.018784 
0.717185 0.0632666 0.018253 0.176548 0.00870515 0.00309883 0.0129431 
0.663199 0.0773058 0.0175056 0.221717 0.00626351 0.00283286 0.011176 
0.582639 0.0918992 0.0176782 0.284221 0.00821061 0.00378804 0.0115647 
0.691207 0.0815869 0.0160045 0.183803 0.0110756 0.00316755 0.0131563 
0.734466 0.0572032 0.0153057 0.155072 0.0225861 0.00282632 0.0125409 
0.736823 0.0476319 0.014718 0.168246 0.0191301 0.00259248 0.0108584 
0.683957 0.0431338 0.0157656 0.222156 0.0204136 0.00182167 0.012752 
0.694001 0.0632575 0.0146851 0.183204 0.0293466 0.00282862 0.0126768 
0.572461 0.0622103 0.0134572 0.315767 0.0228635 0.00268953 0.0105513 
0.700518 0.0509187 0.0161604 0.177181 0.0363453 0.00286859 0.0160074 
0.690982 0.0704323 0.0144178 0.179551 0.0280604 0.00278823 0.0137685 
0.752174 0.0508507 0.0186499 0.12315 0.0268767 0.00278272 0.0255163 
0.709792 0.0312713 0.019083 0.193426 0.0282354 0.00204188 0.0161507 
0.696059 0.0352224 0.016458 0.196915 0.0362086 0.00237722 0.0167592 
0.718735 0.0391082 0.0169302 0.182475 0.0281331 0.00202476 0.0125934 
0.724586 0.0629119 0.0182997 0.145849 0.0236928 0.0024572 0.0222031 
0.745576 0.0600334 0.0191423 0.135347 0.0200755 0.00276688 0.0170588 
0.813194 0.0588421 0.0210445 0.0621211 0.0181275 0.00287808 0.0237926 
0.786016 0.0712171 0.0188924 0.083619 0.019142 0.00227044 0.0188435 
0.776156 0.0624147 0.0163628 0.0844642 0.0385354 0.00305909 0.0190083 
0.800719 0.059044 0.0180839 0.0585613 0.0377768 0.00274121 0.0230737 
0.810217 0.0569443 0.0216892 0.0529091 0.0285702 0.00285074 0.0268192 
0.794192 0.0677611 0.0215039 0.0604332 0.0285137 0.00285969 0.0247362 
0.807588 0.061631 0.0183646 0.0635453 0.0264215 0.00317664 0.0192728 
0.810995 0.0543942 0.0186167 0.0802822 0.0172755 0.00276052 0.0156762 
0.747993 0.0840406 0.0208319 0.112424 0.0129958 0.00282697 0.0188879 
0.772671 0.0970789 0.0201103 0.0723621 0.0146981 0.00336535 0.0197143 
0.80289 0.0702368 0.0188058 0.074004 0.015655 0.00248167 0.0159264 
0.658484 0.0832177 0.0135688 0.18332 0.047181 0.00260921 0.0116187 
