0.697067 0.0401744 0.0209092 0.218195 0.0102911 0.00166408 0.0116988 
0.538279 0.0434764 0.024236 0.374002 0.00646447 0.00181872 0.0117229 
0.749219 0.0354822 0.0214843 0.153328 0.0223528 0.0025209 0.0156128 
0.590569 0.0378321 0.0191039 0.32286 0.0142138 0.00338761 0.0120328 
0.657284 0.0427855 0.0241495 0.246531 0.0105605 0.00213491 0.0165546 
0.667422 0.0438411 0.0297038 0.238894 0.00785292 7.97291E-4 0.0114882 
0.650117 0.0599492 0.0187624 0.245132 0.0150998 0.00133899 0.00960083 
0.648235 0.0630761 0.0159311 0.225168 0.0333298 0.00268725 0.0115733 
0.665664 0.0444676 0.0149169 0.224329 0.0385227 0.00238495 0.00971512 
0.607459 0.0450195 0.0155052 0.301727 0.018759 0.00329106 0.00823926 
0.707167 0.0371582 0.0217015 0.203296 0.0121928 0.00273698 0.0157477 
0.605121 0.0340163 0.0181184 0.303731 0.0257999 0.00318112 0.0100316 
0.730079 0.0390261 0.0167902 0.183155 0.0178045 0.00249134 0.0106531 
0.633547 0.0232671 0.0170113 0.248621 0.0650104 0.00131593 0.0112271 
0.848092 0.0400852 0.0423447 0.0418814 0.00822795 0.00123753 0.0181313 
0.885019 0.0360081 0.0340889 0.0123122 0.00538949 0.00572013 0.0214619 
0.742513 0.0371364 0.018196 0.160029 0.0279888 0.00262674 0.0115099 
0.838517 0.0266427 0.0328414 0.0767072 0.00610461 0.00220997 0.0169776 
0.684335 0.044686 0.017314 0.21763 0.024753 0.00232945 0.00895206 
0.841608 0.0134754 0.0574377 0.0615676 0.00373169 0.00149176 0.0206881 
0.358302 0.036824 0.0236269 0.56412 0.00521292 0.00171489 0.0102001 
0.834014 0.0333338 0.0307493 0.0766865 0.00563527 0.00200932 0.0175716 
0.638351 0.0341012 0.0340491 0.265871 0.00949679 0.00120104 0.0169303 
0.670942 0.0274584 0.0239684 0.235571 0.023428 0.00171148 0.0169204 
0.644921 0.0541979 0.0258441 0.24217 0.0147801 0.00198387 0.016103 
0.59248 0.0363235 0.0214626 0.31712 0.0198661 0.00125432 0.0114936 
0.570325 0.0407895 0.0195435 0.334781 0.0216203 0.00123394 0.0117069 
0.704225 0.0311581 0.0163476 0.197731 0.0389118 0.00176156 0.00986505 
0.62109 0.0435604 0.0144217 0.264425 0.0420624 0.00320161 0.0112388 
0.677873 0.0426951 0.0150081 0.219222 0.03364 0.00329828 0.00826317 
0.760158 0.0391418 0.021561 0.159393 0.00749866 0.00282573 0.00942213 
0.872497 0.0381307 0.0284082 0.0328757 0.00690797 0.00225647 0.0189236 
0.828859 0.0287827 0.0273092 0.0867053 0.00676694 0.00215611 0.0194206 
0.844491 0.0226108 0.0288941 0.0742578 0.0103841 0.00197057 0.0173915 
0.838753 0.0360739 0.0178359 0.0643586 0.029894 0.00325709 0.00982764 
0.764102 0.0296025 0.015263 0.141376 0.0377612 0.0030558 0.0088398 
0.858216 0.0325022 0.0163168 0.0519705 0.0263467 0.00424231 0.0104054 
0.841533 0.0476965 0.0181351 0.0654486 0.0137765 0.0034579 0.00995209 
0.834235 0.0348229 0.0220719 0.0831015 0.0138646 0.00231755 0.00958621 
0.880841 0.0328138 0.0225119 0.032785 0.0119161 0.00366565 0.0154669 
0.878649 0.0292345 0.0288303 0.0342553 0.00759824 0.0021625 0.0192704 
0.849633 0.0401794 0.0198259 0.061912 0.0141072 0.00398844 0.0103546 
0.831109 0.0311261 0.020567 0.0887467 0.0152832 0.00310236 0.0100654 
0.84461 0.0413233 0.0228313 0.0592473 0.0160526 0.00291409 0.0130216 
0.890212 0.0246864 0.0283357 0.024053 0.0102111 0.00357633 0.018925 
0.823128 0.0267408 0.03134 0.0853291 0.00713898 0.00302113 0.0233019 
0.828627 0.0327345 0.0250651 0.0838488 0.00916213 0.00269033 0.0178718 
0.844954 0.0312379 0.0247796 0.0649623 0.0125574 0.0029989 0.0185101 
0.814043 0.0369498 0.0238722 0.09272 0.0145144 0.00237948 0.0155216 
0.855288 0.0281326 0.0286988 0.0564999 0.00853491 0.00217865 0.0206674 
0.73955 0.028791 0.0210658 0.188145 0.0109901 0.00223053 0.00922731 
0.843627 0.0275212 0.0280669 0.0768708 0.00942248 0.00217919 0.0123125 
0.799364 0.0452013 0.0196387 0.105315 0.018786 0.00303735 0.00865777 
0.823192 0.0293905 0.0225341 0.0971342 0.0146267 0.00263105 0.0104919 
0.782861 0.0273675 0.0212471 0.14139 0.0139923 0.00297063 0.0101714 
0.751796 0.0441337 0.0163003 0.149326 0.0269508 0.0028532 0.00864044 
0.697799 0.0323015 0.0154365 0.20033 0.0424834 0.00246783 0.0091814 
0.82588 0.0323929 0.024714 0.0934562 0.00797041 0.00218731 0.0133994 
0.862127 0.0316659 0.0224429 0.0603591 0.00943805 0.00230335 0.0116636 
0.805598 0.0382062 0.0193107 0.107695 0.0146853 0.00222235 0.0122822 
0.828249 0.046397 0.0509002 0.0123714 0.00362427 0.00164221 0.0568158 
0.847589 0.0386293 0.0445334 0.0317819 0.0047842 0.00118763 0.031495 
0.850281 0.0448933 0.0449298 0.0124111 0.0040122 0.00184573 0.0416266 
0.830531 0.0558778 0.0407528 0.0294865 0.00888954 0.00176246 0.0326997 
0.815053 0.0622894 0.0474128 0.0325803 0.00517195 0.00184229 0.0356499 
0.839162 0.0603661 0.0396817 0.0168072 0.0048185 0.00219757 0.0369669 
0.828321 0.0644349 0.0408092 0.0231559 0.00345399 0.0024696 0.0373556 
0.84164 0.0758862 0.0311739 0.0166167 0.00704415 0.00275301 0.0248858 
0.77183 0.122219 0.0270078 0.0270439 0.0263034 0.00275703 0.0228386 
0.76431 0.12816 0.0237004 0.0266134 0.0352287 0.00377362 0.0182137 
0.769247 0.134796 0.0279789 0.0150365 0.0231565 0.00383563 0.0259493 
0.818236 0.0957502 0.036089 0.013021 0.010013 0.00274431 0.0241465 
0.753603 0.152358 0.0204987 0.0270921 0.0261668 0.00280603 0.0174756 
0.777349 0.11184 0.0250449 0.0433764 0.0243575 0.00204906 0.0159834 
0.764806 0.125708 0.0287869 0.0329113 0.0190003 0.00217358 0.0266138 
0.774216 0.115282 0.0319381 0.0379615 0.0120232 0.002248 0.0263309 
0.766374 0.129121 0.0342567 0.0260518 0.0140034 0.0024618 0.0277305 
0.813841 0.101736 0.036059 0.0170819 0.00654623 0.00272965 0.0220061 
0.812914 0.100428 0.0383449 0.0183368 0.00499334 0.00253824 0.022445 
0.828597 0.0761863 0.0380821 0.0260844 0.00936636 0.00223601 0.0194483 
0.812084 0.0929948 0.037558 0.0247053 0.00625086 0.00220085 0.0242064 
0.83293 0.0825341 0.0345424 0.0214116 0.00634565 0.00268359 0.0195523 
0.800922 0.0907465 0.034664 0.0287189 0.0142077 0.00226251 0.0284781 
0.813662 0.0996764 0.0358203 0.015607 0.00652466 0.00291266 0.0257972 
0.805626 0.0983384 0.0340498 0.028063 0.0113115 0.00242415 0.0201867 
0.778693 0.13078 0.027409 0.0208984 0.0179799 0.00232687 0.0219128 
0.813309 0.105743 0.0342742 0.0089763 0.00719953 0.00355555 0.0269415 
0.817152 0.0892202 0.0360097 0.0115678 0.00674849 0.002754 0.0365477 
0.796796 0.103802 0.0303705 0.0189495 0.019341 0.00205743 0.028683 
0.774594 0.148958 0.0295406 0.00839485 0.00929006 0.00338097 0.0258418 
0.805622 0.0967784 0.0402226 0.00710375 0.0058199 0.0024363 0.0420171 
0.793312 0.114522 0.0326355 0.0220841 0.00844682 0.00262013 0.0263787 
0.834523 0.0651004 0.0381298 0.0262673 0.00636068 0.00210327 0.0275159 
0.851232 0.0452806 0.0473307 0.0288615 0.00268477 0.00211076 0.0224997 
0.827839 0.078592 0.0405412 0.0256606 0.00507674 0.00209004 0.0202004 
0.798634 0.112811 0.0312384 0.0221676 0.00853163 0.0025712 0.0240457 
0.803048 0.100883 0.0349271 0.0249258 0.00999033 0.00264814 0.0235774 
0.773363 0.133548 0.0334715 0.0203531 0.00950366 0.00246527 0.0272946 
0.778577 0.128418 0.0393959 0.0148366 0.00875055 0.00251376 0.0275086 
0.836882 0.0817341 0.0340594 0.010179 0.00800979 0.0025514 0.0265845 
0.815233 0.0942514 0.0373709 0.0140753 0.00833839 0.00252284 0.0282086 
0.78164 0.128322 0.0383455 0.0130122 0.00533446 0.00347526 0.0298703 
0.850181 0.0548025 0.0497859 0.0107742 0.00236613 0.00302635 0.0290638 
0.830717 0.0662458 0.0408544 0.0320957 0.0060638 0.00192319 0.0221 
0.821422 0.0943849 0.028895 0.0210392 0.0125472 0.00223022 0.0194819 
0.81127 0.11108 0.0281418 0.0204855 0.00703193 0.00240767 0.0195838 
0.81299 0.0937406 0.023388 0.0385424 0.0168096 0.00244261 0.0120871 
0.822407 0.0656394 0.0376208 0.0386963 0.0125842 0.00191312 0.0211391 
0.829353 0.0892113 0.030025 0.0194646 0.0108823 0.00360943 0.0174547 
0.822976 0.101895 0.0271009 0.0151774 0.00995491 0.00303826 0.0198575 
0.789904 0.121192 0.0263485 0.018759 0.0190575 0.00346872 0.0212698 
0.781686 0.114432 0.0313246 0.0182276 0.0273688 0.00325658 0.0237037 
0.768159 0.0973203 0.0248623 0.028831 0.0553307 0.00350494 0.0219919 
0.775254 0.107497 0.024278 0.0245102 0.0429032 0.00317932 0.0223779 
0.799246 0.0932576 0.0357103 0.0234503 0.0180649 0.00274887 0.0275219 
0.861888 0.0554344 0.0383049 0.0117497 0.00743081 0.00252427 0.0226683 
0.858223 0.0646572 0.0341128 0.00856403 0.0109773 0.00433817 0.0191276 
0.837879 0.0867166 0.0359825 0.00573939 0.0065825 0.00358576 0.0235137 
0.787286 0.129756 0.0265093 0.00600165 0.0224468 0.0048005 0.0232003 
0.811414 0.104589 0.0292003 0.00787649 0.0206436 0.00455187 0.021725 
0.764115 0.0421068 0.0317246 0.126468 0.0200192 0.00131657 0.01425 
0.674024 0.0805944 0.0219209 0.181452 0.0241549 0.00210924 0.0157455 
0.656662 0.0681559 0.0196586 0.201035 0.0376457 0.00222762 0.014615 
0.639958 0.0577551 0.0168676 0.236151 0.0352538 0.00171873 0.0122955 
0.828512 0.0648834 0.0344292 0.0407359 0.00896688 0.00130745 0.0211653 
0.827805 0.0506358 0.0455554 0.0191564 0.00821074 0.0015985 0.0470382 
0.789202 0.102055 0.0273507 0.0251214 0.0319745 0.00219364 0.0221028 
0.742525 0.110814 0.0157128 0.08285 0.0316992 0.00266573 0.0137332 
0.744525 0.136518 0.0159532 0.0629199 0.0223624 0.00256345 0.0151578 
0.805187 0.0897746 0.0194666 0.0367064 0.0246535 0.00232416 0.0218877 
0.739336 0.0440978 0.0237223 0.145745 0.024453 0.0015156 0.0211304 
0.777643 0.0909747 0.0239677 0.0768529 0.0132537 0.00233092 0.0149771 
0.727184 0.101306 0.0168086 0.113683 0.0263323 0.0028736 0.0118135 
0.784318 0.0699989 0.0229556 0.06781 0.0321409 0.00282192 0.0199546 
0.823978 0.0857395 0.0235156 0.0266226 0.0156297 0.00351565 0.0209994 
0.804663 0.110619 0.0299565 0.0183834 0.00702213 0.00317775 0.0261778 
0.802619 0.0839528 0.0199365 0.0440355 0.0308157 0.00290375 0.0157372 
0.77809 0.108615 0.0198709 0.0451004 0.0288172 0.00264848 0.0168589 
0.802601 0.0878762 0.0279229 0.0485845 0.0117331 0.00204544 0.0192371 
0.758009 0.145571 0.0213332 0.034671 0.0144641 0.00384848 0.0221024 
0.427584 0.0418365 0.0115345 0.423384 0.0856699 0.00259713 0.00739332 
0.39516 0.0455254 0.0113082 0.447189 0.0915212 0.00186336 0.0074326 
0.363035 0.0352826 0.0146519 0.551874 0.0283746 0.0013102 0.0054711 
0.260353 0.0235495 0.0122606 0.638572 0.0575755 0.00138549 0.00630444 
0.13487 0.0103509 0.00805083 0.811645 0.0301269 8.42985E-4 0.00411342 
0.127203 0.00927143 0.00924703 0.817177 0.0314956 7.14218E-4 0.00489162 
0.138609 0.0113261 0.00784315 0.787409 0.0491276 0.00116113 0.00452404 
0.0677308 0.00537348 0.00603552 0.874142 0.042463 6.54336E-4 0.00360118 
0.165074 0.01369 0.00882164 0.765639 0.0409803 9.97984E-4 0.00479706 
0.490311 0.0237399 0.0157664 0.41054 0.0490583 0.00186506 0.00871929 
0.345797 0.0138997 0.0139208 0.569198 0.0490911 0.00131651 0.00677724 
0.406662 0.0249415 0.0145692 0.518701 0.0263102 0.0020404 0.00677543 
0.587084 0.0341163 0.0183386 0.273174 0.0750002 0.00227027 0.0100165 
0.28372 0.0301392 0.0107921 0.611434 0.0554245 0.00246175 0.00602869 
0.315655 0.014266 0.0126961 0.600402 0.049058 0.00168341 0.00623943 
0.149123 0.0142952 0.00814366 0.75763 0.0636649 0.00245945 0.00468329 
0.190334 0.0124206 0.00739632 0.748319 0.0371045 9.3997E-4 0.00348544 
0.139574 0.00852566 0.00659588 0.804785 0.0363947 0.00106057 0.00306388 
0.137894 0.00976942 0.00758453 0.804371 0.0354557 0.00119939 0.00372548 
0.249924 0.0179121 0.00982418 0.69334 0.0240375 0.00100431 0.00395884 
0.234425 0.0150641 0.0100356 0.6849 0.0498043 0.0013854 0.00438581 
0.137852 0.00892837 0.00656676 0.80494 0.0378159 0.00112389 0.00277371 
0.241929 0.0114416 0.0097194 0.696813 0.0350413 9.87492E-4 0.00406821 
0.244335 0.0116779 0.0101355 0.689503 0.0385875 0.00100399 0.00475655 
0.366245 0.0196042 0.0132965 0.546806 0.0464394 0.00169591 0.0059132 
0.345233 0.0232926 0.0144387 0.589638 0.0204295 0.0013292 0.00563933 
0.532364 0.021435 0.0301408 0.394558 0.0102477 0.00130712 0.00994776 
0.616027 0.0157537 0.0414652 0.297095 0.0117779 0.00117831 0.0167024 
0.405206 0.0115075 0.0214425 0.543656 0.0117616 8.38626E-4 0.00558784 
0.444931 0.0163348 0.0186976 0.484465 0.0257917 0.00132116 0.00845806 
0.40475 0.027217 0.013916 0.510559 0.0342393 0.00208591 0.00723225 
0.276191 0.0201664 0.0110944 0.642448 0.041338 0.00219207 0.00657048 
0.422888 0.0245181 0.0157351 0.491077 0.0347018 0.00211842 0.00896113 
0.427488 0.026556 0.018755 0.502927 0.0137256 0.00160351 0.00894495 
0.383072 0.0284467 0.0131024 0.519496 0.0469729 0.00191563 0.00699388 
0.391074 0.0120392 0.0153984 0.547325 0.0267792 0.00121274 0.00617114 
0.52574 0.0249822 0.017273 0.371961 0.0483549 0.00235278 0.00933674 
0.350074 0.00834396 0.0237652 0.592576 0.0162992 0.00112132 0.00782049 
0.544324 0.0129371 0.0257186 0.382456 0.0224807 0.00147087 0.0106131 
0.747572 0.0181058 0.029973 0.183917 0.00987349 0.00138053 0.00917851 
0.764115 0.0421068 0.0317246 0.126468 0.0200192 0.00131657 0.01425 
0.674024 0.0805944 0.0219209 0.181452 0.0241549 0.00210924 0.0157455 
0.656662 0.0681559 0.0196586 0.201035 0.0376457 0.00222762 0.014615 
0.639958 0.0577551 0.0168676 0.236151 0.0352538 0.00171873 0.0122955 
0.828512 0.0648834 0.0344292 0.0407359 0.00896688 0.00130745 0.0211653 
0.827805 0.0506358 0.0455554 0.0191564 0.00821074 0.0015985 0.0470382 
0.789202 0.102055 0.0273507 0.0251214 0.0319745 0.00219364 0.0221028 
0.742525 0.110814 0.0157128 0.08285 0.0316992 0.00266573 0.0137332 
0.744525 0.136518 0.0159532 0.0629199 0.0223624 0.00256345 0.0151578 
0.805187 0.0897746 0.0194666 0.0367064 0.0246535 0.00232416 0.0218877 
0.739336 0.0440978 0.0237223 0.145745 0.024453 0.0015156 0.0211304 
0.777643 0.0909747 0.0239677 0.0768529 0.0132537 0.00233092 0.0149771 
0.727184 0.101306 0.0168086 0.113683 0.0263323 0.0028736 0.0118135 
0.784318 0.0699989 0.0229556 0.06781 0.0321409 0.00282192 0.0199546 
0.823978 0.0857395 0.0235156 0.0266226 0.0156297 0.00351565 0.0209994 
0.804663 0.110619 0.0299565 0.0183834 0.00702213 0.00317775 0.0261778 
0.802619 0.0839528 0.0199365 0.0440355 0.0308157 0.00290375 0.0157372 
0.77809 0.108615 0.0198709 0.0451004 0.0288172 0.00264848 0.0168589 
0.802601 0.0878762 0.0279229 0.0485845 0.0117331 0.00204544 0.0192371 
0.758009 0.145571 0.0213332 0.034671 0.0144641 0.00384848 0.0221024 
0.427584 0.0418365 0.0115345 0.423384 0.0856699 0.00259713 0.00739332 
0.39516 0.0455254 0.0113082 0.447189 0.0915212 0.00186336 0.0074326 
0.363035 0.0352826 0.0146519 0.551874 0.0283746 0.0013102 0.0054711 
0.260353 0.0235495 0.0122606 0.638572 0.0575755 0.00138549 0.00630444 
0.13487 0.0103509 0.00805083 0.811645 0.0301269 8.42985E-4 0.00411342 
0.127203 0.00927143 0.00924703 0.817177 0.0314956 7.14218E-4 0.00489162 
0.138609 0.0113261 0.00784315 0.787409 0.0491276 0.00116113 0.00452404 
0.0677308 0.00537348 0.00603552 0.874142 0.042463 6.54336E-4 0.00360118 
0.165074 0.01369 0.00882164 0.765639 0.0409803 9.97984E-4 0.00479706 
0.490311 0.0237399 0.0157664 0.41054 0.0490583 0.00186506 0.00871929 
0.345797 0.0138997 0.0139208 0.569198 0.0490911 0.00131651 0.00677724 
0.406662 0.0249415 0.0145692 0.518701 0.0263102 0.0020404 0.00677543 
0.587084 0.0341163 0.0183386 0.273174 0.0750002 0.00227027 0.0100165 
0.28372 0.0301392 0.0107921 0.611434 0.0554245 0.00246175 0.00602869 
0.315655 0.014266 0.0126961 0.600402 0.049058 0.00168341 0.00623943 
0.149123 0.0142952 0.00814366 0.75763 0.0636649 0.00245945 0.00468329 
0.190334 0.0124206 0.00739632 0.748319 0.0371045 9.3997E-4 0.00348544 
0.139574 0.00852566 0.00659588 0.804785 0.0363947 0.00106057 0.00306388 
0.137894 0.00976942 0.00758453 0.804371 0.0354557 0.00119939 0.00372548 
0.249924 0.0179121 0.00982418 0.69334 0.0240375 0.00100431 0.00395884 
0.234425 0.0150641 0.0100356 0.6849 0.0498043 0.0013854 0.00438581 
0.137852 0.00892837 0.00656676 0.80494 0.0378159 0.00112389 0.00277371 
0.241929 0.0114416 0.0097194 0.696813 0.0350413 9.87492E-4 0.00406821 
0.244335 0.0116779 0.0101355 0.689503 0.0385875 0.00100399 0.00475655 
0.366245 0.0196042 0.0132965 0.546806 0.0464394 0.00169591 0.0059132 
0.345233 0.0232926 0.0144387 0.589638 0.0204295 0.0013292 0.00563933 
0.532364 0.021435 0.0301408 0.394558 0.0102477 0.00130712 0.00994776 
0.616027 0.0157537 0.0414652 0.297095 0.0117779 0.00117831 0.0167024 
0.405206 0.0115075 0.0214425 0.543656 0.0117616 8.38626E-4 0.00558784 
0.444931 0.0163348 0.0186976 0.484465 0.0257917 0.00132116 0.00845806 
0.40475 0.027217 0.013916 0.510559 0.0342393 0.00208591 0.00723225 
0.276191 0.0201664 0.0110944 0.642448 0.041338 0.00219207 0.00657048 
0.422888 0.0245181 0.0157351 0.491077 0.0347018 0.00211842 0.00896113 
0.427488 0.026556 0.018755 0.502927 0.0137256 0.00160351 0.00894495 
0.383072 0.0284467 0.0131024 0.519496 0.0469729 0.00191563 0.00699388 
0.391074 0.0120392 0.0153984 0.547325 0.0267792 0.00121274 0.00617114 
0.52574 0.0249822 0.017273 0.371961 0.0483549 0.00235278 0.00933674 
0.350074 0.00834396 0.0237652 0.592576 0.0162992 0.00112132 0.00782049 
0.544324 0.0129371 0.0257186 0.382456 0.0224807 0.00147087 0.0106131 
0.747572 0.0181058 0.029973 0.183917 0.00987349 0.00138053 0.00917851 
0.8247 0.0517123 0.0202787 0.0760764 0.0111802 0.00275332 0.0132987 
0.813453 0.0505736 0.0223303 0.0872033 0.00906072 0.00252279 0.0148566 
0.80241 0.0625565 0.0229265 0.0798563 0.00800834 0.00346422 0.0207782 
0.811783 0.0347148 0.0215023 0.102321 0.0104895 0.00250377 0.016686 
0.796004 0.0856293 0.0197987 0.0617843 0.0129938 0.00244537 0.0213447 
0.767264 0.106342 0.0187804 0.0741053 0.0125836 0.00298973 0.0179346 
0.774442 0.0790266 0.0167205 0.0830673 0.0298392 0.00279737 0.0141074 
0.735534 0.0836508 0.016317 0.12688 0.0212798 0.00261743 0.0137204 
0.769526 0.069875 0.0194923 0.102282 0.0214005 0.00247281 0.0149516 
0.790818 0.0741473 0.0213588 0.0822374 0.00909088 0.00269058 0.0196568 
0.789819 0.0746004 0.0197001 0.0651331 0.0271242 0.00298663 0.0206361 
0.841217 0.0486907 0.0221115 0.0544978 0.0112888 0.00288387 0.0193106 
0.757325 0.0626744 0.0169366 0.133749 0.0141131 0.00258007 0.0126215 
0.770591 0.0679753 0.0161944 0.093444 0.0267721 0.00276016 0.0222626 
0.804958 0.0644698 0.0237257 0.0406539 0.0175826 0.00298884 0.045621 
0.773847 0.0754546 0.0190003 0.0802314 0.0160448 0.00239342 0.0330287 
0.808803 0.047334 0.0200447 0.0650419 0.0258315 0.00376672 0.0291784 
0.727207 0.0957838 0.0140581 0.0857743 0.0573045 0.00394666 0.0159253 
0.782886 0.103836 0.0181985 0.0387586 0.0270665 0.00448617 0.0247688 
0.768806 0.0628694 0.0196226 0.117856 0.0159269 0.00215028 0.0127693 
0.784414 0.0454645 0.0235999 0.114718 0.0154108 0.00191161 0.0144813 
0.789207 0.0563888 0.0202499 0.0962508 0.0209317 0.00219392 0.0147783 
0.848909 0.0424348 0.0214627 0.0492781 0.0173887 0.00243765 0.0180889 
0.725155 0.0540691 0.0180299 0.154652 0.0314023 0.00289935 0.0137923 
0.799527 0.0558024 0.0210921 0.0828956 0.0188526 0.00382658 0.0180034 
0.771045 0.0458481 0.0174781 0.105777 0.0426553 0.00299319 0.0142031 
0.750769 0.0361358 0.0237047 0.146775 0.0183966 0.00170567 0.0225129 
0.630717 0.0367143 0.0262867 0.259867 0.0185065 0.00162579 0.0262827 
0.788481 0.0638028 0.0246251 0.0738041 0.0164824 0.00242878 0.0303755 
0.736664 0.0393392 0.0309401 0.143438 0.0141922 0.00194538 0.0334811 
0.815944 0.0479007 0.022787 0.0662807 0.0207964 0.00203765 0.0242539 
0.80623 0.0826774 0.0232765 0.0532671 0.0129608 0.00304884 0.0185389 
0.815547 0.0497722 0.0236788 0.074923 0.0163726 0.00203777 0.0176683 
0.836695 0.0718997 0.0287263 0.0300553 0.00865473 0.00277595 0.0211934 
0.846685 0.0456651 0.032471 0.0453369 0.00657898 0.00208014 0.0211829 
0.765988 0.0453511 0.0248827 0.110404 0.0258821 0.0023651 0.0251266 
0.813269 0.061356 0.022804 0.0601603 0.023452 0.002634 0.0163242 
0.828179 0.0555308 0.027258 0.0296823 0.0262029 0.0039451 0.0292018 
0.83111 0.0399259 0.0230453 0.0502534 0.0319046 0.00309071 0.0206696 
0.779875 0.0648918 0.0202218 0.0597196 0.0515786 0.00387885 0.0198344 
0.789837 0.0428118 0.0210342 0.0929489 0.0331696 0.00330644 0.016892 
0.847408 0.038018 0.0264865 0.0462612 0.0239297 0.00297356 0.0149228 
0.784926 0.0557109 0.0225804 0.0923105 0.0281559 0.00277545 0.0135414 
0.795682 0.0372077 0.0221055 0.0924 0.0353241 0.0027623 0.0145187 
0.821609 0.0354244 0.0209676 0.0570923 0.045034 0.00318555 0.0166875 
0.842143 0.027302 0.0307193 0.0546798 0.01772 0.0022374 0.0251984 
0.812864 0.0366727 0.0256247 0.0597045 0.0441834 0.00322632 0.0177242 
0.789609 0.049974 0.024199 0.0810909 0.033514 0.0026507 0.0189624 
0.752687 0.0483788 0.0194247 0.123335 0.0407568 0.00237267 0.0130454 
0.783009 0.0542839 0.0253537 0.0955942 0.0265914 0.00245304 0.0127143 
0.806666 0.0290539 0.0253385 0.101843 0.0237006 0.00166738 0.0117306 
0.820803 0.0397788 0.0299441 0.0767556 0.0171368 0.00219794 0.013384 
0.831189 0.0338685 0.0329515 0.0769434 0.0113623 0.0019505 0.0117351 
0.803834 0.0321109 0.0243134 0.0981474 0.0279018 0.00211716 0.0115755 
0.707417 0.0211659 0.0286215 0.201379 0.0268807 0.00217987 0.0123557 
0.776069 0.0379023 0.0261331 0.124821 0.021113 0.00229094 0.0116707 
0.744953 0.0408965 0.0341955 0.15063 0.0139629 0.00182717 0.0135355 
0.8003 0.0360846 0.0305252 0.0994104 0.0183768 0.00231208 0.0129911 
0.849111 0.0332536 0.0348496 0.0502826 0.0101673 0.00234719 0.0199882 
0.839286 0.0400879 0.0339216 0.0455835 0.0144237 0.00336562 0.0233318 
0.821708 0.0357305 0.0356312 0.0700127 0.0108548 0.00247512 0.0235875 
0.823286 0.0411243 0.032843 0.0596671 0.0135496 0.00256686 0.0269634 
0.803836 0.049319 0.0277077 0.0740977 0.0195305 0.00293989 0.0225693 
0.800473 0.0586024 0.022051 0.0713384 0.0266387 0.00366155 0.0172351 
0.80113 0.0879356 0.0211718 0.0553572 0.0165579 0.00336136 0.0144866 
0.838204 0.0587363 0.0211298 0.0358933 0.0253899 0.00417411 0.0164729 
0.834927 0.0442352 0.0257424 0.0620425 0.0151661 0.00263766 0.0152489 
0.85051 0.0415565 0.0259745 0.0456496 0.0157106 0.00318308 0.0174153 
0.73442 0.030133 0.0345683 0.169701 0.0103379 0.00216301 0.0186771 
0.808413 0.0423053 0.0300416 0.0782163 0.0181122 0.00298114 0.0199303 
0.846939 0.0349519 0.0307312 0.0545996 0.00679374 0.00275464 0.0232299 
0.840816 0.0479771 0.037316 0.0184329 0.0090945 0.00265707 0.0437064 
0.855061 0.0457209 0.0301825 0.0292912 0.0156812 0.00246062 0.0216028 
0.850028 0.0314668 0.027582 0.0559591 0.0138325 0.00190536 0.0192264 
0.843188 0.0318924 0.0271409 0.0496939 0.0238625 0.00248506 0.0217377 
0.780874 0.0672207 0.0163753 0.0694979 0.0462761 0.00360598 0.0161496 
0.780022 0.0366254 0.0240704 0.106854 0.0313435 0.00277085 0.0183143 
0.768936 0.0447971 0.0191203 0.110984 0.0371582 0.00270078 0.0163041 
0.760127 0.055571 0.020016 0.116458 0.0311908 0.00253517 0.0141017 
0.805461 0.0590898 0.0246737 0.0559948 0.02352 0.00448775 0.0267732 
0.813612 0.0289844 0.0287161 0.0768743 0.0271911 0.00219117 0.0224312 
0.835368 0.0314379 0.0247599 0.0656483 0.02295 0.00269047 0.0171458 
0.84888 0.0335766 0.0274763 0.0490191 0.0170387 0.00373192 0.0202772 
0.783317 0.0308091 0.0259482 0.10779 0.0332086 0.00225391 0.0166731 
0.785713 0.0389726 0.0320878 0.0947722 0.0259048 0.00219493 0.0203545 
0.772078 0.0295581 0.024407 0.124997 0.0326076 0.00174789 0.0146039 
0.838222 0.0286979 0.0316027 0.0634318 0.0157896 0.00175633 0.0204996 
0.807661 0.0471743 0.0243804 0.0812299 0.0215976 0.00273542 0.0152218 
0.694933 0.0604207 0.020219 0.178063 0.0300443 0.00317856 0.013142 
0.792266 0.0594831 0.0187493 0.0869905 0.0233716 0.00316558 0.0159738 
0.695725 0.0613901 0.0170448 0.163043 0.0447525 0.00335233 0.0146922 
0.804929 0.0756068 0.0236257 0.0535927 0.0145038 0.00286483 0.0248769 
0.776302 0.0585989 0.0163814 0.11158 0.0220453 0.00287459 0.0122179 
0.745679 0.092193 0.0174936 0.0829359 0.0416309 0.00330581 0.0167622 
0.811047 0.0396772 0.0218349 0.0765725 0.0307044 0.00266241 0.0175017 
0.773646 0.0416386 0.0214944 0.0975432 0.0451405 0.00294221 0.0175951 
0.774639 0.0421683 0.0235094 0.10875 0.0334227 0.00221688 0.0152943 
0.786475 0.0678555 0.0238985 0.0479616 0.047095 0.00345062 0.023264 
0.766992 0.0566536 0.0230407 0.103559 0.0325288 0.00284333 0.0143829 
0.767108 0.0717315 0.0199554 0.0818655 0.0403974 0.00326772 0.0156743 
0.683903 0.107892 0.0160337 0.104274 0.0680234 0.00379788 0.0160753 
0.705705 0.118454 0.016271 0.0962539 0.0427233 0.00337664 0.0172159 
0.668739 0.100162 0.0147662 0.136252 0.0650605 0.00309881 0.011922 
0.715123 0.0739725 0.0180954 0.132407 0.0410941 0.00279468 0.0165138 
0.77869 0.0519143 0.0248325 0.101636 0.0197754 0.00221981 0.0209321 
0.803548 0.0374064 0.0603833 0.0415975 0.0332837 0.00264086 0.0211402 
0.809373 0.0273957 0.0597782 0.0587708 0.0187345 0.00355404 0.0223935 
0.774333 0.0326148 0.0508978 0.085359 0.0354267 0.00288134 0.0184879 
0.790838 0.031515 0.0604896 0.0472597 0.0451867 0.00253831 0.0221726 
0.747862 0.0312973 0.0611521 0.0827808 0.0553534 0.00200538 0.0195495 
0.782754 0.0310962 0.135078 0.00349473 0.00744851 0.00370613 0.0364222 
0.779349 0.0249231 0.131283 0.00899714 0.00882111 0.00367784 0.0429484 
0.811201 0.0376646 0.0767154 0.0271559 0.0214928 0.00347041 0.0222999 
0.725702 0.0205793 0.122432 0.071141 0.0344133 0.00552592 0.0202067 
0.728896 0.0437367 0.0886718 0.0505829 0.0620955 0.00633356 0.0196834 
0.3492 0.447752 0.0752003 0.0103091 0.0714021 0.0355867 0.0105498 
0.721036 0.0581612 0.136153 0.0174637 0.0209874 0.0293316 0.0168663 
0.768516 0.0469611 0.0901318 0.0518941 0.0154148 0.00373631 0.0233461 
0.812764 0.0479138 0.0477499 0.0454916 0.0245653 0.00355567 0.0179592 
0.826031 0.019502 0.108388 0.00906069 0.00780248 0.00165635 0.0275596 
0.833267 0.0258551 0.0664094 0.0344007 0.0156003 0.00280412 0.0216638 
0.822598 0.0291964 0.0795313 0.0286592 0.0129912 0.00268379 0.0243404 
0.786033 0.0139537 0.136561 0.0189941 0.00599469 0.00152414 0.0369395 
0.821374 0.0140115 0.110498 0.0180472 0.00457954 0.0021701 0.0293204 
0.788455 0.0114949 0.108747 0.0441808 0.0160447 0.00304858 0.028029 
0.817978 0.0139753 0.0909983 0.0323912 0.0138267 0.00242705 0.0284036 
0.784717 0.012654 0.108715 0.0420824 0.0179226 0.00244167 0.0314673 
0.785892 0.0107647 0.120522 0.0362389 0.0112696 0.00170628 0.0336065 
0.75235 0.0184258 0.0567105 0.135323 0.0212164 0.00230548 0.0136685 
0.744016 0.00973037 0.0933029 0.113253 0.0108887 0.00265254 0.026157 
0.766259 0.0108351 0.0787312 0.102669 0.00816831 0.00182314 0.0315143 
0.824059 0.0121666 0.070731 0.0519032 0.00681026 0.00281373 0.0315158 
0.821238 0.0107413 0.0853725 0.0388339 0.00415796 0.00254475 0.0371112 
0.784475 0.0116269 0.0755471 0.0961601 0.00584886 0.00252923 0.0238126 
0.707566 0.0152041 0.0640707 0.188963 0.00362178 0.00279417 0.0177802 
0.858263 0.0161787 0.0497479 0.0458316 0.00272964 0.00342804 0.0238209 
0.867725 0.0232568 0.0401512 0.0364972 0.00214288 0.00526099 0.0249662 
0.887748 0.0224605 0.0270367 0.0315548 0.00319549 0.00671271 0.0212916 
0.875413 0.0338846 0.0250191 0.0280447 0.00288571 0.00949674 0.0252562 
0.852753 0.0434406 0.0266091 0.0426147 0.00301177 0.00635004 0.0252212 
0.850701 0.0453379 0.0326655 0.0284231 0.00162902 0.0104054 0.0308385 
0.843607 0.0388699 0.0312163 0.0411988 0.00164079 0.0106991 0.0327681 
0.798541 0.0568782 0.0361669 0.0745447 0.00182043 0.00686845 0.0251801 
0.848075 0.0321699 0.0447429 0.0275236 0.00144631 0.00333458 0.0427075 
0.856421 0.0472908 0.0386978 0.03232 0.00189868 0.00309528 0.0202765 
0.877389 0.0314789 0.0320308 0.0199602 0.00202455 0.00508139 0.0320346 
0.837667 0.0622668 0.0300407 0.0203296 0.00458863 0.00945042 0.0356573 
0.801266 0.110377 0.0212935 0.0253616 0.0107498 0.00810684 0.0228456 
0.838899 0.051846 0.0231784 0.053351 0.0111992 0.00669836 0.0148278 
0.850344 0.0678499 0.0232223 0.0289936 0.0114148 0.00479674 0.0133791 
0.852671 0.0425885 0.0311916 0.0478956 0.00757561 0.00458101 0.0134968 
0.837099 0.0277275 0.0353133 0.0704426 0.00687087 0.00364444 0.0189024 
0.792068 0.0332247 0.0308369 0.109898 0.0138339 0.00347068 0.016668 
0.809251 0.0678359 0.0211338 0.0584945 0.0265386 0.00435289 0.0123937 
0.846566 0.0591835 0.0298385 0.0364805 0.00502905 0.00517902 0.017724 
0.786349 0.116806 0.0221144 0.0381677 0.0154638 0.00509061 0.0160087 
0.684285 0.234071 0.0177586 0.0332461 0.0117453 0.00505238 0.0138415 
0.741748 0.172341 0.0218404 0.0293025 0.0138508 0.00431863 0.0165985 
0.692599 0.201914 0.0174654 0.0512186 0.0182185 0.0054915 0.0130927 
0.794936 0.122028 0.0284274 0.0239067 0.0075946 0.0071202 0.0159872 
0.780283 0.124193 0.0288419 0.0313389 0.00763159 0.00834807 0.0193632 
0.815203 0.0901227 0.0240319 0.04222 0.00772301 0.00711048 0.0135887 
0.822792 0.0845531 0.0319869 0.0280992 0.00720933 0.00619941 0.0191598 
0.790233 0.116977 0.0333084 0.00964188 0.00522507 0.0184401 0.0261737 
0.794131 0.12284 0.0272343 0.0145214 0.00766361 0.0113659 0.0222432 
0.787544 0.131511 0.0298035 0.0103168 0.00662771 0.0106754 0.0235223 
0.692019 0.22896 0.022738 0.0113086 0.00723112 0.0145913 0.0231518 
0.713028 0.195201 0.021849 0.0132579 0.0133464 0.0144254 0.0288926 
0.628302 0.262466 0.0155574 0.027108 0.0350994 0.0126441 0.0188224 
0.7192 0.190741 0.0254342 0.00938121 0.015396 0.0134596 0.0263885 
0.692672 0.217027 0.0192717 0.013616 0.0272523 0.0123924 0.0177685 
0.683078 0.227181 0.0165363 0.013951 0.0311433 0.0128247 0.0152857 
0.745315 0.160653 0.024565 0.0179661 0.0213239 0.0107596 0.0194173 
0.704003 0.203758 0.0188804 0.0201812 0.0301449 0.00979067 0.013242 
0.635827 0.273483 0.0169936 0.0181641 0.0243087 0.0173007 0.0139232 
0.694862 0.208841 0.0187631 0.0295775 0.0239418 0.0118114 0.0122035 
0.572318 0.333777 0.0179941 0.0155394 0.0299252 0.01302 0.0174259 
0.438299 0.472937 0.0188685 0.0039074 0.0149758 0.0262009 0.0248111 
0.419414 0.491531 0.0149033 0.00805697 0.0117364 0.0446409 0.00971729 
0.294568 0.616824 0.0110228 0.0112565 0.0160854 0.0448305 0.00541303 
0.556282 0.273139 0.0226217 0.0378584 0.00746663 0.0939793 0.00865354 
0.33006 0.310371 0.0221669 0.153773 0.00831085 0.162637 0.0126821 
0.340597 0.493328 0.0183153 0.100946 0.00144696 0.0390645 0.0063031 
0.13406 0.75104 0.00259868 0.0949676 0.00451632 0.0109718 0.00184574 
0.0399069 0.807468 0.00116288 0.131604 0.01363 0.00541242 8.15095E-4 
0.0322381 0.873577 8.6181E-4 0.0862057 0.00341449 0.00303578 6.67623E-4 
0.0476163 0.927165 6.8086E-4 0.0122054 0.00119078 0.0103682 7.73378E-4 
0.0744604 0.909515 9.51696E-4 0.00394857 0.00334012 0.00583448 0.00194972 
0.137049 0.830176 0.00334347 0.00584093 0.0061393 0.0130383 0.00441356 
0.238066 0.652843 0.00622244 0.0563593 0.0235235 0.0201869 0.00279904 
0.14141 0.307838 0.00936254 0.314331 0.186943 0.0343594 0.00575538 
0.0276414 0.0337408 0.00633703 0.892136 0.0155922 0.0225181 0.00203395 
0.202683 0.272292 0.012577 0.460006 0.0200271 0.0278335 0.004582 
0.465985 0.29117 0.0152058 0.167112 0.0234962 0.0319637 0.0050677 
0.289865 0.404804 0.00723227 0.247731 0.0290063 0.0173263 0.00403465 
0.204831 0.735849 0.00268987 0.031595 0.00705164 0.0155514 0.00243195 
0.240863 0.698314 0.0036871 0.0261513 0.00522987 0.0223516 0.00340299 
0.290051 0.63783 0.00380371 0.0360609 0.00552951 0.0232155 0.00350952 
0.205135 0.754251 0.00241091 0.0112403 0.00611801 0.0170101 0.00383464 
0.181693 0.781509 0.00212502 0.0126808 0.00572293 0.013224 0.00304549 
0.142382 0.828888 0.00155111 0.00543033 0.00720068 0.0117489 0.00279879 
0.211759 0.73746 0.00233915 0.0122226 0.019345 0.0126143 0.0042594 
0.188037 0.77235 0.00295091 0.0131061 0.00793603 0.0123987 0.00322049 
0.243696 0.710589 0.00382738 0.0100037 0.00804991 0.0198674 0.00396626 
0.293943 0.654347 0.00708534 0.0181499 0.00506481 0.0162559 0.00515323 
0.386011 0.551549 0.0129196 0.0236024 0.00373485 0.0168503 0.00533315 
0.47596 0.44235 0.0196799 0.0288866 0.00313035 0.0226866 0.00730663 
0.414285 0.511775 0.0157324 0.0251034 0.00314931 0.0229512 0.00700381 
0.410673 0.506986 0.0080016 0.0514298 0.00907473 0.0090756 0.00475957 
0.287579 0.64262 0.00574205 0.0428802 0.00624123 0.0114112 0.00352626 
0.36434 0.566204 0.00856751 0.0331827 0.00558581 0.0155934 0.006527 
0.276195 0.667674 0.00478748 0.0270901 0.00669865 0.0116186 0.00593591 
0.335959 0.587108 0.00707168 0.0402339 0.00791486 0.0126113 0.00910078 
0.234909 0.714531 0.00544385 0.0202404 0.00378961 0.0143139 0.00677211 
0.287452 0.62164 0.0066221 0.0578661 0.00388824 0.0175647 0.00496667 
0.263024 0.680519 0.00513062 0.0284173 0.00376905 0.0143153 0.00482474 
0.239082 0.701309 0.00356775 0.0389081 0.00502997 0.00900037 0.00310293 
0.205303 0.704937 0.00389964 0.0707579 0.00500736 0.00692886 0.00316591 
0.155917 0.779949 0.00246658 0.0460387 0.00739673 0.00550034 0.00273172 
0.149099 0.771671 0.00211893 0.0544515 0.0148737 0.00490212 0.00288404 
0.212399 0.721365 0.00315532 0.040647 0.00791688 0.0107078 0.00380848 
0.205612 0.745469 0.00213617 0.0219435 0.0105697 0.0109807 0.00328894 
0.242195 0.712623 0.00366153 0.0204628 0.00533916 0.0112686 0.00445059 
0.190462 0.76685 0.00249926 0.0210319 0.00742564 0.00807075 0.00366095 
0.27005 0.636377 0.00339079 0.0688547 0.00968637 0.0084873 0.00315301 
0.268818 0.657961 0.00332225 0.0466596 0.0113712 0.00826723 0.00360052 
0.32106 0.6015 0.00367111 0.0507302 0.0115426 0.00718081 0.00431472 
0.162176 0.779792 0.00190075 0.0352704 0.0125717 0.00474383 0.00354539 
0.193829 0.705412 0.00327608 0.0796698 0.00847852 0.00499055 0.00434375 
0.31528 0.581291 0.00552161 0.0842127 0.00524154 0.00422526 0.00422847 
0.200338 0.723511 0.00460712 0.058931 0.00319406 0.00580447 0.00361444 
0.355565 0.446099 0.00914112 0.174009 0.00521578 0.00544717 0.00452344 
0.373103 0.481586 0.0118548 0.120817 0.00318074 0.00443781 0.00502156 
0.320704 0.515731 0.00729098 0.142158 0.00768947 0.00279935 0.00362788 
0.299438 0.612317 0.00512804 0.0608104 0.0100541 0.00787129 0.00438125 
0.285931 0.573841 0.00504884 0.11329 0.0136943 0.00395538 0.00424007 
0.376413 0.507108 0.00762853 0.0912787 0.00688588 0.00483118 0.00585452 
0.62601 0.242032 0.0168786 0.0945443 0.0061427 0.00562145 0.00877064 
0.672716 0.218329 0.0193749 0.0651305 0.00698813 0.00630005 0.0111617 
0.652204 0.233895 0.0289835 0.0603045 0.00250952 0.0132865 0.00881674 
0.484778 0.410237 0.0129955 0.0706747 0.00549684 0.00709736 0.00872074 
0.433421 0.494855 0.00894 0.0387934 0.00863595 0.00715906 0.00819584 
0.388781 0.524492 0.00681809 0.0534738 0.0122386 0.007551 0.00664516 
0.286279 0.629434 0.00429038 0.0510943 0.0153064 0.00811467 0.00548134 
0.321378 0.626723 0.00500198 0.02274 0.00999498 0.00841987 0.00574248 
0.51338 0.428204 0.0125399 0.0256303 0.00356572 0.00973833 0.00694136 
0.597293 0.342186 0.0128328 0.0280364 0.00506567 0.00754764 0.00703835 
0.653116 0.261422 0.0258342 0.0290426 0.00283397 0.0128023 0.0149497 
0.659634 0.259036 0.0240627 0.0310079 0.00288332 0.010001 0.0133753 
0.583045 0.346892 0.0150096 0.0296679 0.00430092 0.00988956 0.0111945 
0.553748 0.363374 0.0168193 0.0449463 0.00364968 0.00675864 0.0107041 
0.588619 0.331188 0.0133442 0.0430286 0.00646349 0.008377 0.00897985 
0.531845 0.393384 0.0121025 0.0327924 0.00588991 0.0106662 0.01332 
0.533009 0.384493 0.0136749 0.0445367 0.00427558 0.0101688 0.00984239 
0.457352 0.469829 0.00978141 0.0407648 0.00495721 0.00716009 0.0101554 
0.407158 0.491266 0.00785619 0.0743726 0.00682845 0.00589509 0.00662329 
0.544211 0.307795 0.0137249 0.11488 0.00607919 0.00466148 0.00864783 
0.588241 0.306277 0.0146379 0.06762 0.00668922 0.00638499 0.0101498 
0.291952 0.619906 0.00356963 0.0524513 0.0187976 0.00939132 0.00393165 
0.315921 0.489108 0.00296347 0.0798874 0.101042 0.0065418 0.00453684 
0.461367 0.426076 0.00796463 0.066046 0.019095 0.00963499 0.00981673 
0.435591 0.483916 0.0080321 0.0376934 0.0155674 0.00831505 0.0108858 
0.386388 0.456812 0.00581281 0.0853593 0.0480836 0.00599968 0.0115448 
0.519916 0.337455 0.0074886 0.073231 0.0454518 0.00550113 0.0109569 
0.487453 0.313105 0.00778092 0.136398 0.0458039 0.00359788 0.00586022 
0.548035 0.280013 0.00845304 0.0932189 0.0564713 0.0075251 0.00628334 
0.477649 0.395041 0.00853697 0.0783373 0.0209592 0.0125029 0.00697357 
0.472448 0.391457 0.0077554 0.0764122 0.0383071 0.00564953 0.00797078 
0.582754 0.294009 0.00810799 0.0618602 0.0372529 0.00908139 0.00693378 
0.544158 0.26777 0.0109234 0.122941 0.0324412 0.0142651 0.0075015 
0.450786 0.359463 0.00922828 0.143538 0.0230172 0.00763434 0.00633261 
0.44873 0.439972 0.00747482 0.0729824 0.0150931 0.00905989 0.00668821 
0.483389 0.429951 0.0101512 0.0504923 0.0116319 0.00709306 0.00729138 
0.428045 0.444396 0.0105517 0.0959915 0.0103918 0.00434831 0.0062761 
0.548534 0.317918 0.0163884 0.0936143 0.00974689 0.00483371 0.00896521 
0.428336 0.375699 0.0129987 0.157459 0.0141629 0.00398199 0.00736253 
0.455222 0.385077 0.0144256 0.120139 0.0114818 0.00507454 0.00857937 
0.413053 0.487387 0.0115903 0.0615864 0.0107781 0.00576928 0.00983684 
0.533307 0.374676 0.0150408 0.0440449 0.0107739 0.00928435 0.0128731 
0.500201 0.394183 0.0109753 0.0573776 0.0201128 0.00733741 0.00981276 
0.548774 0.345704 0.0133857 0.0479011 0.0230662 0.00850303 0.0126666 
0.5387 0.28787 0.0120818 0.124957 0.0223557 0.00525376 0.00878196 
0.587482 0.254193 0.0148214 0.112976 0.0171335 0.00504522 0.00834885 
0.563958 0.361773 0.0124714 0.0269776 0.015067 0.00658022 0.0131725 
0.703808 0.196508 0.020623 0.0385245 0.0169581 0.00580939 0.0177689 
0.683961 0.205056 0.0188108 0.0470254 0.0186604 0.00596564 0.0205204 
0.728476 0.173675 0.0277158 0.0235368 0.0150539 0.00760907 0.0239335 
0.551149 0.348688 0.0163737 0.0293748 0.0166269 0.00936849 0.0284185 
0.632716 0.277201 0.0224773 0.0166773 0.00857466 0.0113018 0.0310512 
0.559695 0.349145 0.0133157 0.015313 0.0163882 0.0216593 0.024484 
0.498231 0.4199 0.00973071 0.0249253 0.0228349 0.0112323 0.0131455 
0.662222 0.244918 0.0286287 0.00466248 0.00423746 0.0160635 0.0392672 
0.736762 0.181493 0.0284864 0.0100084 0.00510834 0.0123979 0.025744 
0.588467 0.348541 0.0152683 0.0153406 0.00746557 0.0105338 0.0143846 
0.681846 0.242414 0.0222053 0.0159486 0.00896462 0.00918593 0.0194351 
0.702061 0.213013 0.0229398 0.0355763 0.00460063 0.00830832 0.0135006 
0.506149 0.406148 0.0125288 0.0460038 0.00968963 0.00941484 0.010066 
0.528962 0.380508 0.0140445 0.031552 0.0182864 0.0116215 0.0150256 
0.557915 0.339304 0.0132276 0.0266582 0.0354961 0.01007 0.017329 
0.327973 0.0272225 0.177033 0.394575 0.00816245 0.00890541 0.0561284 
0.322319 0.0174137 0.0894725 0.45882 0.00229772 0.00250872 0.107168 
0.182223 0.0127871 0.0569334 0.669522 0.00113486 0.00139221 0.0760073 
0.227717 0.0119726 0.0604118 0.646079 0.00109279 0.00119947 0.0515279 
0.272249 0.0370824 0.183608 0.429682 0.00822653 0.0113418 0.0578107 
0.294703 0.0316783 0.0666196 0.585275 0.00119868 0.00190847 0.0186166 
0.121656 0.023142 0.0727976 0.747825 0.00135518 0.00231275 0.0309115 
0.0757628 0.0183566 0.0847021 0.803121 0.00163331 0.0022382 0.0141863 
0.0917288 0.0242316 0.155427 0.701687 0.00441219 0.00567032 0.0168432 
0.111236 0.0355141 0.214663 0.600325 0.00732972 0.00943101 0.0215006 
0.111275 0.0352257 0.234526 0.582502 0.00774623 0.0095325 0.0191923 
0.119711 0.0364401 0.17175 0.643441 0.00551692 0.00720415 0.015937 
0.180922 0.0553714 0.285795 0.407048 0.0125253 0.017352 0.0409857 
0.201699 0.0600382 0.367231 0.285063 0.0164307 0.0222463 0.047291 
0.057061 0.0214927 0.115638 0.786459 0.00248481 0.00355482 0.0133096 
0.105309 0.03204 0.100953 0.746473 0.00233975 0.00348518 0.00939993 
0.250376 0.0200231 0.0959928 0.603045 0.00228852 0.00274808 0.0255263 
0.236223 0.0159665 0.034094 0.6935 6.07369E-4 4.7691E-4 0.0191315 
0.137898 0.0141065 0.0286039 0.808082 4.34197E-4 5.81609E-4 0.0102945 
0.150551 0.0150073 0.0451699 0.770175 7.03853E-4 0.0015609 0.0168325 
0.0495693 0.0101482 0.0371926 0.893996 4.33273E-4 6.92151E-4 0.00796841 
0.0418309 0.0123812 0.0211651 0.920363 2.42262E-4 4.14029E-4 0.00360324 
0.0281426 0.0192961 0.0168884 0.93104 3.0933E-4 7.31196E-4 0.00359263 
0.0211698 0.00813923 0.0167771 0.949161 1.60297E-4 2.83135E-4 0.00430992 
0.0374926 0.0103199 0.0237081 0.921189 2.58945E-4 4.43291E-4 0.00658788 
0.0768417 0.0282663 0.0361784 0.846379 6.10414E-4 0.00120838 0.010516 
0.105402 0.0150326 0.0271257 0.84249 4.14609E-4 5.06083E-4 0.00902903 
0.0462206 0.0128286 0.00898407 0.928939 2.25869E-4 1.94827E-4 0.0026066 
0.0260019 0.0102462 0.0051541 0.956477 1.66712E-4 1.00226E-4 0.00185353 
