0.691456 0.0503376 0.0259353 0.197378 0.0169783 0.00154493 0.0163695 
0.777674 0.0462327 0.0264338 0.111406 0.0188995 0.00147656 0.0178774 
0.746241 0.0511896 0.0297956 0.124829 0.0222774 0.00194979 0.0237182 
0.667951 0.0440554 0.0241338 0.212651 0.0348981 0.00166098 0.0146499 
0.751963 0.0585201 0.0263982 0.122458 0.021365 0.00192965 0.0173661 
0.704108 0.0463095 0.0262954 0.177069 0.0272173 0.00169482 0.0173062 
0.685599 0.0606472 0.0199832 0.173171 0.0422724 0.00195775 0.0163693 
0.723294 0.0451322 0.0293284 0.164635 0.0192319 0.00148901 0.0168887 
0.727029 0.0633308 0.0249738 0.147573 0.020106 0.00147072 0.0155171 
0.713771 0.0691086 0.0255234 0.143647 0.0240779 0.00158506 0.0222876 
0.646698 0.064478 0.0217692 0.227878 0.0235063 0.00139621 0.0142741 
0.717139 0.0686429 0.0262019 0.145115 0.0162639 0.0017653 0.0248724 
0.788257 0.0553447 0.0307081 0.0944281 0.00766833 0.0015361 0.022058 
0.805537 0.0400923 0.026507 0.0853505 0.0153193 0.00165617 0.025538 
0.785267 0.0727113 0.0287152 0.0814084 0.0087088 0.00166908 0.02152 
0.804512 0.0605349 0.0221364 0.074365 0.0202339 0.0016907 0.0165274 
0.752566 0.0534857 0.0188348 0.138042 0.0238983 0.00168544 0.0114881 
0.767742 0.0504221 0.0223295 0.128109 0.017021 0.00145254 0.0129239 
0.760108 0.055224 0.0244998 0.133 0.0133578 0.00161738 0.0121934 
0.765515 0.0696058 0.0290275 0.0947042 0.0136604 0.00134458 0.0261428 
0.740731 0.0527524 0.0225735 0.147954 0.0193584 0.00141651 0.0152145 
0.738776 0.0356688 0.0319928 0.150141 0.0138954 0.00115351 0.0283723 
0.766068 0.0483796 0.0299514 0.109593 0.0189325 0.00143081 0.025645 
0.810299 0.0525495 0.0309547 0.0731152 0.0142543 0.00150024 0.0173268 
0.774698 0.063035 0.0279839 0.102769 0.0116504 0.00157229 0.0182913 
0.70369 0.0568437 0.0328988 0.180145 0.00653061 0.00160363 0.0182886 
0.774587 0.0574246 0.0286111 0.108085 0.0103034 0.00155032 0.0194378 
0.763406 0.0545016 0.0309073 0.11321 0.0144892 0.00144904 0.022037 
0.763817 0.0687289 0.0244517 0.107384 0.018443 0.00193814 0.0152371 
0.745337 0.0661812 0.0303393 0.121877 0.0147769 0.00176998 0.0197193 
0.744103 0.0665775 0.0221522 0.135975 0.014948 0.00169696 0.0145473 
0.705277 0.043964 0.0241603 0.185971 0.0222975 0.00137145 0.0169584 
0.78453 0.074818 0.0282543 0.0690733 0.0205096 0.00247761 0.0203373 
0.71832 0.0700048 0.0249768 0.130686 0.0348058 0.00190672 0.0193006 
0.737005 0.0626996 0.02612 0.136445 0.0195648 0.00142421 0.0167411 
0.766675 0.0580729 0.0258958 0.104923 0.0219263 0.00181316 0.0206934 
0.766606 0.0703352 0.0256776 0.0882365 0.0242977 0.00184381 0.0230031 
0.777113 0.0375277 0.0390392 0.113512 0.00804422 0.00126111 0.0235021 
0.782141 0.0336041 0.0276666 0.114194 0.0225526 0.00185883 0.0179826 
0.816681 0.0423023 0.0296271 0.0762066 0.0160668 0.00194298 0.0171735 
0.794183 0.0532742 0.029042 0.0825628 0.0176344 0.00174389 0.0215595 
0.788916 0.0375277 0.0423237 0.0965654 0.00849639 0.00131835 0.0248521 
0.783783 0.0535968 0.0442407 0.0700606 0.00745227 0.00153205 0.0393342 
0.755219 0.0456492 0.0389661 0.113348 0.0119162 0.00121691 0.0336837 
0.77262 0.0287339 0.0457698 0.118184 0.0114771 0.00111481 0.0220995 
0.812769 0.0380055 0.0395356 0.06986 0.00846655 0.00167115 0.0296919 
0.830427 0.0330404 0.0424133 0.0529978 0.00597826 0.00201845 0.0331248 
0.843193 0.0290226 0.050407 0.0375263 0.00428307 0.00186501 0.033703 
0.851842 0.0225366 0.0480723 0.0425989 0.00329315 0.00151221 0.0301446 
0.83397 0.0388559 0.0468234 0.0493726 0.00280349 0.00174855 0.0264263 
0.8413 0.0623432 0.0371926 0.0245921 0.00800393 0.00194 0.0246283 
0.849742 0.0375486 0.0481615 0.0258393 0.00519069 0.00160225 0.0319153 
0.827837 0.0548838 0.0370113 0.0483552 0.0102321 0.0018117 0.0198692 
0.820741 0.0472673 0.033774 0.0698836 0.00785732 0.00157564 0.0189017 
0.852533 0.0546562 0.031917 0.02676 0.00738206 0.00197412 0.0247772 
0.861033 0.0328562 0.0470586 0.0278576 0.00354407 0.00192823 0.0257226 
0.86066 0.0267333 0.0466251 0.0365407 0.00569285 0.00144474 0.0223038 
0.85891 0.0270877 0.0535823 0.0282859 0.00484056 0.0012665 0.0260267 
0.835189 0.0285059 0.0433856 0.06106 0.0100656 0.00108619 0.0207077 
0.863034 0.0342458 0.0337803 0.0424683 0.00886114 0.00149761 0.0161127 
0.81947 0.0370528 0.0422411 0.0700745 0.00870446 0.00125752 0.0212 
0.779781 0.0259413 0.0339483 0.139818 0.00924972 8.93004E-4 0.0103691 
0.849782 0.0317675 0.0293296 0.0650233 0.0135241 0.0011125 0.00946066 
0.844428 0.0245541 0.0380484 0.0726295 0.00544707 0.00102421 0.0138684 
0.8557 0.0246882 0.0340366 0.0640687 0.00827287 0.0011896 0.0120445 
0.858849 0.0365959 0.0380397 0.0312162 0.00695672 0.00148276 0.0268596 
0.85597 0.0397407 0.0422313 0.0345517 0.00381252 0.00121328 0.0224804 
0.826916 0.0582844 0.0342276 0.0457388 0.0109144 0.00133835 0.0225806 
0.871331 0.0407491 0.0351044 0.0231613 0.00683918 0.00210225 0.0207128 
0.858891 0.045975 0.0310117 0.0354598 0.0106292 0.00178683 0.0162462 
0.869625 0.0339517 0.0359535 0.0397843 0.00594077 0.00148865 0.0132557 
0.844685 0.0353957 0.0364574 0.0632202 0.00500338 0.00118589 0.0140521 
0.834889 0.0419517 0.0389897 0.0546455 0.00973814 0.00128532 0.0185011 
0.790618 0.0411432 0.0368217 0.0982094 0.0116447 0.00114028 0.0204232 
0.816612 0.101142 0.0320744 0.00973612 0.0105615 0.00302302 0.0268509 
0.797984 0.113202 0.0267261 0.0227091 0.015209 0.00271684 0.0214522 
0.830312 0.0486716 0.0512072 0.0305325 0.00396049 0.0022486 0.033068 
0.868638 0.0342527 0.05221 0.00839088 0.00253722 0.00252399 0.0314474 
0.851716 0.0645366 0.0412876 0.0123268 0.00560714 0.00285267 0.0216734 
0.847449 0.0572278 0.0449824 0.0209311 0.0049983 0.00188412 0.0225271 
0.834305 0.0723166 0.0357526 0.0276174 0.0106624 0.00203678 0.0173093 
0.821617 0.0796313 0.0365317 0.0247053 0.0148359 0.00185061 0.020828 
0.802814 0.0716707 0.050809 0.0373439 0.0107998 0.00191164 0.0246512 
0.809893 0.0628048 0.0453402 0.0449305 0.0135983 0.00184957 0.0215836 
0.813748 0.0783864 0.0411562 0.0252661 0.0136935 0.00202803 0.0257222 
0.810884 0.0533772 0.0490395 0.0419172 0.0160061 0.0015052 0.0272712 
0.835475 0.0479297 0.0569129 0.0163687 0.00535696 0.00192046 0.0360365 
0.832128 0.0659578 0.0487734 0.0105359 0.00477517 0.00231983 0.0355094 
0.816014 0.071503 0.0491783 0.0154122 0.00913944 0.00225524 0.0364973 
0.826319 0.076372 0.0461751 0.0125533 0.00736107 0.00297761 0.0282421 
0.838783 0.0635254 0.0497424 0.00710626 0.00437067 0.00286339 0.0336084 
0.851512 0.0545269 0.046535 0.021298 0.00676431 0.00173993 0.0176242 
0.828763 0.0738013 0.0516888 0.0208922 0.00351084 0.0019738 0.0193704 
0.828007 0.076435 0.0431776 0.0219614 0.0077164 0.00172483 0.0209783 
0.828124 0.0716373 0.0441231 0.0191006 0.00996929 0.00186317 0.0251821 
0.806471 0.06794 0.0324756 0.0478485 0.0281109 0.00175859 0.0153953 
0.781856 0.104963 0.0300185 0.0356514 0.0253176 0.00241445 0.019779 
0.821361 0.0900458 0.0384099 0.0111142 0.00961578 0.00274412 0.026709 
0.819457 0.0720105 0.0377489 0.0214423 0.0167678 0.00272512 0.0298479 
0.849656 0.0657288 0.041911 0.00802002 0.00724915 0.0028708 0.0245644 
0.836457 0.059673 0.0426286 0.0306236 0.00844934 0.0022203 0.0199479 
0.842409 0.0521712 0.0506456 0.0166901 0.00422452 0.0022396 0.0316204 
0.841345 0.0475095 0.0580092 0.0164349 0.00371968 0.0023147 0.0306671 
0.824024 0.0627957 0.0573562 0.0155384 0.004352 0.00239392 0.0335402 
0.805346 0.071046 0.0217579 0.0587145 0.0217159 0.00329265 0.018127 
0.740888 0.0564943 0.021961 0.134954 0.0286555 0.00270056 0.0143476 
0.827789 0.0461694 0.0289583 0.0687264 0.0119274 0.00310563 0.0133244 
0.770232 0.0590505 0.0211296 0.105017 0.0308929 0.003951 0.00972624 
0.723233 0.108265 0.020139 0.0978397 0.0360818 0.00370471 0.0107373 
0.768817 0.0697235 0.0226524 0.10476 0.0231673 0.00235906 0.00852074 
0.61495 0.0975894 0.017008 0.205799 0.0509591 0.0036156 0.0100793 
0.651099 0.114112 0.0155653 0.141 0.0623276 0.0038562 0.0120399 
0.725619 0.0715717 0.0175537 0.0868857 0.0803349 0.00386065 0.0141746 
0.695683 0.0440521 0.0184636 0.192827 0.0354671 0.00299606 0.0105114 
0.569583 0.0418797 0.0144089 0.298491 0.0654147 0.00227729 0.00794582 
0.66991 0.0433145 0.0156115 0.187881 0.0699198 0.00378683 0.00957638 
0.647911 0.0467436 0.0179761 0.231932 0.0427464 0.00289718 0.00979375 
0.717949 0.0514172 0.0208784 0.158019 0.0358159 0.00271317 0.0132079 
0.71374 0.0524815 0.0184714 0.150157 0.0499847 0.00239519 0.0127702 
0.635408 0.0667204 0.0163196 0.181053 0.0815069 0.00281953 0.016173 
0.77385 0.0851941 0.0188318 0.0597609 0.0403829 0.003644 0.0183359 
0.825296 0.0432315 0.0352755 0.0609032 0.00928883 0.00192903 0.0240762 
0.81913 0.0587611 0.0354386 0.047911 0.0142364 0.002237 0.0222856 
0.802966 0.0654005 0.0349617 0.0551703 0.0161542 0.00327382 0.0220736 
0.832413 0.0360507 0.0414855 0.0599859 0.00870335 0.00174098 0.0196207 
0.815619 0.0458211 0.0290089 0.0746203 0.0175325 0.00210653 0.0152913 
0.795317 0.0673335 0.0328684 0.0625381 0.0174301 0.00226618 0.0222467 
0.825476 0.0405819 0.04535 0.019138 0.0117109 0.00227251 0.0554707 
0.839537 0.0545517 0.0380974 0.0189238 0.00742686 0.00248224 0.0389813 
0.839086 0.0690141 0.0280694 0.0195959 0.0109329 0.00294962 0.0303518 
0.829251 0.0710335 0.0237706 0.0405701 0.0118759 0.00216316 0.0213354 
0.84082 0.0642169 0.0328673 0.0221102 0.00605233 0.00250562 0.0314272 
0.862316 0.0463886 0.0345357 0.0183601 0.00487568 0.00246423 0.0310592 
0.835368 0.0586528 0.0321414 0.0298306 0.00769481 0.00233708 0.033975 
0.720527 0.0956294 0.0149422 0.121527 0.030253 0.00313669 0.0139846 
0.591075 0.0557284 0.0171574 0.299225 0.0251774 0.00172079 0.00991542 
0.802533 0.0693093 0.0193164 0.0638135 0.0270196 0.0037608 0.0142478 
0.721413 0.0709734 0.0186337 0.141708 0.0314471 0.00260499 0.0132197 
0.778357 0.0501985 0.024507 0.111673 0.0178341 0.00262371 0.0148061 
0.813068 0.0591965 0.0276918 0.0714829 0.00681706 0.00277652 0.0189669 
0.761828 0.0501228 0.0194665 0.134231 0.0189231 0.00260463 0.0128241 
0.823962 0.0380967 0.024555 0.0754138 0.018778 0.00397493 0.0152195 
0.816799 0.035926 0.0235079 0.093174 0.0120552 0.00312424 0.0154132 
0.805771 0.0426843 0.028031 0.090831 0.0106483 0.00533989 0.0166943 
0.841266 0.0406161 0.0228092 0.0604919 0.0113017 0.00407263 0.0194421 
0.766887 0.104609 0.0170007 0.0673671 0.0230756 0.00649007 0.0145704 
0.801198 0.0487604 0.0185779 0.103537 0.0135992 0.00323302 0.0110944 
0.806422 0.0412637 0.019784 0.0987139 0.0172046 0.00347508 0.013137 
0.785506 0.0509163 0.0237957 0.112266 0.00781306 0.00443907 0.0152632 
0.864013 0.0364663 0.0230996 0.0433728 0.0115875 0.00452497 0.016936 
0.835576 0.0613449 0.022393 0.0433601 0.0106172 0.00410113 0.0226079 
0.788442 0.051802 0.0211959 0.103203 0.013926 0.00329677 0.0181341 
0.762775 0.0410057 0.0200817 0.14228 0.015143 0.00349996 0.0152136 
0.777541 0.0332375 0.0233947 0.136344 0.013121 0.00281562 0.0135457 
0.7744 0.0389454 0.0250311 0.131627 0.0122423 0.00260777 0.015147 
0.772016 0.0402158 0.0172513 0.106253 0.0473111 0.00330271 0.0136507 
0.701289 0.0424177 0.0185722 0.174769 0.0425069 0.0036869 0.0167577 
0.766803 0.0438128 0.019966 0.121567 0.0277516 0.00313524 0.0169653 
0.751158 0.03983 0.0187004 0.151396 0.0214721 0.00389425 0.0135496 
0.750299 0.0304337 0.0254159 0.169156 0.00931466 0.00243567 0.012945 
0.719065 0.0322971 0.0222639 0.201174 0.011043 0.00253292 0.0116237 
0.823218 0.0382787 0.0211753 0.0855333 0.0125087 0.00382972 0.0154567 
0.802794 0.0348572 0.0227776 0.101517 0.0164416 0.00236335 0.019249 
0.667189 0.0271935 0.0225976 0.243905 0.0220178 0.00180278 0.015294 
