0.861809 0.0161115 0.0507876 0.0260764 0.00571004 0.00340667 0.0360992 
0.86157 0.0214153 0.0461474 0.0242722 0.00598354 0.00489712 0.0357144 
0.829314 0.0167456 0.0549702 0.020367 0.00679672 0.00508448 0.0667224 
0.822356 0.0157853 0.0536933 0.00945645 0.00418342 0.00437244 0.0901535 
0.829808 0.015297 0.0548248 0.0135266 0.00429718 0.00350335 0.0787425 
0.798999 0.016789 0.0545314 0.0118035 0.00589915 0.00406653 0.107912 
0.821995 0.0134098 0.0561809 0.014458 0.00396046 0.00482376 0.0851716 
0.825017 0.0142534 0.0560894 0.0137479 0.00512784 0.00504271 0.0807218 
0.843757 0.0151376 0.0540963 0.00974105 0.00415492 0.00452803 0.0685848 
0.819289 0.013318 0.0606652 0.00862757 0.0043988 0.00388531 0.0898162 
0.817403 0.0130291 0.0605605 0.0103403 0.00451404 0.0040421 0.0901113 
0.803737 0.0150108 0.0558547 0.0113871 0.00598524 0.00476084 0.103265 
0.835557 0.0130905 0.0519769 0.0140561 0.00569852 0.00410243 0.0755183 
0.840812 0.0153365 0.0490297 0.0179063 0.00775677 0.00436261 0.0647965 
0.842997 0.0250204 0.0417713 0.0215887 0.0148487 0.00487744 0.0488962 
0.85285 0.0171449 0.0446012 0.0231699 0.00765847 0.00489331 0.0496818 
0.834601 0.0151041 0.0464596 0.021897 0.00589191 0.00462952 0.0714165 
0.849378 0.0156062 0.0448398 0.0145481 0.00516515 0.00389524 0.0665672 
0.825305 0.0133272 0.0559418 0.011791 0.00401792 0.00412141 0.0854956 
0.817653 0.0166305 0.0526133 0.00775052 0.0057433 0.00552205 0.0940871 
0.805157 0.0147833 0.0560117 0.0066295 0.00376632 0.00507 0.108582 
0.78092 0.0133731 0.0598267 0.00821551 0.00338638 0.00461954 0.129659 
0.778601 0.013233 0.060302 0.00632289 0.00396656 0.00496744 0.132607 
0.778889 0.0124545 0.0662494 0.00619422 0.00319695 0.00464524 0.128371 
0.794421 0.0113778 0.0657229 0.00705833 0.00340849 0.00585866 0.112153 
0.801258 0.0127626 0.0606641 0.00539692 0.0033418 0.00502178 0.111555 
0.814682 0.0118251 0.0599823 0.00865492 0.00406358 0.00504461 0.0957471 
0.803954 0.0117163 0.0610737 0.00912741 0.00371864 0.00550675 0.104903 
0.806595 0.0139081 0.0653016 0.00601823 0.00271366 0.00608064 0.099383 
0.721427 0.011599 0.0701085 0.00596158 0.00317926 0.00628073 0.181444 
0.765441 0.0124861 0.0667068 0.00679986 0.00281371 0.00812085 0.137632 
0.793071 0.0136344 0.0656444 0.00741775 0.00359987 0.00620207 0.110431 
0.788199 0.0127103 0.0704328 0.00956895 0.00449574 0.0083085 0.106285 
0.811532 0.0124816 0.0651422 0.00905146 0.00472841 0.00596589 0.091098 
0.803257 0.0116601 0.0658528 0.00990185 0.00334954 0.00616067 0.0998183 
0.785262 0.0117866 0.0655119 0.00804621 0.00272445 0.00666073 0.120008 
0.708093 0.0102852 0.0822516 0.00806666 0.00303567 0.00820871 0.180059 
0.736062 0.0109813 0.0706855 0.0126556 0.00393708 0.00800258 0.157676 
0.730117 0.0130376 0.0678281 0.00487714 0.00289599 0.00693713 0.174307 
0.755154 0.0130352 0.0690932 0.0052905 0.0028077 0.00963444 0.144985 
0.800845 0.0137078 0.0681537 0.00590051 0.00370513 0.00605477 0.101633 
0.827761 0.0134026 0.0611021 0.00793243 0.00517533 0.00720904 0.0774176 
0.809318 0.0129876 0.0629167 0.0119856 0.00412643 0.0071804 0.0914852 
0.714075 0.0110547 0.0804534 0.0040775 0.00318015 0.0112167 0.175943 
0.717923 0.0117055 0.0771286 0.00291937 0.00193158 0.013767 0.174625 
0.761102 0.0126164 0.0726475 0.00412484 0.00269028 0.0111884 0.135631 
0.564967 0.0086294 0.101884 0.00303485 0.00204004 0.0139445 0.3055 
0.568451 0.00777201 0.108214 0.00208882 0.00152298 0.00932382 0.302628 
0.662762 0.00877118 0.0857785 0.00325374 0.00216865 0.0103606 0.226906 
0.729049 0.00984439 0.0795361 0.00308336 0.0022375 0.00777428 0.168476 
0.76359 0.00973879 0.0741403 0.00476067 0.0025519 0.00614568 0.139073 
0.756277 0.0100997 0.0718681 0.00470814 0.00238523 0.00698251 0.147679 
0.743389 0.0106297 0.070439 0.00510515 0.00218501 0.00810584 0.160146 
0.7797 0.0101251 0.0729633 0.00866773 0.00225972 0.00779988 0.118484 
0.784499 0.0106676 0.064109 0.00868708 0.00299864 0.00638618 0.122652 
0.782869 0.0117741 0.06345 0.0056378 0.00360596 0.00697245 0.125691 
0.777084 0.0107071 0.0679854 0.0083062 0.00476145 0.00693383 0.124222 
0.760861 0.0110592 0.069007 0.00585979 0.00525094 0.00701001 0.140952 
0.773337 0.0100676 0.0671781 0.00665667 0.00427782 0.00565643 0.132826 
0.806497 0.0119338 0.0583293 0.00864442 0.0116665 0.00680519 0.0961241 
0.839696 0.0135857 0.0493313 0.00768414 0.00650792 0.00669861 0.0764968 
0.841378 0.0143673 0.0491802 0.00750708 0.00529234 0.00568853 0.0765866 
0.808674 0.0118368 0.0564098 0.00666007 0.00396469 0.00529252 0.107162 
0.807642 0.0132805 0.057266 0.00682739 0.00565771 0.00597848 0.103347 
0.783425 0.0135111 0.0613024 0.00645604 0.00447391 0.00556365 0.125268 
0.679504 0.0121872 0.0726373 0.00437063 0.00471238 0.00773036 0.218858 
0.551023 0.0100809 0.091252 0.00318837 0.00301606 0.00541908 0.336021 
0.487257 0.00858991 0.0965021 0.00291167 0.00276325 0.00623938 0.395736 
0.560595 0.00891374 0.0987108 0.00359543 0.00282153 0.00678391 0.31858 
0.599144 0.00859082 0.0935929 0.00397517 0.00256954 0.00679191 0.285336 
0.623347 0.00900723 0.0889881 0.00398655 0.00323216 0.00599888 0.26544 
0.620346 0.00958088 0.0874202 0.00305497 0.00291872 0.00615572 0.270523 
0.58017 0.00925093 0.0832406 0.00353815 0.0032541 0.00656217 0.313984 
0.619325 0.00851146 0.0844492 0.0053163 0.00490232 0.00633813 0.271158 
0.705349 0.00927598 0.0794043 0.00557679 0.00439905 0.00458275 0.191412 
0.707927 0.00836652 0.0820647 0.00584353 0.00437557 0.00570422 0.185719 
0.685401 0.00970195 0.0876905 0.00510456 0.00413552 0.00762673 0.20034 
0.749971 0.009095 0.0817729 0.00791736 0.00434182 0.00574225 0.14116 
0.75984 0.00890189 0.0814543 0.00632926 0.00310359 0.00540085 0.13497 
0.752066 0.00901686 0.080965 0.00658715 0.00366899 0.00576477 0.141931 
0.790623 0.00817592 0.0784511 0.00730207 0.00365648 0.00440098 0.10739 
0.724556 0.00798778 0.0900416 0.0068889 0.00372465 0.00601185 0.16079 
0.699188 0.00831763 0.08608 0.00628331 0.00360541 0.00583117 0.190695 
0.708979 0.00842091 0.0860306 0.00517944 0.00326284 0.00606486 0.182062 
0.686727 0.00845928 0.0869988 0.00598418 0.00306434 0.00537269 0.203394 
0.704737 0.00896879 0.0878965 0.00332974 0.00250299 0.00364761 0.188917 
0.763182 0.00761037 0.0762359 0.00532219 0.00270675 0.00469208 0.140251 
0.767664 0.00855778 0.0773571 0.00651132 0.00295362 0.00511008 0.131846 
0.764321 0.00843224 0.0777917 0.00381021 0.00251709 0.0061312 0.136996 
0.722961 0.00893876 0.0887888 0.00457141 0.00416293 0.00683619 0.163741 
0.737436 0.00968535 0.0794668 0.00524678 0.00376204 0.00839891 0.156004 
0.770562 0.0106477 0.0720781 0.00460872 0.00463816 0.00551171 0.131953 
0.661174 0.0106097 0.0950261 0.00151893 0.00141166 0.00488845 0.225371 
0.687666 0.0105816 0.0783895 0.00300655 0.00219826 0.00391919 0.214239 
0.724192 0.00969449 0.0821674 0.00419806 0.00233244 0.00532308 0.172093 
0.76507 0.0131416 0.0734345 0.00346359 0.0020106 0.00717076 0.135709 
0.767878 0.0112757 0.072067 0.00409396 0.00249337 0.00592655 0.136266 
0.728962 0.0126303 0.0723759 0.00309376 0.00278262 0.00781275 0.172342 
0.789857 0.0103714 0.064496 0.00569667 0.00373481 0.0076177 0.118227 
0.842759 0.065904 0.0185052 0.0403789 0.00810785 0.00510275 0.0192426 
0.842993 0.0482372 0.0206174 0.0638553 0.00402889 0.00447575 0.0157926 
0.847479 0.0435987 0.0229659 0.0618836 0.00284216 0.00342982 0.0178007 
0.843509 0.0426323 0.0220059 0.066578 0.00318277 0.00389575 0.0181965 
0.850557 0.035784 0.0202424 0.0674312 0.0043609 0.00358589 0.0180384 
0.858506 0.0346927 0.0205972 0.0571342 0.0053906 0.00350912 0.0201706 
0.834414 0.0364508 0.020203 0.075803 0.00552645 0.00468073 0.0229219 
0.840465 0.0265305 0.0230329 0.0633409 0.00637938 0.00367901 0.0365719 
0.84165 0.032379 0.0195706 0.0762792 0.00567352 0.00302263 0.0214252 
0.854037 0.0328901 0.0190167 0.0654744 0.00503214 0.00297342 0.0205764 
0.849516 0.0224592 0.0230549 0.0702287 0.00417232 0.00292144 0.0276473 
0.859776 0.0250875 0.0248528 0.0501697 0.00403406 0.00313961 0.03294 
0.85085 0.0229623 0.0256517 0.0580002 0.00354247 0.00267425 0.0363189 
0.840183 0.0193675 0.0302097 0.0659794 0.00290004 0.0024509 0.0389091 
0.853796 0.0172718 0.0304995 0.0471338 0.00308024 0.00279314 0.0454253 
0.852539 0.0158017 0.0342824 0.0357235 0.00318088 0.002536 0.0559361 
0.841039 0.0159814 0.0305321 0.0578875 0.00480171 0.00285503 0.0469035 
0.849139 0.0144573 0.0343427 0.0417219 0.00503852 0.00318205 0.0521187 
0.830253 0.0112736 0.0400493 0.0348611 0.00633133 0.00402889 0.073203 
0.812053 0.0105277 0.0481001 0.0206022 0.00708857 0.0040534 0.0975746 
0.801782 0.00910397 0.0506049 0.0176751 0.00522964 0.00348156 0.112123 
0.825823 0.0102209 0.0425443 0.0219582 0.00547223 0.00318957 0.0907914 
0.82428 0.00887623 0.0484391 0.0157296 0.00513495 0.00312107 0.0944189 
0.796521 0.00887361 0.0532933 0.0149111 0.00612703 0.00323757 0.117037 
0.810027 0.00871028 0.0504013 0.0232379 0.00639596 0.00349871 0.0977289 
0.800129 0.00838961 0.0497107 0.015817 0.00518353 0.00354288 0.117227 
0.797057 0.00745941 0.0512629 0.0203931 0.00632307 0.00275235 0.114752 
0.802053 0.00750059 0.0537911 0.0208275 0.00600849 0.00261283 0.107206 
0.797133 0.00704466 0.0603438 0.0151615 0.00375739 0.00312416 0.113435 
0.768746 0.0086154 0.0551951 0.0188521 0.00544354 0.00449442 0.138654 
0.643327 0.00680545 0.0776376 0.0038278 0.00252352 0.00504087 0.260838 
0.799817 0.00775668 0.0565786 0.0117757 0.00442483 0.0037464 0.115901 
0.841392 0.0090215 0.052872 0.00944436 0.00403263 0.00470025 0.0785371 
0.825181 0.00987168 0.0475088 0.014531 0.00474098 0.00453112 0.0936355 
0.839689 0.00836837 0.047457 0.0239313 0.00657111 0.00352616 0.0704571 
0.866521 0.0106749 0.0380095 0.0284885 0.00760044 0.00375421 0.0449513 
0.848403 0.0120006 0.0350303 0.0389314 0.0114107 0.00657713 0.0476465 
0.811847 0.00998435 0.0561714 0.0333901 0.00909412 0.009985 0.0695277 
0.65475 0.00978486 0.139039 0.0251654 0.00948054 0.0525004 0.10928 
0.0686681 0.0107018 0.241178 0.100193 0.0099951 0.279319 0.289945 
0.206354 0.0112716 0.1988 0.0412009 0.0174562 0.060465 0.464452 
0.394901 0.00743511 0.141646 0.0216451 0.0141047 0.0133499 0.406918 
0.475494 0.00639836 0.128945 0.0216757 0.00770366 0.0111645 0.348619 
0.506771 0.00719075 0.115594 0.0309262 0.00983146 0.0104344 0.319252 
0.525051 0.00680166 0.109496 0.0427331 0.00889217 0.00882835 0.298198 
0.498851 0.00621518 0.111706 0.0411764 0.00814212 0.00785404 0.326055 
0.517942 0.00727726 0.115272 0.0410324 0.00844891 0.0137846 0.296242 
0.551114 0.00703314 0.102865 0.018456 0.00662623 0.013897 0.300009 
0.596604 0.00613981 0.105849 0.00816051 0.00423903 0.00975758 0.269251 
0.619504 0.00739179 0.0985104 0.0209036 0.00895063 0.0128871 0.231852 
0.673869 0.00634712 0.0821428 0.0101059 0.00666025 0.00685273 0.214022 
0.657016 0.00685877 0.0768354 0.0126033 0.00635663 0.00812248 0.232207 
0.755896 0.00756856 0.0644851 0.00790445 0.00252172 0.00352653 0.158098 
0.792869 0.00717134 0.0639417 0.0179842 0.00372662 0.00454855 0.109758 
0.748579 0.00663621 0.0654335 0.0201697 0.0035673 0.00395801 0.151657 
0.762259 0.00651991 0.06558 0.017032 0.00423122 0.00430566 0.140072 
0.735862 0.00629196 0.0709827 0.0128504 0.00277276 0.00438292 0.166857 
0.772826 0.00654189 0.0618561 0.018262 0.00336948 0.00472852 0.132416 
0.785745 0.00690761 0.0613868 0.021593 0.0043035 0.00419966 0.115865 
0.806354 0.00741646 0.0634364 0.0129961 0.0033741 0.00413136 0.102292 
0.772354 0.00718935 0.0615582 0.0155933 0.00383004 0.00395227 0.135522 
0.804716 0.00720247 0.0584338 0.011635 0.00457916 0.0042802 0.109154 
0.801158 0.00665 0.0614382 0.0107672 0.00399227 0.00394982 0.112044 
0.780639 0.00755637 0.0608305 0.0137813 0.00402026 0.00459568 0.128577 
0.720223 0.00791222 0.0638085 0.0105432 0.0028582 0.00416527 0.19049 
0.732431 0.00763653 0.0657948 0.00914008 0.00428839 0.00505574 0.175653 
0.707014 0.00798637 0.0648597 0.00797672 0.00315582 0.00603674 0.202971 
0.707213 0.00872792 0.0580308 0.00780396 0.00328324 0.0071533 0.207788 
0.707321 0.0103921 0.0548637 0.0063627 0.00373079 0.0069613 0.210369 
0.743387 0.0097918 0.0505484 0.00983509 0.0049591 0.00764454 0.173835 
0.745437 0.00987498 0.0546334 0.00714016 0.00287801 0.00690191 0.173134 
0.829403 0.0115877 0.0443271 0.0112682 0.00300314 0.00710923 0.0933013 
0.813313 0.0103081 0.0499217 0.00786752 0.00214563 0.00472763 0.111717 
0.801551 0.00942201 0.0532907 0.0157371 0.0024127 0.00715892 0.110427 
0.76941 0.00782218 0.0609487 0.0098106 0.00222694 0.00645925 0.143322 
0.807987 0.00769195 0.058784 0.012493 0.00250292 0.00622765 0.104314 
0.794845 0.00776381 0.0612989 0.0113275 0.00198188 0.00583743 0.116945 
0.750403 0.00848864 0.0624832 0.00862681 0.00263053 0.00868697 0.158681 
0.675518 0.00709075 0.0735586 0.0098757 0.00187629 0.0109902 0.221091 
0.609089 0.00630747 0.0876513 0.00396417 0.00166629 0.00981437 0.281507 
0.69307 0.00607777 0.0865955 0.00527763 0.001912 0.00867079 0.198397 
0.714422 0.006531 0.0863191 0.00395162 0.00174108 0.00715433 0.179881 
0.641274 0.00636625 0.102338 0.00319013 0.00177741 0.00845305 0.236601 
0.739434 0.00619597 0.0883585 0.00447583 0.0017043 0.00783592 0.151996 
0.779838 0.00600082 0.0795735 0.00549774 0.00140358 0.00801649 0.119669 
0.722772 0.00676281 0.082684 0.0048599 0.00215856 0.00949964 0.171263 
0.723134 0.00749398 0.0751163 0.00444495 0.00167397 0.010715 0.177421 
0.650051 0.00891843 0.0860454 0.00232707 0.00118115 0.00897581 0.242501 
0.750857 0.00757611 0.0783689 0.00519047 0.00122008 0.0104626 0.146325 
0.734433 0.00698571 0.0898697 0.00309199 0.00124594 0.00715621 0.157217 
0.766525 0.00637013 0.0874342 0.00442646 0.00176911 0.00815362 0.125322 
0.780917 0.00623857 0.0890462 0.00441013 0.00185212 0.00702883 0.110507 
0.782612 0.00663687 0.0809724 0.00448669 0.00190726 0.0120351 0.111349 
0.746467 0.0073399 0.0829171 0.00704586 0.00345536 0.0140755 0.1387 
0.741931 0.00655234 0.0883988 0.00672728 0.00285092 0.0161636 0.137376 
0.638329 0.00737244 0.0972253 0.0102234 0.00427972 0.0164635 0.226106 
0.579661 0.00618838 0.114937 0.0102376 0.00233884 0.0128999 0.273737 
0.642095 0.00616679 0.0991576 0.00983424 0.00314364 0.0140993 0.225504 
0.559953 0.00535051 0.122858 0.00738296 0.00230736 0.0108368 0.291311 
0.504287 0.00590202 0.119898 0.00604486 0.00276841 0.01224 0.34886 
0.542518 0.00629008 0.114272 0.00842381 0.00252075 0.0168899 0.309085 
0.634596 0.00657219 0.0944898 0.00713712 0.00300298 0.0144589 0.239743 
0.630458 0.00600507 0.101124 0.00836578 0.00187473 0.0134635 0.238709 
0.619569 0.0067683 0.0980157 0.0281693 0.00266133 0.0190996 0.225717 
0.666061 0.00604582 0.0952204 0.010434 0.00151556 0.0161408 0.204582 
0.687109 0.00585029 0.102837 0.0151086 0.00190005 0.0193103 0.167885 
0.558891 0.00625334 0.117251 0.00944338 0.0025929 0.0197651 0.285803 
0.526921 0.00690888 0.11336 0.00739103 0.002751 0.029353 0.313315 
0.589846 0.0065039 0.110263 0.0166107 0.0022853 0.0237128 0.250778 
0.63378 0.00704775 0.0967933 0.0081499 0.00289233 0.0241685 0.227168 
0.652945 0.0061518 0.0980714 0.00624581 0.00164678 0.0188856 0.216054 
0.661586 0.00538693 0.108887 0.0078496 0.00154073 0.017422 0.197328 
0.586593 0.00594232 0.109363 0.0104481 0.00256167 0.0192117 0.265881 
0.554274 0.00666521 0.116154 0.00783325 0.00328838 0.020366 0.29142 
0.655125 0.00612951 0.116059 0.00701833 0.00193649 0.0135901 0.200141 
0.681431 0.00717455 0.100731 0.00553306 0.00271701 0.013976 0.188438 
0.707633 0.00683865 0.0859094 0.00880539 0.00284303 0.0134097 0.17456 
0.745405 0.00964446 0.072811 0.00729364 0.00340172 0.00513135 0.156312 
0.803328 0.0091302 0.0630166 0.00877838 0.0036173 0.00782756 0.104302 
0.805139 0.00933283 0.0592417 0.0112302 0.00413078 0.00774996 0.103176 
0.811466 0.00786454 0.0632453 0.0119535 0.00471466 0.00696577 0.0937907 
0.774718 0.0079014 0.0644565 0.0088203 0.00347029 0.0067552 0.133878 
0.742039 0.00919309 0.0661027 0.00719012 0.00379921 0.00531646 0.166359 
0.628698 0.0156649 0.0720994 0.00482661 0.0125452 0.00343504 0.262731 
0.701705 0.00926179 0.0759839 0.00948729 0.00458466 0.00202134 0.196956 
0.704094 0.0180469 0.0547371 0.0119734 0.0104678 0.00193002 0.198751 
0.724201 0.0171803 0.051781 0.0121813 0.00694109 0.0022452 0.18547 
0.810857 0.0138669 0.0402405 0.0366333 0.00520121 0.00209635 0.0911045 
0.845281 0.0211037 0.02736 0.0415465 0.00510075 0.00199347 0.0576142 
0.8536 0.0226117 0.0287503 0.023673 0.00757794 0.00248945 0.0612978 
0.834145 0.0192948 0.0305566 0.0257181 0.00740922 0.00267381 0.0802028 
0.853672 0.0208535 0.025321 0.0336108 0.0119034 0.00216118 0.0524786 
0.862438 0.0177073 0.0269225 0.0310546 0.00869505 0.00204341 0.0511396 
0.871003 0.0159034 0.0301597 0.0301789 0.00728981 0.00249174 0.0429734 
0.865742 0.0142455 0.0308327 0.0313772 0.00642263 0.00270302 0.0486769 
0.878126 0.0149197 0.029685 0.0285665 0.00626703 0.00302848 0.0394077 
0.874597 0.0161978 0.030216 0.0296359 0.00566684 0.00317194 0.0405145 
0.866302 0.0142077 0.032954 0.0267507 0.00708969 0.00251467 0.0501809 
0.807007 0.0129754 0.0420379 0.0175779 0.0083923 0.00256051 0.109449 
0.850635 0.0152774 0.0320357 0.0246605 0.008127 0.00161605 0.0676486 
0.831552 0.0153543 0.0325785 0.024254 0.00865479 0.00227002 0.0853361 
0.843138 0.019382 0.033214 0.0198499 0.0137823 0.00286491 0.0677689 
0.818348 0.0140701 0.0450101 0.0169815 0.00619898 0.00247141 0.0969195 
0.827829 0.0147146 0.0394786 0.0258981 0.00699991 0.00253759 0.0825423 
0.819985 0.011147 0.0443745 0.0246779 0.00528466 0.00248494 0.0920463 
0.807488 0.0128065 0.0454339 0.021506 0.0087395 0.00335208 0.100674 
0.845269 0.0134552 0.0418888 0.0248117 0.00704527 0.00231861 0.0652113 
0.849851 0.0114921 0.0444055 0.0278434 0.00581191 0.002951 0.0576455 
0.77831 0.0170259 0.0448627 0.0121805 0.00750544 0.00251158 0.137604 
0.656794 0.0105817 0.062918 0.00733398 0.00353395 0.00297498 0.255864 
0.698246 0.0129697 0.0543868 0.00912904 0.00662581 0.00249194 0.216151 
0.7123 0.00940608 0.0647822 0.00842479 0.00240974 0.00268783 0.19999 
0.762972 0.0101753 0.0494815 0.0153895 0.00509377 0.00337376 0.153514 
0.785221 0.011111 0.049947 0.0177089 0.0044844 0.00210745 0.12942 
0.787336 0.00966246 0.0505666 0.0167949 0.00582527 0.00267214 0.127143 
0.745028 0.00937332 0.0577092 0.0162962 0.00511012 0.00323988 0.163243 
0.832541 0.00825102 0.0421876 0.0393169 0.0121726 0.00299853 0.0625322 
0.842759 0.065904 0.0185052 0.0403789 0.00810785 0.00510275 0.0192426 
0.842993 0.0482372 0.0206174 0.0638553 0.00402889 0.00447575 0.0157926 
0.847479 0.0435987 0.0229659 0.0618836 0.00284216 0.00342982 0.0178007 
0.843509 0.0426323 0.0220059 0.066578 0.00318277 0.00389575 0.0181965 
0.850557 0.035784 0.0202424 0.0674312 0.0043609 0.00358589 0.0180384 
0.858506 0.0346927 0.0205972 0.0571342 0.0053906 0.00350912 0.0201706 
0.834414 0.0364508 0.020203 0.075803 0.00552645 0.00468073 0.0229219 
0.840465 0.0265305 0.0230329 0.0633409 0.00637938 0.00367901 0.0365719 
0.84165 0.032379 0.0195706 0.0762792 0.00567352 0.00302263 0.0214252 
0.854037 0.0328901 0.0190167 0.0654744 0.00503214 0.00297342 0.0205764 
0.849516 0.0224592 0.0230549 0.0702287 0.00417232 0.00292144 0.0276473 
0.859776 0.0250875 0.0248528 0.0501697 0.00403406 0.00313961 0.03294 
0.85085 0.0229623 0.0256517 0.0580002 0.00354247 0.00267425 0.0363189 
0.840183 0.0193675 0.0302097 0.0659794 0.00290004 0.0024509 0.0389091 
0.853796 0.0172718 0.0304995 0.0471338 0.00308024 0.00279314 0.0454253 
0.852539 0.0158017 0.0342824 0.0357235 0.00318088 0.002536 0.0559361 
0.841039 0.0159814 0.0305321 0.0578875 0.00480171 0.00285503 0.0469035 
0.849139 0.0144573 0.0343427 0.0417219 0.00503852 0.00318205 0.0521187 
0.830253 0.0112736 0.0400493 0.0348611 0.00633133 0.00402889 0.073203 
0.812053 0.0105277 0.0481001 0.0206022 0.00708857 0.0040534 0.0975746 
0.801782 0.00910397 0.0506049 0.0176751 0.00522964 0.00348156 0.112123 
0.825823 0.0102209 0.0425443 0.0219582 0.00547223 0.00318957 0.0907914 
0.82428 0.00887623 0.0484391 0.0157296 0.00513495 0.00312107 0.0944189 
0.796521 0.00887361 0.0532933 0.0149111 0.00612703 0.00323757 0.117037 
0.810027 0.00871028 0.0504013 0.0232379 0.00639596 0.00349871 0.0977289 
0.800129 0.00838961 0.0497107 0.015817 0.00518353 0.00354288 0.117227 
0.797057 0.00745941 0.0512629 0.0203931 0.00632307 0.00275235 0.114752 
0.802053 0.00750059 0.0537911 0.0208275 0.00600849 0.00261283 0.107206 
0.797133 0.00704466 0.0603438 0.0151615 0.00375739 0.00312416 0.113435 
0.768746 0.0086154 0.0551951 0.0188521 0.00544354 0.00449442 0.138654 
0.643327 0.00680545 0.0776376 0.0038278 0.00252352 0.00504087 0.260838 
0.799817 0.00775668 0.0565786 0.0117757 0.00442483 0.0037464 0.115901 
0.841392 0.0090215 0.052872 0.00944436 0.00403263 0.00470025 0.0785371 
0.825181 0.00987168 0.0475088 0.014531 0.00474098 0.00453112 0.0936355 
0.839689 0.00836837 0.047457 0.0239313 0.00657111 0.00352616 0.0704571 
0.866521 0.0106749 0.0380095 0.0284885 0.00760044 0.00375421 0.0449513 
0.848403 0.0120006 0.0350303 0.0389314 0.0114107 0.00657713 0.0476465 
0.811847 0.00998435 0.0561714 0.0333901 0.00909412 0.009985 0.0695277 
0.65475 0.00978486 0.139039 0.0251654 0.00948054 0.0525004 0.10928 
0.0686681 0.0107018 0.241178 0.100193 0.0099951 0.279319 0.289945 
0.206354 0.0112716 0.1988 0.0412009 0.0174562 0.060465 0.464452 
0.394901 0.00743511 0.141646 0.0216451 0.0141047 0.0133499 0.406918 
0.475494 0.00639836 0.128945 0.0216757 0.00770366 0.0111645 0.348619 
0.506771 0.00719075 0.115594 0.0309262 0.00983146 0.0104344 0.319252 
0.525051 0.00680166 0.109496 0.0427331 0.00889217 0.00882835 0.298198 
0.498851 0.00621518 0.111706 0.0411764 0.00814212 0.00785404 0.326055 
0.517942 0.00727726 0.115272 0.0410324 0.00844891 0.0137846 0.296242 
0.551114 0.00703314 0.102865 0.018456 0.00662623 0.013897 0.300009 
0.596604 0.00613981 0.105849 0.00816051 0.00423903 0.00975758 0.269251 
0.619504 0.00739179 0.0985104 0.0209036 0.00895063 0.0128871 0.231852 
0.673869 0.00634712 0.0821428 0.0101059 0.00666025 0.00685273 0.214022 
0.657016 0.00685877 0.0768354 0.0126033 0.00635663 0.00812248 0.232207 
0.755896 0.00756856 0.0644851 0.00790445 0.00252172 0.00352653 0.158098 
0.792869 0.00717134 0.0639417 0.0179842 0.00372662 0.00454855 0.109758 
0.748579 0.00663621 0.0654335 0.0201697 0.0035673 0.00395801 0.151657 
0.762259 0.00651991 0.06558 0.017032 0.00423122 0.00430566 0.140072 
0.735862 0.00629196 0.0709827 0.0128504 0.00277276 0.00438292 0.166857 
0.772826 0.00654189 0.0618561 0.018262 0.00336948 0.00472852 0.132416 
0.785745 0.00690761 0.0613868 0.021593 0.0043035 0.00419966 0.115865 
0.806354 0.00741646 0.0634364 0.0129961 0.0033741 0.00413136 0.102292 
0.772354 0.00718935 0.0615582 0.0155933 0.00383004 0.00395227 0.135522 
0.804716 0.00720247 0.0584338 0.011635 0.00457916 0.0042802 0.109154 
0.801158 0.00665 0.0614382 0.0107672 0.00399227 0.00394982 0.112044 
0.780639 0.00755637 0.0608305 0.0137813 0.00402026 0.00459568 0.128577 
0.720223 0.00791222 0.0638085 0.0105432 0.0028582 0.00416527 0.19049 
0.732431 0.00763653 0.0657948 0.00914008 0.00428839 0.00505574 0.175653 
0.707014 0.00798637 0.0648597 0.00797672 0.00315582 0.00603674 0.202971 
0.707213 0.00872792 0.0580308 0.00780396 0.00328324 0.0071533 0.207788 
0.707321 0.0103921 0.0548637 0.0063627 0.00373079 0.0069613 0.210369 
0.743387 0.0097918 0.0505484 0.00983509 0.0049591 0.00764454 0.173835 
0.745437 0.00987498 0.0546334 0.00714016 0.00287801 0.00690191 0.173134 
0.829403 0.0115877 0.0443271 0.0112682 0.00300314 0.00710923 0.0933013 
0.813313 0.0103081 0.0499217 0.00786752 0.00214563 0.00472763 0.111717 
0.801551 0.00942201 0.0532907 0.0157371 0.0024127 0.00715892 0.110427 
0.76941 0.00782218 0.0609487 0.0098106 0.00222694 0.00645925 0.143322 
0.807987 0.00769195 0.058784 0.012493 0.00250292 0.00622765 0.104314 
0.794845 0.00776381 0.0612989 0.0113275 0.00198188 0.00583743 0.116945 
0.750403 0.00848864 0.0624832 0.00862681 0.00263053 0.00868697 0.158681 
0.675518 0.00709075 0.0735586 0.0098757 0.00187629 0.0109902 0.221091 
0.609089 0.00630747 0.0876513 0.00396417 0.00166629 0.00981437 0.281507 
0.69307 0.00607777 0.0865955 0.00527763 0.001912 0.00867079 0.198397 
0.714422 0.006531 0.0863191 0.00395162 0.00174108 0.00715433 0.179881 
0.641274 0.00636625 0.102338 0.00319013 0.00177741 0.00845305 0.236601 
0.739434 0.00619597 0.0883585 0.00447583 0.0017043 0.00783592 0.151996 
0.779838 0.00600082 0.0795735 0.00549774 0.00140358 0.00801649 0.119669 
0.722772 0.00676281 0.082684 0.0048599 0.00215856 0.00949964 0.171263 
0.723134 0.00749398 0.0751163 0.00444495 0.00167397 0.010715 0.177421 
0.650051 0.00891843 0.0860454 0.00232707 0.00118115 0.00897581 0.242501 
0.750857 0.00757611 0.0783689 0.00519047 0.00122008 0.0104626 0.146325 
0.734433 0.00698571 0.0898697 0.00309199 0.00124594 0.00715621 0.157217 
0.766525 0.00637013 0.0874342 0.00442646 0.00176911 0.00815362 0.125322 
0.780917 0.00623857 0.0890462 0.00441013 0.00185212 0.00702883 0.110507 
0.782612 0.00663687 0.0809724 0.00448669 0.00190726 0.0120351 0.111349 
0.746467 0.0073399 0.0829171 0.00704586 0.00345536 0.0140755 0.1387 
0.741931 0.00655234 0.0883988 0.00672728 0.00285092 0.0161636 0.137376 
0.638329 0.00737244 0.0972253 0.0102234 0.00427972 0.0164635 0.226106 
0.579661 0.00618838 0.114937 0.0102376 0.00233884 0.0128999 0.273737 
0.642095 0.00616679 0.0991576 0.00983424 0.00314364 0.0140993 0.225504 
0.559953 0.00535051 0.122858 0.00738296 0.00230736 0.0108368 0.291311 
0.504287 0.00590202 0.119898 0.00604486 0.00276841 0.01224 0.34886 
0.542518 0.00629008 0.114272 0.00842381 0.00252075 0.0168899 0.309085 
0.634596 0.00657219 0.0944898 0.00713712 0.00300298 0.0144589 0.239743 
0.630458 0.00600507 0.101124 0.00836578 0.00187473 0.0134635 0.238709 
0.619569 0.0067683 0.0980157 0.0281693 0.00266133 0.0190996 0.225717 
0.666061 0.00604582 0.0952204 0.010434 0.00151556 0.0161408 0.204582 
0.687109 0.00585029 0.102837 0.0151086 0.00190005 0.0193103 0.167885 
0.558891 0.00625334 0.117251 0.00944338 0.0025929 0.0197651 0.285803 
0.526921 0.00690888 0.11336 0.00739103 0.002751 0.029353 0.313315 
0.589846 0.0065039 0.110263 0.0166107 0.0022853 0.0237128 0.250778 
0.63378 0.00704775 0.0967933 0.0081499 0.00289233 0.0241685 0.227168 
0.652945 0.0061518 0.0980714 0.00624581 0.00164678 0.0188856 0.216054 
0.661586 0.00538693 0.108887 0.0078496 0.00154073 0.017422 0.197328 
0.586593 0.00594232 0.109363 0.0104481 0.00256167 0.0192117 0.265881 
0.554274 0.00666521 0.116154 0.00783325 0.00328838 0.020366 0.29142 
0.627159 0.00735566 0.0777444 0.0178317 0.0071332 0.00757868 0.255197 
0.627845 0.00701468 0.0779581 0.0163123 0.0076376 0.00750291 0.25573 
0.582195 0.00706941 0.0819745 0.0199496 0.00759633 0.00756404 0.293651 
0.650319 0.00691176 0.0731008 0.0257538 0.00892889 0.00612565 0.22886 
0.772126 0.00784807 0.0642314 0.0115461 0.00836186 0.00392415 0.131962 
0.794547 0.00722698 0.0634693 0.0193737 0.00633566 0.00334166 0.105706 
0.809168 0.0088241 0.0678103 0.0148706 0.00961327 0.0038812 0.0858321 
0.819776 0.049578 0.0392036 0.00611549 0.0312835 0.00934237 0.0447013 
0.84897 0.0233757 0.0318006 0.0140833 0.0110609 0.0023647 0.0683444 
0.868495 0.0091152 0.0400455 0.0214883 0.00350222 0.00175863 0.0555947 
0.829183 0.00761859 0.0600608 0.0432237 0.00121818 0.00293721 0.0557589 
0.853241 0.0105005 0.053402 0.0138547 0.00134285 0.00306738 0.0645918 
0.852895 0.0107391 0.056128 0.0135838 0.00125927 0.00305619 0.0623387 
0.873432 0.0143863 0.0414038 0.0169278 0.00253145 0.00301124 0.0483077 
0.889604 0.0155467 0.0378377 0.0227754 0.00218587 0.0030126 0.0290377 
0.884878 0.0213877 0.0333403 0.0301919 0.00242292 0.00365896 0.0241201 
0.896017 0.018893 0.0299912 0.0233396 0.00293801 0.0032294 0.0255918 
0.886728 0.0206655 0.030497 0.0271448 0.00313848 0.00366404 0.0281621 
0.884266 0.0178626 0.0314784 0.0323423 0.00315183 0.00325486 0.0276437 
0.892362 0.0212838 0.0318667 0.0123371 0.00371077 0.00354277 0.0348973 
0.877184 0.020609 0.0367268 0.0176016 0.0039765 0.00283949 0.0410625 
0.86236 0.0213663 0.040045 0.0147502 0.0043632 0.00292255 0.0541925 
0.847086 0.0118899 0.0470009 0.0190512 0.00280217 0.00416243 0.068007 
0.873431 0.0150279 0.0416924 0.0225967 0.00388808 0.00387803 0.0394856 
0.842437 0.0151859 0.033555 0.0541096 0.0107558 0.00523489 0.0387216 
0.864949 0.0137421 0.0367183 0.035561 0.00609876 0.00324444 0.0396861 
0.824581 0.0188299 0.025863 0.0934883 0.00820244 0.00407432 0.0249615 
0.864766 0.0143095 0.0320631 0.0453112 0.00599296 0.00359542 0.0339622 
0.880257 0.0175226 0.028701 0.0344144 0.00683243 0.00355836 0.0287138 
0.860425 0.0135281 0.0287933 0.0605732 0.00590538 0.00386573 0.0269096 
0.773967 0.00907546 0.0637738 0.0540708 0.00915464 0.00654471 0.0834137 
0.277701 0.0111965 0.232238 0.0619281 0.0134646 0.040436 0.363035 
0.119862 0.00995147 0.480054 0.0513746 0.0188264 0.0471617 0.27277 
0.217201 0.0110342 0.253304 0.0487282 0.0113564 0.0581135 0.400263 
0.218662 0.0142722 0.258965 0.104809 0.018615 0.0595095 0.325168 
0.352904 0.0115199 0.188103 0.0877885 0.0199234 0.0401355 0.299626 
0.368884 0.00805853 0.17287 0.040401 0.0138832 0.019723 0.37618 
0.430964 0.00639579 0.127063 0.0266416 0.00657301 0.0122676 0.390095 
0.490273 0.0063202 0.0962435 0.0242551 0.00573072 0.00735503 0.369822 
0.471797 0.00653796 0.0846608 0.0103577 0.00394847 0.0049199 0.417778 
0.429399 0.00635267 0.108171 0.0100381 0.00465588 0.00959963 0.431783 
0.456098 0.00630436 0.0979282 0.0117556 0.00408497 0.00815335 0.415676 
0.404605 0.00589889 0.100208 0.00798409 0.00321878 0.00663274 0.471453 
0.371932 0.00605743 0.103603 0.0069489 0.00275991 0.00605835 0.50264 
0.370641 0.00622058 0.0992597 0.00829207 0.00407526 0.00861732 0.502894 
0.363969 0.00734804 0.0941411 0.00804874 0.00500905 0.0119544 0.50953 
0.391224 0.00707732 0.0994392 0.00713879 0.00458964 0.014051 0.47648 
0.41548 0.00714517 0.0968025 0.0078106 0.00363031 0.01311 0.456021 
0.436739 0.0064841 0.0956648 0.005873 0.00270959 0.0102568 0.442273 
0.47621 0.00661369 0.0956316 0.00945004 0.00330626 0.00901019 0.399778 
0.393375 0.00632193 0.0918835 0.0100129 0.00555178 0.00595705 0.486898 
0.584883 0.0092912 0.0773214 0.00782024 0.00567173 0.00392534 0.311087 
0.664951 0.00909441 0.0619083 0.0140181 0.00993729 0.00325113 0.23684 
0.748576 0.00891209 0.0576324 0.0136978 0.00623137 0.00324657 0.161704 
0.684993 0.00709144 0.0647931 0.0290624 0.00387932 0.00586416 0.204316 
0.770747 0.00834413 0.0508221 0.0276838 0.00742035 0.00476999 0.130212 
0.765861 0.0090784 0.0440253 0.0249411 0.0081287 0.00509901 0.142867 
0.73601 0.0102349 0.0418675 0.01734 0.00724073 0.00399277 0.183314 
0.639294 0.0140482 0.0401557 0.0121287 0.0107008 0.00328795 0.280384 
0.657745 0.0142959 0.0362018 0.0210835 0.00973879 0.00300268 0.257932 
0.688974 0.0131296 0.0353512 0.026988 0.0062854 0.0026538 0.226618 
0.752706 0.0148742 0.027473 0.075389 0.00876046 0.00324073 0.117557 
0.765066 0.0172103 0.0294774 0.0414883 0.00799906 0.00318335 0.135575 
0.802184 0.0158115 0.0243057 0.0674182 0.00876176 0.00337502 0.0781437 
0.808389 0.0160146 0.0271954 0.063367 0.00594411 0.00323569 0.0758547 
0.749131 0.0133867 0.0270615 0.0785854 0.0138777 0.00767925 0.110279 
0.763822 0.00887475 0.0439051 0.0612015 0.00575947 0.00490019 0.111537 
0.691999 0.00808859 0.0590219 0.0402188 0.00430992 0.0063255 0.190036 
0.488938 0.00758138 0.0700078 0.0377914 0.00705748 0.00775588 0.380868 
0.464975 0.00681823 0.0734635 0.0281998 0.00727317 0.00654497 0.412725 
0.524371 0.00837036 0.0683762 0.0210606 0.0166021 0.00811985 0.3531 
0.508903 0.00754837 0.0742979 0.0293309 0.0118259 0.00685944 0.361234 
0.425266 0.00728159 0.0856608 0.01296 0.00669079 0.010285 0.451856 
0.470953 0.00835932 0.0753592 0.0107395 0.0104584 0.0116056 0.412525 
0.486028 0.00738226 0.0850491 0.00497142 0.00529882 0.00644004 0.40483 
0.512282 0.00853623 0.079271 0.00996436 0.00726394 0.0109098 0.371773 
0.51609 0.00683382 0.0819985 0.00988812 0.00463868 0.0071275 0.373423 
0.400618 0.0068066 0.088839 0.00603077 0.0038062 0.00773544 0.486164 
0.332651 0.00629927 0.0904575 0.00719485 0.00434767 0.00763953 0.55141 
0.323711 0.00674078 0.0901862 0.00645635 0.00456616 0.0110111 0.557329 
0.271715 0.00722874 0.096599 0.00693588 0.00670721 0.0139025 0.596911 
0.329797 0.00725952 0.107595 0.00582739 0.00586877 0.0128647 0.530788 
0.287793 0.00891325 0.0870483 0.0128222 0.00950866 0.0155569 0.578357 
0.235947 0.00772431 0.0866822 0.00774061 0.00640429 0.013098 0.642403 
0.20058 0.00743238 0.097576 0.00617079 0.00629929 0.0169499 0.664992 
0.252526 0.00784622 0.0830064 0.00691545 0.00866932 0.0127902 0.628246 
0.339618 0.00768867 0.085374 0.00527723 0.00603338 0.010065 0.545944 
0.295409 0.00734624 0.0884274 0.00926395 0.00907076 0.0104883 0.579994 
0.295138 0.00711377 0.0917332 0.00772205 0.00809932 0.00967547 0.580518 
0.447733 0.00862691 0.0738219 0.0236546 0.0121566 0.0117713 0.422236 
0.567686 0.0105498 0.0563165 0.0350805 0.0110616 0.00979856 0.309507 
0.790722 0.0153136 0.0278816 0.0460251 0.0147913 0.00770221 0.0975646 
0.775056 0.0350098 0.0151229 0.11019 0.0156871 0.012398 0.0365362 
0.599337 0.187124 0.00946726 0.0971731 0.0658216 0.0193235 0.0217534 
0.570762 0.237297 0.00872129 0.0685291 0.0705517 0.0226893 0.021449 
0.518835 0.321338 0.00977612 0.0719524 0.0312427 0.024773 0.0220829 
0.480471 0.356036 0.00794886 0.0593734 0.0440318 0.0314681 0.0206711 
0.396921 0.344528 0.00868315 0.137978 0.0579965 0.0362863 0.017607 
0.352331 0.345032 0.00782874 0.145575 0.0937843 0.0388545 0.0165945 
0.403333 0.377682 0.00583761 0.11668 0.061187 0.0222143 0.0130666 
0.388151 0.361582 0.00663924 0.163796 0.0409623 0.0258081 0.0130622 
0.448804 0.220043 0.0141447 0.239046 0.0191399 0.0407943 0.0180277 
0.48447 0.239155 0.00871947 0.162326 0.0355303 0.0544173 0.0153826 
0.387113 0.221677 0.00990806 0.254109 0.0402918 0.0687195 0.0181817 
0.334772 0.246783 0.0107388 0.271799 0.0489457 0.0695775 0.0173841 
0.329876 0.331778 0.00695522 0.184483 0.0646717 0.0688435 0.0133933 
0.299292 0.357422 0.00921812 0.19412 0.0550249 0.0678933 0.01703 
0.247624 0.450829 0.00572522 0.0729704 0.198707 0.00867653 0.0154677 
0.280806 0.166342 0.0171436 0.229536 0.237128 0.0480246 0.0210207 
0.442061 0.162845 0.0168639 0.212469 0.118682 0.0279759 0.0191028 
0.325481 0.168596 0.0234357 0.326073 0.029494 0.0994416 0.0274788 
0.373546 0.230724 0.0148034 0.233833 0.0716142 0.0567657 0.0187133 
0.307647 0.30922 0.00549018 0.0779203 0.26235 0.0277772 0.00959575 
0.270685 0.408817 0.0073839 0.152921 0.0910532 0.0563529 0.012786 
0.169957 0.329639 0.0141488 0.237687 0.0861389 0.141195 0.0212343 
0.120051 0.382399 0.00943835 0.157433 0.198192 0.119658 0.0128288 
0.0876633 0.309561 0.0130968 0.192985 0.224124 0.156399 0.0161716 
0.0936654 0.309108 0.0153605 0.199063 0.134684 0.229482 0.0186374 
0.0977787 0.267286 0.0161049 0.218075 0.134661 0.247415 0.0186805 
0.111057 0.300712 0.0162793 0.208987 0.0750995 0.265818 0.0220476 
0.0999021 0.35407 0.0153716 0.184701 0.0528171 0.272481 0.0206571 
0.128617 0.29996 0.0199811 0.269919 0.0540948 0.20147 0.0259579 
0.1171 0.135586 0.0221811 0.452502 0.073971 0.172137 0.0265229 
0.117166 0.128051 0.0182102 0.456456 0.158333 0.0976554 0.0241287 
0.12208 0.453985 0.00891168 0.122706 0.167471 0.110421 0.0144241 
0.148235 0.408664 0.00865617 0.112896 0.147129 0.159976 0.0144445 
0.162568 0.30042 0.0157269 0.212713 0.102918 0.183649 0.0220051 
0.168588 0.246411 0.0224309 0.324931 0.0448136 0.163571 0.0292543 
0.153932 0.249388 0.0206966 0.378967 0.0570517 0.114798 0.0251668 
0.167431 0.293046 0.0269999 0.304362 0.030413 0.144926 0.032822 
0.162341 0.247435 0.0237907 0.347217 0.04946 0.140381 0.0293743 
0.121174 0.224888 0.0177262 0.258918 0.0303944 0.321257 0.0256432 
0.14574 0.218804 0.0153022 0.257672 0.0390527 0.298713 0.024716 
0.116773 0.181953 0.012903 0.244269 0.0396222 0.383686 0.0207936 
0.113599 0.193116 0.0129822 0.255241 0.0420051 0.362375 0.0206818 
0.109068 0.164346 0.0129186 0.292963 0.0488791 0.350392 0.0214334 
0.11053 0.176007 0.0134387 0.319239 0.061055 0.299124 0.0206065 
0.106649 0.149843 0.0128346 0.383129 0.0812724 0.246103 0.0201701 
0.0816109 0.0901615 0.0123474 0.573558 0.0645128 0.158862 0.018947 
0.0695252 0.0454789 0.00920955 0.730414 0.0584671 0.0723138 0.0145917 
0.0524283 0.0430358 0.00727367 0.785471 0.0554914 0.0460067 0.0102929 
0.0687039 0.0656893 0.00947837 0.740654 0.0552782 0.0472891 0.0129074 
0.0825096 0.0932902 0.0122753 0.679252 0.0548246 0.0609949 0.0168533 
0.105163 0.142597 0.0168844 0.591697 0.041458 0.0795907 0.0226097 
0.120806 0.174546 0.0172131 0.536372 0.0401657 0.0870138 0.0238836 
0.0565821 0.0561625 0.00960399 0.736727 0.0221157 0.103579 0.0152291 
0.0648692 0.0624351 0.011604 0.693021 0.0256594 0.123706 0.0187057 
0.0630243 0.0800981 0.0133901 0.686775 0.0253612 0.111532 0.01982 
0.0759365 0.0839465 0.0151791 0.649125 0.0290233 0.122071 0.0247187 
0.0763455 0.0797643 0.0170408 0.584994 0.0310343 0.178886 0.0319351 
0.0829166 0.0796935 0.0140519 0.581353 0.0427693 0.171917 0.0272988 
0.0887445 0.0894811 0.0150801 0.577443 0.0355288 0.163748 0.0299737 
0.0830069 0.0935308 0.0160442 0.503415 0.0352155 0.237668 0.0311196 
0.141363 0.134386 0.0219703 0.460415 0.0429377 0.160285 0.038643 
0.103597 0.13825 0.0194707 0.459106 0.0442458 0.20329 0.0320405 
0.109288 0.124896 0.0186226 0.504148 0.0470293 0.164412 0.0316045 
0.104966 0.131686 0.0196391 0.478109 0.046318 0.187285 0.0319973 
0.123699 0.138496 0.0232659 0.439238 0.0448548 0.191425 0.0390215 
0.118572 0.143733 0.0228635 0.415504 0.0329437 0.228268 0.0381154 
0.10753 0.136425 0.0235031 0.465881 0.036556 0.193717 0.0363879 
0.106581 0.137968 0.0238062 0.384425 0.0345001 0.275255 0.0374646 
0.0993354 0.121511 0.0227253 0.553221 0.0338163 0.132803 0.0365882 
0.116206 0.115163 0.0241907 0.473714 0.0275656 0.20203 0.0411314 
0.145443 0.127325 0.0259248 0.390474 0.0342502 0.232284 0.0442992 
0.155045 0.120131 0.0261186 0.453295 0.0295817 0.170778 0.0450512 
0.150739 0.131866 0.0248014 0.408837 0.0289361 0.207964 0.0468565 
0.163389 0.120317 0.026488 0.416151 0.0255027 0.200445 0.0477082 
0.0972842 0.0993343 0.0214636 0.533782 0.026076 0.183909 0.0381504 
0.209452 0.113809 0.0245009 0.414453 0.0306467 0.160426 0.046713 
0.198176 0.122237 0.0269473 0.430749 0.0294916 0.14618 0.0462179 
0.328028 0.090888 0.0233342 0.357244 0.0181752 0.132339 0.0499915 
0.214532 0.0849486 0.0191254 0.475452 0.0393226 0.12506 0.0415599 
0.267648 0.049892 0.0156518 0.513431 0.01849 0.0960701 0.038817 
0.383403 0.0574364 0.0161472 0.360631 0.0302217 0.105638 0.0465231 
0.536905 0.0593546 0.0179033 0.241614 0.015909 0.0850733 0.0432411 
0.482155 0.0648488 0.0189211 0.213628 0.0179862 0.141252 0.0612094 
0.538673 0.0540021 0.0216097 0.214513 0.0144282 0.0939926 0.0627815 
0.600062 0.0468538 0.0206679 0.18501 0.0175203 0.0749083 0.0549768 
0.666868 0.0494347 0.0235938 0.133474 0.0100043 0.0616023 0.0550227 
0.648181 0.0622709 0.0186395 0.168135 0.0125981 0.051039 0.0391366 
0.669493 0.0569179 0.020304 0.150181 0.0113306 0.0484964 0.0432772 
0.677668 0.0506206 0.019226 0.160199 0.0128724 0.0382303 0.0411837 
0.773864 0.0557736 0.0209534 0.0598913 0.0106986 0.0388755 0.0399437 
0.763734 0.0412524 0.0234094 0.0750708 0.00863607 0.0403875 0.0475096 
0.790322 0.0276516 0.0296933 0.0556791 0.00869361 0.0321843 0.0557763 
0.763716 0.0224385 0.0342356 0.0805331 0.00822015 0.0318219 0.0590346 
0.835317 0.0165639 0.0281969 0.0210554 0.0050652 0.0360405 0.0577609 
0.830632 0.0246723 0.0264669 0.0161454 0.00755739 0.0379806 0.0565458 
0.810564 0.0252406 0.0283747 0.0285458 0.00507221 0.0449426 0.0572599 
0.784698 0.0351787 0.0239094 0.0687606 0.00958322 0.0362157 0.0416547 
0.811084 0.0237735 0.032727 0.0351746 0.00479136 0.0352015 0.0572482 
0.791104 0.0322509 0.0329846 0.0445906 0.00735497 0.0440387 0.0476758 
0.861375 0.0207838 0.0342241 0.0218021 0.00316788 0.0161498 0.0424975 
0.849553 0.0213113 0.0281261 0.0332439 0.00543987 0.0206711 0.0416545 
0.852655 0.0243633 0.0290953 0.0290065 0.00415224 0.0231008 0.0376267 
0.841759 0.0203423 0.0349568 0.034731 0.00330161 0.0245079 0.0404015 
0.846517 0.0222414 0.0350243 0.0311376 0.00299695 0.018741 0.0433415 
