0.704737 0.00896879 0.0878965 0.00332974 0.00250299 0.00364761 0.188917 
0.763182 0.00761037 0.0762359 0.00532219 0.00270675 0.00469208 0.140251 
0.767664 0.00855778 0.0773571 0.00651132 0.00295362 0.00511008 0.131846 
0.764321 0.00843224 0.0777917 0.00381021 0.00251709 0.0061312 0.136996 
0.722961 0.00893876 0.0887888 0.00457141 0.00416293 0.00683619 0.163741 
0.737436 0.00968535 0.0794668 0.00524678 0.00376204 0.00839891 0.156004 
0.770562 0.0106477 0.0720781 0.00460872 0.00463816 0.00551171 0.131953 
0.661174 0.0106097 0.0950261 0.00151893 0.00141166 0.00488845 0.225371 
0.687666 0.0105816 0.0783895 0.00300655 0.00219826 0.00391919 0.214239 
0.724192 0.00969449 0.0821674 0.00419806 0.00233244 0.00532308 0.172093 
0.76507 0.0131416 0.0734345 0.00346359 0.0020106 0.00717076 0.135709 
0.767878 0.0112757 0.072067 0.00409396 0.00249337 0.00592655 0.136266 
0.728962 0.0126303 0.0723759 0.00309376 0.00278262 0.00781275 0.172342 
0.789857 0.0103714 0.064496 0.00569667 0.00373481 0.0076177 0.118227 
0.655125 0.00612951 0.116059 0.00701833 0.00193649 0.0135901 0.200141 
0.681431 0.00717455 0.100731 0.00553306 0.00271701 0.013976 0.188438 
0.707633 0.00683865 0.0859094 0.00880539 0.00284303 0.0134097 0.17456 
0.745405 0.00964446 0.072811 0.00729364 0.00340172 0.00513135 0.156312 
0.803328 0.0091302 0.0630166 0.00877838 0.0036173 0.00782756 0.104302 
0.805139 0.00933283 0.0592417 0.0112302 0.00413078 0.00774996 0.103176 
0.811466 0.00786454 0.0632453 0.0119535 0.00471466 0.00696577 0.0937907 
0.774718 0.0079014 0.0644565 0.0088203 0.00347029 0.0067552 0.133878 
0.742039 0.00919309 0.0661027 0.00719012 0.00379921 0.00531646 0.166359 
0.628698 0.0156649 0.0720994 0.00482661 0.0125452 0.00343504 0.262731 
0.701705 0.00926179 0.0759839 0.00948729 0.00458466 0.00202134 0.196956 
0.704094 0.0180469 0.0547371 0.0119734 0.0104678 0.00193002 0.198751 
0.724201 0.0171803 0.051781 0.0121813 0.00694109 0.0022452 0.18547 
0.810857 0.0138669 0.0402405 0.0366333 0.00520121 0.00209635 0.0911045 
0.845281 0.0211037 0.02736 0.0415465 0.00510075 0.00199347 0.0576142 
0.8536 0.0226117 0.0287503 0.023673 0.00757794 0.00248945 0.0612978 
0.834145 0.0192948 0.0305566 0.0257181 0.00740922 0.00267381 0.0802028 
0.853672 0.0208535 0.025321 0.0336108 0.0119034 0.00216118 0.0524786 
0.862438 0.0177073 0.0269225 0.0310546 0.00869505 0.00204341 0.0511396 
0.871003 0.0159034 0.0301597 0.0301789 0.00728981 0.00249174 0.0429734 
0.865742 0.0142455 0.0308327 0.0313772 0.00642263 0.00270302 0.0486769 
0.878126 0.0149197 0.029685 0.0285665 0.00626703 0.00302848 0.0394077 
0.874597 0.0161978 0.030216 0.0296359 0.00566684 0.00317194 0.0405145 
0.866302 0.0142077 0.032954 0.0267507 0.00708969 0.00251467 0.0501809 
0.807007 0.0129754 0.0420379 0.0175779 0.0083923 0.00256051 0.109449 
0.850635 0.0152774 0.0320357 0.0246605 0.008127 0.00161605 0.0676486 
0.831552 0.0153543 0.0325785 0.024254 0.00865479 0.00227002 0.0853361 
0.843138 0.019382 0.033214 0.0198499 0.0137823 0.00286491 0.0677689 
0.818348 0.0140701 0.0450101 0.0169815 0.00619898 0.00247141 0.0969195 
0.860425 0.0135281 0.0287933 0.0605732 0.00590538 0.00386573 0.0269096 
0.773967 0.00907546 0.0637738 0.0540708 0.00915464 0.00654471 0.0834137 
0.277701 0.0111965 0.232238 0.0619281 0.0134646 0.040436 0.363035 
0.119862 0.00995147 0.480054 0.0513746 0.0188264 0.0471617 0.27277 
0.217201 0.0110342 0.253304 0.0487282 0.0113564 0.0581135 0.400263 
0.218662 0.0142722 0.258965 0.104809 0.018615 0.0595095 0.325168 
0.352904 0.0115199 0.188103 0.0877885 0.0199234 0.0401355 0.299626 
0.368884 0.00805853 0.17287 0.040401 0.0138832 0.019723 0.37618 
0.430964 0.00639579 0.127063 0.0266416 0.00657301 0.0122676 0.390095 
0.490273 0.0063202 0.0962435 0.0242551 0.00573072 0.00735503 0.369822 
0.471797 0.00653796 0.0846608 0.0103577 0.00394847 0.0049199 0.417778 
0.429399 0.00635267 0.108171 0.0100381 0.00465588 0.00959963 0.431783 
0.456098 0.00630436 0.0979282 0.0117556 0.00408497 0.00815335 0.415676 
0.404605 0.00589889 0.100208 0.00798409 0.00321878 0.00663274 0.471453 
0.371932 0.00605743 0.103603 0.0069489 0.00275991 0.00605835 0.50264 
0.370641 0.00622058 0.0992597 0.00829207 0.00407526 0.00861732 0.502894 
0.363969 0.00734804 0.0941411 0.00804874 0.00500905 0.0119544 0.50953 
0.391224 0.00707732 0.0994392 0.00713879 0.00458964 0.014051 0.47648 
0.41548 0.00714517 0.0968025 0.0078106 0.00363031 0.01311 0.456021 
0.436739 0.0064841 0.0956648 0.005873 0.00270959 0.0102568 0.442273 
0.47621 0.00661369 0.0956316 0.00945004 0.00330626 0.00901019 0.399778 
0.393375 0.00632193 0.0918835 0.0100129 0.00555178 0.00595705 0.486898 
0.584883 0.0092912 0.0773214 0.00782024 0.00567173 0.00392534 0.311087 
0.664951 0.00909441 0.0619083 0.0140181 0.00993729 0.00325113 0.23684 
0.748576 0.00891209 0.0576324 0.0136978 0.00623137 0.00324657 0.161704 
0.684993 0.00709144 0.0647931 0.0290624 0.00387932 0.00586416 0.204316 
0.770747 0.00834413 0.0508221 0.0276838 0.00742035 0.00476999 0.130212 
0.765861 0.0090784 0.0440253 0.0249411 0.0081287 0.00509901 0.142867 
0.73601 0.0102349 0.0418675 0.01734 0.00724073 0.00399277 0.183314 
0.339618 0.00768867 0.085374 0.00527723 0.00603338 0.010065 0.545944 
0.295409 0.00734624 0.0884274 0.00926395 0.00907076 0.0104883 0.579994 
0.295138 0.00711377 0.0917332 0.00772205 0.00809932 0.00967547 0.580518 
0.447733 0.00862691 0.0738219 0.0236546 0.0121566 0.0117713 0.422236 
0.567686 0.0105498 0.0563165 0.0350805 0.0110616 0.00979856 0.309507 
0.790722 0.0153136 0.0278816 0.0460251 0.0147913 0.00770221 0.0975646 
0.775056 0.0350098 0.0151229 0.11019 0.0156871 0.012398 0.0365362 
0.599337 0.187124 0.00946726 0.0971731 0.0658216 0.0193235 0.0217534 
0.570762 0.237297 0.00872129 0.0685291 0.0705517 0.0226893 0.021449 
0.518835 0.321338 0.00977612 0.0719524 0.0312427 0.024773 0.0220829 
0.480471 0.356036 0.00794886 0.0593734 0.0440318 0.0314681 0.0206711 
0.396921 0.344528 0.00868315 0.137978 0.0579965 0.0362863 0.017607 
0.352331 0.345032 0.00782874 0.145575 0.0937843 0.0388545 0.0165945 
0.403333 0.377682 0.00583761 0.11668 0.061187 0.0222143 0.0130666 
0.388151 0.361582 0.00663924 0.163796 0.0409623 0.0258081 0.0130622 
0.448804 0.220043 0.0141447 0.239046 0.0191399 0.0407943 0.0180277 
0.48447 0.239155 0.00871947 0.162326 0.0355303 0.0544173 0.0153826 
0.387113 0.221677 0.00990806 0.254109 0.0402918 0.0687195 0.0181817 
0.334772 0.246783 0.0107388 0.271799 0.0489457 0.0695775 0.0173841 
0.329876 0.331778 0.00695522 0.184483 0.0646717 0.0688435 0.0133933 
0.299292 0.357422 0.00921812 0.19412 0.0550249 0.0678933 0.01703 
0.247624 0.450829 0.00572522 0.0729704 0.198707 0.00867653 0.0154677 
0.280806 0.166342 0.0171436 0.229536 0.237128 0.0480246 0.0210207 
0.442061 0.162845 0.0168639 0.212469 0.118682 0.0279759 0.0191028 
0.325481 0.168596 0.0234357 0.326073 0.029494 0.0994416 0.0274788 
0.373546 0.230724 0.0148034 0.233833 0.0716142 0.0567657 0.0187133 
0.307647 0.30922 0.00549018 0.0779203 0.26235 0.0277772 0.00959575 
0.270685 0.408817 0.0073839 0.152921 0.0910532 0.0563529 0.012786 
0.169957 0.329639 0.0141488 0.237687 0.0861389 0.141195 0.0212343 
0.339618 0.00768867 0.085374 0.00527723 0.00603338 0.010065 0.545944 
0.295409 0.00734624 0.0884274 0.00926395 0.00907076 0.0104883 0.579994 
0.295138 0.00711377 0.0917332 0.00772205 0.00809932 0.00967547 0.580518 
0.447733 0.00862691 0.0738219 0.0236546 0.0121566 0.0117713 0.422236 
0.567686 0.0105498 0.0563165 0.0350805 0.0110616 0.00979856 0.309507 
0.790722 0.0153136 0.0278816 0.0460251 0.0147913 0.00770221 0.0975646 
0.775056 0.0350098 0.0151229 0.11019 0.0156871 0.012398 0.0365362 
0.599337 0.187124 0.00946726 0.0971731 0.0658216 0.0193235 0.0217534 
0.570762 0.237297 0.00872129 0.0685291 0.0705517 0.0226893 0.021449 
0.518835 0.321338 0.00977612 0.0719524 0.0312427 0.024773 0.0220829 
0.480471 0.356036 0.00794886 0.0593734 0.0440318 0.0314681 0.0206711 
0.396921 0.344528 0.00868315 0.137978 0.0579965 0.0362863 0.017607 
0.352331 0.345032 0.00782874 0.145575 0.0937843 0.0388545 0.0165945 
0.403333 0.377682 0.00583761 0.11668 0.061187 0.0222143 0.0130666 
0.388151 0.361582 0.00663924 0.163796 0.0409623 0.0258081 0.0130622 
0.448804 0.220043 0.0141447 0.239046 0.0191399 0.0407943 0.0180277 
0.48447 0.239155 0.00871947 0.162326 0.0355303 0.0544173 0.0153826 
0.387113 0.221677 0.00990806 0.254109 0.0402918 0.0687195 0.0181817 
0.334772 0.246783 0.0107388 0.271799 0.0489457 0.0695775 0.0173841 
0.329876 0.331778 0.00695522 0.184483 0.0646717 0.0688435 0.0133933 
0.299292 0.357422 0.00921812 0.19412 0.0550249 0.0678933 0.01703 
0.247624 0.450829 0.00572522 0.0729704 0.198707 0.00867653 0.0154677 
0.280806 0.166342 0.0171436 0.229536 0.237128 0.0480246 0.0210207 
0.442061 0.162845 0.0168639 0.212469 0.118682 0.0279759 0.0191028 
0.325481 0.168596 0.0234357 0.326073 0.029494 0.0994416 0.0274788 
0.373546 0.230724 0.0148034 0.233833 0.0716142 0.0567657 0.0187133 
0.307647 0.30922 0.00549018 0.0779203 0.26235 0.0277772 0.00959575 
0.270685 0.408817 0.0073839 0.152921 0.0910532 0.0563529 0.012786 
0.169957 0.329639 0.0141488 0.237687 0.0861389 0.141195 0.0212343 
0.685848 0.0193431 0.0452585 0.0236016 0.00574342 0.0485903 0.171615 
0.589126 0.0152812 0.061576 0.0441843 0.00625308 0.0260746 0.257505 
0.64641 0.0142103 0.0633962 0.0257085 0.00541118 0.0201027 0.224761 
0.566777 0.0151013 0.0764793 0.0160194 0.0103568 0.0243652 0.290901 
0.625511 0.0162616 0.0648795 0.0153722 0.00939002 0.0211883 0.247397 
0.669112 0.015298 0.064261 0.0182585 0.0161327 0.0209213 0.196017 
0.610493 0.0188741 0.0480016 0.0131118 0.0171378 0.0216128 0.270769 
0.765168 0.0186193 0.0375624 0.0248609 0.00948758 0.0208396 0.123462 
0.709213 0.0155862 0.0491841 0.0277401 0.00548713 0.0214222 0.171368 
0.75827 0.0183396 0.0417299 0.0306518 0.00512373 0.0271719 0.118713 
0.752054 0.0180493 0.045307 0.020908 0.00440309 0.0274086 0.13187 
0.776626 0.0163001 0.0520594 0.0246735 0.0038603 0.0222067 0.104274 
0.741602 0.0163906 0.0512826 0.0190775 0.00726796 0.0249629 0.139416 
0.776986 0.0157704 0.0502787 0.0270055 0.00582133 0.0195311 0.104607 
0.696836 0.0132677 0.0607569 0.0247138 0.00766467 0.0229984 0.173762 
0.660537 0.0122381 0.0605296 0.0263542 0.00729678 0.0238384 0.209206 
0.672144 0.0121493 0.0561559 0.028907 0.0076363 0.0209656 0.202042 
0.710712 0.0123587 0.0590531 0.024636 0.00825698 0.0185924 0.166391 
0.666019 0.0132216 0.0545132 0.0207976 0.00675733 0.0251832 0.213508 
0.674929 0.0124883 0.0567405 0.020876 0.00729681 0.0229709 0.204698 
0.632229 0.0126793 0.0626629 0.0330444 0.00556767 0.0244671 0.22935 
0.594856 0.0111014 0.0678747 0.0199586 0.00622494 0.0225909 0.277394 
0.590538 0.0105996 0.0762995 0.0307168 0.00733732 0.0184933 0.266015 
0.525273 0.00974763 0.0915687 0.0173232 0.00551785 0.0218191 0.328751 
0.441 0.00999186 0.097 0.0125127 0.00584724 0.0217382 0.41191 
0.548837 0.00971131 0.0912999 0.01328 0.00476955 0.0158502 0.316252 
0.516202 0.00967148 0.0867242 0.00888333 0.00458501 0.014709 0.359225 
0.56699 0.00937894 0.0830704 0.0108985 0.00504525 0.0189619 0.305655 
0.529957 0.0101903 0.089013 0.010171 0.00721773 0.0206288 0.332822 
0.339618 0.00768867 0.085374 0.00527723 0.00603338 0.010065 0.545944 
0.295409 0.00734624 0.0884274 0.00926395 0.00907076 0.0104883 0.579994 
0.295138 0.00711377 0.0917332 0.00772205 0.00809932 0.00967547 0.580518 
0.447733 0.00862691 0.0738219 0.0236546 0.0121566 0.0117713 0.422236 
0.567686 0.0105498 0.0563165 0.0350805 0.0110616 0.00979856 0.309507 
0.790722 0.0153136 0.0278816 0.0460251 0.0147913 0.00770221 0.0975646 
0.775056 0.0350098 0.0151229 0.11019 0.0156871 0.012398 0.0365362 
0.599337 0.187124 0.00946726 0.0971731 0.0658216 0.0193235 0.0217534 
0.570762 0.237297 0.00872129 0.0685291 0.0705517 0.0226893 0.021449 
0.518835 0.321338 0.00977612 0.0719524 0.0312427 0.024773 0.0220829 
0.480471 0.356036 0.00794886 0.0593734 0.0440318 0.0314681 0.0206711 
0.396921 0.344528 0.00868315 0.137978 0.0579965 0.0362863 0.017607 
0.352331 0.345032 0.00782874 0.145575 0.0937843 0.0388545 0.0165945 
0.403333 0.377682 0.00583761 0.11668 0.061187 0.0222143 0.0130666 
0.388151 0.361582 0.00663924 0.163796 0.0409623 0.0258081 0.0130622 
0.448804 0.220043 0.0141447 0.239046 0.0191399 0.0407943 0.0180277 
0.48447 0.239155 0.00871947 0.162326 0.0355303 0.0544173 0.0153826 
0.387113 0.221677 0.00990806 0.254109 0.0402918 0.0687195 0.0181817 
0.334772 0.246783 0.0107388 0.271799 0.0489457 0.0695775 0.0173841 
0.329876 0.331778 0.00695522 0.184483 0.0646717 0.0688435 0.0133933 
0.299292 0.357422 0.00921812 0.19412 0.0550249 0.0678933 0.01703 
0.247624 0.450829 0.00572522 0.0729704 0.198707 0.00867653 0.0154677 
0.280806 0.166342 0.0171436 0.229536 0.237128 0.0480246 0.0210207 
0.442061 0.162845 0.0168639 0.212469 0.118682 0.0279759 0.0191028 
0.325481 0.168596 0.0234357 0.326073 0.029494 0.0994416 0.0274788 
0.373546 0.230724 0.0148034 0.233833 0.0716142 0.0567657 0.0187133 
0.307647 0.30922 0.00549018 0.0779203 0.26235 0.0277772 0.00959575 
0.270685 0.408817 0.0073839 0.152921 0.0910532 0.0563529 0.012786 
0.169957 0.329639 0.0141488 0.237687 0.0861389 0.141195 0.0212343 
0.658028 0.00917862 0.0559486 0.054553 0.00909917 0.0106903 0.202503 
0.682994 0.00868947 0.0471424 0.0707663 0.0119691 0.00777872 0.17066 
0.742256 0.00873271 0.0394822 0.0752594 0.0110427 0.00697785 0.116249 
0.707814 0.00923934 0.0411255 0.090914 0.0124122 0.00811659 0.130379 
0.744944 0.00920871 0.0397335 0.0825833 0.0125479 0.00828841 0.102694 
0.743454 0.00992266 0.0391337 0.0754043 0.00836129 0.00958761 0.114136 
0.733545 0.0101762 0.0395402 0.09597 0.00747448 0.00726657 0.106028 
0.754033 0.00886051 0.0363419 0.105377 0.00816717 0.005027 0.0821928 
0.716414 0.00885972 0.0376187 0.152779 0.00817224 0.00543855 0.0707175 
0.680416 0.00928205 0.0385898 0.17396 0.00839202 0.0070129 0.0823469 
0.762518 0.00891102 0.0350563 0.0911098 0.0119787 0.00583981 0.0845866 
0.747999 0.00838931 0.0389925 0.089403 0.00936062 0.00485444 0.101001 
0.75025 0.00856469 0.0414561 0.0580239 0.0116982 0.0057114 0.124295 
0.722961 0.00908176 0.0502983 0.0524492 0.0102579 0.00596739 0.148984 
0.738159 0.00971273 0.0506861 0.0456859 0.0076712 0.00920192 0.138883 
0.729898 0.00939695 0.0514861 0.0471893 0.00833847 0.00761255 0.146079 
0.707056 0.00937078 0.0578543 0.0347123 0.00766171 0.00871707 0.174628 
0.588524 0.00848676 0.0751329 0.0252174 0.0078162 0.0114524 0.28337 
0.604429 0.00817563 0.0765673 0.0209448 0.00475393 0.0107092 0.27442 
0.558051 0.00879769 0.0698116 0.00977832 0.00598459 0.00712372 0.340453 
0.683443 0.00944885 0.0519889 0.0150135 0.00538895 0.00560463 0.229112 
0.81791 0.00866596 0.0428055 0.0233723 0.00392665 0.00395938 0.0993605 
0.799439 0.0102462 0.043151 0.0308419 0.00387757 0.00567715 0.106767 
0.805437 0.00857406 0.0487521 0.0237921 0.00364046 0.00594048 0.103864 
0.729622 0.010918 0.0484875 0.0729348 0.0135277 0.0102141 0.114295 
0.752182 0.0109536 0.0528585 0.0332888 0.00903686 0.00975203 0.131928 
0.679469 0.0108543 0.0453676 0.117037 0.0117676 0.0114672 0.124037 
0.785267 0.0112922 0.0350703 0.0805377 0.00768518 0.00514736 0.0750003 
0.822058 0.0212857 0.0217839 0.0588392 0.0254888 0.00301001 0.0475343 
0.565883 0.116374 0.0114709 0.159061 0.09543 0.00409444 0.0476869 
0.488901 0.125095 0.0120718 0.184427 0.139043 0.00555354 0.0449086 
0.271397 0.144459 0.0162519 0.23479 0.285762 0.0113852 0.0359538 
0.0834951 0.0492334 0.00791558 0.100325 0.735648 0.00618754 0.0171959 
0.0203988 0.00359931 8.32831E-4 0.0145228 0.955559 0.00143968 0.00364771 
0.0211798 0.00336346 6.87946E-4 0.0125497 0.958527 9.09426E-4 0.00278299 
0.0473334 0.013465 0.00212714 0.0318998 0.898065 0.00175784 0.00535185 
0.741159 0.065268 0.0151834 0.115049 0.038212 0.00944493 0.0156837 
0.083873 0.0211196 0.0329808 0.0809165 0.00718944 0.637608 0.136312 
0.0509418 0.0215448 0.0311109 0.110163 0.0122101 0.557788 0.216242 
0.642856 0.0271697 0.028848 0.0533759 0.0188567 0.0712825 0.157611 
0.816993 0.0404979 0.0199664 0.0103542 0.0156689 0.00857758 0.0879423 
0.837366 0.0230305 0.0179536 0.0429118 0.0159215 0.0134612 0.0493559 
