0.620346 0.00958088 0.0874202 0.00305497 0.00291872 0.00615572 0.270523 
0.58017 0.00925093 0.0832406 0.00353815 0.0032541 0.00656217 0.313984 
0.619325 0.00851146 0.0844492 0.0053163 0.00490232 0.00633813 0.271158 
0.705349 0.00927598 0.0794043 0.00557679 0.00439905 0.00458275 0.191412 
0.707927 0.00836652 0.0820647 0.00584353 0.00437557 0.00570422 0.185719 
0.685401 0.00970195 0.0876905 0.00510456 0.00413552 0.00762673 0.20034 
0.749971 0.009095 0.0817729 0.00791736 0.00434182 0.00574225 0.14116 
0.75984 0.00890189 0.0814543 0.00632926 0.00310359 0.00540085 0.13497 
0.752066 0.00901686 0.080965 0.00658715 0.00366899 0.00576477 0.141931 
0.790623 0.00817592 0.0784511 0.00730207 0.00365648 0.00440098 0.10739 
0.724556 0.00798778 0.0900416 0.0068889 0.00372465 0.00601185 0.16079 
0.699188 0.00831763 0.08608 0.00628331 0.00360541 0.00583117 0.190695 
0.708979 0.00842091 0.0860306 0.00517944 0.00326284 0.00606486 0.182062 
0.686727 0.00845928 0.0869988 0.00598418 0.00306434 0.00537269 0.203394 
0.827829 0.0147146 0.0394786 0.0258981 0.00699991 0.00253759 0.0825423 
0.819985 0.011147 0.0443745 0.0246779 0.00528466 0.00248494 0.0920463 
0.807488 0.0128065 0.0454339 0.021506 0.0087395 0.00335208 0.100674 
0.845269 0.0134552 0.0418888 0.0248117 0.00704527 0.00231861 0.0652113 
0.849851 0.0114921 0.0444055 0.0278434 0.00581191 0.002951 0.0576455 
0.77831 0.0170259 0.0448627 0.0121805 0.00750544 0.00251158 0.137604 
0.656794 0.0105817 0.062918 0.00733398 0.00353395 0.00297498 0.255864 
0.698246 0.0129697 0.0543868 0.00912904 0.00662581 0.00249194 0.216151 
0.7123 0.00940608 0.0647822 0.00842479 0.00240974 0.00268783 0.19999 
0.762972 0.0101753 0.0494815 0.0153895 0.00509377 0.00337376 0.153514 
0.785221 0.011111 0.049947 0.0177089 0.0044844 0.00210745 0.12942 
0.787336 0.00966246 0.0505666 0.0167949 0.00582527 0.00267214 0.127143 
0.745028 0.00937332 0.0577092 0.0162962 0.00511012 0.00323988 0.163243 
0.832541 0.00825102 0.0421876 0.0393169 0.0121726 0.00299853 0.0625322 
0.639294 0.0140482 0.0401557 0.0121287 0.0107008 0.00328795 0.280384 
0.657745 0.0142959 0.0362018 0.0210835 0.00973879 0.00300268 0.257932 
0.688974 0.0131296 0.0353512 0.026988 0.0062854 0.0026538 0.226618 
0.752706 0.0148742 0.027473 0.075389 0.00876046 0.00324073 0.117557 
0.765066 0.0172103 0.0294774 0.0414883 0.00799906 0.00318335 0.135575 
0.802184 0.0158115 0.0243057 0.0674182 0.00876176 0.00337502 0.0781437 
0.808389 0.0160146 0.0271954 0.063367 0.00594411 0.00323569 0.0758547 
0.749131 0.0133867 0.0270615 0.0785854 0.0138777 0.00767925 0.110279 
0.763822 0.00887475 0.0439051 0.0612015 0.00575947 0.00490019 0.111537 
0.691999 0.00808859 0.0590219 0.0402188 0.00430992 0.0063255 0.190036 
0.488938 0.00758138 0.0700078 0.0377914 0.00705748 0.00775588 0.380868 
0.464975 0.00681823 0.0734635 0.0281998 0.00727317 0.00654497 0.412725 
0.524371 0.00837036 0.0683762 0.0210606 0.0166021 0.00811985 0.3531 
0.508903 0.00754837 0.0742979 0.0293309 0.0118259 0.00685944 0.361234 
0.425266 0.00728159 0.0856608 0.01296 0.00669079 0.010285 0.451856 
0.470953 0.00835932 0.0753592 0.0107395 0.0104584 0.0116056 0.412525 
0.486028 0.00738226 0.0850491 0.00497142 0.00529882 0.00644004 0.40483 
0.512282 0.00853623 0.079271 0.00996436 0.00726394 0.0109098 0.371773 
0.51609 0.00683382 0.0819985 0.00988812 0.00463868 0.0071275 0.373423 
0.400618 0.0068066 0.088839 0.00603077 0.0038062 0.00773544 0.486164 
0.332651 0.00629927 0.0904575 0.00719485 0.00434767 0.00763953 0.55141 
0.323711 0.00674078 0.0901862 0.00645635 0.00456616 0.0110111 0.557329 
0.271715 0.00722874 0.096599 0.00693588 0.00670721 0.0139025 0.596911 
0.329797 0.00725952 0.107595 0.00582739 0.00586877 0.0128647 0.530788 
0.287793 0.00891325 0.0870483 0.0128222 0.00950866 0.0155569 0.578357 
0.235947 0.00772431 0.0866822 0.00774061 0.00640429 0.013098 0.642403 
0.20058 0.00743238 0.097576 0.00617079 0.00629929 0.0169499 0.664992 
0.252526 0.00784622 0.0830064 0.00691545 0.00866932 0.0127902 0.628246 
0.120051 0.382399 0.00943835 0.157433 0.198192 0.119658 0.0128288 
0.0876633 0.309561 0.0130968 0.192985 0.224124 0.156399 0.0161716 
0.0936654 0.309108 0.0153605 0.199063 0.134684 0.229482 0.0186374 
0.0977787 0.267286 0.0161049 0.218075 0.134661 0.247415 0.0186805 
0.111057 0.300712 0.0162793 0.208987 0.0750995 0.265818 0.0220476 
0.0999021 0.35407 0.0153716 0.184701 0.0528171 0.272481 0.0206571 
0.128617 0.29996 0.0199811 0.269919 0.0540948 0.20147 0.0259579 
0.1171 0.135586 0.0221811 0.452502 0.073971 0.172137 0.0265229 
0.117166 0.128051 0.0182102 0.456456 0.158333 0.0976554 0.0241287 
0.12208 0.453985 0.00891168 0.122706 0.167471 0.110421 0.0144241 
0.148235 0.408664 0.00865617 0.112896 0.147129 0.159976 0.0144445 
0.162568 0.30042 0.0157269 0.212713 0.102918 0.183649 0.0220051 
0.168588 0.246411 0.0224309 0.324931 0.0448136 0.163571 0.0292543 
0.153932 0.249388 0.0206966 0.378967 0.0570517 0.114798 0.0251668 
0.120051 0.382399 0.00943835 0.157433 0.198192 0.119658 0.0128288 
0.0876633 0.309561 0.0130968 0.192985 0.224124 0.156399 0.0161716 
0.0936654 0.309108 0.0153605 0.199063 0.134684 0.229482 0.0186374 
0.0977787 0.267286 0.0161049 0.218075 0.134661 0.247415 0.0186805 
0.111057 0.300712 0.0162793 0.208987 0.0750995 0.265818 0.0220476 
0.0999021 0.35407 0.0153716 0.184701 0.0528171 0.272481 0.0206571 
0.128617 0.29996 0.0199811 0.269919 0.0540948 0.20147 0.0259579 
0.1171 0.135586 0.0221811 0.452502 0.073971 0.172137 0.0265229 
0.117166 0.128051 0.0182102 0.456456 0.158333 0.0976554 0.0241287 
0.12208 0.453985 0.00891168 0.122706 0.167471 0.110421 0.0144241 
0.148235 0.408664 0.00865617 0.112896 0.147129 0.159976 0.0144445 
0.162568 0.30042 0.0157269 0.212713 0.102918 0.183649 0.0220051 
0.168588 0.246411 0.0224309 0.324931 0.0448136 0.163571 0.0292543 
0.153932 0.249388 0.0206966 0.378967 0.0570517 0.114798 0.0251668 
0.537484 0.00871082 0.0892101 0.0109834 0.00391821 0.0167239 0.332969 
0.563474 0.00992551 0.0920106 0.0102762 0.00518864 0.0198752 0.29925 
0.616447 0.0117001 0.0733751 0.0162197 0.00785631 0.0232036 0.251199 
0.597941 0.0109567 0.077337 0.0187138 0.00923621 0.0203379 0.265478 
0.628617 0.010051 0.0803989 0.0111939 0.00711147 0.0194842 0.243143 
0.608404 0.0112652 0.0742799 0.027577 0.00882891 0.0235144 0.246131 
0.509435 0.00994958 0.0877401 0.0220189 0.00608486 0.0237757 0.340996 
0.370753 0.010177 0.0828277 0.0134436 0.00753213 0.0281393 0.487127 
0.516465 0.0097812 0.0817087 0.0119809 0.005955 0.0251335 0.348975 
0.495671 0.0100019 0.0796021 0.0093587 0.0068573 0.0262543 0.372255 
0.528604 0.00919888 0.0820933 0.012301 0.00778277 0.0191281 0.340892 
0.412623 0.00904273 0.0878065 0.0105466 0.00766181 0.0204564 0.451863 
0.497677 0.00865435 0.0818205 0.0167534 0.00729621 0.0166272 0.371171 
0.517948 0.00810507 0.0827233 0.0171057 0.00924176 0.0159925 0.348884 
0.487709 0.00798809 0.0857004 0.0102984 0.00627316 0.0155385 0.386493 
0.423731 0.0083948 0.0925632 0.0104487 0.00561953 0.0209636 0.438279 
0.434062 0.0082906 0.0910292 0.0106906 0.00698237 0.0209217 0.428023 
0.444605 0.00783525 0.0868888 0.00702761 0.00502408 0.016791 0.431828 
0.329829 0.00816807 0.097022 0.00828148 0.00601526 0.0212015 0.529483 
0.382231 0.00816425 0.0967085 0.00854721 0.00556348 0.0194709 0.479315 
0.320185 0.00850335 0.0932415 0.00633998 0.00756061 0.0191157 0.545054 
0.340384 0.00749106 0.101142 0.00582982 0.00636452 0.0157902 0.522998 
0.293513 0.00713276 0.111791 0.00667457 0.00637004 0.0172338 0.557285 
0.360047 0.00749662 0.109985 0.00625046 0.00528756 0.0184403 0.492493 
0.329905 0.0070153 0.116488 0.00610597 0.00529517 0.019201 0.515989 
0.299687 0.00722392 0.111884 0.00538593 0.00412787 0.0205856 0.551106 
0.362598 0.00745977 0.0993652 0.00596429 0.00433859 0.0156962 0.504578 
0.401136 0.00691618 0.108654 0.00605101 0.00339673 0.0155357 0.458311 
0.314823 0.00739253 0.102677 0.00722698 0.00478162 0.0157276 0.547371 
0.287715 0.00711943 0.105157 0.00641761 0.00393377 0.0166668 0.57299 
0.22356 0.00650886 0.108179 0.00788245 0.00279517 0.0154425 0.635633 
0.264023 0.00710885 0.110332 0.006135 0.0032584 0.0185107 0.590632 
0.313305 0.00791935 0.103817 0.00645105 0.0044805 0.0177162 0.546311 
0.38459 0.00748089 0.106511 0.00856661 0.0040463 0.0160601 0.472745 
0.403826 0.00812821 0.0996785 0.00621818 0.00458946 0.0221288 0.455431 
0.396392 0.00777107 0.110083 0.00495815 0.00313195 0.0262107 0.451454 
0.351263 0.0077845 0.105123 0.00385682 0.00392338 0.0181444 0.509904 
0.236085 0.00663943 0.139781 0.00425019 0.00236493 0.0215226 0.589357 
0.321274 0.00663882 0.14713 0.00369974 0.00171681 0.0158492 0.503692 
0.276615 0.00602683 0.170101 0.0036088 0.00125478 0.0260558 0.516337 
0.361523 0.00599177 0.162981 0.00605454 0.00215944 0.0258616 0.435428 
0.439437 0.00636026 0.153837 0.00263592 0.00125015 0.022012 0.374467 
0.448051 0.00556244 0.174063 0.00564284 0.00107209 0.0259211 0.339688 
0.597106 0.0053298 0.147859 0.00563472 0.00109961 0.0211788 0.221793 
0.518363 0.00603164 0.145035 0.00365638 0.00153353 0.0188213 0.306559 
0.63181 0.00704669 0.120397 0.00579894 0.003375 0.0190033 0.212568 
0.703231 0.00590467 0.11606 0.00423589 0.00180189 0.0140501 0.154716 
0.66464 0.00834508 0.105066 0.00412045 0.00244358 0.0138767 0.201508 
0.465066 0.0143853 0.105789 0.00260599 0.00377882 0.0060963 0.402279 
0.635016 0.0218203 0.0714911 0.00466618 0.00440477 0.00389545 0.258706 
0.793692 0.0114168 0.0719465 0.00613235 0.00184061 0.00599744 0.108974 
0.801908 0.0119453 0.0780468 0.00414517 0.00216957 0.00520552 0.0965791 
0.785828 0.012581 0.0703531 0.00686538 0.00254615 0.00471346 0.117113 
0.833906 0.015153 0.0596619 0.00852185 0.00320683 0.00433171 0.0752187 
0.823944 0.00974446 0.0700692 0.0112103 0.00178074 0.00972894 0.073522 
0.817017 0.00895909 0.066983 0.013248 0.00233991 0.0117559 0.0796973 
0.813888 0.00905209 0.0732355 0.00913321 0.00393499 0.0106048 0.0801511 
0.120051 0.382399 0.00943835 0.157433 0.198192 0.119658 0.0128288 
0.0876633 0.309561 0.0130968 0.192985 0.224124 0.156399 0.0161716 
0.0936654 0.309108 0.0153605 0.199063 0.134684 0.229482 0.0186374 
0.0977787 0.267286 0.0161049 0.218075 0.134661 0.247415 0.0186805 
0.111057 0.300712 0.0162793 0.208987 0.0750995 0.265818 0.0220476 
0.0999021 0.35407 0.0153716 0.184701 0.0528171 0.272481 0.0206571 
0.128617 0.29996 0.0199811 0.269919 0.0540948 0.20147 0.0259579 
0.1171 0.135586 0.0221811 0.452502 0.073971 0.172137 0.0265229 
0.117166 0.128051 0.0182102 0.456456 0.158333 0.0976554 0.0241287 
0.12208 0.453985 0.00891168 0.122706 0.167471 0.110421 0.0144241 
0.148235 0.408664 0.00865617 0.112896 0.147129 0.159976 0.0144445 
0.162568 0.30042 0.0157269 0.212713 0.102918 0.183649 0.0220051 
0.168588 0.246411 0.0224309 0.324931 0.0448136 0.163571 0.0292543 
0.153932 0.249388 0.0206966 0.378967 0.0570517 0.114798 0.0251668 
0.465992 0.00720438 0.125247 0.00317759 0.00360734 0.0164789 0.378292 
0.569343 0.00635132 0.11749 0.00543605 0.00400354 0.0152869 0.28209 
0.644437 0.00792154 0.0975394 0.00435423 0.00643775 0.013054 0.226256 
0.633874 0.00756666 0.103321 0.00398032 0.00329531 0.0182462 0.229716 
0.644856 0.00713793 0.107782 0.00627831 0.00722635 0.0127774 0.213942 
0.582245 0.00699292 0.113327 0.00696668 0.00884356 0.0112458 0.270379 
0.564916 0.00935562 0.100446 0.00807515 0.00846769 0.0173582 0.291382 
0.541579 0.00985571 0.09403 0.00645413 0.00821257 0.0164099 0.323459 
0.45553 0.00795537 0.0976893 0.0101032 0.0100191 0.0127199 0.405983 
0.337605 0.00757619 0.119199 0.0151959 0.0121736 0.0157841 0.492466 
0.299375 0.00695212 0.11099 0.0104375 0.00879762 0.0151515 0.548296 
0.283114 0.00713164 0.110783 0.0107224 0.00766267 0.0164163 0.564169 
0.319861 0.00752751 0.10022 0.0113185 0.00752974 0.0144814 0.539062 
0.372625 0.00673858 0.109523 0.0118256 0.00715085 0.0120741 0.480063 
0.472641 0.00705315 0.105325 0.0161461 0.00809433 0.0100163 0.380724 
0.454898 0.00675352 0.106397 0.0158746 0.00713679 0.00941169 0.399528 
0.525463 0.00701339 0.116307 0.0180917 0.00774169 0.0155074 0.309876 
0.351188 0.00615792 0.131551 0.00502177 0.00400591 0.0107732 0.491303 
0.292084 0.00656044 0.12804 0.00907544 0.00569137 0.0128671 0.545682 
0.371352 0.00659602 0.110472 0.00315465 0.00297051 0.00992465 0.495531 
0.51052 0.00794753 0.103769 0.00271156 0.00335816 0.00708583 0.364609 
0.526068 0.0076331 0.11247 0.00259675 0.0025273 0.00630859 0.342397 
0.57797 0.00712336 0.113813 0.00440675 0.00435813 0.007118 0.28521 
0.534586 0.00708321 0.112718 0.00372567 0.003234 0.00658732 0.332066 
0.514204 0.00765665 0.1066 0.00371466 0.00305779 0.00956641 0.3552 
0.60098 0.00925613 0.0886715 0.00514621 0.00517942 0.0110833 0.279683 
0.602251 0.00966584 0.0877757 0.00534794 0.00788662 0.0133539 0.273719 
0.574032 0.00854709 0.094367 0.00816551 0.00788374 0.015493 0.291512 
0.61252 0.00794953 0.0970883 0.00652532 0.00821948 0.00991896 0.257779 
