0.850763 0.0277421 0.0336205 0.0396626 0.0163271 0.00401959 0.0278648 
0.848428 0.0223424 0.0397556 0.0331569 0.0112793 0.00520894 0.0398293 
0.838257 0.0248021 0.0379754 0.0431334 0.0117003 0.00495879 0.0391727 
0.821921 0.0187935 0.0427516 0.0411483 0.0187857 0.00632271 0.0502773 
0.802891 0.0219444 0.0425105 0.052125 0.0276346 0.00805564 0.0448384 
0.825843 0.0197981 0.0442227 0.0385498 0.0171234 0.00688554 0.0475778 
0.82009 0.0169199 0.0545371 0.0314989 0.0117306 0.00553782 0.0596853 
0.835061 0.0264431 0.0493961 0.0244182 0.0136369 0.00734133 0.0437034 
0.823468 0.0203094 0.056591 0.0180684 0.0113463 0.00637523 0.0638418 
0.833199 0.020107 0.0551226 0.0117282 0.0121163 0.00658597 0.0611407 
0.825138 0.0143408 0.0566705 0.0337347 0.0115206 0.00799888 0.0505968 
0.827431 0.0157806 0.0592813 0.0478445 0.00788914 0.00807931 0.0336941 
0.833312 0.0148207 0.0634177 0.0370064 0.00670106 0.0103272 0.0344153 
0.832457 0.0172808 0.0584092 0.0271903 0.0124078 0.0100129 0.0422419 
0.834552 0.016904 0.0583534 0.021805 0.0141946 0.00853796 0.0456533 
0.844831 0.0182685 0.0524947 0.0190222 0.0118204 0.0103877 0.0431752 
0.844113 0.0152215 0.0687521 0.0126967 0.00637293 0.00663499 0.0462088 
0.800651 0.0254795 0.0638544 0.0243837 0.0242723 0.0157446 0.0456146 
0.839484 0.0180236 0.0678534 0.010156 0.00621267 0.00662527 0.0516447 
0.840134 0.0201545 0.0612509 0.0171835 0.0108196 0.00879232 0.0416647 
0.834726 0.0223697 0.0701327 0.00909998 0.00904299 0.00886236 0.0457661 
0.818565 0.0228165 0.0645934 0.0180035 0.0228053 0.00959535 0.0436213 
0.821889 0.0208912 0.067972 0.00546194 0.00562836 0.00800674 0.0701507 
0.824809 0.0167357 0.0655797 0.0091209 0.011016 0.00797226 0.0647664 
0.845329 0.019067 0.0634082 0.00787025 0.00559697 0.00573308 0.0529952 
0.813608 0.0176574 0.0661297 0.0104829 0.0134275 0.00604287 0.0726514 
0.809252 0.0148221 0.0666241 0.0109495 0.0125546 0.00620566 0.0795921 
0.804115 0.0181066 0.0623185 0.0105539 0.0164914 0.00680911 0.0816058 
0.806159 0.0223229 0.0568845 0.00877921 0.0172522 0.00787057 0.0807314 
0.825383 0.0236058 0.0520985 0.0116388 0.0209444 0.00570307 0.0606265 
0.810404 0.0227042 0.0567367 0.0111778 0.0178187 0.00701757 0.0741409 
0.805881 0.0273778 0.0584497 0.0128051 0.019382 0.0102641 0.0658402 
0.80037 0.0328602 0.0556999 0.00843998 0.0199272 0.0127976 0.0699045 
0.765886 0.0274554 0.0704369 0.0098371 0.0217355 0.0135442 0.0911051 
0.762842 0.0271068 0.0718879 0.0105691 0.0187439 0.0142396 0.094611 
0.766615 0.0246234 0.0694201 0.00872012 0.0125963 0.0131218 0.104904 
0.805391 0.0316117 0.0623172 0.0096371 0.0213596 0.0108515 0.0588316 
0.812791 0.0288147 0.0585336 0.00774329 0.0264315 0.00719866 0.0584871 
0.792638 0.0447467 0.0643038 0.00635672 0.0313995 0.0132449 0.04731 
0.768007 0.0366478 0.0835033 0.00523372 0.0236659 0.0189805 0.0639618 
0.81425 0.0264233 0.0609475 0.00884137 0.0167311 0.0141965 0.0586105 
0.787014 0.0315612 0.0678945 0.00693979 0.0195865 0.016725 0.070279 
0.773445 0.0297759 0.0740111 0.0081096 0.023002 0.0178858 0.0737708 
0.781393 0.0265023 0.0683991 0.00520234 0.0114899 0.0136908 0.093323 
0.807133 0.0272959 0.0632202 0.00874856 0.0218844 0.0126424 0.0590759 
0.77132 0.0311081 0.080678 0.00534622 0.01328 0.0189555 0.0793127 
0.800228 0.0339234 0.0608403 0.00527089 0.0116136 0.0141596 0.0739643 
0.781119 0.0296447 0.0749975 0.006217 0.0200773 0.0178949 0.0700496 
0.77698 0.0376427 0.0519881 0.00946675 0.0477201 0.0134102 0.0627919 
0.764145 0.0350486 0.0714283 0.00838698 0.0302981 0.0215662 0.0691271 
0.79983 0.0285038 0.0673332 0.00777154 0.0184702 0.0162081 0.061883 
0.772518 0.0254621 0.0780981 0.00554989 0.0111714 0.0146591 0.0925415 
0.811245 0.0330713 0.0602363 0.00650085 0.0205069 0.013767 0.0546727 
0.807686 0.03347 0.0642889 0.00551412 0.0217524 0.0132019 0.0540864 
0.830672 0.0309332 0.0547189 0.0068434 0.0164613 0.00976088 0.0506108 
0.791232 0.024135 0.075082 0.00793032 0.0194542 0.0140906 0.0680754 
0.799624 0.0286668 0.0750736 0.00630736 0.0165868 0.0155547 0.0581866 
0.73728 0.0220771 0.0994349 0.00364461 0.00802883 0.015776 0.113759 
0.796134 0.0253453 0.0755691 0.00629034 0.0113231 0.0146795 0.0706588 
0.712624 0.0192098 0.094061 0.0035906 0.00719365 0.019437 0.143884 
0.733462 0.0193876 0.0968997 0.00474402 0.00830105 0.0220508 0.115155 
0.811537 0.0212819 0.0710289 0.00727899 0.0123588 0.0157939 0.060721 
0.808113 0.0211316 0.0716449 0.00671765 0.010861 0.0154741 0.0660579 
0.815394 0.0283144 0.051336 0.00973409 0.0295661 0.017163 0.0484923 
0.803834 0.0255434 0.0652241 0.0109515 0.0272449 0.0157242 0.0514782 
0.798523 0.0250237 0.0684479 0.0055294 0.0110668 0.0137874 0.0776217 
0.807 0.0336747 0.074055 0.00464844 0.0106979 0.0102102 0.0597135 
0.828221 0.0205073 0.0741307 0.00738547 0.00979137 0.0116966 0.048267 
0.801472 0.0165511 0.0899675 0.00516974 0.00710751 0.0153927 0.0643389 
0.810283 0.024677 0.0780142 0.0102193 0.0176006 0.015783 0.0434224 
0.822608 0.0177749 0.0694743 0.00503141 0.00415101 0.00861241 0.072348 
0.765127 0.0243763 0.0756759 0.00342774 0.00555269 0.0393775 0.0864629 
0.777181 0.0262517 0.0797915 0.00289521 0.00564816 0.0289625 0.0792694 
0.735129 0.0268436 0.0865276 0.00242457 0.00681692 0.0383025 0.103956 
0.763834 0.0316256 0.0774438 0.00318681 0.0063689 0.0430272 0.0745134 
0.781255 0.0337068 0.0702051 0.00287099 0.00648746 0.0417901 0.0636847 
0.782555 0.0292971 0.0745026 0.00391775 0.00605412 0.0374988 0.0661748 
0.802941 0.0250872 0.0687495 0.00280581 0.00424371 0.0348059 0.0613666 
0.780611 0.0246485 0.0773336 0.00319818 0.00513366 0.0386319 0.070443 
0.745159 0.0320769 0.0804121 0.002964 0.0087992 0.0439007 0.0866882 
0.790218 0.0258204 0.0802617 0.00154948 0.00276377 0.0243114 0.0750756 
0.788607 0.0233229 0.080594 0.00207719 0.00332162 0.0302104 0.0718669 
0.409281 0.0174757 0.152959 9.94934E-4 0.0015609 0.0489121 0.368817 
0.612982 0.0159512 0.0921386 8.60817E-4 8.2172E-4 0.0147658 0.262479 
0.704433 0.0337746 0.0675766 0.00333796 0.00116947 0.00395194 0.185756 
0.660852 0.0307804 0.0469656 0.00390173 0.00247262 0.0054162 0.249612 
0.676726 0.150676 0.0252845 0.00272464 0.0241098 0.0478063 0.0726731 
0.655051 0.0980645 0.0275237 0.00181454 0.00766163 0.119815 0.0900705 
0.360904 0.103475 0.0242121 0.00326338 0.00772208 0.464024 0.0363986 
0.0766959 0.0634539 0.0124094 0.00163016 0.00355351 0.833147 0.00911014 
0.0356632 0.110623 0.0060284 0.0010488 0.00265247 0.838679 0.00530543 
0.0135066 0.0476529 0.00434316 2.37687E-4 5.37055E-4 0.92867 0.0050521 
0.0340692 0.127196 0.0102732 9.42103E-4 0.00242217 0.810142 0.0149556 
0.0746741 0.236317 0.0221006 0.00394538 0.00849487 0.629276 0.0251922 
0.069167 0.214655 0.016476 0.00438369 0.0103061 0.670842 0.0141705 
0.0622973 0.204425 0.011976 0.00367493 0.00957613 0.698602 0.00944878 
0.0555891 0.185457 0.0114239 0.00350294 0.0102944 0.724261 0.0094715 
0.070389 0.209425 0.0171116 0.0115177 0.0363324 0.641522 0.0137015 
0.0591377 0.132821 0.0153849 0.00606807 0.0180763 0.756899 0.0116133 
0.0670892 0.0708912 0.0198771 0.00391694 0.0142511 0.80589 0.0180841 
0.163032 0.0349668 0.022195 0.00137453 0.00300737 0.73181 0.0436145 
0.477365 0.0533051 0.0478727 0.00408328 0.0070476 0.350232 0.0600936 
0.568182 0.118986 0.037062 0.0045742 0.00672964 0.176846 0.0876206 
0.488913 0.10529 0.0305341 0.00422618 0.00732166 0.271763 0.0919519 
0.783932 0.1093 0.028716 0.00977191 0.00446027 0.0165687 0.0472508 
0.747241 0.138589 0.0190304 0.0433837 0.00929651 0.00387994 0.0385801 
0.682354 0.151816 0.0168068 0.0918397 0.0163434 0.00186431 0.038975 
0.336351 0.320524 0.0255153 0.246736 0.0179438 0.00931127 0.0436182 
0.235896 0.416041 0.0278842 0.256378 0.0134038 0.0113291 0.0390687 
0.154856 0.488696 0.0393981 0.256348 0.0114611 0.014918 0.0343224 
0.1518 0.550665 0.0302569 0.20931 0.013086 0.0145685 0.0303136 
0.118461 0.482691 0.0330388 0.322977 0.00880906 0.0122054 0.0218188 
0.0904662 0.628505 0.0280943 0.221241 0.00481216 0.0132896 0.0135918 
0.0625664 0.741293 0.016151 0.164403 0.00261954 0.00709633 0.00587076 
0.632889 0.17785 0.0168943 0.0548793 0.057316 0.00478477 0.0553867 
0.660989 0.119944 0.0220138 0.0533531 0.0885154 0.0166074 0.038578 
0.383777 0.340904 0.0105566 0.0286605 0.189247 0.0175346 0.0293208 
0.484913 0.291687 0.0357612 0.00797486 0.088209 0.0662624 0.0251925 
0.458825 0.327363 0.0224232 0.0143122 0.123977 0.0264338 0.0266656 
0.462892 0.390767 0.0338212 0.00776413 0.0385678 0.0457192 0.0204684 
0.390953 0.477425 0.0201512 0.00614767 0.0332213 0.0305482 0.0415538 
0.338087 0.51876 0.0158935 0.0109412 0.0524809 0.0216733 0.0421641 
0.338924 0.378762 0.0143858 0.0319154 0.178547 0.0141559 0.0433098 
0.4489 0.268978 0.0167245 0.0454167 0.14988 0.0125021 0.0575988 
0.414719 0.173743 0.0201866 0.0498387 0.243109 0.011662 0.0867422 
0.446345 0.180897 0.0190137 0.0522289 0.216472 0.0106668 0.0743766 
0.523204 0.245434 0.0177132 0.034382 0.126711 0.0103471 0.0422096 
0.518956 0.237418 0.0177942 0.031135 0.135308 0.0118579 0.0475309 
0.518591 0.120898 0.0148017 0.0633109 0.189414 0.00631889 0.0866649 
0.503018 0.317985 0.0138004 0.0424066 0.0741823 0.0120112 0.036596 
0.394095 0.455939 0.00982335 0.0267786 0.072975 0.0124475 0.0279425 
0.375934 0.504658 0.0101962 0.019832 0.0375104 0.0140286 0.037841 
0.348387 0.489233 0.00878228 0.0280741 0.0809205 0.0267931 0.0178095 
0.130944 0.793847 0.00604929 0.00293753 0.0314052 0.0301288 0.00468864 
0.132972 0.807977 0.00529601 0.00285439 0.0212534 0.0228547 0.00679305 
0.194728 0.644095 0.0048149 0.0111363 0.113876 0.0196861 0.0116633 
0.196536 0.400594 0.0114053 0.0760219 0.256579 0.0118684 0.0469958 
0.0889094 0.820301 0.00165756 0.00886286 0.0606686 0.00693747 0.0126627 
0.0871557 0.863794 0.00200615 0.00449618 0.0182413 0.0152524 0.00905379 
0.130403 0.797557 0.00302267 0.00652134 0.0314704 0.0142521 0.0167732 
0.131401 0.793913 0.00259688 0.00628089 0.0373118 0.0181689 0.0103273 
0.162342 0.744998 0.00353856 0.0061136 0.0307066 0.040184 0.012118 
0.133382 0.671975 0.00294006 0.0158205 0.147817 0.0215083 0.00655692 
0.0879064 0.834744 0.00145263 0.00769555 0.0465605 0.0174083 0.00423229 
0.0856286 0.791949 0.00121 0.023029 0.0816187 0.0133833 0.00318158 
0.119689 0.806165 0.00197134 0.0171111 0.0311873 0.0183801 0.00549637 
0.171775 0.743024 0.00327829 0.0182884 0.029487 0.0259892 0.00815876 
0.15279 0.770965 0.00233056 0.0181426 0.0157906 0.0319281 0.00805266 
0.186591 0.757574 0.00362231 0.0254539 0.00841011 0.00973022 0.00861789 
0.163056 0.772464 0.00285816 0.0201675 0.0109854 0.0211568 0.0093124 
0.136571 0.794789 0.00191635 0.024479 0.0188049 0.0176245 0.00581522 
0.15173 0.768318 0.00213895 0.03117 0.0236836 0.0172752 0.00568467 
0.105414 0.825857 0.00170359 0.0177209 0.0209346 0.0234361 0.00493389 
0.118598 0.796168 0.00198997 0.0232449 0.0280235 0.0267504 0.00522467 
0.126505 0.776572 0.00211529 0.0306475 0.032248 0.0266326 0.00527995 
0.183744 0.728349 0.00256822 0.0319489 0.0274404 0.019692 0.00625766 
0.145547 0.739078 0.0024468 0.0321499 0.0348955 0.039397 0.00648576 
0.184821 0.700045 0.00330093 0.0307973 0.0351722 0.0386011 0.00726254 
0.246285 0.536527 0.00351132 0.0636979 0.105193 0.0374094 0.00737611 
0.241126 0.599648 0.00386972 0.0570672 0.0526395 0.038037 0.00761223 
0.347277 0.455296 0.00762614 0.0599432 0.0556704 0.0621101 0.0120768 
0.236055 0.641102 0.00466291 0.0234567 0.0445876 0.0411712 0.00896448 
0.183884 0.668188 0.00385249 0.0140054 0.0766042 0.045929 0.00753682 
0.173887 0.700563 0.00291777 0.0129832 0.0732695 0.0301492 0.00623124 
0.228778 0.621912 0.00433388 0.0134284 0.0827745 0.0380982 0.0106748 
0.267273 0.599868 0.0063748 0.0171624 0.0450056 0.0508066 0.0135091 
0.281087 0.60798 0.00838887 0.00867854 0.0284434 0.0466204 0.0188027 
0.268399 0.617708 0.00692719 0.0110947 0.0370803 0.0433887 0.0154016 
0.232728 0.667623 0.00684922 0.00618694 0.0298805 0.0407314 0.016001 
0.185845 0.72715 0.00448909 0.00572563 0.0402467 0.0249649 0.0115787 
0.232409 0.656881 0.00667233 0.00761158 0.046514 0.0343094 0.0156024 
0.19724 0.71081 0.00517179 0.00590255 0.0380351 0.0297926 0.0130478 
0.2664 0.614374 0.00675179 0.00877611 0.0562544 0.0334375 0.0140064 
0.300572 0.599487 0.00730191 0.0102571 0.0342846 0.0323481 0.0157496 
0.354311 0.546853 0.00928887 0.0074563 0.033448 0.024152 0.0244903 
0.422194 0.452298 0.0144144 0.0047167 0.0380573 0.0273742 0.0409445 
0.375532 0.503823 0.0138345 0.00381079 0.038453 0.0255583 0.0389889 
0.427536 0.42792 0.0194713 0.00372641 0.0406908 0.0341842 0.0464705 
0.409115 0.442463 0.01926 0.00312521 0.0321629 0.0326724 0.0612017 
0.417044 0.423294 0.0229646 0.00285194 0.0258616 0.0466799 0.0613035 
0.535124 0.290976 0.028765 0.00312613 0.0237417 0.0294011 0.0888665 
0.606972 0.22128 0.0271649 0.00473284 0.0253081 0.0427435 0.0717983 
0.496848 0.340271 0.0281792 0.00283595 0.0244372 0.0304517 0.0769769 
0.617084 0.200941 0.0288246 0.00578064 0.0532512 0.0389206 0.0551975 
0.662851 0.169482 0.0372897 0.00638696 0.0333839 0.0295149 0.0610912 
0.706129 0.11821 0.0366083 0.00630759 0.0349012 0.0393697 0.058474 
0.580122 0.202503 0.0366021 0.00393329 0.0182768 0.0157216 0.142841 
0.70194 0.103407 0.0470453 0.00798731 0.035509 0.0645524 0.039559 
0.677643 0.169946 0.0334063 0.0061688 0.0218447 0.0180137 0.0729781 
0.70862 0.114511 0.0416879 0.00642939 0.0261367 0.0493503 0.0532644 
0.670337 0.180541 0.0331769 0.00638825 0.029844 0.0367738 0.0429389 
0.625435 0.22006 0.0328751 0.00634366 0.0274293 0.0396499 0.0482077 
0.673471 0.179917 0.0298408 0.0128923 0.0293381 0.0359231 0.0386179 
0.728169 0.128068 0.0349436 0.011375 0.0160269 0.0431734 0.0382448 
0.678965 0.153142 0.0333283 0.0147677 0.0341039 0.0493093 0.0363841 
0.698994 0.149767 0.0441883 0.00346716 0.00887745 0.0405581 0.0541483 
0.623671 0.228798 0.0353417 0.00595674 0.0249461 0.0378281 0.0434584 
0.665103 0.189108 0.0374514 0.00427523 0.0134473 0.022417 0.0681986 
0.700298 0.142893 0.0388876 0.0058128 0.0240649 0.0360467 0.051997 
0.741085 0.105186 0.039242 0.00452162 0.0144663 0.0206352 0.0748636 
0.694238 0.129201 0.0478106 0.00554386 0.0188741 0.0516626 0.0526703 
0.704607 0.128333 0.0450818 0.00525382 0.018257 0.0309285 0.0675391 
0.641143 0.123746 0.0463073 0.00294151 0.0148208 0.0241707 0.146871 
0.649276 0.121222 0.0461996 0.00260698 0.0101967 0.0407388 0.12976 
0.724696 0.116274 0.0355844 0.00581463 0.016374 0.0189548 0.0823018 
0.649275 0.194807 0.0304636 0.00457773 0.044461 0.0154188 0.0609961 
0.700025 0.119148 0.0485461 0.00222617 0.0147998 0.0311003 0.0841546 
0.706411 0.119099 0.0408689 0.00398269 0.0215119 0.0294965 0.0786298 
0.711005 0.133136 0.0404588 0.00380974 0.0230064 0.0241607 0.0644233 
0.708708 0.0655429 0.0647253 0.00276637 0.00652183 0.0402127 0.111523 
0.757377 0.0697874 0.0502242 0.00376618 0.00987316 0.0331144 0.075858 
0.779313 0.0468203 0.0705822 0.00391998 0.00744802 0.0303566 0.06156 
0.719717 0.0941026 0.060231 0.00366218 0.0273235 0.0321447 0.0628193 
0.749846 0.0573993 0.06275 0.00275179 0.00644428 0.0219241 0.0988844 
0.774301 0.0757995 0.0581612 0.00384572 0.0111851 0.0281815 0.0485257 
0.746629 0.0857416 0.0599652 0.00390055 0.015472 0.0407506 0.0475414 
0.780366 0.0928619 0.0404753 0.00469476 0.0142472 0.0240563 0.0432984 
0.77268 0.0722102 0.0494364 0.00538544 0.0169219 0.0393085 0.0440577 
0.774326 0.0730838 0.0476814 0.00405049 0.0133374 0.0347217 0.0527992 
0.781705 0.0703373 0.0482089 0.00298925 0.00895017 0.0340087 0.0538008 
0.781053 0.0798308 0.0559222 0.00310135 0.00993387 0.0314208 0.0387379 
0.825047 0.0353524 0.0662135 0.00381041 0.00395402 0.0239385 0.0416845 
0.836273 0.031835 0.0633104 0.00429191 0.00336216 0.0213977 0.0395303 
0.828076 0.0312197 0.0657189 0.0048885 0.00492764 0.0263249 0.0388448 
0.791992 0.0385492 0.0643212 0.00466289 0.00922981 0.0305196 0.0607249 
0.813675 0.0384478 0.0538183 0.00458796 0.00811316 0.0264815 0.054876 
0.799587 0.0407682 0.0594162 0.00430013 0.00684861 0.0278987 0.0611811 
0.794625 0.0405451 0.0631056 0.0048327 0.00982767 0.0242306 0.0628334 
0.776054 0.0357592 0.0620411 0.00411697 0.0111006 0.0325219 0.0784058 
0.804481 0.036034 0.0593675 0.00483649 0.00933049 0.0234625 0.0624882 
0.793283 0.0442135 0.0600562 0.00485991 0.0147685 0.0199618 0.0628571 
0.787869 0.0507804 0.0602895 0.00434403 0.0136707 0.0204019 0.0626444 
0.775551 0.0628731 0.0594792 0.00368788 0.0132114 0.0275099 0.0576873 
0.803631 0.0445087 0.0580405 0.00394357 0.00835036 0.0232975 0.0582285 
0.775956 0.0451542 0.0645139 0.00450311 0.010527 0.0323359 0.0670097 
0.796073 0.0542993 0.0525845 0.00366372 0.00977705 0.0260354 0.0575669 
0.771989 0.0720491 0.0573465 0.00421001 0.0148934 0.0346729 0.0448395 
0.766402 0.0679303 0.0619969 0.00284441 0.0164195 0.03046 0.0539473 
0.335599 0.0357408 0.104173 0.00106321 0.00235654 0.0309356 0.490131 
0.850763 0.0277421 0.0336205 0.0396626 0.0163271 0.00401959 0.0278648 
0.848428 0.0223424 0.0397556 0.0331569 0.0112793 0.00520894 0.0398293 
0.838257 0.0248021 0.0379754 0.0431334 0.0117003 0.00495879 0.0391727 
0.821921 0.0187935 0.0427516 0.0411483 0.0187857 0.00632271 0.0502773 
0.802891 0.0219444 0.0425105 0.052125 0.0276346 0.00805564 0.0448384 
0.825843 0.0197981 0.0442227 0.0385498 0.0171234 0.00688554 0.0475778 
0.82009 0.0169199 0.0545371 0.0314989 0.0117306 0.00553782 0.0596853 
0.835061 0.0264431 0.0493961 0.0244182 0.0136369 0.00734133 0.0437034 
0.823468 0.0203094 0.056591 0.0180684 0.0113463 0.00637523 0.0638418 
0.833199 0.020107 0.0551226 0.0117282 0.0121163 0.00658597 0.0611407 
0.825138 0.0143408 0.0566705 0.0337347 0.0115206 0.00799888 0.0505968 
0.827431 0.0157806 0.0592813 0.0478445 0.00788914 0.00807931 0.0336941 
0.833312 0.0148207 0.0634177 0.0370064 0.00670106 0.0103272 0.0344153 
0.832457 0.0172808 0.0584092 0.0271903 0.0124078 0.0100129 0.0422419 
0.834552 0.016904 0.0583534 0.021805 0.0141946 0.00853796 0.0456533 
0.844831 0.0182685 0.0524947 0.0190222 0.0118204 0.0103877 0.0431752 
0.844113 0.0152215 0.0687521 0.0126967 0.00637293 0.00663499 0.0462088 
0.800651 0.0254795 0.0638544 0.0243837 0.0242723 0.0157446 0.0456146 
0.839484 0.0180236 0.0678534 0.010156 0.00621267 0.00662527 0.0516447 
0.840134 0.0201545 0.0612509 0.0171835 0.0108196 0.00879232 0.0416647 
0.834726 0.0223697 0.0701327 0.00909998 0.00904299 0.00886236 0.0457661 
0.818565 0.0228165 0.0645934 0.0180035 0.0228053 0.00959535 0.0436213 
0.821889 0.0208912 0.067972 0.00546194 0.00562836 0.00800674 0.0701507 
0.824809 0.0167357 0.0655797 0.0091209 0.011016 0.00797226 0.0647664 
0.845329 0.019067 0.0634082 0.00787025 0.00559697 0.00573308 0.0529952 
0.813608 0.0176574 0.0661297 0.0104829 0.0134275 0.00604287 0.0726514 
0.809252 0.0148221 0.0666241 0.0109495 0.0125546 0.00620566 0.0795921 
0.804115 0.0181066 0.0623185 0.0105539 0.0164914 0.00680911 0.0816058 
0.806159 0.0223229 0.0568845 0.00877921 0.0172522 0.00787057 0.0807314 
0.825383 0.0236058 0.0520985 0.0116388 0.0209444 0.00570307 0.0606265 
0.810404 0.0227042 0.0567367 0.0111778 0.0178187 0.00701757 0.0741409 
0.805881 0.0273778 0.0584497 0.0128051 0.019382 0.0102641 0.0658402 
0.80037 0.0328602 0.0556999 0.00843998 0.0199272 0.0127976 0.0699045 
0.765886 0.0274554 0.0704369 0.0098371 0.0217355 0.0135442 0.0911051 
0.762842 0.0271068 0.0718879 0.0105691 0.0187439 0.0142396 0.094611 
0.766615 0.0246234 0.0694201 0.00872012 0.0125963 0.0131218 0.104904 
0.805391 0.0316117 0.0623172 0.0096371 0.0213596 0.0108515 0.0588316 
0.812791 0.0288147 0.0585336 0.00774329 0.0264315 0.00719866 0.0584871 
0.792638 0.0447467 0.0643038 0.00635672 0.0313995 0.0132449 0.04731 
0.768007 0.0366478 0.0835033 0.00523372 0.0236659 0.0189805 0.0639618 
0.81425 0.0264233 0.0609475 0.00884137 0.0167311 0.0141965 0.0586105 
0.787014 0.0315612 0.0678945 0.00693979 0.0195865 0.016725 0.070279 
0.773445 0.0297759 0.0740111 0.0081096 0.023002 0.0178858 0.0737708 
0.781393 0.0265023 0.0683991 0.00520234 0.0114899 0.0136908 0.093323 
0.807133 0.0272959 0.0632202 0.00874856 0.0218844 0.0126424 0.0590759 
0.77132 0.0311081 0.080678 0.00534622 0.01328 0.0189555 0.0793127 
0.800228 0.0339234 0.0608403 0.00527089 0.0116136 0.0141596 0.0739643 
0.781119 0.0296447 0.0749975 0.006217 0.0200773 0.0178949 0.0700496 
0.77698 0.0376427 0.0519881 0.00946675 0.0477201 0.0134102 0.0627919 
0.764145 0.0350486 0.0714283 0.00838698 0.0302981 0.0215662 0.0691271 
0.79983 0.0285038 0.0673332 0.00777154 0.0184702 0.0162081 0.061883 
0.772518 0.0254621 0.0780981 0.00554989 0.0111714 0.0146591 0.0925415 
0.811245 0.0330713 0.0602363 0.00650085 0.0205069 0.013767 0.0546727 
0.807686 0.03347 0.0642889 0.00551412 0.0217524 0.0132019 0.0540864 
0.830672 0.0309332 0.0547189 0.0068434 0.0164613 0.00976088 0.0506108 
0.791232 0.024135 0.075082 0.00793032 0.0194542 0.0140906 0.0680754 
0.799624 0.0286668 0.0750736 0.00630736 0.0165868 0.0155547 0.0581866 
0.73728 0.0220771 0.0994349 0.00364461 0.00802883 0.015776 0.113759 
0.796134 0.0253453 0.0755691 0.00629034 0.0113231 0.0146795 0.0706588 
0.712624 0.0192098 0.094061 0.0035906 0.00719365 0.019437 0.143884 
0.733462 0.0193876 0.0968997 0.00474402 0.00830105 0.0220508 0.115155 
0.811537 0.0212819 0.0710289 0.00727899 0.0123588 0.0157939 0.060721 
0.808113 0.0211316 0.0716449 0.00671765 0.010861 0.0154741 0.0660579 
0.815394 0.0283144 0.051336 0.00973409 0.0295661 0.017163 0.0484923 
0.803834 0.0255434 0.0652241 0.0109515 0.0272449 0.0157242 0.0514782 
0.798523 0.0250237 0.0684479 0.0055294 0.0110668 0.0137874 0.0776217 
0.807 0.0336747 0.074055 0.00464844 0.0106979 0.0102102 0.0597135 
0.828221 0.0205073 0.0741307 0.00738547 0.00979137 0.0116966 0.048267 
0.801472 0.0165511 0.0899675 0.00516974 0.00710751 0.0153927 0.0643389 
0.810283 0.024677 0.0780142 0.0102193 0.0176006 0.015783 0.0434224 
0.822608 0.0177749 0.0694743 0.00503141 0.00415101 0.00861241 0.072348 
0.786057 0.0375747 0.0460961 0.0543871 0.0225834 0.0178534 0.035448 
0.837056 0.0393605 0.0346803 0.0306396 0.0177709 0.00658952 0.0339034 
0.849887 0.0305367 0.038133 0.0205707 0.0164044 0.00668486 0.037783 
0.845625 0.0264806 0.0482228 0.0175677 0.0131023 0.00582948 0.0431723 
0.835136 0.0204454 0.055874 0.0176318 0.0221889 0.00838062 0.0403434 
0.815775 0.0348913 0.0504305 0.0151901 0.0365122 0.00984724 0.037354 
0.825802 0.0303452 0.0515632 0.0134762 0.0243837 0.0106968 0.0437332 
0.839021 0.0374008 0.0399979 0.0148817 0.0162554 0.00712675 0.0453168 
0.802241 0.0360826 0.0303856 0.0159302 0.0106846 0.00356809 0.101108 
0.790736 0.0313274 0.0338858 0.0122698 0.0095929 0.00550751 0.116681 
0.763163 0.0740247 0.028779 0.00637069 0.00983189 0.0344073 0.0834232 
0.738857 0.0420422 0.0470586 0.00349733 0.00566433 0.0256243 0.137256 
0.805227 0.0961471 0.0233168 0.00823419 0.0222756 0.00988302 0.0349163 
0.831529 0.0279222 0.0414397 0.00268434 0.00271381 0.0158265 0.0778848 
0.766412 0.0669108 0.0305409 0.00297424 0.00888876 0.0304711 0.0938021 
0.794865 0.0374257 0.0326505 0.00362563 0.00712568 0.0250975 0.0992098 
0.607601 0.0391774 0.0391002 0.00312515 0.00491271 0.0236895 0.282394 
0.776768 0.0352032 0.0320443 0.00957193 0.0177967 0.0124282 0.116188 
0.62752 0.0334336 0.048047 0.00408769 0.0072761 0.034354 0.245281 
0.70969 0.0372213 0.0534405 0.00660202 0.0166405 0.0219253 0.15448 
0.726798 0.0350605 0.0556081 0.0080787 0.0227761 0.0224112 0.129267 
0.660694 0.0296796 0.062812 0.00707546 0.0212426 0.024097 0.194399 
0.701614 0.0370871 0.0484596 0.00819125 0.0188636 0.0184852 0.167299 
0.626057 0.0307825 0.0536592 0.00539541 0.00876144 0.0108203 0.264525 
0.721725 0.0225126 0.0691797 0.00681004 0.0115247 0.00731135 0.160937 
0.707595 0.0175604 0.0778661 0.00944215 0.0186189 0.00763316 0.161284 
0.771752 0.0356813 0.0637555 0.0121198 0.0320758 0.00839022 0.0762255 
0.653643 0.0213749 0.101354 0.00589906 0.0156297 0.00754783 0.194551 
0.782649 0.0364459 0.0539208 0.00926763 0.0422261 0.00885246 0.0666382 
0.688554 0.0320397 0.0977305 0.00611801 0.0124884 0.00842618 0.154643 
0.639703 0.0526167 0.0921547 0.00734238 0.0497073 0.0101834 0.148292 
0.755798 0.0414222 0.0749922 0.00672688 0.0493826 0.0189293 0.0527483 
0.73511 0.0503726 0.057911 0.00813893 0.0900795 0.0141094 0.0442786 
0.783638 0.0605919 0.0524893 0.00949352 0.0422562 0.010287 0.0412444 
0.757853 0.0514844 0.0523991 0.00835826 0.0725263 0.0112234 0.0461556 
0.588135 0.254097 0.0228409 0.00968255 0.0671378 0.010554 0.047553 
0.742382 0.0605073 0.0645865 0.00449381 0.0243937 0.0241098 0.0795274 
0.668159 0.0807698 0.0798322 0.00583808 0.0605877 0.0130806 0.0917321 
0.674434 0.151804 0.0754406 0.00373525 0.0350913 0.0125711 0.0469232 
0.585267 0.0878905 0.091212 0.0103764 0.173508 0.0332308 0.0185153 
0.694915 0.0634267 0.123296 0.00443281 0.0429645 0.0313493 0.0396155 
0.594291 0.201151 0.0676101 0.00279363 0.0771745 0.0271943 0.029786 
0.0789854 0.658788 0.0253503 0.170261 0.0113212 0.0408077 0.0144863 
0.0743055 0.676457 0.0274908 0.150916 0.00887951 0.0469742 0.014977 
0.0672849 0.708782 0.0302483 0.139354 0.00503162 0.0366604 0.0126394 
0.0609305 0.724765 0.0325254 0.125576 0.00449226 0.0376097 0.0141006 
0.0552131 0.708951 0.0402609 0.146491 0.00320327 0.0335978 0.0122831 
0.0859196 0.561997 0.0557231 0.247717 0.00506644 0.0281137 0.0154627 
0.0986721 0.485216 0.0629676 0.303076 0.00630802 0.0257211 0.0180397 
0.0914599 0.272241 0.0601158 0.533606 0.00687002 0.0169042 0.0188032 
0.0810405 0.23231 0.0470284 0.596655 0.00622367 0.0178565 0.0188861 
0.115953 0.279398 0.0696317 0.466101 0.0098898 0.0301167 0.0289095 
0.124047 0.339529 0.0648046 0.403487 0.0102481 0.0275055 0.0303798 
0.166896 0.429176 0.0614169 0.272466 0.0123436 0.0231807 0.0345213 
0.146464 0.426544 0.0556545 0.318699 0.0103794 0.0161666 0.0260931 
0.166982 0.371206 0.0753244 0.321003 0.0118836 0.0213967 0.0322038 
0.151003 0.455643 0.0688041 0.270066 0.00993304 0.018277 0.0262743 
0.165205 0.328319 0.0711436 0.380813 0.0108749 0.0157099 0.0279347 
0.172051 0.256919 0.0559603 0.464775 0.00948613 0.0118424 0.0289661 
0.191164 0.198489 0.052175 0.508613 0.00892169 0.0113396 0.0292975 
0.221378 0.174082 0.0379215 0.525895 0.00799652 0.00803235 0.0246937 
0.212663 0.196875 0.0453791 0.49687 0.00924359 0.0103037 0.0286644 
0.113767 0.111247 0.0312701 0.714443 0.00510921 0.00662862 0.0175359 
0.719361 0.0814879 0.0180665 0.145649 0.00744895 0.00272184 0.0252643 
0.773242 0.104216 0.0177051 0.0578346 0.0137406 0.00260422 0.0306579 
0.742364 0.1318 0.0168378 0.0534873 0.0245503 0.00235215 0.0286086 
0.779942 0.09027 0.0190593 0.0674188 0.0137467 0.00208958 0.0274738 
0.760157 0.117571 0.0164691 0.0517019 0.0242008 0.00257117 0.0273293 
0.728045 0.132855 0.0177257 0.0573471 0.0239765 0.00259247 0.0374588 
0.701794 0.152419 0.0170112 0.0549283 0.0277143 0.00398163 0.0421508 
0.663662 0.171962 0.0161338 0.0895489 0.0215227 0.00331864 0.0338517 
0.68071 0.151228 0.0162438 0.0911598 0.0261439 0.00324643 0.0312672 
0.682702 0.164399 0.0175753 0.0812102 0.0145438 0.00299293 0.0365763 
0.709767 0.123751 0.0189121 0.0907259 0.0127058 0.00165477 0.0424837 
0.73296 0.088472 0.0193555 0.11038 0.00998672 0.001158 0.0376874 
0.717316 0.109677 0.018234 0.073099 0.0106287 0.00169514 0.0693497 
0.775282 0.0873295 0.0212568 0.042713 0.00697124 0.00204656 0.0644006 
0.828838 0.0537625 0.0338026 0.00898428 0.00282117 0.00359354 0.0681984 
0.720474 0.0823664 0.101501 0.00239431 0.00947407 0.0364665 0.0473236 
0.613277 0.0898528 0.116843 0.00267947 0.0237266 0.0319042 0.121716 
0.703717 0.0571736 0.0595913 0.00324854 0.00870575 0.00989189 0.157672 
0.699392 0.0658139 0.0677225 0.00334539 0.013573 0.0127998 0.137353 
0.732766 0.0385304 0.0769607 0.00361516 0.0106915 0.0137473 0.123689 
0.776829 0.0497865 0.0607692 0.00468822 0.010391 0.0100315 0.0875041 
0.802609 0.0493531 0.0375141 0.00753486 0.0133906 0.0097489 0.0798496 
0.630119 0.0708963 0.0368007 0.0117084 0.0159539 0.0030835 0.231439 
0.417799 0.0704524 0.0507723 0.011552 0.00940257 0.00383782 0.436184 
0.51655 0.0563296 0.0660239 0.00495452 0.0108118 0.010879 0.334451 
0.337261 0.0502432 0.0586377 0.0048283 0.00650611 0.00627594 0.536248 
0.219515 0.109526 0.0401645 0.0078782 0.0347461 0.00798576 0.580184 
0.517009 0.112936 0.0487985 0.00592771 0.0237213 0.00685535 0.284752 
0.529748 0.204687 0.058654 0.00239383 0.0188925 0.138211 0.0474138 
0.46541 0.295403 0.0435494 0.00179755 0.0150707 0.108703 0.0700665 
0.669411 0.141699 0.0495108 0.00379163 0.0142039 0.0316952 0.0896883 
0.690878 0.136022 0.0541823 0.00336114 0.0288117 0.0277541 0.0589914 
0.673598 0.140372 0.0515624 0.00411251 0.0203842 0.015722 0.094249 
0.620716 0.140843 0.0348482 0.00557942 0.0186001 0.0123545 0.167059 
0.618375 0.0837126 0.0429744 0.00890025 0.0181141 0.00923969 0.218684 
0.650893 0.0278781 0.0559239 0.00516698 0.00649215 0.00781665 0.245829 
0.648598 0.0647697 0.0361454 0.0120617 0.0170232 0.00467547 0.216727 
0.693081 0.128676 0.0497463 0.00456964 0.0133788 0.0388251 0.0717236 
0.644119 0.108569 0.0395724 0.00509736 0.0120758 0.0184694 0.172097 
0.654683 0.109549 0.0293371 0.00640083 0.0171667 0.0112984 0.171565 
0.604084 0.139455 0.0257071 0.00942464 0.0293858 0.0058952 0.186048 
0.6585 0.168159 0.0217944 0.00687268 0.0231334 0.010149 0.111391 
0.617081 0.266035 0.0164636 0.00819396 0.0154192 0.0146772 0.0621296 
0.66834 0.190031 0.0224288 0.00613403 0.00718131 0.0150488 0.0908361 
0.68495 0.189925 0.0234061 0.0105136 0.00898814 0.0104437 0.0717736 
0.709766 0.167338 0.0232524 0.0196769 0.014096 0.00672649 0.0591439 
0.686405 0.153936 0.0507894 0.00428236 0.0252724 0.0328535 0.0464608 
0.416136 0.138543 0.249813 0.00420994 0.0373644 0.106059 0.0478755 
0.638508 0.0750136 0.074297 0.00370469 0.0229984 0.024471 0.161007 
0.60314 0.041949 0.0403534 0.00765451 0.0160655 0.00471537 0.286122 
0.741223 0.0626322 0.0331974 0.0101188 0.027748 0.00560259 0.119478 
0.798208 0.0796634 0.027006 0.0112883 0.0208435 0.00732745 0.0556631 
0.810511 0.0523578 0.0581032 0.00498444 0.0170068 0.0213871 0.0356497 
0.823724 0.0551091 0.0487468 0.00460239 0.0119179 0.0148241 0.0410762 
0.861771 0.0351176 0.0419993 0.00992606 0.00769146 0.0130912 0.0304034 
0.782078 0.0814429 0.0185834 0.0370485 0.0296557 0.00350828 0.0476837 
0.760262 0.057398 0.026158 0.0222718 0.0241949 0.0021154 0.1076 
0.870692 0.0368396 0.0308 0.00806574 0.00821271 0.00456541 0.0408251 
0.834464 0.0576348 0.0313927 0.0108849 0.0191703 0.0138798 0.0325734 
0.817103 0.058012 0.0310256 0.0156674 0.0198659 0.00520232 0.0531242 
0.821432 0.0501225 0.0298904 0.0235518 0.0252939 0.00737743 0.0423319 
0.824857 0.0725971 0.0240751 0.0200905 0.015435 0.00430945 0.0386357 
0.811355 0.0925309 0.02605 0.0182685 0.0203499 0.0105134 0.0209319 
0.841831 0.0647024 0.0256491 0.0158666 0.0206856 0.00917936 0.022086 
0.845754 0.0560371 0.0266996 0.0186348 0.012094 0.00418502 0.0365957 
0.654909 0.0988991 0.0456455 0.00616674 0.0118166 0.00515547 0.177407 
0.770355 0.0429039 0.0504338 0.00529846 0.00796406 0.0050633 0.117981 
0.814839 0.0240662 0.0580435 0.00623135 0.00899781 0.00965065 0.0781717 
0.752661 0.0238415 0.0940644 0.00569981 0.0129188 0.0168792 0.0939351 
0.747905 0.0357934 0.0742392 0.00449854 0.0133942 0.0135002 0.11067 
0.724589 0.028365 0.105594 0.00698527 0.0321265 0.0239094 0.0784309 
0.758203 0.0339749 0.0765311 0.00638463 0.0346089 0.0139347 0.0763626 
0.735169 0.0467586 0.0832243 0.00525208 0.0334287 0.0170938 0.0790732 
0.765284 0.0331119 0.0861397 0.00485856 0.014578 0.01482 0.0812075 
0.747584 0.0370285 0.0855926 0.00515858 0.0190169 0.0167373 0.0888823 
0.736799 0.0397476 0.0869835 0.00591272 0.0299383 0.0209986 0.0796202 
0.743485 0.0554055 0.0632541 0.00312406 0.026367 0.0354558 0.0729089 
0.728755 0.0309042 0.0917086 0.00302014 0.00969209 0.0416742 0.0942456 
0.714531 0.0279766 0.0865692 0.00279482 0.00692274 0.0264072 0.134799 
0.765179 0.0321189 0.0751867 0.00338673 0.0107606 0.0217249 0.0916433 
0.746658 0.0347851 0.080993 0.00354397 0.0113775 0.0222789 0.100363 
0.696741 0.0324241 0.10892 0.00318808 0.0144577 0.0290701 0.115199 
0.637479 0.0282876 0.0978325 0.00298088 0.0101492 0.0220895 0.201181 
0.692236 0.0356151 0.0855338 0.00329992 0.0121528 0.0213789 0.149783 
0.683042 0.0275848 0.103279 0.00282364 0.00992725 0.0234379 0.149905 
0.695907 0.0342566 0.0978959 0.00366691 0.0146801 0.0206485 0.132945 
0.679416 0.0342508 0.113729 0.00323899 0.0135897 0.0260927 0.129683 
0.701537 0.0336445 0.104866 0.00341579 0.0133291 0.0260234 0.117184 
0.697175 0.025623 0.116124 0.00319905 0.00776602 0.0209636 0.129149 
0.722111 0.0323245 0.102168 0.00281136 0.00661446 0.0259068 0.108064 
0.674166 0.0280343 0.121915 0.00264088 0.0080896 0.043712 0.121442 
0.706184 0.0430979 0.0984802 0.0025096 0.00887339 0.0437122 0.097143 
0.65418 0.0422181 0.107494 0.00277297 0.0104137 0.0418763 0.141045 
0.712614 0.0390804 0.0932465 0.00339456 0.0130862 0.0394029 0.0991755 
0.708932 0.0509707 0.0976204 0.00308443 0.0168329 0.0453107 0.0772486 
0.732525 0.0292537 0.0959397 0.00281783 0.00956468 0.0545637 0.0753359 
0.74238 0.030251 0.0874659 0.00317711 0.0101165 0.0485136 0.0780958 
0.630512 0.0284918 0.112136 0.00282551 0.0112543 0.061752 0.153029 
0.628443 0.0284866 0.11986 0.00302887 0.0135667 0.0615926 0.145023 
0.625691 0.0270807 0.126053 0.00284836 0.0106057 0.05812 0.149602 
0.683159 0.030334 0.109087 0.00333345 0.0153841 0.0475775 0.111125 
0.656569 0.0319501 0.118965 0.00354582 0.016436 0.0504141 0.12212 
0.703879 0.0368516 0.111816 0.00379502 0.020656 0.0420612 0.080941 
0.72088 0.0361483 0.108824 0.0041609 0.0239177 0.032456 0.0736132 
0.689042 0.0378751 0.125319 0.00413254 0.0268802 0.0369398 0.0798118 
0.659023 0.0339724 0.146777 0.00399568 0.0174317 0.0423659 0.0964349 
0.675887 0.0355242 0.145623 0.00407022 0.0158765 0.0386904 0.084329 
0.653754 0.0362814 0.161517 0.003593 0.0169693 0.0499226 0.077963 
0.675461 0.0333947 0.140362 0.00439712 0.0174082 0.0449649 0.0840115 
0.666801 0.0276161 0.148402 0.00461348 0.0145079 0.043969 0.0940901 
0.57372 0.0223577 0.162143 0.00398731 0.0161117 0.0526403 0.16904 
0.630986 0.0255973 0.165898 0.00442205 0.0190839 0.0354025 0.118609 
0.667778 0.0328244 0.147643 0.00443248 0.0169788 0.0426424 0.0877008 
0.696513 0.0318918 0.123646 0.00375962 0.0159213 0.0433855 0.0848833 
0.667605 0.0367882 0.129855 0.00466645 0.0265441 0.0456493 0.0888912 
0.664435 0.0496363 0.13406 0.00456375 0.036476 0.0443188 0.0665102 
0.700009 0.048306 0.119102 0.00426441 0.0246677 0.0369442 0.0667064 
0.624914 0.0340441 0.143353 0.00336475 0.0153324 0.0482072 0.130785 
0.657175 0.0238603 0.148948 0.0034758 0.0101267 0.0499057 0.106508 
0.699199 0.0289699 0.140334 0.00418942 0.0143574 0.0293997 0.0835497 
0.677927 0.0226838 0.155011 0.00481855 0.0185131 0.0342342 0.0868119 
0.592108 0.0269475 0.138845 0.00182157 0.00355464 0.0247677 0.211956 
0.582883 0.0210864 0.155371 0.00338713 0.0143286 0.0417128 0.181231 
0.713523 0.0257747 0.120279 0.00312595 0.00642113 0.0265215 0.104355 
0.65732 0.0231024 0.09905 0.0023415 0.00510777 0.0559864 0.157092 
0.669021 0.0266761 0.114955 0.00304804 0.00851492 0.0529501 0.124836 
0.717887 0.031831 0.0897846 0.00304464 0.0101807 0.0399002 0.107372 
0.659086 0.0242662 0.0965251 0.00277301 0.00680899 0.0569172 0.153624 
0.612623 0.0230941 0.110645 0.00279907 0.00778143 0.0381698 0.204887 
0.664733 0.0202546 0.118947 0.00323764 0.00929019 0.0356653 0.147872 
0.6397 0.0258807 0.126645 0.00307064 0.0142966 0.0407122 0.149695 
0.681132 0.0266069 0.112343 0.00316809 0.0122379 0.0254815 0.139032 
0.529431 0.0518976 0.100076 0.00168053 0.00678197 0.0182911 0.291842 
0.638651 0.0344017 0.145137 0.00201507 0.00492023 0.0210041 0.153871 
0.676344 0.0255803 0.121317 0.00215772 0.0045635 0.0238211 0.146216 
0.713779 0.0240601 0.119032 0.00266892 0.00890934 0.0335663 0.0979849 
0.646249 0.0270643 0.151694 0.00397377 0.0273675 0.0308514 0.1128 
0.675472 0.0247076 0.157932 0.0033677 0.0153592 0.0265238 0.0966379 
0.616062 0.0240122 0.157517 0.00343177 0.0147099 0.0290909 0.155176 
0.664555 0.0304085 0.142052 0.00398021 0.024629 0.02363 0.110745 
0.662937 0.0248816 0.146675 0.00326981 0.0131302 0.0278651 0.121242 
0.743959 0.024987 0.107225 0.00353629 0.00996496 0.0210458 0.089282 
0.588683 0.0235735 0.185343 0.00479099 0.0344307 0.0436513 0.119527 
0.681261 0.0343745 0.121314 0.00410107 0.0198678 0.0404129 0.0986688 
0.684937 0.0272387 0.122626 0.0033535 0.0114797 0.0299741 0.12039 
0.668264 0.0340075 0.131761 0.00348153 0.014273 0.0348384 0.113375 
0.619886 0.027607 0.13217 0.00255728 0.00953659 0.0346769 0.173566 
0.726519 0.0450631 0.106021 0.00419399 0.0248095 0.0256432 0.0677497 
0.705564 0.0423793 0.104754 0.00471303 0.0323828 0.0337173 0.0764902 
0.70113 0.0379087 0.107816 0.00340649 0.0211538 0.0276814 0.100903 
0.643007 0.0407363 0.1336 0.00411805 0.0282856 0.0346168 0.115636 
0.683342 0.0414253 0.127442 0.00343785 0.0189175 0.0320162 0.0934189 
0.696968 0.0316436 0.115147 0.00401825 0.0208016 0.0270057 0.104416 
0.669135 0.0336735 0.124914 0.00380511 0.0190121 0.0296995 0.119761 
0.670565 0.0340428 0.132097 0.00291824 0.0126219 0.0333446 0.114411 
0.661116 0.0360951 0.124576 0.00353864 0.0171457 0.036737 0.120791 
0.694132 0.0353438 0.117955 0.00413423 0.0186079 0.0339193 0.0959083 
0.689651 0.0453215 0.115751 0.004075 0.0259287 0.0352238 0.0840486 
0.686281 0.030377 0.115148 0.00438124 0.0187806 0.0339499 0.111083 
0.727115 0.0364536 0.111998 0.00800472 0.0269633 0.0329051 0.0565601 
0.69002 0.0422008 0.126719 0.0048026 0.0197471 0.0376631 0.078848 
0.681296 0.0423541 0.136048 0.00546994 0.0258036 0.0405255 0.0685025 
0.692362 0.0457835 0.133278 0.00352907 0.0194177 0.0346076 0.0710221 
0.698229 0.0335367 0.127739 0.00344054 0.0143621 0.0375387 0.0851538 
0.660898 0.038285 0.0831204 0.00247286 0.00764129 0.00990029 0.197682 
0.773225 0.0379716 0.0697979 0.00389827 0.00919681 0.0124163 0.0934943 
0.763155 0.0471294 0.0758418 0.0047024 0.0208379 0.01306 0.0752734 
0.743108 0.0284727 0.0923141 0.00518128 0.0160714 0.0302328 0.0846193 
0.774193 0.027188 0.0788885 0.00486966 0.0114607 0.0192049 0.0841956 
0.74076 0.027499 0.100267 0.00427827 0.0111027 0.0286491 0.0874431 
0.721725 0.0265228 0.101878 0.00409314 0.0103492 0.021671 0.11376 
0.735275 0.036167 0.101755 0.00606281 0.0280124 0.0262459 0.0664827 
0.709762 0.0335357 0.101155 0.00596157 0.0334383 0.033474 0.0826734 
0.70409 0.031098 0.11719 0.00619944 0.0326176 0.033041 0.0757645 
0.68357 0.0299472 0.129142 0.00537705 0.0231579 0.0347537 0.0940523 
0.71616 0.0334415 0.112539 0.00575587 0.0279334 0.0277238 0.0764472 
0.698739 0.0334779 0.118958 0.00522122 0.0276711 0.0326982 0.083235 
0.661356 0.0308747 0.138638 0.00575966 0.0358215 0.0372998 0.0902507 
0.693279 0.0360426 0.12189 0.00499638 0.020855 0.0345176 0.0884195 
0.702789 0.0354602 0.122817 0.00490861 0.0228067 0.0364022 0.0748161 
0.750047 0.0354192 0.101819 0.00470922 0.013519 0.0272113 0.0672754 
0.709371 0.029823 0.120188 0.00472339 0.0137362 0.0298318 0.0923264 
0.743945 0.0282307 0.10918 0.00534819 0.0131746 0.0259677 0.0741533 
0.688559 0.0210319 0.128444 0.00792354 0.0247766 0.0340083 0.0952572 
0.683092 0.0205265 0.135424 0.00519997 0.0176472 0.0296196 0.108491 
0.604081 0.0196027 0.173295 0.00599663 0.0256438 0.0360458 0.135335 
0.656894 0.0291047 0.139432 0.00487435 0.0230904 0.0241638 0.122441 
0.708919 0.0263218 0.108666 0.00635128 0.0241322 0.0198586 0.105752 
0.756026 0.0308862 0.0842309 0.0086585 0.0227016 0.00785376 0.0896427 
0.806702 0.0224179 0.0589326 0.0152486 0.00783572 0.00333394 0.0855294 
0.769931 0.0353224 0.0425451 0.0470013 0.00966765 0.00168425 0.0938487 
0.801013 0.0235404 0.0515715 0.0370433 0.0073699 0.00282207 0.0766397 
0.686491 0.0176552 0.151826 0.00797607 0.00812963 0.0540438 0.0738782 
0.739611 0.0163105 0.13071 0.00810689 0.00462392 0.0554979 0.0451399 
0.683722 0.0274384 0.149568 0.00467705 0.0102305 0.0671931 0.0571706 
0.709667 0.027325 0.141985 0.00409113 0.00852737 0.0493094 0.0590952 
0.717375 0.038618 0.146084 0.00506045 0.0107054 0.0338388 0.0483188 
0.685156 0.022265 0.148211 0.00547562 0.0163759 0.0544108 0.0681059 
0.709378 0.0333302 0.155274 0.00479276 0.0182096 0.0303881 0.0486265 
