0.842738 0.0207464 0.0583723 0.00591995 0.00633255 0.00728157 0.0586089 
0.840925 0.020157 0.0507017 0.00710869 0.00926419 0.00575374 0.0660901 
0.820391 0.0199888 0.0512146 0.00471453 0.00502807 0.00751737 0.0911455 
0.795966 0.0173297 0.0543578 0.00409063 0.00440774 0.011033 0.112815 
0.847361 0.020108 0.0488024 0.00545495 0.00461246 0.00777283 0.0658881 
0.830587 0.0174266 0.0544293 0.00511963 0.00428271 0.00687773 0.0812771 
0.843145 0.0175869 0.0564846 0.00577358 0.00551704 0.0061508 0.0653423 
0.839013 0.0169057 0.059168 0.00549473 0.00362506 0.00899111 0.066802 
0.855722 0.0199844 0.065725 0.00613851 0.00568654 0.00759164 0.0391515 
0.855253 0.0202946 0.0660402 0.00628283 0.00581894 0.00691075 0.0393995 
0.83593 0.0187605 0.0618645 0.00485559 0.00427116 0.00677675 0.0675411 
0.806572 0.0268096 0.0665828 0.0054049 0.00960112 0.00781799 0.0772116 
0.803772 0.0226834 0.0739412 0.00731348 0.00910688 0.0111042 0.0720788 
0.782112 0.018692 0.0764434 0.00912157 0.0144105 0.0097547 0.0894663 
0.814388 0.0265608 0.0679369 0.00702447 0.010041 0.00946936 0.0645794 
0.838422 0.0152923 0.065973 0.00558695 0.0087226 0.00578248 0.0602207 
0.830645 0.016871 0.0623024 0.0162186 0.0148963 0.00600426 0.0530626 
0.820516 0.011954 0.0743147 0.0161717 0.00805184 0.00396401 0.0650278 
0.712959 0.0129315 0.0561267 0.0160626 0.00382553 0.00316848 0.194927 
0.754011 0.0209293 0.0451016 0.014905 0.00711003 0.00242122 0.155522 
0.754884 0.0227523 0.0477569 0.0109553 0.00822428 0.00375573 0.151672 
0.724471 0.0168765 0.0498206 0.0116027 0.00594434 0.00250534 0.188779 
0.758282 0.0273015 0.0439937 0.00959992 0.0320615 0.00403479 0.124727 
0.734559 0.0605804 0.0297676 0.00987023 0.0343032 0.00726034 0.12366 
0.666569 0.0426811 0.0438657 0.00883407 0.0129118 0.00759922 0.217539 
0.611942 0.0378747 0.0418172 0.00756495 0.00916785 0.00892462 0.282709 
0.712842 0.042488 0.044725 0.00764938 0.0174901 0.0192104 0.155595 
0.67858 0.0350197 0.0412158 0.00474285 0.0122935 0.0563619 0.171786 
0.434856 0.0437935 0.0648362 0.00633967 0.0276457 0.105018 0.317511 
0.340287 0.0254527 0.0691602 0.00364799 0.0119684 0.330158 0.219325 
0.14075 0.0166144 0.102748 0.00722291 0.00821728 0.291671 0.432776 
0.14753 0.0176994 0.0803404 0.00835043 0.00785166 0.412718 0.325511 
0.147242 0.0168201 0.0936085 0.00729829 0.00696531 0.252573 0.475493 
0.272428 0.0232054 0.0856287 0.00684675 0.012783 0.180003 0.419105 
0.441304 0.0369329 0.0701397 0.0079318 0.0302267 0.130521 0.282944 
0.394163 0.0173493 0.0799205 0.00679173 0.012412 0.0476471 0.441716 
0.443944 0.0304217 0.0693265 0.00771072 0.0194214 0.0604159 0.36876 
0.675812 0.0281234 0.067756 0.00862003 0.0326113 0.0176524 0.169424 
0.735826 0.0286266 0.0767056 0.00683079 0.0157296 0.0252622 0.111019 
0.665571 0.155214 0.0219775 0.00911679 0.0360855 0.0101819 0.101854 
0.658655 0.130193 0.0238084 0.0193384 0.0389843 0.00989961 0.119121 
0.726474 0.0642909 0.031217 0.0202643 0.0457367 0.00409964 0.107918 
0.697654 0.0635496 0.0365967 0.0164314 0.0403272 0.00683743 0.138604 
0.640782 0.139223 0.0194732 0.0387086 0.0739636 0.00434412 0.0835057 
0.587613 0.0823035 0.0217717 0.048405 0.202105 0.00863907 0.0491622 
0.434534 0.117504 0.0276187 0.0308435 0.333143 0.0135995 0.0427578 
0.516657 0.0913705 0.0409525 0.0137192 0.21174 0.00765683 0.117903 
0.680766 0.1044 0.0622974 0.0125383 0.0536886 0.017492 0.0688174 
0.713969 0.10295 0.0187347 0.0423187 0.0385659 0.00368648 0.0797753 
0.679411 0.0622251 0.0191427 0.0657988 0.0451139 0.00213426 0.126174 
0.752414 0.0655927 0.0188379 0.0480657 0.0500011 0.00338744 0.0617008 
0.759501 0.0343235 0.0387315 0.0152674 0.0247392 0.00280263 0.124635 
0.791623 0.0424885 0.0390945 0.0156615 0.0282642 0.00777372 0.075095 
0.763217 0.0530734 0.0343399 0.0213649 0.0340569 0.00497862 0.0889691 
0.802079 0.0423533 0.0333229 0.0216447 0.0342763 0.00409489 0.0622294 
0.779078 0.0368681 0.039424 0.0235817 0.0269835 0.00483061 0.0892338 
0.850763 0.0277421 0.0336205 0.0396626 0.0163271 0.00401959 0.0278648 
0.848428 0.0223424 0.0397556 0.0331569 0.0112793 0.00520894 0.0398293 
0.838257 0.0248021 0.0379754 0.0431334 0.0117003 0.00495879 0.0391727 
0.821921 0.0187935 0.0427516 0.0411483 0.0187857 0.00632271 0.0502773 
0.802891 0.0219444 0.0425105 0.052125 0.0276346 0.00805564 0.0448384 
0.825843 0.0197981 0.0442227 0.0385498 0.0171234 0.00688554 0.0475778 
0.82009 0.0169199 0.0545371 0.0314989 0.0117306 0.00553782 0.0596853 
0.835061 0.0264431 0.0493961 0.0244182 0.0136369 0.00734133 0.0437034 
0.823468 0.0203094 0.056591 0.0180684 0.0113463 0.00637523 0.0638418 
0.833199 0.020107 0.0551226 0.0117282 0.0121163 0.00658597 0.0611407 
0.825138 0.0143408 0.0566705 0.0337347 0.0115206 0.00799888 0.0505968 
0.827431 0.0157806 0.0592813 0.0478445 0.00788914 0.00807931 0.0336941 
0.833312 0.0148207 0.0634177 0.0370064 0.00670106 0.0103272 0.0344153 
0.832457 0.0172808 0.0584092 0.0271903 0.0124078 0.0100129 0.0422419 
0.834552 0.016904 0.0583534 0.021805 0.0141946 0.00853796 0.0456533 
0.844831 0.0182685 0.0524947 0.0190222 0.0118204 0.0103877 0.0431752 
0.844113 0.0152215 0.0687521 0.0126967 0.00637293 0.00663499 0.0462088 
0.800651 0.0254795 0.0638544 0.0243837 0.0242723 0.0157446 0.0456146 
0.839484 0.0180236 0.0678534 0.010156 0.00621267 0.00662527 0.0516447 
0.840134 0.0201545 0.0612509 0.0171835 0.0108196 0.00879232 0.0416647 
0.834726 0.0223697 0.0701327 0.00909998 0.00904299 0.00886236 0.0457661 
0.818565 0.0228165 0.0645934 0.0180035 0.0228053 0.00959535 0.0436213 
0.821889 0.0208912 0.067972 0.00546194 0.00562836 0.00800674 0.0701507 
0.824809 0.0167357 0.0655797 0.0091209 0.011016 0.00797226 0.0647664 
0.845329 0.019067 0.0634082 0.00787025 0.00559697 0.00573308 0.0529952 
0.813608 0.0176574 0.0661297 0.0104829 0.0134275 0.00604287 0.0726514 
0.809252 0.0148221 0.0666241 0.0109495 0.0125546 0.00620566 0.0795921 
0.804115 0.0181066 0.0623185 0.0105539 0.0164914 0.00680911 0.0816058 
0.806159 0.0223229 0.0568845 0.00877921 0.0172522 0.00787057 0.0807314 
0.825383 0.0236058 0.0520985 0.0116388 0.0209444 0.00570307 0.0606265 
0.810404 0.0227042 0.0567367 0.0111778 0.0178187 0.00701757 0.0741409 
0.805881 0.0273778 0.0584497 0.0128051 0.019382 0.0102641 0.0658402 
0.80037 0.0328602 0.0556999 0.00843998 0.0199272 0.0127976 0.0699045 
0.765886 0.0274554 0.0704369 0.0098371 0.0217355 0.0135442 0.0911051 
0.762842 0.0271068 0.0718879 0.0105691 0.0187439 0.0142396 0.094611 
0.766615 0.0246234 0.0694201 0.00872012 0.0125963 0.0131218 0.104904 
0.805391 0.0316117 0.0623172 0.0096371 0.0213596 0.0108515 0.0588316 
0.812791 0.0288147 0.0585336 0.00774329 0.0264315 0.00719866 0.0584871 
0.792638 0.0447467 0.0643038 0.00635672 0.0313995 0.0132449 0.04731 
0.768007 0.0366478 0.0835033 0.00523372 0.0236659 0.0189805 0.0639618 
0.81425 0.0264233 0.0609475 0.00884137 0.0167311 0.0141965 0.0586105 
0.787014 0.0315612 0.0678945 0.00693979 0.0195865 0.016725 0.070279 
0.773445 0.0297759 0.0740111 0.0081096 0.023002 0.0178858 0.0737708 
0.781393 0.0265023 0.0683991 0.00520234 0.0114899 0.0136908 0.093323 
0.807133 0.0272959 0.0632202 0.00874856 0.0218844 0.0126424 0.0590759 
0.77132 0.0311081 0.080678 0.00534622 0.01328 0.0189555 0.0793127 
0.800228 0.0339234 0.0608403 0.00527089 0.0116136 0.0141596 0.0739643 
0.781119 0.0296447 0.0749975 0.006217 0.0200773 0.0178949 0.0700496 
0.77698 0.0376427 0.0519881 0.00946675 0.0477201 0.0134102 0.0627919 
0.764145 0.0350486 0.0714283 0.00838698 0.0302981 0.0215662 0.0691271 
0.79983 0.0285038 0.0673332 0.00777154 0.0184702 0.0162081 0.061883 
0.772518 0.0254621 0.0780981 0.00554989 0.0111714 0.0146591 0.0925415 
0.811245 0.0330713 0.0602363 0.00650085 0.0205069 0.013767 0.0546727 
0.807686 0.03347 0.0642889 0.00551412 0.0217524 0.0132019 0.0540864 
0.830672 0.0309332 0.0547189 0.0068434 0.0164613 0.00976088 0.0506108 
0.791232 0.024135 0.075082 0.00793032 0.0194542 0.0140906 0.0680754 
0.799624 0.0286668 0.0750736 0.00630736 0.0165868 0.0155547 0.0581866 
0.73728 0.0220771 0.0994349 0.00364461 0.00802883 0.015776 0.113759 
0.796134 0.0253453 0.0755691 0.00629034 0.0113231 0.0146795 0.0706588 
0.712624 0.0192098 0.094061 0.0035906 0.00719365 0.019437 0.143884 
0.733462 0.0193876 0.0968997 0.00474402 0.00830105 0.0220508 0.115155 
0.811537 0.0212819 0.0710289 0.00727899 0.0123588 0.0157939 0.060721 
0.808113 0.0211316 0.0716449 0.00671765 0.010861 0.0154741 0.0660579 
0.815394 0.0283144 0.051336 0.00973409 0.0295661 0.017163 0.0484923 
0.803834 0.0255434 0.0652241 0.0109515 0.0272449 0.0157242 0.0514782 
0.798523 0.0250237 0.0684479 0.0055294 0.0110668 0.0137874 0.0776217 
0.807 0.0336747 0.074055 0.00464844 0.0106979 0.0102102 0.0597135 
0.828221 0.0205073 0.0741307 0.00738547 0.00979137 0.0116966 0.048267 
0.801472 0.0165511 0.0899675 0.00516974 0.00710751 0.0153927 0.0643389 
0.810283 0.024677 0.0780142 0.0102193 0.0176006 0.015783 0.0434224 
0.822608 0.0177749 0.0694743 0.00503141 0.00415101 0.00861241 0.072348 
0.632889 0.17785 0.0168943 0.0548793 0.057316 0.00478477 0.0553867 
0.660989 0.119944 0.0220138 0.0533531 0.0885154 0.0166074 0.038578 
0.383777 0.340904 0.0105566 0.0286605 0.189247 0.0175346 0.0293208 
0.484913 0.291687 0.0357612 0.00797486 0.088209 0.0662624 0.0251925 
0.458825 0.327363 0.0224232 0.0143122 0.123977 0.0264338 0.0266656 
0.462892 0.390767 0.0338212 0.00776413 0.0385678 0.0457192 0.0204684 
0.390953 0.477425 0.0201512 0.00614767 0.0332213 0.0305482 0.0415538 
0.338087 0.51876 0.0158935 0.0109412 0.0524809 0.0216733 0.0421641 
0.338924 0.378762 0.0143858 0.0319154 0.178547 0.0141559 0.0433098 
0.4489 0.268978 0.0167245 0.0454167 0.14988 0.0125021 0.0575988 
0.414719 0.173743 0.0201866 0.0498387 0.243109 0.011662 0.0867422 
0.446345 0.180897 0.0190137 0.0522289 0.216472 0.0106668 0.0743766 
0.523204 0.245434 0.0177132 0.034382 0.126711 0.0103471 0.0422096 
0.518956 0.237418 0.0177942 0.031135 0.135308 0.0118579 0.0475309 
0.518591 0.120898 0.0148017 0.0633109 0.189414 0.00631889 0.0866649 
0.503018 0.317985 0.0138004 0.0424066 0.0741823 0.0120112 0.036596 
0.394095 0.455939 0.00982335 0.0267786 0.072975 0.0124475 0.0279425 
0.375934 0.504658 0.0101962 0.019832 0.0375104 0.0140286 0.037841 
0.348387 0.489233 0.00878228 0.0280741 0.0809205 0.0267931 0.0178095 
0.130944 0.793847 0.00604929 0.00293753 0.0314052 0.0301288 0.00468864 
0.132972 0.807977 0.00529601 0.00285439 0.0212534 0.0228547 0.00679305 
0.194728 0.644095 0.0048149 0.0111363 0.113876 0.0196861 0.0116633 
0.196536 0.400594 0.0114053 0.0760219 0.256579 0.0118684 0.0469958 
0.0889094 0.820301 0.00165756 0.00886286 0.0606686 0.00693747 0.0126627 
0.0871557 0.863794 0.00200615 0.00449618 0.0182413 0.0152524 0.00905379 
0.130403 0.797557 0.00302267 0.00652134 0.0314704 0.0142521 0.0167732 
0.131401 0.793913 0.00259688 0.00628089 0.0373118 0.0181689 0.0103273 
0.162342 0.744998 0.00353856 0.0061136 0.0307066 0.040184 0.012118 
0.133382 0.671975 0.00294006 0.0158205 0.147817 0.0215083 0.00655692 
0.0879064 0.834744 0.00145263 0.00769555 0.0465605 0.0174083 0.00423229 
0.0856286 0.791949 0.00121 0.023029 0.0816187 0.0133833 0.00318158 
0.119689 0.806165 0.00197134 0.0171111 0.0311873 0.0183801 0.00549637 
0.171775 0.743024 0.00327829 0.0182884 0.029487 0.0259892 0.00815876 
0.15279 0.770965 0.00233056 0.0181426 0.0157906 0.0319281 0.00805266 
0.186591 0.757574 0.00362231 0.0254539 0.00841011 0.00973022 0.00861789 
0.163056 0.772464 0.00285816 0.0201675 0.0109854 0.0211568 0.0093124 
0.136571 0.794789 0.00191635 0.024479 0.0188049 0.0176245 0.00581522 
0.15173 0.768318 0.00213895 0.03117 0.0236836 0.0172752 0.00568467 
0.105414 0.825857 0.00170359 0.0177209 0.0209346 0.0234361 0.00493389 
0.118598 0.796168 0.00198997 0.0232449 0.0280235 0.0267504 0.00522467 
0.126505 0.776572 0.00211529 0.0306475 0.032248 0.0266326 0.00527995 
0.183744 0.728349 0.00256822 0.0319489 0.0274404 0.019692 0.00625766 
0.145547 0.739078 0.0024468 0.0321499 0.0348955 0.039397 0.00648576 
0.184821 0.700045 0.00330093 0.0307973 0.0351722 0.0386011 0.00726254 
0.246285 0.536527 0.00351132 0.0636979 0.105193 0.0374094 0.00737611 
0.241126 0.599648 0.00386972 0.0570672 0.0526395 0.038037 0.00761223 
0.347277 0.455296 0.00762614 0.0599432 0.0556704 0.0621101 0.0120768 
0.236055 0.641102 0.00466291 0.0234567 0.0445876 0.0411712 0.00896448 
0.183884 0.668188 0.00385249 0.0140054 0.0766042 0.045929 0.00753682 
0.173887 0.700563 0.00291777 0.0129832 0.0732695 0.0301492 0.00623124 
0.228778 0.621912 0.00433388 0.0134284 0.0827745 0.0380982 0.0106748 
0.267273 0.599868 0.0063748 0.0171624 0.0450056 0.0508066 0.0135091 
0.281087 0.60798 0.00838887 0.00867854 0.0284434 0.0466204 0.0188027 
0.268399 0.617708 0.00692719 0.0110947 0.0370803 0.0433887 0.0154016 
0.232728 0.667623 0.00684922 0.00618694 0.0298805 0.0407314 0.016001 
0.185845 0.72715 0.00448909 0.00572563 0.0402467 0.0249649 0.0115787 
0.232409 0.656881 0.00667233 0.00761158 0.046514 0.0343094 0.0156024 
0.19724 0.71081 0.00517179 0.00590255 0.0380351 0.0297926 0.0130478 
0.2664 0.614374 0.00675179 0.00877611 0.0562544 0.0334375 0.0140064 
0.300572 0.599487 0.00730191 0.0102571 0.0342846 0.0323481 0.0157496 
0.354311 0.546853 0.00928887 0.0074563 0.033448 0.024152 0.0244903 
0.422194 0.452298 0.0144144 0.0047167 0.0380573 0.0273742 0.0409445 
0.375532 0.503823 0.0138345 0.00381079 0.038453 0.0255583 0.0389889 
0.427536 0.42792 0.0194713 0.00372641 0.0406908 0.0341842 0.0464705 
0.409115 0.442463 0.01926 0.00312521 0.0321629 0.0326724 0.0612017 
0.417044 0.423294 0.0229646 0.00285194 0.0258616 0.0466799 0.0613035 
0.535124 0.290976 0.028765 0.00312613 0.0237417 0.0294011 0.0888665 
0.606972 0.22128 0.0271649 0.00473284 0.0253081 0.0427435 0.0717983 
0.496848 0.340271 0.0281792 0.00283595 0.0244372 0.0304517 0.0769769 
0.850763 0.0277421 0.0336205 0.0396626 0.0163271 0.00401959 0.0278648 
0.848428 0.0223424 0.0397556 0.0331569 0.0112793 0.00520894 0.0398293 
0.838257 0.0248021 0.0379754 0.0431334 0.0117003 0.00495879 0.0391727 
0.821921 0.0187935 0.0427516 0.0411483 0.0187857 0.00632271 0.0502773 
0.802891 0.0219444 0.0425105 0.052125 0.0276346 0.00805564 0.0448384 
0.825843 0.0197981 0.0442227 0.0385498 0.0171234 0.00688554 0.0475778 
0.82009 0.0169199 0.0545371 0.0314989 0.0117306 0.00553782 0.0596853 
0.835061 0.0264431 0.0493961 0.0244182 0.0136369 0.00734133 0.0437034 
0.823468 0.0203094 0.056591 0.0180684 0.0113463 0.00637523 0.0638418 
0.833199 0.020107 0.0551226 0.0117282 0.0121163 0.00658597 0.0611407 
0.825138 0.0143408 0.0566705 0.0337347 0.0115206 0.00799888 0.0505968 
0.827431 0.0157806 0.0592813 0.0478445 0.00788914 0.00807931 0.0336941 
0.833312 0.0148207 0.0634177 0.0370064 0.00670106 0.0103272 0.0344153 
0.832457 0.0172808 0.0584092 0.0271903 0.0124078 0.0100129 0.0422419 
0.834552 0.016904 0.0583534 0.021805 0.0141946 0.00853796 0.0456533 
0.844831 0.0182685 0.0524947 0.0190222 0.0118204 0.0103877 0.0431752 
0.844113 0.0152215 0.0687521 0.0126967 0.00637293 0.00663499 0.0462088 
0.800651 0.0254795 0.0638544 0.0243837 0.0242723 0.0157446 0.0456146 
0.839484 0.0180236 0.0678534 0.010156 0.00621267 0.00662527 0.0516447 
0.840134 0.0201545 0.0612509 0.0171835 0.0108196 0.00879232 0.0416647 
0.834726 0.0223697 0.0701327 0.00909998 0.00904299 0.00886236 0.0457661 
0.818565 0.0228165 0.0645934 0.0180035 0.0228053 0.00959535 0.0436213 
0.821889 0.0208912 0.067972 0.00546194 0.00562836 0.00800674 0.0701507 
0.824809 0.0167357 0.0655797 0.0091209 0.011016 0.00797226 0.0647664 
0.845329 0.019067 0.0634082 0.00787025 0.00559697 0.00573308 0.0529952 
0.813608 0.0176574 0.0661297 0.0104829 0.0134275 0.00604287 0.0726514 
0.809252 0.0148221 0.0666241 0.0109495 0.0125546 0.00620566 0.0795921 
0.804115 0.0181066 0.0623185 0.0105539 0.0164914 0.00680911 0.0816058 
0.806159 0.0223229 0.0568845 0.00877921 0.0172522 0.00787057 0.0807314 
0.825383 0.0236058 0.0520985 0.0116388 0.0209444 0.00570307 0.0606265 
0.810404 0.0227042 0.0567367 0.0111778 0.0178187 0.00701757 0.0741409 
0.805881 0.0273778 0.0584497 0.0128051 0.019382 0.0102641 0.0658402 
0.80037 0.0328602 0.0556999 0.00843998 0.0199272 0.0127976 0.0699045 
0.765886 0.0274554 0.0704369 0.0098371 0.0217355 0.0135442 0.0911051 
0.762842 0.0271068 0.0718879 0.0105691 0.0187439 0.0142396 0.094611 
0.766615 0.0246234 0.0694201 0.00872012 0.0125963 0.0131218 0.104904 
0.805391 0.0316117 0.0623172 0.0096371 0.0213596 0.0108515 0.0588316 
0.812791 0.0288147 0.0585336 0.00774329 0.0264315 0.00719866 0.0584871 
0.792638 0.0447467 0.0643038 0.00635672 0.0313995 0.0132449 0.04731 
0.768007 0.0366478 0.0835033 0.00523372 0.0236659 0.0189805 0.0639618 
0.81425 0.0264233 0.0609475 0.00884137 0.0167311 0.0141965 0.0586105 
0.787014 0.0315612 0.0678945 0.00693979 0.0195865 0.016725 0.070279 
0.773445 0.0297759 0.0740111 0.0081096 0.023002 0.0178858 0.0737708 
0.781393 0.0265023 0.0683991 0.00520234 0.0114899 0.0136908 0.093323 
0.807133 0.0272959 0.0632202 0.00874856 0.0218844 0.0126424 0.0590759 
0.77132 0.0311081 0.080678 0.00534622 0.01328 0.0189555 0.0793127 
0.800228 0.0339234 0.0608403 0.00527089 0.0116136 0.0141596 0.0739643 
0.781119 0.0296447 0.0749975 0.006217 0.0200773 0.0178949 0.0700496 
0.77698 0.0376427 0.0519881 0.00946675 0.0477201 0.0134102 0.0627919 
0.764145 0.0350486 0.0714283 0.00838698 0.0302981 0.0215662 0.0691271 
0.79983 0.0285038 0.0673332 0.00777154 0.0184702 0.0162081 0.061883 
0.772518 0.0254621 0.0780981 0.00554989 0.0111714 0.0146591 0.0925415 
0.811245 0.0330713 0.0602363 0.00650085 0.0205069 0.013767 0.0546727 
0.807686 0.03347 0.0642889 0.00551412 0.0217524 0.0132019 0.0540864 
0.830672 0.0309332 0.0547189 0.0068434 0.0164613 0.00976088 0.0506108 
0.791232 0.024135 0.075082 0.00793032 0.0194542 0.0140906 0.0680754 
0.799624 0.0286668 0.0750736 0.00630736 0.0165868 0.0155547 0.0581866 
0.73728 0.0220771 0.0994349 0.00364461 0.00802883 0.015776 0.113759 
0.796134 0.0253453 0.0755691 0.00629034 0.0113231 0.0146795 0.0706588 
0.712624 0.0192098 0.094061 0.0035906 0.00719365 0.019437 0.143884 
0.733462 0.0193876 0.0968997 0.00474402 0.00830105 0.0220508 0.115155 
0.811537 0.0212819 0.0710289 0.00727899 0.0123588 0.0157939 0.060721 
0.808113 0.0211316 0.0716449 0.00671765 0.010861 0.0154741 0.0660579 
0.815394 0.0283144 0.051336 0.00973409 0.0295661 0.017163 0.0484923 
0.803834 0.0255434 0.0652241 0.0109515 0.0272449 0.0157242 0.0514782 
0.798523 0.0250237 0.0684479 0.0055294 0.0110668 0.0137874 0.0776217 
0.807 0.0336747 0.074055 0.00464844 0.0106979 0.0102102 0.0597135 
0.828221 0.0205073 0.0741307 0.00738547 0.00979137 0.0116966 0.048267 
0.801472 0.0165511 0.0899675 0.00516974 0.00710751 0.0153927 0.0643389 
0.810283 0.024677 0.0780142 0.0102193 0.0176006 0.015783 0.0434224 
0.822608 0.0177749 0.0694743 0.00503141 0.00415101 0.00861241 0.072348 
0.60314 0.041949 0.0403534 0.00765451 0.0160655 0.00471537 0.286122 
0.741223 0.0626322 0.0331974 0.0101188 0.027748 0.00560259 0.119478 
0.798208 0.0796634 0.027006 0.0112883 0.0208435 0.00732745 0.0556631 
0.810511 0.0523578 0.0581032 0.00498444 0.0170068 0.0213871 0.0356497 
0.823724 0.0551091 0.0487468 0.00460239 0.0119179 0.0148241 0.0410762 
0.861771 0.0351176 0.0419993 0.00992606 0.00769146 0.0130912 0.0304034 
0.782078 0.0814429 0.0185834 0.0370485 0.0296557 0.00350828 0.0476837 
0.760262 0.057398 0.026158 0.0222718 0.0241949 0.0021154 0.1076 
0.870692 0.0368396 0.0308 0.00806574 0.00821271 0.00456541 0.0408251 
0.834464 0.0576348 0.0313927 0.0108849 0.0191703 0.0138798 0.0325734 
0.817103 0.058012 0.0310256 0.0156674 0.0198659 0.00520232 0.0531242 
0.821432 0.0501225 0.0298904 0.0235518 0.0252939 0.00737743 0.0423319 
0.824857 0.0725971 0.0240751 0.0200905 0.015435 0.00430945 0.0386357 
0.811355 0.0925309 0.02605 0.0182685 0.0203499 0.0105134 0.0209319 
0.841831 0.0647024 0.0256491 0.0158666 0.0206856 0.00917936 0.022086 
0.845754 0.0560371 0.0266996 0.0186348 0.012094 0.00418502 0.0365957 
0.654909 0.0988991 0.0456455 0.00616674 0.0118166 0.00515547 0.177407 
0.770355 0.0429039 0.0504338 0.00529846 0.00796406 0.0050633 0.117981 
0.814839 0.0240662 0.0580435 0.00623135 0.00899781 0.00965065 0.0781717 
0.752661 0.0238415 0.0940644 0.00569981 0.0129188 0.0168792 0.0939351 
0.747905 0.0357934 0.0742392 0.00449854 0.0133942 0.0135002 0.11067 
0.724589 0.028365 0.105594 0.00698527 0.0321265 0.0239094 0.0784309 
0.758203 0.0339749 0.0765311 0.00638463 0.0346089 0.0139347 0.0763626 
0.735169 0.0467586 0.0832243 0.00525208 0.0334287 0.0170938 0.0790732 
0.765284 0.0331119 0.0861397 0.00485856 0.014578 0.01482 0.0812075 
0.747584 0.0370285 0.0855926 0.00515858 0.0190169 0.0167373 0.0888823 
0.736799 0.0397476 0.0869835 0.00591272 0.0299383 0.0209986 0.0796202 
0.743485 0.0554055 0.0632541 0.00312406 0.026367 0.0354558 0.0729089 
0.728755 0.0309042 0.0917086 0.00302014 0.00969209 0.0416742 0.0942456 
0.714531 0.0279766 0.0865692 0.00279482 0.00692274 0.0264072 0.134799 
0.765179 0.0321189 0.0751867 0.00338673 0.0107606 0.0217249 0.0916433 
0.746658 0.0347851 0.080993 0.00354397 0.0113775 0.0222789 0.100363 
0.696741 0.0324241 0.10892 0.00318808 0.0144577 0.0290701 0.115199 
0.637479 0.0282876 0.0978325 0.00298088 0.0101492 0.0220895 0.201181 
0.692236 0.0356151 0.0855338 0.00329992 0.0121528 0.0213789 0.149783 
0.683042 0.0275848 0.103279 0.00282364 0.00992725 0.0234379 0.149905 
0.695907 0.0342566 0.0978959 0.00366691 0.0146801 0.0206485 0.132945 
0.679416 0.0342508 0.113729 0.00323899 0.0135897 0.0260927 0.129683 
0.701537 0.0336445 0.104866 0.00341579 0.0133291 0.0260234 0.117184 
0.697175 0.025623 0.116124 0.00319905 0.00776602 0.0209636 0.129149 
0.722111 0.0323245 0.102168 0.00281136 0.00661446 0.0259068 0.108064 
0.747199 0.0252756 0.0675219 0.00796967 0.0319464 0.00966343 0.110424 
0.739916 0.0234422 0.0694527 0.00841228 0.0338974 0.0119707 0.112909 
0.773321 0.0301703 0.0641725 0.00748729 0.0257511 0.0131541 0.0859438 
0.766456 0.0479558 0.0555347 0.00784809 0.037379 0.0188762 0.0659497 
0.79185 0.0367988 0.0578593 0.00915575 0.021989 0.0179101 0.0644375 
0.761225 0.0441083 0.0638851 0.0122654 0.0380589 0.0271486 0.0533091 
0.781624 0.0389421 0.0724403 0.01175 0.024508 0.0212896 0.0494463 
0.746586 0.0367507 0.0782832 0.0124896 0.0462479 0.0240654 0.0555769 
0.815607 0.0326338 0.0587386 0.011021 0.0250339 0.0142162 0.0427493 
0.768681 0.0363468 0.070744 0.0078973 0.0295636 0.0252179 0.0615496 
0.799733 0.0251627 0.0643187 0.00732879 0.0106486 0.0196645 0.073144 
0.802879 0.034122 0.0598271 0.00821799 0.0192351 0.0161617 0.059557 
0.810496 0.0243935 0.0648474 0.0107779 0.0129473 0.0155445 0.0609932 
0.773743 0.0348707 0.0743191 0.0081748 0.0194283 0.0263585 0.0631055 
0.77194 0.0255094 0.0713778 0.00818177 0.0194164 0.0208974 0.0826775 
0.77212 0.0309435 0.0734048 0.0089232 0.0257571 0.0201989 0.0686526 
0.76098 0.0382085 0.0784706 0.00956241 0.0348959 0.0211698 0.0567126 
0.786273 0.0330321 0.0658064 0.0102921 0.0261427 0.0140641 0.0643901 
0.775074 0.0286386 0.0708945 0.00932934 0.0237076 0.0152558 0.0771001 
0.811282 0.0224323 0.0693483 0.0100059 0.0115389 0.0140683 0.0613246 
0.810973 0.0216564 0.0658581 0.0105593 0.0116795 0.0156369 0.0636364 
0.809517 0.0201848 0.0656856 0.0127449 0.0135199 0.0157666 0.0625815 
0.775819 0.0280625 0.0711691 0.0112015 0.0328644 0.0162213 0.0646623 
0.756808 0.0314715 0.0828241 0.0128955 0.0338505 0.0190506 0.0630994 
0.750877 0.0292212 0.077342 0.00894684 0.0370132 0.0156451 0.0809542 
0.735243 0.0376525 0.0835708 0.00809645 0.0380377 0.0181145 0.079285 
0.743021 0.0255461 0.0804654 0.00834201 0.0337841 0.0138815 0.0949595 
0.767614 0.023339 0.0851441 0.00978515 0.0169078 0.0184085 0.0788017 
0.785806 0.0240464 0.0796307 0.0082933 0.0161602 0.0141434 0.0719195 
0.774911 0.0234222 0.083068 0.0101127 0.0244753 0.0127341 0.0712763 
0.79655 0.0277343 0.078321 0.00734159 0.0157901 0.0131849 0.0610786 
0.784275 0.030362 0.0750751 0.00715651 0.0171843 0.0122922 0.0736547 
0.755126 0.019363 0.0781629 0.00611477 0.0109677 0.0223015 0.107964 
0.770798 0.0283022 0.0763733 0.00463315 0.011625 0.0155857 0.0926827 
0.745906 0.0249695 0.0804001 0.00428629 0.0130119 0.0163129 0.115113 
0.77179 0.0305508 0.0748235 0.00804946 0.0211736 0.0191702 0.0744424 
0.772568 0.0269356 0.068526 0.00700538 0.014377 0.0239009 0.0866869 
0.775961 0.0234642 0.0690171 0.00527463 0.00888921 0.0199882 0.0974058 
0.780041 0.0198585 0.0695297 0.00558285 0.00685461 0.019761 0.0983728 
0.800549 0.0240598 0.0673247 0.00660738 0.00851194 0.0195956 0.0733516 
0.780567 0.0210042 0.0793316 0.00627244 0.00823306 0.017001 0.0875911 
0.777187 0.0227522 0.0731414 0.00593026 0.0083394 0.0190186 0.0936317 
0.817825 0.0175086 0.0652625 0.00772721 0.00688977 0.0147588 0.0700283 
0.810125 0.0264917 0.0728263 0.00684699 0.00735424 0.022403 0.0539526 
0.816413 0.0195543 0.0702176 0.00731524 0.00788753 0.0122268 0.0663852 
0.782245 0.0191381 0.0745002 0.0066394 0.00645313 0.0153447 0.0956795 
0.789192 0.023762 0.0780074 0.0049673 0.00673892 0.0168592 0.0804729 
0.777083 0.0198667 0.0866458 0.00579057 0.00839374 0.0187779 0.0834419 
0.793725 0.0199633 0.0781317 0.0082258 0.0133278 0.0133606 0.0732661 
0.759572 0.0229951 0.0834584 0.00873693 0.0159877 0.0193033 0.0899462 
0.721017 0.0231766 0.100553 0.00513393 0.0110308 0.0195386 0.11955 
0.705892 0.0454882 0.0762333 0.00875257 0.0398055 0.0360794 0.0877491 
0.689518 0.0379662 0.0936574 0.00370946 0.0118979 0.0231059 0.140145 
0.704116 0.0255611 0.0757942 0.00419246 0.0106383 0.0224732 0.157224 
0.666574 0.0234973 0.0863121 0.00466291 0.0155274 0.027217 0.17621 
0.68177 0.0327097 0.077519 0.00885774 0.0331518 0.041041 0.124951 
0.784659 0.033676 0.0770979 0.0168084 0.0341904 0.0133125 0.0402555 
0.82107 0.0309467 0.0677545 0.0124465 0.00880494 0.00888725 0.0500901 
0.791747 0.0349453 0.0671534 0.0341027 0.0209671 0.01017 0.0409148 
0.801466 0.0391439 0.0689166 0.0133251 0.0148681 0.00941758 0.0528622 
0.765701 0.0709095 0.065351 0.0122592 0.0306855 0.0111386 0.0439554 
0.777247 0.0538222 0.0579982 0.0124984 0.0335305 0.00825444 0.056649 
0.795985 0.060958 0.0538144 0.0199967 0.0242473 0.00857217 0.0364259 
0.803736 0.0694904 0.0503671 0.0112919 0.0108958 0.0120753 0.0421431 
0.706018 0.15754 0.0344466 0.016949 0.0304806 0.0190903 0.0354748 
0.298528 0.573376 0.0099253 0.0149649 0.0515522 0.0353671 0.0162866 
0.176248 0.675571 0.00536364 0.0140455 0.0959394 0.0211099 0.0117227 
0.223046 0.679433 0.00658277 0.0114196 0.0424335 0.019258 0.0178274 
0.382151 0.456138 0.0126978 0.0450731 0.0511453 0.0313892 0.0214054 
0.311243 0.5833 0.0110606 0.0161066 0.0261173 0.0258496 0.0263222 
0.492237 0.313812 0.0361231 0.0164096 0.027321 0.0895909 0.0245065 
0.414498 0.449554 0.0274052 0.00623601 0.0280436 0.0526228 0.0216402 
0.607269 0.196434 0.0428958 0.0266589 0.0258807 0.0739246 0.0269371 
0.594482 0.246397 0.0431461 0.00717231 0.0186719 0.0599815 0.0301494 
0.628829 0.211109 0.0374271 0.0149646 0.0491836 0.0270046 0.0314827 
0.536021 0.266605 0.0362288 0.00723894 0.0966315 0.0253812 0.0318934 
0.587445 0.195908 0.0445584 0.010788 0.0833934 0.0438071 0.0340998 
0.533656 0.295061 0.0307842 0.00944405 0.0645212 0.0307414 0.0357924 
0.386983 0.456864 0.0146838 0.00894799 0.0807761 0.0227362 0.0290096 
0.3823 0.486974 0.0160433 0.00655131 0.0506597 0.0283889 0.0290824 
0.396422 0.474862 0.0183841 0.00685891 0.041891 0.0314369 0.0301446 
0.37008 0.49354 0.0156607 0.0073114 0.0547965 0.0270678 0.0315438 
0.299154 0.595836 0.0118488 0.00520205 0.0265323 0.0296378 0.0317886 
0.329765 0.531287 0.0129228 0.00647276 0.0620521 0.0266539 0.0308459 
0.352779 0.502432 0.0131361 0.00647029 0.0668383 0.0254073 0.0329376 
0.300697 0.507051 0.014448 0.005513 0.116099 0.0330171 0.0231743 
0.351825 0.486939 0.0152187 0.00567773 0.0777129 0.0300359 0.0325902 
0.27724 0.604826 0.0118537 0.0044729 0.0485394 0.018969 0.0340986 
0.174185 0.722167 0.00631842 0.00274531 0.0547202 0.0223978 0.0174671 
0.190563 0.721259 0.00785566 0.00289538 0.0356127 0.0189798 0.0228347 
0.297723 0.590533 0.00929233 0.00994552 0.0463296 0.0267312 0.0194449 
0.352777 0.54375 0.0109642 0.0111266 0.0287858 0.0267395 0.0258572 
0.342779 0.541861 0.0105697 0.0116844 0.0303696 0.0372019 0.0255336 
0.285733 0.614394 0.00814335 0.0113056 0.0282069 0.0311384 0.0210788 
0.243599 0.643956 0.00647153 0.00916198 0.0500831 0.0269247 0.0198035 
0.242181 0.597989 0.00430586 0.0177649 0.106416 0.0216414 0.00970194 
0.22282 0.529362 0.00444412 0.0198641 0.184225 0.0288927 0.0103917 
0.217506 0.565996 0.00374742 0.0199063 0.163569 0.0205715 0.00870278 
0.175164 0.559965 0.0022484 0.0205064 0.201865 0.0335896 0.00666194 
0.769968 0.00509412 0.125002 0.0145605 0.00185123 0.0047535 0.0787708 
0.752741 0.00502438 0.134249 0.030418 0.00238754 0.00445621 0.0707239 
0.687164 0.0055418 0.140002 0.0598338 0.00327035 0.00637672 0.0978116 
0.734419 0.00535686 0.134547 0.0443796 0.00270669 0.00498605 0.073605 
0.700555 0.00744093 0.117537 0.0964263 0.00340623 0.00700657 0.0676272 
0.736687 0.00628749 0.124432 0.0608255 0.00301767 0.00488514 0.063866 
0.727483 0.00597151 0.118065 0.0723811 0.00365695 0.00593156 0.0665114 
0.683142 0.0068053 0.125891 0.0979757 0.00412112 0.00604131 0.0760236 
0.509661 0.00642039 0.113505 0.29282 0.00685657 0.00613695 0.0646006 
0.647111 0.00685403 0.109135 0.152701 0.0104813 0.00694659 0.0667717 
0.641887 0.0061613 0.119793 0.151781 0.00750753 0.00509692 0.0677727 
0.667304 0.00650435 0.100255 0.167774 0.0106203 0.00435984 0.0431831 
0.655825 0.00737574 0.138239 0.150609 0.0106529 0.00375786 0.0335404 
0.631483 0.00876947 0.174465 0.123686 0.00692003 0.00545385 0.0492232 
0.603558 0.00583139 0.137211 0.160169 0.00747057 0.00741276 0.0783463 
0.61287 0.00611628 0.142866 0.146824 0.00695143 0.00739535 0.0769766 
0.689752 0.00525928 0.148328 0.0678857 0.00637442 0.00793083 0.0744698 
0.675263 0.00550296 0.151082 0.0881358 0.00704718 0.00715084 0.0658187 
0.678747 0.00651669 0.139628 0.106145 0.00611309 0.00758634 0.0552637 
0.613135 0.00599886 0.129355 0.180386 0.0102296 0.00731266 0.0535834 
0.655567 0.0061393 0.128298 0.139442 0.0112747 0.00689693 0.0523814 
0.627257 0.00706091 0.153059 0.119334 0.00834773 0.0092384 0.0757033 
0.616564 0.0064747 0.167258 0.105338 0.00779532 0.00894458 0.0876248 
0.623099 0.00611659 0.150061 0.126363 0.00707143 0.00699342 0.080295 
0.467081 0.00679189 0.183462 0.258855 0.0105762 0.0104612 0.0627733 
0.220814 0.0100375 0.121121 0.535406 0.0513423 0.0399871 0.0212923 
0.451357 0.0158465 0.385852 0.0142123 0.0100651 0.110111 0.0125556 
0.574614 0.0236443 0.276575 0.0149315 0.0214598 0.0709928 0.017783 
0.718717 0.0103228 0.200394 0.0300377 0.0114311 0.0120298 0.0170677 
0.704042 0.0110653 0.169852 0.0565169 0.00998608 0.0265254 0.0220128 
0.729742 0.0118441 0.15991 0.0553078 0.0109513 0.00957602 0.0226687 
0.677394 0.00923806 0.142695 0.112707 0.0164693 0.0104112 0.0310856 
0.690452 0.00676242 0.121133 0.129489 0.0108844 0.0040837 0.0371956 
0.611297 0.00867684 0.140866 0.176068 0.0143309 0.00755065 0.0412098 
0.67016 0.0107852 0.121024 0.131665 0.0285063 0.0092238 0.0286359 
0.510318 0.00659214 0.15147 0.284704 0.00903969 0.0056693 0.0322074 
0.525377 0.00594026 0.127817 0.299376 0.0097832 0.00482629 0.0268805 
0.42581 0.00595678 0.118966 0.404576 0.0194843 0.00427088 0.020937 
0.295323 0.00490096 0.0908764 0.576465 0.0125728 0.00331584 0.0165456 
0.186931 0.00466835 0.0710425 0.712747 0.00934814 0.00272251 0.0125408 
0.276257 0.00550926 0.0736957 0.620476 0.0090731 0.00294076 0.0120477 
0.283644 0.0044336 0.0929648 0.593336 0.00781106 0.00285375 0.0149569 
0.261921 0.00431215 0.122563 0.577193 0.0104893 0.00336454 0.0201561 
0.603558 0.00583139 0.137211 0.160169 0.00747057 0.00741276 0.0783463 
0.61287 0.00611628 0.142866 0.146824 0.00695143 0.00739535 0.0769766 
0.689752 0.00525928 0.148328 0.0678857 0.00637442 0.00793083 0.0744698 
0.675263 0.00550296 0.151082 0.0881358 0.00704718 0.00715084 0.0658187 
0.678747 0.00651669 0.139628 0.106145 0.00611309 0.00758634 0.0552637 
0.613135 0.00599886 0.129355 0.180386 0.0102296 0.00731266 0.0535834 
0.655567 0.0061393 0.128298 0.139442 0.0112747 0.00689693 0.0523814 
0.627257 0.00706091 0.153059 0.119334 0.00834773 0.0092384 0.0757033 
0.616564 0.0064747 0.167258 0.105338 0.00779532 0.00894458 0.0876248 
0.623099 0.00611659 0.150061 0.126363 0.00707143 0.00699342 0.080295 
0.467081 0.00679189 0.183462 0.258855 0.0105762 0.0104612 0.0627733 
0.220814 0.0100375 0.121121 0.535406 0.0513423 0.0399871 0.0212923 
0.451357 0.0158465 0.385852 0.0142123 0.0100651 0.110111 0.0125556 
0.574614 0.0236443 0.276575 0.0149315 0.0214598 0.0709928 0.017783 
0.718717 0.0103228 0.200394 0.0300377 0.0114311 0.0120298 0.0170677 
0.704042 0.0110653 0.169852 0.0565169 0.00998608 0.0265254 0.0220128 
0.729742 0.0118441 0.15991 0.0553078 0.0109513 0.00957602 0.0226687 
0.677394 0.00923806 0.142695 0.112707 0.0164693 0.0104112 0.0310856 
0.690452 0.00676242 0.121133 0.129489 0.0108844 0.0040837 0.0371956 
0.611297 0.00867684 0.140866 0.176068 0.0143309 0.00755065 0.0412098 
0.67016 0.0107852 0.121024 0.131665 0.0285063 0.0092238 0.0286359 
0.510318 0.00659214 0.15147 0.284704 0.00903969 0.0056693 0.0322074 
0.525377 0.00594026 0.127817 0.299376 0.0097832 0.00482629 0.0268805 
0.42581 0.00595678 0.118966 0.404576 0.0194843 0.00427088 0.020937 
0.295323 0.00490096 0.0908764 0.576465 0.0125728 0.00331584 0.0165456 
0.186931 0.00466835 0.0710425 0.712747 0.00934814 0.00272251 0.0125408 
0.276257 0.00550926 0.0736957 0.620476 0.0090731 0.00294076 0.0120477 
0.283644 0.0044336 0.0929648 0.593336 0.00781106 0.00285375 0.0149569 
0.261921 0.00431215 0.122563 0.577193 0.0104893 0.00336454 0.0201561 
0.395371 0.00747185 0.110275 0.444957 0.00973566 0.00968071 0.0225084 
0.415355 0.00620254 0.151463 0.367916 0.0117108 0.00944769 0.0379044 
0.483308 0.00561854 0.180398 0.265568 0.0107878 0.00953665 0.0447831 
0.41653 0.00620646 0.209538 0.274412 0.0112864 0.0119182 0.0701094 
0.429272 0.0072638 0.213001 0.259694 0.0086283 0.0113474 0.0707932 
0.475846 0.00681309 0.255785 0.129507 0.00718558 0.0132819 0.111581 
0.41994 0.00676611 0.275897 0.17856 0.0100016 0.010598 0.0982385 
0.423516 0.00698062 0.256575 0.217594 0.00938983 0.0101088 0.0758348 
0.448848 0.00664235 0.253379 0.200788 0.00956809 0.00896016 0.0718144 
0.457004 0.007532 0.239079 0.20673 0.0082132 0.00979583 0.0716466 
0.448607 0.00828245 0.227462 0.221561 0.00765477 0.0104554 0.0759778 
0.327244 0.00750792 0.213274 0.369896 0.008458 0.0099163 0.0637037 
0.325955 0.00661955 0.198422 0.375691 0.00928016 0.0099994 0.0740325 
0.425981 0.0056955 0.176423 0.320652 0.00879666 0.00819363 0.0542586 
0.603558 0.00583139 0.137211 0.160169 0.00747057 0.00741276 0.0783463 
0.61287 0.00611628 0.142866 0.146824 0.00695143 0.00739535 0.0769766 
0.689752 0.00525928 0.148328 0.0678857 0.00637442 0.00793083 0.0744698 
0.675263 0.00550296 0.151082 0.0881358 0.00704718 0.00715084 0.0658187 
0.678747 0.00651669 0.139628 0.106145 0.00611309 0.00758634 0.0552637 
0.613135 0.00599886 0.129355 0.180386 0.0102296 0.00731266 0.0535834 
0.655567 0.0061393 0.128298 0.139442 0.0112747 0.00689693 0.0523814 
0.627257 0.00706091 0.153059 0.119334 0.00834773 0.0092384 0.0757033 
0.616564 0.0064747 0.167258 0.105338 0.00779532 0.00894458 0.0876248 
0.623099 0.00611659 0.150061 0.126363 0.00707143 0.00699342 0.080295 
0.467081 0.00679189 0.183462 0.258855 0.0105762 0.0104612 0.0627733 
0.220814 0.0100375 0.121121 0.535406 0.0513423 0.0399871 0.0212923 
0.451357 0.0158465 0.385852 0.0142123 0.0100651 0.110111 0.0125556 
0.574614 0.0236443 0.276575 0.0149315 0.0214598 0.0709928 0.017783 
0.718717 0.0103228 0.200394 0.0300377 0.0114311 0.0120298 0.0170677 
0.704042 0.0110653 0.169852 0.0565169 0.00998608 0.0265254 0.0220128 
0.729742 0.0118441 0.15991 0.0553078 0.0109513 0.00957602 0.0226687 
0.677394 0.00923806 0.142695 0.112707 0.0164693 0.0104112 0.0310856 
0.690452 0.00676242 0.121133 0.129489 0.0108844 0.0040837 0.0371956 
0.611297 0.00867684 0.140866 0.176068 0.0143309 0.00755065 0.0412098 
0.67016 0.0107852 0.121024 0.131665 0.0285063 0.0092238 0.0286359 
0.510318 0.00659214 0.15147 0.284704 0.00903969 0.0056693 0.0322074 
0.525377 0.00594026 0.127817 0.299376 0.0097832 0.00482629 0.0268805 
0.42581 0.00595678 0.118966 0.404576 0.0194843 0.00427088 0.020937 
0.295323 0.00490096 0.0908764 0.576465 0.0125728 0.00331584 0.0165456 
0.186931 0.00466835 0.0710425 0.712747 0.00934814 0.00272251 0.0125408 
0.276257 0.00550926 0.0736957 0.620476 0.0090731 0.00294076 0.0120477 
0.283644 0.0044336 0.0929648 0.593336 0.00781106 0.00285375 0.0149569 
0.261921 0.00431215 0.122563 0.577193 0.0104893 0.00336454 0.0201561 
0.686725 0.0106408 0.093667 0.16355 0.00548759 0.00528797 0.0346418 
0.707636 0.0115031 0.0916612 0.145836 0.00470668 0.00413221 0.0345249 
0.661968 0.0102966 0.0904475 0.195977 0.00534045 0.00390262 0.0320675 
0.749792 0.0104518 0.0899598 0.0981206 0.00417752 0.00538863 0.0421099 
0.742925 0.0105576 0.0876025 0.109789 0.00401428 0.00606242 0.0390492 
0.688261 0.00959234 0.108637 0.141466 0.00465456 0.00675518 0.0406338 
0.722547 0.00873411 0.113879 0.103035 0.00402178 0.00644809 0.0413357 
0.617681 0.00969161 0.127591 0.197217 0.00609383 0.00775908 0.0339659 
0.685015 0.00872392 0.140175 0.117282 0.00439814 0.00544499 0.038961 
0.648011 0.00864931 0.124419 0.16946 0.00636692 0.0053623 0.0377319 
0.694889 0.00897314 0.115447 0.139429 0.00591178 0.00479203 0.0305581 
0.66747 0.00795135 0.0960955 0.189943 0.00755255 0.00289567 0.0280927 
0.603558 0.00583139 0.137211 0.160169 0.00747057 0.00741276 0.0783463 
0.61287 0.00611628 0.142866 0.146824 0.00695143 0.00739535 0.0769766 
0.689752 0.00525928 0.148328 0.0678857 0.00637442 0.00793083 0.0744698 
0.675263 0.00550296 0.151082 0.0881358 0.00704718 0.00715084 0.0658187 
0.678747 0.00651669 0.139628 0.106145 0.00611309 0.00758634 0.0552637 
0.613135 0.00599886 0.129355 0.180386 0.0102296 0.00731266 0.0535834 
0.655567 0.0061393 0.128298 0.139442 0.0112747 0.00689693 0.0523814 
0.627257 0.00706091 0.153059 0.119334 0.00834773 0.0092384 0.0757033 
0.616564 0.0064747 0.167258 0.105338 0.00779532 0.00894458 0.0876248 
0.623099 0.00611659 0.150061 0.126363 0.00707143 0.00699342 0.080295 
0.467081 0.00679189 0.183462 0.258855 0.0105762 0.0104612 0.0627733 
0.220814 0.0100375 0.121121 0.535406 0.0513423 0.0399871 0.0212923 
0.451357 0.0158465 0.385852 0.0142123 0.0100651 0.110111 0.0125556 
0.574614 0.0236443 0.276575 0.0149315 0.0214598 0.0709928 0.017783 
0.718717 0.0103228 0.200394 0.0300377 0.0114311 0.0120298 0.0170677 
0.704042 0.0110653 0.169852 0.0565169 0.00998608 0.0265254 0.0220128 
0.729742 0.0118441 0.15991 0.0553078 0.0109513 0.00957602 0.0226687 
0.677394 0.00923806 0.142695 0.112707 0.0164693 0.0104112 0.0310856 
0.690452 0.00676242 0.121133 0.129489 0.0108844 0.0040837 0.0371956 
0.611297 0.00867684 0.140866 0.176068 0.0143309 0.00755065 0.0412098 
0.67016 0.0107852 0.121024 0.131665 0.0285063 0.0092238 0.0286359 
0.510318 0.00659214 0.15147 0.284704 0.00903969 0.0056693 0.0322074 
0.525377 0.00594026 0.127817 0.299376 0.0097832 0.00482629 0.0268805 
0.42581 0.00595678 0.118966 0.404576 0.0194843 0.00427088 0.020937 
0.295323 0.00490096 0.0908764 0.576465 0.0125728 0.00331584 0.0165456 
0.186931 0.00466835 0.0710425 0.712747 0.00934814 0.00272251 0.0125408 
0.276257 0.00550926 0.0736957 0.620476 0.0090731 0.00294076 0.0120477 
0.283644 0.0044336 0.0929648 0.593336 0.00781106 0.00285375 0.0149569 
0.261921 0.00431215 0.122563 0.577193 0.0104893 0.00336454 0.0201561 
0.0165123 0.00928358 0.00527501 0.963946 0.00173303 0.00158166 0.00166875 
0.0101532 0.00836648 0.00264795 0.974719 0.00186931 0.00118546 0.00105849 
0.0153848 0.0133744 0.00427336 0.961226 0.00226798 0.00183354 0.00163981 
0.0172985 0.0154334 0.0048084 0.954623 0.003631 0.00219126 0.00201449 
0.0125359 0.0115715 0.00362009 0.967755 0.00177958 0.00135338 0.00138509 
0.0147711 0.0113977 0.00392776 0.96487 0.00196782 0.00154021 0.001525 
0.019627 0.011825 0.00598712 0.958263 0.00129143 0.00136845 0.00163772 
0.0181493 0.00975001 0.00459008 0.963304 0.0015875 0.00117947 0.00143992 
