0.674166 0.0280343 0.121915 0.00264088 0.0080896 0.043712 0.121442 
0.706184 0.0430979 0.0984802 0.0025096 0.00887339 0.0437122 0.097143 
0.65418 0.0422181 0.107494 0.00277297 0.0104137 0.0418763 0.141045 
0.712614 0.0390804 0.0932465 0.00339456 0.0130862 0.0394029 0.0991755 
0.708932 0.0509707 0.0976204 0.00308443 0.0168329 0.0453107 0.0772486 
0.732525 0.0292537 0.0959397 0.00281783 0.00956468 0.0545637 0.0753359 
0.74238 0.030251 0.0874659 0.00317711 0.0101165 0.0485136 0.0780958 
0.630512 0.0284918 0.112136 0.00282551 0.0112543 0.061752 0.153029 
0.628443 0.0284866 0.11986 0.00302887 0.0135667 0.0615926 0.145023 
0.625691 0.0270807 0.126053 0.00284836 0.0106057 0.05812 0.149602 
0.683159 0.030334 0.109087 0.00333345 0.0153841 0.0475775 0.111125 
0.656569 0.0319501 0.118965 0.00354582 0.016436 0.0504141 0.12212 
0.703879 0.0368516 0.111816 0.00379502 0.020656 0.0420612 0.080941 
0.72088 0.0361483 0.108824 0.0041609 0.0239177 0.032456 0.0736132 
0.689042 0.0378751 0.125319 0.00413254 0.0268802 0.0369398 0.0798118 
0.659023 0.0339724 0.146777 0.00399568 0.0174317 0.0423659 0.0964349 
0.675887 0.0355242 0.145623 0.00407022 0.0158765 0.0386904 0.084329 
0.653754 0.0362814 0.161517 0.003593 0.0169693 0.0499226 0.077963 
0.675461 0.0333947 0.140362 0.00439712 0.0174082 0.0449649 0.0840115 
0.666801 0.0276161 0.148402 0.00461348 0.0145079 0.043969 0.0940901 
0.57372 0.0223577 0.162143 0.00398731 0.0161117 0.0526403 0.16904 
0.630986 0.0255973 0.165898 0.00442205 0.0190839 0.0354025 0.118609 
0.667778 0.0328244 0.147643 0.00443248 0.0169788 0.0426424 0.0877008 
0.696513 0.0318918 0.123646 0.00375962 0.0159213 0.0433855 0.0848833 
0.667605 0.0367882 0.129855 0.00466645 0.0265441 0.0456493 0.0888912 
0.664435 0.0496363 0.13406 0.00456375 0.036476 0.0443188 0.0665102 
0.700009 0.048306 0.119102 0.00426441 0.0246677 0.0369442 0.0667064 
0.624914 0.0340441 0.143353 0.00336475 0.0153324 0.0482072 0.130785 
0.657175 0.0238603 0.148948 0.0034758 0.0101267 0.0499057 0.106508 
0.699199 0.0289699 0.140334 0.00418942 0.0143574 0.0293997 0.0835497 
0.677927 0.0226838 0.155011 0.00481855 0.0185131 0.0342342 0.0868119 
0.592108 0.0269475 0.138845 0.00182157 0.00355464 0.0247677 0.211956 
0.582883 0.0210864 0.155371 0.00338713 0.0143286 0.0417128 0.181231 
0.713523 0.0257747 0.120279 0.00312595 0.00642113 0.0265215 0.104355 
0.65732 0.0231024 0.09905 0.0023415 0.00510777 0.0559864 0.157092 
0.669021 0.0266761 0.114955 0.00304804 0.00851492 0.0529501 0.124836 
0.717887 0.031831 0.0897846 0.00304464 0.0101807 0.0399002 0.107372 
0.659086 0.0242662 0.0965251 0.00277301 0.00680899 0.0569172 0.153624 
0.612623 0.0230941 0.110645 0.00279907 0.00778143 0.0381698 0.204887 
0.664733 0.0202546 0.118947 0.00323764 0.00929019 0.0356653 0.147872 
0.6397 0.0258807 0.126645 0.00307064 0.0142966 0.0407122 0.149695 
0.681132 0.0266069 0.112343 0.00316809 0.0122379 0.0254815 0.139032 
0.529431 0.0518976 0.100076 0.00168053 0.00678197 0.0182911 0.291842 
0.638651 0.0344017 0.145137 0.00201507 0.00492023 0.0210041 0.153871 
0.676344 0.0255803 0.121317 0.00215772 0.0045635 0.0238211 0.146216 
0.713779 0.0240601 0.119032 0.00266892 0.00890934 0.0335663 0.0979849 
0.646249 0.0270643 0.151694 0.00397377 0.0273675 0.0308514 0.1128 
0.675472 0.0247076 0.157932 0.0033677 0.0153592 0.0265238 0.0966379 
0.616062 0.0240122 0.157517 0.00343177 0.0147099 0.0290909 0.155176 
0.664555 0.0304085 0.142052 0.00398021 0.024629 0.02363 0.110745 
0.662937 0.0248816 0.146675 0.00326981 0.0131302 0.0278651 0.121242 
0.743959 0.024987 0.107225 0.00353629 0.00996496 0.0210458 0.089282 
0.588683 0.0235735 0.185343 0.00479099 0.0344307 0.0436513 0.119527 
0.681261 0.0343745 0.121314 0.00410107 0.0198678 0.0404129 0.0986688 
0.684937 0.0272387 0.122626 0.0033535 0.0114797 0.0299741 0.12039 
0.740937 0.0341006 0.0630768 0.00498164 0.0109062 0.0149665 0.131031 
0.78096 0.0255007 0.0587378 0.00836822 0.0132149 0.0278967 0.0853218 
0.744512 0.0267404 0.0768912 0.00413348 0.00620025 0.0109062 0.130616 
0.784777 0.0319457 0.0686425 0.00570239 0.0140294 0.0178298 0.077073 
0.815888 0.0243107 0.0622167 0.00681533 0.00858864 0.0141684 0.0680126 
0.775976 0.0281356 0.079173 0.00706846 0.0131478 0.0217946 0.0747044 
0.731184 0.0276536 0.0886554 0.00513541 0.0108218 0.0258388 0.110711 
0.725812 0.0195927 0.0852857 0.00610466 0.0130003 0.0269611 0.123244 
0.767692 0.0217774 0.0732358 0.00742362 0.0131515 0.0245268 0.0921932 
0.776546 0.0224986 0.0744077 0.00795332 0.0102515 0.019934 0.0884091 
0.764876 0.0280123 0.0765656 0.00636411 0.0128552 0.017443 0.0938838 
0.72106 0.0288268 0.0889995 0.00988287 0.0230309 0.0368923 0.091308 
0.73526 0.0267663 0.0928255 0.00687745 0.0121706 0.0248024 0.101298 
0.756759 0.0278737 0.0800387 0.00917183 0.0144108 0.0319826 0.0797635 
0.769286 0.0254644 0.0786423 0.00802679 0.0134368 0.0208458 0.0842978 
0.75372 0.0261412 0.0770063 0.00678474 0.0109631 0.0261471 0.0992376 
0.741167 0.029456 0.0880437 0.00472303 0.0114514 0.0220637 0.103095 
0.72139 0.0299118 0.0872356 0.00536059 0.0209586 0.0244455 0.110698 
0.760877 0.027187 0.0625068 0.00514449 0.0124363 0.0158583 0.115991 
0.669487 0.0319344 0.0755056 0.00321339 0.00763689 0.0193782 0.192845 
0.721057 0.0310882 0.08453 0.00392941 0.0094123 0.0174564 0.132527 
0.730289 0.0344656 0.0698966 0.0048362 0.0231216 0.0169618 0.120429 
0.729949 0.0255576 0.0759158 0.00470468 0.0148917 0.0166004 0.132381 
0.744141 0.0250701 0.0764014 0.00415799 0.0117901 0.0158288 0.12261 
0.751467 0.0414009 0.0730047 0.00495758 0.0239361 0.0170947 0.0881385 
0.78955 0.0278223 0.0741445 0.00528008 0.012244 0.0166286 0.0743305 
0.762208 0.0354772 0.0665178 0.00426714 0.00966401 0.0146718 0.107194 
0.719672 0.0373787 0.0704401 0.00347171 0.0122056 0.0180959 0.138736 
0.78061 0.0315005 0.0632231 0.00477071 0.00976364 0.0121581 0.0979744 
0.740937 0.0341006 0.0630768 0.00498164 0.0109062 0.0149665 0.131031 
0.78096 0.0255007 0.0587378 0.00836822 0.0132149 0.0278967 0.0853218 
0.744512 0.0267404 0.0768912 0.00413348 0.00620025 0.0109062 0.130616 
0.784777 0.0319457 0.0686425 0.00570239 0.0140294 0.0178298 0.077073 
0.815888 0.0243107 0.0622167 0.00681533 0.00858864 0.0141684 0.0680126 
0.775976 0.0281356 0.079173 0.00706846 0.0131478 0.0217946 0.0747044 
0.731184 0.0276536 0.0886554 0.00513541 0.0108218 0.0258388 0.110711 
0.725812 0.0195927 0.0852857 0.00610466 0.0130003 0.0269611 0.123244 
0.767692 0.0217774 0.0732358 0.00742362 0.0131515 0.0245268 0.0921932 
0.776546 0.0224986 0.0744077 0.00795332 0.0102515 0.019934 0.0884091 
0.764876 0.0280123 0.0765656 0.00636411 0.0128552 0.017443 0.0938838 
0.72106 0.0288268 0.0889995 0.00988287 0.0230309 0.0368923 0.091308 
0.73526 0.0267663 0.0928255 0.00687745 0.0121706 0.0248024 0.101298 
0.756759 0.0278737 0.0800387 0.00917183 0.0144108 0.0319826 0.0797635 
0.769286 0.0254644 0.0786423 0.00802679 0.0134368 0.0208458 0.0842978 
0.75372 0.0261412 0.0770063 0.00678474 0.0109631 0.0261471 0.0992376 
0.741167 0.029456 0.0880437 0.00472303 0.0114514 0.0220637 0.103095 
0.72139 0.0299118 0.0872356 0.00536059 0.0209586 0.0244455 0.110698 
0.760877 0.027187 0.0625068 0.00514449 0.0124363 0.0158583 0.115991 
0.669487 0.0319344 0.0755056 0.00321339 0.00763689 0.0193782 0.192845 
0.721057 0.0310882 0.08453 0.00392941 0.0094123 0.0174564 0.132527 
0.730289 0.0344656 0.0698966 0.0048362 0.0231216 0.0169618 0.120429 
0.729949 0.0255576 0.0759158 0.00470468 0.0148917 0.0166004 0.132381 
0.744141 0.0250701 0.0764014 0.00415799 0.0117901 0.0158288 0.12261 
0.751467 0.0414009 0.0730047 0.00495758 0.0239361 0.0170947 0.0881385 
0.78955 0.0278223 0.0741445 0.00528008 0.012244 0.0166286 0.0743305 
0.762208 0.0354772 0.0665178 0.00426714 0.00966401 0.0146718 0.107194 
0.719672 0.0373787 0.0704401 0.00347171 0.0122056 0.0180959 0.138736 
0.78061 0.0315005 0.0632231 0.00477071 0.00976364 0.0121581 0.0979744 
0.707681 0.00621349 0.12614 0.0698886 0.00681673 0.00493379 0.0783267 
0.735883 0.00623874 0.115697 0.0606705 0.00555443 0.00580926 0.0701471 
0.755496 0.00557721 0.104946 0.0704059 0.00523523 0.00381507 0.0545244 
0.766566 0.00583077 0.108159 0.0608518 0.00453479 0.00372483 0.0503324 
0.775232 0.00623858 0.107324 0.050663 0.00408496 0.00319825 0.0532591 
0.757639 0.00556633 0.105022 0.0762841 0.00541626 0.00290457 0.0471684 
0.736136 0.00576646 0.110296 0.0872734 0.00558254 0.00346377 0.0514815 
0.753152 0.00759657 0.108772 0.0567417 0.00719243 0.00541154 0.0611342 
0.762473 0.00797661 0.111491 0.0523596 0.00790655 0.00509147 0.0527025 
0.749633 0.00822831 0.123757 0.046958 0.00617743 0.00697723 0.0582689 
0.781649 0.00732557 0.107942 0.0497933 0.00679602 0.00480688 0.0416874 
0.744203 0.00699634 0.124633 0.0636087 0.00567074 0.00547826 0.0494094 
0.728973 0.00643453 0.132358 0.0718643 0.0045147 0.00424033 0.0516147 
0.724555 0.00644177 0.138728 0.0702662 0.00482748 0.00483298 0.0503491 
0.739189 0.00634592 0.131773 0.0602884 0.00590709 0.00469173 0.0518041 
0.722575 0.00682211 0.130651 0.0804545 0.0047989 0.00463717 0.0500613 
0.746394 0.00579905 0.117987 0.0733763 0.00590154 0.00388376 0.0466593 
0.716135 0.00765961 0.134899 0.0735946 0.00584138 0.00596407 0.0559061 
0.75957 0.00708398 0.11405 0.0645799 0.00677624 0.00432975 0.0436104 
0.781855 0.00852129 0.109411 0.047328 0.00528371 0.00393922 0.0436618 
0.731382 0.0070286 0.123559 0.0827467 0.00490003 0.00364927 0.0467345 
0.784775 0.00687042 0.111144 0.0314895 0.00485432 0.00320262 0.0576639 
0.779955 0.00602217 0.115978 0.030549 0.005735 0.00361175 0.0581489 
0.777795 0.00473371 0.12786 0.0206121 0.0040158 0.00247508 0.0625084 
0.758459 0.00484146 0.121123 0.0272296 0.00575117 0.00336279 0.0792327 
0.809285 0.00541377 0.105065 0.0280683 0.0063224 0.00284207 0.0430032 
0.746844 0.00704145 0.0925918 0.0868182 0.0136478 0.00407013 0.0489869 
0.749709 0.0054387 0.122163 0.0568615 0.00497375 0.00310806 0.0577458 
0.653838 0.00694956 0.110844 0.173827 0.00538948 0.00574311 0.0434092 
0.732612 0.00594438 0.127069 0.0914614 0.00331787 0.0035237 0.0360713 
0.727773 0.00677124 0.110433 0.105873 0.00400192 0.00446112 0.040687 
0.750015 0.00630716 0.100121 0.103908 0.00452621 0.0043206 0.0308025 
0.707262 0.00556646 0.102953 0.13315 0.00673843 0.00422244 0.0401079 
0.683204 0.0060761 0.121318 0.125836 0.00490569 0.00450087 0.0541596 
0.647714 0.00636829 0.130016 0.129791 0.00634276 0.00754209 0.0722255 
0.579974 0.00647296 0.129458 0.201626 0.00813286 0.00682261 0.067514 
0.603442 0.00620476 0.127925 0.180014 0.01001 0.00644334 0.0659614 
0.638477 0.006701 0.103829 0.18536 0.00899849 0.00608098 0.0505538 
0.624574 0.0069235 0.106391 0.194512 0.00764091 0.00672008 0.0532387 
0.510228 0.00664475 0.0982564 0.319116 0.00950396 0.0070241 0.0492267 
0.567773 0.00694547 0.117666 0.238392 0.00853355 0.00661738 0.0540724 
0.536584 0.00650682 0.111754 0.272078 0.00977922 0.00654277 0.0567556 
0.653838 0.00694956 0.110844 0.173827 0.00538948 0.00574311 0.0434092 
0.732612 0.00594438 0.127069 0.0914614 0.00331787 0.0035237 0.0360713 
0.727773 0.00677124 0.110433 0.105873 0.00400192 0.00446112 0.040687 
0.750015 0.00630716 0.100121 0.103908 0.00452621 0.0043206 0.0308025 
0.707262 0.00556646 0.102953 0.13315 0.00673843 0.00422244 0.0401079 
0.683204 0.0060761 0.121318 0.125836 0.00490569 0.00450087 0.0541596 
0.647714 0.00636829 0.130016 0.129791 0.00634276 0.00754209 0.0722255 
0.579974 0.00647296 0.129458 0.201626 0.00813286 0.00682261 0.067514 
0.603442 0.00620476 0.127925 0.180014 0.01001 0.00644334 0.0659614 
0.638477 0.006701 0.103829 0.18536 0.00899849 0.00608098 0.0505538 
0.624574 0.0069235 0.106391 0.194512 0.00764091 0.00672008 0.0532387 
0.510228 0.00664475 0.0982564 0.319116 0.00950396 0.0070241 0.0492267 
0.567773 0.00694547 0.117666 0.238392 0.00853355 0.00661738 0.0540724 
0.536584 0.00650682 0.111754 0.272078 0.00977922 0.00654277 0.0567556 
0.548285 0.00851307 0.0817191 0.260322 0.00816641 0.00547993 0.0875144 
0.569607 0.00854123 0.0561644 0.317759 0.0078593 0.00305458 0.0370153 
0.609149 0.0114885 0.0536471 0.264101 0.00928518 0.00454548 0.0477837 
0.610879 0.00998659 0.0727038 0.227601 0.00847623 0.00559106 0.0647626 
0.643089 0.00929901 0.0937906 0.140661 0.0073684 0.00669329 0.0990991 
0.677848 0.00773596 0.103047 0.0759471 0.00553763 0.00620928 0.123676 
0.606871 0.00669541 0.117854 0.0533348 0.00442213 0.00689895 0.203924 
0.552254 0.00643719 0.124098 0.0525079 0.00523324 0.00634659 0.253123 
0.462779 0.00660551 0.136241 0.0694588 0.00595451 0.00744851 0.311512 
0.641353 0.00672954 0.116317 0.0335651 0.00442901 0.00506078 0.192545 
0.626241 0.00642843 0.113481 0.0361938 0.00473861 0.00719794 0.205719 
0.568271 0.00594087 0.127816 0.00925534 0.00149582 0.00422787 0.282993 
0.55937 0.00457972 0.176794 0.0120147 8.11042E-4 0.00316886 0.243261 
0.491238 0.00631419 0.161548 0.0297183 0.00146373 0.00897258 0.300745 
0.656359 0.007641 0.120104 0.0968577 0.00494146 0.00733704 0.10676 
0.633764 0.00584163 0.199993 0.0175359 0.00187868 0.00501787 0.135968 
0.514915 0.0108383 0.141947 0.190602 0.00670663 0.011091 0.1239 
0.708207 0.00578967 0.156584 0.0376597 0.00286162 0.00365747 0.0852406 
0.633781 0.00672815 0.157013 0.0761675 0.003887 0.0103145 0.112109 
0.647457 0.00433745 0.186492 0.0314775 0.00274008 0.00477609 0.122719 
0.486637 0.00610643 0.22756 0.0680788 0.00296686 0.0115666 0.197085 
0.509482 0.00475207 0.231555 0.0334715 0.00187292 0.00794808 0.210918 
0.581062 0.00521375 0.195814 0.049469 0.00236439 0.008141 0.157936 
0.616517 0.00554726 0.166087 0.0673689 0.00368632 0.00733641 0.133457 
0.529952 0.00594595 0.194192 0.0804734 0.00395631 0.00843227 0.177049 
0.531919 0.00624988 0.194949 0.0658325 0.00338157 0.0101284 0.18754 
0.504706 0.00606855 0.20298 0.0720216 0.00375134 0.0100248 0.200448 
0.566077 0.00497369 0.200737 0.0416248 0.00236359 0.00621064 0.178013 
0.628398 0.00549701 0.177938 0.0547475 0.00287968 0.00606297 0.124477 
0.626316 0.00547123 0.172848 0.0576045 0.00359304 0.00722658 0.126941 
0.640195 0.00589027 0.161249 0.115986 0.00535084 0.00512109 0.0662077 
0.588846 0.00663208 0.167863 0.189749 0.00464143 0.00396547 0.0383027 
0.651299 0.00809343 0.149999 0.141481 0.00320298 0.00393048 0.0419944 
0.664884 0.012734 0.118154 0.162382 0.00348782 0.00398372 0.0343748 
0.733443 0.0226786 0.0964481 0.106429 0.00229301 0.0093411 0.0293678 
0.753594 0.0295532 0.0764399 0.102237 0.0020987 0.00996634 0.0261107 
0.788629 0.0267128 0.0710156 0.0803616 0.00197851 0.00542739 0.0258754 
0.755958 0.0218802 0.0787459 0.105835 0.00173489 0.00366809 0.0321782 
0.707623 0.0194961 0.0882252 0.115956 0.00213828 0.00767061 0.0588913 
0.656225 0.0135698 0.0747017 0.20415 0.00281062 0.00597422 0.0425687 
0.469396 0.0118687 0.0616262 0.423225 0.00327778 0.00452284 0.0260843 
0.555034 0.00988818 0.0746907 0.320811 0.00397479 0.0034101 0.0321907 
0.653838 0.00694956 0.110844 0.173827 0.00538948 0.00574311 0.0434092 
0.732612 0.00594438 0.127069 0.0914614 0.00331787 0.0035237 0.0360713 
0.727773 0.00677124 0.110433 0.105873 0.00400192 0.00446112 0.040687 
0.750015 0.00630716 0.100121 0.103908 0.00452621 0.0043206 0.0308025 
0.707262 0.00556646 0.102953 0.13315 0.00673843 0.00422244 0.0401079 
0.683204 0.0060761 0.121318 0.125836 0.00490569 0.00450087 0.0541596 
0.647714 0.00636829 0.130016 0.129791 0.00634276 0.00754209 0.0722255 
0.579974 0.00647296 0.129458 0.201626 0.00813286 0.00682261 0.067514 
0.603442 0.00620476 0.127925 0.180014 0.01001 0.00644334 0.0659614 
0.638477 0.006701 0.103829 0.18536 0.00899849 0.00608098 0.0505538 
0.624574 0.0069235 0.106391 0.194512 0.00764091 0.00672008 0.0532387 
0.510228 0.00664475 0.0982564 0.319116 0.00950396 0.0070241 0.0492267 
0.567773 0.00694547 0.117666 0.238392 0.00853355 0.00661738 0.0540724 
0.536584 0.00650682 0.111754 0.272078 0.00977922 0.00654277 0.0567556 
0.650695 0.00794163 0.114307 0.0892027 0.00497144 0.00718167 0.125701 
0.655372 0.00789499 0.112894 0.0891733 0.00458164 0.00678362 0.1233 
0.675346 0.00699481 0.120047 0.0614352 0.00350684 0.0067723 0.125898 
0.697586 0.00787485 0.112402 0.0719655 0.0044392 0.00755532 0.0981772 
0.71286 0.00789944 0.12272 0.0479782 0.00398916 0.00774404 0.096809 
0.715095 0.00792374 0.120402 0.059684 0.00405236 0.00749291 0.0853502 
0.69451 0.00752793 0.123819 0.0762735 0.00364112 0.00586047 0.0883684 
0.712861 0.00690067 0.111792 0.0840014 0.00423893 0.0058504 0.0743551 
0.728434 0.00736771 0.111854 0.0751078 0.00452061 0.00516585 0.0675496 
0.748448 0.00713573 0.114151 0.0400924 0.003446 0.00632004 0.0804068 
0.733678 0.00736808 0.123247 0.0362619 0.00371336 0.00664106 0.0890908 
0.747658 0.00763805 0.108267 0.0530873 0.00424527 0.00618285 0.0729216 
0.74564 0.00834898 0.107916 0.0635153 0.00418781 0.00541487 0.0649772 
0.756625 0.00807587 0.112499 0.0451217 0.00497677 0.00568377 0.0670183 
0.723632 0.00839035 0.107537 0.0776227 0.00554434 0.00671739 0.0705563 
0.721605 0.00774621 0.121435 0.0627894 0.00484617 0.00510566 0.076472 
0.731106 0.00751502 0.115164 0.0745101 0.0054073 0.00515137 0.061146 
0.719908 0.00766144 0.110019 0.0917094 0.0055815 0.00497508 0.0601453 
0.720595 0.00761185 0.10777 0.100967 0.00443971 0.00439215 0.0542241 
0.739528 0.0110091 0.0780739 0.132167 0.00454126 0.00357462 0.0311066 
0.602649 0.0137088 0.0724776 0.275677 0.00455096 0.00428144 0.026655 
0.612778 0.0121588 0.105384 0.232344 0.00472126 0.0039567 0.0286574 
0.593821 0.0119356 0.200905 0.148372 0.00412378 0.0119992 0.0288435 
0.528386 0.0118793 0.206701 0.202148 0.00424588 0.0116294 0.0350104 
0.444621 0.0148387 0.256107 0.207313 0.00492614 0.0237262 0.0484677 
0.437261 0.0133868 0.256921 0.211322 0.00544235 0.0343116 0.0413547 
0.615332 0.00918287 0.22672 0.0874729 0.00414693 0.0223355 0.0348096 
0.641575 0.0087675 0.230087 0.0642914 0.00522064 0.0197295 0.0303299 
0.651568 0.00935491 0.213231 0.0614274 0.00605095 0.0205198 0.0378476 
0.653838 0.00694956 0.110844 0.173827 0.00538948 0.00574311 0.0434092 
0.732612 0.00594438 0.127069 0.0914614 0.00331787 0.0035237 0.0360713 
0.727773 0.00677124 0.110433 0.105873 0.00400192 0.00446112 0.040687 
0.750015 0.00630716 0.100121 0.103908 0.00452621 0.0043206 0.0308025 
0.707262 0.00556646 0.102953 0.13315 0.00673843 0.00422244 0.0401079 
0.683204 0.0060761 0.121318 0.125836 0.00490569 0.00450087 0.0541596 
0.647714 0.00636829 0.130016 0.129791 0.00634276 0.00754209 0.0722255 
0.579974 0.00647296 0.129458 0.201626 0.00813286 0.00682261 0.067514 
0.603442 0.00620476 0.127925 0.180014 0.01001 0.00644334 0.0659614 
0.638477 0.006701 0.103829 0.18536 0.00899849 0.00608098 0.0505538 
0.624574 0.0069235 0.106391 0.194512 0.00764091 0.00672008 0.0532387 
0.510228 0.00664475 0.0982564 0.319116 0.00950396 0.0070241 0.0492267 
0.567773 0.00694547 0.117666 0.238392 0.00853355 0.00661738 0.0540724 
0.536584 0.00650682 0.111754 0.272078 0.00977922 0.00654277 0.0567556 
0.447631 0.0080838 0.148658 0.35208 0.00407301 0.00427683 0.0351976 
0.392119 0.0111056 0.207282 0.326685 0.00548086 0.00790524 0.0494221 
0.425657 0.0106327 0.201192 0.299578 0.00507637 0.00724478 0.0506195 
0.382109 0.00966661 0.181652 0.358031 0.00535528 0.0065768 0.0566092 
0.417876 0.0082916 0.146529 0.375892 0.00435249 0.00472065 0.0423382 
0.392356 0.00975807 0.161001 0.377232 0.00463351 0.00563933 0.0493805 
0.386765 0.00909104 0.186162 0.343595 0.00586162 0.00600295 0.0625219 
0.364249 0.00947026 0.170604 0.382894 0.00518409 0.00559384 0.0620039 
0.38079 0.00835041 0.187202 0.342365 0.00585987 0.00601319 0.0694189 
0.461116 0.00912615 0.198306 0.251851 0.00524414 0.00583058 0.0685259 
0.589091 0.00895326 0.168003 0.163834 0.00410972 0.00490931 0.0610992 
0.534102 0.0101289 0.160911 0.229829 0.00456291 0.00493217 0.0555344 
0.527755 0.00950284 0.154701 0.246691 0.0045443 0.0041446 0.0526608 
0.457566 0.00776066 0.101419 0.386334 0.00531448 0.00328183 0.0383244 
0.431783 0.00807393 0.133549 0.371843 0.00467546 0.00357666 0.0464993 
0.357232 0.00837544 0.0892304 0.492902 0.0102452 0.00428349 0.0377318 
0.504227 0.0084037 0.221049 0.175617 0.00425886 0.00660145 0.0798427 
0.534138 0.00365192 0.348522 0.00169196 3.77398E-4 0.0101659 0.101452 
0.270858 0.00331469 0.568304 0.00122821 9.10255E-4 0.0152858 0.140099 
0.20364 0.00402522 0.655294 0.00186281 0.00150346 0.0209898 0.112684 
0.203012 0.00449989 0.629039 0.00229086 0.00179166 0.0207436 0.138623 
0.220224 0.00450405 0.612634 0.00246899 0.00186182 0.019042 0.139264 
0.253083 0.00312465 0.611594 0.00126575 9.16283E-4 0.0144071 0.115609 
0.263369 0.00322625 0.578102 0.00137983 9.71753E-4 0.0161167 0.136834 
0.195748 0.00386719 0.64535 0.00217561 0.00162941 0.0311598 0.12007 
0.199723 0.00295668 0.660124 0.00140698 9.92188E-4 0.0209703 0.113828 
0.168592 0.00308672 0.685566 0.00160472 0.00112445 0.0225397 0.117487 
0.320561 0.00335006 0.521064 9.17775E-4 5.72806E-4 0.0232923 0.130241 
