0.617084 0.200941 0.0288246 0.00578064 0.0532512 0.0389206 0.0551975 
0.662851 0.169482 0.0372897 0.00638696 0.0333839 0.0295149 0.0610912 
0.706129 0.11821 0.0366083 0.00630759 0.0349012 0.0393697 0.058474 
0.580122 0.202503 0.0366021 0.00393329 0.0182768 0.0157216 0.142841 
0.70194 0.103407 0.0470453 0.00798731 0.035509 0.0645524 0.039559 
0.677643 0.169946 0.0334063 0.0061688 0.0218447 0.0180137 0.0729781 
0.70862 0.114511 0.0416879 0.00642939 0.0261367 0.0493503 0.0532644 
0.670337 0.180541 0.0331769 0.00638825 0.029844 0.0367738 0.0429389 
0.625435 0.22006 0.0328751 0.00634366 0.0274293 0.0396499 0.0482077 
0.673471 0.179917 0.0298408 0.0128923 0.0293381 0.0359231 0.0386179 
0.728169 0.128068 0.0349436 0.011375 0.0160269 0.0431734 0.0382448 
0.678965 0.153142 0.0333283 0.0147677 0.0341039 0.0493093 0.0363841 
0.698994 0.149767 0.0441883 0.00346716 0.00887745 0.0405581 0.0541483 
0.623671 0.228798 0.0353417 0.00595674 0.0249461 0.0378281 0.0434584 
0.665103 0.189108 0.0374514 0.00427523 0.0134473 0.022417 0.0681986 
0.700298 0.142893 0.0388876 0.0058128 0.0240649 0.0360467 0.051997 
0.741085 0.105186 0.039242 0.00452162 0.0144663 0.0206352 0.0748636 
0.694238 0.129201 0.0478106 0.00554386 0.0188741 0.0516626 0.0526703 
0.704607 0.128333 0.0450818 0.00525382 0.018257 0.0309285 0.0675391 
0.641143 0.123746 0.0463073 0.00294151 0.0148208 0.0241707 0.146871 
0.649276 0.121222 0.0461996 0.00260698 0.0101967 0.0407388 0.12976 
0.724696 0.116274 0.0355844 0.00581463 0.016374 0.0189548 0.0823018 
0.649275 0.194807 0.0304636 0.00457773 0.044461 0.0154188 0.0609961 
0.700025 0.119148 0.0485461 0.00222617 0.0147998 0.0311003 0.0841546 
0.706411 0.119099 0.0408689 0.00398269 0.0215119 0.0294965 0.0786298 
0.711005 0.133136 0.0404588 0.00380974 0.0230064 0.0241607 0.0644233 
0.708708 0.0655429 0.0647253 0.00276637 0.00652183 0.0402127 0.111523 
0.757377 0.0697874 0.0502242 0.00376618 0.00987316 0.0331144 0.075858 
0.779313 0.0468203 0.0705822 0.00391998 0.00744802 0.0303566 0.06156 
0.719717 0.0941026 0.060231 0.00366218 0.0273235 0.0321447 0.0628193 
0.749846 0.0573993 0.06275 0.00275179 0.00644428 0.0219241 0.0988844 
0.774301 0.0757995 0.0581612 0.00384572 0.0111851 0.0281815 0.0485257 
0.746629 0.0857416 0.0599652 0.00390055 0.015472 0.0407506 0.0475414 
0.780366 0.0928619 0.0404753 0.00469476 0.0142472 0.0240563 0.0432984 
0.77268 0.0722102 0.0494364 0.00538544 0.0169219 0.0393085 0.0440577 
0.774326 0.0730838 0.0476814 0.00405049 0.0133374 0.0347217 0.0527992 
0.781705 0.0703373 0.0482089 0.00298925 0.00895017 0.0340087 0.0538008 
0.781053 0.0798308 0.0559222 0.00310135 0.00993387 0.0314208 0.0387379 
0.825047 0.0353524 0.0662135 0.00381041 0.00395402 0.0239385 0.0416845 
0.836273 0.031835 0.0633104 0.00429191 0.00336216 0.0213977 0.0395303 
0.828076 0.0312197 0.0657189 0.0048885 0.00492764 0.0263249 0.0388448 
0.791992 0.0385492 0.0643212 0.00466289 0.00922981 0.0305196 0.0607249 
0.813675 0.0384478 0.0538183 0.00458796 0.00811316 0.0264815 0.054876 
0.756026 0.0308862 0.0842309 0.0086585 0.0227016 0.00785376 0.0896427 
0.806702 0.0224179 0.0589326 0.0152486 0.00783572 0.00333394 0.0855294 
0.769931 0.0353224 0.0425451 0.0470013 0.00966765 0.00168425 0.0938487 
0.801013 0.0235404 0.0515715 0.0370433 0.0073699 0.00282207 0.0766397 
0.686491 0.0176552 0.151826 0.00797607 0.00812963 0.0540438 0.0738782 
0.739611 0.0163105 0.13071 0.00810689 0.00462392 0.0554979 0.0451399 
0.683722 0.0274384 0.149568 0.00467705 0.0102305 0.0671931 0.0571706 
0.709667 0.027325 0.141985 0.00409113 0.00852737 0.0493094 0.0590952 
0.717375 0.038618 0.146084 0.00506045 0.0107054 0.0338388 0.0483188 
0.685156 0.022265 0.148211 0.00547562 0.0163759 0.0544108 0.0681059 
0.709378 0.0333302 0.155274 0.00479276 0.0182096 0.0303881 0.0486265 
0.722381 0.0274739 0.142332 0.00500792 0.0175498 0.0326662 0.052589 
0.707835 0.0254778 0.15627 0.00514715 0.0136776 0.0309726 0.0606196 
0.817894 0.0382995 0.0481828 0.00884662 0.0155747 0.00638993 0.0648129 
0.811154 0.0289778 0.0545553 0.00740423 0.0143899 0.00738677 0.0761318 
0.814586 0.0266098 0.0569801 0.00794244 0.0136387 0.00811351 0.0721294 
0.761621 0.0274168 0.0596575 0.00664444 0.0174453 0.00973883 0.117476 
0.733763 0.0251486 0.0678674 0.00855993 0.0253383 0.0143508 0.124972 
0.805911 0.024812 0.0578584 0.0067648 0.010509 0.00839322 0.0857512 
0.745965 0.0213963 0.0657855 0.00989664 0.0157602 0.0130891 0.128107 
0.785827 0.0268498 0.0590901 0.00851245 0.0165756 0.00808071 0.0950645 
0.788452 0.0259384 0.0620107 0.00751165 0.0140531 0.0104699 0.091564 
0.786341 0.0339556 0.0583507 0.00619468 0.0130622 0.00847937 0.0936162 
0.794232 0.0304836 0.0612174 0.00664399 0.0133996 0.0116201 0.0824032 
0.769412 0.0336259 0.0639865 0.0089865 0.0221803 0.0153329 0.086476 
0.775454 0.0260809 0.0565026 0.0097878 0.024485 0.0093632 0.0983265 
0.76541 0.0282813 0.058232 0.00693707 0.0176371 0.0140165 0.109486 
0.777158 0.0239211 0.0630334 0.00769603 0.0164164 0.00987927 0.101896 
0.780847 0.0262929 0.0601764 0.00771705 0.0192162 0.0104005 0.0953499 
0.800783 0.0259561 0.0624643 0.00680753 0.0103335 0.00955289 0.084103 
0.796235 0.0251695 0.0669861 0.00731099 0.0117753 0.00972819 0.0827949 
0.802612 0.0246372 0.0655568 0.00839933 0.0116404 0.00899055 0.0781635 
0.809169 0.030869 0.0665572 0.00684551 0.00928658 0.0128074 0.0644651 
0.814897 0.0276297 0.0638638 0.0066199 0.0126897 0.00833651 0.0659636 
0.786338 0.0280381 0.0761594 0.00766407 0.017786 0.0159509 0.0680634 
0.769907 0.0227473 0.0771009 0.00559831 0.00866929 0.00834854 0.107628 
0.793187 0.0257929 0.0691857 0.00607478 0.0117278 0.0138675 0.0801639 
0.758931 0.0333333 0.0795309 0.00480279 0.0111549 0.012179 0.100069 
0.769488 0.0313202 0.0652644 0.00518552 0.0112231 0.0196751 0.0978435 
0.799081 0.0317998 0.0603426 0.00609184 0.0113303 0.0172991 0.0740553 
0.788392 0.0312078 0.0663075 0.00611584 0.0118196 0.016381 0.079776 
0.790064 0.0312412 0.0652086 0.00489752 0.010082 0.0147044 0.0838022 
0.735096 0.00572511 0.111852 0.0574801 0.00514564 0.0039893 0.0807121 
0.753708 0.00647248 0.096251 0.0824806 0.00604714 0.00420862 0.0508325 
0.742808 0.00622517 0.102793 0.0829285 0.00712657 0.0042787 0.0538407 
0.757757 0.0066526 0.0947167 0.0782816 0.00684903 0.00398296 0.0517604 
0.73953 0.00630583 0.104986 0.0836957 0.00617077 0.00416733 0.0551438 
0.791141 0.00757341 0.0917859 0.0541851 0.00717027 0.00337279 0.0447717 
0.775002 0.00699999 0.106156 0.0517289 0.00518188 0.00371452 0.0512162 
0.773478 0.00685667 0.0987426 0.0594869 0.00470932 0.00420459 0.0525222 
0.740264 0.00643679 0.11156 0.0763979 0.00484348 0.0037573 0.0567403 
0.748812 0.00642899 0.102135 0.0740502 0.00752449 0.00490626 0.0561428 
0.749294 0.00594067 0.132036 0.035882 0.00326017 0.00370014 0.0698868 
0.77909 0.00639789 0.101736 0.0438604 0.00579047 0.00426864 0.0588562 
0.734868 0.00556681 0.124701 0.0252197 0.00393111 0.0040066 0.101707 
0.742789 0.0061302 0.110667 0.0609319 0.00544945 0.00441 0.0696218 
0.756352 0.00638411 0.115398 0.0485652 0.00527536 0.0045695 0.0634558 
0.761573 0.00631881 0.112457 0.0510716 0.0060354 0.00481544 0.0577282 
0.765647 0.00663101 0.102369 0.0526128 0.00753451 0.00507479 0.0601308 
0.743655 0.0060194 0.117703 0.0434455 0.00498514 0.0049596 0.0792324 
0.731317 0.00524252 0.128811 0.0495258 0.00438178 0.00408278 0.0766398 
0.764165 0.00570107 0.114355 0.0475788 0.00472883 0.00421224 0.0592599 
0.728293 0.00503744 0.135376 0.0406204 0.00505042 0.00502663 0.0805953 
0.769294 0.00545155 0.118888 0.0372166 0.00481285 0.0040484 0.0602887 
0.71945 0.00546472 0.142577 0.0451315 0.00396842 0.00421122 0.0791966 
0.686621 0.00517358 0.159445 0.0471393 0.00419465 0.0043987 0.093027 
0.696534 0.00477153 0.158974 0.0459318 0.00359574 0.00372636 0.0864666 
0.713507 0.00564367 0.153822 0.0422161 0.00467455 0.00465532 0.0754816 
0.781702 0.00613135 0.121456 0.0310114 0.00543389 0.00468968 0.0495757 
0.736607 0.00646776 0.140541 0.0241418 0.00298081 0.00407057 0.0851908 
0.723819 0.00680388 0.135296 0.0394736 0.0036844 0.00683129 0.0840911 
0.733648 0.00654201 0.13963 0.035894 0.00400027 0.00584799 0.0744381 
0.759597 0.00602442 0.110024 0.0545289 0.00515095 0.00501021 0.0596649 
0.770132 0.00756075 0.10677 0.0398202 0.0043632 0.00800476 0.0633484 
0.760945 0.00678218 0.113822 0.0271591 0.00442607 0.00708551 0.0797801 
0.745054 0.00764748 0.112232 0.0344632 0.00413652 0.00632648 0.09014 
0.756561 0.00755422 0.112121 0.028903 0.00376417 0.0070289 0.084067 
0.747196 0.00735049 0.117565 0.0261138 0.00369 0.00581285 0.0922717 
0.759924 0.00755188 0.117757 0.0350768 0.00387133 0.00526761 0.0705517 
0.73922 0.00680845 0.121213 0.0421032 0.00502588 0.00612044 0.079509 
0.773346 0.00717045 0.11096 0.0467579 0.00555777 0.00495435 0.0512532 
0.752014 0.00730712 0.119393 0.0453646 0.00427867 0.00516743 0.0664757 
0.766373 0.00696489 0.111452 0.0507422 0.00473752 0.00526194 0.0544688 
0.765905 0.00708614 0.120292 0.0428119 0.004238 0.00496081 0.0547069 
0.784942 0.00801554 0.108964 0.0324506 0.00439583 0.005531 0.0557014 
0.773697 0.00790397 0.106055 0.0452434 0.004425 0.00561573 0.0570604 
0.764078 0.00741126 0.103071 0.051148 0.0049085 0.00558598 0.0637969 
0.771551 0.00714173 0.097674 0.0405518 0.00571337 0.0054239 0.0719444 
0.747125 0.00655954 0.106608 0.0543876 0.00637176 0.00564551 0.073303 
0.696917 0.00640284 0.101274 0.112436 0.00866892 0.00651962 0.0677813 
0.724743 0.00685977 0.112146 0.0740384 0.00513429 0.00554841 0.0715298 
0.733533 0.00720595 0.111798 0.0544636 0.00516083 0.00594229 0.0818971 
0.751783 0.0072653 0.119903 0.0309351 0.00341317 0.00481842 0.0818816 
0.711523 0.00733834 0.128628 0.0421465 0.00431387 0.00729538 0.0987547 
0.725608 0.00695129 0.137025 0.0203106 0.0024125 0.00631047 0.101382 
0.724667 0.00710553 0.145503 0.0240922 0.00261277 0.00597642 0.0900432 
0.760385 0.00657228 0.138749 0.0173998 0.00216071 0.00472292 0.0700103 
0.740863 0.00588003 0.148861 0.0214448 0.00194452 0.0042658 0.0767403 
0.716749 0.00599324 0.143922 0.0631912 0.00262481 0.00638873 0.0611312 
0.72382 0.00604148 0.146437 0.0348575 0.00242341 0.00598971 0.0804317 
0.725966 0.00676882 0.131142 0.0583834 0.00321102 0.00812754 0.0664008 
0.66279 0.00670691 0.153951 0.0759707 0.00322056 0.00845226 0.0889088 
0.71047 0.00611345 0.143164 0.0371956 0.00339425 0.00812295 0.0915398 
0.705239 0.00712586 0.128011 0.0752945 0.00511557 0.00540136 0.073813 
0.745359 0.00631951 0.130931 0.0459814 0.0037783 0.00473161 0.0628989 
0.767044 0.00728549 0.116429 0.0470574 0.0032947 0.00362437 0.0552655 
0.752631 0.00611534 0.132187 0.0353988 0.00313458 0.00403974 0.0664934 
0.758104 0.00706556 0.109657 0.0635847 0.00450763 0.00477338 0.0523082 
0.760493 0.00713983 0.114215 0.0612365 0.00387882 0.00434516 0.0486915 
0.70419 0.00686388 0.125379 0.0903877 0.0056814 0.00518966 0.0623085 
0.77106 0.00719685 0.110062 0.0486777 0.00415489 0.00519233 0.0536554 
0.755963 0.00888308 0.0943829 0.0806417 0.00530556 0.00631179 0.0485118 
0.750687 0.00733906 0.114497 0.044606 0.00338676 0.00518911 0.0742947 
0.749197 0.00815368 0.106029 0.0573702 0.00555826 0.00594479 0.0677468 
0.745633 0.00805049 0.107823 0.0552509 0.00522043 0.00546421 0.0725579 
0.692878 0.00895151 0.109957 0.0885628 0.00513279 0.00775165 0.0867664 
0.702436 0.00912527 0.115173 0.0913423 0.00423669 0.00567302 0.0720136 
0.679468 0.00867704 0.109521 0.114711 0.00579308 0.00590018 0.0759299 
0.735168 0.00697228 0.121653 0.0461912 0.00316384 0.00437782 0.0824739 
0.679719 0.00874007 0.112448 0.0956357 0.00495487 0.00760988 0.0908925 
0.752633 0.00757667 0.112513 0.0361878 0.00389322 0.00537329 0.0818232 
0.739341 0.00674972 0.12093 0.0342928 0.00265991 0.00512753 0.0908987 
0.735162 0.00767476 0.113302 0.0470705 0.00483662 0.00522574 0.0867282 
0.74184 0.00718794 0.112808 0.0586451 0.00434055 0.00498737 0.0701919 
0.752188 0.00812181 0.1034 0.0648189 0.00466001 0.00503826 0.0617729 
0.733384 0.00829976 0.119219 0.0595397 0.00430826 0.00499547 0.0702531 
0.703945 0.0069477 0.127011 0.0652429 0.00382808 0.00639766 0.0866277 
0.701488 0.00635143 0.131031 0.0768285 0.00434724 0.00626395 0.0736899 
0.67036 0.00658371 0.131825 0.0953783 0.00596478 0.00637095 0.083517 
0.673136 0.00559063 0.16057 0.0435658 0.00274245 0.00608713 0.108308 
0.716215 0.00547484 0.143712 0.0406603 0.00448644 0.00508274 0.0843685 
0.678848 0.00549686 0.161267 0.0361741 0.00436425 0.00697222 0.106878 
0.594046 0.00643612 0.126299 0.177091 0.00943628 0.00584617 0.0808455 
0.655886 0.00512714 0.167714 0.0588414 0.00450942 0.00533369 0.102588 
0.6807 0.00630022 0.140607 0.0604294 0.00715434 0.00697937 0.0978303 
0.704692 0.00538865 0.144663 0.0572724 0.00385707 0.00429206 0.079835 
0.73799 0.00612719 0.106834 0.071628 0.00693579 0.00493289 0.0655516 
0.750269 0.00602992 0.116096 0.053128 0.00525875 0.00449278 0.0647251 
0.731217 0.00561812 0.127385 0.0544219 0.00519172 0.00404614 0.07212 
0.704558 0.00619786 0.126103 0.0776466 0.00664918 0.0047949 0.0740501 
0.514765 0.00697161 0.169695 0.247961 0.00784193 0.00806589 0.044699 
0.433115 0.00647583 0.162109 0.339111 0.0101701 0.0074909 0.0415285 
0.437256 0.00583133 0.156748 0.350375 0.0100388 0.00631092 0.0334401 
0.491252 0.00780509 0.21384 0.208902 0.00848713 0.0126549 0.0570594 
0.517532 0.00726042 0.206225 0.194214 0.0093305 0.0114978 0.0539395 
0.525741 0.00729255 0.186992 0.219545 0.00762451 0.00938134 0.0434239 
0.60045 0.00727689 0.164134 0.176163 0.00667982 0.00809701 0.0371986 
0.515295 0.00635434 0.184514 0.235784 0.00846386 0.00739591 0.0421925 
0.447052 0.00571877 0.160132 0.343866 0.00847775 0.0062099 0.0285425 
0.520731 0.00640612 0.158458 0.264753 0.00829941 0.00768295 0.0336698 
0.578647 0.00712825 0.178154 0.175667 0.00674021 0.0102146 0.0434482 
0.585455 0.0074029 0.187709 0.158146 0.00598878 0.0102364 0.0450613 
0.585027 0.00702743 0.180937 0.172207 0.00644697 0.00896106 0.0393927 
0.575939 0.00697746 0.177732 0.180413 0.00681223 0.0100168 0.0421097 
0.652798 0.00730498 0.18597 0.0902965 0.00535521 0.00933471 0.0489407 
0.592901 0.00758615 0.213996 0.112408 0.00606769 0.0113209 0.0557206 
0.521867 0.00759654 0.275953 0.0909896 0.00631185 0.0145607 0.0827214 
0.458132 0.00752406 0.296887 0.130331 0.00898682 0.0147382 0.083401 
0.460564 0.00784559 0.286669 0.129748 0.00941456 0.0173443 0.0884143 
0.413636 0.00784177 0.313801 0.136092 0.00969105 0.0185575 0.10038 
0.40851 0.0084098 0.291849 0.137094 0.0105148 0.0252116 0.118411 
0.568046 0.00556753 0.275025 0.057614 0.00458432 0.0127852 0.0763775 
0.411687 0.00829339 0.242007 0.22802 0.0102969 0.0182766 0.0814197 
0.602657 0.00479836 0.270995 0.0643678 0.00381657 0.00857704 0.0447886 
0.55012 0.00691291 0.167236 0.212996 0.00779707 0.0135032 0.0414344 
0.638005 0.00608892 0.19845 0.0978823 0.0066536 0.00873703 0.0441831 
0.468203 0.0086451 0.193278 0.254585 0.00789894 0.0176912 0.0496991 
0.567785 0.00695196 0.200197 0.154434 0.00745563 0.0116782 0.0514975 
0.487657 0.00776199 0.246585 0.1578 0.00782213 0.0189649 0.073409 
0.516025 0.0073645 0.228657 0.160292 0.00939843 0.0163813 0.0618821 
0.543939 0.00674865 0.228911 0.137384 0.00929523 0.012907 0.0608143 
0.535553 0.00745717 0.221171 0.150771 0.00836666 0.0159641 0.0607168 
0.592863 0.00708226 0.232556 0.0827295 0.00487969 0.0152571 0.0646318 
0.531515 0.00735119 0.240676 0.124297 0.00735371 0.0176101 0.071197 
0.615938 0.00588518 0.237981 0.0646965 0.0041849 0.0122767 0.0590375 
0.571083 0.00731461 0.221503 0.119868 0.00576896 0.015461 0.0590021 
0.585296 0.00638071 0.243434 0.0774377 0.0054877 0.0150962 0.0668671 
0.553969 0.00762524 0.22111 0.130219 0.00697069 0.0164058 0.0636998 
0.596618 0.00672761 0.211464 0.119004 0.00589034 0.0120367 0.0482599 
0.482545 0.00783256 0.250536 0.163996 0.0089526 0.0156907 0.070447 
0.63311 0.00626334 0.192787 0.10539 0.00572413 0.0103022 0.0464234 
0.537029 0.00695861 0.210631 0.155214 0.00898846 0.0152809 0.065898 
0.548383 0.00707577 0.217785 0.140536 0.00783021 0.0146439 0.0637459 
0.56274 0.00698542 0.225839 0.131343 0.00672418 0.0137716 0.0525972 
0.61145 0.00715192 0.213876 0.0932369 0.00538045 0.0128445 0.0560602 
0.583907 0.00666979 0.210919 0.125223 0.00786802 0.0104146 0.0549982 
0.623092 0.00572681 0.246371 0.0479983 0.00269966 0.00893423 0.065178 
0.593599 0.00645311 0.217727 0.0993989 0.00823624 0.010941 0.0636447 
0.60789 0.00535949 0.245729 0.074428 0.00547871 0.00835193 0.052763 
0.622337 0.0056332 0.207205 0.0900656 0.00885893 0.0117536 0.0541465 
0.585396 0.00602151 0.263448 0.075505 0.00472278 0.0121599 0.0527471 
0.501713 0.00866134 0.241989 0.150401 0.00769753 0.0209985 0.0685388 
0.601675 0.00791619 0.218494 0.0923769 0.00578359 0.0189579 0.0547962 
0.570951 0.00833273 0.229546 0.104672 0.00620151 0.0246006 0.0556951 
0.506933 0.00772309 0.254627 0.143243 0.00753034 0.020963 0.05898 
0.504164 0.00793321 0.248903 0.157071 0.00767915 0.0202719 0.053978 
0.463415 0.0079556 0.239685 0.199307 0.0085029 0.0199659 0.0611682 
0.333652 0.008828 0.221968 0.344355 0.00914951 0.0200619 0.0619855 
0.400351 0.00910593 0.248003 0.244233 0.00999599 0.0204527 0.0678589 
0.466794 0.00820113 0.235682 0.201793 0.0114967 0.0189098 0.057124 
0.454236 0.00805266 0.248704 0.18416 0.0121149 0.0192288 0.0735034 
0.465068 0.00872541 0.229692 0.192931 0.0111353 0.0196371 0.0728111 
0.49969 0.00803336 0.242391 0.154952 0.00990488 0.018232 0.0667975 
0.582757 0.00671873 0.205191 0.133584 0.00790996 0.012355 0.0514839 
0.612709 0.00629396 0.197319 0.117065 0.00768007 0.01192 0.0470137 
0.575667 0.0068582 0.210094 0.123793 0.00879196 0.0138947 0.0609007 
0.583292 0.0066649 0.22597 0.103582 0.00737661 0.011567 0.0615477 
0.565319 0.00600101 0.234249 0.0991522 0.00887598 0.0115552 0.0748478 
0.57526 0.00607858 0.227767 0.0938925 0.00858422 0.0111247 0.0772933 
0.499779 0.00703045 0.257529 0.10649 0.00903112 0.0168955 0.103244 
0.562955 0.00610944 0.244948 0.0895137 0.00790336 0.0147157 0.0738545 
0.514765 0.00697161 0.169695 0.247961 0.00784193 0.00806589 0.044699 
0.433115 0.00647583 0.162109 0.339111 0.0101701 0.0074909 0.0415285 
0.437256 0.00583133 0.156748 0.350375 0.0100388 0.00631092 0.0334401 
0.491252 0.00780509 0.21384 0.208902 0.00848713 0.0126549 0.0570594 
0.517532 0.00726042 0.206225 0.194214 0.0093305 0.0114978 0.0539395 
0.525741 0.00729255 0.186992 0.219545 0.00762451 0.00938134 0.0434239 
0.60045 0.00727689 0.164134 0.176163 0.00667982 0.00809701 0.0371986 
0.515295 0.00635434 0.184514 0.235784 0.00846386 0.00739591 0.0421925 
0.447052 0.00571877 0.160132 0.343866 0.00847775 0.0062099 0.0285425 
0.520731 0.00640612 0.158458 0.264753 0.00829941 0.00768295 0.0336698 
0.578647 0.00712825 0.178154 0.175667 0.00674021 0.0102146 0.0434482 
0.585455 0.0074029 0.187709 0.158146 0.00598878 0.0102364 0.0450613 
0.585027 0.00702743 0.180937 0.172207 0.00644697 0.00896106 0.0393927 
0.575939 0.00697746 0.177732 0.180413 0.00681223 0.0100168 0.0421097 
0.652798 0.00730498 0.18597 0.0902965 0.00535521 0.00933471 0.0489407 
0.592901 0.00758615 0.213996 0.112408 0.00606769 0.0113209 0.0557206 
0.521867 0.00759654 0.275953 0.0909896 0.00631185 0.0145607 0.0827214 
0.458132 0.00752406 0.296887 0.130331 0.00898682 0.0147382 0.083401 
0.460564 0.00784559 0.286669 0.129748 0.00941456 0.0173443 0.0884143 
0.413636 0.00784177 0.313801 0.136092 0.00969105 0.0185575 0.10038 
0.40851 0.0084098 0.291849 0.137094 0.0105148 0.0252116 0.118411 
0.568046 0.00556753 0.275025 0.057614 0.00458432 0.0127852 0.0763775 
0.411687 0.00829339 0.242007 0.22802 0.0102969 0.0182766 0.0814197 
0.602657 0.00479836 0.270995 0.0643678 0.00381657 0.00857704 0.0447886 
0.55012 0.00691291 0.167236 0.212996 0.00779707 0.0135032 0.0414344 
0.638005 0.00608892 0.19845 0.0978823 0.0066536 0.00873703 0.0441831 
0.468203 0.0086451 0.193278 0.254585 0.00789894 0.0176912 0.0496991 
0.567785 0.00695196 0.200197 0.154434 0.00745563 0.0116782 0.0514975 
0.487657 0.00776199 0.246585 0.1578 0.00782213 0.0189649 0.073409 
0.516025 0.0073645 0.228657 0.160292 0.00939843 0.0163813 0.0618821 
0.543939 0.00674865 0.228911 0.137384 0.00929523 0.012907 0.0608143 
0.535553 0.00745717 0.221171 0.150771 0.00836666 0.0159641 0.0607168 
0.592863 0.00708226 0.232556 0.0827295 0.00487969 0.0152571 0.0646318 
0.531515 0.00735119 0.240676 0.124297 0.00735371 0.0176101 0.071197 
0.615938 0.00588518 0.237981 0.0646965 0.0041849 0.0122767 0.0590375 
0.571083 0.00731461 0.221503 0.119868 0.00576896 0.015461 0.0590021 
0.585296 0.00638071 0.243434 0.0774377 0.0054877 0.0150962 0.0668671 
0.553969 0.00762524 0.22111 0.130219 0.00697069 0.0164058 0.0636998 
0.596618 0.00672761 0.211464 0.119004 0.00589034 0.0120367 0.0482599 
0.482545 0.00783256 0.250536 0.163996 0.0089526 0.0156907 0.070447 
0.63311 0.00626334 0.192787 0.10539 0.00572413 0.0103022 0.0464234 
0.537029 0.00695861 0.210631 0.155214 0.00898846 0.0152809 0.065898 
0.548383 0.00707577 0.217785 0.140536 0.00783021 0.0146439 0.0637459 
0.56274 0.00698542 0.225839 0.131343 0.00672418 0.0137716 0.0525972 
0.61145 0.00715192 0.213876 0.0932369 0.00538045 0.0128445 0.0560602 
0.583907 0.00666979 0.210919 0.125223 0.00786802 0.0104146 0.0549982 
0.623092 0.00572681 0.246371 0.0479983 0.00269966 0.00893423 0.065178 
0.593599 0.00645311 0.217727 0.0993989 0.00823624 0.010941 0.0636447 
0.60789 0.00535949 0.245729 0.074428 0.00547871 0.00835193 0.052763 
0.622337 0.0056332 0.207205 0.0900656 0.00885893 0.0117536 0.0541465 
0.585396 0.00602151 0.263448 0.075505 0.00472278 0.0121599 0.0527471 
0.501713 0.00866134 0.241989 0.150401 0.00769753 0.0209985 0.0685388 
0.601675 0.00791619 0.218494 0.0923769 0.00578359 0.0189579 0.0547962 
0.570951 0.00833273 0.229546 0.104672 0.00620151 0.0246006 0.0556951 
0.506933 0.00772309 0.254627 0.143243 0.00753034 0.020963 0.05898 
0.504164 0.00793321 0.248903 0.157071 0.00767915 0.0202719 0.053978 
0.463415 0.0079556 0.239685 0.199307 0.0085029 0.0199659 0.0611682 
0.333652 0.008828 0.221968 0.344355 0.00914951 0.0200619 0.0619855 
0.400351 0.00910593 0.248003 0.244233 0.00999599 0.0204527 0.0678589 
0.466794 0.00820113 0.235682 0.201793 0.0114967 0.0189098 0.057124 
0.454236 0.00805266 0.248704 0.18416 0.0121149 0.0192288 0.0735034 
0.465068 0.00872541 0.229692 0.192931 0.0111353 0.0196371 0.0728111 
0.49969 0.00803336 0.242391 0.154952 0.00990488 0.018232 0.0667975 
0.582757 0.00671873 0.205191 0.133584 0.00790996 0.012355 0.0514839 
0.612709 0.00629396 0.197319 0.117065 0.00768007 0.01192 0.0470137 
0.575667 0.0068582 0.210094 0.123793 0.00879196 0.0138947 0.0609007 
0.583292 0.0066649 0.22597 0.103582 0.00737661 0.011567 0.0615477 
0.565319 0.00600101 0.234249 0.0991522 0.00887598 0.0115552 0.0748478 
0.57526 0.00607858 0.227767 0.0938925 0.00858422 0.0111247 0.0772933 
0.499779 0.00703045 0.257529 0.10649 0.00903112 0.0168955 0.103244 
0.562955 0.00610944 0.244948 0.0895137 0.00790336 0.0147157 0.0738545 
0.423546 0.0103174 0.0542829 0.489442 0.00243563 0.00198668 0.017989 
0.406164 0.0100654 0.0658128 0.497823 0.00190479 0.00215295 0.0160769 
0.369809 0.0088518 0.0425486 0.55983 0.00379279 0.00198813 0.0131806 
0.55855 0.00814111 0.0768921 0.322505 0.00362827 0.00315067 0.0271331 
0.504862 0.0100419 0.0427448 0.417388 0.00570088 0.00305867 0.0162036 
0.508463 0.00876973 0.0665418 0.390218 0.00345197 0.00243898 0.0201166 
0.480636 0.00925369 0.0313033 0.457784 0.00702065 0.00208976 0.0119129 
0.638079 0.0074013 0.0784053 0.244351 0.0038661 0.00221677 0.0256805 
0.464722 0.00736956 0.05129 0.451228 0.00414955 0.00223859 0.0190028 
0.621477 0.00813854 0.0981371 0.228591 0.00386159 0.00317615 0.0366187 
0.522287 0.00785794 0.0819059 0.343241 0.00379942 0.00335067 0.0375584 
0.549953 0.00772926 0.0821296 0.324122 0.00363064 0.00234366 0.0300925 
0.55925 0.0095314 0.0622203 0.338242 0.00447053 0.00276052 0.0235248 
0.575399 0.00883632 0.0652303 0.32709 0.00405057 0.00231114 0.0170834 
0.590963 0.00867312 0.0747015 0.29803 0.00369347 0.00245503 0.0214841 
0.58656 0.00895845 0.0562448 0.324259 0.00538194 0.00287649 0.015719 
0.527848 0.00960426 0.0594769 0.383312 0.0037829 0.00233392 0.013642 
0.553628 0.00879136 0.0644492 0.348864 0.00450958 0.00217483 0.017583 
0.537502 0.00694219 0.078803 0.337367 0.00638553 0.00273352 0.0302664 
0.499984 0.00773274 0.102026 0.328366 0.00578692 0.00490597 0.0511975 
0.631453 0.00713278 0.106416 0.179695 0.00737227 0.00431187 0.0636181 
0.575186 0.00772197 0.0992621 0.263531 0.00650395 0.00319946 0.0445956 
0.576177 0.00653023 0.109482 0.241471 0.00684672 0.00419419 0.0552989 
0.683962 0.007263 0.0993965 0.15037 0.00512442 0.00353851 0.0503457 
0.637284 0.00640316 0.0945418 0.212484 0.005622 0.00300941 0.0406555 
0.656017 0.00715187 0.0915464 0.199934 0.00537213 0.00272104 0.0372574 
0.661077 0.00676297 0.0956691 0.192266 0.00488625 0.00198157 0.0373573 
0.585974 0.00699086 0.113179 0.234868 0.00563972 0.00371572 0.0496335 
0.536262 0.00724966 0.142464 0.234586 0.00607833 0.00586708 0.0674938 
0.520414 0.00594473 0.128643 0.265106 0.00762942 0.00543932 0.0668232 
0.484045 0.00584276 0.092913 0.375146 0.00548015 0.00307926 0.0334938 
0.526437 0.00652961 0.111459 0.298819 0.00453981 0.00381915 0.048396 
0.498785 0.0072651 0.0945815 0.356881 0.00432905 0.00300447 0.0351545 
0.445249 0.0071871 0.100975 0.39811 0.0043784 0.00360277 0.0404979 
0.452895 0.00750277 0.0948179 0.401229 0.00400634 0.00332449 0.0362243 
0.45584 0.00739668 0.0984322 0.392662 0.00459542 0.0027701 0.0383039 
0.492747 0.00755605 0.101558 0.351535 0.00512098 0.00299563 0.038487 
0.491183 0.00805302 0.113807 0.324139 0.00587988 0.00479796 0.0521399 
0.554159 0.00735372 0.116061 0.268604 0.0044735 0.00476629 0.0445831 
0.563564 0.00528327 0.0948999 0.299309 0.0056305 0.00320941 0.0281041 
0.641371 0.00761819 0.104275 0.199593 0.00408162 0.00395062 0.0391111 
0.63864 0.00620699 0.0973756 0.211988 0.00538498 0.00393048 0.0364731 
0.595866 0.00683989 0.103515 0.248888 0.00441485 0.0032282 0.0372481 
0.561003 0.00763441 0.0760768 0.32439 0.00458376 0.00252991 0.0237814 
0.711976 0.00788289 0.0967614 0.143084 0.00337703 0.00302346 0.0338949 
0.67411 0.00820457 0.088512 0.185768 0.00380393 0.00340941 0.0361923 
0.679572 0.00840728 0.0955471 0.167183 0.00446459 0.00394796 0.0408783 
0.62967 0.00701623 0.0868469 0.231571 0.00461183 0.00291301 0.0373704 
0.672581 0.00599315 0.103768 0.175031 0.00355253 0.00255792 0.0365164 
0.581133 0.00669601 0.108433 0.249209 0.00386759 0.00309506 0.0475664 
0.627903 0.00636669 0.0922181 0.220782 0.0042317 0.00306496 0.0454338 
0.590833 0.00615338 0.0932975 0.261477 0.00495714 0.00390868 0.0393738 
0.632212 0.00733765 0.0752995 0.244864 0.00564933 0.00357044 0.0310675 
0.646809 0.00798498 0.0790674 0.219998 0.00635093 0.0047295 0.0350607 
0.640543 0.00834671 0.0855278 0.220047 0.00633849 0.00422939 0.0349678 
0.685001 0.00809646 0.0823937 0.178163 0.00625362 0.00386595 0.0362265 
0.686156 0.00655104 0.115377 0.148251 0.00338816 0.00337587 0.0369013 
0.421566 0.00681505 0.0614727 0.466877 0.00543123 0.00641985 0.0314173 
0.662054 0.00644588 0.106629 0.190558 0.00351634 0.00319744 0.0275993 
0.424504 0.00608285 0.116849 0.366185 0.00584784 0.00652558 0.0740059 
0.416055 0.00724642 0.122965 0.382875 0.00514198 0.0066012 0.0591158 
0.407573 0.00915044 0.142328 0.370057 0.00522178 0.0083885 0.0572807 
0.0678743 0.00191544 0.0128909 0.906623 0.00381141 0.00123313 0.00565153 
0.205744 0.0040924 0.0477728 0.722877 0.00311348 0.00274244 0.0136582 
0.401982 0.00806608 0.106826 0.436928 0.00673231 0.0129428 0.0265232 
0.503023 0.008754 0.368877 0.045461 0.00518929 0.0485174 0.0201782 
0.412781 0.00978111 0.309034 0.0063733 7.55251E-4 0.244617 0.0166583 
0.648781 0.00730617 0.258538 0.00724812 0.00156147 0.0334829 0.0430823 
0.64493 0.00726735 0.243268 0.0194895 0.00367764 0.0409437 0.040424 
0.695686 0.0065101 0.234008 0.010049 0.00230813 0.0143862 0.0370531 
0.649696 0.00431377 0.25389 0.0181391 0.00332245 0.0143097 0.0563281 
0.649679 0.00480663 0.23086 0.0449961 0.00443073 0.00744316 0.0577847 
0.459943 0.00654697 0.228816 0.182014 0.00643303 0.010026 0.106221 
0.492025 0.0077664 0.0834519 0.376448 0.0109822 0.00509036 0.0242365 
0.300528 0.005347 0.117028 0.537334 0.00684192 0.00858732 0.0243332 
0.446749 0.00666439 0.108934 0.391285 0.0127386 0.0124011 0.0212275 
0.435749 0.00646504 0.168951 0.32943 0.00736363 0.0133718 0.0386688 
0.399417 0.00525669 0.138603 0.414556 0.00726628 0.00866143 0.0262394 
0.524655 0.00727378 0.185412 0.239558 0.00538773 0.00863595 0.0290771 
0.345388 0.00651347 0.149328 0.454706 0.00830443 0.0129874 0.0227721 
0.474323 0.0101514 0.236303 0.169277 0.0074245 0.0287418 0.0737799 
0.531048 0.0103396 0.202139 0.15776 0.0072715 0.0299581 0.0614842 
0.402929 0.0108181 0.248331 0.197633 0.0107306 0.0354612 0.0940966 
0.504649 0.00830739 0.198342 0.207792 0.00756876 0.0149294 0.0584118 
0.561504 0.00980091 0.152267 0.218757 0.00658851 0.0128802 0.0382026 
0.527769 0.00969046 0.139356 0.280339 0.00740429 0.00893215 0.0265103 
0.514765 0.00697161 0.169695 0.247961 0.00784193 0.00806589 0.044699 
0.433115 0.00647583 0.162109 0.339111 0.0101701 0.0074909 0.0415285 
0.437256 0.00583133 0.156748 0.350375 0.0100388 0.00631092 0.0334401 
0.491252 0.00780509 0.21384 0.208902 0.00848713 0.0126549 0.0570594 
0.517532 0.00726042 0.206225 0.194214 0.0093305 0.0114978 0.0539395 
0.525741 0.00729255 0.186992 0.219545 0.00762451 0.00938134 0.0434239 
0.60045 0.00727689 0.164134 0.176163 0.00667982 0.00809701 0.0371986 
0.515295 0.00635434 0.184514 0.235784 0.00846386 0.00739591 0.0421925 
0.447052 0.00571877 0.160132 0.343866 0.00847775 0.0062099 0.0285425 
0.520731 0.00640612 0.158458 0.264753 0.00829941 0.00768295 0.0336698 
0.578647 0.00712825 0.178154 0.175667 0.00674021 0.0102146 0.0434482 
0.585455 0.0074029 0.187709 0.158146 0.00598878 0.0102364 0.0450613 
0.585027 0.00702743 0.180937 0.172207 0.00644697 0.00896106 0.0393927 
0.575939 0.00697746 0.177732 0.180413 0.00681223 0.0100168 0.0421097 
0.652798 0.00730498 0.18597 0.0902965 0.00535521 0.00933471 0.0489407 
0.592901 0.00758615 0.213996 0.112408 0.00606769 0.0113209 0.0557206 
0.521867 0.00759654 0.275953 0.0909896 0.00631185 0.0145607 0.0827214 
0.458132 0.00752406 0.296887 0.130331 0.00898682 0.0147382 0.083401 
0.460564 0.00784559 0.286669 0.129748 0.00941456 0.0173443 0.0884143 
0.413636 0.00784177 0.313801 0.136092 0.00969105 0.0185575 0.10038 
0.40851 0.0084098 0.291849 0.137094 0.0105148 0.0252116 0.118411 
0.568046 0.00556753 0.275025 0.057614 0.00458432 0.0127852 0.0763775 
0.411687 0.00829339 0.242007 0.22802 0.0102969 0.0182766 0.0814197 
0.602657 0.00479836 0.270995 0.0643678 0.00381657 0.00857704 0.0447886 
0.55012 0.00691291 0.167236 0.212996 0.00779707 0.0135032 0.0414344 
0.638005 0.00608892 0.19845 0.0978823 0.0066536 0.00873703 0.0441831 
0.468203 0.0086451 0.193278 0.254585 0.00789894 0.0176912 0.0496991 
0.567785 0.00695196 0.200197 0.154434 0.00745563 0.0116782 0.0514975 
0.487657 0.00776199 0.246585 0.1578 0.00782213 0.0189649 0.073409 
0.516025 0.0073645 0.228657 0.160292 0.00939843 0.0163813 0.0618821 
0.543939 0.00674865 0.228911 0.137384 0.00929523 0.012907 0.0608143 
0.535553 0.00745717 0.221171 0.150771 0.00836666 0.0159641 0.0607168 
0.592863 0.00708226 0.232556 0.0827295 0.00487969 0.0152571 0.0646318 
0.531515 0.00735119 0.240676 0.124297 0.00735371 0.0176101 0.071197 
0.615938 0.00588518 0.237981 0.0646965 0.0041849 0.0122767 0.0590375 
0.571083 0.00731461 0.221503 0.119868 0.00576896 0.015461 0.0590021 
0.585296 0.00638071 0.243434 0.0774377 0.0054877 0.0150962 0.0668671 
0.553969 0.00762524 0.22111 0.130219 0.00697069 0.0164058 0.0636998 
0.596618 0.00672761 0.211464 0.119004 0.00589034 0.0120367 0.0482599 
0.482545 0.00783256 0.250536 0.163996 0.0089526 0.0156907 0.070447 
0.63311 0.00626334 0.192787 0.10539 0.00572413 0.0103022 0.0464234 
0.537029 0.00695861 0.210631 0.155214 0.00898846 0.0152809 0.065898 
0.548383 0.00707577 0.217785 0.140536 0.00783021 0.0146439 0.0637459 
0.56274 0.00698542 0.225839 0.131343 0.00672418 0.0137716 0.0525972 
0.61145 0.00715192 0.213876 0.0932369 0.00538045 0.0128445 0.0560602 
0.583907 0.00666979 0.210919 0.125223 0.00786802 0.0104146 0.0549982 
0.623092 0.00572681 0.246371 0.0479983 0.00269966 0.00893423 0.065178 
0.593599 0.00645311 0.217727 0.0993989 0.00823624 0.010941 0.0636447 
0.60789 0.00535949 0.245729 0.074428 0.00547871 0.00835193 0.052763 
0.622337 0.0056332 0.207205 0.0900656 0.00885893 0.0117536 0.0541465 
0.585396 0.00602151 0.263448 0.075505 0.00472278 0.0121599 0.0527471 
0.501713 0.00866134 0.241989 0.150401 0.00769753 0.0209985 0.0685388 
0.601675 0.00791619 0.218494 0.0923769 0.00578359 0.0189579 0.0547962 
0.570951 0.00833273 0.229546 0.104672 0.00620151 0.0246006 0.0556951 
0.506933 0.00772309 0.254627 0.143243 0.00753034 0.020963 0.05898 
0.504164 0.00793321 0.248903 0.157071 0.00767915 0.0202719 0.053978 
0.463415 0.0079556 0.239685 0.199307 0.0085029 0.0199659 0.0611682 
0.333652 0.008828 0.221968 0.344355 0.00914951 0.0200619 0.0619855 
0.400351 0.00910593 0.248003 0.244233 0.00999599 0.0204527 0.0678589 
0.466794 0.00820113 0.235682 0.201793 0.0114967 0.0189098 0.057124 
0.454236 0.00805266 0.248704 0.18416 0.0121149 0.0192288 0.0735034 
0.465068 0.00872541 0.229692 0.192931 0.0111353 0.0196371 0.0728111 
0.49969 0.00803336 0.242391 0.154952 0.00990488 0.018232 0.0667975 
0.582757 0.00671873 0.205191 0.133584 0.00790996 0.012355 0.0514839 
0.612709 0.00629396 0.197319 0.117065 0.00768007 0.01192 0.0470137 
0.575667 0.0068582 0.210094 0.123793 0.00879196 0.0138947 0.0609007 
0.583292 0.0066649 0.22597 0.103582 0.00737661 0.011567 0.0615477 
0.565319 0.00600101 0.234249 0.0991522 0.00887598 0.0115552 0.0748478 
0.57526 0.00607858 0.227767 0.0938925 0.00858422 0.0111247 0.0772933 
0.499779 0.00703045 0.257529 0.10649 0.00903112 0.0168955 0.103244 
0.562955 0.00610944 0.244948 0.0895137 0.00790336 0.0147157 0.0738545 
0.629307 0.00692496 0.0902454 0.228818 0.0096247 0.00360694 0.0314726 
0.640098 0.0059547 0.106009 0.197058 0.00989089 0.00325772 0.0377323 
0.653198 0.00599207 0.0973534 0.188851 0.0102224 0.00297804 0.0414046 
0.452559 0.00589969 0.0447317 0.456695 0.0103605 0.00178717 0.0279662 
0.564056 0.00733583 0.0621777 0.322745 0.00692491 0.00170705 0.0350534 
0.519906 0.0097461 0.110465 0.315847 0.00578376 0.00711842 0.0311334 
0.739216 0.0099352 0.119217 0.0926295 0.00745557 0.00320932 0.0283373 
0.461199 0.0103925 0.0695914 0.4257 0.00749511 0.00610145 0.0195204 
0.544738 0.00792011 0.0487307 0.365749 0.00704387 0.00126785 0.0245502 
0.520034 0.00855148 0.0825894 0.338592 0.00606023 0.00396926 0.0402034 
0.47248 0.00900055 0.0798267 0.411747 0.00648554 0.00377806 0.016683 
0.526125 0.00936098 0.128588 0.282697 0.00828715 0.00767491 0.0372665 
0.60668 0.00876906 0.102073 0.22007 0.00904973 0.00616637 0.0471916 
0.590163 0.00904135 0.125263 0.204628 0.00815548 0.00691704 0.055833 
0.562547 0.00846041 0.144972 0.191178 0.0115221 0.00801057 0.0733102 
0.570908 0.00770161 0.146712 0.178024 0.0106703 0.00666609 0.0793177 
0.604844 0.00783378 0.144259 0.164196 0.00805618 0.00579179 0.0650187 
0.565978 0.00713584 0.147127 0.195887 0.00940517 0.00700943 0.0674581 
0.696772 0.0064146 0.164798 0.0625231 0.00507047 0.00835415 0.0560674 
0.641113 0.00704305 0.16762 0.0918503 0.00514552 0.0124756 0.0747527 
0.697034 0.00592837 0.17365 0.0659272 0.00569645 0.00503758 0.0467268 
0.653396 0.00594553 0.151617 0.127609 0.0069517 0.00644185 0.0480395 
0.732485 0.00687459 0.153004 0.0594771 0.00464811 0.00441885 0.0390924 
0.636873 0.00732751 0.161639 0.120139 0.00614618 0.00957875 0.0582969 
0.690502 0.00681948 0.16448 0.0803453 0.0048768 0.00650205 0.0464742 
0.691779 0.0082784 0.153789 0.0895501 0.00547681 0.00798769 0.0431391 
0.709898 0.00649363 0.183576 0.0501594 0.00380264 0.00491841 0.0411521 
0.688416 0.00750063 0.176074 0.0669311 0.00515611 0.0071773 0.0487445 
0.632435 0.00576809 0.233783 0.052878 0.00485042 0.00958459 0.0607011 
0.669668 0.00647164 0.203701 0.0532632 0.00368436 0.00864752 0.0545645 
0.73392 0.0074185 0.166141 0.0466005 0.00348472 0.00762733 0.034808 
0.713976 0.00630183 0.190822 0.0362365 0.00220344 0.00829282 0.0421671 
0.7204 0.00695462 0.183809 0.0343869 0.00318881 0.00966812 0.0415929 
0.738685 0.00683281 0.174211 0.0320621 0.00299126 0.00978306 0.0354349 
0.699964 0.00667499 0.203158 0.0277349 0.00288973 0.0115817 0.0479963 
0.703956 0.00570053 0.198041 0.0286171 0.00274939 0.00856754 0.0523686 
0.691538 0.00649177 0.20011 0.0380897 0.00299297 0.0102618 0.0505155 
0.694319 0.00587035 0.212421 0.0245003 0.00259032 0.00882301 0.0514768 
0.686735 0.00631952 0.212235 0.0200792 0.0029164 0.0114928 0.0602225 
0.704909 0.00613668 0.191061 0.0189615 0.00245562 0.00881955 0.0676567 
0.717972 0.0064931 0.181022 0.0207975 0.00228188 0.0100508 0.0613821 
0.668459 0.00540466 0.216501 0.0151014 0.00171363 0.00853187 0.084288 
0.664762 0.00612943 0.209616 0.0265374 0.00311602 0.010095 0.0797438 
0.691363 0.00566595 0.209338 0.0287971 0.0022047 0.00474858 0.0578827 
0.689692 0.00693763 0.169243 0.070191 0.00297373 0.00440077 0.0565619 
0.751399 0.00844117 0.135222 0.0534115 0.00192786 0.00411573 0.0454831 
0.661015 0.0107669 0.113399 0.160791 0.00310126 0.00409827 0.0468291 
0.745802 0.00933157 0.100458 0.0959465 0.00267843 0.00342421 0.0423595 
0.688065 0.00945097 0.108641 0.134786 0.00218824 0.00315862 0.05371 
0.672689 0.00945932 0.0961073 0.162507 0.00240165 0.00301416 0.0538211 
0.578251 0.0111945 0.088702 0.269299 0.00239783 0.00275931 0.0473962 
0.61359 0.0115437 0.095622 0.216488 0.00261159 0.00331731 0.0568274 
0.572946 0.00994984 0.107049 0.242652 0.0027524 0.00294701 0.0617039 
0.589596 0.0103024 0.113587 0.209026 0.00299552 0.00328459 0.0712077 
0.580521 0.0108979 0.111917 0.232875 0.00255297 0.0026199 0.0586162 
0.600583 0.0106372 0.118026 0.192227 0.00274463 0.00363147 0.072152 
0.639025 0.0101465 0.132069 0.122139 0.00262766 0.00525321 0.0887395 
0.652334 0.0134167 0.119768 0.126583 0.00244902 0.00804897 0.0774005 
0.751655 0.0184406 0.0795377 0.0889613 0.00187479 0.00354406 0.0559862 
0.671978 0.0225966 0.0752325 0.157299 0.00208671 0.00635533 0.0644512 
0.721143 0.0236946 0.0630263 0.146504 0.00241024 0.00321108 0.0400106 
0.750389 0.0210839 0.0662937 0.120086 0.00224384 0.00281379 0.037089 
0.594226 0.0220665 0.0736279 0.265797 0.00228961 0.00222511 0.0397679 
0.600791 0.0216722 0.0843518 0.232887 0.0021951 0.00418115 0.0539212 
0.431278 0.0185219 0.0846565 0.425586 0.00231608 0.00295582 0.0346858 
0.506168 0.0124286 0.0952173 0.32283 0.00512015 0.00709536 0.05114 
0.460287 0.015345 0.135179 0.341507 0.00425597 0.00783504 0.0355898 
0.529127 0.0145708 0.172737 0.203107 0.00593332 0.029886 0.0446392 
0.635859 0.0133828 0.126604 0.171811 0.0050418 0.0149247 0.0323763 
0.61274 0.0116903 0.128053 0.175028 0.00639624 0.0148047 0.0512887 
0.738703 0.00922231 0.114236 0.0870098 0.00488856 0.00994924 0.0359911 
0.713247 0.00878873 0.117992 0.0911593 0.00629819 0.0125376 0.0499766 
0.766023 0.00858133 0.109211 0.0539661 0.00563035 0.00971102 0.0468781 
0.659926 0.00850296 0.156118 0.0917201 0.00670889 0.0200427 0.0569813 
0.729348 0.00683815 0.143888 0.0649206 0.00513625 0.00997136 0.0398977 
0.619794 0.0083368 0.155605 0.136742 0.00708937 0.0131563 0.0592762 
0.729619 0.00680546 0.133273 0.0591981 0.00486108 0.0079581 0.0582851 
0.707045 0.00699663 0.136817 0.0868847 0.00635324 0.00832062 0.0475825 
0.817044 0.00705425 0.0981389 0.0280665 0.00302589 0.00149464 0.045176 
0.80878 0.00743702 0.107968 0.0307019 0.00199933 0.00309064 0.0400232 
0.827269 0.0109525 0.115361 0.0174259 0.00282088 0.00268964 0.0234811 
0.796647 0.00934432 0.146681 0.0143831 0.00247195 0.00430966 0.0261626 
0.701667 0.00966483 0.241118 0.00322341 0.00135762 0.00889796 0.0340712 
0.760375 0.00742525 0.147965 0.0190177 0.00203915 0.00284065 0.0603377 
0.755911 0.00826664 0.11339 0.0659162 0.00245567 0.00343158 0.050629 
0.742115 0.00903211 0.158788 0.0406491 0.00573031 0.0039522 0.0397334 
0.701536 0.0074649 0.1996 0.0390298 0.00473928 0.00924772 0.0383828 
