0.0789854 0.658788 0.0253503 0.170261 0.0113212 0.0408077 0.0144863 
0.0743055 0.676457 0.0274908 0.150916 0.00887951 0.0469742 0.014977 
0.0672849 0.708782 0.0302483 0.139354 0.00503162 0.0366604 0.0126394 
0.0609305 0.724765 0.0325254 0.125576 0.00449226 0.0376097 0.0141006 
0.0552131 0.708951 0.0402609 0.146491 0.00320327 0.0335978 0.0122831 
0.0859196 0.561997 0.0557231 0.247717 0.00506644 0.0281137 0.0154627 
0.0986721 0.485216 0.0629676 0.303076 0.00630802 0.0257211 0.0180397 
0.0914599 0.272241 0.0601158 0.533606 0.00687002 0.0169042 0.0188032 
0.0810405 0.23231 0.0470284 0.596655 0.00622367 0.0178565 0.0188861 
0.115953 0.279398 0.0696317 0.466101 0.0098898 0.0301167 0.0289095 
0.124047 0.339529 0.0648046 0.403487 0.0102481 0.0275055 0.0303798 
0.166896 0.429176 0.0614169 0.272466 0.0123436 0.0231807 0.0345213 
0.146464 0.426544 0.0556545 0.318699 0.0103794 0.0161666 0.0260931 
0.166982 0.371206 0.0753244 0.321003 0.0118836 0.0213967 0.0322038 
0.151003 0.455643 0.0688041 0.270066 0.00993304 0.018277 0.0262743 
0.165205 0.328319 0.0711436 0.380813 0.0108749 0.0157099 0.0279347 
0.172051 0.256919 0.0559603 0.464775 0.00948613 0.0118424 0.0289661 
0.191164 0.198489 0.052175 0.508613 0.00892169 0.0113396 0.0292975 
0.221378 0.174082 0.0379215 0.525895 0.00799652 0.00803235 0.0246937 
0.212663 0.196875 0.0453791 0.49687 0.00924359 0.0103037 0.0286644 
0.113767 0.111247 0.0312701 0.714443 0.00510921 0.00662862 0.0175359 
0.719361 0.0814879 0.0180665 0.145649 0.00744895 0.00272184 0.0252643 
0.773242 0.104216 0.0177051 0.0578346 0.0137406 0.00260422 0.0306579 
0.742364 0.1318 0.0168378 0.0534873 0.0245503 0.00235215 0.0286086 
0.779942 0.09027 0.0190593 0.0674188 0.0137467 0.00208958 0.0274738 
0.760157 0.117571 0.0164691 0.0517019 0.0242008 0.00257117 0.0273293 
0.728045 0.132855 0.0177257 0.0573471 0.0239765 0.00259247 0.0374588 
0.701794 0.152419 0.0170112 0.0549283 0.0277143 0.00398163 0.0421508 
0.663662 0.171962 0.0161338 0.0895489 0.0215227 0.00331864 0.0338517 
0.68071 0.151228 0.0162438 0.0911598 0.0261439 0.00324643 0.0312672 
0.682702 0.164399 0.0175753 0.0812102 0.0145438 0.00299293 0.0365763 
0.709767 0.123751 0.0189121 0.0907259 0.0127058 0.00165477 0.0424837 
0.73296 0.088472 0.0193555 0.11038 0.00998672 0.001158 0.0376874 
0.717316 0.109677 0.018234 0.073099 0.0106287 0.00169514 0.0693497 
0.775282 0.0873295 0.0212568 0.042713 0.00697124 0.00204656 0.0644006 
0.828838 0.0537625 0.0338026 0.00898428 0.00282117 0.00359354 0.0681984 
0.720474 0.0823664 0.101501 0.00239431 0.00947407 0.0364665 0.0473236 
0.613277 0.0898528 0.116843 0.00267947 0.0237266 0.0319042 0.121716 
0.703717 0.0571736 0.0595913 0.00324854 0.00870575 0.00989189 0.157672 
0.699392 0.0658139 0.0677225 0.00334539 0.013573 0.0127998 0.137353 
0.732766 0.0385304 0.0769607 0.00361516 0.0106915 0.0137473 0.123689 
0.776829 0.0497865 0.0607692 0.00468822 0.010391 0.0100315 0.0875041 
0.802609 0.0493531 0.0375141 0.00753486 0.0133906 0.0097489 0.0798496 
0.630119 0.0708963 0.0368007 0.0117084 0.0159539 0.0030835 0.231439 
0.417799 0.0704524 0.0507723 0.011552 0.00940257 0.00383782 0.436184 
0.51655 0.0563296 0.0660239 0.00495452 0.0108118 0.010879 0.334451 
0.337261 0.0502432 0.0586377 0.0048283 0.00650611 0.00627594 0.536248 
0.219515 0.109526 0.0401645 0.0078782 0.0347461 0.00798576 0.580184 
0.517009 0.112936 0.0487985 0.00592771 0.0237213 0.00685535 0.284752 
0.529748 0.204687 0.058654 0.00239383 0.0188925 0.138211 0.0474138 
0.46541 0.295403 0.0435494 0.00179755 0.0150707 0.108703 0.0700665 
0.669411 0.141699 0.0495108 0.00379163 0.0142039 0.0316952 0.0896883 
0.690878 0.136022 0.0541823 0.00336114 0.0288117 0.0277541 0.0589914 
0.673598 0.140372 0.0515624 0.00411251 0.0203842 0.015722 0.094249 
0.620716 0.140843 0.0348482 0.00557942 0.0186001 0.0123545 0.167059 
0.618375 0.0837126 0.0429744 0.00890025 0.0181141 0.00923969 0.218684 
0.650893 0.0278781 0.0559239 0.00516698 0.00649215 0.00781665 0.245829 
0.648598 0.0647697 0.0361454 0.0120617 0.0170232 0.00467547 0.216727 
0.693081 0.128676 0.0497463 0.00456964 0.0133788 0.0388251 0.0717236 
0.644119 0.108569 0.0395724 0.00509736 0.0120758 0.0184694 0.172097 
0.654683 0.109549 0.0293371 0.00640083 0.0171667 0.0112984 0.171565 
0.604084 0.139455 0.0257071 0.00942464 0.0293858 0.0058952 0.186048 
0.6585 0.168159 0.0217944 0.00687268 0.0231334 0.010149 0.111391 
0.617081 0.266035 0.0164636 0.00819396 0.0154192 0.0146772 0.0621296 
0.66834 0.190031 0.0224288 0.00613403 0.00718131 0.0150488 0.0908361 
0.68495 0.189925 0.0234061 0.0105136 0.00898814 0.0104437 0.0717736 
0.709766 0.167338 0.0232524 0.0196769 0.014096 0.00672649 0.0591439 
0.686405 0.153936 0.0507894 0.00428236 0.0252724 0.0328535 0.0464608 
0.416136 0.138543 0.249813 0.00420994 0.0373644 0.106059 0.0478755 
0.638508 0.0750136 0.074297 0.00370469 0.0229984 0.024471 0.161007 
0.605717 0.0292926 0.0945417 0.00260694 0.00867363 0.0195084 0.23966 
0.713477 0.0315569 0.0776964 0.00952081 0.0588723 0.0234565 0.08542 
0.681306 0.0426143 0.0889549 0.00270133 0.0123655 0.0182705 0.153787 
0.727742 0.0274416 0.0770947 0.0107254 0.0480762 0.0276056 0.0813143 
0.773212 0.0311249 0.0780271 0.00445302 0.0110975 0.0152905 0.0867952 
0.754569 0.0327198 0.076625 0.00699241 0.0178436 0.0201455 0.0911051 
0.793173 0.0422548 0.0632742 0.00878407 0.0191803 0.0132323 0.0601013 
0.750628 0.030934 0.0767403 0.00765807 0.0284066 0.0205579 0.0850753 
0.761633 0.0381039 0.0735783 0.00753344 0.0255027 0.024963 0.0686859 
0.790836 0.0309514 0.0620812 0.0137627 0.0317644 0.021968 0.0486359 
0.786572 0.0364809 0.05867 0.0111468 0.0344925 0.0217294 0.0509083 
0.793642 0.0506343 0.0470737 0.00738763 0.0258925 0.024372 0.0509977 
0.813976 0.0331812 0.0556273 0.0068858 0.0141466 0.0162919 0.0598907 
0.783194 0.0305888 0.0666138 0.00494982 0.00932355 0.0177262 0.0876037 
0.77113 0.0306157 0.0720313 0.00535685 0.0119369 0.0119462 0.0969826 
0.790996 0.0270745 0.0680425 0.00589102 0.0100649 0.00853551 0.0893953 
0.767037 0.0361475 0.0809577 0.00557868 0.0143544 0.0187228 0.0772021 
0.758646 0.0353266 0.0672066 0.00739493 0.0322151 0.0113473 0.0878635 
0.786104 0.0290352 0.0713751 0.00599877 0.014921 0.0151173 0.0774484 
0.76925 0.0316709 0.0799986 0.00474561 0.0116945 0.0189565 0.0836839 
0.781822 0.0387788 0.0645553 0.00615893 0.0170972 0.0160796 0.0755085 
0.793703 0.040969 0.058291 0.00630197 0.017907 0.0146172 0.068211 
0.767161 0.0316407 0.0665983 0.00546871 0.0142294 0.0151414 0.0997599 
0.748603 0.0264898 0.0782478 0.0044089 0.0120873 0.018626 0.111537 
0.741998 0.0231581 0.079218 0.00494091 0.00897252 0.0185374 0.123175 
0.775046 0.040703 0.0638604 0.00989152 0.031397 0.0152677 0.0638341 
0.783427 0.0385787 0.0651487 0.00870861 0.0302893 0.0171036 0.0567439 
0.654822 0.111062 0.0501123 0.00701345 0.104861 0.0232907 0.0488382 
0.802878 0.0460936 0.0478511 0.0175275 0.0438611 0.00593857 0.0358502 
0.806086 0.0365664 0.0639327 0.0191343 0.0256442 0.00755388 0.0410826 
0.74441 0.0473613 0.0747854 0.0531802 0.0264841 0.00991982 0.0438594 
0.787256 0.0450119 0.0517684 0.0519303 0.0128137 0.00828619 0.042934 
0.707169 0.0691004 0.0334164 0.126388 0.0211527 0.00838767 0.0343861 
0.763472 0.0447906 0.0420074 0.0900791 0.0167273 0.00746751 0.0354565 
0.78146 0.0381536 0.0529837 0.0684879 0.0138806 0.007571 0.0374634 
0.787234 0.0348843 0.051573 0.0668167 0.021234 0.00579274 0.0324655 
0.789771 0.0289789 0.0660458 0.0428976 0.024812 0.00482411 0.0426701 
0.80526 0.023247 0.0696493 0.0256042 0.0252646 0.00608788 0.0448869 
0.810051 0.0271894 0.068842 0.0189879 0.0176765 0.00762294 0.0496303 
0.798709 0.0209783 0.0675357 0.0189336 0.0201967 0.00748771 0.0661585 
0.811364 0.0164902 0.0648028 0.0230344 0.0115264 0.00482724 0.0679553 
0.809102 0.0232753 0.0601249 0.0203862 0.018193 0.00583432 0.0630842 
0.793552 0.0195577 0.065637 0.0175223 0.0204216 0.00439662 0.078913 
0.799232 0.0194042 0.0612938 0.0221258 0.0231347 0.00401992 0.070789 
0.8115 0.021317 0.0562204 0.0223224 0.0252506 0.00335668 0.060033 
0.789923 0.0225469 0.0651382 0.0156387 0.0230108 0.00389947 0.0798427 
0.802653 0.0322732 0.057967 0.0160386 0.0217513 0.00554532 0.0637714 
0.803844 0.0290036 0.0550825 0.012563 0.0250355 0.00658662 0.0678848 
0.801635 0.0205508 0.0596185 0.0126576 0.0176597 0.00569928 0.0821789 
0.79507 0.01786 0.063845 0.0141711 0.0151825 0.00532607 0.0885452 
0.783253 0.0141681 0.0676582 0.0157684 0.0182969 0.00484444 0.0960106 
0.789328 0.0185725 0.0659991 0.0100397 0.0212764 0.00602128 0.0887631 
0.814443 0.0309596 0.06101 0.00921421 0.0235645 0.00773712 0.0530714 
0.811596 0.0395383 0.0537259 0.00795558 0.027508 0.0105781 0.0490978 
0.764822 0.0323162 0.0782556 0.00480803 0.0270733 0.0101869 0.0825374 
0.715492 0.0343113 0.0888018 0.00203802 0.0109491 0.0129178 0.13549 
0.661494 0.0249022 0.124162 0.00100078 0.00537918 0.0240809 0.158981 
0.561685 0.0188114 0.154168 4.38327E-4 0.00233334 0.0262836 0.23628 
0.548948 0.0237223 0.117822 9.48078E-4 0.00390397 0.0159377 0.288718 
0.772521 0.0333397 0.0621037 0.00470568 0.0156902 0.0110563 0.100584 
0.733567 0.0492387 0.0696516 0.00233621 0.00989267 0.00909977 0.126214 
0.760376 0.0310396 0.066616 0.0127821 0.055134 0.0208793 0.0531732 
0.808876 0.0380684 0.0676793 0.00593851 0.0148372 0.00928101 0.0553198 
0.823447 0.031075 0.058658 0.00666408 0.013156 0.00943658 0.057563 
0.814262 0.0345268 0.0601439 0.00764104 0.0127638 0.0101497 0.060513 
0.786493 0.0376172 0.0610821 0.00645453 0.0130505 0.00743955 0.0878634 
0.808471 0.0434204 0.036287 0.0140666 0.0181527 0.00557819 0.0740242 
0.77681 0.0450302 0.0328889 0.0145293 0.012307 0.00452639 0.113908 
0.780523 0.0436411 0.0362666 0.0142533 0.0147075 0.00528419 0.105324 
0.711307 0.034906 0.0318755 0.0213603 0.0188985 0.00254393 0.179109 
0.743485 0.0581216 0.0292001 0.0172993 0.0250617 0.00353258 0.123299 
0.74157 0.0591338 0.0304654 0.0150393 0.0221002 0.00358954 0.128102 
0.728908 0.0592817 0.0291399 0.0170738 0.0254895 0.00292447 0.137183 
0.753416 0.0530297 0.0342781 0.0180187 0.0336502 0.00404141 0.103566 
0.759831 0.0514798 0.0379669 0.0146506 0.0268948 0.0055749 0.103602 
0.789579 0.056044 0.0381248 0.0144049 0.0237626 0.00670701 0.0713774 
0.77749 0.0563396 0.0400228 0.0142135 0.0310426 0.0063979 0.0744937 
0.779502 0.0633536 0.0365259 0.0132994 0.0290495 0.00665091 0.071619 
0.793737 0.0572421 0.0395531 0.0114987 0.0199885 0.00693485 0.0710457 
0.773799 0.0502676 0.0428118 0.00996442 0.0261782 0.00964841 0.0873306 
0.792819 0.0612799 0.0385733 0.00884543 0.0207591 0.00942539 0.0682983 
0.802473 0.0486393 0.0422816 0.0102535 0.0219842 0.00523589 0.0691329 
0.820575 0.0489079 0.0422585 0.0103389 0.0218093 0.00624123 0.0498692 
0.82057 0.0390247 0.0446458 0.0089464 0.0201868 0.00570065 0.0609258 
0.815802 0.0371323 0.0444068 0.0171079 0.028739 0.0099796 0.0468326 
0.829665 0.0390635 0.0396827 0.0133653 0.0239035 0.00982767 0.0444923 
0.813097 0.0395323 0.0406099 0.014433 0.0324339 0.010985 0.0489094 
0.822551 0.0276317 0.0484516 0.0194233 0.0184506 0.00977431 0.053717 
0.821455 0.0284602 0.040321 0.039609 0.0238581 0.00820832 0.0380882 
0.827083 0.0255591 0.0403812 0.0278277 0.021282 0.0061205 0.0517463 
0.830056 0.024586 0.0420896 0.0226833 0.0184114 0.00713837 0.0550355 
0.783057 0.0249403 0.0650692 0.0198927 0.0345215 0.0125548 0.0599649 
0.785047 0.0279548 0.0680405 0.0153716 0.0197546 0.0109033 0.0729287 
0.777914 0.0188257 0.0727484 0.0157447 0.0157204 0.00996421 0.0890829 
0.757882 0.0216664 0.0856836 0.0123654 0.01875 0.0135568 0.0900959 
0.777223 0.0207208 0.0752014 0.0151563 0.015198 0.0105499 0.0859503 
0.751563 0.0189488 0.0815908 0.0180451 0.012401 0.0142523 0.1032 
0.749417 0.0179236 0.0763893 0.00981932 0.00830773 0.00738196 0.130762 
0.810417 0.0212798 0.0600785 0.0250301 0.00966219 0.00778902 0.0657436 
0.660644 0.162587 0.0368149 0.0112192 0.0351632 0.0377876 0.0557841 
0.785529 0.0644184 0.0420349 0.0152987 0.0144529 0.0163744 0.0618921 
0.731477 0.148376 0.0193746 0.0607463 0.00778847 0.00271035 0.0295275 
0.703346 0.113471 0.0219141 0.11764 0.00833037 0.00482836 0.0304706 
0.733646 0.135031 0.0256614 0.0477899 0.0100115 0.00502725 0.042833 
0.408102 0.206849 0.100836 0.00329055 0.0308654 0.228809 0.021248 
0.442468 0.363261 0.0605746 0.00315943 0.0266914 0.0681208 0.0357247 
0.644059 0.152903 0.0450779 0.00558936 0.0273178 0.0186144 0.106438 
0.709904 0.166354 0.0391485 0.0122851 0.00876392 0.00937075 0.0541731 
0.659844 0.165321 0.074254 0.00452026 0.0102797 0.0418199 0.0439611 
0.615033 0.218606 0.0650151 0.00483281 0.0109506 0.0412563 0.0443062 
0.678972 0.176114 0.051223 0.00963632 0.017234 0.0256971 0.041123 
0.749675 0.118987 0.0468902 0.0124349 0.0121473 0.0139176 0.0459487 
0.689927 0.0716474 0.0203328 0.134591 0.0200816 0.00131017 0.0621103 
0.731896 0.131387 0.0254756 0.0407228 0.0306255 0.00389394 0.0359988 
0.801314 0.0779059 0.0379973 0.0281102 0.0182948 0.00627809 0.0301002 
0.838631 0.0525454 0.0353732 0.0271345 0.0100584 0.00273912 0.0335186 
0.834441 0.0435642 0.037249 0.0148412 0.00692233 0.00342116 0.0595611 
0.764486 0.0383705 0.0373145 0.0277481 0.0106029 0.00183324 0.119645 
0.824744 0.0441425 0.0318952 0.0230847 0.0410423 0.00533039 0.0297604 
0.822844 0.0406092 0.0364467 0.0167776 0.034886 0.00612049 0.0423158 
0.694627 0.0499883 0.0299576 0.0288731 0.0250889 0.00195217 0.169513 
0.778778 0.0394478 0.0344204 0.0270223 0.0232031 0.00287279 0.0942559 
0.820502 0.0395731 0.0420402 0.0205603 0.0116307 0.00337028 0.0623236 
0.854923 0.0286275 0.0488991 0.0117976 0.0130366 0.00786929 0.0348473 
0.823533 0.038751 0.0516823 0.00764228 0.0189856 0.0106692 0.0487368 
0.798435 0.0420257 0.0600935 0.008327 0.0268755 0.0107073 0.0535363 
0.802137 0.0322011 0.0603553 0.00548965 0.011379 0.00866065 0.0797768 
0.782684 0.0224083 0.0715927 0.00782386 0.0156541 0.0134695 0.0863672 
0.811391 0.0292838 0.0597842 0.00821046 0.0100376 0.0101743 0.0711188 
0.830033 0.0440857 0.0517086 0.00717436 0.0110427 0.00776357 0.0481918 
0.8033 0.0331349 0.0635588 0.00767246 0.0123054 0.00859161 0.0714371 
0.787778 0.0305487 0.0807478 0.0126947 0.0164132 0.0139976 0.0578199 
0.825319 0.022745 0.0600186 0.0128087 0.0147867 0.0054668 0.0588547 
0.764477 0.0753209 0.046599 0.00963629 0.0235287 0.00484537 0.0755925 
0.728096 0.0934787 0.0399881 0.00786114 0.0137471 0.00522348 0.111606 
0.683906 0.16221 0.0293577 0.0122719 0.0344824 0.00546381 0.0723077 
0.716494 0.136341 0.0539315 0.00709857 0.0273982 0.0142349 0.0445017 
0.812739 0.0128765 0.104508 0.018142 0.0130009 0.0157752 0.0229578 
0.851825 0.0448849 0.0409794 0.0102604 0.0284035 0.0179505 0.00569625 
0.72842 0.0878896 0.100391 0.00303155 0.0146787 0.0399465 0.025643 
0.648768 0.226068 0.0316831 0.0282602 0.0164568 0.00833484 0.0404297 
0.752639 0.0885026 0.0768076 0.0292709 0.00278054 0.0122479 0.0377509 
0.653036 0.216522 0.036303 0.0129265 0.0205692 0.0173733 0.0432704 
0.536978 0.286465 0.0520854 0.00321328 0.0357398 0.0557075 0.029811 
0.362408 0.439422 0.0470901 0.00265368 0.0398935 0.0902777 0.0182555 
0.706559 0.141316 0.0539865 0.00331111 0.0210059 0.0271879 0.0466339 
0.843633 0.0364551 0.0514578 0.00995527 0.00765342 0.00915303 0.0416925 
0.797719 0.0399928 0.0478137 0.020543 0.00561935 0.00228789 0.0860237 
0.701644 0.0839967 0.015351 0.0950239 0.0638625 0.00339256 0.0367295 
0.759918 0.0804908 0.0321233 0.0295466 0.0447516 0.00696752 0.0462021 
0.768444 0.075359 0.0284365 0.0456096 0.0163727 0.00645094 0.0593277 
0.743398 0.0858216 0.060906 0.0267862 0.0103028 0.036597 0.0361882 
0.819513 0.0434159 0.0526198 0.0186504 0.022069 0.0101184 0.0336135 
0.785828 0.0641416 0.0274229 0.0296355 0.0449414 0.00439322 0.0436369 
0.700145 0.00676504 0.118318 0.0518938 0.00489535 0.00576203 0.112221 
0.742587 0.00714419 0.108497 0.0385105 0.00503425 0.00525492 0.0929718 
0.746947 0.0071792 0.100985 0.0533603 0.00637122 0.00630529 0.0788521 
0.779761 0.00771813 0.089144 0.0546561 0.00446087 0.00425904 0.0600005 
0.767576 0.00756252 0.098268 0.0602039 0.00557611 0.00569765 0.0551157 
0.741259 0.00738318 0.112172 0.0469065 0.00389209 0.00612066 0.0822673 
0.704121 0.00729538 0.121418 0.0749155 0.00526053 0.00592526 0.0810651 
0.762323 0.00709829 0.106347 0.052729 0.00549469 0.00528499 0.0607227 
0.764261 0.00741645 0.103513 0.0589913 0.00504184 0.00519161 0.0555844 
0.727776 0.0073459 0.110672 0.0870374 0.00614302 0.0055797 0.0554461 
0.726113 0.00723781 0.103084 0.100486 0.00596285 0.00424759 0.0528689 
0.722417 0.00754144 0.103972 0.101424 0.00544116 0.00373812 0.0554659 
0.776765 0.00782432 0.0944858 0.0691049 0.00361258 0.00314795 0.0450594 
0.771447 0.00797911 0.0930756 0.0724893 0.00414493 0.00377398 0.0470897 
0.757645 0.00736512 0.0971089 0.0796676 0.00404509 0.00401238 0.0501559 
0.77849 0.00730514 0.087947 0.0723673 0.00502325 0.00355132 0.0453158 
0.74543 0.00739621 0.107051 0.0847306 0.00353116 0.0033986 0.0484625 
0.783167 0.00752608 0.0928082 0.0661794 0.00446925 0.00339179 0.0424581 
0.769754 0.00691245 0.10142 0.0662836 0.0043125 0.00337395 0.0479442 
0.774711 0.00710099 0.101829 0.0641386 0.00394489 0.00339094 0.0448838 
0.761635 0.00680629 0.116711 0.0489992 0.00315381 0.0038031 0.0588917 
0.765566 0.00677869 0.113299 0.0463977 0.00296441 0.00403823 0.0609557 
0.788842 0.0070908 0.0990348 0.049239 0.00388439 0.00383787 0.048071 
0.761473 0.00760726 0.100074 0.07237 0.00468933 0.00438734 0.0493997 
0.776134 0.00735243 0.106821 0.0425713 0.00475045 0.00391694 0.0584533 
0.738176 0.00684924 0.102607 0.087209 0.00624822 0.0043686 0.054542 
0.761284 0.00600093 0.0984505 0.0754708 0.00802631 0.00359368 0.0471741 
0.766552 0.00545526 0.0990178 0.070159 0.00809998 0.00382994 0.0468861 
0.748512 0.00546516 0.107175 0.0667962 0.00545411 0.00421596 0.0623813 
0.266673 0.00466934 0.168409 0.509741 0.0133029 0.00538152 0.031823 
0.350177 0.00581153 0.199729 0.379976 0.0123802 0.00821515 0.0437112 
0.333174 0.00503936 0.138284 0.483133 0.00825827 0.00554046 0.0265711 
0.334379 0.00451478 0.113779 0.512678 0.0103675 0.00482203 0.0194595 
0.504448 0.00592742 0.183635 0.25349 0.00826871 0.00670875 0.037522 
0.495167 0.00649323 0.159997 0.29088 0.00649599 0.00780241 0.0331641 
0.491384 0.00711817 0.150099 0.307938 0.00625044 0.00723659 0.0299735 
0.552492 0.00705322 0.136392 0.264363 0.00622975 0.00543639 0.0280336 
0.502837 0.00764779 0.122955 0.338596 0.00514667 0.00419372 0.0186235 
0.505616 0.00839722 0.120237 0.339401 0.00577251 0.00388233 0.0166945 
0.3465 0.00793998 0.150992 0.456248 0.00665553 0.00582214 0.0258427 
0.600301 0.00802551 0.180725 0.163815 0.00610207 0.0058735 0.035158 
0.555519 0.00844475 0.225529 0.149013 0.0055071 0.00825157 0.047735 
0.451898 0.0098107 0.232698 0.231557 0.00793657 0.0120168 0.0540829 
0.405872 0.00889131 0.215176 0.296475 0.00780203 0.0113026 0.0544804 
0.335177 0.00847206 0.197698 0.397266 0.0081759 0.011552 0.041659 
0.388531 0.00766144 0.177777 0.366468 0.00682956 0.0105096 0.0422238 
0.353623 0.00718013 0.140916 0.451421 0.00626461 0.00975089 0.0308444 
0.389251 0.00690367 0.128165 0.428211 0.00605938 0.0113121 0.0300975 
0.38653 0.00756999 0.142797 0.411041 0.00691065 0.0124299 0.032722 
0.48055 0.00741907 0.128078 0.343137 0.0056978 0.00866179 0.0264556 
0.414158 0.00725909 0.169748 0.35679 0.00679493 0.00894327 0.0363065 
0.379833 0.00693633 0.18479 0.369853 0.00735701 0.0102586 0.0409715 
0.394444 0.00578023 0.177688 0.3742 0.00657017 0.00780237 0.0335153 
0.479162 0.0092424 0.228909 0.202917 0.00691851 0.0160674 0.0567835 
0.39177 0.00798013 0.158576 0.390474 0.00875713 0.00953933 0.0329036 
0.462824 0.00852342 0.212146 0.251044 0.00659634 0.0108512 0.0480151 
0.350303 0.010905 0.0744311 0.520659 0.014141 0.0084002 0.0211606 
0.597431 0.0078444 0.194488 0.143683 0.00565319 0.00848995 0.0424099 
0.266673 0.00466934 0.168409 0.509741 0.0133029 0.00538152 0.031823 
0.350177 0.00581153 0.199729 0.379976 0.0123802 0.00821515 0.0437112 
0.333174 0.00503936 0.138284 0.483133 0.00825827 0.00554046 0.0265711 
0.334379 0.00451478 0.113779 0.512678 0.0103675 0.00482203 0.0194595 
0.504448 0.00592742 0.183635 0.25349 0.00826871 0.00670875 0.037522 
0.495167 0.00649323 0.159997 0.29088 0.00649599 0.00780241 0.0331641 
0.491384 0.00711817 0.150099 0.307938 0.00625044 0.00723659 0.0299735 
0.552492 0.00705322 0.136392 0.264363 0.00622975 0.00543639 0.0280336 
0.502837 0.00764779 0.122955 0.338596 0.00514667 0.00419372 0.0186235 
0.505616 0.00839722 0.120237 0.339401 0.00577251 0.00388233 0.0166945 
0.3465 0.00793998 0.150992 0.456248 0.00665553 0.00582214 0.0258427 
0.600301 0.00802551 0.180725 0.163815 0.00610207 0.0058735 0.035158 
0.555519 0.00844475 0.225529 0.149013 0.0055071 0.00825157 0.047735 
0.451898 0.0098107 0.232698 0.231557 0.00793657 0.0120168 0.0540829 
0.405872 0.00889131 0.215176 0.296475 0.00780203 0.0113026 0.0544804 
0.335177 0.00847206 0.197698 0.397266 0.0081759 0.011552 0.041659 
0.388531 0.00766144 0.177777 0.366468 0.00682956 0.0105096 0.0422238 
0.353623 0.00718013 0.140916 0.451421 0.00626461 0.00975089 0.0308444 
0.389251 0.00690367 0.128165 0.428211 0.00605938 0.0113121 0.0300975 
0.38653 0.00756999 0.142797 0.411041 0.00691065 0.0124299 0.032722 
0.48055 0.00741907 0.128078 0.343137 0.0056978 0.00866179 0.0264556 
0.414158 0.00725909 0.169748 0.35679 0.00679493 0.00894327 0.0363065 
0.379833 0.00693633 0.18479 0.369853 0.00735701 0.0102586 0.0409715 
0.394444 0.00578023 0.177688 0.3742 0.00657017 0.00780237 0.0335153 
0.479162 0.0092424 0.228909 0.202917 0.00691851 0.0160674 0.0567835 
0.39177 0.00798013 0.158576 0.390474 0.00875713 0.00953933 0.0329036 
0.462824 0.00852342 0.212146 0.251044 0.00659634 0.0108512 0.0480151 
0.350303 0.010905 0.0744311 0.520659 0.014141 0.0084002 0.0211606 
0.597431 0.0078444 0.194488 0.143683 0.00565319 0.00848995 0.0424099 
0.384476 0.00574276 0.171697 0.36936 0.00891579 0.00788718 0.0519216 
0.399001 0.00685865 0.176576 0.329263 0.00909679 0.0113954 0.0678093 
0.39453 0.00713048 0.181028 0.305817 0.0101615 0.0117832 0.0895501 
0.380273 0.00712545 0.194101 0.296891 0.00963103 0.0113182 0.10066 
0.296334 0.00586709 0.137171 0.470139 0.0111936 0.00808324 0.0712126 
0.460898 0.00626316 0.168704 0.291464 0.00896723 0.00884775 0.0548556 
0.413028 0.00605533 0.162182 0.338885 0.0112637 0.00940716 0.0591777 
0.492793 0.00665972 0.168895 0.258537 0.00713559 0.0093906 0.0565894 
0.522116 0.00603746 0.151235 0.256886 0.00938462 0.00639143 0.0479496 
0.53808 0.00546173 0.158116 0.236098 0.00734331 0.00599567 0.048905 
0.453939 0.00689723 0.147592 0.324946 0.0135582 0.0108802 0.0421877 
0.640937 0.00691659 0.184326 0.107195 0.00864791 0.00932932 0.0426487 
0.521053 0.00774512 0.21991 0.148867 0.0118659 0.0232161 0.0673429 
0.529803 0.00822531 0.199689 0.176868 0.00901728 0.0157127 0.0606841 
0.511794 0.00691288 0.174546 0.227317 0.0108078 0.0104267 0.0581959 
0.497312 0.00546143 0.108656 0.32238 0.00679866 0.00273028 0.056662 
0.48339 0.00935016 0.0561029 0.427944 0.0031355 0.0012404 0.0188363 
0.338751 0.0134043 0.0267149 0.604818 0.00503416 0.00207427 0.00920316 
0.198104 0.0935334 0.0217805 0.668851 0.0045298 0.0035345 0.0096672 
0.114799 0.117472 0.023522 0.718758 0.00664226 0.00639483 0.0124119 
0.106117 0.0837566 0.0140982 0.77662 0.00760632 0.00281159 0.00899035 
0.122983 0.0534981 0.0115906 0.796078 0.00564419 0.0022828 0.00792328 
0.10969 0.0379051 0.010033 0.831557 0.00266692 0.00167999 0.00646758 
0.137613 0.0639665 0.0143552 0.762573 0.00682759 0.00374109 0.0109235 
0.0761008 0.0475284 0.00988092 0.8491 0.00678484 0.00309357 0.00751096 
0.152296 0.0356737 0.0113788 0.784049 0.00427262 0.00358084 0.00874877 
0.292155 0.0158903 0.0164384 0.654543 0.00621373 0.00254055 0.0122192 
0.519547 0.0105886 0.060206 0.325677 0.00603752 0.0050075 0.0729368 
0.673756 0.00831085 0.0766631 0.125478 0.0106776 0.00642978 0.0986843 
0.266673 0.00466934 0.168409 0.509741 0.0133029 0.00538152 0.031823 
0.350177 0.00581153 0.199729 0.379976 0.0123802 0.00821515 0.0437112 
0.333174 0.00503936 0.138284 0.483133 0.00825827 0.00554046 0.0265711 
0.334379 0.00451478 0.113779 0.512678 0.0103675 0.00482203 0.0194595 
0.504448 0.00592742 0.183635 0.25349 0.00826871 0.00670875 0.037522 
0.495167 0.00649323 0.159997 0.29088 0.00649599 0.00780241 0.0331641 
0.491384 0.00711817 0.150099 0.307938 0.00625044 0.00723659 0.0299735 
0.552492 0.00705322 0.136392 0.264363 0.00622975 0.00543639 0.0280336 
0.502837 0.00764779 0.122955 0.338596 0.00514667 0.00419372 0.0186235 
0.505616 0.00839722 0.120237 0.339401 0.00577251 0.00388233 0.0166945 
0.3465 0.00793998 0.150992 0.456248 0.00665553 0.00582214 0.0258427 
0.600301 0.00802551 0.180725 0.163815 0.00610207 0.0058735 0.035158 
0.555519 0.00844475 0.225529 0.149013 0.0055071 0.00825157 0.047735 
0.451898 0.0098107 0.232698 0.231557 0.00793657 0.0120168 0.0540829 
0.405872 0.00889131 0.215176 0.296475 0.00780203 0.0113026 0.0544804 
0.335177 0.00847206 0.197698 0.397266 0.0081759 0.011552 0.041659 
0.388531 0.00766144 0.177777 0.366468 0.00682956 0.0105096 0.0422238 
0.353623 0.00718013 0.140916 0.451421 0.00626461 0.00975089 0.0308444 
0.389251 0.00690367 0.128165 0.428211 0.00605938 0.0113121 0.0300975 
0.38653 0.00756999 0.142797 0.411041 0.00691065 0.0124299 0.032722 
0.48055 0.00741907 0.128078 0.343137 0.0056978 0.00866179 0.0264556 
0.414158 0.00725909 0.169748 0.35679 0.00679493 0.00894327 0.0363065 
0.379833 0.00693633 0.18479 0.369853 0.00735701 0.0102586 0.0409715 
0.394444 0.00578023 0.177688 0.3742 0.00657017 0.00780237 0.0335153 
0.479162 0.0092424 0.228909 0.202917 0.00691851 0.0160674 0.0567835 
0.39177 0.00798013 0.158576 0.390474 0.00875713 0.00953933 0.0329036 
0.462824 0.00852342 0.212146 0.251044 0.00659634 0.0108512 0.0480151 
0.350303 0.010905 0.0744311 0.520659 0.014141 0.0084002 0.0211606 
0.597431 0.0078444 0.194488 0.143683 0.00565319 0.00848995 0.0424099 
0.664107 0.00715936 0.206052 0.0595128 0.00972201 0.0139179 0.0395286 
0.700152 0.00893526 0.16008 0.0794756 0.00521321 0.013318 0.0328263 
0.659457 0.00842545 0.168716 0.118852 0.00576175 0.0081899 0.0305972 
0.688267 0.0100292 0.14081 0.11034 0.00422241 0.00935699 0.0369743 
0.731819 0.00946813 0.12144 0.0920314 0.00348611 0.00711097 0.0346447 
0.660092 0.0104103 0.104895 0.177335 0.00536244 0.00677522 0.0351304 
0.557406 0.0111077 0.105919 0.278695 0.00486758 0.0071774 0.0348278 
0.537989 0.0103198 0.0959973 0.305899 0.00642528 0.0075236 0.0358462 
0.607736 0.00856972 0.096485 0.237262 0.00737517 0.00614509 0.0364265 
0.576769 0.00801427 0.085039 0.290185 0.00705334 0.00490513 0.0280347 
0.566419 0.00733917 0.0844262 0.292305 0.00761142 0.00447042 0.0374293 
0.601081 0.00747082 0.0901183 0.244436 0.0102969 0.00487683 0.0417199 
0.596248 0.00804573 0.0927012 0.250283 0.00793198 0.00462386 0.0401665 
0.658374 0.00967112 0.0833616 0.209702 0.00731831 0.00378124 0.0277916 
0.631857 0.00999392 0.0824385 0.237692 0.00715924 0.00394322 0.0269164 
0.266673 0.00466934 0.168409 0.509741 0.0133029 0.00538152 0.031823 
0.350177 0.00581153 0.199729 0.379976 0.0123802 0.00821515 0.0437112 
0.333174 0.00503936 0.138284 0.483133 0.00825827 0.00554046 0.0265711 
0.334379 0.00451478 0.113779 0.512678 0.0103675 0.00482203 0.0194595 
0.504448 0.00592742 0.183635 0.25349 0.00826871 0.00670875 0.037522 
0.495167 0.00649323 0.159997 0.29088 0.00649599 0.00780241 0.0331641 
0.491384 0.00711817 0.150099 0.307938 0.00625044 0.00723659 0.0299735 
0.552492 0.00705322 0.136392 0.264363 0.00622975 0.00543639 0.0280336 
0.502837 0.00764779 0.122955 0.338596 0.00514667 0.00419372 0.0186235 
0.505616 0.00839722 0.120237 0.339401 0.00577251 0.00388233 0.0166945 
0.3465 0.00793998 0.150992 0.456248 0.00665553 0.00582214 0.0258427 
0.600301 0.00802551 0.180725 0.163815 0.00610207 0.0058735 0.035158 
0.555519 0.00844475 0.225529 0.149013 0.0055071 0.00825157 0.047735 
0.451898 0.0098107 0.232698 0.231557 0.00793657 0.0120168 0.0540829 
0.405872 0.00889131 0.215176 0.296475 0.00780203 0.0113026 0.0544804 
0.335177 0.00847206 0.197698 0.397266 0.0081759 0.011552 0.041659 
0.388531 0.00766144 0.177777 0.366468 0.00682956 0.0105096 0.0422238 
0.353623 0.00718013 0.140916 0.451421 0.00626461 0.00975089 0.0308444 
0.389251 0.00690367 0.128165 0.428211 0.00605938 0.0113121 0.0300975 
0.38653 0.00756999 0.142797 0.411041 0.00691065 0.0124299 0.032722 
0.48055 0.00741907 0.128078 0.343137 0.0056978 0.00866179 0.0264556 
0.414158 0.00725909 0.169748 0.35679 0.00679493 0.00894327 0.0363065 
0.379833 0.00693633 0.18479 0.369853 0.00735701 0.0102586 0.0409715 
0.394444 0.00578023 0.177688 0.3742 0.00657017 0.00780237 0.0335153 
0.479162 0.0092424 0.228909 0.202917 0.00691851 0.0160674 0.0567835 
0.39177 0.00798013 0.158576 0.390474 0.00875713 0.00953933 0.0329036 
0.462824 0.00852342 0.212146 0.251044 0.00659634 0.0108512 0.0480151 
0.350303 0.010905 0.0744311 0.520659 0.014141 0.0084002 0.0211606 
0.597431 0.0078444 0.194488 0.143683 0.00565319 0.00848995 0.0424099 
0.644708 0.00961485 0.0914717 0.12524 0.00622907 0.00568915 0.117047 
0.571688 0.0104893 0.0963937 0.156526 0.00769452 0.00761568 0.149593 
0.586832 0.00923261 0.0913775 0.182734 0.00830099 0.00634214 0.115181 
0.62447 0.00849918 0.0974417 0.124048 0.00889976 0.00593066 0.130711 
0.666173 0.00799085 0.0910899 0.0964569 0.00953766 0.00544057 0.123312 
0.613367 0.00871642 0.0945822 0.143815 0.0109442 0.00589719 0.122679 
0.587731 0.00946332 0.0968766 0.169157 0.00862964 0.00685325 0.121289 
0.572908 0.00901091 0.101664 0.177212 0.00789818 0.00689595 0.124411 
0.583432 0.00877947 0.0970224 0.162115 0.00821157 0.0070254 0.133414 
0.588612 0.00890932 0.0992379 0.141809 0.00747631 0.0067542 0.1472 
0.599381 0.0088957 0.089566 0.172472 0.00869726 0.006387 0.114601 
0.63991 0.00904201 0.0816381 0.164285 0.00864559 0.00536806 0.0911117 
0.640741 0.00936141 0.0768205 0.174929 0.00823411 0.00473655 0.0851776 
0.602836 0.00816684 0.0932667 0.164255 0.00887614 0.00557603 0.117023 
0.600608 0.00902659 0.0920169 0.168195 0.0072613 0.00541149 0.11748 
