0.632546 0.031822 0.0194109 0.26129 0.0333207 0.00223498 0.0193751 
0.593109 0.0209459 0.0198108 0.329074 0.0194939 0.00177365 0.0157926 
0.712106 0.0260231 0.0239441 0.191861 0.0191946 0.00179343 0.025078 
0.720989 0.0206696 0.0341209 0.171086 0.00770568 0.00138963 0.0440392 
0.69658 0.0238687 0.031935 0.193732 0.0114096 0.00166239 0.0408124 
0.678477 0.0191857 0.0370532 0.195118 0.00887926 0.00143991 0.0598468 
0.586871 0.0147838 0.0433088 0.259722 0.00764919 0.0013733 0.086292 
0.626663 0.0147002 0.0468159 0.242481 0.00587699 0.00146551 0.061998 
0.486955 0.0127485 0.0337569 0.41488 0.00658622 0.0014322 0.043641 
0.545852 0.0135229 0.0262729 0.368404 0.0109172 0.00149948 0.0335317 
0.477973 0.0162147 0.030752 0.437229 0.0066694 0.0014862 0.0296758 
0.465851 0.0153497 0.0287653 0.458218 0.00610933 9.63495E-4 0.0247432 
0.458847 0.0162707 0.0209477 0.472865 0.00785338 0.00130671 0.0219095 
0.618781 0.0162485 0.0234072 0.308939 0.0115648 0.00125673 0.0198033 
0.669508 0.0180988 0.0268965 0.240044 0.0102381 0.00129982 0.0339149 
0.716653 0.0239595 0.0242779 0.185645 0.0162206 0.00152937 0.0317144 
0.697915 0.0282126 0.0221753 0.210902 0.0157048 0.00160889 0.023482 
0.757959 0.0353444 0.0208174 0.150413 0.0160308 0.00188825 0.0175471 
0.705881 0.0448448 0.0208959 0.188805 0.0145367 0.0021654 0.0228709 
0.741479 0.0387801 0.0186901 0.157291 0.0164608 0.00181222 0.0254871 
0.772534 0.0446799 0.0254232 0.109812 0.00851186 0.00225956 0.0367796 
0.648744 0.0344446 0.027939 0.239836 0.00751638 0.00156441 0.0399551 
0.573036 0.0337294 0.018482 0.331551 0.0202452 0.00146281 0.021494 
0.687728 0.0402321 0.0216768 0.201766 0.0193243 0.00155226 0.0277205 
0.741228 0.0450662 0.0225226 0.13478 0.0176793 0.00211965 0.0366034 
0.732527 0.0451773 0.0225443 0.145158 0.0213421 0.0024685 0.0307827 
0.726369 0.0313342 0.0207409 0.172312 0.021446 0.00156469 0.0262332 
0.708706 0.0352887 0.0260403 0.192318 0.0106931 0.00120756 0.0257464 
0.754129 0.0461409 0.0224743 0.131965 0.0126816 0.00229192 0.0303165 
0.736659 0.0417517 0.021322 0.152494 0.0202845 0.00228263 0.0252062 
0.574049 0.0186318 0.0172312 0.354879 0.0150222 0.00102171 0.0191647 
0.621422 0.0213741 0.0231673 0.286361 0.0127533 0.00181604 0.033106 
0.58393 0.0234909 0.0211333 0.339788 0.0103037 0.00178677 0.0195668 
0.677563 0.0219755 0.0281332 0.213211 0.015165 0.00183301 0.04212 
0.673807 0.0220599 0.02975 0.230287 0.00895348 0.00171857 0.033424 
0.634404 0.0167918 0.0306932 0.255666 0.0146792 0.00219406 0.0455717 
0.653753 0.0159963 0.035294 0.24238 0.00952983 0.00119546 0.0418514 
0.587934 0.0175053 0.0328156 0.301617 0.0151288 0.00139051 0.0436086 
0.55671 0.0155567 0.0299911 0.343091 0.0142656 0.00134656 0.0390384 
0.541029 0.0132822 0.025701 0.372809 0.0158057 0.00129308 0.03008 
0.529025 0.0106759 0.0277933 0.391351 0.0138824 9.95004E-4 0.026278 
0.502361 0.0145598 0.0220567 0.420665 0.0141303 0.00120287 0.025025 
0.580667 0.0205813 0.0237911 0.336661 0.00965045 0.00178232 0.0268668 
0.597419 0.0168867 0.0261303 0.331333 0.00907252 0.00116696 0.0179922 
0.660508 0.0196068 0.0260192 0.260485 0.0100902 0.00147559 0.021815 
0.574049 0.0186318 0.0172312 0.354879 0.0150222 0.00102171 0.0191647 
0.621422 0.0213741 0.0231673 0.286361 0.0127533 0.00181604 0.033106 
0.58393 0.0234909 0.0211333 0.339788 0.0103037 0.00178677 0.0195668 
0.677563 0.0219755 0.0281332 0.213211 0.015165 0.00183301 0.04212 
0.673807 0.0220599 0.02975 0.230287 0.00895348 0.00171857 0.033424 
0.634404 0.0167918 0.0306932 0.255666 0.0146792 0.00219406 0.0455717 
0.653753 0.0159963 0.035294 0.24238 0.00952983 0.00119546 0.0418514 
0.587934 0.0175053 0.0328156 0.301617 0.0151288 0.00139051 0.0436086 
0.55671 0.0155567 0.0299911 0.343091 0.0142656 0.00134656 0.0390384 
0.541029 0.0132822 0.025701 0.372809 0.0158057 0.00129308 0.03008 
0.529025 0.0106759 0.0277933 0.391351 0.0138824 9.95004E-4 0.026278 
0.502361 0.0145598 0.0220567 0.420665 0.0141303 0.00120287 0.025025 
0.580667 0.0205813 0.0237911 0.336661 0.00965045 0.00178232 0.0268668 
0.597419 0.0168867 0.0261303 0.331333 0.00907252 0.00116696 0.0179922 
0.660508 0.0196068 0.0260192 0.260485 0.0100902 0.00147559 0.021815 
0.492532 0.0122233 0.0194153 0.437338 0.0192033 0.00143046 0.0178585 
0.46528 0.0214001 0.0151814 0.471905 0.0150442 0.00139876 0.00979083 
0.458328 0.0169761 0.0151604 0.472727 0.0234627 0.00162513 0.0117203 
0.432856 0.0154466 0.0131783 0.508513 0.0186818 0.00151596 0.00980905 
0.395079 0.0139166 0.0125794 0.551092 0.0172041 0.00130662 0.00882212 
0.394167 0.0197267 0.0109431 0.537057 0.0270029 0.00194571 0.00915681 
0.433394 0.0165213 0.0123434 0.50997 0.0174651 0.00143987 0.00886566 
0.413219 0.0201663 0.0113435 0.525636 0.0215664 0.00169239 0.0063756 
0.537437 0.0241495 0.0162993 0.39616 0.0137545 0.00149638 0.0107031 
0.45965 0.0219902 0.0135372 0.451771 0.0401916 0.00233634 0.0105242 
0.552571 0.0204565 0.0137521 0.379132 0.0231335 0.00187635 0.00907854 
0.375602 0.0141108 0.0118841 0.569508 0.0195596 0.00141125 0.00792383 
0.483295 0.0109947 0.0163689 0.457095 0.0199992 0.00117439 0.0110733 
0.428748 0.0125968 0.0147732 0.51469 0.0173556 0.00125662 0.0105802 
0.278083 0.0125992 0.010252 0.673914 0.0159149 0.00133334 0.0079039 
0.574049 0.0186318 0.0172312 0.354879 0.0150222 0.00102171 0.0191647 
0.621422 0.0213741 0.0231673 0.286361 0.0127533 0.00181604 0.033106 
0.58393 0.0234909 0.0211333 0.339788 0.0103037 0.00178677 0.0195668 
0.677563 0.0219755 0.0281332 0.213211 0.015165 0.00183301 0.04212 
0.673807 0.0220599 0.02975 0.230287 0.00895348 0.00171857 0.033424 
0.634404 0.0167918 0.0306932 0.255666 0.0146792 0.00219406 0.0455717 
0.653753 0.0159963 0.035294 0.24238 0.00952983 0.00119546 0.0418514 
0.587934 0.0175053 0.0328156 0.301617 0.0151288 0.00139051 0.0436086 
0.55671 0.0155567 0.0299911 0.343091 0.0142656 0.00134656 0.0390384 
0.541029 0.0132822 0.025701 0.372809 0.0158057 0.00129308 0.03008 
0.529025 0.0106759 0.0277933 0.391351 0.0138824 9.95004E-4 0.026278 
0.502361 0.0145598 0.0220567 0.420665 0.0141303 0.00120287 0.025025 
0.580667 0.0205813 0.0237911 0.336661 0.00965045 0.00178232 0.0268668 
0.597419 0.0168867 0.0261303 0.331333 0.00907252 0.00116696 0.0179922 
0.660508 0.0196068 0.0260192 0.260485 0.0100902 0.00147559 0.021815 
0.479474 0.0230901 0.0237385 0.448895 0.00961789 0.0014189 0.0137656 
0.439483 0.0289376 0.0208271 0.480784 0.012201 0.00196042 0.0158066 
0.501411 0.0217149 0.0282308 0.42303 0.0066454 0.00145126 0.0175167 
0.545312 0.023939 0.0294446 0.369822 0.0103175 0.00206354 0.0191009 
0.524505 0.017794 0.037848 0.37937 0.00684011 0.00173892 0.0319036 
0.530388 0.0201197 0.0252354 0.384439 0.0167388 0.0020309 0.0210478 
0.461089 0.0192633 0.0186253 0.471422 0.0161583 0.00153255 0.0119093 
0.435273 0.0144677 0.0178705 0.498686 0.0181625 0.00172526 0.0138148 
0.412029 0.0152617 0.0177006 0.5244 0.014673 0.00194575 0.01399 
0.625211 0.0222725 0.0274255 0.287232 0.0120986 0.00199392 0.0237664 
0.425401 0.0210476 0.02375 0.491227 0.00975812 0.00213131 0.0266856 
0.61022 0.0208348 0.0238807 0.2932 0.0232152 0.00228679 0.0263625 
0.679729 0.0258432 0.0288568 0.211066 0.020356 0.00295267 0.0311963 
0.619412 0.0225671 0.0212791 0.286595 0.0285932 0.0024775 0.0190763 
0.573775 0.0267576 0.0205291 0.338004 0.0196944 0.00256698 0.018673 
0.612906 0.0240706 0.0272258 0.293887 0.0156336 0.0021132 0.0241639 
0.557246 0.0196663 0.0242021 0.368019 0.0118678 0.0016885 0.0173103 
0.522889 0.0138091 0.0232766 0.402228 0.0207118 0.001821 0.0152645 
0.537984 0.0174926 0.0203167 0.390197 0.0184717 0.00151364 0.0140236 
0.55623 0.0220673 0.0196455 0.37315 0.0153843 0.00137264 0.0121499 
0.598253 0.0250084 0.0203526 0.314215 0.026384 0.00150309 0.0142832 
0.608145 0.021392 0.0254981 0.305026 0.0196883 0.00161524 0.0186355 
0.568167 0.0211402 0.0316268 0.342268 0.0100438 0.00202991 0.0247249 
0.536653 0.019303 0.0223625 0.385858 0.0167429 0.0018413 0.0172395 
0.442751 0.0189002 0.0201861 0.491539 0.0116597 0.00149896 0.0134646 
0.571071 0.028515 0.0198878 0.343013 0.0240419 0.00181205 0.0116596 
0.435911 0.0182636 0.018553 0.506343 0.0107679 0.00137351 0.00878832 
0.472301 0.0221836 0.0167785 0.460041 0.0170408 0.00166742 0.00998706 
0.403057 0.022275 0.0173727 0.520959 0.0213949 0.00226358 0.0126778 
0.424715 0.0166488 0.0167907 0.516346 0.014005 0.0015355 0.00995902 
0.574049 0.0186318 0.0172312 0.354879 0.0150222 0.00102171 0.0191647 
0.621422 0.0213741 0.0231673 0.286361 0.0127533 0.00181604 0.033106 
0.58393 0.0234909 0.0211333 0.339788 0.0103037 0.00178677 0.0195668 
0.677563 0.0219755 0.0281332 0.213211 0.015165 0.00183301 0.04212 
0.673807 0.0220599 0.02975 0.230287 0.00895348 0.00171857 0.033424 
0.634404 0.0167918 0.0306932 0.255666 0.0146792 0.00219406 0.0455717 
0.653753 0.0159963 0.035294 0.24238 0.00952983 0.00119546 0.0418514 
0.587934 0.0175053 0.0328156 0.301617 0.0151288 0.00139051 0.0436086 
0.55671 0.0155567 0.0299911 0.343091 0.0142656 0.00134656 0.0390384 
0.541029 0.0132822 0.025701 0.372809 0.0158057 0.00129308 0.03008 
0.529025 0.0106759 0.0277933 0.391351 0.0138824 9.95004E-4 0.026278 
0.502361 0.0145598 0.0220567 0.420665 0.0141303 0.00120287 0.025025 
0.580667 0.0205813 0.0237911 0.336661 0.00965045 0.00178232 0.0268668 
0.597419 0.0168867 0.0261303 0.331333 0.00907252 0.00116696 0.0179922 
0.660508 0.0196068 0.0260192 0.260485 0.0100902 0.00147559 0.021815 
0.275307 0.020236 0.0121434 0.531688 0.144454 0.00313023 0.0130406 
0.353406 0.0138517 0.0182886 0.576823 0.0215346 0.00144317 0.0146537 
0.516418 0.0193642 0.0233605 0.392171 0.0245309 0.00183296 0.0223222 
0.619853 0.0202178 0.0294487 0.284662 0.015797 0.00221971 0.0278015 
0.373407 0.0180993 0.0168408 0.552909 0.0219341 0.0017385 0.0150712 
0.40458 0.0140232 0.0186325 0.504408 0.0407637 0.00213985 0.0154534 
0.430315 0.0190601 0.0176983 0.475432 0.0400235 0.00234873 0.0151218 
0.299084 0.0135153 0.0151439 0.620025 0.0383603 0.00208235 0.0117886 
0.446788 0.0126441 0.0207266 0.467525 0.0334486 0.00200405 0.016863 
0.352574 0.0175749 0.0177173 0.574067 0.0200452 0.00246388 0.0155572 
0.358927 0.0143982 0.0185787 0.568779 0.0229457 0.00216106 0.0142105 
0.444343 0.0261586 0.0186978 0.457254 0.035248 0.00352876 0.0147694 
0.470521 0.0281231 0.0218222 0.439519 0.0172769 0.00290882 0.0198292 
0.531641 0.033333 0.0228915 0.361141 0.0262223 0.00306566 0.0217047 
0.572041 0.0159239 0.0250508 0.344378 0.0201967 0.00190446 0.0205045 
0.574049 0.0186318 0.0172312 0.354879 0.0150222 0.00102171 0.0191647 
0.621422 0.0213741 0.0231673 0.286361 0.0127533 0.00181604 0.033106 
0.58393 0.0234909 0.0211333 0.339788 0.0103037 0.00178677 0.0195668 
0.677563 0.0219755 0.0281332 0.213211 0.015165 0.00183301 0.04212 
0.673807 0.0220599 0.02975 0.230287 0.00895348 0.00171857 0.033424 
0.634404 0.0167918 0.0306932 0.255666 0.0146792 0.00219406 0.0455717 
0.653753 0.0159963 0.035294 0.24238 0.00952983 0.00119546 0.0418514 
0.587934 0.0175053 0.0328156 0.301617 0.0151288 0.00139051 0.0436086 
0.55671 0.0155567 0.0299911 0.343091 0.0142656 0.00134656 0.0390384 
0.541029 0.0132822 0.025701 0.372809 0.0158057 0.00129308 0.03008 
0.529025 0.0106759 0.0277933 0.391351 0.0138824 9.95004E-4 0.026278 
0.502361 0.0145598 0.0220567 0.420665 0.0141303 0.00120287 0.025025 
0.580667 0.0205813 0.0237911 0.336661 0.00965045 0.00178232 0.0268668 
0.597419 0.0168867 0.0261303 0.331333 0.00907252 0.00116696 0.0179922 
0.660508 0.0196068 0.0260192 0.260485 0.0100902 0.00147559 0.021815 
0.853126 0.015275 0.0340818 0.0624005 0.0110575 0.00226356 0.0217957 
0.836402 0.0192808 0.0297361 0.0765672 0.0119793 0.0041138 0.0219211 
0.832278 0.0216359 0.0260649 0.0893418 0.0125189 0.00317013 0.0149908 
0.839446 0.0181399 0.0294154 0.0815341 0.0111278 0.00332063 0.0170165 
0.843988 0.0184704 0.033305 0.0550341 0.0149572 0.00335879 0.0308867 
0.820631 0.0182654 0.0373379 0.0873249 0.00962264 0.00255525 0.0242627 
0.862284 0.0124026 0.0474189 0.0371534 0.00681909 0.00190299 0.0320191 
0.843869 0.0132459 0.0481816 0.0551982 0.00383562 0.00227763 0.0333925 
0.860232 0.0151526 0.0385252 0.0468085 0.00543279 0.00274042 0.0311086 
0.798296 0.0141939 0.0428651 0.0994866 0.00853616 0.00215575 0.0344662 
0.785165 0.0128277 0.0469517 0.0846792 0.0108889 0.00284987 0.0566372 
0.817991 0.0137291 0.0444174 0.0474263 0.0182997 0.00365821 0.0544786 
0.789056 0.0150516 0.0474837 0.0732621 0.020427 0.00341361 0.0513065 
0.768208 0.0172196 0.0376776 0.127928 0.0121698 0.00183352 0.0349633 
0.788338 0.0162077 0.0404335 0.107682 0.0141708 0.00206504 0.0311031 
0.794014 0.0171047 0.0372579 0.10593 0.0118706 0.00235156 0.031471 
0.786215 0.0308263 0.0337604 0.0919102 0.0234252 0.00274992 0.0311127 
0.735918 0.012691 0.0293045 0.137573 0.0583287 0.0018982 0.0242867 
0.756677 0.0078188 0.053817 0.132875 0.0137012 0.0031068 0.0320046 
0.738162 0.0112288 0.039431 0.16119 0.0133869 0.00276342 0.0338376 
0.704835 0.0110991 0.0331955 0.189281 0.0252888 0.00452188 0.0317785 
0.770811 0.0119668 0.0306868 0.139422 0.0222703 0.00293527 0.0219075 
0.730608 0.0159079 0.027066 0.0990513 0.0831895 0.00548081 0.0386964 
0.708941 0.0185212 0.0219628 0.0826195 0.130636 0.00386135 0.033458 
0.674742 0.0234403 0.0231782 0.140314 0.0962176 0.00299315 0.0391144 
0.787192 0.0266216 0.0288953 0.078806 0.0324556 0.00298741 0.0430417 
0.80177 0.0257999 0.0345986 0.0537175 0.0245481 0.00363806 0.0559275 
0.798223 0.0292344 0.0368344 0.0482162 0.0135699 0.00313096 0.0707912 
0.74621 0.0251906 0.0362373 0.104912 0.0163264 0.0022138 0.0689101 
0.771842 0.015087 0.0394576 0.0481906 0.0182024 0.00271189 0.104508 
0.765946 0.015087 0.0354983 0.0915781 0.0209353 0.00228649 0.068669 
0.828776 0.0135879 0.0290751 0.0568428 0.0287317 0.00266084 0.0403257 
0.789631 0.0139645 0.025526 0.106507 0.0266721 0.00242859 0.0352713 
0.676919 0.0187138 0.0186468 0.222581 0.0451315 0.00248871 0.0155195 
0.75949 0.0120861 0.0290197 0.139664 0.0300919 0.00237403 0.027274 
0.787791 0.0174444 0.0304382 0.0987486 0.0351275 0.00242772 0.0280224 
0.774873 0.0249482 0.0237923 0.121136 0.0349811 0.00260892 0.0176601 
0.792948 0.0236409 0.0303557 0.102822 0.0176483 0.00273092 0.0298544 
0.766592 0.0163201 0.0518451 0.0742397 0.00421211 0.00360891 0.083182 
0.788261 0.0164432 0.0468577 0.0672344 0.0100001 0.00186723 0.0693369 
0.742326 0.0206712 0.0350704 0.123496 0.0115825 0.00228577 0.0645678 
0.780757 0.0233601 0.0297184 0.0917782 0.0262878 0.00297903 0.0451191 
0.72964 0.02109 0.0335574 0.127324 0.0188471 0.00353583 0.0660053 
0.764838 0.0238837 0.0314236 0.0850945 0.0311902 0.00623383 0.0573361 
0.73731 0.0174648 0.0428164 0.0754541 0.0219472 0.0049305 0.100077 
0.709358 0.0171004 0.0537934 0.0553225 0.0207755 0.00424146 0.139409 
0.748799 0.0201636 0.0363854 0.0682983 0.0234962 0.00467911 0.0981782 
0.745748 0.0221082 0.041006 0.0646752 0.0130683 0.00362413 0.109771 
0.73029 0.0201353 0.0447588 0.0456242 0.0145662 0.00375437 0.140871 
0.731151 0.0189447 0.0490201 0.03665 0.00917161 0.00386506 0.151198 
0.79679 0.0215629 0.0614064 0.023619 0.00738018 0.0066792 0.0825619 
0.650386 0.0229656 0.115925 0.108841 0.00388688 0.0534767 0.0445185 
0.718028 0.0179832 0.103575 0.116876 0.00485817 0.0112062 0.0274741 
0.790838 0.0204085 0.0693338 0.0717024 0.0182543 0.00521554 0.0242471 
0.777026 0.0187493 0.076304 0.0653848 0.0231467 0.00933011 0.0300588 
0.777578 0.01355 0.0781742 0.0764089 0.0219215 0.00595498 0.026412 
0.796116 0.0140878 0.0723856 0.0703311 0.0153014 0.00492688 0.0268513 
0.804145 0.0109743 0.0805367 0.0448233 0.011551 0.00437958 0.0435904 
0.805133 0.0128013 0.0763634 0.0561197 0.00937664 0.00394165 0.0362639 
0.759743 0.0126698 0.0896965 0.0913826 0.00864014 0.00309426 0.0347735 
0.784863 0.0165136 0.0922765 0.0504664 0.00986554 0.00473756 0.0412778 
0.800539 0.0162304 0.0970169 0.0315273 0.00634691 0.00610689 0.0422325 
0.825749 0.0219406 0.0842369 0.0184941 0.00907848 0.00711722 0.0333834 
0.807874 0.0165625 0.100918 0.0153655 0.00887802 0.010624 0.0397777 
0.786512 0.0150502 0.105687 0.0262948 0.0167003 0.00746069 0.0422951 
0.803954 0.0133857 0.0939256 0.029808 0.0163387 0.00777526 0.0348126 
0.783367 0.0120246 0.0798911 0.0641498 0.0186833 0.00759124 0.034293 
0.810489 0.0110901 0.0766692 0.0517787 0.0136618 0.00692762 0.0293831 
0.780988 0.0159389 0.0616345 0.0762076 0.0334515 0.00731407 0.0244654 
0.765943 0.013822 0.10594 0.0439252 0.0327829 0.00574449 0.0318423 
0.766487 0.00941127 0.101664 0.0626424 0.0235899 0.00479116 0.0314143 
0.782687 0.0133155 0.117353 0.0255061 0.0181364 0.0051205 0.0378817 
0.772144 0.0181054 0.121919 0.0283585 0.0138127 0.00469183 0.0409685 
0.781611 0.0141322 0.119286 0.0269305 0.00840179 0.00429075 0.0453471 
0.784763 0.0164903 0.0912213 0.0577735 0.00896281 0.0040159 0.0367737 
0.74111 0.0128445 0.117459 0.0702199 0.00556371 0.00375108 0.0490523 
0.711736 0.0184117 0.0837031 0.138034 0.0111761 0.00388252 0.0330567 
0.717961 0.0161273 0.0887877 0.131893 0.0100934 0.00373316 0.031405 
0.78121 0.018602 0.0874539 0.0662448 0.0108681 0.00495416 0.0306675 
0.787024 0.0167798 0.0782089 0.0618929 0.0136515 0.00509857 0.0373443 
0.765377 0.0141624 0.08273 0.0865991 0.0117795 0.00463579 0.0347166 
0.788147 0.0209382 0.092714 0.0570996 0.00996842 0.00605798 0.0250751 
0.739994 0.0141531 0.128035 0.0642621 0.0138359 0.00868425 0.0310355 
0.732448 0.012934 0.112701 0.0861554 0.0191011 0.00668929 0.0299713 
0.753338 0.0119981 0.112956 0.0631215 0.0203328 0.00579137 0.0324617 
0.708808 0.0135139 0.12939 0.0825364 0.0144331 0.00801008 0.0433085 
0.697037 0.0131843 0.147268 0.0645566 0.0224003 0.00695155 0.0486028 
0.731361 0.0140406 0.149978 0.0285303 0.0120868 0.00673289 0.0572705 
0.721659 0.00885502 0.165357 0.0322348 0.00974436 0.00457297 0.0575769 
0.738911 0.0150197 0.124212 0.0376135 0.0175743 0.00682005 0.0598497 
0.73313 0.0103529 0.131998 0.0362646 0.0110086 0.00639976 0.0708466 
0.764314 0.0113049 0.116982 0.0345616 0.013308 0.0072678 0.0522625 
0.68964 0.0142556 0.144715 0.0627753 0.0221121 0.00656216 0.0599394 
0.751085 0.019019 0.106919 0.0294801 0.0284535 0.0108561 0.0541874 
0.719566 0.0153481 0.123492 0.0585376 0.0134764 0.00625622 0.0633231 
0.725436 0.0132802 0.125626 0.0550297 0.0194913 0.00603052 0.0551063 
0.747139 0.01284 0.115665 0.037868 0.0108676 0.00544571 0.0701749 
0.704629 0.0145748 0.150123 0.0450351 0.0135551 0.00681402 0.0652693 
0.7491 0.0138892 0.117109 0.0465012 0.0152512 0.0078682 0.050281 
0.763342 0.0133314 0.118824 0.0486539 0.0126379 0.00675896 0.0364519 
0.773914 0.0187717 0.118503 0.0255769 0.0154163 0.00713747 0.040681 
0.809562 0.0186212 0.0897896 0.0344181 0.0103429 0.00465448 0.0326121 
0.813144 0.0127992 0.0992009 0.0185607 0.0058037 0.00370176 0.0467897 
0.778312 0.0113803 0.102545 0.038888 0.0234314 0.0039257 0.0415174 
0.787732 0.0215568 0.0777299 0.0510307 0.0277389 0.00430212 0.0299098 
0.791426 0.0276249 0.0708996 0.0522961 0.0237739 0.00453346 0.0294461 
0.794742 0.0197796 0.075465 0.0527631 0.0220027 0.00342266 0.0318252 
0.753366 0.0231252 0.0745773 0.0611749 0.0479348 0.00515099 0.0346708 
0.807471 0.0190114 0.0525168 0.0537759 0.0375266 0.00536363 0.0243345 
0.795842 0.0196654 0.0486077 0.0632803 0.0430751 0.00517395 0.0243553 
0.803673 0.025524 0.0573915 0.0556794 0.0303119 0.00530074 0.0221195 
0.789329 0.0276336 0.0550655 0.0679822 0.0333561 0.00531687 0.0213169 
0.769376 0.017503 0.0641348 0.044308 0.0706183 0.00548924 0.028571 
0.726429 0.0261206 0.0644461 0.04717 0.0956152 0.0116698 0.0285493 
0.784274 0.0224853 0.0572479 0.0569836 0.0401412 0.00866381 0.0302044 
0.807948 0.0128423 0.0728172 0.0423348 0.0146904 0.0093798 0.039988 
0.771857 0.0144174 0.100652 0.0378928 0.0102462 0.00904777 0.0558872 
0.76352 0.0107346 0.0850242 0.0574122 0.0219415 0.0111848 0.050183 
0.778819 0.0117118 0.0749364 0.0443759 0.0117787 0.0123118 0.0660668 
0.762657 0.0105418 0.0808804 0.0578579 0.0181883 0.00754208 0.0623325 
0.768988 0.00950098 0.0748247 0.0860977 0.00965218 0.00668529 0.0442514 
0.803576 0.0117468 0.0757904 0.0516815 0.0128515 0.00616264 0.0381909 
0.79982 0.0149121 0.0668578 0.060958 0.0208221 0.00558592 0.0310442 
0.828509 0.0139701 0.0658219 0.0346818 0.0207238 0.0052339 0.0310596 
0.855225 0.01382 0.0590385 0.0204869 0.00970287 0.00550269 0.0362241 
0.813101 0.0168219 0.0607615 0.0304005 0.0178453 0.0123412 0.0487287 
0.790359 0.0163285 0.0645216 0.0503958 0.0141131 0.00781164 0.0564701 
0.809987 0.0150547 0.0592536 0.040679 0.0109356 0.00580057 0.0582896 
0.807883 0.0124538 0.0567818 0.0469244 0.006694 0.00411099 0.065152 
0.806892 0.0138015 0.0634674 0.0433602 0.0108818 0.00324891 0.0583479 
0.829249 0.0139929 0.0407449 0.0416949 0.0207026 0.00363241 0.049983 
0.806129 0.014693 0.0421959 0.0806498 0.0093604 0.00328407 0.0436881 
0.784589 0.0158988 0.0438849 0.0850969 0.00708232 0.0043467 0.059101 
0.864787 0.0157746 0.036798 0.0354929 0.00499593 0.00439585 0.0377555 
0.791385 0.0177489 0.0272285 0.129058 0.0068049 0.00438095 0.0233934 
0.805149 0.0131282 0.0407069 0.0979698 0.00536413 0.00336092 0.0343212 
0.793711 0.010321 0.0431165 0.101486 0.00572387 0.00315988 0.0424823 
0.778175 0.0105605 0.0395693 0.115531 0.00962748 0.00288673 0.0436492 
0.747973 0.0085653 0.0359725 0.155266 0.0152209 0.00320312 0.0337987 
0.701817 0.0162475 0.028952 0.205661 0.0113621 0.00332631 0.0326338 
0.763692 0.0124609 0.0270593 0.144318 0.0112429 0.00413751 0.0370892 
0.811042 0.0131759 0.0325204 0.102536 0.00911233 0.00311309 0.0284997 
0.85973 0.0126136 0.0348555 0.0292812 0.00327363 0.00499001 0.0552557 
0.828449 0.0117086 0.0405763 0.0418095 0.00588297 0.0053785 0.066195 
0.734632 0.0145199 0.0371508 0.14623 0.00913812 0.00567798 0.0526518 
0.829505 0.0131266 0.0271918 0.0795992 0.0127887 0.00512866 0.03266 
0.824311 0.0182112 0.0229113 0.0712326 0.0264421 0.00715327 0.0297389 
0.815093 0.0133301 0.0334644 0.0737013 0.0147354 0.00804373 0.0416324 
0.815919 0.00855412 0.0438023 0.0671199 0.0116583 0.00504997 0.0478965 
0.800443 0.0102972 0.0406955 0.08437 0.00890996 0.00541474 0.0498692 
0.79792 0.00866965 0.039937 0.100983 0.0164042 0.00427647 0.0318102 
0.825764 0.00829007 0.0458813 0.0488871 0.0100988 0.00347009 0.0576085 
0.795295 0.00762187 0.0459957 0.0622014 0.0180022 0.00333228 0.0675514 
0.739858 0.00994231 0.0468752 0.033349 0.019003 0.00434591 0.146627 
0.766546 0.00918499 0.0527415 0.0203456 0.0106273 0.00433905 0.136215 
0.762471 0.00844533 0.041705 0.100499 0.0123139 0.00579673 0.0687692 
0.802775 0.0116314 0.0419585 0.0710361 0.0118002 0.00453672 0.0562622 
0.737045 0.0117634 0.0450203 0.116712 0.0108191 0.00383839 0.0748009 
0.78402 0.00930923 0.0552625 0.0658964 0.00769145 0.003501 0.0743197 
0.818931 0.0166021 0.0346553 0.0606194 0.0116888 0.00420231 0.0533006 
0.828476 0.0133804 0.0382899 0.0423198 0.00586068 0.00408156 0.0675915 
0.836029 0.0126095 0.0379922 0.0315801 0.00995129 0.00479145 0.0670463 
0.816811 0.0107801 0.0398126 0.0465572 0.0226188 0.00352976 0.0598908 
0.812247 0.0102388 0.0440338 0.042876 0.0209669 0.00354764 0.0660895 
0.805353 0.0136601 0.0307194 0.0528982 0.0253941 0.00581209 0.0661635 
0.820953 0.0172851 0.0292619 0.0530992 0.0201081 0.00687896 0.052414 
0.798291 0.0179035 0.0337656 0.0304154 0.041498 0.00853768 0.0695892 
0.8008 0.0146947 0.038667 0.0352428 0.0253212 0.00836176 0.0769124 
0.838278 0.00942711 0.0436727 0.0272623 0.0148639 0.00502015 0.0614762 
0.78693 0.00758154 0.0562418 0.0609882 0.00628615 0.00436048 0.0776119 
0.769359 0.0106073 0.0502888 0.120218 0.00452336 0.00452429 0.0404795 
0.762129 0.0116115 0.0543389 0.102634 0.00407479 0.00522958 0.0599819 
0.800082 0.0146012 0.0414556 0.0894722 0.00986987 0.00488974 0.039629 
0.698883 0.00974054 0.0539293 0.143993 0.0175223 0.00555415 0.0703779 
0.72777 0.00841639 0.0620623 0.0656528 0.0122119 0.00521148 0.118676 
0.809852 0.00998732 0.0590809 0.010757 0.00425515 0.00516842 0.100899 
0.801736 0.0110228 0.0684149 0.0401655 0.00524566 0.00532307 0.0680925 
0.814865 0.01412 0.05853 0.0430112 0.0042121 0.00567167 0.0595903 
0.811351 0.0154352 0.038894 0.0869462 0.00846162 0.00582635 0.0330852 
0.782128 0.0161198 0.036822 0.103305 0.00970628 0.00624758 0.0456721 
0.760107 0.0148428 0.0465062 0.109472 0.0100101 0.00620778 0.0528541 
0.813347 0.0117729 0.0498552 0.060791 0.00469715 0.00479104 0.0547462 
0.804596 0.0120409 0.0364765 0.100811 0.01049 0.00403095 0.0315547 
0.791196 0.00995162 0.0653062 0.0592157 0.00330437 0.00497057 0.0660553 
0.764616 0.00903778 0.0736917 0.055975 0.00568896 0.0055999 0.0853902 
0.810427 0.0102812 0.0579199 0.06135 0.00591705 0.00429509 0.0498095 
0.802443 0.00872541 0.0569571 0.067027 0.00612365 0.00307272 0.0556509 
0.750561 0.0151754 0.0395386 0.137567 0.0112007 0.00667291 0.0392838 
0.739945 0.0125431 0.0520973 0.105362 0.00834526 0.00509875 0.0766089 
0.815879 0.0127 0.0409099 0.0708907 0.0069285 0.00541938 0.047273 
0.798249 0.0170249 0.0519571 0.055468 0.00752335 0.00623762 0.0635397 
0.776661 0.0135278 0.0409529 0.118579 0.0121164 0.00440858 0.0337549 
0.798279 0.0119021 0.0450022 0.0885209 0.0120054 0.00432186 0.0399684 
0.713978 0.011873 0.04493 0.162196 0.0141755 0.00346648 0.0493809 
0.76475 0.0125172 0.0406648 0.124465 0.0108819 0.00272895 0.0439924 
0.745187 0.013044 0.037233 0.150084 0.0128115 0.00361986 0.03802 
0.76038 0.0200013 0.0376974 0.120206 0.0125075 0.00392985 0.0452779 
0.814618 0.0158492 0.0433068 0.0580189 0.0112256 0.00419255 0.0527888 
0.830617 0.0219558 0.0356013 0.0469024 0.0121528 0.00525228 0.0475186 
0.83108 0.018516 0.0290542 0.0731001 0.0107559 0.00343871 0.034055 
0.80871 0.0163399 0.0360069 0.0708975 0.0102444 0.00306255 0.0547386 
0.854062 0.019564 0.0373872 0.0227582 0.0106703 0.00384197 0.0517168 
0.769245 0.0137987 0.0428936 0.0835407 0.0203589 0.00417527 0.0659882 
0.751012 0.0141466 0.0361725 0.139255 0.0135649 0.00355386 0.0422955 
0.736421 0.0173091 0.0291218 0.170467 0.0193477 0.00439706 0.0229368 
0.737752 0.0177264 0.0264933 0.183082 0.0145988 0.00244276 0.0179053 
0.755369 0.0111323 0.0350357 0.1474 0.0164971 0.00323856 0.0313274 
0.750009 0.0126346 0.0446165 0.148275 0.0082531 0.00366193 0.0325491 
0.786145 0.0100864 0.040396 0.107672 0.0127565 0.00382893 0.0391149 
0.731518 0.0100764 0.0552895 0.131232 0.00919877 0.00332224 0.0593632 
0.690492 0.0094656 0.0685781 0.153081 0.00582879 0.00268458 0.06987 
0.651568 0.011945 0.0588847 0.181141 0.00666902 0.00390596 0.0858858 
0.755151 0.00860885 0.056019 0.113157 0.00685157 0.0022801 0.0579324 
0.77032 0.00942888 0.059172 0.106647 0.00677821 0.00234162 0.0453126 
0.726892 0.0101663 0.0424795 0.18165 0.00833062 0.00253557 0.027946 
0.6191 0.00995041 0.0360951 0.292959 0.0115539 0.00246134 0.0278803 
0.794193 0.00931243 0.0588561 0.0743098 0.00622266 0.00247109 0.0546348 
0.789625 0.0113577 0.0577579 0.0978503 0.00413753 0.00218862 0.0370827 
0.832479 0.0116782 0.0532786 0.0626834 0.00455826 0.00237078 0.0329514 
0.719429 0.0108847 0.0551209 0.117764 0.00747234 0.00358987 0.0857389 
0.694615 0.0103335 0.0480974 0.181359 0.0128682 0.00327734 0.0494493 
0.688478 0.0135766 0.0494027 0.192814 0.00423492 0.00340433 0.0480897 
0.76132 0.0177524 0.0378026 0.145445 0.00415872 0.00409637 0.0294253 
0.642492 0.0204565 0.0289243 0.274698 0.00918757 0.00459786 0.0196431 
0.733996 0.0161272 0.0449979 0.168862 0.0045819 0.00322792 0.0282069 
0.765672 0.0169036 0.0312034 0.152898 0.00881907 0.00482967 0.0196738 
0.679579 0.0123779 0.0388246 0.240625 0.00909404 0.00212674 0.0173727 
0.721823 0.0104108 0.054115 0.171251 0.00815408 0.00295444 0.0312914 
0.693726 0.0111571 0.0463193 0.201003 0.0107462 0.00321862 0.0338306 
0.726396 0.0146965 0.0461133 0.172795 0.00944051 0.00374025 0.0268189 
0.703531 0.010004 0.0496075 0.202407 0.00647692 0.00343513 0.0245383 
0.635619 0.0107838 0.0440267 0.272608 0.00679786 0.00452969 0.0256351 
0.719356 0.0122744 0.0464655 0.183741 0.00500219 0.00423694 0.0289238 
0.643705 0.0100151 0.0409663 0.267619 0.012123 0.0028172 0.0227545 
0.789697 0.018964 0.0267742 0.127543 0.0188769 0.00438656 0.0137581 
0.737426 0.0107602 0.0305643 0.183917 0.017978 0.00412507 0.0152294 
0.817747 0.0164668 0.0348541 0.0940709 0.00647035 0.00502619 0.0253648 
0.767616 0.0140657 0.045205 0.128154 0.00544728 0.00572996 0.0337819 
0.806714 0.014352 0.0424903 0.0943306 0.0058018 0.00509361 0.0312172 
0.773507 0.0173452 0.0297574 0.146142 0.00804253 0.00547738 0.0197292 
0.732885 0.0153571 0.0316021 0.182607 0.0104146 0.00425166 0.0228823 
0.803671 0.0234558 0.0313825 0.106227 0.00996281 0.00421154 0.0210891 
0.815956 0.0215856 0.0310746 0.0979688 0.013376 0.0037628 0.0162765 
0.790145 0.0171741 0.0302799 0.129508 0.0105578 0.00425642 0.018079 
0.773404 0.0213656 0.0245745 0.146834 0.00888769 0.00501779 0.0199164 
0.679237 0.0138389 0.0276643 0.243653 0.00947709 0.0059847 0.0201442 
0.772828 0.0204553 0.0258668 0.143841 0.0103399 0.00370508 0.0229636 
0.775464 0.0169835 0.0269348 0.141695 0.0161446 0.00268347 0.0200939 
0.86299 0.0131719 0.0392613 0.0355967 0.00406869 0.00283569 0.0420757 
0.815656 0.0108248 0.0594374 0.0266165 0.00413259 0.00374454 0.0795879 
0.8544 0.0102054 0.0598354 0.00896421 0.00174788 0.00232556 0.0625213 
0.805699 0.00870296 0.0741349 0.0168236 0.00214033 0.00209177 0.0904076 
0.80208 0.0096114 0.0583976 0.0131984 0.00215957 0.00623089 0.108322 
0.863331 0.0339348 0.0267754 0.0201855 0.00860444 0.0069117 0.0402571 
0.824425 0.0314708 0.0211435 0.0762209 0.0174843 0.00611507 0.0231401 
0.819061 0.0215581 0.018386 0.0933156 0.0269528 0.00454835 0.0161779 
0.791727 0.0208223 0.0289549 0.0706848 0.0364243 0.0189491 0.0324375 
0.791095 0.0215348 0.0594554 0.0700107 0.0147527 0.0290208 0.0141306 
0.738562 0.0146119 0.0767437 0.0979891 0.0417353 0.01641 0.013948 
0.697965 0.0178975 0.0588922 0.130976 0.0595796 0.0194651 0.0152251 
0.619595 0.00904985 0.110096 0.209909 0.0145066 0.0171135 0.0197305 
0.612444 0.00947606 0.125305 0.187173 0.0152217 0.0186833 0.0316971 
0.7338 0.0127325 0.113688 0.0847508 0.00609377 0.0135008 0.0354333 
0.766715 0.0107634 0.127045 0.0469292 0.00343848 0.0117945 0.033314 
0.752285 0.00831782 0.107696 0.0495872 0.00557193 0.00970034 0.0668416 
0.819395 0.00780649 0.0641531 0.0554446 0.00311743 0.00510109 0.0449825 
0.816592 0.00959847 0.054737 0.078518 0.00438349 0.00481365 0.0313577 
0.818459 0.0102425 0.0539754 0.0765653 0.0030448 0.00540089 0.0323117 
0.705897 0.010096 0.045185 0.173101 0.00652882 0.00765304 0.0515392 
0.574049 0.0186318 0.0172312 0.354879 0.0150222 0.00102171 0.0191647 
0.621422 0.0213741 0.0231673 0.286361 0.0127533 0.00181604 0.033106 
0.58393 0.0234909 0.0211333 0.339788 0.0103037 0.00178677 0.0195668 
0.677563 0.0219755 0.0281332 0.213211 0.015165 0.00183301 0.04212 
0.673807 0.0220599 0.02975 0.230287 0.00895348 0.00171857 0.033424 
0.634404 0.0167918 0.0306932 0.255666 0.0146792 0.00219406 0.0455717 
0.653753 0.0159963 0.035294 0.24238 0.00952983 0.00119546 0.0418514 
0.587934 0.0175053 0.0328156 0.301617 0.0151288 0.00139051 0.0436086 
0.55671 0.0155567 0.0299911 0.343091 0.0142656 0.00134656 0.0390384 
0.541029 0.0132822 0.025701 0.372809 0.0158057 0.00129308 0.03008 
0.529025 0.0106759 0.0277933 0.391351 0.0138824 9.95004E-4 0.026278 
0.502361 0.0145598 0.0220567 0.420665 0.0141303 0.00120287 0.025025 
0.580667 0.0205813 0.0237911 0.336661 0.00965045 0.00178232 0.0268668 
0.597419 0.0168867 0.0261303 0.331333 0.00907252 0.00116696 0.0179922 
0.660508 0.0196068 0.0260192 0.260485 0.0100902 0.00147559 0.021815 
0.763285 0.0159712 0.022767 0.155399 0.0202072 0.00322889 0.0191424 
0.695875 0.0193908 0.021351 0.232226 0.0154061 0.00333039 0.0124211 
0.698509 0.0201578 0.0197734 0.224193 0.0179861 0.00429404 0.0150876 
0.774754 0.0247866 0.0196737 0.135051 0.0305586 0.00364693 0.0115288 
0.519657 0.0112948 0.0218946 0.398805 0.0306557 0.00372934 0.0139627 
0.697952 0.0136108 0.0231604 0.221332 0.0276539 0.00257054 0.0137205 
0.724636 0.0200876 0.0199021 0.201239 0.0199461 0.0032672 0.0109216 
0.687346 0.0219949 0.0188094 0.212181 0.0403414 0.00516343 0.0141638 
0.708693 0.0206804 0.0199306 0.214311 0.0220686 0.0030018 0.0113143 
0.715969 0.0211255 0.0215333 0.20029 0.0229045 0.00331571 0.0148624 
0.66717 0.0256247 0.0184913 0.216035 0.0484096 0.00548518 0.0187841 
0.725151 0.0239189 0.0221217 0.183134 0.0242105 0.00362146 0.0178424 
0.736891 0.0228379 0.0191454 0.166524 0.0343113 0.00338242 0.0169076 
0.612512 0.0216129 0.0146416 0.287811 0.0463733 0.00374043 0.0133085 
0.687845 0.0178389 0.0247885 0.201785 0.0416604 0.0037023 0.0223806 
