0.865577 0.031344 0.0142323 0.0381847 0.0191724 0.00274566 0.0287435 
0.849296 0.0409065 0.0186317 0.0228354 0.0151768 0.0078211 0.0453325 
0.856403 0.0291714 0.0175493 0.0386006 0.0156868 0.00392873 0.0386601 
0.888249 0.031817 0.0196359 0.0308263 0.00680456 0.00286814 0.0197992 
0.892566 0.0128046 0.0566666 0.00300097 0.0012226 0.00771541 0.0260234 
0.871259 0.00856731 0.0671329 0.0131003 0.00136059 0.0100214 0.0285585 
0.861426 0.00884356 0.0554707 0.0393803 0.00393235 0.00812482 0.0228225 
0.680866 0.00782663 0.0813865 0.187441 0.00406021 0.00806492 0.0303544 
0.767849 0.00839576 0.0774155 0.0807494 0.00627927 0.0112519 0.0480594 
0.890028 0.0141551 0.0409646 0.0151758 0.00449185 0.0129424 0.022242 
0.855319 0.020355 0.0302558 0.0575907 0.00750684 0.0114227 0.0175502 
0.874409 0.0250418 0.0312447 0.0396904 0.00625526 0.00952114 0.0138381 
0.797503 0.0264996 0.0249945 0.119985 0.00618806 0.0148121 0.0100179 
0.835409 0.0176365 0.0319894 0.0902008 0.00508634 0.00846018 0.0112175 
0.862887 0.0282248 0.0234756 0.0582375 0.0101924 0.0073691 0.00961319 
0.85781 0.0258362 0.0191146 0.0540852 0.0273592 0.0046629 0.0111318 
0.828322 0.0256782 0.0173646 0.100369 0.0144988 0.00338055 0.010387 
0.793374 0.0454158 0.0141364 0.110679 0.0224962 0.00349276 0.0104061 
0.807538 0.0406411 0.0142151 0.105235 0.0173711 0.00242627 0.0125738 
0.80936 0.0323683 0.0136501 0.11826 0.0100686 0.00249003 0.0138034 
0.80915 0.0442764 0.013156 0.10738 0.00849229 0.00327642 0.0142694 
0.668745 0.0412885 0.0115163 0.247426 0.01138 0.00673574 0.0129078 
0.724764 0.0252954 0.0133763 0.214876 0.00896129 0.00436581 0.00836127 
0.843579 0.0116499 0.0409162 0.0724069 0.00172382 0.00998825 0.0197358 
0.891551 0.00998218 0.0351946 0.0389917 0.00295725 0.00489879 0.0164249 
0.893265 0.0156075 0.0471954 0.00904278 0.002926 0.004328 0.0276349 
0.872842 0.00654295 0.07018 0.0142689 8.51689E-4 0.00767343 0.0276406 
0.839278 0.00949682 0.0586406 0.0579277 0.00124373 0.00935918 0.0240539 
0.895396 0.0177721 0.0397621 0.0229887 0.0035927 0.00492338 0.0155652 
0.72259 0.0506436 0.0110489 0.188969 0.0139503 0.00141198 0.0113867 
0.57976 0.0542597 0.00906902 0.309656 0.0375971 0.0013915 0.00826677 
0.522911 0.0531165 0.00945419 0.384905 0.0201898 0.00142189 0.00800144 
0.740283 0.0473632 0.00972932 0.174047 0.0203777 0.00128736 0.00691269 
0.687346 0.0659931 0.00905369 0.194617 0.033193 0.00165694 0.00814072 
0.738657 0.0911745 0.0103775 0.128347 0.0182705 0.00175839 0.0114154 
0.710466 0.0573265 0.00914943 0.174457 0.0371608 0.00204077 0.00939942 
0.668659 0.0793211 0.00983168 0.199489 0.0304421 0.00183857 0.0104188 
0.694201 0.0566223 0.00925376 0.202747 0.0275871 0.00145035 0.00813875 
0.664179 0.0750397 0.00923631 0.206982 0.0336946 0.00176779 0.00910063 
0.596106 0.0428836 0.00927939 0.270413 0.0681062 0.00210116 0.011111 
0.762186 0.045647 0.0100075 0.104444 0.0605707 0.0021085 0.0150367 
0.758345 0.0865851 0.00951487 0.09788 0.0339534 0.0020607 0.0116606 
0.674348 0.0803379 0.00956032 0.188156 0.035776 0.00159305 0.0102296 
0.759218 0.0932344 0.0103203 0.106727 0.0201705 0.00164308 0.00868622 
0.737642 0.0642702 0.00998862 0.1542 0.0228621 0.00183988 0.00919711 
0.724356 0.0469052 0.00900645 0.165276 0.044261 0.00159358 0.00860157 
0.770008 0.0559485 0.00942989 0.12288 0.0295091 0.00169153 0.0105331 
0.739459 0.0905423 0.00898447 0.118965 0.0295649 0.00208334 0.0104009 
0.74528 0.137327 0.00978692 0.0762474 0.018369 0.00220437 0.0107859 
0.709303 0.130836 0.00958035 0.10192 0.0338744 0.00218941 0.012296 
0.718211 0.100821 0.00967632 0.127123 0.0326687 0.00189212 0.00960842 
0.726163 0.071556 0.0103553 0.137943 0.0410988 0.00202088 0.0108631 
0.740811 0.0640788 0.00976827 0.134246 0.037384 0.00202103 0.0116903 
0.717702 0.0891732 0.0106856 0.145226 0.0249541 0.00183839 0.0104214 
0.781561 0.0833666 0.0103084 0.0794144 0.0316259 0.00257126 0.0111526 
0.666876 0.0704172 0.0107047 0.224783 0.0171565 0.00145836 0.00860497 
0.706482 0.0463136 0.00989575 0.209898 0.0185774 0.00143266 0.00739988 
0.540848 0.0689404 0.0105131 0.359874 0.0116136 0.00124108 0.00696976 
0.690173 0.0667552 0.0114868 0.20924 0.0138867 0.00128236 0.0071754 
0.715245 0.0837167 0.0116225 0.168072 0.0110763 0.00163002 0.00863759 
0.743481 0.0851667 0.0111147 0.138154 0.0124773 0.00140366 0.00820312 
0.710321 0.0872148 0.0117572 0.170205 0.00995587 0.00160718 0.00893864 
0.759226 0.0579796 0.010526 0.146081 0.0154056 0.00157487 0.0092066 
0.789258 0.0618861 0.0102055 0.110416 0.0179914 0.00151642 0.00872655 
0.759051 0.070578 0.0115587 0.129231 0.0178386 0.00171924 0.0100238 
0.747833 0.10323 0.0106366 0.098459 0.0260596 0.00217512 0.0116069 
0.849343 0.0573336 0.011768 0.0276278 0.0325148 0.00317359 0.0182394 
0.789691 0.085511 0.010213 0.0796512 0.0205921 0.00265199 0.0116894 
0.759248 0.0654256 0.0103287 0.124852 0.0278517 0.00180449 0.0104898 
0.833555 0.0438195 0.00969588 0.0776433 0.0251453 0.00169671 0.00844432 
0.783808 0.10568 0.0123957 0.0516997 0.0210617 0.00353902 0.0218163 
0.840699 0.0687815 0.0230733 0.0170149 0.00499558 0.00245974 0.0429755 
0.884959 0.0360637 0.0147883 0.0410407 0.00745081 0.00163688 0.0140604 
0.752192 0.045663 0.0124664 0.145466 0.0257479 0.0024683 0.0159957 
0.844276 0.0472608 0.0112314 0.05459 0.026564 0.00256462 0.0135136 
0.789518 0.0618731 0.0129999 0.0985116 0.0231244 0.00199455 0.0119786 
0.841429 0.0733038 0.0146006 0.051454 0.00610766 0.00173493 0.0113702 
0.721531 0.109863 0.0125691 0.134864 0.0122586 0.00165015 0.00726442 
0.382888 0.0213225 0.00673939 0.563523 0.0208717 8.09938E-4 0.00384529 
0.649375 0.0884237 0.0114798 0.231805 0.0103259 0.00136922 0.00722149 
0.812799 0.052576 0.0117428 0.0873624 0.0230904 0.00145279 0.0109766 
0.831379 0.0442329 0.0155836 0.0896245 0.0083566 0.00123859 0.00958459 
0.799189 0.0800119 0.0171116 0.0857773 0.0063118 0.0014639 0.0101349 
0.277816 0.0322655 0.00663377 0.650202 0.0261827 0.0013653 0.0055348 
0.379469 0.037608 0.0113735 0.560161 0.00633781 5.8338E-4 0.00446736 
0.564619 0.0768214 0.0147938 0.326602 0.00846957 9.19504E-4 0.00777486 
0.571691 0.0635796 0.0136085 0.334085 0.00676838 0.00125057 0.00901666 
0.492735 0.084136 0.0132136 0.39222 0.00820412 0.00113824 0.00835299 
0.204765 0.056713 0.0103074 0.703336 0.0122676 0.00314742 0.00946371 
0.562262 0.0364041 0.0119966 0.36544 0.0141667 0.001266 0.00846465 
0.745867 0.0469203 0.0144337 0.177336 0.00709544 9.65286E-4 0.00738262 
0.56558 0.0622362 0.0102059 0.343187 0.0110896 0.00134224 0.00635924 
0.589886 0.034421 0.011741 0.349028 0.00741501 7.95853E-4 0.00671339 
0.707864 0.108704 0.0111708 0.132776 0.0208049 0.00201349 0.0166665 
0.709183 0.120147 0.0115692 0.116858 0.0236231 0.00294017 0.0156787 
0.794304 0.0418963 0.0135704 0.131727 0.00768875 0.0015344 0.00927913 
0.687146 0.0454006 0.0143651 0.23606 0.00512167 0.00147743 0.0104296 
0.569127 0.0498533 0.0111068 0.34753 0.0122585 0.00101772 0.00910711 
0.227395 0.0491198 0.0085946 0.703491 0.00632648 8.41265E-4 0.00423175 
0.612349 0.0779874 0.0120219 0.279427 0.00822012 0.00141003 0.00858417 
0.57072 0.0784852 0.0112943 0.308263 0.0179098 0.00180898 0.0115186 
0.62803 0.0751273 0.0125135 0.267413 0.00747817 0.00116557 0.00827293 
0.600121 0.0613622 0.0134554 0.310688 0.005656 0.00127059 0.00744654 
0.534814 0.107269 0.011051 0.313223 0.0224978 0.00153538 0.00960961 
0.763582 0.0511203 0.0110187 0.13565 0.0240033 0.00169716 0.0129289 
0.777623 0.0476376 0.0103288 0.109431 0.0362404 0.00239932 0.0163393 
0.814183 0.0598884 0.0113461 0.0856423 0.0138724 0.00201418 0.013054 
0.770314 0.0485303 0.0101938 0.139533 0.0205596 0.00134295 0.00952662 
0.732405 0.0636964 0.0113344 0.170398 0.010971 0.00137965 0.00981567 
0.710789 0.049518 0.0100979 0.206548 0.0134389 0.00130598 0.00830255 
0.726207 0.0650502 0.0100893 0.169102 0.0175328 0.00165356 0.010365 
0.730874 0.074653 0.0116893 0.158387 0.0115269 0.00170954 0.0111606 
0.694555 0.0681442 0.0104955 0.196014 0.0197029 0.00189565 0.00919195 
0.757588 0.0615698 0.0104809 0.142449 0.016155 0.00210647 0.00965002 
0.642787 0.0582715 0.010754 0.251031 0.0249573 0.00162563 0.0105735 
0.674615 0.0492358 0.00982687 0.203841 0.0493554 0.00244627 0.0106792 
0.46937 0.0637608 0.0101051 0.42623 0.020406 0.00189081 0.00823771 
0.573574 0.0737083 0.0104174 0.300066 0.0299374 0.00247973 0.00981696 
0.698771 0.0663327 0.0115262 0.194902 0.0166766 0.00132409 0.0104671 
0.722794 0.047325 0.0104335 0.177013 0.0291655 0.0018864 0.0113822 
0.674304 0.0543827 0.010569 0.232478 0.0184452 0.00168235 0.00813868 
0.736397 0.0526572 0.0105084 0.164998 0.0232318 0.00194346 0.0102637 
0.708305 0.0737096 0.0116526 0.173548 0.0202473 0.00203978 0.0104976 
0.687157 0.0620539 0.00969224 0.184174 0.0437182 0.00237768 0.0108274 
0.620355 0.0393966 0.00956563 0.292303 0.0287512 0.00125317 0.00837572 
0.600585 0.079167 0.0098712 0.270688 0.0276676 0.00179013 0.0102315 
0.720201 0.0475473 0.00894275 0.18769 0.0241964 0.0018094 0.00961326 
0.485821 0.072007 0.00927422 0.398928 0.0216066 0.00234507 0.0100175 
0.584988 0.0453325 0.00817093 0.327772 0.0229621 0.00134049 0.00943408 
0.48123 0.0574926 0.00893901 0.427637 0.0160215 9.43782E-4 0.00773604 
0.561815 0.0687655 0.0106172 0.33324 0.0134065 0.00141309 0.0107422 
0.575687 0.0659487 0.00963728 0.319793 0.0177341 0.00137879 0.00982143 
0.642275 0.0674159 0.00891016 0.243251 0.0230022 0.00110065 0.0140448 
0.701871 0.0794537 0.0107516 0.175772 0.0148463 0.0013638 0.0159421 
0.621079 0.0721175 0.0101267 0.272115 0.0136432 0.00117218 0.00974637 
0.678896 0.0745536 0.0110009 0.212732 0.010832 0.00107958 0.0109059 
0.62232 0.0734914 0.00990443 0.253614 0.0267203 0.00145848 0.0124914 
0.574829 0.067725 0.00964053 0.31545 0.0207442 0.00125882 0.0103528 
0.494855 0.059413 0.0093516 0.409699 0.0173947 0.0011969 0.00808988 
0.606117 0.0711939 0.010341 0.290576 0.0111955 9.20501E-4 0.00965632 
0.590651 0.0865828 0.0100233 0.28373 0.0164505 0.0014846 0.0110781 
0.542337 0.0730544 0.00945266 0.350075 0.0133461 0.00121583 0.0105193 
0.557497 0.0615317 0.00952794 0.344692 0.0150316 0.00125039 0.0104693 
0.641301 0.0845909 0.010627 0.233224 0.0162237 0.00164381 0.0123893 
0.734483 0.0528263 0.00889013 0.171202 0.0211716 0.00121692 0.0102097 
0.659952 0.080589 0.0115795 0.228747 0.00775546 0.00118033 0.0101972 
0.640345 0.0694772 0.0114818 0.255234 0.00851089 0.0011685 0.013783 
0.748512 0.0519251 0.0102825 0.155691 0.0190017 0.00114996 0.0134376 
0.699841 0.0748808 0.0097348 0.172888 0.026809 0.00144916 0.0143965 
0.618546 0.0815889 0.0109075 0.257274 0.0194871 0.00142558 0.0107712 
0.572611 0.106025 0.00963359 0.280354 0.0196743 0.00153299 0.0101693 
0.660977 0.0885516 0.0108921 0.216156 0.0117714 0.00130632 0.0103458 
0.709237 0.065183 0.00882211 0.173543 0.0314146 0.00147226 0.0103275 
0.758926 0.078307 0.010243 0.124402 0.0179008 0.00140533 0.00881619 
0.713724 0.0579015 0.0104047 0.191634 0.0147644 0.00114791 0.0104235 
0.705848 0.103783 0.0102475 0.137153 0.0272329 0.00194537 0.0137903 
0.680169 0.0565838 0.00909767 0.225531 0.0193474 0.00119948 0.008071 
0.608843 0.0536558 0.00950628 0.30314 0.0146958 0.00120837 0.00895 
0.70962 0.0719856 0.0104881 0.18348 0.0100662 0.00220254 0.0121573 
0.696649 0.0505551 0.0102434 0.216478 0.0126398 0.00146303 0.011972 
0.755206 0.0531438 0.0117087 0.156398 0.00757714 0.00185413 0.0141129 
0.763092 0.0475498 0.0102244 0.153032 0.0117921 0.00135289 0.012956 
0.737851 0.0467188 0.00986855 0.18092 0.0127676 0.0018487 0.0100255 
0.697472 0.0541165 0.00981327 0.218135 0.0108931 0.00152657 0.00804347 
0.751882 0.0778046 0.0106557 0.134222 0.012936 0.00170272 0.0107971 
0.683871 0.0482987 0.0095659 0.226761 0.0218891 0.0012832 0.0083317 
0.76908 0.0403477 0.0136159 0.14476 0.0216885 0.00259893 0.0079089 
0.863812 0.0300107 0.018898 0.0621242 0.0123218 0.0058892 0.00694412 
0.679141 0.0327066 0.0194993 0.254599 0.00510449 0.00301244 0.00593626 
0.672805 0.0257131 0.0189524 0.271449 0.0046512 0.00181835 0.00461104 
0.635104 0.0429301 0.0133397 0.282386 0.0179132 0.00162824 0.00669859 
0.202846 0.0417271 0.0067618 0.700584 0.0409545 0.00162021 0.00550651 
0.208809 0.0714305 0.00902943 0.669249 0.0299059 0.00275592 0.00882055 
0.436651 0.0524345 0.00750765 0.466114 0.0279843 0.00141115 0.00789705 
0.412048 0.0875174 0.00860457 0.450977 0.0302556 0.00172837 0.0088681 
0.357325 0.0914162 0.00720164 0.503842 0.0312335 0.0016058 0.00737598 
0.400898 0.0844582 0.00852917 0.470444 0.0256357 0.00162044 0.0084146 
0.524551 0.0829057 0.00843329 0.345867 0.0267778 0.00144352 0.0100212 
0.462739 0.0893729 0.00927101 0.410546 0.016629 0.00136788 0.0100745 
0.315508 0.0820771 0.007443 0.566935 0.0199737 0.00143931 0.00662312 
0.175479 0.050917 0.00522396 0.741458 0.020602 0.0011553 0.00516407 
0.383505 0.0839806 0.00929786 0.503563 0.0107265 0.00123646 0.00769067 
0.461401 0.0693852 0.00812941 0.427684 0.0229297 0.00134804 0.0091224 
0.391886 0.105222 0.00894246 0.470136 0.0135366 0.00116141 0.00911578 
0.48472 0.0677838 0.00840446 0.397403 0.0297145 0.00151234 0.0104616 
0.348666 0.0805645 0.0103215 0.543876 0.0071942 0.00106069 0.00831722 
0.549792 0.0987445 0.0092916 0.316151 0.0130644 0.00138226 0.0115745 
0.69697 0.131168 0.00934951 0.130746 0.0143247 0.00175011 0.0156921 
0.445209 0.0992628 0.007408 0.416232 0.0224492 0.00129831 0.0081409 
0.528692 0.169375 0.00885649 0.268388 0.0139533 0.00159806 0.00913678 
0.620929 0.177264 0.0086123 0.167076 0.0139438 0.00237792 0.00979696 
0.409529 0.172433 0.00860232 0.375563 0.0227863 0.00246553 0.00861986 
0.477002 0.198204 0.009548 0.288659 0.0138036 0.00284845 0.00993495 
0.448917 0.156656 0.0096049 0.358524 0.0144064 0.00219536 0.0096959 
0.520305 0.159257 0.00856876 0.265302 0.032433 0.00253434 0.0116004 
0.610691 0.151388 0.00895172 0.180322 0.0319605 0.00249405 0.014192 
0.580673 0.165724 0.00968336 0.20226 0.0234774 0.00313078 0.0150513 
0.575108 0.227302 0.00929153 0.150851 0.0192109 0.00265884 0.0155779 
0.470236 0.247232 0.0102322 0.236919 0.0178498 0.00337688 0.0141544 
0.397616 0.205967 0.010561 0.355897 0.0154844 0.00342851 0.0110468 
0.474081 0.123649 0.00938436 0.358972 0.0187399 0.00356302 0.0116115 
0.696204 0.141399 0.0086036 0.111141 0.021226 0.00403934 0.017387 
0.684087 0.153586 0.0117709 0.11534 0.0103757 0.00454943 0.0202903 
0.703136 0.125991 0.00908621 0.132478 0.00912109 0.00233034 0.0178565 
0.499849 0.0801587 0.0109333 0.391174 0.00483882 0.00159208 0.0114536 
0.602135 0.106754 0.0118126 0.25898 0.0058605 0.00175513 0.012702 
0.526236 0.0932151 0.0109014 0.353791 0.00583369 0.00125278 0.00876932 
0.456387 0.130532 0.0120398 0.381003 0.00606161 0.00232899 0.0116478 
0.434677 0.137527 0.0112674 0.399832 0.00598421 0.00217726 0.0085357 
0.331553 0.14616 0.0124353 0.492484 0.00626568 0.00244967 0.00865291 
0.436272 0.0831236 0.00726265 0.449926 0.016354 0.00118594 0.00587568 
0.443309 0.0793881 0.00735886 0.441884 0.0204098 0.00122289 0.00642748 
0.47486 0.156314 0.00914979 0.342966 0.00795708 0.0015181 0.00723517 
0.406712 0.105675 0.0079078 0.456029 0.0154919 0.00134145 0.00684218 
0.511178 0.147886 0.00937982 0.312085 0.00863838 0.00167314 0.00915996 
0.417709 0.103517 0.00731681 0.428901 0.032066 0.00192867 0.00856065 
0.469449 0.0687783 0.00697113 0.423093 0.0232664 0.00116083 0.00728099 
0.394749 0.0921123 0.0083903 0.488468 0.00877404 9.50749E-4 0.00655484 
0.323731 0.106324 0.00894473 0.543614 0.00865542 0.00137156 0.00735985 
0.236056 0.0583242 0.00589647 0.682501 0.0113643 7.92198E-4 0.00506597 
0.335384 0.0677421 0.00729285 0.572381 0.0107637 9.63046E-4 0.00547307 
0.393774 0.0794544 0.00780874 0.495398 0.0151483 0.00108547 0.00733131 
0.422771 0.0968609 0.0104911 0.457569 0.00478918 0.00105668 0.00646158 
0.555076 0.163041 0.0117032 0.247135 0.00911299 0.00264275 0.0112886 
0.53837 0.109186 0.00942488 0.32198 0.0104042 0.00122234 0.00941191 
0.447431 0.11191 0.00923965 0.413845 0.00772764 0.00123641 0.00861036 
0.305524 0.0824756 0.00959317 0.587762 0.00506917 0.00143395 0.00814171 
0.511982 0.0792813 0.00904347 0.372912 0.0152656 0.00179246 0.00972306 
0.370064 0.0679145 0.00845234 0.537742 0.00776565 0.00110969 0.0069528 
0.503146 0.175762 0.0137813 0.281913 0.00687862 0.0036203 0.0148984 
0.686237 0.16734 0.0103773 0.105776 0.00987937 0.0037582 0.0166321 
0.664967 0.0941708 0.00997094 0.196084 0.0195971 0.00211679 0.0130927 
0.507379 0.0848109 0.00948441 0.378797 0.0107326 0.0012215 0.00757446 
0.601252 0.0774898 0.009103 0.281623 0.0204404 0.0015978 0.0084935 
0.636481 0.139086 0.00877541 0.188304 0.0158604 0.00211376 0.00937834 
0.569755 0.124659 0.010803 0.276274 0.00843375 0.00166827 0.0084076 
0.414619 0.0958642 0.0110723 0.461018 0.00703276 0.00159676 0.00879706 
0.461096 0.108076 0.00870978 0.392722 0.0192042 0.00177451 0.00841749 
0.428075 0.122534 0.00892503 0.406363 0.0220472 0.00209967 0.0099566 
0.442236 0.0713846 0.0075414 0.440051 0.0301616 0.00161311 0.00701296 
0.556892 0.124502 0.00972683 0.277067 0.0187605 0.00234879 0.0107036 
0.703062 0.0958892 0.010706 0.16425 0.010697 0.001885 0.0135107 
0.610545 0.133732 0.0124564 0.222855 0.00594501 0.00180026 0.0126667 
0.645525 0.156822 0.0104739 0.159342 0.012025 0.00304468 0.0127681 
0.684898 0.147185 0.0108066 0.1327 0.00968218 0.00298417 0.0117442 
0.727566 0.113049 0.00919794 0.116668 0.0195187 0.002173 0.0118268 
0.619681 0.138456 0.011022 0.210884 0.00691309 0.00261848 0.0104252 
0.606202 0.122962 0.00979005 0.236183 0.0117079 0.00202623 0.0111292 
0.629217 0.18549 0.00852013 0.143726 0.0190357 0.0025854 0.0114255 
0.576428 0.11872 0.00873723 0.261985 0.023579 0.00261273 0.00793808 
0.616632 0.133079 0.010211 0.216648 0.0116866 0.00182063 0.00992261 
0.606596 0.141302 0.0105499 0.215637 0.0134177 0.00229384 0.0102028 
0.625202 0.0799015 0.00895931 0.224736 0.0470533 0.00263001 0.0115173 
0.564781 0.123295 0.0102492 0.26219 0.025914 0.00214801 0.0114222 
0.646221 0.107056 0.00898594 0.203884 0.0237584 0.00164128 0.00845298 
0.597128 0.148378 0.0105708 0.201005 0.0269888 0.0024736 0.0134558 
0.529519 0.15311 0.0111661 0.274807 0.0179917 0.00224394 0.0111617 
0.507383 0.111028 0.00912197 0.328758 0.0302904 0.00230251 0.0111155 
0.612821 0.116623 0.00832981 0.222673 0.0267665 0.00193478 0.0108514 
0.401728 0.14284 0.0108614 0.425886 0.00820783 0.00184892 0.00862717 
0.555121 0.142722 0.00818778 0.256889 0.0236188 0.00181233 0.0116486 
0.575395 0.101543 0.00842757 0.298492 0.00858592 0.00101715 0.0065395 
0.485603 0.0881608 0.00799493 0.388475 0.0220297 0.00164686 0.00608984 
0.424795 0.108356 0.00876278 0.436905 0.0128845 0.00163857 0.00665825 
0.571551 0.0974923 0.00834366 0.288289 0.0247564 0.00154441 0.00802345 
0.517443 0.139965 0.0100759 0.307918 0.0130669 0.00184426 0.00968685 
0.355579 0.123896 0.00990696 0.483688 0.016652 0.00234704 0.00793125 
0.365347 0.101048 0.00838523 0.503641 0.0138319 0.00129981 0.00644707 
0.503436 0.119943 0.00930951 0.339717 0.0178864 0.00160128 0.00810705 
0.477298 0.116791 0.00897702 0.371272 0.0172069 0.00153423 0.00692092 
0.553952 0.132578 0.00905321 0.276104 0.0201844 0.00142637 0.00670287 
0.734435 0.0486185 0.0153682 0.142346 0.0421981 0.00834935 0.00868512 
0.719401 0.0615338 0.0151315 0.148729 0.0346549 0.0109158 0.00963439 
0.54016 0.0643916 0.0149405 0.320102 0.0380179 0.0120185 0.0103697 
0.673299 0.0858007 0.0147385 0.146345 0.0582232 0.00654771 0.0150458 
0.643765 0.10214 0.0130863 0.151383 0.0627616 0.010996 0.0158689 
0.654516 0.141142 0.0142626 0.115149 0.0476092 0.00999655 0.0173241 
0.7223 0.112638 0.0152564 0.104671 0.0167608 0.00882637 0.0195479 
0.771139 0.0570274 0.0150565 0.105981 0.0251209 0.00561043 0.0200651 
0.727086 0.0909962 0.0142185 0.117459 0.0265674 0.00548796 0.0181847 
0.599337 0.091422 0.0128227 0.251846 0.0228189 0.00570035 0.0160531 
0.563439 0.0656801 0.00973662 0.282581 0.0584211 0.00325687 0.0168856 
0.685496 0.0914463 0.0101548 0.0860842 0.0963987 0.00613421 0.024286 
0.671632 0.120645 0.00963856 0.10655 0.0636355 0.00658089 0.0213185 
0.705187 0.0935301 0.0116471 0.113952 0.0518437 0.00469271 0.0191478 
0.123388 0.468174 0.0131167 0.20686 0.133196 0.0375606 0.0177042 
0.152036 0.214071 0.013068 0.303473 0.28329 0.0180637 0.0159982 
0.215948 0.182606 0.00630717 0.216958 0.358484 0.0106579 0.00903866 
0.14679 0.139799 0.00598875 0.280821 0.40893 0.0087639 0.0089078 
0.170607 0.233377 0.00545179 0.206619 0.364199 0.0104667 0.00927996 
0.129294 0.11264 0.00548493 0.185635 0.550401 0.00842759 0.00811773 
0.20482 0.196285 0.00775058 0.179262 0.389356 0.010349 0.0121778 
0.218913 0.161514 0.00736311 0.190059 0.399451 0.00945261 0.0132471 
0.201861 0.181433 0.00769063 0.240383 0.346452 0.00986 0.0123201 
0.190303 0.352602 0.00930623 0.272943 0.15036 0.0102616 0.0142233 
0.334022 0.149654 0.00879317 0.3362 0.147185 0.00750317 0.0166429 
0.300896 0.113634 0.0064875 0.397844 0.166741 0.00491703 0.0094807 
0.327207 0.198102 0.00638604 0.293977 0.15783 0.00615436 0.0103437 
0.291564 0.112808 0.00560884 0.216325 0.357389 0.0069023 0.00940299 
0.317588 0.153135 0.00663301 0.25628 0.249144 0.00787431 0.00934596 
0.323458 0.212612 0.00674327 0.339497 0.102972 0.00518343 0.00953433 
0.37237 0.234972 0.00474057 0.27732 0.0982007 0.00416111 0.00823525 
0.330237 0.164244 0.00789301 0.263485 0.21409 0.00809185 0.0119582 
0.388403 0.210667 0.00552918 0.264641 0.11715 0.00500512 0.00860522 
0.407886 0.246655 0.00592961 0.191869 0.131454 0.00598456 0.0102216 
0.388345 0.300651 0.00508888 0.219266 0.0738546 0.00438027 0.00841472 
0.528884 0.290898 0.00474067 0.123499 0.0393485 0.00403115 0.00859901 
0.587314 0.175774 0.00655829 0.196119 0.0235026 0.0028337 0.0078973 
0.526473 0.118501 0.00826006 0.329515 0.0092434 0.00232781 0.00567986 
0.528542 0.135463 0.00625239 0.280706 0.0376816 0.00335743 0.00799743 
0.740475 0.141397 0.00649328 0.0827974 0.0155985 0.00475362 0.00848472 
0.615079 0.159346 0.00612717 0.177999 0.0288752 0.00445889 0.00811556 
0.626545 0.194454 0.00522174 0.126862 0.0334157 0.00484267 0.00865887 
0.63779 0.173672 0.00607826 0.144999 0.0247349 0.0046264 0.00809897 
0.68075 0.134739 0.00525493 0.101562 0.0625596 0.00462602 0.0105085 
0.607414 0.239428 0.00464367 0.0544049 0.0764429 0.00552 0.0121471 
0.68421 0.152419 0.00614742 0.0770413 0.0627806 0.00501066 0.0123909 
0.775453 0.125834 0.00795513 0.0497339 0.0252588 0.00474138 0.0110241 
0.650678 0.133829 0.00613594 0.123321 0.0722491 0.00459601 0.00919057 
0.606744 0.185709 0.00594556 0.115199 0.0709132 0.00458798 0.0109012 
0.548938 0.196762 0.00617186 0.209102 0.0289771 0.00316472 0.00688416 
0.668263 0.155857 0.00694864 0.128785 0.0292976 0.0028578 0.00799093 
0.723033 0.0634436 0.00788122 0.179201 0.018245 0.00237545 0.00582128 
0.814156 0.0524259 0.0113414 0.107101 0.00569097 0.00218825 0.00709688 
0.800068 0.0402137 0.0112769 0.131186 0.00616349 0.0028635 0.00822817 
0.708181 0.098344 0.0108749 0.156112 0.0111449 0.00352099 0.0118227 
0.758963 0.0931244 0.00919122 0.116002 0.0131807 0.00230105 0.00723705 
0.465386 0.0897014 0.00663474 0.417515 0.0145615 0.00122094 0.00498055 
0.575709 0.116023 0.00576285 0.267816 0.0271222 0.00189178 0.00567496 
0.633187 0.0719167 0.00675448 0.265683 0.015874 0.00154442 0.00503979 
0.541498 0.112486 0.00584289 0.31563 0.0175669 0.00184942 0.00512681 
0.439429 0.0800163 0.00656812 0.456486 0.0118877 0.00131271 0.00430077 
0.40398 0.101505 0.00683421 0.468753 0.0125567 0.00147814 0.00489312 
0.249262 0.0586537 0.00467059 0.65768 0.0244165 0.0013622 0.00395487 
0.502817 0.151923 0.00942711 0.31201 0.0142538 0.00252321 0.00704599 
0.507773 0.144011 0.00766569 0.294765 0.0352562 0.00216195 0.00836727 
0.407863 0.141949 0.00723511 0.369571 0.0600012 0.00314851 0.0102321 
0.384334 0.154655 0.00805528 0.415288 0.0271711 0.00219667 0.00830053 
0.338491 0.0990029 0.00605219 0.478304 0.0656383 0.00372044 0.00879173 
0.519935 0.137504 0.00646711 0.259614 0.062382 0.00362114 0.0104767 
0.607483 0.158198 0.00735201 0.190559 0.0252596 0.00220558 0.00894307 
0.521045 0.173084 0.0072136 0.260946 0.027912 0.00228985 0.00750959 
0.489623 0.207392 0.00848764 0.237999 0.0423389 0.00327413 0.0108852 
0.737748 0.111776 0.00885027 0.12497 0.0099441 9.2207E-4 0.0057894 
0.506391 0.134326 0.0085828 0.301021 0.0370396 0.00246165 0.0101776 
0.267866 0.0812377 0.00624863 0.530603 0.103416 0.00387186 0.0067573 
0.406453 0.16904 0.0104394 0.377826 0.0217162 0.00358348 0.0109423 
0.651885 0.197021 0.00830277 0.112399 0.0225758 0.00113296 0.00668333 
0.561521 0.138636 0.00901935 0.264081 0.0196063 0.00135232 0.00578357 
0.0647944 0.0727664 0.00439521 0.842049 0.0122565 0.00100416 0.00273393 
0.183151 0.203774 0.0116044 0.572833 0.0151706 0.00373073 0.00973594 
0.590783 0.20391 0.0080149 0.165276 0.0198154 0.00122574 0.0109753 
0.290288 0.0917729 0.00756975 0.589833 0.0145673 9.82463E-4 0.00498648 
0.18465 0.0768308 0.00701208 0.71091 0.0146221 0.00133768 0.00463778 
0.408799 0.107688 0.00990953 0.4464 0.0136981 0.00177131 0.0117333 
0.712537 0.129375 0.00768149 0.100476 0.0343328 0.00203142 0.0135661 
0.600611 0.0815048 0.00896938 0.289281 0.0116421 7.72897E-4 0.007218 
0.241145 0.0553577 0.00662441 0.682394 0.00947641 9.24319E-4 0.00407836 
0.0949147 0.102856 0.00817661 0.778016 0.00919975 0.00196708 0.00486939 
0.298853 0.149012 0.0103615 0.513052 0.0160689 0.0029605 0.00969156 
0.438156 0.0692734 0.011211 0.467276 0.00444357 0.00131445 0.00832526 
0.468246 0.0714239 0.00695585 0.408826 0.0359469 0.00163596 0.00696467 
0.521766 0.0828474 0.00778655 0.344514 0.0320636 0.00212154 0.0089004 
0.137204 0.140275 0.0135229 0.651351 0.0356332 0.00807997 0.0139349 
0.634482 0.0855231 0.00714084 0.214946 0.0414955 0.0027018 0.0137103 
0.830208 0.0780429 0.00884599 0.0546691 0.0142508 0.00166248 0.0123203 
0.703439 0.074805 0.00953815 0.185136 0.0162927 0.00161691 0.00917284 
0.56643 0.084779 0.0092551 0.320352 0.0106961 0.00138792 0.00709989 
0.39052 0.0897784 0.00911753 0.466665 0.0322838 0.00254547 0.00909015 
0.714078 0.121364 0.00863749 0.127038 0.0173247 0.00196075 0.00959715 
0.509899 0.112583 0.00750222 0.341732 0.0191026 0.0017551 0.00742593 
0.379521 0.0923222 0.00637011 0.496922 0.0184575 0.0013148 0.00509157 
0.473544 0.181293 0.00825734 0.285609 0.0388684 0.0027777 0.00965132 
0.47968 0.0561369 0.00749863 0.432724 0.0181236 8.85916E-4 0.00495105 
0.555006 0.0437204 0.00791978 0.375723 0.012002 9.65677E-4 0.00466292 
0.399308 0.0488707 0.00610753 0.526612 0.0143646 9.79084E-4 0.00375755 
0.433786 0.0478009 0.00649485 0.499011 0.00830871 0.00100601 0.00359166 
0.348925 0.087119 0.00817497 0.543385 0.00625981 0.00173561 0.0044003 
0.254168 0.0583002 0.0051277 0.668803 0.00908384 0.00137112 0.00314563 
0.483763 0.0647847 0.00744975 0.431911 0.00608319 0.00147977 0.00452837 
0.418362 0.0435603 0.00587943 0.518463 0.0087643 0.00120417 0.00376614 
0.381733 0.045498 0.00563414 0.556387 0.00710146 8.96136E-4 0.00275022 
0.342253 0.0513978 0.00477953 0.589123 0.00899841 8.26098E-4 0.00262183 
0.555246 0.0663292 0.00739199 0.358732 0.00586809 0.00165382 0.00477918 
0.347637 0.0894346 0.00627414 0.539075 0.0100712 0.00152718 0.0059811 
0.374297 0.0779242 0.00557715 0.52226 0.0143491 0.00101282 0.00457934 
0.28628 0.169499 0.0102184 0.50112 0.0184704 0.00369464 0.0107171 
0.317235 0.170796 0.00785218 0.478231 0.0159735 0.00195912 0.00795308 
0.422592 0.101713 0.00689839 0.409518 0.0470925 0.00250643 0.00968046 
0.461285 0.168903 0.00819846 0.338342 0.0115255 0.00197588 0.00977064 
0.387668 0.121662 0.0081233 0.454095 0.0178327 0.00161047 0.00900891 
0.296472 0.0895137 0.00713342 0.58333 0.014097 0.00132334 0.00813061 
0.249237 0.0830444 0.00631548 0.645095 0.00887128 0.00111489 0.00632213 
0.388147 0.0876976 0.00873241 0.499766 0.00564062 0.001258 0.00875822 
0.392135 0.0455811 0.00570948 0.530457 0.0190706 0.00105675 0.00598992 
0.354363 0.0653588 0.00685049 0.539066 0.0247822 0.001277 0.00830287 
0.539438 0.088776 0.00710813 0.326079 0.0268132 0.00140021 0.0103863 
0.554638 0.0770274 0.00694452 0.342711 0.011379 0.00118337 0.00611622 
0.39993 0.0806759 0.00782409 0.494025 0.00940473 0.00135835 0.00678188 
0.379368 0.0608499 0.00758627 0.542929 0.00483068 8.89798E-4 0.00354625 
0.223479 0.0609468 0.00732063 0.700682 0.00317326 9.47287E-4 0.00345124 
0.54842 0.0863845 0.0073461 0.343109 0.00720831 0.00124993 0.00628232 
0.399173 0.0581052 0.0059794 0.518522 0.0119121 9.13455E-4 0.00539513 
0.431735 0.0656268 0.00581715 0.468075 0.0223565 0.00107862 0.00531125 
0.413611 0.069385 0.00547521 0.473975 0.0304933 0.00136943 0.00569095 
0.460851 0.0536454 0.00611586 0.448893 0.024685 0.00111853 0.00469175 
0.419263 0.0611393 0.00648859 0.487209 0.019709 9.12309E-4 0.00527843 
0.455593 0.0870724 0.00700831 0.40868 0.0330879 0.00165979 0.00689823 
0.390169 0.139204 0.00905068 0.426051 0.0256128 0.00212377 0.00778806 
0.492672 0.153693 0.00890763 0.294633 0.0370744 0.00278965 0.0102311 
0.327048 0.140248 0.00959881 0.483864 0.0282716 0.00283692 0.00813175 
0.395786 0.169389 0.0100246 0.395878 0.0171622 0.00248145 0.00927916 
0.47935 0.130359 0.00874878 0.352103 0.0190902 0.00169223 0.00865643 
0.419967 0.106502 0.00809958 0.439597 0.0182493 0.00136712 0.00621728 
0.412761 0.110126 0.0106597 0.452536 0.0060167 0.00142663 0.00647398 
0.195634 0.0909364 0.00701222 0.682313 0.0167228 0.00139649 0.00598566 
0.241338 0.0788278 0.00726027 0.638028 0.0260217 0.00159443 0.00693022 
0.182887 0.089756 0.00773116 0.703654 0.0092799 0.00144974 0.00524174 
0.328284 0.0858677 0.00846983 0.546207 0.021141 0.00185687 0.00817328 
0.238505 0.0767503 0.00692663 0.648135 0.0224996 0.00170545 0.00547836 
0.227237 0.112967 0.00990573 0.616815 0.0210542 0.00256736 0.00945368 
0.343467 0.12303 0.00882377 0.480164 0.0319625 0.00262979 0.00992386 
0.330006 0.0972066 0.00796424 0.52835 0.0273893 0.00178654 0.0072975 
0.229451 0.07696 0.00628681 0.66792 0.0142492 0.00103094 0.00410219 
0.241271 0.0961352 0.00747857 0.642207 0.00774988 0.00108949 0.00406889 
0.437861 0.0713371 0.00654761 0.44968 0.0279908 0.00128918 0.0052945 
0.416948 0.0940249 0.00743573 0.462735 0.0136864 0.00120075 0.00396963 
0.337408 0.0749702 0.00789158 0.569777 0.00591629 8.41557E-4 0.00319618 
0.212664 0.0867756 0.00631171 0.675916 0.0131766 0.00111123 0.00404384 
0.337467 0.0742877 0.00803167 0.56814 0.00784231 6.60121E-4 0.00357068 
0.282649 0.0592434 0.00646451 0.641997 0.00657237 6.6866E-4 0.00240512 
0.474822 0.0504003 0.00786201 0.454367 0.00722265 6.73388E-4 0.00465279 
0.536244 0.0504496 0.00700702 0.388181 0.0118508 7.63656E-4 0.00550401 
0.558265 0.0276546 0.00867748 0.391959 0.00716513 4.95659E-4 0.00578371 
0.575521 0.0587311 0.00813669 0.337902 0.0124657 8.26435E-4 0.00641747 
0.456836 0.0483888 0.0101495 0.474253 0.00379775 7.60025E-4 0.00581474 
0.502026 0.0553164 0.00705958 0.409435 0.0172455 0.00124085 0.00767655 
0.617812 0.0871929 0.00875317 0.261362 0.0143382 0.00173469 0.00880697 
0.596331 0.077932 0.01015 0.298112 0.00609748 0.00129962 0.010078 
0.649297 0.0504631 0.00811771 0.262922 0.0192779 0.00102384 0.00889845 
0.442012 0.0544383 0.0084019 0.476079 0.0110654 0.00106646 0.00693665 
0.376248 0.0421408 0.00679952 0.556968 0.0107141 7.75251E-4 0.00635434 
0.435003 0.0295672 0.00627931 0.511438 0.0118984 6.07201E-4 0.00520617 
0.420742 0.0455328 0.00718287 0.508717 0.011838 6.5792E-4 0.00532999 
0.344339 0.0488299 0.0069526 0.584529 0.0087951 7.86474E-4 0.00576877 
0.4751 0.0323542 0.00778115 0.47103 0.00806687 5.90099E-4 0.00507671 
0.571714 0.0399081 0.00851928 0.364824 0.00747081 8.44346E-4 0.00671982 
0.418825 0.0364347 0.00796944 0.525281 0.00504572 8.8481E-4 0.00555841 
0.627773 0.0543749 0.00949782 0.293057 0.005838 0.00138788 0.00807194 
0.48441 0.0420239 0.00641215 0.441284 0.0182353 9.85449E-4 0.0066498 
0.576673 0.0435278 0.00715247 0.346441 0.0173565 0.00115723 0.00769248 
0.631577 0.0376336 0.00936251 0.307127 0.00657059 8.08194E-4 0.00692092 
0.539419 0.0414001 0.00832093 0.393445 0.00947406 8.77645E-4 0.00706335 
0.65266 0.0345754 0.00851383 0.289691 0.00803552 7.5826E-4 0.00576627 
0.451885 0.021928 0.00531059 0.492672 0.0219554 6.58284E-4 0.00559112 
0.500409 0.0241982 0.00639146 0.45062 0.0130497 6.75406E-4 0.00465629 
0.27829 0.0216875 0.00553723 0.685484 0.00609341 4.00951E-4 0.00250697 
0.379477 0.0266458 0.00685794 0.577173 0.00475938 5.47973E-4 0.00453957 
0.517078 0.0399068 0.00822404 0.421199 0.00693726 7.33841E-4 0.00592091 
0.599662 0.0369182 0.00970862 0.340744 0.00573594 8.11614E-4 0.00641954 
0.428881 0.0540679 0.00740878 0.491494 0.00927981 0.00120499 0.00766328 
0.519802 0.0291023 0.00775062 0.419288 0.0167806 8.92552E-4 0.00638397 
0.803976 0.0589952 0.0090196 0.0934636 0.0145945 0.00115321 0.0187982 
0.737566 0.0538715 0.00916214 0.177458 0.00930307 9.70513E-4 0.0116689 
0.322157 0.0534278 0.00673114 0.588775 0.0193807 0.00124864 0.00828007 
0.22408 0.0539073 0.00670128 0.693866 0.0136294 0.00122445 0.006592 
0.199576 0.031723 0.00440546 0.742892 0.0161984 6.62377E-4 0.00454277 
0.158046 0.069039 0.00673374 0.755075 0.00495009 0.0011142 0.00504182 
0.236202 0.0459645 0.00623331 0.69853 0.00766723 6.85372E-4 0.00471754 
0.258389 0.0444952 0.0060876 0.675317 0.00956689 9.20074E-4 0.00522478 
0.293791 0.0415834 0.00554111 0.633491 0.0192647 0.00100709 0.00532195 
0.27895 0.0555681 0.00624599 0.630603 0.0205994 0.00119789 0.00683481 
0.224047 0.0560228 0.00612399 0.695568 0.011403 8.86854E-4 0.00594826 
0.432017 0.0729948 0.00982075 0.468964 0.005542 0.00152574 0.00913615 
0.308481 0.0437381 0.00644718 0.629624 0.00706334 5.12269E-4 0.00413479 
0.482421 0.0622975 0.00784611 0.426377 0.012803 8.56674E-4 0.00739894 
0.367763 0.0368715 0.00715484 0.576025 0.00569128 5.90095E-4 0.00590452 
0.531029 0.02448 0.0070469 0.411252 0.0183721 5.37661E-4 0.00728285 
0.628774 0.0455412 0.00914085 0.273605 0.0269111 0.00148303 0.0145438 
0.828779 0.0702446 0.00919295 0.0711654 0.00769376 0.00162066 0.0113041 
0.693443 0.0898629 0.0104128 0.182532 0.0117419 0.00121364 0.0107939 
0.631539 0.101774 0.0112225 0.229974 0.0123038 0.00156646 0.0116206 
0.472658 0.107254 0.0124059 0.375102 0.0191421 0.00257685 0.0108607 
0.542627 0.0660484 0.00901808 0.353254 0.0181413 0.00161509 0.00929541 
0.554424 0.0834095 0.0107189 0.331358 0.00891822 0.00164057 0.00953067 
0.533534 0.0726828 0.0100069 0.367106 0.00709896 0.00115929 0.00841192 
0.510402 0.0792373 0.0129376 0.384625 0.00370326 0.0013151 0.00778029 
0.628832 0.0450087 0.0102292 0.298073 0.00680709 0.00129839 0.00975156 
0.674144 0.0521282 0.0104187 0.24531 0.00525856 0.00140773 0.0113329 
0.480564 0.108859 0.0142458 0.374081 0.00778105 0.00276045 0.0117088 
0.623748 0.0577048 0.00932028 0.283049 0.0153075 0.00117981 0.00969065 
0.735985 0.0570362 0.0113506 0.17984 0.00561864 0.00131619 0.00885278 
0.648525 0.0526708 0.0109663 0.268705 0.0067261 0.00126938 0.0111376 
0.773914 0.0560264 0.0103508 0.137395 0.00924477 8.71183E-4 0.0121976 
0.807976 0.063704 0.0114858 0.0981829 0.00751244 0.00126744 0.00987132 
0.7824 0.0825778 0.0105861 0.0965463 0.0142524 0.00146681 0.0121704 
0.657584 0.0654846 0.0115628 0.251649 0.00536542 0.00133536 0.00701924 
0.537998 0.0814732 0.0123773 0.352653 0.00478392 0.00197086 0.00874371 
0.775357 0.0828394 0.00995566 0.115546 0.00607416 0.00178755 0.00844104 
0.817068 0.0542195 0.00939272 0.0943696 0.0142926 0.00124153 0.00941563 
0.847473 0.0449915 0.00779925 0.0634952 0.0214622 0.00163775 0.013141 
0.868878 0.0384292 0.00819498 0.0594873 0.0121055 0.0014573 0.011448 
0.81449 0.0538968 0.0102221 0.0943797 0.00935213 0.0022374 0.0154217 
0.789735 0.0565868 0.00832995 0.107661 0.022892 0.00169222 0.0131039 
0.699301 0.0633904 0.00828762 0.194769 0.0231009 0.00146936 0.00968137 
0.668953 0.0698268 0.0107263 0.226655 0.0129459 0.00123495 0.0096572 
0.521611 0.0353629 0.00697671 0.403324 0.0241813 0.00119297 0.00735162 
0.250189 0.014196 0.00426248 0.71751 0.0103986 5.96782E-4 0.00284769 
0.422589 0.0271695 0.00602258 0.520708 0.0177132 9.68546E-4 0.00482872 
0.503994 0.0319248 0.00748955 0.443073 0.00718862 8.38143E-4 0.00549246 
0.41574 0.0441243 0.00606807 0.513657 0.0131417 8.66419E-4 0.00640289 
0.195571 0.0327574 0.003952 0.753379 0.0105182 4.84409E-4 0.00333849 
0.21853 0.0497275 0.00590342 0.715243 0.00698612 5.28894E-4 0.00308155 
0.151137 0.0660697 0.00653584 0.766621 0.00496114 8.77196E-4 0.0037986 
0.1953 0.104314 0.00992285 0.668355 0.0113326 0.00245085 0.00832446 
0.319248 0.0892261 0.00995035 0.562398 0.00912506 0.00191296 0.00813924 
0.386361 0.0570917 0.00757971 0.528956 0.0116849 0.00172648 0.00660055 
0.449947 0.0335751 0.00736689 0.499844 0.00605119 8.0911E-4 0.00240724 
0.344549 0.0372055 0.0058794 0.599398 0.00864804 7.34489E-4 0.00358551 
0.317764 0.0676171 0.00706415 0.588834 0.0128875 0.00119883 0.00463423 
0.356284 0.0363879 0.00653063 0.588988 0.00811936 5.39796E-4 0.00315126 
0.385613 0.0601948 0.00961449 0.534062 0.00389906 0.00103141 0.00558583 
0.549498 0.0591311 0.00787852 0.36193 0.0127502 7.57824E-4 0.00805483 
0.24349 0.0583983 0.00679365 0.676031 0.00993203 0.00100376 0.00435135 
0.285529 0.1003 0.00799188 0.57245 0.0232661 0.00204101 0.0084208 
0.209055 0.0550248 0.00608956 0.713523 0.0102527 9.41309E-4 0.00511385 
0.375054 0.0484552 0.0070196 0.534355 0.0253682 0.0015364 0.00821187 
0.361349 0.0732091 0.00825494 0.535054 0.0119526 0.00112041 0.00905996 
0.382518 0.0801446 0.00943557 0.509446 0.00717978 0.00143396 0.00984168 
0.347329 0.0589822 0.00762321 0.556421 0.0185106 0.00159181 0.00954204 
0.316761 0.0669471 0.00787323 0.591836 0.0088979 8.24467E-4 0.00686118 
0.476541 0.048826 0.00855849 0.451324 0.00867481 5.32543E-4 0.00554238 
0.475239 0.0588001 0.00811215 0.431405 0.0169637 9.26597E-4 0.00855308 
0.384368 0.0415848 0.00841415 0.552384 0.00659443 4.43881E-4 0.00621034 
0.56726 0.0394759 0.00870049 0.368116 0.00926306 5.28574E-4 0.00665591 
0.650813 0.0732625 0.0113637 0.239459 0.00958355 9.42061E-4 0.014576 
0.693684 0.0637007 0.00845724 0.19932 0.0209545 0.00107583 0.0128078 
0.575186 0.0596184 0.0103793 0.336737 0.00690984 8.17079E-4 0.0103524 
0.631186 0.061307 0.00874526 0.265524 0.0182487 0.00123482 0.0137548 
0.522208 0.0665111 0.00841777 0.381022 0.0116113 9.25734E-4 0.00930392 
0.67655 0.0677606 0.0102412 0.229024 0.00679239 9.6472E-4 0.00866755 
0.293791 0.0415834 0.00554111 0.633491 0.0192647 0.00100709 0.00532195 
0.27895 0.0555681 0.00624599 0.630603 0.0205994 0.00119789 0.00683481 
0.224047 0.0560228 0.00612399 0.695568 0.011403 8.86854E-4 0.00594826 
0.432017 0.0729948 0.00982075 0.468964 0.005542 0.00152574 0.00913615 
0.308481 0.0437381 0.00644718 0.629624 0.00706334 5.12269E-4 0.00413479 
0.482421 0.0622975 0.00784611 0.426377 0.012803 8.56674E-4 0.00739894 
0.367763 0.0368715 0.00715484 0.576025 0.00569128 5.90095E-4 0.00590452 
0.531029 0.02448 0.0070469 0.411252 0.0183721 5.37661E-4 0.00728285 
0.628774 0.0455412 0.00914085 0.273605 0.0269111 0.00148303 0.0145438 
0.828779 0.0702446 0.00919295 0.0711654 0.00769376 0.00162066 0.0113041 
0.693443 0.0898629 0.0104128 0.182532 0.0117419 0.00121364 0.0107939 
0.631539 0.101774 0.0112225 0.229974 0.0123038 0.00156646 0.0116206 
0.472658 0.107254 0.0124059 0.375102 0.0191421 0.00257685 0.0108607 
0.542627 0.0660484 0.00901808 0.353254 0.0181413 0.00161509 0.00929541 
0.554424 0.0834095 0.0107189 0.331358 0.00891822 0.00164057 0.00953067 
0.533534 0.0726828 0.0100069 0.367106 0.00709896 0.00115929 0.00841192 
0.510402 0.0792373 0.0129376 0.384625 0.00370326 0.0013151 0.00778029 
0.628832 0.0450087 0.0102292 0.298073 0.00680709 0.00129839 0.00975156 
0.674144 0.0521282 0.0104187 0.24531 0.00525856 0.00140773 0.0113329 
0.480564 0.108859 0.0142458 0.374081 0.00778105 0.00276045 0.0117088 
0.623748 0.0577048 0.00932028 0.283049 0.0153075 0.00117981 0.00969065 
0.735985 0.0570362 0.0113506 0.17984 0.00561864 0.00131619 0.00885278 
0.648525 0.0526708 0.0109663 0.268705 0.0067261 0.00126938 0.0111376 
0.773914 0.0560264 0.0103508 0.137395 0.00924477 8.71183E-4 0.0121976 
0.807976 0.063704 0.0114858 0.0981829 0.00751244 0.00126744 0.00987132 
0.7824 0.0825778 0.0105861 0.0965463 0.0142524 0.00146681 0.0121704 
