0.588493 0.06841 0.0109838 0.311425 0.00918476 0.00141043 0.0100933 
0.658208 0.0664181 0.0129071 0.243062 0.00714127 0.00118194 0.0110816 
0.65151 0.0728122 0.0105597 0.244795 0.00866848 0.00160713 0.0100473 
0.73205 0.0476308 0.014115 0.18897 0.00493948 0.00145273 0.0108419 
0.776663 0.086055 0.0121755 0.0981386 0.00852492 0.00215472 0.0162886 
0.774741 0.0631146 0.0128772 0.116855 0.00720237 0.00335785 0.0218519 
0.710155 0.0637619 0.010475 0.181051 0.013629 0.00265403 0.0182739 
0.628316 0.0928947 0.0109096 0.243974 0.00765474 0.00272165 0.0135297 
0.664624 0.156152 0.0078724 0.134617 0.0233954 0.00297055 0.010368 
0.352653 0.147057 0.00754784 0.391281 0.0862479 0.00535364 0.00985952 
0.190572 0.185922 0.0167779 0.218142 0.351295 0.0174743 0.0198159 
0.0710828 0.111671 0.0116977 0.186156 0.589367 0.0152083 0.0148167 
0.0316541 0.0587591 0.00574792 0.16048 0.727596 0.00827338 0.00748998 
0.0266593 0.0568513 0.00367014 0.19181 0.711415 0.00489728 0.00469759 
0.0200252 0.0293362 0.00184022 0.100124 0.842295 0.00369755 0.00268256 
0.0142667 0.0116707 6.04399E-4 0.0370894 0.93272 0.00264318 0.00100576 
0.0210756 0.0349484 0.00101351 0.051538 0.883469 0.00644427 0.0015116 
0.328592 0.193588 0.0127381 0.020775 0.173079 0.259802 0.0114251 
0.433538 0.0129655 0.165522 0.0181013 0.0115649 0.281154 0.0771543 
0.859596 0.0106594 0.112735 0.00199525 3.08871E-4 0.00876096 0.00594468 
0.851181 0.00924141 0.113022 0.0114284 4.82275E-4 0.00780191 0.00684291 
0.592944 0.00549978 0.186496 0.00975654 8.58096E-4 0.184375 0.0200704 
0.520558 0.0124526 0.226421 0.067783 0.00375154 0.140521 0.0285136 
0.12493 0.0141708 0.19117 0.582277 0.00631546 0.0496211 0.0315158 
0.051897 0.00929679 0.0194318 0.906844 8.7834E-4 0.00594299 0.00570946 
0.0888177 0.00933678 0.00545491 0.882565 0.00686834 0.00255483 0.00440237 
0.316677 0.0783639 0.00704007 0.507141 0.0704781 0.0119945 0.00830538 
0.151306 0.132109 0.00953783 0.502585 0.181772 0.0110005 0.0116888 
0.0628488 0.127756 0.0106235 0.304774 0.464126 0.0153744 0.0144973 
0.0123799 0.0248645 2.99858E-4 0.0196697 0.937719 0.00431123 7.56288E-4 
0.0263713 0.0489517 5.01151E-4 0.0196678 0.898445 0.004734 0.00132879 
0.0379811 0.153546 0.00194414 0.0661719 0.727408 0.0094435 0.00350549 
0.0870133 0.122299 0.00828493 0.186071 0.568601 0.0157428 0.0119889 
0.0824141 0.662122 0.0029901 0.072286 0.164694 0.0102489 0.00524496 
0.022168 0.0749581 7.32962E-4 0.0383639 0.85623 0.00601008 0.00153718 
0.0335658 0.846833 2.79393E-4 0.019201 0.0922763 0.00634745 0.00149759 
0.0333922 0.916123 1.63914E-4 0.0125637 0.0317074 0.00496027 0.00108917 
0.057705 0.568791 0.00330128 0.0878702 0.265117 0.0124064 0.00480848 
0.0498039 0.302233 0.00184177 0.0580419 0.574332 0.0105652 0.00318262 
0.0301126 0.0514224 0.00141994 0.0588066 0.849416 0.00662663 0.00219551 
0.0213265 0.0276266 0.00219607 0.0873498 0.853592 0.00492687 0.00298243 
0.0785027 0.213437 0.0123995 0.194781 0.463583 0.0219358 0.0153601 
0.0552647 0.107116 0.00960623 0.182165 0.615853 0.0174913 0.0125031 
0.0487005 0.0942611 0.00903915 0.170366 0.651192 0.0143015 0.0121401 
0.0582653 0.179817 0.00727067 0.130226 0.600726 0.0135622 0.0101324 
0.0616078 0.142115 0.0119153 0.177242 0.574296 0.0168419 0.0159817 
0.0405688 0.0558445 0.00530728 0.121421 0.761506 0.00787451 0.00747862 
0.0402063 0.0797642 0.00629272 0.127754 0.727181 0.0100942 0.00870807 
0.0217228 0.0413136 0.00244484 0.0817163 0.843588 0.00567231 0.00354248 
0.0387614 0.0862565 0.00453611 0.111161 0.743388 0.00912678 0.00677053 
0.0235552 0.0324686 0.00204444 0.0757982 0.858394 0.00462133 0.00311821 
0.0331772 0.0591859 0.00679931 0.151984 0.730873 0.00927759 0.00870285 
0.0221338 0.0372674 0.00243429 0.082911 0.846105 0.0055846 0.0035638 
0.052414 0.110099 0.00434303 0.104862 0.711621 0.0099277 0.00673311 
0.0671832 0.257736 0.00513476 0.105214 0.545255 0.0115474 0.00793042 
0.138282 0.198744 0.0106434 0.183882 0.436923 0.0167315 0.0147943 
0.105172 0.180394 0.0046351 0.0877675 0.604657 0.00979476 0.0075789 
0.122204 0.235278 0.00594613 0.106957 0.509383 0.0106216 0.00961055 
0.098152 0.341283 0.0047552 0.096776 0.440996 0.00993068 0.00810749 
0.109718 0.36552 0.00412971 0.0939772 0.409025 0.00928739 0.00834226 
0.137867 0.345203 0.006036 0.137847 0.349851 0.0109326 0.0122635 
0.139411 0.271891 0.00661662 0.13945 0.419047 0.0107522 0.0128327 
0.161853 0.244348 0.00759148 0.146458 0.414993 0.0112227 0.0135346 
0.692487 0.210896 0.00933793 0.0210709 0.0230369 0.0123896 0.0307816 
0.668378 0.0142417 0.0375292 0.0226473 0.0277649 0.216369 0.0130695 
0.133064 0.0362932 0.459785 0.00441009 0.0591734 0.287751 0.0195233 
0.435519 0.00374357 0.300291 0.00122099 5.48332E-4 0.14546 0.113218 
0.765407 0.00787613 0.125084 0.0169467 0.00121925 0.0338425 0.0496237 
0.366171 0.030252 0.201146 0.278155 0.0099466 0.0897157 0.0246141 
0.483633 0.0303498 0.110634 0.284107 0.0043113 0.0696114 0.0173542 
0.562271 0.0219376 0.0277261 0.371416 0.00491751 0.00809269 0.00363834 
0.898186 0.0133995 0.0333952 0.0384332 0.00518165 0.00584472 0.00555977 
0.881873 0.0120002 0.0414535 0.050842 0.00270581 0.00400308 0.00712241 
0.854663 0.0124895 0.0510526 0.0665856 0.00204025 0.00491948 0.00824962 
0.765542 0.0326633 0.0226762 0.150903 0.0144564 0.00420302 0.00955691 
0.619617 0.0202058 0.0315916 0.307637 0.00439028 0.00465125 0.0119075 
0.817283 0.0185806 0.0405853 0.11014 0.00302284 0.0024878 0.00790001 
0.5922 0.0494388 0.013212 0.331279 0.00356972 0.00114662 0.00915451 
0.595152 0.0563108 0.0154207 0.321423 0.00273557 0.00103359 0.00792474 
0.666285 0.0494265 0.0168866 0.253851 0.0024864 0.00163294 0.00943072 
0.660019 0.0377468 0.0135919 0.274329 0.00361664 0.00116276 0.00953357 
0.778456 0.0330945 0.011689 0.153927 0.00642432 0.00147626 0.0149329 
0.65453 0.0317327 0.0147245 0.282769 0.00350009 0.00111251 0.0116313 
0.710967 0.0444933 0.0113216 0.215595 0.00584066 0.00150001 0.0102819 
0.683084 0.0429681 0.0123882 0.246306 0.00457124 0.00127981 0.00940269 
0.713306 0.0246783 0.014253 0.230568 0.00425761 0.00109566 0.0118412 
0.710153 0.0393747 0.0126323 0.21853 0.00708301 9.69192E-4 0.0112581 
0.621434 0.0437691 0.0154572 0.307729 0.00340384 8.52839E-4 0.00735369 
0.601715 0.0275907 0.0260373 0.333165 0.00163036 7.38314E-4 0.00912324 
0.69674 0.0264155 0.0292173 0.236037 0.00155519 0.00102052 0.00901466 
0.678663 0.0265047 0.0178136 0.261661 0.00301473 0.00119842 0.0111445 
0.742842 0.0455201 0.0137304 0.172847 0.00659085 0.00143407 0.0170358 
0.825087 0.0494837 0.0120049 0.0860865 0.0106291 0.00159471 0.015114 
0.855041 0.0358073 0.0146491 0.0808254 0.00348221 0.00156218 0.00863266 
0.7342 0.0401789 0.0110904 0.195561 0.0103999 9.89023E-4 0.00757982 
0.613001 0.0327405 0.0102491 0.327595 0.00903512 0.00106676 0.00631278 
0.68491 0.0456622 0.0135709 0.238775 0.0053286 9.34942E-4 0.010818 
0.507369 0.071267 0.00888404 0.392864 0.0085368 0.0013723 0.00970616 
0.15077 0.340855 0.012157 0.417829 0.055163 0.00723943 0.0159865 
0.150475 0.310837 0.0130541 0.486585 0.0173054 0.00661743 0.0151261 
0.205529 0.383631 0.0132627 0.349935 0.0250015 0.00756281 0.0150773 
0.208637 0.446935 0.00851229 0.248289 0.0693827 0.00739876 0.0108444 
0.236981 0.437189 0.00950553 0.271788 0.0284084 0.0048887 0.0112396 
0.191475 0.101487 0.00801934 0.68738 0.00705481 0.00104375 0.00354037 
0.498408 0.055474 0.0161341 0.42139 0.00320474 7.80692E-4 0.00460779 
0.290433 0.0365569 0.0083112 0.645451 0.0132594 7.38086E-4 0.00525109 
0.542603 0.0396321 0.0141251 0.386412 0.00865351 9.82167E-4 0.00759197 
0.666861 0.02089 0.0185352 0.277164 0.00966073 8.07242E-4 0.00608193 
0.598346 0.0163107 0.0199618 0.348386 0.00770642 9.75668E-4 0.00831279 
0.700882 0.0198969 0.0218762 0.239341 0.00761516 0.00108231 0.00930634 
0.734349 0.0269933 0.0146486 0.197052 0.0155021 0.00207503 0.00937986 
0.711373 0.0280842 0.0152838 0.195329 0.0334601 0.00276997 0.0137003 
0.84337 0.0274691 0.017332 0.0674658 0.0218404 0.00288807 0.0196346 
0.748533 0.0477546 0.0145789 0.146592 0.024146 0.00293277 0.0154628 
0.820908 0.0459646 0.015581 0.0712902 0.0271959 0.0028663 0.0161945 
0.833092 0.0315525 0.0173645 0.0891921 0.00967766 0.00248796 0.0166336 
0.719777 0.0327144 0.0148342 0.21615 0.00792763 0.00188415 0.00671298 
0.654206 0.0380249 0.0135693 0.273318 0.0125681 0.00131397 0.00699961 
0.77603 0.0242983 0.0153639 0.164661 0.00916276 0.00192086 0.0085627 
0.708604 0.0332472 0.00928951 0.225101 0.0136588 0.00126862 0.0088306 
0.720645 0.0295815 0.00924364 0.212494 0.0180197 9.72766E-4 0.00904357 
0.765876 0.0273442 0.0083759 0.154669 0.0311898 0.00156193 0.0109831 
0.781919 0.0424083 0.00852155 0.134489 0.0195891 0.00151432 0.0115585 
0.833154 0.0276614 0.00857489 0.102704 0.0170942 0.0015155 0.00929606 
0.62347 0.0324958 0.00833816 0.311215 0.0160642 0.00102493 0.0073918 
0.676097 0.0360922 0.00943737 0.259984 0.0109474 9.60902E-4 0.00648118 
0.747866 0.0431667 0.00895664 0.175443 0.0128918 0.0014218 0.0102538 
0.727005 0.0335939 0.00886222 0.206888 0.0139863 0.00115406 0.00851086 
0.784975 0.0314417 0.0087642 0.139322 0.0218958 0.00182977 0.0117711 
0.778656 0.0405356 0.00971363 0.146063 0.0141281 0.00147252 0.00943133 
0.761509 0.0212361 0.00855855 0.180664 0.0203737 9.87031E-4 0.00667242 
0.728821 0.0332206 0.0115774 0.212044 0.00678591 9.44967E-4 0.00660603 
0.707585 0.0407432 0.0109962 0.221812 0.00834313 0.00101365 0.00950681 
0.723702 0.0377892 0.0108141 0.204814 0.00977224 8.82289E-4 0.0122262 
0.559309 0.0328711 0.00904178 0.376405 0.0123678 8.4502E-4 0.00916015 
0.643379 0.0283469 0.0107046 0.299675 0.00965958 8.75542E-4 0.00735918 
0.743669 0.0355654 0.00921845 0.177865 0.023351 0.00154209 0.00878894 
0.748731 0.0400272 0.0096477 0.177105 0.0146953 0.00119196 0.00860235 
0.719894 0.0465719 0.00899524 0.189941 0.0216285 0.00200188 0.0109669 
0.796782 0.0451955 0.00812767 0.118999 0.0175668 0.00216874 0.0111603 
0.824835 0.0532262 0.00964776 0.0861437 0.0107954 0.00185113 0.0135007 
0.722585 0.0370616 0.00864801 0.206505 0.0155127 0.00119435 0.00849275 
0.794945 0.0461707 0.00965304 0.129459 0.0107238 0.00146594 0.00758258 
0.869321 0.0253999 0.00912503 0.0738724 0.0131108 0.00212924 0.00704137 
0.794951 0.0689115 0.00789288 0.0781274 0.0381914 0.00255905 0.00936675 
0.827337 0.0476134 0.0108697 0.0995924 0.00657403 0.00153685 0.0064766 
0.854256 0.0405325 0.0107222 0.0717278 0.0123747 0.00164444 0.00874237 
0.854624 0.0578478 0.010788 0.0561876 0.0073849 0.00254008 0.0106272 
0.859568 0.0337221 0.00918541 0.069436 0.017277 0.00216744 0.00864362 
0.855013 0.0368466 0.0104723 0.0774639 0.00894323 0.00162924 0.00963138 
0.840651 0.0548541 0.00917888 0.0626989 0.019485 0.00228746 0.0108449 
0.778294 0.0425345 0.01265 0.145025 0.00594256 0.00150498 0.0140489 
0.759268 0.0453609 0.0103214 0.155482 0.0120009 0.0022866 0.0152805 
0.791639 0.0562671 0.0119227 0.116843 0.0067742 0.00273192 0.013822 
0.763846 0.0436717 0.012108 0.162779 0.00546486 0.00131736 0.0108133 
0.812185 0.0597128 0.00904272 0.0807139 0.0227921 0.00265241 0.0129007 
0.759917 0.121499 0.0119134 0.0859366 0.00662905 0.00227896 0.011826 
0.709909 0.0747428 0.0108799 0.176444 0.0136538 0.00188549 0.012485 
0.754147 0.0524547 0.0106467 0.15496 0.0150222 0.00126622 0.011503 
0.697528 0.0583869 0.0114183 0.213324 0.00748062 0.0024052 0.00945713 
0.437365 0.0880195 0.0123192 0.443474 0.00500104 0.00233312 0.011488 
0.42195 0.0537294 0.0102322 0.500293 0.00514918 0.00168944 0.00695672 
0.632284 0.0560518 0.0128752 0.284239 0.00404108 0.00106403 0.00944455 
0.306746 0.040762 0.00709468 0.629287 0.0102074 7.97808E-4 0.00510498 
0.437098 0.0571427 0.00869734 0.471632 0.0155085 0.00132765 0.00859378 
0.566432 0.0575725 0.0125213 0.348815 0.00465388 0.00105749 0.00894812 
0.321969 0.0342808 0.00791338 0.624458 0.00500509 8.43683E-4 0.00553009 
0.551649 0.0643954 0.00954507 0.354375 0.00998165 0.00229482 0.00775914 
0.495916 0.0313199 0.010087 0.445182 0.00821833 8.9974E-4 0.00837707 
0.375496 0.0403646 0.00838447 0.562823 0.0068458 8.79134E-4 0.00520716 
0.687514 0.032396 0.0106428 0.246563 0.0136215 7.46579E-4 0.00851562 
0.341498 0.0387546 0.00884475 0.596711 0.00787803 0.00103885 0.00527535 
0.346551 0.0794155 0.00904652 0.545198 0.0109631 0.00130523 0.00752052 
0.558291 0.0678875 0.00721934 0.335923 0.0239734 0.00102384 0.00568225 
0.415115 0.0408767 0.00806781 0.518797 0.0106546 8.51968E-4 0.00563727 
0.711397 0.0270913 0.0119649 0.231733 0.00727963 7.1166E-4 0.00982179 
0.785991 0.0322146 0.0104539 0.151429 0.00696635 0.0010993 0.0118453 
0.380454 0.0497807 0.00797901 0.545384 0.0100798 0.00102534 0.005297 
0.804786 0.0344109 0.0161466 0.118619 0.00333275 0.00143103 0.0212734 
0.716105 0.0276354 0.0148121 0.226941 0.00437733 7.94356E-4 0.0093343 
0.45873 0.0346505 0.00894272 0.484261 0.00613163 8.09345E-4 0.00647423 
0.842585 0.0310732 0.0195186 0.019765 0.00575042 0.00123659 0.080071 
0.615864 0.0771858 0.00892181 0.263966 0.0253664 0.00132842 0.00736852 
0.644967 0.0754635 0.00819026 0.235444 0.0254801 0.00150757 0.00894788 
0.85648 0.0450526 0.0102897 0.0566164 0.0088822 0.0010604 0.0216187 
0.22072 0.0575081 0.00677206 0.695208 0.0137 0.00102203 0.00506949 
0.68358 0.0889299 0.0121182 0.195106 0.00672818 0.00153843 0.0119985 
0.805549 0.0631312 0.0148729 0.095922 0.00500406 0.00155083 0.0139698 
0.387098 0.0533605 0.0101707 0.496622 0.037362 0.00389852 0.0114878 
0.841404 0.0632037 0.0120263 0.0243897 0.0213832 0.00278913 0.0348035 
0.800862 0.0683282 0.0112969 0.0842232 0.0166054 0.00267742 0.0160064 
0.790407 0.0677646 0.010106 0.0927849 0.024233 0.00234046 0.0123639 
0.885875 0.0428089 0.0136345 0.0219258 0.00723312 0.00149808 0.0270243 
0.185729 0.0497589 0.00649116 0.73556 0.0158909 0.00149167 0.00507824 
0.535067 0.0645125 0.00968915 0.366559 0.0154979 0.0014861 0.00718892 
0.71584 0.0912142 0.0100773 0.157928 0.0147849 0.00139022 0.00876557 
0.294507 0.0458105 0.00664962 0.624277 0.0219795 0.00106115 0.00571438 
0.802357 0.0324795 0.0110295 0.132647 0.00840927 8.93577E-4 0.0121844 
0.41149 0.0581172 0.00843353 0.507408 0.00853572 0.00102292 0.00499264 
0.416207 0.0922599 0.00745371 0.463682 0.013414 0.00119149 0.00579263 
0.448006 0.0809125 0.00999026 0.449478 0.00527464 0.0012629 0.00507526 
0.39503 0.119488 0.00820978 0.447769 0.0196772 0.00165207 0.00817443 
0.584464 0.0508273 0.00811603 0.318948 0.0285802 0.0012853 0.00777916 
0.514758 0.0972809 0.00932079 0.351916 0.0154129 0.00146639 0.00984446 
0.320816 0.0886938 0.00766132 0.563047 0.0117208 0.00110015 0.0069602 
0.447279 0.0803895 0.008346 0.434715 0.0189236 0.00150471 0.00884207 
0.285927 0.0714439 0.00756552 0.607971 0.0189827 0.00132464 0.00678575 
0.314276 0.0822256 0.0082698 0.562799 0.023449 0.00184504 0.00713539 
0.454645 0.124118 0.00886641 0.363814 0.0363135 0.00226049 0.00998216 
0.414778 0.0627524 0.00780334 0.494161 0.0132197 0.00101672 0.00626849 
0.35381 0.0645203 0.0076963 0.552002 0.0144519 0.00103309 0.00648668 
0.320147 0.0545886 0.00669595 0.599368 0.0135006 9.28288E-4 0.00477097 
0.272075 0.0882987 0.008282 0.613792 0.00962803 0.00144498 0.00648008 
0.402205 0.0715614 0.00972787 0.502406 0.00678767 9.27422E-4 0.00638481 
0.443426 0.0732789 0.00839391 0.446734 0.0192027 0.00123341 0.00773013 
0.543735 0.0791617 0.0095635 0.339552 0.0166134 0.00190135 0.00947292 
0.418681 0.0744411 0.00930012 0.458522 0.0282731 0.00175825 0.00902381 
0.440356 0.0757655 0.00973088 0.438921 0.0247001 0.00174017 0.00878618 
0.469687 0.0674279 0.00933004 0.437144 0.00912348 8.60948E-4 0.00642691 
0.381853 0.0731047 0.00772223 0.512482 0.0176399 0.00116255 0.00603545 
0.469988 0.0774445 0.00789058 0.408655 0.0277966 0.00125659 0.00696829 
0.637977 0.0751428 0.0095356 0.256719 0.0118976 0.00139808 0.00733008 
0.641745 0.0365941 0.00881609 0.286336 0.0154625 0.00164319 0.00940363 
0.572359 0.0539669 0.00889318 0.313735 0.037517 0.00224342 0.0112856 
0.355885 0.0626071 0.00825355 0.548738 0.0160827 0.00115457 0.00728003 
0.551356 0.0479225 0.00882796 0.37093 0.012595 0.00107533 0.00729334 
0.622906 0.077948 0.0100881 0.267295 0.01044 0.00136716 0.00995589 
0.485583 0.0632672 0.00913048 0.421349 0.010406 0.0011897 0.00907385 
0.378538 0.0522466 0.00812286 0.535625 0.0174983 0.00117603 0.00679322 
0.526854 0.0622845 0.0103439 0.380208 0.0113706 0.00118645 0.00775277 
0.455669 0.0811173 0.00891826 0.427568 0.0179613 0.00120496 0.00756118 
0.284516 0.04765 0.0062041 0.632262 0.022476 9.61953E-4 0.0059304 
0.229359 0.0429178 0.00596616 0.711483 0.00678933 4.85818E-4 0.0029987 
0.552575 0.0736339 0.00812615 0.331965 0.0252955 0.00115963 0.00724467 
0.768919 0.0983725 0.00973757 0.0723543 0.0307188 0.00188522 0.0180129 
0.641621 0.101263 0.0122819 0.216619 0.0100979 0.00196881 0.0161475 
0.7065 0.0666668 0.010982 0.193972 0.0100648 0.00116442 0.0106499 
0.4227 0.0883394 0.0114361 0.46038 0.00588535 0.00156723 0.00969249 
0.413737 0.0819752 0.00979805 0.47773 0.00725947 0.00157481 0.00792604 
0.579677 0.0764362 0.0105202 0.300614 0.0133289 0.00138117 0.0180418 
0.610453 0.0810873 0.0108387 0.267473 0.0146121 0.00180441 0.0137318 
0.603529 0.0782427 0.0101939 0.267469 0.0244719 0.00226344 0.0138303 
0.578061 0.134579 0.00990897 0.2303 0.033095 0.00215761 0.0118981 
0.420598 0.142442 0.0105076 0.385586 0.0284049 0.00253754 0.0099232 
0.592272 0.150011 0.00834477 0.219876 0.0203755 0.00150616 0.00761512 
0.682264 0.171435 0.0135804 0.113803 0.00557091 0.00350522 0.00984108 
0.702376 0.121875 0.0082374 0.120125 0.0330459 0.0017675 0.0125734 
0.393847 0.168579 0.0141843 0.412838 0.00362316 0.00123665 0.00569252 
0.527549 0.12787 0.00964132 0.317382 0.0101119 0.00116402 0.0062814 
0.629409 0.106 0.0126767 0.228089 0.0112849 0.00141657 0.0111237 
0.422989 0.295077 0.0136838 0.248415 0.00699849 0.00286833 0.00996739 
0.264166 0.155 0.0101308 0.531118 0.0283448 0.00316731 0.00807371 
0.382994 0.116326 0.0103032 0.4088 0.0665653 0.00406908 0.0109424 
0.374917 0.0874305 0.0106949 0.50109 0.0154126 0.00211437 0.00834158 
0.36406 0.0875002 0.00857951 0.490364 0.0397695 0.00241869 0.00730781 
0.600462 0.109033 0.00781242 0.223785 0.049006 0.00234733 0.00755474 
0.265326 0.0914078 0.00837537 0.602663 0.0252001 0.00175876 0.00526875 
0.165061 0.16088 0.00978601 0.643656 0.0124071 0.00230771 0.0059021 
0.202846 0.0417271 0.0067618 0.700584 0.0409545 0.00162021 0.00550651 
0.208809 0.0714305 0.00902943 0.669249 0.0299059 0.00275592 0.00882055 
0.436651 0.0524345 0.00750765 0.466114 0.0279843 0.00141115 0.00789705 
0.412048 0.0875174 0.00860457 0.450977 0.0302556 0.00172837 0.0088681 
0.357325 0.0914162 0.00720164 0.503842 0.0312335 0.0016058 0.00737598 
0.400898 0.0844582 0.00852917 0.470444 0.0256357 0.00162044 0.0084146 
0.524551 0.0829057 0.00843329 0.345867 0.0267778 0.00144352 0.0100212 
0.462739 0.0893729 0.00927101 0.410546 0.016629 0.00136788 0.0100745 
0.315508 0.0820771 0.007443 0.566935 0.0199737 0.00143931 0.00662312 
0.175479 0.050917 0.00522396 0.741458 0.020602 0.0011553 0.00516407 
0.383505 0.0839806 0.00929786 0.503563 0.0107265 0.00123646 0.00769067 
0.461401 0.0693852 0.00812941 0.427684 0.0229297 0.00134804 0.0091224 
0.391886 0.105222 0.00894246 0.470136 0.0135366 0.00116141 0.00911578 
0.48472 0.0677838 0.00840446 0.397403 0.0297145 0.00151234 0.0104616 
0.348666 0.0805645 0.0103215 0.543876 0.0071942 0.00106069 0.00831722 
0.549792 0.0987445 0.0092916 0.316151 0.0130644 0.00138226 0.0115745 
0.69697 0.131168 0.00934951 0.130746 0.0143247 0.00175011 0.0156921 
0.445209 0.0992628 0.007408 0.416232 0.0224492 0.00129831 0.0081409 
0.528692 0.169375 0.00885649 0.268388 0.0139533 0.00159806 0.00913678 
0.620929 0.177264 0.0086123 0.167076 0.0139438 0.00237792 0.00979696 
0.409529 0.172433 0.00860232 0.375563 0.0227863 0.00246553 0.00861986 
0.477002 0.198204 0.009548 0.288659 0.0138036 0.00284845 0.00993495 
0.448917 0.156656 0.0096049 0.358524 0.0144064 0.00219536 0.0096959 
0.520305 0.159257 0.00856876 0.265302 0.032433 0.00253434 0.0116004 
0.610691 0.151388 0.00895172 0.180322 0.0319605 0.00249405 0.014192 
0.580673 0.165724 0.00968336 0.20226 0.0234774 0.00313078 0.0150513 
0.575108 0.227302 0.00929153 0.150851 0.0192109 0.00265884 0.0155779 
0.470236 0.247232 0.0102322 0.236919 0.0178498 0.00337688 0.0141544 
0.397616 0.205967 0.010561 0.355897 0.0154844 0.00342851 0.0110468 
0.474081 0.123649 0.00938436 0.358972 0.0187399 0.00356302 0.0116115 
0.696204 0.141399 0.0086036 0.111141 0.021226 0.00403934 0.017387 
0.684087 0.153586 0.0117709 0.11534 0.0103757 0.00454943 0.0202903 
0.703136 0.125991 0.00908621 0.132478 0.00912109 0.00233034 0.0178565 
0.499849 0.0801587 0.0109333 0.391174 0.00483882 0.00159208 0.0114536 
0.602135 0.106754 0.0118126 0.25898 0.0058605 0.00175513 0.012702 
0.526236 0.0932151 0.0109014 0.353791 0.00583369 0.00125278 0.00876932 
0.456387 0.130532 0.0120398 0.381003 0.00606161 0.00232899 0.0116478 
0.434677 0.137527 0.0112674 0.399832 0.00598421 0.00217726 0.0085357 
0.331553 0.14616 0.0124353 0.492484 0.00626568 0.00244967 0.00865291 
0.436272 0.0831236 0.00726265 0.449926 0.016354 0.00118594 0.00587568 
0.443309 0.0793881 0.00735886 0.441884 0.0204098 0.00122289 0.00642748 
0.47486 0.156314 0.00914979 0.342966 0.00795708 0.0015181 0.00723517 
0.406712 0.105675 0.0079078 0.456029 0.0154919 0.00134145 0.00684218 
0.511178 0.147886 0.00937982 0.312085 0.00863838 0.00167314 0.00915996 
0.417709 0.103517 0.00731681 0.428901 0.032066 0.00192867 0.00856065 
0.469449 0.0687783 0.00697113 0.423093 0.0232664 0.00116083 0.00728099 
0.394749 0.0921123 0.0083903 0.488468 0.00877404 9.50749E-4 0.00655484 
0.323731 0.106324 0.00894473 0.543614 0.00865542 0.00137156 0.00735985 
0.236056 0.0583242 0.00589647 0.682501 0.0113643 7.92198E-4 0.00506597 
0.335384 0.0677421 0.00729285 0.572381 0.0107637 9.63046E-4 0.00547307 
0.393774 0.0794544 0.00780874 0.495398 0.0151483 0.00108547 0.00733131 
0.422771 0.0968609 0.0104911 0.457569 0.00478918 0.00105668 0.00646158 
0.555076 0.163041 0.0117032 0.247135 0.00911299 0.00264275 0.0112886 
0.53837 0.109186 0.00942488 0.32198 0.0104042 0.00122234 0.00941191 
0.447431 0.11191 0.00923965 0.413845 0.00772764 0.00123641 0.00861036 
0.305524 0.0824756 0.00959317 0.587762 0.00506917 0.00143395 0.00814171 
0.511982 0.0792813 0.00904347 0.372912 0.0152656 0.00179246 0.00972306 
0.370064 0.0679145 0.00845234 0.537742 0.00776565 0.00110969 0.0069528 
0.503146 0.175762 0.0137813 0.281913 0.00687862 0.0036203 0.0148984 
0.686237 0.16734 0.0103773 0.105776 0.00987937 0.0037582 0.0166321 
0.664967 0.0941708 0.00997094 0.196084 0.0195971 0.00211679 0.0130927 
0.507379 0.0848109 0.00948441 0.378797 0.0107326 0.0012215 0.00757446 
0.601252 0.0774898 0.009103 0.281623 0.0204404 0.0015978 0.0084935 
0.636481 0.139086 0.00877541 0.188304 0.0158604 0.00211376 0.00937834 
0.569755 0.124659 0.010803 0.276274 0.00843375 0.00166827 0.0084076 
0.414619 0.0958642 0.0110723 0.461018 0.00703276 0.00159676 0.00879706 
0.461096 0.108076 0.00870978 0.392722 0.0192042 0.00177451 0.00841749 
0.428075 0.122534 0.00892503 0.406363 0.0220472 0.00209967 0.0099566 
0.442236 0.0713846 0.0075414 0.440051 0.0301616 0.00161311 0.00701296 
0.556892 0.124502 0.00972683 0.277067 0.0187605 0.00234879 0.0107036 
0.703062 0.0958892 0.010706 0.16425 0.010697 0.001885 0.0135107 
0.626628 0.0412541 0.0142332 0.295514 0.0129269 0.0018705 0.00757371 
0.276535 0.0262959 0.00660669 0.662134 0.0238504 6.86011E-4 0.00389205 
0.549184 0.0235183 0.0136545 0.393234 0.0130146 0.00114429 0.00625023 
0.621205 0.0736152 0.0116314 0.252569 0.0304518 0.00225659 0.0082704 
0.666112 0.0487697 0.0108564 0.233389 0.0292879 0.00298769 0.00859761 
0.521316 0.109895 0.00832697 0.231229 0.113657 0.00536853 0.0102078 
0.637755 0.167475 0.00949554 0.123709 0.0439956 0.00417366 0.0133954 
0.491721 0.119739 0.00963156 0.275674 0.0862241 0.00430646 0.012704 
0.54541 0.15428 0.0106587 0.19924 0.0703908 0.00490638 0.0151134 
0.541509 0.102724 0.0102067 0.288326 0.0428078 0.00361326 0.0108134 
0.456089 0.142679 0.0111343 0.357982 0.0191255 0.00293701 0.0100524 
0.607121 0.10434 0.0104234 0.163596 0.0959467 0.0048921 0.0136798 
0.619701 0.0550539 0.0115973 0.24767 0.0519461 0.00241584 0.0116157 
0.165692 0.0940983 0.00954667 0.705263 0.0156661 0.00269799 0.00703567 
0.163909 0.120065 0.0195485 0.677261 0.00329211 0.00346206 0.0124626 
0.0202648 0.0636915 0.00963817 0.901951 7.12041E-4 0.00106432 0.00267802 
0.0226724 0.0532391 0.0131862 0.905681 7.69761E-4 0.00222312 0.00222798 
0.0517362 0.208315 0.0189645 0.707901 0.00286449 0.00423192 0.00598727 
0.0578552 0.14343 0.0219878 0.758269 0.00437378 0.00494939 0.00913463 
0.0583917 0.176924 0.0182802 0.723548 0.00407748 0.00912427 0.00965389 
0.0512149 0.146368 0.012925 0.776317 0.00413135 0.00389526 0.00514896 
0.0411068 0.165711 0.00735377 0.771338 0.00534953 0.00605483 0.00308544 
0.0962777 0.293734 0.0120816 0.563948 0.0163304 0.00978462 0.00784402 
0.0592081 0.215053 0.00538433 0.686362 0.0254922 0.00487298 0.00362746 
0.0372227 0.144088 0.00886571 0.800467 0.00312184 0.00425385 0.00198153 
0.0531769 0.148918 0.00856685 0.742809 0.0312088 0.00907592 0.00624453 
0.0221565 0.043301 0.00232228 0.920312 0.00967551 0.00118902 0.00104323 
0.0580557 0.0694643 0.00880181 0.857612 0.00234059 0.00175061 0.00197529 
0.0459641 0.216771 0.0061262 0.724698 0.00292938 0.0015118 0.00200037 
0.0441588 0.188596 0.0068316 0.752053 0.00367059 0.00215168 0.00253806 
0.0304563 0.108816 0.00572178 0.850145 0.00199167 0.00118851 0.00168099 
0.0453337 0.181304 0.00429812 0.739239 0.0246547 0.00231018 0.00286068 
0.116508 0.282741 0.0346311 0.534656 0.00829452 0.0112368 0.0119319 
0.0862253 0.250022 0.0130772 0.633961 0.00625162 0.00461716 0.00584636 
0.0601921 0.237879 0.0138385 0.676794 0.0034388 0.00365586 0.0042009 
0.0603228 0.234002 0.0163842 0.678038 0.00297257 0.00432609 0.00395455 
0.0536831 0.237337 0.0127044 0.685197 0.00304079 0.00360043 0.00443689 
0.0582873 0.228804 0.012435 0.68642 0.00386885 0.00414711 0.00603786 
0.0545403 0.25745 0.00887584 0.667401 0.00351561 0.00301054 0.00520707 
0.0373654 0.135778 0.00895897 0.809775 0.00223784 0.00273022 0.00315479 
0.0494749 0.13196 0.0118614 0.795586 0.00328617 0.00270227 0.00512892 
0.141144 0.14176 0.013075 0.682905 0.00905847 0.00418661 0.00787146 
0.337408 0.0749702 0.00789158 0.569777 0.00591629 8.41557E-4 0.00319618 
0.212664 0.0867756 0.00631171 0.675916 0.0131766 0.00111123 0.00404384 
0.337467 0.0742877 0.00803167 0.56814 0.00784231 6.60121E-4 0.00357068 
0.282649 0.0592434 0.00646451 0.641997 0.00657237 6.6866E-4 0.00240512 
0.474822 0.0504003 0.00786201 0.454367 0.00722265 6.73388E-4 0.00465279 
0.536244 0.0504496 0.00700702 0.388181 0.0118508 7.63656E-4 0.00550401 
0.558265 0.0276546 0.00867748 0.391959 0.00716513 4.95659E-4 0.00578371 
0.575521 0.0587311 0.00813669 0.337902 0.0124657 8.26435E-4 0.00641747 
0.456836 0.0483888 0.0101495 0.474253 0.00379775 7.60025E-4 0.00581474 
0.502026 0.0553164 0.00705958 0.409435 0.0172455 0.00124085 0.00767655 
0.617812 0.0871929 0.00875317 0.261362 0.0143382 0.00173469 0.00880697 
0.596331 0.077932 0.01015 0.298112 0.00609748 0.00129962 0.010078 
0.649297 0.0504631 0.00811771 0.262922 0.0192779 0.00102384 0.00889845 
0.442012 0.0544383 0.0084019 0.476079 0.0110654 0.00106646 0.00693665 
0.293791 0.0415834 0.00554111 0.633491 0.0192647 0.00100709 0.00532195 
0.27895 0.0555681 0.00624599 0.630603 0.0205994 0.00119789 0.00683481 
0.224047 0.0560228 0.00612399 0.695568 0.011403 8.86854E-4 0.00594826 
0.432017 0.0729948 0.00982075 0.468964 0.005542 0.00152574 0.00913615 
0.308481 0.0437381 0.00644718 0.629624 0.00706334 5.12269E-4 0.00413479 
0.482421 0.0622975 0.00784611 0.426377 0.012803 8.56674E-4 0.00739894 
0.367763 0.0368715 0.00715484 0.576025 0.00569128 5.90095E-4 0.00590452 
0.531029 0.02448 0.0070469 0.411252 0.0183721 5.37661E-4 0.00728285 
0.628774 0.0455412 0.00914085 0.273605 0.0269111 0.00148303 0.0145438 
0.828779 0.0702446 0.00919295 0.0711654 0.00769376 0.00162066 0.0113041 
0.693443 0.0898629 0.0104128 0.182532 0.0117419 0.00121364 0.0107939 
0.631539 0.101774 0.0112225 0.229974 0.0123038 0.00156646 0.0116206 
0.472658 0.107254 0.0124059 0.375102 0.0191421 0.00257685 0.0108607 
0.542627 0.0660484 0.00901808 0.353254 0.0181413 0.00161509 0.00929541 
0.293791 0.0415834 0.00554111 0.633491 0.0192647 0.00100709 0.00532195 
0.27895 0.0555681 0.00624599 0.630603 0.0205994 0.00119789 0.00683481 
0.224047 0.0560228 0.00612399 0.695568 0.011403 8.86854E-4 0.00594826 
0.432017 0.0729948 0.00982075 0.468964 0.005542 0.00152574 0.00913615 
0.308481 0.0437381 0.00644718 0.629624 0.00706334 5.12269E-4 0.00413479 
0.482421 0.0622975 0.00784611 0.426377 0.012803 8.56674E-4 0.00739894 
0.367763 0.0368715 0.00715484 0.576025 0.00569128 5.90095E-4 0.00590452 
0.531029 0.02448 0.0070469 0.411252 0.0183721 5.37661E-4 0.00728285 
0.628774 0.0455412 0.00914085 0.273605 0.0269111 0.00148303 0.0145438 
0.828779 0.0702446 0.00919295 0.0711654 0.00769376 0.00162066 0.0113041 
0.693443 0.0898629 0.0104128 0.182532 0.0117419 0.00121364 0.0107939 
0.631539 0.101774 0.0112225 0.229974 0.0123038 0.00156646 0.0116206 
0.472658 0.107254 0.0124059 0.375102 0.0191421 0.00257685 0.0108607 
0.542627 0.0660484 0.00901808 0.353254 0.0181413 0.00161509 0.00929541 
0.628838 0.102202 0.0107221 0.235524 0.0123909 0.00167149 0.0086512 
0.662006 0.112451 0.00974515 0.192264 0.0129272 0.0016273 0.0089791 
0.605241 0.113428 0.00957519 0.214982 0.0438686 0.00256758 0.010338 
0.702855 0.113664 0.00992398 0.137356 0.0242938 0.00240367 0.00950296 
0.702676 0.094156 0.00944686 0.159176 0.0230405 0.00176787 0.00973652 
0.751289 0.0872717 0.0106439 0.123376 0.0152699 0.0026599 0.00948958 
0.704437 0.0840643 0.0104285 0.178685 0.0128645 0.00191271 0.00760781 
0.686182 0.0879924 0.00905888 0.166723 0.0388435 0.00241058 0.0087898 
0.729095 0.0711418 0.00886906 0.14699 0.0320681 0.00205843 0.00977782 
0.671353 0.119585 0.00924804 0.168933 0.0196756 0.00197328 0.00923232 
0.582275 0.119683 0.00920768 0.2514 0.0280353 0.0018425 0.00755701 
0.743156 0.0791592 0.0106836 0.119516 0.0321371 0.00262717 0.0127212 
0.740047 0.0762319 0.00947658 0.122237 0.0399732 0.00201482 0.0100194 
0.74018 0.0791765 0.00980349 0.140538 0.0202552 0.00181459 0.00823142 
0.730837 0.0857087 0.00908775 0.141227 0.0228753 0.00216255 0.00810154 
0.672339 0.0853764 0.00916502 0.205398 0.0195583 0.00163964 0.00652411 
0.705543 0.0866473 0.00924297 0.16568 0.0229491 0.00211423 0.00782367 
0.668296 0.104597 0.00911559 0.181783 0.0261255 0.00240908 0.00767408 
0.677958 0.0946128 0.00927359 0.18204 0.0252863 0.00171212 0.00911726 
0.628392 0.130541 0.00942417 0.179266 0.0396668 0.00234119 0.0103683 
0.687834 0.132751 0.00964876 0.128648 0.0280386 0.00203213 0.0110488 
0.681722 0.183817 0.00830694 0.0591405 0.0498435 0.00329398 0.0138763 
0.797446 0.058662 0.0100923 0.0952527 0.0257896 0.00209813 0.0106592 
0.756112 0.102631 0.00927098 0.0899712 0.0295105 0.00201589 0.0104879 
0.734265 0.114313 0.00932482 0.0960715 0.0321495 0.00204188 0.0118344 
0.575967 0.137095 0.0107397 0.24324 0.0210445 0.00245509 0.00945938 
0.594974 0.101125 0.0108675 0.250249 0.0305515 0.00243158 0.00980149 
0.628237 0.107743 0.00984405 0.229079 0.0155251 0.00191614 0.0076559 
0.643244 0.0855148 0.0087838 0.208209 0.0413969 0.00277016 0.0100813 
0.623029 0.116707 0.00941063 0.192085 0.046189 0.00271086 0.00986943 
0.59821 0.11241 0.00946529 0.245005 0.0229623 0.00217689 0.00977067 
0.52589 0.110922 0.00895256 0.294552 0.0479814 0.00263003 0.0090718 
0.596353 0.0792855 0.00920876 0.267756 0.037317 0.00177838 0.00830192 
0.621577 0.0883053 0.00959529 0.242514 0.0262766 0.00166622 0.0100658 
0.502175 0.0975923 0.0100896 0.328104 0.0493696 0.00288397 0.00978537 
0.556478 0.104844 0.00957901 0.293191 0.0244751 0.0019431 0.00948926 
0.542591 0.126189 0.00898051 0.26956 0.0404367 0.0027265 0.00951639 
0.558387 0.0923785 0.00974889 0.278617 0.0478597 0.00241866 0.0105907 
0.369721 0.0749199 0.00829241 0.503825 0.034354 0.00172876 0.00715918 
0.607655 0.0730312 0.00973854 0.277045 0.0231116 0.00148441 0.00793463 
0.413385 0.0961467 0.00992311 0.43945 0.0299458 0.00218631 0.00896338 
0.42581 0.0606335 0.00855833 0.47762 0.0192357 0.00109984 0.0070426 
0.551959 0.0925382 0.00939609 0.307792 0.0285251 0.0016041 0.00818536 
0.380585 0.10197 0.00977182 0.461553 0.0354431 0.0021627 0.008515 
0.297138 0.0662029 0.00812904 0.597226 0.024529 0.00132431 0.00545134 
0.367807 0.0757256 0.00921558 0.527608 0.0130438 0.00132781 0.00527237 
0.422498 0.116578 0.00962517 0.417906 0.0242129 0.0018979 0.00728188 
0.461463 0.0795701 0.00937735 0.413297 0.026672 0.00188422 0.00773679 
0.40357 0.0844344 0.00972689 0.477536 0.0159449 0.00210625 0.00668155 
0.432419 0.0998459 0.00960579 0.420784 0.0263872 0.00267691 0.00828135 
0.285633 0.104125 0.0105955 0.571798 0.0179342 0.00247696 0.0074373 
0.428053 0.109711 0.010475 0.422181 0.0198963 0.00236014 0.00732365 
0.459721 0.0997776 0.00973129 0.403453 0.0194483 0.00153112 0.00633842 
0.467525 0.102911 0.0104419 0.401768 0.0103776 0.00150548 0.00547061 
0.456182 0.110834 0.00875672 0.389781 0.0251987 0.00207155 0.00717572 
0.460382 0.139534 0.00988351 0.355208 0.0246948 0.00278763 0.00751028 
0.476084 0.134132 0.0105209 0.357122 0.0126381 0.00220169 0.00730231 
0.293791 0.0415834 0.00554111 0.633491 0.0192647 0.00100709 0.00532195 
0.27895 0.0555681 0.00624599 0.630603 0.0205994 0.00119789 0.00683481 
0.224047 0.0560228 0.00612399 0.695568 0.011403 8.86854E-4 0.00594826 
0.432017 0.0729948 0.00982075 0.468964 0.005542 0.00152574 0.00913615 
0.308481 0.0437381 0.00644718 0.629624 0.00706334 5.12269E-4 0.00413479 
0.482421 0.0622975 0.00784611 0.426377 0.012803 8.56674E-4 0.00739894 
0.367763 0.0368715 0.00715484 0.576025 0.00569128 5.90095E-4 0.00590452 
0.531029 0.02448 0.0070469 0.411252 0.0183721 5.37661E-4 0.00728285 
0.628774 0.0455412 0.00914085 0.273605 0.0269111 0.00148303 0.0145438 
0.828779 0.0702446 0.00919295 0.0711654 0.00769376 0.00162066 0.0113041 
0.693443 0.0898629 0.0104128 0.182532 0.0117419 0.00121364 0.0107939 
0.631539 0.101774 0.0112225 0.229974 0.0123038 0.00156646 0.0116206 
0.472658 0.107254 0.0124059 0.375102 0.0191421 0.00257685 0.0108607 
0.542627 0.0660484 0.00901808 0.353254 0.0181413 0.00161509 0.00929541 
0.535766 0.0859903 0.0103012 0.31404 0.0409204 0.00220209 0.0107794 
0.414108 0.0451298 0.00776261 0.483424 0.0405834 0.00139769 0.00759449 
0.398591 0.04959 0.00854176 0.510519 0.024288 0.00145628 0.00701468 
0.53727 0.0713573 0.0118826 0.340277 0.0267755 0.00236622 0.0100721 
0.648828 0.0457579 0.0158518 0.276931 0.00634014 8.32305E-4 0.00545891 
0.440235 0.0995261 0.0122474 0.423138 0.0151691 0.00139575 0.00828843 
0.658196 0.0933538 0.0114254 0.2053 0.0197049 0.00172649 0.0102936 
0.570987 0.0887429 0.00955568 0.278585 0.036994 0.00235898 0.0127771 
0.65778 0.0994989 0.00990191 0.179079 0.0362475 0.00234273 0.0151507 
0.564467 0.059809 0.00919652 0.321466 0.0332439 0.00182897 0.00998798 
0.696881 0.072601 0.0102152 0.187442 0.0205885 0.00221573 0.0100572 
0.612807 0.0949914 0.00894148 0.2369 0.0367165 0.00170207 0.00794155 
0.610196 0.0952004 0.00905186 0.236067 0.0392655 0.00170464 0.00851487 
0.62094 0.0615865 0.00776544 0.239156 0.0592308 0.00179594 0.00952546 
0.450817 0.0763653 0.00853909 0.427739 0.028462 0.00128692 0.00679045 
0.488527 0.129794 0.00953707 0.346883 0.0162026 0.00153356 0.0075227 
0.657119 0.0745847 0.010122 0.233291 0.0141259 0.0018233 0.00893421 
0.568319 0.0961654 0.0100807 0.301708 0.0131601 0.00144713 0.00912038 
0.529007 0.0751832 0.00948434 0.364804 0.0116121 0.00109271 0.00881616 
0.472449 0.0839036 0.00853169 0.393893 0.0299048 0.00199325 0.00932469 
0.445823 0.127548 0.011034 0.385914 0.0153499 0.00215592 0.0121752 
0.399466 0.126636 0.00957111 0.423367 0.0285378 0.0023669 0.0100556 
0.371327 0.0727582 0.00911474 0.534908 0.00637895 7.11795E-4 0.00480062 
0.465674 0.0565792 0.00802315 0.44888 0.01443 8.54655E-4 0.00555864 
0.613474 0.0485451 0.00897309 0.307874 0.0133953 7.91289E-4 0.00694787 
0.538579 0.0587312 0.00795116 0.365199 0.0207647 9.53662E-4 0.00782112 
0.439006 0.0683127 0.0078444 0.457695 0.0187633 0.0010448 0.0073335 
0.528173 0.0597542 0.00759565 0.368699 0.0278627 9.72005E-4 0.00694348 
