0.896464 0.0167901 0.0448592 0.0165689 0.00286514 0.00555649 0.0168963 
0.864151 0.0126426 0.0413115 0.0484861 0.00442041 0.00229807 0.0266901 
0.846749 0.0114313 0.039764 0.0615323 0.0060336 0.00408618 0.0304033 
0.837426 0.0139942 0.0439413 0.0623573 0.00614742 0.00787762 0.0282558 
0.866019 0.0102918 0.0486027 0.0239368 0.00577426 0.0119764 0.0333989 
0.859091 0.0125473 0.0450067 0.0400781 0.00775698 0.0102867 0.0252334 
0.886065 0.0201209 0.0373533 0.020726 0.00847399 0.00614748 0.0211135 
0.870169 0.0198587 0.033296 0.0338803 0.00822791 0.0096212 0.0249472 
0.890056 0.0111414 0.0399434 0.0206557 0.00457735 0.00591209 0.0277141 
0.887423 0.00896238 0.033206 0.0290419 0.0124628 0.00431188 0.0245924 
0.780006 0.0167192 0.0219036 0.144307 0.020704 0.00317924 0.0131813 
0.857488 0.0375628 0.0194911 0.0489755 0.013306 0.00742013 0.0157566 
0.880788 0.0276696 0.0201066 0.0230072 0.0217832 0.00763172 0.0190132 
0.881664 0.0261761 0.0175305 0.0424338 0.0136358 0.00533394 0.013226 
0.868876 0.0184144 0.0199365 0.0495424 0.0220581 0.0032503 0.0179219 
0.878004 0.0221325 0.021566 0.029892 0.0254816 0.00404386 0.0188803 
0.880664 0.0151146 0.0346191 0.0208575 0.0204827 0.00406826 0.0241943 
0.895871 0.0183489 0.0277771 0.0318367 0.0145159 0.00154935 0.0101015 
0.898437 0.0125855 0.0295409 0.0354751 0.0105827 0.0013734 0.0120059 
0.918204 0.00998433 0.0267998 0.022797 0.00922491 0.00187106 0.0111185 
0.882483 0.0157403 0.0354331 0.0121168 0.0162526 0.0122338 0.0257405 
0.821216 0.0261477 0.0388076 0.003567 0.00683953 0.0290059 0.0744159 
0.869864 0.0152161 0.0309916 0.0046026 0.00954034 0.0173225 0.052463 
0.844979 0.0194605 0.0255797 0.00877344 0.0100126 0.00735825 0.083837 
0.845614 0.0245734 0.023656 0.013216 0.0172663 0.00546727 0.0702075 
0.742442 0.0595005 0.00966614 0.160048 0.0148099 0.00461425 0.00891898 
0.729935 0.0837337 0.00742821 0.0942301 0.0542183 0.00532885 0.0251254 
0.339994 0.458365 0.00429 0.100249 0.0809725 0.00498181 0.0111475 
0.280724 0.341374 0.00795403 0.189597 0.153457 0.0123082 0.0145856 
0.386873 0.35905 0.00624896 0.157185 0.071805 0.00424405 0.0145944 
0.494857 0.273671 0.00618225 0.100181 0.0977127 0.00661012 0.0207863 
0.409247 0.214611 0.0102649 0.277508 0.0654633 0.00627045 0.016635 
0.367658 0.152515 0.0108701 0.373076 0.0748323 0.00702783 0.0140213 
0.686251 0.156133 0.00848986 0.0495209 0.072569 0.00406222 0.0229739 
0.5081 0.239541 0.00892563 0.0766874 0.138389 0.00631065 0.0220474 
0.402619 0.0900565 0.00804931 0.392115 0.0892895 0.00451076 0.0133603 
0.242857 0.190393 0.0151215 0.490782 0.0378394 0.0088168 0.0141904 
0.412716 0.124781 0.00927479 0.396811 0.042759 0.00385535 0.00980264 
0.461287 0.0474368 0.00956942 0.429962 0.0379177 0.00315305 0.0106743 
0.697557 0.0372044 0.0110114 0.132459 0.0959044 0.00522735 0.0206368 
0.736448 0.0274518 0.0120248 0.153439 0.0516957 0.00460598 0.0143352 
0.846591 0.0227017 0.0196561 0.0534314 0.031293 0.00309694 0.0232302 
0.697128 0.0142364 0.0200455 0.196869 0.0519594 0.0039317 0.0158298 
0.551839 0.00816662 0.04389 0.226208 0.110864 0.00574161 0.0532908 
0.659575 0.0205864 0.0230656 0.150891 0.120283 0.00516422 0.0204347 
0.527128 0.0185601 0.0121415 0.399659 0.0332933 0.00213728 0.0070806 
0.623281 0.0293874 0.0133396 0.304775 0.0174355 0.00176974 0.0100112 
0.635827 0.0385118 0.0129476 0.292716 0.00943748 0.00155491 0.00900548 
0.658859 0.0226669 0.011379 0.281656 0.0155352 0.00246489 0.00743912 
0.709087 0.031789 0.0138878 0.226297 0.00979628 0.00189155 0.00725073 
0.616682 0.0340664 0.0108221 0.29117 0.0372235 0.00213305 0.00790227 
0.639114 0.0539551 0.0143477 0.27112 0.0121365 0.00145825 0.00786856 
0.433951 0.045888 0.0105284 0.479897 0.0221235 0.00135417 0.00625781 
0.563724 0.0279091 0.0111634 0.370429 0.0198 0.00137363 0.00560095 
0.583477 0.021082 0.0146708 0.359969 0.0121354 0.0012944 0.00737217 
0.684574 0.026996 0.017575 0.246521 0.0125423 0.00155478 0.0102377 
0.719709 0.0220715 0.0161367 0.211359 0.0185732 0.00159102 0.010559 
0.610545 0.133732 0.0124564 0.222855 0.00594501 0.00180026 0.0126667 
0.645525 0.156822 0.0104739 0.159342 0.012025 0.00304468 0.0127681 
0.684898 0.147185 0.0108066 0.1327 0.00968218 0.00298417 0.0117442 
0.727566 0.113049 0.00919794 0.116668 0.0195187 0.002173 0.0118268 
0.619681 0.138456 0.011022 0.210884 0.00691309 0.00261848 0.0104252 
0.606202 0.122962 0.00979005 0.236183 0.0117079 0.00202623 0.0111292 
0.629217 0.18549 0.00852013 0.143726 0.0190357 0.0025854 0.0114255 
0.576428 0.11872 0.00873723 0.261985 0.023579 0.00261273 0.00793808 
0.616632 0.133079 0.010211 0.216648 0.0116866 0.00182063 0.00992261 
0.606596 0.141302 0.0105499 0.215637 0.0134177 0.00229384 0.0102028 
0.625202 0.0799015 0.00895931 0.224736 0.0470533 0.00263001 0.0115173 
0.564781 0.123295 0.0102492 0.26219 0.025914 0.00214801 0.0114222 
0.646221 0.107056 0.00898594 0.203884 0.0237584 0.00164128 0.00845298 
0.597128 0.148378 0.0105708 0.201005 0.0269888 0.0024736 0.0134558 
0.529519 0.15311 0.0111661 0.274807 0.0179917 0.00224394 0.0111617 
0.507383 0.111028 0.00912197 0.328758 0.0302904 0.00230251 0.0111155 
0.612821 0.116623 0.00832981 0.222673 0.0267665 0.00193478 0.0108514 
0.401728 0.14284 0.0108614 0.425886 0.00820783 0.00184892 0.00862717 
0.555121 0.142722 0.00818778 0.256889 0.0236188 0.00181233 0.0116486 
0.575395 0.101543 0.00842757 0.298492 0.00858592 0.00101715 0.0065395 
0.485603 0.0881608 0.00799493 0.388475 0.0220297 0.00164686 0.00608984 
0.424795 0.108356 0.00876278 0.436905 0.0128845 0.00163857 0.00665825 
0.571551 0.0974923 0.00834366 0.288289 0.0247564 0.00154441 0.00802345 
0.517443 0.139965 0.0100759 0.307918 0.0130669 0.00184426 0.00968685 
0.355579 0.123896 0.00990696 0.483688 0.016652 0.00234704 0.00793125 
0.365347 0.101048 0.00838523 0.503641 0.0138319 0.00129981 0.00644707 
0.503436 0.119943 0.00930951 0.339717 0.0178864 0.00160128 0.00810705 
0.477298 0.116791 0.00897702 0.371272 0.0172069 0.00153423 0.00692092 
0.553952 0.132578 0.00905321 0.276104 0.0201844 0.00142637 0.00670287 
0.0976017 0.22522 0.0126625 0.61344 0.0352022 0.00687106 0.00900198 
0.280149 0.0546352 0.00288432 0.576382 0.078835 0.00219884 0.00491614 
0.510901 0.0306693 0.00378156 0.354258 0.0921494 0.00186295 0.00637804 
0.845339 0.0334221 0.00763079 0.0949099 0.01131 0.00104015 0.00634833 
0.792331 0.0859269 0.0153633 0.0922353 0.00282067 6.64533E-4 0.0106581 
0.533521 0.0736707 0.0567056 0.329013 0.00118104 9.64766E-4 0.00494327 
0.709704 0.0615188 0.0320489 0.191393 0.00142504 9.8073E-4 0.00292966 
0.53311 0.0795747 0.00994864 0.367116 0.00518109 0.00115395 0.00391498 
0.49522 0.044549 0.00846419 0.441971 0.00547092 9.95037E-4 0.0033297 
0.671547 0.0764607 0.0106695 0.227434 0.00459634 0.00168575 0.00760635 
0.471951 0.0708425 0.00748281 0.426426 0.0148519 0.00120374 0.0072426 
0.522801 0.0779514 0.00878977 0.370628 0.0111543 0.0012825 0.00739313 
0.723924 0.0400677 0.0109033 0.208062 0.00506336 0.00144702 0.0105324 
0.803943 0.0449846 0.00969327 0.12723 0.00625256 0.00137777 0.00651934 
0.665894 0.0921264 0.0123013 0.21723 0.00343805 0.00226756 0.00674211 
0.791613 0.0944047 0.0112511 0.0874061 0.00435458 0.00283634 0.00813455 
0.791019 0.0539391 0.0139568 0.12909 0.00224094 0.00223561 0.00751863 
0.707671 0.120336 0.0261901 0.131585 0.00121296 0.00372572 0.00927946 
0.77686 0.0779749 0.0194889 0.112919 0.00162708 0.0017278 0.00940232 
0.82369 0.0957472 0.0190517 0.0451087 0.0018821 0.00229736 0.0122226 
0.800785 0.0891314 0.0135828 0.0794296 0.00532587 0.00240502 0.00934008 
0.882373 0.0491332 0.0220957 0.0200984 0.00126985 0.00596478 0.0190647 
0.830411 0.0485841 0.0368529 0.0675427 0.00106261 0.00278392 0.0127628 
0.474624 0.0269601 0.0526672 0.438383 9.66966E-4 9.25316E-4 0.005473 
0.806522 0.0776706 0.0297042 0.0793368 0.00176422 0.00162144 0.00338058 
0.716217 0.0708724 0.0411986 0.161952 9.48006E-4 0.00319012 0.0056225 
0.885482 0.0293813 0.0296207 0.0468546 0.00137912 0.00158827 0.00569376 
0.769543 0.0475136 0.0297192 0.14777 0.0016634 0.00122207 0.00256818 
0.676167 0.0347527 0.0326871 0.246203 0.00145691 0.00171488 0.00701888 
0.653193 0.0176902 0.0298208 0.291714 0.00255366 0.00119109 0.00383686 
0.808639 0.0257934 0.0200815 0.130644 0.00975721 7.26213E-4 0.00435917 
0.415739 0.0594588 0.0106714 0.497074 0.0141492 6.06503E-4 0.0023013 
0.76349 0.0312982 0.03182 0.15455 0.0105897 7.37002E-4 0.00751503 
0.638163 0.0179112 0.0678285 0.261761 0.00502774 7.28052E-4 0.00858056 
0.611811 0.0297886 0.0371707 0.309341 0.0051282 5.48923E-4 0.0062112 
0.462639 0.0257517 0.0314434 0.467105 0.00509865 5.36814E-4 0.00742592 
0.349037 0.0237224 0.0167827 0.599965 0.00365195 6.7279E-4 0.00616807 
0.140508 0.00942375 0.00962647 0.835337 0.00220658 2.81257E-4 0.00261684 
0.772126 0.0306991 0.0299271 0.148862 0.00444457 9.4508E-4 0.0129968 
0.528127 0.0305101 0.017295 0.410358 0.00512748 8.91949E-4 0.00768981 
0.760863 0.0473526 0.0191818 0.146824 0.0107421 0.00108677 0.0139498 
0.572398 0.0338533 0.0114735 0.362548 0.011442 8.41365E-4 0.007444 
0.754743 0.0471764 0.0104288 0.155401 0.0222134 0.00140846 0.00862893 
0.712205 0.03127 0.0129203 0.224644 0.00969326 0.00112511 0.00814271 
0.54296 0.026333 0.0108699 0.400793 0.00783672 0.00141212 0.00979489 
0.693148 0.0169848 0.0132264 0.255049 0.00755464 0.0014729 0.0125642 
0.242791 0.0229482 0.00616653 0.715367 0.00758176 7.54644E-4 0.00439068 
0.423121 0.0184707 0.00842455 0.528845 0.0145341 9.24262E-4 0.00568092 
0.47399 0.0294505 0.0134591 0.472869 0.00366583 8.64964E-4 0.00570016 
0.47405 0.0275533 0.0111282 0.469923 0.0093456 7.46381E-4 0.00725319 
0.604062 0.0473778 0.0125425 0.324094 0.00565249 5.72575E-4 0.00569835 
0.58468 0.0228783 0.0109461 0.36491 0.0117577 5.92279E-4 0.00423524 
0.463081 0.0310994 0.00977532 0.481788 0.00761713 6.97837E-4 0.00594201 
0.376872 0.0215989 0.00827616 0.580701 0.00720449 6.1733E-4 0.00473007 
0.495254 0.0450592 0.0120288 0.433995 0.00586575 9.65243E-4 0.00683239 
0.419971 0.0506691 0.0090849 0.500181 0.0115739 0.00106807 0.00745262 
0.436962 0.0705282 0.0123148 0.464663 0.00565798 0.00109722 0.00877682 
0.577921 0.0804676 0.0122176 0.316434 0.00563711 7.84447E-4 0.00653796 
0.550155 0.0826383 0.0103197 0.339137 0.0113323 8.96475E-4 0.00552147 
0.658196 0.0545998 0.0105127 0.253586 0.0147909 0.00114541 0.00716969 
0.689755 0.0363256 0.0122338 0.238576 0.0111874 7.72881E-4 0.0111495 
0.754381 0.0367426 0.0109005 0.165026 0.01986 0.00110537 0.0119853 
0.633391 0.0397242 0.0132132 0.29616 0.00669964 0.00101759 0.00979426 
0.699989 0.0433574 0.0115708 0.225759 0.00915059 0.0011206 0.00905263 
0.756567 0.0493702 0.0108328 0.157497 0.0138344 0.00139518 0.0105037 
0.77226 0.050227 0.0125151 0.146519 0.00832205 0.00131139 0.0088458 
0.818642 0.0582918 0.0101339 0.0822298 0.0173016 0.00174113 0.0116594 
0.68693 0.033375 0.00951052 0.237501 0.0224612 0.00140105 0.00882154 
0.753389 0.0522312 0.0108881 0.147587 0.0234543 0.00144226 0.0110078 
0.825605 0.0506943 0.0140786 0.0927308 0.00529111 0.00150285 0.0100973 
0.76916 0.0370623 0.0142038 0.160975 0.00821751 9.26396E-4 0.0094545 
0.704313 0.0397724 0.0109851 0.223609 0.0143608 6.25215E-4 0.00633489 
0.553744 0.0833218 0.00932362 0.324053 0.020857 0.00146732 0.00723314 
0.688379 0.0503148 0.00920514 0.217594 0.0245265 0.00185812 0.00812244 
0.601379 0.0331155 0.0121481 0.338833 0.00751389 9.44337E-4 0.00606555 
0.696574 0.0341862 0.0108086 0.23198 0.0166916 0.00136953 0.00838998 
0.706028 0.0395565 0.0115081 0.218816 0.0148354 8.67845E-4 0.00838895 
0.620507 0.0423429 0.0119624 0.311498 0.00586119 7.66722E-4 0.00706132 
0.640683 0.0726472 0.0102585 0.254535 0.012765 0.00148628 0.00762424 
0.582848 0.0292382 0.00844709 0.340913 0.0305345 0.0014452 0.00657361 
0.640253 0.0563533 0.0110326 0.265707 0.0168623 0.00159159 0.00820033 
0.61307 0.126352 0.00993487 0.212711 0.0247226 0.0019537 0.0112568 
0.688519 0.0557746 0.00912851 0.206691 0.0305378 0.00144313 0.0079062 
0.376248 0.0421408 0.00679952 0.556968 0.0107141 7.75251E-4 0.00635434 
0.435003 0.0295672 0.00627931 0.511438 0.0118984 6.07201E-4 0.00520617 
0.420742 0.0455328 0.00718287 0.508717 0.011838 6.5792E-4 0.00532999 
0.344339 0.0488299 0.0069526 0.584529 0.0087951 7.86474E-4 0.00576877 
0.4751 0.0323542 0.00778115 0.47103 0.00806687 5.90099E-4 0.00507671 
0.571714 0.0399081 0.00851928 0.364824 0.00747081 8.44346E-4 0.00671982 
0.418825 0.0364347 0.00796944 0.525281 0.00504572 8.8481E-4 0.00555841 
0.627773 0.0543749 0.00949782 0.293057 0.005838 0.00138788 0.00807194 
0.48441 0.0420239 0.00641215 0.441284 0.0182353 9.85449E-4 0.0066498 
0.576673 0.0435278 0.00715247 0.346441 0.0173565 0.00115723 0.00769248 
0.631577 0.0376336 0.00936251 0.307127 0.00657059 8.08194E-4 0.00692092 
0.539419 0.0414001 0.00832093 0.393445 0.00947406 8.77645E-4 0.00706335 
0.65266 0.0345754 0.00851383 0.289691 0.00803552 7.5826E-4 0.00576627 
0.451885 0.021928 0.00531059 0.492672 0.0219554 6.58284E-4 0.00559112 
0.500409 0.0241982 0.00639146 0.45062 0.0130497 6.75406E-4 0.00465629 
0.27829 0.0216875 0.00553723 0.685484 0.00609341 4.00951E-4 0.00250697 
0.379477 0.0266458 0.00685794 0.577173 0.00475938 5.47973E-4 0.00453957 
0.517078 0.0399068 0.00822404 0.421199 0.00693726 7.33841E-4 0.00592091 
0.599662 0.0369182 0.00970862 0.340744 0.00573594 8.11614E-4 0.00641954 
0.428881 0.0540679 0.00740878 0.491494 0.00927981 0.00120499 0.00766328 
0.519802 0.0291023 0.00775062 0.419288 0.0167806 8.92552E-4 0.00638397 
0.803976 0.0589952 0.0090196 0.0934636 0.0145945 0.00115321 0.0187982 
0.737566 0.0538715 0.00916214 0.177458 0.00930307 9.70513E-4 0.0116689 
0.322157 0.0534278 0.00673114 0.588775 0.0193807 0.00124864 0.00828007 
0.22408 0.0539073 0.00670128 0.693866 0.0136294 0.00122445 0.006592 
0.199576 0.031723 0.00440546 0.742892 0.0161984 6.62377E-4 0.00454277 
0.158046 0.069039 0.00673374 0.755075 0.00495009 0.0011142 0.00504182 
0.236202 0.0459645 0.00623331 0.69853 0.00766723 6.85372E-4 0.00471754 
0.258389 0.0444952 0.0060876 0.675317 0.00956689 9.20074E-4 0.00522478 
0.554424 0.0834095 0.0107189 0.331358 0.00891822 0.00164057 0.00953067 
0.533534 0.0726828 0.0100069 0.367106 0.00709896 0.00115929 0.00841192 
0.510402 0.0792373 0.0129376 0.384625 0.00370326 0.0013151 0.00778029 
0.628832 0.0450087 0.0102292 0.298073 0.00680709 0.00129839 0.00975156 
0.674144 0.0521282 0.0104187 0.24531 0.00525856 0.00140773 0.0113329 
0.480564 0.108859 0.0142458 0.374081 0.00778105 0.00276045 0.0117088 
0.623748 0.0577048 0.00932028 0.283049 0.0153075 0.00117981 0.00969065 
0.735985 0.0570362 0.0113506 0.17984 0.00561864 0.00131619 0.00885278 
0.648525 0.0526708 0.0109663 0.268705 0.0067261 0.00126938 0.0111376 
0.773914 0.0560264 0.0103508 0.137395 0.00924477 8.71183E-4 0.0121976 
0.807976 0.063704 0.0114858 0.0981829 0.00751244 0.00126744 0.00987132 
0.7824 0.0825778 0.0105861 0.0965463 0.0142524 0.00146681 0.0121704 
0.657584 0.0654846 0.0115628 0.251649 0.00536542 0.00133536 0.00701924 
0.537998 0.0814732 0.0123773 0.352653 0.00478392 0.00197086 0.00874371 
0.775357 0.0828394 0.00995566 0.115546 0.00607416 0.00178755 0.00844104 
0.817068 0.0542195 0.00939272 0.0943696 0.0142926 0.00124153 0.00941563 
0.847473 0.0449915 0.00779925 0.0634952 0.0214622 0.00163775 0.013141 
0.868878 0.0384292 0.00819498 0.0594873 0.0121055 0.0014573 0.011448 
0.81449 0.0538968 0.0102221 0.0943797 0.00935213 0.0022374 0.0154217 
0.789735 0.0565868 0.00832995 0.107661 0.022892 0.00169222 0.0131039 
0.699301 0.0633904 0.00828762 0.194769 0.0231009 0.00146936 0.00968137 
0.668953 0.0698268 0.0107263 0.226655 0.0129459 0.00123495 0.0096572 
0.521611 0.0353629 0.00697671 0.403324 0.0241813 0.00119297 0.00735162 
0.250189 0.014196 0.00426248 0.71751 0.0103986 5.96782E-4 0.00284769 
0.422589 0.0271695 0.00602258 0.520708 0.0177132 9.68546E-4 0.00482872 
0.503994 0.0319248 0.00748955 0.443073 0.00718862 8.38143E-4 0.00549246 
0.41574 0.0441243 0.00606807 0.513657 0.0131417 8.66419E-4 0.00640289 
0.195571 0.0327574 0.003952 0.753379 0.0105182 4.84409E-4 0.00333849 
0.21853 0.0497275 0.00590342 0.715243 0.00698612 5.28894E-4 0.00308155 
0.151137 0.0660697 0.00653584 0.766621 0.00496114 8.77196E-4 0.0037986 
0.1953 0.104314 0.00992285 0.668355 0.0113326 0.00245085 0.00832446 
0.319248 0.0892261 0.00995035 0.562398 0.00912506 0.00191296 0.00813924 
0.386361 0.0570917 0.00757971 0.528956 0.0116849 0.00172648 0.00660055 
0.449947 0.0335751 0.00736689 0.499844 0.00605119 8.0911E-4 0.00240724 
0.344549 0.0372055 0.0058794 0.599398 0.00864804 7.34489E-4 0.00358551 
0.317764 0.0676171 0.00706415 0.588834 0.0128875 0.00119883 0.00463423 
0.356284 0.0363879 0.00653063 0.588988 0.00811936 5.39796E-4 0.00315126 
0.385613 0.0601948 0.00961449 0.534062 0.00389906 0.00103141 0.00558583 
0.549498 0.0591311 0.00787852 0.36193 0.0127502 7.57824E-4 0.00805483 
0.24349 0.0583983 0.00679365 0.676031 0.00993203 0.00100376 0.00435135 
0.285529 0.1003 0.00799188 0.57245 0.0232661 0.00204101 0.0084208 
0.209055 0.0550248 0.00608956 0.713523 0.0102527 9.41309E-4 0.00511385 
0.375054 0.0484552 0.0070196 0.534355 0.0253682 0.0015364 0.00821187 
0.361349 0.0732091 0.00825494 0.535054 0.0119526 0.00112041 0.00905996 
0.382518 0.0801446 0.00943557 0.509446 0.00717978 0.00143396 0.00984168 
0.347329 0.0589822 0.00762321 0.556421 0.0185106 0.00159181 0.00954204 
0.316761 0.0669471 0.00787323 0.591836 0.0088979 8.24467E-4 0.00686118 
0.476541 0.048826 0.00855849 0.451324 0.00867481 5.32543E-4 0.00554238 
0.475239 0.0588001 0.00811215 0.431405 0.0169637 9.26597E-4 0.00855308 
0.384368 0.0415848 0.00841415 0.552384 0.00659443 4.43881E-4 0.00621034 
0.56726 0.0394759 0.00870049 0.368116 0.00926306 5.28574E-4 0.00665591 
0.650813 0.0732625 0.0113637 0.239459 0.00958355 9.42061E-4 0.014576 
0.693684 0.0637007 0.00845724 0.19932 0.0209545 0.00107583 0.0128078 
0.575186 0.0596184 0.0103793 0.336737 0.00690984 8.17079E-4 0.0103524 
0.631186 0.061307 0.00874526 0.265524 0.0182487 0.00123482 0.0137548 
0.522208 0.0665111 0.00841777 0.381022 0.0116113 9.25734E-4 0.00930392 
0.67655 0.0677606 0.0102412 0.229024 0.00679239 9.6472E-4 0.00866755 
0.554424 0.0834095 0.0107189 0.331358 0.00891822 0.00164057 0.00953067 
0.533534 0.0726828 0.0100069 0.367106 0.00709896 0.00115929 0.00841192 
0.510402 0.0792373 0.0129376 0.384625 0.00370326 0.0013151 0.00778029 
0.628832 0.0450087 0.0102292 0.298073 0.00680709 0.00129839 0.00975156 
0.674144 0.0521282 0.0104187 0.24531 0.00525856 0.00140773 0.0113329 
0.480564 0.108859 0.0142458 0.374081 0.00778105 0.00276045 0.0117088 
0.623748 0.0577048 0.00932028 0.283049 0.0153075 0.00117981 0.00969065 
0.735985 0.0570362 0.0113506 0.17984 0.00561864 0.00131619 0.00885278 
0.648525 0.0526708 0.0109663 0.268705 0.0067261 0.00126938 0.0111376 
0.773914 0.0560264 0.0103508 0.137395 0.00924477 8.71183E-4 0.0121976 
0.807976 0.063704 0.0114858 0.0981829 0.00751244 0.00126744 0.00987132 
0.7824 0.0825778 0.0105861 0.0965463 0.0142524 0.00146681 0.0121704 
0.657584 0.0654846 0.0115628 0.251649 0.00536542 0.00133536 0.00701924 
0.537998 0.0814732 0.0123773 0.352653 0.00478392 0.00197086 0.00874371 
0.775357 0.0828394 0.00995566 0.115546 0.00607416 0.00178755 0.00844104 
0.817068 0.0542195 0.00939272 0.0943696 0.0142926 0.00124153 0.00941563 
0.847473 0.0449915 0.00779925 0.0634952 0.0214622 0.00163775 0.013141 
0.868878 0.0384292 0.00819498 0.0594873 0.0121055 0.0014573 0.011448 
0.81449 0.0538968 0.0102221 0.0943797 0.00935213 0.0022374 0.0154217 
0.789735 0.0565868 0.00832995 0.107661 0.022892 0.00169222 0.0131039 
0.699301 0.0633904 0.00828762 0.194769 0.0231009 0.00146936 0.00968137 
0.668953 0.0698268 0.0107263 0.226655 0.0129459 0.00123495 0.0096572 
0.521611 0.0353629 0.00697671 0.403324 0.0241813 0.00119297 0.00735162 
0.250189 0.014196 0.00426248 0.71751 0.0103986 5.96782E-4 0.00284769 
0.422589 0.0271695 0.00602258 0.520708 0.0177132 9.68546E-4 0.00482872 
0.503994 0.0319248 0.00748955 0.443073 0.00718862 8.38143E-4 0.00549246 
0.41574 0.0441243 0.00606807 0.513657 0.0131417 8.66419E-4 0.00640289 
0.195571 0.0327574 0.003952 0.753379 0.0105182 4.84409E-4 0.00333849 
0.21853 0.0497275 0.00590342 0.715243 0.00698612 5.28894E-4 0.00308155 
0.151137 0.0660697 0.00653584 0.766621 0.00496114 8.77196E-4 0.0037986 
0.1953 0.104314 0.00992285 0.668355 0.0113326 0.00245085 0.00832446 
0.319248 0.0892261 0.00995035 0.562398 0.00912506 0.00191296 0.00813924 
0.386361 0.0570917 0.00757971 0.528956 0.0116849 0.00172648 0.00660055 
0.449947 0.0335751 0.00736689 0.499844 0.00605119 8.0911E-4 0.00240724 
0.344549 0.0372055 0.0058794 0.599398 0.00864804 7.34489E-4 0.00358551 
0.317764 0.0676171 0.00706415 0.588834 0.0128875 0.00119883 0.00463423 
0.356284 0.0363879 0.00653063 0.588988 0.00811936 5.39796E-4 0.00315126 
0.385613 0.0601948 0.00961449 0.534062 0.00389906 0.00103141 0.00558583 
0.549498 0.0591311 0.00787852 0.36193 0.0127502 7.57824E-4 0.00805483 
0.24349 0.0583983 0.00679365 0.676031 0.00993203 0.00100376 0.00435135 
0.285529 0.1003 0.00799188 0.57245 0.0232661 0.00204101 0.0084208 
0.209055 0.0550248 0.00608956 0.713523 0.0102527 9.41309E-4 0.00511385 
0.375054 0.0484552 0.0070196 0.534355 0.0253682 0.0015364 0.00821187 
0.361349 0.0732091 0.00825494 0.535054 0.0119526 0.00112041 0.00905996 
0.382518 0.0801446 0.00943557 0.509446 0.00717978 0.00143396 0.00984168 
0.347329 0.0589822 0.00762321 0.556421 0.0185106 0.00159181 0.00954204 
0.316761 0.0669471 0.00787323 0.591836 0.0088979 8.24467E-4 0.00686118 
0.476541 0.048826 0.00855849 0.451324 0.00867481 5.32543E-4 0.00554238 
0.475239 0.0588001 0.00811215 0.431405 0.0169637 9.26597E-4 0.00855308 
0.384368 0.0415848 0.00841415 0.552384 0.00659443 4.43881E-4 0.00621034 
0.56726 0.0394759 0.00870049 0.368116 0.00926306 5.28574E-4 0.00665591 
0.650813 0.0732625 0.0113637 0.239459 0.00958355 9.42061E-4 0.014576 
0.693684 0.0637007 0.00845724 0.19932 0.0209545 0.00107583 0.0128078 
0.575186 0.0596184 0.0103793 0.336737 0.00690984 8.17079E-4 0.0103524 
0.631186 0.061307 0.00874526 0.265524 0.0182487 0.00123482 0.0137548 
0.522208 0.0665111 0.00841777 0.381022 0.0116113 9.25734E-4 0.00930392 
0.67655 0.0677606 0.0102412 0.229024 0.00679239 9.6472E-4 0.00866755 
0.492216 0.151993 0.00528711 0.297081 0.0441438 0.00325093 0.00602847 
0.742649 0.169236 0.00912441 0.0564164 0.014437 0.00215031 0.00598776 
0.679835 0.268739 0.00982168 0.0215426 0.00803819 0.00336554 0.00865839 
0.81505 0.126191 0.0216486 0.0103929 0.00316074 0.00708925 0.0164678 
0.654978 0.291662 0.00852257 0.0156292 0.0098996 0.00766335 0.0116457 
0.439125 0.45461 0.00478177 0.0194344 0.0539727 0.00757801 0.0204981 
0.509403 0.361564 0.00507492 0.0762954 0.0331221 0.00406712 0.0104733 
0.643486 0.201886 0.00595301 0.0899074 0.0471283 0.00285558 0.00878434 
0.617729 0.247137 0.00534368 0.0957809 0.0259421 0.00287302 0.00519455 
0.413092 0.166924 0.00540772 0.285526 0.118249 0.00476014 0.00604096 
0.318481 0.215312 0.00724316 0.278424 0.162889 0.00805502 0.00959725 
0.164718 0.102058 0.00672725 0.199445 0.509759 0.00818694 0.0091056 
0.119872 0.0967768 0.00534586 0.0889279 0.673254 0.00832953 0.00749397 
0.195488 0.121193 0.00743092 0.125679 0.530904 0.00917131 0.0101348 
0.219496 0.0893477 0.00467919 0.111031 0.560521 0.0072241 0.00770085 
0.246113 0.0959506 0.0057669 0.128322 0.50707 0.00719205 0.0095863 
0.483715 0.21051 0.00598805 0.16016 0.121522 0.00556238 0.0125416 
0.51901 0.233001 0.00615165 0.140034 0.0824756 0.00608168 0.0132454 
0.456339 0.163302 0.00570324 0.243038 0.114697 0.00551641 0.0114043 
0.34953 0.190763 0.00537619 0.35394 0.0873336 0.00511697 0.00794069 
0.32206 0.174024 0.00735408 0.387465 0.0916358 0.00602344 0.0114369 
0.340487 0.176001 0.00668241 0.302552 0.155834 0.00719546 0.0112488 
0.360819 0.226657 0.00556646 0.305991 0.0862642 0.00617855 0.00852422 
0.536898 0.163047 0.0051134 0.196363 0.084496 0.00475244 0.00933034 
0.402494 0.191886 0.00559619 0.254804 0.128278 0.00709686 0.00984426 
0.452364 0.255601 0.0043441 0.136922 0.133012 0.00797205 0.00978384 
0.53163 0.183873 0.00480805 0.170376 0.0910775 0.0066986 0.0115381 
0.501435 0.229702 0.00488406 0.117405 0.127028 0.00667126 0.0128742 
0.513679 0.299418 0.00429711 0.0673867 0.0908579 0.00678657 0.0175752 
0.468645 0.177808 0.0056383 0.114941 0.208915 0.0087154 0.0153361 
0.43541 0.316669 0.00385702 0.100964 0.121846 0.00901656 0.0122376 
0.374759 0.146454 0.0068554 0.100264 0.347177 0.0108544 0.0136366 
0.463466 0.301052 0.004504 0.105574 0.106584 0.00662957 0.0121902 
0.378078 0.433461 0.00312992 0.0459345 0.11979 0.00680934 0.0127974 
0.363732 0.278875 0.00674858 0.139333 0.190311 0.00822789 0.012773 
0.464352 0.339202 0.00409915 0.0993088 0.077058 0.00534908 0.0106313 
0.413045 0.389042 0.0037429 0.0909877 0.0879251 0.00590949 0.00934766 
0.372927 0.315454 0.00522068 0.105794 0.182571 0.0079888 0.0100446 
0.317407 0.219137 0.00652525 0.0938995 0.340307 0.01136 0.0113647 
0.321419 0.191669 0.00741329 0.129159 0.328103 0.0111182 0.0111184 
0.242278 0.348075 0.00467137 0.104408 0.28201 0.010612 0.00794604 
0.323166 0.430913 0.00247723 0.0828161 0.145024 0.0093694 0.00623467 
0.241246 0.5055 0.00205037 0.0608243 0.173707 0.0100209 0.00665173 
0.638833 0.029307 0.0076669 0.278651 0.0355158 0.00136152 0.00866449 
0.508205 0.03127 0.00758927 0.411021 0.0313912 0.00140518 0.00911854 
0.650505 0.0391183 0.00945805 0.268398 0.0183474 0.00105358 0.0131195 
0.505526 0.0230169 0.00781764 0.43775 0.0131856 0.0010871 0.0116171 
0.535658 0.0223621 0.00666304 0.394205 0.0306374 0.00103707 0.00943695 
0.580384 0.0261255 0.00775343 0.349261 0.0248497 0.00121229 0.0104143 
0.543194 0.0347849 0.00783267 0.383111 0.0198762 0.00112953 0.010072 
0.570157 0.0460891 0.00883071 0.351387 0.012872 0.00106777 0.00959661 
0.531339 0.0440247 0.00894445 0.387221 0.0171351 0.00146466 0.0098713 
0.600937 0.0410642 0.00839732 0.314281 0.0221791 0.00161373 0.0115277 
0.543594 0.0429392 0.00833469 0.357286 0.0354812 0.0019281 0.0104369 
0.5746 0.0457856 0.00763614 0.323746 0.0358536 0.00174297 0.0106356 
0.547627 0.0359968 0.00793188 0.379147 0.0155914 0.00126975 0.0124359 
0.575128 0.0638883 0.0092823 0.309626 0.022468 0.00196784 0.0176389 
0.476869 0.0443889 0.00802578 0.431429 0.0254141 0.00141604 0.0124572 
0.530284 0.0324296 0.00767758 0.391624 0.0275328 0.00104269 0.00940865 
0.587171 0.0434275 0.00904423 0.326041 0.0188309 0.0012184 0.0142679 
0.537284 0.0306257 0.00734925 0.371143 0.0396767 0.00142392 0.012497 
0.583348 0.0281179 0.00835512 0.337623 0.0283607 0.00149829 0.0126967 
0.613646 0.0329444 0.00848327 0.297275 0.0329591 0.00176782 0.0129242 
0.666922 0.0271037 0.00775444 0.262947 0.0229632 0.00139817 0.0109112 
0.594616 0.0283958 0.00792711 0.343372 0.0166302 0.00131837 0.00773952 
0.687468 0.0334516 0.00899221 0.245326 0.013838 0.00112171 0.00980263 
0.739222 0.0402357 0.00724401 0.156238 0.0430499 0.00193025 0.0120803 
0.747755 0.0280286 0.00864306 0.169239 0.030539 0.00140148 0.0143946 
0.771984 0.0268507 0.00825554 0.150213 0.0243961 0.00168395 0.0166161 
0.639321 0.0282213 0.0078213 0.279879 0.0302642 0.00153427 0.0129597 
0.639681 0.0367542 0.00895961 0.285048 0.0178012 0.00154512 0.0102109 
0.630487 0.0354643 0.00842082 0.29181 0.025095 0.00110097 0.00762158 
0.638572 0.0462353 0.00819498 0.264755 0.0328418 0.00146115 0.00794007 
0.51853 0.0604047 0.00782881 0.377121 0.027021 0.0014907 0.00760446 
0.547295 0.0364261 0.0079459 0.357154 0.0402486 0.00198603 0.00894458 
0.43529 0.0548501 0.00665518 0.455283 0.039468 0.00205453 0.0063991 
0.395053 0.0473236 0.00618994 0.513304 0.0310943 0.00164708 0.00538786 
0.632653 0.0860279 0.00950888 0.233679 0.0248916 0.0024129 0.0108268 
0.571434 0.0833885 0.0078299 0.219458 0.102764 0.00325084 0.0118747 
0.61702 0.0978425 0.00841906 0.202428 0.0626502 0.0027553 0.00888468 
0.711045 0.110778 0.00799595 0.0802953 0.071389 0.00361869 0.0148782 
0.68619 0.074039 0.00684699 0.117888 0.1001 0.00345989 0.0114762 
0.662133 0.200754 0.00759884 0.0771336 0.0384659 0.00271211 0.0112023 
0.615474 0.185785 0.00902309 0.13388 0.0390468 0.00295646 0.013834 
0.687257 0.201745 0.00871509 0.0665269 0.0185054 0.00317143 0.0140794 
0.649077 0.105608 0.0102224 0.191686 0.0296238 0.00289042 0.0108924 
0.692312 0.138222 0.0118438 0.123012 0.0152237 0.0031773 0.0162097 
0.638157 0.138368 0.010781 0.186311 0.011865 0.00228223 0.0122356 
0.739981 0.0778338 0.0115814 0.143812 0.0128176 0.00214957 0.0118252 
0.691164 0.069518 0.0107952 0.176515 0.0328353 0.00428909 0.0148841 
0.797046 0.0801124 0.0110813 0.0837906 0.0101811 0.00375284 0.0140354 
0.781533 0.0669592 0.0108956 0.115571 0.00998952 0.00308794 0.011964 
0.866151 0.0428745 0.0120754 0.0574623 0.00659936 0.0015603 0.0132773 
0.8335 0.0635724 0.0201607 0.0151007 0.00224104 0.00322192 0.0622032 
0.866618 0.0296749 0.0175214 0.0422537 0.00175901 0.00585939 0.0363131 
0.866057 0.0331338 0.0140462 0.0625034 0.00258873 0.00505749 0.0166134 
0.92354 0.0222002 0.0127764 0.0143173 0.00467142 0.00430261 0.0181922 
0.890601 0.0450015 0.0155707 0.0161722 0.00256186 0.00491911 0.0251737 
0.846682 0.0733691 0.0115257 0.025262 0.00497739 0.00394534 0.0342385 
0.873531 0.0518119 0.0108556 0.0445005 0.00708679 0.0019484 0.0102654 
0.638833 0.029307 0.0076669 0.278651 0.0355158 0.00136152 0.00866449 
0.508205 0.03127 0.00758927 0.411021 0.0313912 0.00140518 0.00911854 
0.650505 0.0391183 0.00945805 0.268398 0.0183474 0.00105358 0.0131195 
0.505526 0.0230169 0.00781764 0.43775 0.0131856 0.0010871 0.0116171 
0.535658 0.0223621 0.00666304 0.394205 0.0306374 0.00103707 0.00943695 
0.580384 0.0261255 0.00775343 0.349261 0.0248497 0.00121229 0.0104143 
0.543194 0.0347849 0.00783267 0.383111 0.0198762 0.00112953 0.010072 
0.570157 0.0460891 0.00883071 0.351387 0.012872 0.00106777 0.00959661 
0.531339 0.0440247 0.00894445 0.387221 0.0171351 0.00146466 0.0098713 
0.600937 0.0410642 0.00839732 0.314281 0.0221791 0.00161373 0.0115277 
0.543594 0.0429392 0.00833469 0.357286 0.0354812 0.0019281 0.0104369 
0.5746 0.0457856 0.00763614 0.323746 0.0358536 0.00174297 0.0106356 
0.547627 0.0359968 0.00793188 0.379147 0.0155914 0.00126975 0.0124359 
0.575128 0.0638883 0.0092823 0.309626 0.022468 0.00196784 0.0176389 
0.476869 0.0443889 0.00802578 0.431429 0.0254141 0.00141604 0.0124572 
0.530284 0.0324296 0.00767758 0.391624 0.0275328 0.00104269 0.00940865 
0.587171 0.0434275 0.00904423 0.326041 0.0188309 0.0012184 0.0142679 
0.537284 0.0306257 0.00734925 0.371143 0.0396767 0.00142392 0.012497 
0.583348 0.0281179 0.00835512 0.337623 0.0283607 0.00149829 0.0126967 
0.613646 0.0329444 0.00848327 0.297275 0.0329591 0.00176782 0.0129242 
0.666922 0.0271037 0.00775444 0.262947 0.0229632 0.00139817 0.0109112 
0.594616 0.0283958 0.00792711 0.343372 0.0166302 0.00131837 0.00773952 
0.687468 0.0334516 0.00899221 0.245326 0.013838 0.00112171 0.00980263 
0.739222 0.0402357 0.00724401 0.156238 0.0430499 0.00193025 0.0120803 
0.747755 0.0280286 0.00864306 0.169239 0.030539 0.00140148 0.0143946 
0.771984 0.0268507 0.00825554 0.150213 0.0243961 0.00168395 0.0166161 
0.639321 0.0282213 0.0078213 0.279879 0.0302642 0.00153427 0.0129597 
0.639681 0.0367542 0.00895961 0.285048 0.0178012 0.00154512 0.0102109 
0.630487 0.0354643 0.00842082 0.29181 0.025095 0.00110097 0.00762158 
0.638572 0.0462353 0.00819498 0.264755 0.0328418 0.00146115 0.00794007 
0.51853 0.0604047 0.00782881 0.377121 0.027021 0.0014907 0.00760446 
0.547295 0.0364261 0.0079459 0.357154 0.0402486 0.00198603 0.00894458 
0.43529 0.0548501 0.00665518 0.455283 0.039468 0.00205453 0.0063991 
0.395053 0.0473236 0.00618994 0.513304 0.0310943 0.00164708 0.00538786 
0.632653 0.0860279 0.00950888 0.233679 0.0248916 0.0024129 0.0108268 
0.571434 0.0833885 0.0078299 0.219458 0.102764 0.00325084 0.0118747 
0.61702 0.0978425 0.00841906 0.202428 0.0626502 0.0027553 0.00888468 
0.711045 0.110778 0.00799595 0.0802953 0.071389 0.00361869 0.0148782 
0.68619 0.074039 0.00684699 0.117888 0.1001 0.00345989 0.0114762 
0.662133 0.200754 0.00759884 0.0771336 0.0384659 0.00271211 0.0112023 
0.615474 0.185785 0.00902309 0.13388 0.0390468 0.00295646 0.013834 
0.687257 0.201745 0.00871509 0.0665269 0.0185054 0.00317143 0.0140794 
0.649077 0.105608 0.0102224 0.191686 0.0296238 0.00289042 0.0108924 
0.692312 0.138222 0.0118438 0.123012 0.0152237 0.0031773 0.0162097 
0.638157 0.138368 0.010781 0.186311 0.011865 0.00228223 0.0122356 
0.739981 0.0778338 0.0115814 0.143812 0.0128176 0.00214957 0.0118252 
0.691164 0.069518 0.0107952 0.176515 0.0328353 0.00428909 0.0148841 
0.797046 0.0801124 0.0110813 0.0837906 0.0101811 0.00375284 0.0140354 
0.781533 0.0669592 0.0108956 0.115571 0.00998952 0.00308794 0.011964 
0.866151 0.0428745 0.0120754 0.0574623 0.00659936 0.0015603 0.0132773 
0.8335 0.0635724 0.0201607 0.0151007 0.00224104 0.00322192 0.0622032 
0.866618 0.0296749 0.0175214 0.0422537 0.00175901 0.00585939 0.0363131 
0.866057 0.0331338 0.0140462 0.0625034 0.00258873 0.00505749 0.0166134 
0.92354 0.0222002 0.0127764 0.0143173 0.00467142 0.00430261 0.0181922 
0.890601 0.0450015 0.0155707 0.0161722 0.00256186 0.00491911 0.0251737 
0.846682 0.0733691 0.0115257 0.025262 0.00497739 0.00394534 0.0342385 
0.873531 0.0518119 0.0108556 0.0445005 0.00708679 0.0019484 0.0102654 
0.507323 0.0533587 0.015835 0.409876 0.00589001 8.37739E-4 0.00687985 
0.465386 0.0503498 0.0172209 0.45678 0.00403255 8.19812E-4 0.0054107 
0.422009 0.0279167 0.0168609 0.524603 0.00330195 5.64287E-4 0.00474487 
0.551891 0.0367166 0.0275492 0.374623 0.0024094 8.20727E-4 0.0059906 
0.58971 0.0414553 0.0234848 0.334464 0.00324975 9.07802E-4 0.00672744 
0.639305 0.0276196 0.0246538 0.298494 0.00342592 8.83739E-4 0.00561742 
0.485713 0.042173 0.0270505 0.437334 0.00200883 8.77067E-4 0.00484344 
0.450972 0.0308777 0.0163637 0.492857 0.00370001 7.5137E-4 0.00447848 
0.54073 0.0318806 0.0192154 0.398293 0.0047136 7.54648E-4 0.00441325 
0.559403 0.0376753 0.019429 0.373638 0.00414572 7.19071E-4 0.00499026 
0.528594 0.0390063 0.0221439 0.40059 0.00251792 0.00104654 0.00610102 
0.346211 0.0297999 0.0121054 0.601226 0.00510577 7.74377E-4 0.00477808 
0.474342 0.0387708 0.0147367 0.461957 0.00486405 7.35444E-4 0.00459458 
0.580152 0.0618587 0.0145603 0.321324 0.0120962 0.00133404 0.00867475 
0.711552 0.0454997 0.0155255 0.21153 0.00608348 0.00144815 0.00836141 
0.335657 0.0604451 0.0105774 0.573981 0.0108823 0.00157124 0.00688618 
0.458324 0.0549471 0.0121767 0.459524 0.00740407 0.00125606 0.00636905 
0.481201 0.0535247 0.0133639 0.436072 0.00808586 0.00144624 0.00630617 
0.469604 0.0349328 0.0143777 0.470319 0.00497481 7.78057E-4 0.00501336 
0.325154 0.0331875 0.0099643 0.620522 0.00643643 8.89653E-4 0.00384681 
0.311375 0.0316523 0.012147 0.638231 0.00273158 7.34832E-4 0.00312803 
0.579082 0.0387402 0.0176967 0.356073 0.00375316 7.33139E-4 0.00392159 
0.318918 0.0401756 0.0106966 0.619898 0.00535966 8.31954E-4 0.00411971 
0.406619 0.0444405 0.0109445 0.517443 0.0130154 0.00116293 0.00637513 
0.551055 0.0575692 0.0119769 0.355989 0.0144746 0.00146318 0.00747133 
0.318647 0.0400145 0.0101936 0.619134 0.00585387 0.0011225 0.00503448 
0.57858 0.0488592 0.0155114 0.344997 0.0047554 0.00113052 0.00616643 
0.463184 0.0590845 0.0184856 0.446396 0.00280997 0.00179237 0.00824702 
0.612759 0.0650341 0.0151858 0.2913 0.00631708 0.00173862 0.00766574 
0.507117 0.0608508 0.013283 0.402584 0.00820184 0.0014201 0.00654252 
0.520949 0.0481348 0.0132566 0.399792 0.00938283 0.00139391 0.00709064 
0.466441 0.0632919 0.0120248 0.439975 0.0107081 0.00126446 0.00629439 
0.555242 0.0622178 0.0132482 0.350473 0.00995233 0.0015611 0.00730638 
0.623483 0.071647 0.0131056 0.271707 0.0101255 0.00129793 0.00863393 
0.706523 0.0573171 0.0127214 0.200575 0.012542 0.00156431 0.00875772 
0.689697 0.0625819 0.0131456 0.213812 0.011203 0.00132719 0.00823265 
0.720202 0.0838923 0.012873 0.160005 0.0116633 0.00161174 0.00975256 
0.759611 0.0837887 0.0121672 0.12211 0.0113714 0.00207247 0.00887899 
0.685502 0.0901743 0.0113987 0.17871 0.022816 0.00182441 0.00957481 
0.735184 0.0718914 0.0112921 0.157631 0.0154267 0.00142942 0.00714538 
0.70888 0.0855171 0.0112784 0.164266 0.0200841 0.00191717 0.00805676 
0.687525 0.0573579 0.0103791 0.211592 0.0263205 0.00115452 0.00567076 
0.579526 0.0838395 0.0111223 0.304619 0.0127335 0.00105317 0.00710618 
0.529581 0.0619727 0.0117692 0.38148 0.00908028 7.33387E-4 0.00538316 
0.56638 0.0836106 0.0113532 0.319328 0.0113844 0.00117285 0.00677157 
0.591691 0.0534834 0.0147209 0.326549 0.00603373 0.00103224 0.00648959 
0.600693 0.0351944 0.011413 0.33144 0.0142065 9.53493E-4 0.00609925 
0.63314 0.0510407 0.0119267 0.278631 0.0169731 9.14027E-4 0.00737386 
0.726895 0.0593686 0.0115072 0.177766 0.016502 0.00105715 0.00690468 
0.727231 0.0663209 0.012352 0.16732 0.0181653 0.00106985 0.00754064 
0.65976 0.0731457 0.0109735 0.22235 0.0251506 0.00144138 0.00717917 
0.679168 0.130845 0.0111886 0.139512 0.0265455 0.00225396 0.0104875 
0.663727 0.120595 0.0104803 0.170829 0.024596 0.00195176 0.00782164 
0.662163 0.0862702 0.0103771 0.199542 0.0310218 0.00186613 0.00876009 
0.661073 0.0699841 0.0117646 0.22887 0.0189289 0.00155895 0.00781973 
0.688372 0.0742578 0.0128522 0.205666 0.0104045 0.00164753 0.00680044 
0.684624 0.0612721 0.0154465 0.225472 0.00494798 0.00130877 0.00692831 
0.746251 0.0957304 0.0130953 0.126263 0.00787056 0.00166975 0.00911913 
0.684861 0.0852696 0.0115168 0.191359 0.0166297 0.00161357 0.008751 
0.66334 0.0561829 0.0118607 0.247593 0.013602 0.00117317 0.00624752 
0.612904 0.0533676 0.0103098 0.292969 0.0221253 0.00138962 0.00693452 
0.593655 0.0376577 0.00889927 0.298849 0.0528834 0.00155073 0.00650493 
0.449648 0.0408294 0.00866393 0.457196 0.03558 0.00116954 0.0069136 
0.428509 0.0419405 0.00746381 0.4916 0.0253991 8.85041E-4 0.0042033 
0.507188 0.0464146 0.0102657 0.414282 0.0142815 0.00102655 0.00654204 
0.602515 0.0519272 0.0110311 0.314043 0.0123503 0.0013854 0.00674831 
0.467625 0.0560421 0.0109214 0.449387 0.00943928 0.00112641 0.00545935 
0.404156 0.0433739 0.00843653 0.512645 0.0251631 0.00103136 0.00519363 
0.428235 0.051567 0.00919135 0.486068 0.0166489 0.00164978 0.00664083 
0.564551 0.0579777 0.00972728 0.327053 0.0281548 0.00230378 0.0102322 
0.216251 0.0437977 0.0076727 0.694977 0.0273573 0.00299772 0.00694644 
0.508156 0.0574474 0.0107944 0.404507 0.00979878 0.00234772 0.00694836 
0.43884 0.0539345 0.0100754 0.477523 0.0110296 0.00171646 0.00688111 
0.591124 0.0459698 0.0114066 0.335744 0.00747094 0.00184666 0.00643804 
0.694582 0.048732 0.0139286 0.229031 0.00543721 0.00127155 0.00701771 
0.705621 0.0507186 0.0133296 0.212879 0.00617593 0.00169151 0.00958432 
0.602378 0.074722 0.0131625 0.294075 0.00561101 0.00172379 0.00832847 
0.485654 0.111358 0.0128438 0.371087 0.00791354 0.00191845 0.00922506 
0.340001 0.0869106 0.0112255 0.546202 0.00790617 0.00150292 0.0062512 
0.496101 0.0537881 0.0109279 0.422209 0.00897318 0.00142277 0.00657795 
0.452216 0.0562263 0.0104319 0.463669 0.010139 0.00120322 0.00611534 
0.608383 0.0426861 0.0100377 0.317332 0.0140643 9.01111E-4 0.00659528 
0.506827 0.0536108 0.0100037 0.407751 0.0138332 0.00125017 0.00672372 
0.621491 0.0727991 0.0117808 0.273189 0.0115895 0.00154817 0.00760252 
0.641334 0.0493092 0.0116346 0.277609 0.0106352 0.00116205 0.00831534 
0.588029 0.0573115 0.011934 0.320891 0.0119485 0.00126521 0.00862093 
