0.723766 0.0288724 0.0104009 0.157282 0.0661977 0.00226865 0.0112124 
0.77189 0.0242381 0.0151239 0.101963 0.0529648 0.0034811 0.0303387 
0.81326 0.0160974 0.0131297 0.104719 0.0314642 0.00194862 0.019381 
0.79618 0.0154134 0.0154974 0.115035 0.0364925 0.00175296 0.019628 
0.858589 0.0203408 0.014747 0.0610209 0.0178771 0.00251341 0.0249121 
0.872836 0.0328765 0.016984 0.0340179 0.0123242 0.00359055 0.027371 
0.867332 0.0325456 0.0149215 0.049006 0.0177568 0.00231634 0.0161223 
0.876408 0.0415536 0.0151626 0.0323035 0.0167483 0.00200844 0.0158155 
0.848772 0.0328434 0.0138375 0.0489216 0.0334292 0.00354404 0.0186523 
0.840699 0.0302473 0.0124095 0.0511306 0.0470891 0.00351383 0.014911 
0.867013 0.0395409 0.0162679 0.0301201 0.017847 0.00411662 0.0250946 
0.880856 0.0247022 0.016082 0.0395049 0.0119578 0.00331846 0.0235789 
0.873928 0.0353864 0.0153394 0.0366114 0.0137398 0.00442595 0.0205688 
0.870186 0.033069 0.0134016 0.0556663 0.00972136 0.00358594 0.0143703 
0.838153 0.0367973 0.0127903 0.0697201 0.0235864 0.00374366 0.0152097 
0.8638 0.0308263 0.0140235 0.0460164 0.0180371 0.00271455 0.0245818 
0.847998 0.0250457 0.0135312 0.072898 0.019967 0.00225674 0.0183038 
0.841609 0.0383074 0.0146867 0.057343 0.0214485 0.00399089 0.0226145 
0.834419 0.0265773 0.0138392 0.0551595 0.0393296 0.00369774 0.0269774 
0.842911 0.0403379 0.0147354 0.0529623 0.0203999 0.00316727 0.0254862 
0.833803 0.0428438 0.0142036 0.0238388 0.0406056 0.004851 0.0398542 
0.860794 0.0278249 0.0146616 0.0359274 0.018718 0.00243088 0.0396435 
0.863309 0.0293331 0.0123755 0.0492101 0.0182851 0.00215114 0.0253357 
0.80145 0.0415187 0.0102408 0.0788409 0.049966 0.0025128 0.0154705 
0.845739 0.0318013 0.0110605 0.0533014 0.0369464 0.00158867 0.0195624 
0.823943 0.0341957 0.00931867 0.0777241 0.0384933 0.00225811 0.0140674 
0.849016 0.0401422 0.010448 0.0489713 0.0295559 0.0025183 0.019348 
0.793407 0.0385675 0.010466 0.0750784 0.0605185 0.00285274 0.0191098 
0.811014 0.0486382 0.0115488 0.0863901 0.020279 0.00243198 0.0196981 
0.842072 0.021458 0.0118981 0.0904035 0.0160928 0.00185527 0.0162207 
0.835537 0.0564776 0.0109162 0.0508851 0.0276797 0.00295215 0.0155523 
0.823785 0.0386484 0.0104014 0.0730472 0.0346345 0.00260636 0.0168777 
0.836375 0.057092 0.0103487 0.0500359 0.0218407 0.0024317 0.0218765 
0.83266 0.0461736 0.0123401 0.0679569 0.0153 0.00236839 0.0232006 
0.827713 0.0382871 0.0117185 0.0570077 0.0423394 0.00231897 0.0206149 
0.831404 0.0418859 0.0103904 0.0449717 0.0472438 0.00310346 0.0210005 
0.823022 0.0379224 0.0103732 0.0542814 0.0437948 0.00242678 0.0281789 
0.825548 0.0318073 0.0104419 0.0681882 0.0398693 0.00215446 0.0219909 
0.815138 0.0490796 0.010082 0.0728969 0.0350137 0.00247708 0.0153123 
0.81095 0.0368354 0.00917614 0.0825122 0.0436378 0.00248323 0.0144057 
0.748074 0.0364732 0.00971201 0.150109 0.0406494 0.00180371 0.0131784 
0.686605 0.0425715 0.00946773 0.195748 0.0494423 0.00275183 0.0134141 
0.728021 0.0323575 0.0103898 0.176965 0.0351685 0.00170957 0.0153891 
0.80652 0.0545213 0.0103622 0.0694679 0.0376122 0.00315569 0.018361 
0.774035 0.0592165 0.0101562 0.108435 0.031087 0.00281368 0.0142568 
0.781134 0.052018 0.00911904 0.116715 0.0294116 0.00202005 0.00958277 
0.819537 0.0332011 0.0105103 0.0876744 0.0356513 0.00171362 0.0117123 
0.810064 0.0256433 0.00999326 0.101325 0.0372779 0.00186449 0.0138319 
0.729174 0.0253403 0.0116665 0.0981475 0.101924 0.0024414 0.0313068 
0.746031 0.0299572 0.0126273 0.12014 0.068153 0.0028017 0.0202899 
0.817487 0.0255148 0.0117351 0.062464 0.0540502 0.00218711 0.0265621 
0.773328 0.0293157 0.0101532 0.130631 0.0411685 0.00186788 0.0135364 
0.837713 0.0293254 0.0118783 0.068946 0.0296656 0.00225788 0.0202136 
0.798613 0.0241884 0.0110689 0.103335 0.043171 0.00263351 0.0169893 
0.799766 0.0333068 0.010435 0.091723 0.0422817 0.00304289 0.0194447 
0.828497 0.0248123 0.0129406 0.0784855 0.0233192 0.00224693 0.0296985 
0.802778 0.0243413 0.0106698 0.107326 0.0338091 0.00222235 0.0188533 
0.776464 0.028197 0.0111172 0.132639 0.0294051 0.00131927 0.020859 
0.80939 0.0343415 0.0113258 0.0943729 0.027945 0.00187404 0.0207509 
0.782302 0.0313658 0.0111948 0.128827 0.0267117 0.00153543 0.0180633 
0.780012 0.0310424 0.0122064 0.123396 0.0221842 0.00188358 0.0292753 
0.797741 0.0360554 0.0124492 0.10813 0.015241 0.00233674 0.0280466 
0.729214 0.0238124 0.0128716 0.176631 0.0168591 0.00170478 0.038907 
0.70467 0.0236777 0.0118275 0.199839 0.0214467 0.00200787 0.0365307 
0.76866 0.0266646 0.0115364 0.1466 0.018284 0.00181708 0.0264376 
0.794745 0.0221284 0.0121014 0.106597 0.024267 0.00203185 0.0381299 
0.810506 0.0226225 0.0132122 0.122208 0.00944287 0.0018808 0.0201276 
0.878441 0.0413697 0.0151891 0.034002 0.00625728 0.00155679 0.0231838 
0.875511 0.0421154 0.0145631 0.0378785 0.00787324 0.00198743 0.0200712 
0.865559 0.0509657 0.0118708 0.0391489 0.0115388 0.00324824 0.0176687 
0.795095 0.0392327 0.0118636 0.125699 0.0114648 0.00209888 0.0145458 
0.851183 0.0427074 0.0173353 0.0660465 0.00502662 0.00241739 0.0152841 
0.745058 0.0311913 0.0116501 0.185008 0.0162805 0.00174338 0.00906886 
0.716735 0.0320355 0.0113185 0.199663 0.0291031 0.00145494 0.00968997 
0.358527 0.0596847 0.00933028 0.546678 0.0147797 0.00212574 0.00887472 
0.630689 0.0670662 0.0105612 0.253098 0.0226005 0.00248049 0.013504 
0.773844 0.050124 0.00967462 0.118789 0.0270499 0.00225238 0.0182666 
0.79841 0.0442798 0.00979375 0.103804 0.0265253 0.00214203 0.0150449 
0.821257 0.0441469 0.00954677 0.0903491 0.0193985 0.00166372 0.013638 
0.786997 0.058494 0.00941259 0.079275 0.0415237 0.0032513 0.0210461 
0.798547 0.0535903 0.00890501 0.0494923 0.0629406 0.00347093 0.0230534 
0.803023 0.0681911 0.00968097 0.05584 0.0398165 0.0028397 0.0206089 
0.755776 0.0530392 0.00828044 0.113957 0.0514956 0.00273742 0.0147142 
0.784193 0.0562232 0.00900044 0.0840537 0.0497847 0.002918 0.0138266 
0.782652 0.0360936 0.00937189 0.136906 0.0220297 0.00157692 0.0113696 
0.810963 0.0413724 0.00947069 0.0934668 0.0270833 0.00251369 0.0151299 
0.839089 0.0445998 0.0108318 0.0483653 0.0268482 0.00300246 0.0272638 
0.842358 0.0462591 0.0117903 0.042688 0.0251589 0.00294341 0.0288026 
0.853049 0.0554626 0.0109273 0.0424103 0.0162303 0.00245903 0.0194616 
0.786176 0.0594443 0.0118355 0.0674411 0.0509457 0.00350278 0.0206547 
0.822403 0.0360483 0.0127435 0.0298433 0.0525731 0.00399245 0.0423961 
0.754731 0.126626 0.00902754 0.041725 0.036106 0.0100606 0.0217243 
0.232631 0.656815 0.00287216 0.0018749 0.00369217 0.0977891 0.00432503 
0.561697 0.366302 0.0138106 0.0155193 0.0041744 0.0363051 0.00219155 
0.764584 0.176823 0.0137349 0.00852389 0.00301368 0.0286393 0.00468132 
0.839883 0.0813999 0.0180165 0.0171623 0.00199517 0.0332932 0.00824968 
0.820126 0.111499 0.013183 0.0222537 0.00465667 0.0164805 0.0118012 
0.754215 0.124419 0.00923965 0.0756583 0.0218847 0.00369801 0.010885 
0.721867 0.12316 0.00851917 0.080272 0.0504196 0.00446182 0.0113006 
0.812496 0.0856671 0.0101394 0.0619244 0.0197002 0.00221151 0.00786178 
0.847799 0.0335884 0.0167798 0.0900364 0.00444292 0.00168184 0.00567186 
0.823285 0.0339615 0.0160848 0.107806 0.00719136 0.00132711 0.0103445 
0.751512 0.0521193 0.0137027 0.16494 0.00823452 0.00160078 0.0078904 
0.787824 0.0594467 0.0132616 0.114019 0.0138508 0.00185403 0.00974446 
0.770216 0.0289335 0.0160775 0.168043 0.00882514 0.00106382 0.0068402 
0.574594 0.0396815 0.0111853 0.34464 0.0194117 0.00130773 0.00917906 
0.61629 0.0226984 0.0123868 0.328255 0.00656964 0.00205868 0.0117418 
0.382536 0.0486863 0.0103408 0.544837 0.0049708 0.00213259 0.00649624 
0.504668 0.0322987 0.00966236 0.435526 0.00936531 0.00141705 0.00706256 
0.719513 0.0570536 0.0134476 0.191102 0.00702762 0.00211952 0.00973682 
0.777064 0.0536615 0.0136368 0.124919 0.0170946 0.00180831 0.0118154 
0.776749 0.0495175 0.0137061 0.124666 0.0226882 0.0016495 0.011024 
0.795715 0.0551584 0.0117818 0.109821 0.0164615 0.00164823 0.0094144 
0.567519 0.0773087 0.0115591 0.325934 0.010374 0.00113722 0.00616806 
0.572607 0.0594997 0.0117051 0.337423 0.0107118 0.00148452 0.00656903 
0.657744 0.0443439 0.0123881 0.259937 0.0142996 0.00145021 0.00983801 
0.420171 0.0595475 0.00944192 0.477549 0.024399 0.00168392 0.00720724 
0.643307 0.039521 0.0104769 0.274801 0.0235188 0.00143651 0.00693847 
0.698289 0.0334017 0.0112276 0.21923 0.0249557 0.00208466 0.0108116 
0.702973 0.0796735 0.0115653 0.166656 0.021331 0.00231681 0.0154843 
0.537219 0.0990942 0.0106734 0.315729 0.0239901 0.0025755 0.0107182 
0.577425 0.0645979 0.0111288 0.293645 0.0393474 0.00269517 0.0111614 
0.519565 0.068597 0.00830687 0.286127 0.104551 0.00263308 0.0102205 
0.521872 0.0569833 0.00956329 0.365346 0.0355768 0.00146 0.00919836 
0.473453 0.0607569 0.0105436 0.422098 0.0219697 0.00175587 0.00942197 
0.540199 0.0911612 0.0107903 0.322717 0.022909 0.00179858 0.0104246 
0.588123 0.0960462 0.0107992 0.273419 0.0184682 0.00184686 0.0112978 
0.56011 0.0795727 0.00974263 0.316824 0.0212058 0.00154007 0.0110049 
0.514472 0.0660767 0.010254 0.383306 0.0150359 0.00142954 0.00942547 
0.563419 0.0547874 0.0102424 0.349265 0.0130607 0.00123026 0.00799519 
0.538767 0.0522043 0.00962871 0.368286 0.0206052 0.00138221 0.00912576 
0.598021 0.0288566 0.0121335 0.33072 0.0168275 0.00149681 0.0119449 
0.70106 0.0267319 0.0139602 0.224389 0.0134936 0.00143409 0.018931 
0.762298 0.0350951 0.013229 0.167625 0.0117778 9.76359E-4 0.00899848 
0.775513 0.0426776 0.0141859 0.151817 0.00619715 0.00114861 0.00846059 
0.746742 0.0344113 0.0124523 0.176369 0.0128168 0.00147847 0.0157302 
0.801923 0.0278329 0.0151189 0.115385 0.0139915 0.0015092 0.0242397 
0.807372 0.0277863 0.0153051 0.124206 0.00665328 0.00183117 0.0168458 
0.724194 0.0325941 0.0139065 0.190944 0.0165346 0.00182918 0.0199978 
0.65791 0.027791 0.0135139 0.275124 0.0112409 0.00148036 0.0129394 
0.747663 0.0268616 0.0166548 0.178769 0.00814446 0.00183305 0.0200742 
0.764994 0.0284004 0.0138925 0.151147 0.0233359 0.00199762 0.0162328 
0.853082 0.0308389 0.0164519 0.0607761 0.0128856 0.00174503 0.0242203 
0.851237 0.0257673 0.0176049 0.0704508 0.010964 0.00163237 0.0223432 
0.814264 0.0315221 0.015592 0.102998 0.0144582 0.00232588 0.0188391 
0.852902 0.0213678 0.0186177 0.069742 0.0111112 0.00154767 0.024712 
0.704562 0.0229977 0.0148363 0.211471 0.0231555 0.00212189 0.0208562 
0.782883 0.0313459 0.0128668 0.0845753 0.0615413 0.0029372 0.0238503 
0.854209 0.0470609 0.0145527 0.0552607 0.0114413 0.00292504 0.0145506 
0.762579 0.0201775 0.0193527 0.17809 0.0065634 0.00124049 0.0119968 
0.786137 0.0213353 0.0158111 0.137124 0.0179134 0.00217679 0.0195033 
0.814021 0.0311632 0.0169411 0.101691 0.0145755 0.00242968 0.0191787 
0.83703 0.0344435 0.0164012 0.0715009 0.016272 0.00187358 0.0224792 
0.816297 0.0311102 0.01357 0.091919 0.0303637 0.00160481 0.0151351 
0.815188 0.0464234 0.0176579 0.0466535 0.0389761 0.00215935 0.0329414 
0.680809 0.0219346 0.0127857 0.170223 0.0959466 0.00186142 0.0164399 
0.667434 0.0355445 0.0123801 0.237027 0.0343435 0.00192756 0.0113431 
0.60869 0.023672 0.0117241 0.293744 0.0475505 0.00153863 0.0130807 
0.76695 0.0321185 0.0120904 0.134461 0.0364394 0.00195664 0.0159838 
0.647716 0.0204326 0.0120236 0.285284 0.0250908 0.00102377 0.00842919 
0.826478 0.034733 0.0164704 0.0900444 0.0144761 0.00169701 0.0161012 
0.617184 0.0437107 0.0126491 0.29619 0.0198902 0.00162562 0.00874984 
0.657535 0.0365477 0.0131644 0.269033 0.0119648 0.00152703 0.0102284 
0.763073 0.034883 0.0150857 0.145017 0.0231926 0.00205327 0.0166962 
0.668217 0.0456265 0.011737 0.21445 0.0461293 0.00248995 0.0113504 
0.707519 0.0357703 0.013025 0.218844 0.0167561 0.00123041 0.00685451 
0.822881 0.0324065 0.0159359 0.110377 0.00891608 0.00119109 0.00829254 
0.760609 0.0156399 0.0117423 0.163201 0.0192858 0.00275495 0.0267675 
0.699403 0.0196782 0.0126137 0.241134 0.012416 0.00221997 0.0125353 
0.793073 0.0178846 0.0113977 0.131299 0.0225444 0.00298432 0.0208169 
0.601632 0.0242976 0.0091502 0.320893 0.0310648 0.00180884 0.0111536 
0.806867 0.0163391 0.0139263 0.134601 0.00852395 0.00220315 0.0175404 
0.729276 0.0240959 0.0110069 0.211193 0.00953041 0.00236464 0.0125324 
0.771085 0.030106 0.0118516 0.142834 0.0185149 0.00326527 0.0223425 
0.772119 0.0236059 0.0121782 0.152994 0.0203697 0.00221626 0.0165169 
0.731848 0.0394482 0.0103548 0.16393 0.0341334 0.00365811 0.0166275 
0.850045 0.0267749 0.0111785 0.0742064 0.0178791 0.00224877 0.0176672 
0.640609 0.0451418 0.0118579 0.280926 0.00796185 0.00205804 0.0114453 
0.823276 0.0338446 0.0114828 0.0836913 0.0198477 0.0038658 0.0239916 
0.847986 0.0353647 0.0109158 0.0711348 0.0104079 0.0032224 0.0209686 
0.781336 0.0284011 0.00970647 0.0930247 0.0704184 0.00235887 0.0147547 
0.762411 0.0252073 0.0104602 0.167198 0.0209576 0.00144528 0.0123207 
0.776557 0.0516981 0.0143119 0.139534 0.00518455 0.00159608 0.0111184 
0.559387 0.0642645 0.0102184 0.347766 0.00931463 0.00134814 0.0077008 
0.148244 0.104618 0.00584224 0.68868 0.0423636 0.00401056 0.00624232 
0.0807962 0.182129 0.0092552 0.618916 0.0880385 0.0101863 0.0106782 
0.132402 0.152867 0.0100569 0.602022 0.0853609 0.00758978 0.00970061 
0.150123 0.139333 0.0090217 0.595177 0.0887671 0.00721555 0.0103633 
0.0600558 0.137949 0.00463623 0.754066 0.0357872 0.00292236 0.00458333 
0.0793558 0.209929 0.00537893 0.656022 0.0390732 0.00306438 0.00717687 
0.0918328 0.413222 0.00632834 0.463136 0.014676 0.00333142 0.00747387 
0.107228 0.512782 0.00876512 0.338315 0.0152617 0.00611028 0.0115392 
0.202258 0.412051 0.00577531 0.331457 0.0309362 0.00548906 0.0120328 
0.208752 0.385487 0.00811121 0.353668 0.0233971 0.00547727 0.0151071 
0.434658 0.289473 0.00681543 0.158224 0.0860369 0.0066854 0.0181066 
0.404595 0.244728 0.00767577 0.166981 0.15181 0.00853429 0.0156755 
0.410053 0.126425 0.00813413 0.223324 0.208381 0.00808421 0.0155974 
0.207785 0.111295 0.00791159 0.408787 0.243309 0.00894607 0.0119667 
0.253495 0.412948 0.00971446 0.223256 0.0687965 0.0124305 0.0193589 
0.302836 0.215184 0.00798625 0.331605 0.117905 0.00893072 0.0155529 
0.397543 0.230913 0.00631627 0.274592 0.0732181 0.00621259 0.0112042 
0.252625 0.281831 0.0070576 0.418255 0.0260004 0.0055837 0.00864763 
0.143407 0.495385 0.00569396 0.283936 0.0540106 0.00744655 0.0101201 
0.262089 0.199533 0.00780274 0.345353 0.161084 0.00964495 0.0144936 
0.193128 0.144721 0.00447936 0.530916 0.112639 0.00555477 0.00856226 
0.271237 0.138473 0.00462811 0.481711 0.0918648 0.00393144 0.00815522 
0.151997 0.0946982 0.00442513 0.638531 0.0998062 0.00347941 0.0070628 
0.194406 0.0788923 0.00433342 0.66256 0.0515044 0.00191321 0.00639113 
0.25922 0.137791 0.00609707 0.526169 0.0584605 0.00278828 0.00947384 
0.264662 0.164287 0.00684287 0.475752 0.0757586 0.00430565 0.0083911 
0.167118 0.293212 0.00976623 0.460568 0.0514774 0.00615356 0.0117047 
0.120865 0.243502 0.0088968 0.537908 0.0730571 0.00576737 0.0100047 
0.138322 0.248424 0.0118971 0.480977 0.0985027 0.00882864 0.0130483 
0.262102 0.256723 0.00984416 0.395168 0.0596625 0.00551088 0.0109896 
0.16834 0.303469 0.0110174 0.446838 0.0489386 0.00943098 0.0119666 
0.151897 0.149901 0.00751448 0.646916 0.0316415 0.00290795 0.00922192 
0.290793 0.119409 0.00913209 0.54577 0.0221166 0.0027494 0.0100308 
0.230477 0.126192 0.009801 0.609394 0.0132515 0.00246736 0.00841771 
0.282893 0.0344138 0.00703641 0.606999 0.058929 0.00201797 0.00771109 
0.0781599 0.0399348 0.00530876 0.856426 0.0150142 0.00119655 0.00395951 
0.195491 0.0597031 0.00717921 0.723002 0.00908276 0.0011776 0.00436488 
0.814248 0.025962 0.0100069 0.0945256 0.0346274 0.00582604 0.0148041 
0.904781 0.0255093 0.0227579 0.0119492 0.00293637 0.00528445 0.0267815 
0.887683 0.0517891 0.0243691 0.0097329 0.0021026 0.00303494 0.0212885 
0.902927 0.0324408 0.0210637 0.0180958 0.00448295 0.00291762 0.0180725 
0.863475 0.0175848 0.0272355 0.0533945 0.00296493 0.00610638 0.029239 
0.861714 0.0230354 0.0225458 0.0583006 0.00400146 0.00306485 0.027338 
0.863592 0.0288513 0.0205967 0.050163 0.00405511 0.00322556 0.0295167 
0.821599 0.016547 0.0204026 0.113824 0.00651765 0.00201881 0.0190902 
0.603675 0.0376874 0.0126642 0.306113 0.0242657 0.0026331 0.0129612 
0.83879 0.0408817 0.0150774 0.0541869 0.0271976 0.00313591 0.0207307 
0.831879 0.0548378 0.0159088 0.0641599 0.0101145 0.00327607 0.0198236 
0.869867 0.044029 0.0162622 0.0392446 0.00758294 0.00426028 0.0187542 
0.86273 0.051991 0.0167354 0.0348334 0.00996847 0.00462987 0.0191115 
0.766355 0.0500954 0.01237 0.141798 0.0153013 0.00240734 0.0116723 
0.708535 0.033047 0.0119444 0.213086 0.0181832 0.00285903 0.0123449 
0.823906 0.0216404 0.0142031 0.115676 0.0113654 0.00183551 0.0113739 
0.773696 0.0311258 0.0129025 0.155672 0.0132731 0.00237292 0.0109581 
0.804017 0.0429884 0.0131166 0.11686 0.00922217 0.00232352 0.011473 
0.81452 0.0357054 0.0118904 0.112331 0.0144188 0.00216558 0.00896868 
0.636795 0.055357 0.0100146 0.270528 0.0190488 0.00192519 0.00633222 
0.541464 0.0521554 0.0100013 0.374376 0.0135097 0.00206176 0.00643106 
0.630994 0.0478226 0.0113117 0.288683 0.0125955 0.00188043 0.00671226 
0.502397 0.0763377 0.00939763 0.38761 0.0160985 0.00201929 0.00614019 
0.54785 0.0371728 0.00852157 0.379514 0.0199038 0.00164704 0.00539139 
0.477382 0.0621068 0.00931498 0.42032 0.0220647 0.00150419 0.00730765 
0.485137 0.162629 0.0104004 0.309422 0.0160794 0.00214819 0.0141844 
0.407852 0.116839 0.0103176 0.361368 0.0804758 0.00483948 0.0183082 
0.220401 0.175751 0.00837242 0.533759 0.0450708 0.00433727 0.0123093 
0.0460125 0.0388778 0.0021852 0.894778 0.0149602 7.68955E-4 0.00241713 
0.0777792 0.0966354 0.00720269 0.681679 0.121584 0.00594745 0.00917292 
0.00671642 0.0172285 0.00123262 0.968806 0.00401362 8.07673E-4 0.00119522 
0.0100873 0.0251975 0.00346773 0.951637 0.00361551 0.00220639 0.00378863 
0.015504 0.0497938 0.00633541 0.910949 0.00725621 0.00360889 0.00655297 
0.0847167 0.253259 0.026835 0.56673 0.00990419 0.0363375 0.0222173 
0.0710093 0.200586 0.0247745 0.64716 0.0106608 0.0225484 0.0232607 
0.0477022 0.152021 0.0139429 0.748739 0.0109148 0.0129206 0.0137601 
0.0236834 0.0843069 0.00737325 0.866688 0.00677433 0.00581688 0.00535697 
0.0208324 0.0741697 0.00974449 0.878318 0.00388826 0.00739569 0.00565147 
0.0120288 0.0460064 0.00569868 0.923736 0.00475061 0.00326508 0.00451442 
0.0101537 0.032595 0.00318068 0.943246 0.00545514 0.00219623 0.00317291 
0.0253741 0.090854 0.00977757 0.853518 0.00565974 0.00677186 0.00804504 
0.049456 0.206252 0.0216928 0.680821 0.00417579 0.0261935 0.0114096 
0.0449416 0.184756 0.0196531 0.700424 0.0048847 0.0284171 0.0169233 
0.809321 0.0406051 0.0109885 0.0741237 0.047804 0.00367424 0.0134839 
0.828024 0.0410037 0.0125495 0.0850679 0.0191603 0.00276038 0.011434 
0.794907 0.0585032 0.0130401 0.0836961 0.0313272 0.00393231 0.0145943 
0.847411 0.0489297 0.0129846 0.0558613 0.0181037 0.00300224 0.0137079 
0.816792 0.0496406 0.0120904 0.0683377 0.0357528 0.00359915 0.0137873 
0.8339 0.0633182 0.0142334 0.0509425 0.0203459 0.00259043 0.0146697 
0.888091 0.0291686 0.018529 0.0433982 0.00469142 0.00220873 0.0139134 
0.859405 0.036614 0.0140687 0.0555268 0.016295 0.00234364 0.0157467 
0.813241 0.0249438 0.0133084 0.117728 0.0179671 0.0019762 0.0108349 
0.856119 0.0257206 0.0151299 0.0737943 0.0115469 0.0021972 0.0154917 
0.866762 0.0197819 0.0141461 0.0447063 0.0320031 0.00258644 0.0200144 
0.850859 0.0301301 0.0127862 0.0736118 0.0193973 0.00255759 0.0106584 
0.784155 0.0232954 0.0137076 0.116107 0.0453911 0.0030817 0.0142623 
0.785464 0.0189276 0.0145207 0.137182 0.0286929 0.00236461 0.0128483 
0.815432 0.0173678 0.0132235 0.105003 0.0313917 0.00246396 0.0151189 
0.83309 0.0128001 0.0156332 0.0942153 0.0217081 0.00180271 0.0207508 
0.833817 0.0166314 0.0164917 0.0689484 0.033956 0.00329965 0.026856 
0.813117 0.0224645 0.0151262 0.106654 0.0240076 0.00292327 0.0157069 
0.737683 0.0163824 0.0132872 0.206288 0.0153718 0.00176873 0.00921942 
0.688326 0.0162684 0.0132484 0.25403 0.018043 0.00136967 0.00871452 
0.680588 0.0154499 0.0159566 0.231162 0.0388221 0.00223589 0.0157857 
0.836284 0.0239002 0.0154548 0.0614397 0.0378598 0.00332277 0.0217386 
0.855195 0.0425492 0.0138513 0.0460526 0.0244286 0.00321074 0.0147126 
0.844939 0.0381242 0.0130995 0.0638022 0.0238317 0.0032534 0.0129501 
0.809276 0.0330252 0.0110299 0.119175 0.0153055 0.00174628 0.0104423 
0.65552 0.090607 0.010683 0.198601 0.0294841 0.00358632 0.0115183 
0.512957 0.119796 0.00929424 0.32077 0.0252182 0.00285359 0.00911066 
0.396678 0.216255 0.0102828 0.33877 0.0242532 0.00354791 0.0102141 
0.261597 0.300581 0.0113399 0.321516 0.0786627 0.00793217 0.0183713 
0.290587 0.166954 0.00998483 0.421375 0.0886918 0.0066282 0.0157791 
0.249023 0.294391 0.0103014 0.368793 0.0541602 0.00707245 0.0162585 
0.296354 0.336662 0.00813772 0.294258 0.0451966 0.00584989 0.013542 
0.165861 0.234747 0.0122029 0.562187 0.00970201 0.00469212 0.0106075 
0.189591 0.263497 0.0145684 0.500028 0.0109775 0.00510565 0.0162325 
0.454261 0.10411 0.0134756 0.408803 0.00668253 0.0014235 0.0112447 
0.737541 0.0293368 0.0172121 0.159109 0.0311638 0.00208306 0.0235539 
0.768806 0.0374718 0.0303086 0.0730781 0.0594352 0.008987 0.0219136 
0.804293 0.032213 0.0329454 0.0645878 0.0273089 0.0199635 0.0186887 
0.848934 0.030789 0.0321854 0.0367471 0.0284945 0.0104907 0.0123591 
0.870856 0.0353314 0.0304366 0.0339667 0.0106761 0.0102331 0.00849977 
0.890363 0.0269215 0.0272991 0.0310973 0.00782398 0.00842234 0.00807259 
0.879799 0.0273109 0.0294926 0.041903 0.00625073 0.00712238 0.00812147 
0.859402 0.0364428 0.0297095 0.0305536 0.0254675 0.00699901 0.0114255 
0.825899 0.0205383 0.0331061 0.0982981 0.0114745 0.00385479 0.00682948 
0.876873 0.022112 0.0275765 0.0391753 0.0189629 0.00420206 0.0110981 
0.886913 0.0249389 0.0251467 0.0308876 0.0167647 0.00380591 0.0115427 
0.8494 0.0222485 0.0253579 0.0547138 0.0304346 0.00352 0.0143256 
0.83005 0.0181737 0.0286066 0.0941448 0.0161453 0.00174732 0.0111329 
0.763129 0.0176309 0.0220061 0.1638 0.022937 0.00155757 0.0089394 
0.811961 0.0414444 0.0143513 0.0937808 0.0268181 0.00209078 0.00955395 
0.758858 0.048709 0.0183639 0.160845 0.00506205 0.00169254 0.00646976 
0.62907 0.0720463 0.0161236 0.261578 0.0123261 0.00133426 0.00752188 
0.681494 0.0768962 0.0149721 0.20126 0.0165692 0.00114401 0.00766458 
0.642853 0.0810273 0.0148074 0.225509 0.0249134 0.00168478 0.0092049 
0.439193 0.0858693 0.0132999 0.371017 0.0693194 0.00588862 0.0154131 
0.808236 0.041769 0.0180948 0.115805 0.00388126 0.00140713 0.0108071 
0.762457 0.0446434 0.0159131 0.156646 0.00863231 0.00128552 0.0104228 
0.744682 0.035114 0.0169077 0.180385 0.00620802 0.00125598 0.0154474 
0.697025 0.0538629 0.0143636 0.211971 0.00883841 0.00178977 0.0121491 
0.767208 0.0366526 0.0169092 0.150387 0.00914052 0.0012483 0.0184544 
0.831136 0.0325572 0.0190468 0.0956857 0.00560646 0.00127313 0.0146945 
0.747405 0.0356046 0.0214202 0.177244 0.00352992 0.00114026 0.0136564 
0.601845 0.0444436 0.0246021 0.317298 0.00264135 9.73689E-4 0.00819641 
0.716495 0.0381575 0.0129318 0.195336 0.0218735 0.00125327 0.0139529 
0.766208 0.042861 0.0139065 0.134798 0.0236331 0.00172522 0.0168676 
0.507813 0.0526555 0.0135684 0.402714 0.0100139 0.00141972 0.0118154 
0.533634 0.0550652 0.0121423 0.368747 0.0171235 0.00152612 0.0117617 
0.576398 0.0675299 0.0130865 0.31483 0.0135382 0.00124022 0.0133773 
0.531304 0.0557174 0.0110141 0.363959 0.0266647 0.00180355 0.00953673 
0.55043 0.0499899 0.0112772 0.357647 0.0196134 0.00204945 0.00899216 
0.69439 0.0361586 0.0138538 0.230162 0.0117485 0.00186467 0.0118224 
0.701135 0.0848626 0.0141249 0.17574 0.0103124 0.00183045 0.0119954 
0.533011 0.0482081 0.0140214 0.389396 0.00476184 0.0011518 0.00944936 
0.554029 0.0673074 0.0161248 0.344423 0.00396903 0.00179848 0.012348 
0.603627 0.0446721 0.0177779 0.315793 0.00335352 0.00171509 0.0130615 
0.476025 0.0538721 0.0123617 0.441333 0.00490163 0.00137515 0.0101312 
0.675686 0.0484803 0.0137538 0.242916 0.00628627 0.00167469 0.0112034 
0.482093 0.0566968 0.0120264 0.43566 0.00612752 0.00103607 0.00636021 
0.388284 0.0510507 0.0121696 0.537823 0.00381073 9.42788E-4 0.0059198 
0.567696 0.0601164 0.0123867 0.342086 0.00835874 0.00118834 0.00816791 
0.370782 0.0358003 0.0108 0.572956 0.0044658 8.59568E-4 0.00433592 
0.534173 0.0470302 0.0162532 0.390761 0.00300349 0.00119071 0.00758838 
0.391362 0.0491629 0.011437 0.53622 0.00448935 0.00123932 0.00609004 
0.466075 0.082098 0.0131968 0.420858 0.00728998 0.00180543 0.00867661 
0.332475 0.0568501 0.0103538 0.59009 0.00544423 8.66635E-4 0.00392011 
0.427559 0.0485628 0.0144477 0.500881 0.00384893 7.22648E-4 0.00397703 
0.633114 0.0489972 0.0156733 0.289196 0.00541459 0.00101013 0.00659433 
0.50814 0.0729027 0.0101138 0.380301 0.018923 0.0017662 0.00785331 
0.535003 0.0651252 0.0121183 0.372521 0.00768865 0.00144188 0.00610166 
0.380376 0.0399691 0.00959 0.556962 0.00776783 6.97073E-4 0.00463748 
0.611056 0.0563277 0.0141715 0.304184 0.00719519 0.0010661 0.00599928 
0.502387 0.0459541 0.0141999 0.42619 0.00481584 8.40518E-4 0.00561293 
0.670881 0.0430723 0.0130659 0.253025 0.0109951 0.00131665 0.00764364 
0.532396 0.0306691 0.0130017 0.405507 0.00928541 0.00101593 0.00812511 
0.626289 0.0443275 0.0165419 0.299757 0.00528309 0.00111258 0.00668909 
0.530683 0.0362346 0.0182808 0.404748 0.00358789 0.00108606 0.00538003 
0.501963 0.0453535 0.0166736 0.426187 0.00332783 0.00105931 0.00543529 
0.516681 0.0639796 0.012606 0.390976 0.00846005 9.99381E-4 0.00629748 
0.661047 0.0868648 0.0147832 0.217707 0.00756853 0.00169443 0.0103352 
0.764295 0.0553112 0.0142791 0.144708 0.00992037 0.00204364 0.00944227 
0.820151 0.0344922 0.0206057 0.100801 0.0111835 0.00466087 0.00810591 
0.87625 0.0206381 0.0430163 0.0412482 0.00425292 0.00701906 0.00757549 
0.873933 0.0301685 0.0389531 0.0358825 0.00481333 0.0083161 0.00793357 
0.900043 0.0239569 0.0358463 0.0237898 0.00505865 0.00509325 0.00621183 
0.878371 0.0121207 0.0631279 0.024928 0.00643045 0.00630256 0.00871916 
0.813997 0.0193228 0.0774494 0.0219492 0.00323628 0.0493225 0.0147224 
0.850371 0.0258281 0.0719526 0.00924025 0.00240365 0.0293137 0.0108911 
0.865577 0.031344 0.0142323 0.0381847 0.0191724 0.00274566 0.0287435 
0.849296 0.0409065 0.0186317 0.0228354 0.0151768 0.0078211 0.0453325 
0.856403 0.0291714 0.0175493 0.0386006 0.0156868 0.00392873 0.0386601 
0.888249 0.031817 0.0196359 0.0308263 0.00680456 0.00286814 0.0197992 
0.892566 0.0128046 0.0566666 0.00300097 0.0012226 0.00771541 0.0260234 
0.871259 0.00856731 0.0671329 0.0131003 0.00136059 0.0100214 0.0285585 
0.861426 0.00884356 0.0554707 0.0393803 0.00393235 0.00812482 0.0228225 
0.680866 0.00782663 0.0813865 0.187441 0.00406021 0.00806492 0.0303544 
0.767849 0.00839576 0.0774155 0.0807494 0.00627927 0.0112519 0.0480594 
0.890028 0.0141551 0.0409646 0.0151758 0.00449185 0.0129424 0.022242 
0.855319 0.020355 0.0302558 0.0575907 0.00750684 0.0114227 0.0175502 
0.874409 0.0250418 0.0312447 0.0396904 0.00625526 0.00952114 0.0138381 
0.797503 0.0264996 0.0249945 0.119985 0.00618806 0.0148121 0.0100179 
0.835409 0.0176365 0.0319894 0.0902008 0.00508634 0.00846018 0.0112175 
0.862887 0.0282248 0.0234756 0.0582375 0.0101924 0.0073691 0.00961319 
0.85781 0.0258362 0.0191146 0.0540852 0.0273592 0.0046629 0.0111318 
0.828322 0.0256782 0.0173646 0.100369 0.0144988 0.00338055 0.010387 
0.793374 0.0454158 0.0141364 0.110679 0.0224962 0.00349276 0.0104061 
0.807538 0.0406411 0.0142151 0.105235 0.0173711 0.00242627 0.0125738 
0.80936 0.0323683 0.0136501 0.11826 0.0100686 0.00249003 0.0138034 
0.80915 0.0442764 0.013156 0.10738 0.00849229 0.00327642 0.0142694 
0.668745 0.0412885 0.0115163 0.247426 0.01138 0.00673574 0.0129078 
0.724764 0.0252954 0.0133763 0.214876 0.00896129 0.00436581 0.00836127 
0.843579 0.0116499 0.0409162 0.0724069 0.00172382 0.00998825 0.0197358 
0.891551 0.00998218 0.0351946 0.0389917 0.00295725 0.00489879 0.0164249 
0.893265 0.0156075 0.0471954 0.00904278 0.002926 0.004328 0.0276349 
0.872842 0.00654295 0.07018 0.0142689 8.51689E-4 0.00767343 0.0276406 
0.839278 0.00949682 0.0586406 0.0579277 0.00124373 0.00935918 0.0240539 
0.895396 0.0177721 0.0397621 0.0229887 0.0035927 0.00492338 0.0155652 
0.642787 0.0582715 0.010754 0.251031 0.0249573 0.00162563 0.0105735 
0.674615 0.0492358 0.00982687 0.203841 0.0493554 0.00244627 0.0106792 
0.46937 0.0637608 0.0101051 0.42623 0.020406 0.00189081 0.00823771 
0.573574 0.0737083 0.0104174 0.300066 0.0299374 0.00247973 0.00981696 
0.698771 0.0663327 0.0115262 0.194902 0.0166766 0.00132409 0.0104671 
0.722794 0.047325 0.0104335 0.177013 0.0291655 0.0018864 0.0113822 
0.674304 0.0543827 0.010569 0.232478 0.0184452 0.00168235 0.00813868 
0.736397 0.0526572 0.0105084 0.164998 0.0232318 0.00194346 0.0102637 
0.708305 0.0737096 0.0116526 0.173548 0.0202473 0.00203978 0.0104976 
0.687157 0.0620539 0.00969224 0.184174 0.0437182 0.00237768 0.0108274 
0.620355 0.0393966 0.00956563 0.292303 0.0287512 0.00125317 0.00837572 
0.600585 0.079167 0.0098712 0.270688 0.0276676 0.00179013 0.0102315 
0.720201 0.0475473 0.00894275 0.18769 0.0241964 0.0018094 0.00961326 
0.485821 0.072007 0.00927422 0.398928 0.0216066 0.00234507 0.0100175 
0.734435 0.0486185 0.0153682 0.142346 0.0421981 0.00834935 0.00868512 
0.719401 0.0615338 0.0151315 0.148729 0.0346549 0.0109158 0.00963439 
0.54016 0.0643916 0.0149405 0.320102 0.0380179 0.0120185 0.0103697 
0.673299 0.0858007 0.0147385 0.146345 0.0582232 0.00654771 0.0150458 
0.643765 0.10214 0.0130863 0.151383 0.0627616 0.010996 0.0158689 
0.654516 0.141142 0.0142626 0.115149 0.0476092 0.00999655 0.0173241 
0.7223 0.112638 0.0152564 0.104671 0.0167608 0.00882637 0.0195479 
0.771139 0.0570274 0.0150565 0.105981 0.0251209 0.00561043 0.0200651 
0.727086 0.0909962 0.0142185 0.117459 0.0265674 0.00548796 0.0181847 
0.599337 0.091422 0.0128227 0.251846 0.0228189 0.00570035 0.0160531 
0.563439 0.0656801 0.00973662 0.282581 0.0584211 0.00325687 0.0168856 
0.685496 0.0914463 0.0101548 0.0860842 0.0963987 0.00613421 0.024286 
0.671632 0.120645 0.00963856 0.10655 0.0636355 0.00658089 0.0213185 
0.705187 0.0935301 0.0116471 0.113952 0.0518437 0.00469271 0.0191478 
0.509899 0.112583 0.00750222 0.341732 0.0191026 0.0017551 0.00742593 
0.379521 0.0923222 0.00637011 0.496922 0.0184575 0.0013148 0.00509157 
0.473544 0.181293 0.00825734 0.285609 0.0388684 0.0027777 0.00965132 
0.47968 0.0561369 0.00749863 0.432724 0.0181236 8.85916E-4 0.00495105 
0.555006 0.0437204 0.00791978 0.375723 0.012002 9.65677E-4 0.00466292 
0.399308 0.0488707 0.00610753 0.526612 0.0143646 9.79084E-4 0.00375755 
0.433786 0.0478009 0.00649485 0.499011 0.00830871 0.00100601 0.00359166 
0.348925 0.087119 0.00817497 0.543385 0.00625981 0.00173561 0.0044003 
0.254168 0.0583002 0.0051277 0.668803 0.00908384 0.00137112 0.00314563 
0.483763 0.0647847 0.00744975 0.431911 0.00608319 0.00147977 0.00452837 
0.418362 0.0435603 0.00587943 0.518463 0.0087643 0.00120417 0.00376614 
0.381733 0.045498 0.00563414 0.556387 0.00710146 8.96136E-4 0.00275022 
0.342253 0.0513978 0.00477953 0.589123 0.00899841 8.26098E-4 0.00262183 
0.555246 0.0663292 0.00739199 0.358732 0.00586809 0.00165382 0.00477918 
0.618374 0.046009 0.00797552 0.290932 0.025756 0.00254456 0.00840962 
0.80258 0.0635969 0.0078326 0.0874245 0.0263513 0.00294624 0.009268 
0.779175 0.0915024 0.00890919 0.0946802 0.0137167 0.0026271 0.00938928 
0.805236 0.0888749 0.0101552 0.0673057 0.01245 0.0036493 0.0123288 
0.734399 0.0788299 0.0100204 0.156352 0.0101384 0.00240226 0.00785808 
0.602135 0.0562346 0.00817728 0.30394 0.0214082 0.00193264 0.00617205 
0.655263 0.0589682 0.00978408 0.256475 0.0109238 0.00135685 0.00722913 
0.690768 0.0354063 0.00892422 0.244077 0.0146473 0.00114638 0.0050306 
0.833859 0.0552294 0.0104732 0.0842568 0.00851967 0.0015394 0.00612251 
0.733937 0.0603288 0.010372 0.180814 0.00778779 0.00124315 0.00551781 
0.859624 0.0384791 0.00907052 0.0722448 0.00988409 0.00182206 0.00887547 
0.749976 0.0715414 0.00935449 0.147033 0.0115924 0.00238473 0.00811754 
0.804587 0.0661858 0.0101812 0.0838803 0.0192886 0.00215054 0.0137267 
0.841971 0.0465122 0.0107307 0.074204 0.0117036 0.00195403 0.0129241 
0.850561 0.0312013 0.00949301 0.0837933 0.0130581 0.00149217 0.010401 
0.556131 0.179479 0.0101173 0.231222 0.0129602 0.00210684 0.00798335 
0.48681 0.121712 0.0106272 0.354396 0.015799 0.00223028 0.00842561 
0.45264 0.157061 0.0126483 0.350822 0.0154699 0.00299347 0.00836556 
0.367032 0.168041 0.0129093 0.429554 0.0110445 0.00309946 0.00831997 
0.324764 0.117988 0.010671 0.5288 0.0105301 0.00191256 0.00533391 
0.338677 0.133329 0.0124309 0.499346 0.00765504 0.00219493 0.00636768 
0.389655 0.14558 0.0122511 0.42823 0.0132329 0.00282834 0.00822227 
0.446146 0.097684 0.00997394 0.427878 0.0112173 0.00188191 0.00521854 
0.365654 0.124877 0.0110011 0.481054 0.00971957 0.00203106 0.00566421 
0.457082 0.0860706 0.00927871 0.429837 0.0109203 9.82213E-4 0.00582973 
0.430384 0.113887 0.0117187 0.423715 0.0103297 0.00165601 0.00831038 
0.430576 0.0627944 0.00907064 0.479594 0.011361 8.91822E-4 0.00571207 
0.353376 0.0522757 0.00901507 0.573086 0.00656629 7.70498E-4 0.00491018 
0.502257 0.0727748 0.0095362 0.396401 0.0105793 0.00119175 0.00725993 
0.522104 0.0741951 0.00905878 0.370561 0.015634 0.0013635 0.00708407 
0.501723 0.0564635 0.00897508 0.412287 0.0129937 9.58616E-4 0.00659932 
0.576608 0.0601325 0.00867936 0.329752 0.0172502 0.00121596 0.00636226 
0.612647 0.0591592 0.0091034 0.300302 0.0107465 0.00121956 0.00682196 
0.666214 0.0754792 0.00948871 0.228529 0.0110321 0.00128156 0.00797552 
0.495896 0.0926626 0.0112321 0.382721 0.00763147 0.00138127 0.00847535 
0.577477 0.0780976 0.00935972 0.307735 0.0166343 0.00115104 0.00954518 
0.715176 0.0922185 0.0092942 0.161746 0.011492 0.00136118 0.00871192 
0.706655 0.101776 0.0100897 0.15889 0.00986857 0.00149569 0.0112248 
0.680317 0.129766 0.0111944 0.154369 0.00851899 0.003357 0.0124782 
0.731665 0.0826224 0.0103412 0.154717 0.00946343 0.00215511 0.00903552 
0.646359 0.0529008 0.00878161 0.270568 0.0136168 0.00123517 0.00653806 
0.655724 0.0739088 0.010887 0.241805 0.00925623 0.00148476 0.00693383 
0.570997 0.0630672 0.0119056 0.342631 0.00493927 0.00113095 0.00532947 
0.606186 0.0741696 0.0115077 0.293363 0.00701121 9.95528E-4 0.00676765 
0.586707 0.123992 0.0082865 0.234392 0.0361948 0.00178441 0.00864372 
0.648828 0.0913639 0.00870002 0.220498 0.0220704 0.00156401 0.00697534 
0.594039 0.107684 0.0103395 0.269379 0.00963447 0.00135097 0.00757324 
0.592825 0.0973773 0.00918583 0.274516 0.0175814 0.00143077 0.00708345 
0.474895 0.0929489 0.00994374 0.404866 0.00831148 0.00119884 0.00783573 
0.490213 0.0821624 0.00862476 0.396035 0.0150378 0.00138242 0.00654434 
0.591382 0.0890093 0.0091746 0.276528 0.0226274 0.00178244 0.00949591 
0.443312 0.0664584 0.00848544 0.458641 0.0131631 0.00143863 0.00850077 
0.302336 0.0616938 0.007427 0.595026 0.0244124 0.00164813 0.00745636 
0.44359 0.0643388 0.00989971 0.444514 0.0256902 0.0017773 0.01019 
0.471623 0.0606938 0.0101345 0.407094 0.037329 0.00231712 0.0108092 
0.507692 0.0677713 0.0094525 0.346402 0.0556776 0.00240765 0.0105964 
0.515337 0.0626388 0.0101677 0.367272 0.0313859 0.00211459 0.0110833 
0.498485 0.0495322 0.00829732 0.404928 0.030508 0.00157027 0.00667943 
0.697967 0.0666899 0.0115078 0.19335 0.0178379 0.001932 0.0107155 
0.63598 0.0582715 0.0119515 0.263583 0.0196579 0.0011842 0.00937211 
0.713915 0.0446577 0.0100185 0.202781 0.0197197 0.00114157 0.00776677 
0.760042 0.0717514 0.0102156 0.106329 0.0359375 0.00188234 0.0138422 
0.713175 0.0458963 0.00819703 0.176947 0.0445355 0.00157177 0.0096772 
0.846636 0.0351462 0.00907078 0.0628083 0.0317023 0.00164071 0.0129952 
0.814414 0.0492539 0.0106999 0.078356 0.0310165 0.00222257 0.0140371 
0.796538 0.0516256 0.0121921 0.108815 0.0145923 0.0017768 0.0144597 
0.703075 0.0373724 0.00925469 0.220848 0.0202031 0.00133047 0.00791631 
0.696304 0.0624305 0.00881402 0.125893 0.0916651 0.00358803 0.0113057 
0.667882 0.0930492 0.00700895 0.104751 0.111907 0.00361279 0.0117897 
0.481039 0.108135 0.00741893 0.252808 0.133736 0.00489405 0.0119685 
0.157766 0.031916 0.00366778 0.787681 0.0135905 0.0018055 0.00357365 
0.171567 0.0260514 0.00386646 0.782339 0.00907954 0.0015926 0.00550345 
0.162931 0.00828097 0.00247593 0.815071 0.0088889 4.42691E-4 0.00190937 
0.0879381 0.0104545 0.00378646 0.892604 0.00245407 7.10721E-4 0.00205185 
0.206919 0.0260439 0.00442249 0.750512 0.00828617 0.00147364 0.00234304 
0.0124456 0.00764542 6.99763E-4 0.976258 0.00225758 1.97577E-4 4.95923E-4 
0.0183963 0.00375873 6.08011E-4 0.974703 0.0021431 1.33724E-4 2.57621E-4 
0.013028 0.00301067 8.75335E-4 0.982084 6.93736E-4 4.8095E-5 2.59729E-4 
0.0310408 0.0083354 0.00116044 0.955636 0.00300137 9.34443E-5 7.32836E-4 
0.0470267 0.0362112 0.00429462 0.906289 0.00325637 5.09534E-4 0.0024128 
0.00277742 0.00407936 4.9461E-4 0.991609 7.14498E-4 3.77961E-5 2.87664E-4 
1.99866E-6 4.84653E-4 1.07984E-6 0.999373 1.22984E-4 1.61897E-6 1.49824E-5 
7.00338E-7 2.50865E-4 3.72728E-7 0.999581 1.61239E-4 3.37086E-7 5.14877E-6 
1.5574E-6 3.49526E-4 7.3757E-7 0.999218 4.234E-4 4.80281E-7 6.26316E-6 
9.07838E-7 2.88276E-4 5.07779E-7 0.999555 1.46359E-4 5.04338E-7 7.98856E-6 
1.42674E-6 3.85403E-4 7.69151E-7 0.999458 1.48705E-4 6.60328E-7 5.05445E-6 
2.46603E-5 0.00230378 1.31887E-5 0.997367 2.48575E-4 6.04979E-6 3.66798E-5 
0.00323645 0.007117 0.0011988 0.987571 5.16197E-4 8.08147E-5 2.79618E-4 
0.00319446 0.00800132 9.53191E-4 0.98672 8.22556E-4 7.78564E-5 2.31053E-4 
0.00749942 0.0186473 0.00151045 0.968141 0.00297079 2.75442E-4 9.55132E-4 
0.0104622 0.027117 0.00267713 0.956418 0.00197729 3.38579E-4 0.00100985 
0.00830497 0.0314081 0.00361615 0.954516 8.37095E-4 5.7899E-4 7.38851E-4 
0.00654316 0.0236146 0.00554316 0.963377 2.17329E-4 3.84996E-4 3.19422E-4 
0.00904531 0.02748 0.00282047 0.958076 0.00153357 4.46184E-4 5.98068E-4 
0.0065053 0.0216685 0.00387512 0.965601 4.50507E-4 0.0010209 8.78321E-4 
0.0975956 0.0869434 0.0309215 0.75935 0.0029682 0.013091 0.00913054 
0.274515 0.147832 0.0163512 0.54649 0.00470521 0.00229528 0.00781173 
0.234812 0.100653 0.0126535 0.639507 0.00405457 0.00177102 0.00654953 
0.145015 0.151393 0.00772417 0.674326 0.0120572 0.0022723 0.00721245 
0.633782 0.0488596 0.00814088 0.274745 0.0235004 0.00134613 0.00962596 
0.596824 0.030948 0.00826495 0.307868 0.0432342 0.00134039 0.0115208 
0.715489 0.0347037 0.00932252 0.195298 0.0310692 0.0012585 0.01286 
0.680677 0.0428088 0.00898037 0.217584 0.0359696 0.00176598 0.0122144 
0.555797 0.0548656 0.00891323 0.344582 0.0244339 0.00149313 0.00991486 
0.485299 0.0497382 0.00945846 0.436144 0.00891457 0.00127602 0.00916885 
0.595715 0.0438857 0.00865364 0.322546 0.0192427 0.00130342 0.0086531 
0.568254 0.0422199 0.00808834 0.345383 0.0261406 0.00116207 0.00875197 
0.448723 0.0286966 0.00721659 0.487558 0.0204565 7.66704E-4 0.00658232 
0.468288 0.0411894 0.00841742 0.450506 0.0229338 9.20543E-4 0.00774408 
0.556364 0.0310995 0.00832117 0.374966 0.02061 8.49963E-4 0.00778869 
0.435354 0.0169786 0.0061654 0.510461 0.0242141 7.1579E-4 0.00611091 
0.468753 0.0219946 0.00625386 0.452513 0.0407721 9.18866E-4 0.00879445 
0.420552 0.026467 0.00679123 0.486353 0.0490739 0.00108477 0.0096783 
0.817056 0.0279061 0.0188889 0.120183 0.00415592 0.00210774 0.00970251 
0.751268 0.036347 0.0196913 0.178273 0.00395703 0.00162598 0.00883777 
0.744658 0.0369201 0.019707 0.186605 0.00381667 0.00141128 0.00688185 
0.663213 0.0305391 0.0199322 0.274756 0.00382833 0.0012252 0.00650625 
0.649331 0.0233635 0.0228753 0.29418 0.00299216 0.00123492 0.00602327 
0.608836 0.0261358 0.0200761 0.334921 0.00394865 9.91147E-4 0.00509119 
0.522377 0.0294092 0.0187991 0.418849 0.00300684 9.98895E-4 0.00656015 
0.49036 0.0470941 0.0138348 0.435416 0.00647188 6.4126E-4 0.00618203 
0.468752 0.0794821 0.0123529 0.419926 0.0116959 0.00111619 0.00667487 
0.469713 0.038967 0.0215645 0.461191 0.00275087 6.08356E-4 0.00520534 
0.495129 0.0329451 0.0174586 0.443254 0.00387639 8.17456E-4 0.00651862 
0.579167 0.0459082 0.0174996 0.344292 0.00461139 8.61581E-4 0.00766042 
