0.773969 0.0921301 0.0109599 0.081148 0.0250222 0.00278814 0.0139825 
0.821195 0.0526662 0.0120779 0.0694605 0.0234904 0.00257216 0.0185379 
0.786873 0.0480383 0.009501 0.0915566 0.0460679 0.00318447 0.014779 
0.801536 0.05347 0.0104759 0.103596 0.0183612 0.00235766 0.0102035 
0.815317 0.0505709 0.0115491 0.0928912 0.0148335 0.00190325 0.0129347 
0.786784 0.0654178 0.0116088 0.113774 0.00983019 0.00198892 0.0105955 
0.789473 0.0553257 0.00980015 0.107404 0.0233001 0.00290528 0.0117924 
0.813806 0.0549517 0.0124089 0.0979231 0.00914681 0.00200559 0.0097576 
0.678847 0.0957778 0.0094182 0.176345 0.0277159 0.00270159 0.00919472 
0.726208 0.0681791 0.0106251 0.162235 0.0214293 0.00231864 0.00900443 
0.807564 0.0526883 0.010132 0.0919471 0.0247233 0.00276747 0.0101779 
0.780236 0.0614263 0.0106247 0.10416 0.0267046 0.00326609 0.0135829 
0.825731 0.0498433 0.0116609 0.0906589 0.0108169 0.00216096 0.00912786 
0.823172 0.0561408 0.0117728 0.086581 0.0104102 0.00240515 0.00951763 
0.698111 0.0577949 0.0112441 0.20599 0.0146983 0.0023102 0.00985174 
0.750794 0.0513819 0.00968046 0.150008 0.0266299 0.00258573 0.00891991 
0.734652 0.0409744 0.0103603 0.188736 0.016344 0.00192245 0.00701106 
0.797486 0.048961 0.0100993 0.100889 0.0288318 0.00271871 0.0110139 
0.784202 0.0535365 0.0107211 0.121579 0.0160649 0.00298944 0.0109073 
0.770148 0.0845363 0.0102333 0.0972938 0.0227288 0.0030823 0.0119776 
0.77301 0.0822169 0.0101364 0.0856629 0.0337459 0.00383807 0.0113893 
0.792489 0.0564519 0.0112864 0.112735 0.0164548 0.00231695 0.00826547 
0.780405 0.0684872 0.0115751 0.110233 0.0154829 0.00309298 0.0107244 
0.74729 0.0695126 0.0125566 0.145296 0.0115079 0.00278782 0.01105 
0.790518 0.0453071 0.0126581 0.128138 0.0110792 0.00214939 0.0101506 
0.751173 0.0421729 0.00895685 0.145921 0.037798 0.00293179 0.0110456 
0.731127 0.0719455 0.00766533 0.112738 0.0597299 0.00320184 0.0135925 
0.62962 0.0758732 0.008594 0.237594 0.0331756 0.00207278 0.0130704 
0.610235 0.119795 0.00788878 0.180308 0.0637448 0.00351096 0.0145167 
0.61368 0.07732 0.00716937 0.204729 0.0759569 0.00260576 0.0185394 
0.521699 0.110988 0.00672543 0.300258 0.0478054 0.00205803 0.0104658 
0.570501 0.121851 0.00729154 0.203307 0.0814711 0.00332636 0.0122524 
0.271424 0.0972642 0.00675051 0.584471 0.0318089 0.00215648 0.00612502 
0.374135 0.0984489 0.00728811 0.468793 0.0409892 0.00265886 0.00768627 
0.342319 0.0882271 0.00636286 0.518643 0.0351973 0.00220182 0.00704966 
0.339732 0.217985 0.00876273 0.37542 0.0424176 0.00507544 0.0106072 
0.303229 0.388837 0.00594305 0.234656 0.0518295 0.00624232 0.00926293 
0.189559 0.283985 0.0101419 0.456811 0.0396903 0.00878695 0.0110259 
0.0807975 0.199038 0.0078725 0.658746 0.0395444 0.00546555 0.00853586 
0.0927083 0.263731 0.00971657 0.577115 0.0395553 0.00735378 0.00981965 
0.0731756 0.255701 0.013619 0.630144 0.00834705 0.0101478 0.00886472 
0.0986676 0.331966 0.0130234 0.515387 0.017109 0.0133767 0.0104706 
0.087921 0.202541 0.00640261 0.640102 0.0479661 0.00733229 0.00773485 
0.0993529 0.242967 0.00939529 0.582581 0.0464255 0.00971362 0.00956434 
0.0950179 0.395709 0.00829861 0.46261 0.020533 0.010008 0.00782339 
0.0858773 0.245603 0.00917992 0.558674 0.0721814 0.0179164 0.0105679 
0.0859124 0.456324 0.00775913 0.32556 0.0955445 0.0191854 0.00971451 
0.0869988 0.473802 0.00675831 0.343808 0.0515015 0.0296343 0.00749742 
0.101105 0.227183 0.0164242 0.486485 0.112109 0.0370532 0.0196405 
0.120694 0.217426 0.0206767 0.421837 0.147122 0.0434367 0.0288068 
0.115018 0.330513 0.0154131 0.366697 0.115677 0.0369406 0.0197408 
0.0868822 0.298276 0.00946554 0.50761 0.0659497 0.0215617 0.0102542 
0.0854746 0.183417 0.0140063 0.576524 0.0994819 0.0223278 0.0187686 
0.0478289 0.103581 0.00653925 0.780447 0.0450616 0.00846545 0.00807673 
0.0465192 0.106562 0.00570179 0.785568 0.0408417 0.00755636 0.00725141 
0.0588056 0.172599 0.00731001 0.685741 0.0478778 0.0185019 0.00916468 
0.0631466 0.251501 0.00942332 0.614713 0.0149781 0.0366979 0.00953998 
0.0769413 0.304971 0.0192554 0.550442 0.00632188 0.0294592 0.0126093 
0.0575745 0.190958 0.0237499 0.694231 0.00399608 0.0210249 0.00846592 
0.0565986 0.222169 0.0162047 0.686218 0.00354528 0.00719417 0.00807001 
0.0407561 0.12411 0.00830772 0.805207 0.00918559 0.00505569 0.00737832 
0.0652993 0.19038 0.01511 0.699726 0.00659128 0.00962228 0.0132711 
0.06137 0.200145 0.0134748 0.701628 0.00554899 0.00677518 0.0110581 
0.0859221 0.279789 0.0176013 0.581581 0.00878639 0.0108281 0.0154919 
0.0508263 0.165076 0.011858 0.748518 0.0068152 0.00675298 0.0101532 
0.0416742 0.147321 0.0116579 0.784769 0.00389908 0.00437342 0.00630442 
0.0363867 0.120602 0.00954298 0.820949 0.00390514 0.00258047 0.00603399 
0.0304995 0.0726548 0.00742287 0.877989 0.00360068 0.00200435 0.00582912 
0.0471617 0.150103 0.0139767 0.770558 0.00431917 0.00485572 0.00902522 
0.0618502 0.15119 0.0123299 0.750178 0.00798905 0.00503381 0.0114289 
0.110076 0.233945 0.0175541 0.607684 0.00988289 0.00675742 0.0141 
0.119342 0.27015 0.0145737 0.56297 0.0137748 0.00601699 0.0131732 
0.106258 0.247731 0.0143675 0.587179 0.024012 0.00636516 0.0140875 
0.0614051 0.159684 0.017884 0.734572 0.00891406 0.00677798 0.0107628 
0.0839034 0.222543 0.0222299 0.639289 0.00935457 0.00927453 0.0134047 
0.330409 0.173669 0.0153831 0.453537 0.0103693 0.00445803 0.0121748 
0.140748 0.221686 0.0132951 0.556413 0.0471016 0.00646943 0.0142872 
0.230299 0.133718 0.00832036 0.565193 0.047915 0.00328217 0.0112731 
0.554475 0.110467 0.00892276 0.222278 0.084552 0.00318664 0.0161188 
0.551207 0.157551 0.0085194 0.213773 0.0516746 0.00254416 0.014731 
0.656663 0.141096 0.0103233 0.135961 0.0367881 0.00247313 0.016696 
0.724138 0.111817 0.00955342 0.10004 0.0383092 0.00202775 0.0141152 
0.746158 0.0965085 0.011115 0.105768 0.0271243 0.00251609 0.0108094 
0.824474 0.0450209 0.0135063 0.0665383 0.0373621 0.00267323 0.010425 
0.814028 0.0563018 0.0130666 0.0674146 0.0374362 0.00302146 0.00873135 
0.811902 0.0639055 0.0133842 0.0747438 0.0245554 0.00288388 0.00862531 
0.805007 0.0641709 0.0106844 0.0853568 0.0221134 0.0030025 0.00966529 
0.765871 0.0513295 0.0102633 0.11393 0.0433998 0.00309131 0.0121151 
0.683363 0.0341286 0.00890243 0.202382 0.0602039 0.00279835 0.00822181 
0.523281 0.0310146 0.00733324 0.367241 0.0632794 0.00182662 0.00602395 
0.733151 0.0262445 0.0105996 0.139903 0.0771794 0.00243555 0.0104864 
0.849229 0.0201531 0.0119596 0.0811863 0.0267059 0.00167841 0.00908811 
0.821524 0.0445989 0.0134934 0.0935163 0.0137282 0.00240679 0.0107321 
0.809285 0.0358774 0.0111392 0.0775855 0.0504014 0.00334684 0.0123648 
0.778715 0.0248053 0.0117293 0.127618 0.0456049 0.00227591 0.00925097 
0.83261 0.0378658 0.0116136 0.0710038 0.0334993 0.00261457 0.0107932 
0.812015 0.0476143 0.0200451 0.0939225 0.0101371 0.00286383 0.0134026 
0.85379 0.0424785 0.0246505 0.0494415 0.00925199 0.00237873 0.0180084 
0.8522 0.0333508 0.0251175 0.049962 0.0167618 0.00356723 0.0190411 
0.844253 0.0464393 0.0194998 0.0641832 0.0121404 0.00339807 0.0100859 
0.849101 0.0247429 0.0177005 0.0563148 0.0337141 0.00310468 0.0153217 
0.816127 0.0316909 0.0179574 0.0805395 0.0338484 0.00349174 0.0163455 
0.745519 0.0289643 0.0223178 0.176627 0.0106121 0.00159914 0.0143607 
0.819151 0.0331105 0.0237232 0.0944349 0.010704 0.00383182 0.0150452 
0.704129 0.0240066 0.0239284 0.22969 0.00452095 0.00349489 0.0102295 
0.656055 0.0277018 0.0217025 0.276912 0.00408258 0.00276455 0.0107811 
0.748752 0.0236027 0.0252181 0.182201 0.00563842 0.0024003 0.0121883 
0.726026 0.0348422 0.0207827 0.199391 0.00516513 0.00234922 0.0114441 
0.691917 0.0258603 0.0224268 0.243144 0.00490986 0.00200566 0.00973702 
0.729821 0.0306093 0.0166284 0.202559 0.00988649 0.00233114 0.00816469 
0.776149 0.033083 0.0174378 0.147429 0.0130109 0.00275844 0.0101323 
0.663574 0.0194881 0.017693 0.282413 0.00910968 0.00203929 0.00568298 
0.537728 0.0188301 0.0147054 0.41054 0.0105114 0.00216606 0.00551861 
0.639473 0.0178221 0.0192364 0.305836 0.00870574 0.0020622 0.00686465 
0.708069 0.0143821 0.022305 0.231649 0.0133013 0.00224506 0.00804863 
0.720971 0.0260563 0.0187575 0.212364 0.0107454 0.0026657 0.00844051 
0.690973 0.0440687 0.0168602 0.224992 0.0124312 0.00254503 0.00813005 
0.735035 0.0507967 0.0165887 0.177328 0.00989626 0.00227657 0.0080786 
0.736141 0.0303771 0.0170606 0.195873 0.0116719 0.00207571 0.00680029 
0.784967 0.0308285 0.0165894 0.140203 0.0172297 0.00245448 0.00772828 
0.758539 0.041495 0.0166213 0.159688 0.0122607 0.00304077 0.00835537 
0.787734 0.0364503 0.0206472 0.122494 0.0120218 0.00380062 0.0168512 
0.814721 0.0285273 0.0243204 0.101072 0.0105087 0.00400231 0.0168483 
0.819513 0.0282482 0.0230912 0.102406 0.0129088 0.00214613 0.0116865 
0.878739 0.023037 0.0229629 0.0539092 0.00913419 0.00231129 0.0099064 
0.827514 0.0198547 0.0249164 0.113105 0.00574311 0.00144849 0.0074191 
0.298884 0.0224839 0.00908892 0.654395 0.00998863 0.00139057 0.00376864 
0.634306 0.0450503 0.013774 0.267909 0.0196015 0.0042485 0.0151108 
0.488296 0.0187263 0.00698195 0.425364 0.0528172 0.00225051 0.00556462 
0.849458 0.0556816 0.0139533 0.0392285 0.0161593 0.00450159 0.0210177 
0.859199 0.044502 0.0168862 0.0337391 0.0120583 0.00395219 0.0296631 
0.844611 0.0736106 0.0274192 0.0378612 0.00219235 0.00194076 0.0123654 
0.88006 0.0259242 0.0390239 0.0454432 0.00266978 8.14547E-4 0.0060647 
0.821253 0.0455456 0.0156963 0.103033 0.00733408 0.0017775 0.00536041 
0.842065 0.0291736 0.0158525 0.0866717 0.0164993 0.0023419 0.00739576 
0.74365 0.0651799 0.0120247 0.125081 0.0410581 0.00325981 0.00974641 
0.838768 0.0409361 0.0129151 0.0826184 0.0157564 0.00261488 0.00639108 
0.837429 0.0388363 0.0119053 0.0520235 0.045603 0.00294031 0.0112627 
0.814871 0.0501907 0.0124973 0.0712087 0.0377784 0.00297282 0.010481 
0.825076 0.0556664 0.0108347 0.0359158 0.0547885 0.00435892 0.0133598 
0.815384 0.0759982 0.0126523 0.0370049 0.0381168 0.00345791 0.0173859 
0.80399 0.075214 0.01286 0.0565256 0.0338918 0.00362467 0.0138936 
0.815679 0.0480147 0.0128078 0.0665409 0.0411803 0.00351414 0.0122629 
0.809555 0.064541 0.0132003 0.072021 0.0255416 0.00412612 0.0110145 
0.754898 0.062934 0.0128642 0.0921014 0.0595062 0.00440504 0.0132914 
0.764714 0.0561037 0.011559 0.0629525 0.0866357 0.00428955 0.013745 
0.765421 0.0671787 0.0126032 0.0842902 0.053622 0.00421105 0.0126741 
0.806045 0.0599084 0.0153789 0.0751334 0.026654 0.00408547 0.0127944 
0.791268 0.0669828 0.0150325 0.0711502 0.0375966 0.00401157 0.0139586 
0.802296 0.0370549 0.0137041 0.0937415 0.0360621 0.00405373 0.0130873 
0.819751 0.0579642 0.0148502 0.0632741 0.0255752 0.00388724 0.0146979 
0.827652 0.0408203 0.0144893 0.073268 0.0292432 0.00271197 0.0118152 
0.812602 0.0387939 0.0135334 0.0751077 0.0425008 0.00314412 0.0143183 
0.860727 0.037081 0.0169746 0.057289 0.0136143 0.00261484 0.0116995 
0.804263 0.0392521 0.0140314 0.106876 0.0240478 0.00250081 0.00902936 
0.799289 0.0472358 0.0131578 0.068618 0.0536947 0.00302585 0.0149786 
0.512315 0.0164491 0.0151011 0.264724 0.171744 0.00210234 0.0175643 
0.68966 0.0311594 0.0138244 0.209405 0.0407069 0.0025628 0.0126817 
0.714184 0.043855 0.0143656 0.183574 0.0275341 0.00203759 0.0144496 
0.766994 0.0525918 0.0119314 0.127553 0.0269913 0.00195665 0.0119821 
0.723136 0.0319965 0.01156 0.186256 0.0336661 0.00166161 0.0117236 
0.509336 0.0357993 0.00863288 0.396492 0.0392239 0.00171717 0.00879895 
0.557899 0.0570251 0.0100694 0.315375 0.0443054 0.00275558 0.0125703 
0.753037 0.0403676 0.0141546 0.128531 0.0324689 0.00467288 0.0267676 
0.755148 0.0434954 0.0125259 0.111694 0.0453393 0.00658382 0.0252144 
0.704177 0.0363463 0.0121339 0.188713 0.0392888 0.00426944 0.0150714 
0.570851 0.0378432 0.0101512 0.352743 0.0186113 0.00268442 0.00711595 
0.672999 0.0533315 0.013157 0.222627 0.0177759 0.00417762 0.0159318 
0.778534 0.0403316 0.0182743 0.132557 0.00877724 0.00369672 0.0178295 
0.719154 0.0667179 0.015616 0.171204 0.00831816 0.00302214 0.0159681 
0.718163 0.0418647 0.0122233 0.193566 0.0184927 0.00353509 0.0121549 
0.696785 0.0628526 0.0117306 0.190003 0.0254208 0.00266056 0.0105469 
0.660779 0.0715203 0.0127249 0.220234 0.0215439 0.00328405 0.00991429 
0.724336 0.0589699 0.0129383 0.17985 0.0114125 0.00319684 0.00929642 
0.71113 0.0728541 0.0117458 0.151527 0.0357682 0.00405274 0.0129221 
0.804993 0.0718465 0.0146422 0.0466028 0.0342995 0.00719785 0.0204182 
0.756993 0.061021 0.0139951 0.107357 0.0404293 0.0043181 0.0158871 
0.735007 0.0758307 0.014018 0.101277 0.0493142 0.0061255 0.0184274 
0.803174 0.0610069 0.0156624 0.0618145 0.0300677 0.00628447 0.0219901 
0.831262 0.0649187 0.0155159 0.0436096 0.016197 0.00683227 0.021665 
0.851984 0.0378025 0.017497 0.0339095 0.0278233 0.00628442 0.024699 
0.816221 0.0559244 0.0131681 0.0501208 0.0420301 0.00702157 0.0155136 
0.815279 0.0595935 0.0130758 0.0785525 0.0167966 0.0043515 0.0123514 
0.72149 0.0710697 0.0103745 0.135614 0.0439307 0.00574337 0.0117773 
0.745804 0.0754174 0.0105305 0.0992364 0.050517 0.00605808 0.0124371 
0.792215 0.0833999 0.0115437 0.0541726 0.0385711 0.00526688 0.0148307 
0.737049 0.0913409 0.0121487 0.0862619 0.0510159 0.00512554 0.0170585 
0.763062 0.0641318 0.0129021 0.107215 0.0290061 0.00795952 0.0157229 
0.767609 0.103947 0.0123319 0.0615358 0.0293374 0.00849587 0.0167436 
0.569864 0.145728 0.00792383 0.148193 0.104717 0.00813986 0.0154347 
0.477552 0.206917 0.00704867 0.206055 0.0841115 0.00667315 0.0116424 
0.442157 0.230084 0.00819887 0.261122 0.0361776 0.00843388 0.0138261 
0.440488 0.246659 0.0047894 0.223355 0.0691187 0.0049538 0.0106361 
0.0821839 0.139465 0.00855331 0.746053 0.0105948 0.00536866 0.00778096 
0.325984 0.205817 0.00645582 0.280876 0.15841 0.00660686 0.0158499 
0.411053 0.308096 0.00519731 0.171681 0.0859641 0.00361024 0.014398 
0.248158 0.166817 0.00837239 0.182645 0.369659 0.00975189 0.0145971 
0.221912 0.126296 0.00657126 0.286942 0.340705 0.00809235 0.00948124 
0.176212 0.161213 0.00842483 0.224853 0.40646 0.0106223 0.0122153 
0.200897 0.158173 0.00693503 0.214599 0.397366 0.0105632 0.011467 
0.174083 0.106317 0.00559583 0.205816 0.490479 0.00769596 0.0100137 
0.264309 0.197736 0.0059076 0.370311 0.14357 0.00791175 0.0102546 
0.354077 0.177239 0.00557258 0.178243 0.263416 0.0093074 0.0121447 
0.277759 0.138846 0.00527999 0.387545 0.173608 0.00705678 0.00990503 
0.36939 0.17753 0.00598236 0.225287 0.200031 0.00821778 0.0135623 
0.456442 0.165801 0.00627011 0.202162 0.148376 0.00724739 0.0137024 
0.505786 0.11866 0.00681652 0.237568 0.112444 0.00464702 0.0140793 
0.4278 0.190643 0.00614562 0.158059 0.193772 0.00758762 0.0159934 
0.486426 0.181735 0.0060213 0.149553 0.153186 0.00670759 0.0163701 
0.48403 0.10443 0.00593718 0.215038 0.172721 0.00580645 0.0120374 
0.518369 0.08257 0.00691246 0.109689 0.256621 0.00597593 0.0198623 
0.527319 0.193021 0.00893617 0.109884 0.121291 0.0246513 0.0148969 
0.52275 0.109004 0.0073167 0.125 0.205008 0.0187203 0.0122007 
0.383062 0.0581418 0.00407158 0.203268 0.338186 0.00549094 0.00777913 
0.358778 0.0430037 0.00415655 0.227713 0.354542 0.00388674 0.00791992 
0.348727 0.0633043 0.0044231 0.183209 0.387789 0.0047885 0.00775935 
0.866484 0.0564069 0.0235201 0.0218988 0.00508997 0.0120902 0.0145105 
0.879824 0.0327338 0.0177399 0.0419072 0.00997439 0.00667749 0.0111433 
0.858055 0.0231172 0.0231168 0.0756656 0.00356752 0.00732592 0.00915166 
0.876379 0.00592956 0.0304942 0.0496901 0.016954 0.00402615 0.016527 
0.869237 0.007578 0.0482983 0.0372315 0.00783677 0.00698191 0.0228362 
0.896655 0.0255393 0.0212195 0.0215182 0.0108723 0.0119974 0.012198 
0.86347 0.0172435 0.0199756 0.064372 0.0128589 0.00977172 0.0123083 
0.861653 0.0232079 0.0237566 0.0619004 0.00453092 0.0123612 0.0125895 
0.867692 0.0351602 0.0264444 0.0508139 0.00361069 0.00808294 0.00819617 
0.888294 0.0340948 0.0304437 0.0194056 0.00243338 0.0114176 0.0139111 
0.879072 0.0362756 0.0288866 0.0275867 0.00300632 0.0108318 0.014341 
0.830673 0.0629369 0.0205481 0.0541928 0.00934954 0.00798212 0.0143172 
0.836724 0.0657141 0.0218596 0.0363605 0.00853649 0.00983563 0.0209695 
0.749574 0.135267 0.0176652 0.0476763 0.0214915 0.00936621 0.0189599 
0.782155 0.0916831 0.0140837 0.0769418 0.0158287 0.00990318 0.00940415 
0.760476 0.0794388 0.0134855 0.121201 0.011272 0.006571 0.00755513 
0.811904 0.0684647 0.012698 0.0821315 0.011145 0.00651068 0.00714652 
0.810364 0.0637726 0.0109324 0.0803628 0.0159272 0.00948133 0.0091601 
0.794057 0.0321623 0.0127212 0.131975 0.0168465 0.00471095 0.00752647 
0.810965 0.0332532 0.0160901 0.122096 0.00718601 0.00436514 0.00604448 
0.845356 0.050694 0.0141036 0.0620166 0.00868744 0.00770028 0.0114419 
0.766858 0.0591836 0.0151061 0.122444 0.0122098 0.0080313 0.0161669 
0.803581 0.0400873 0.0131902 0.109822 0.0126334 0.00702617 0.0136599 
0.764203 0.0243829 0.0157671 0.126266 0.0383738 0.00603356 0.0249734 
0.583473 0.0286058 0.0105581 0.329274 0.0300765 0.00524374 0.0127688 
0.67738 0.0784296 0.00901586 0.197333 0.0209432 0.00542918 0.0114689 
0.672873 0.0767752 0.010702 0.21722 0.00835926 0.00274977 0.0113206 
0.629743 0.103506 0.00939235 0.231233 0.0126272 0.00196325 0.011535 
0.70499 0.171707 0.00798573 0.0876307 0.0129238 0.00423397 0.0105289 
0.566447 0.114702 0.0136067 0.2832 0.00636818 0.00573246 0.00994445 
0.620047 0.120455 0.0127208 0.222294 0.00966227 0.00433261 0.0104882 
0.554531 0.0479459 0.0101128 0.368961 0.00972185 0.00166925 0.00705823 
0.725196 0.0835917 0.00864216 0.142913 0.0252604 0.00266631 0.0117302 
0.761749 0.0821401 0.00809887 0.0935245 0.0388522 0.00374809 0.0118868 
0.685898 0.104176 0.00966445 0.169558 0.0184548 0.00243173 0.00981715 
0.672551 0.0836023 0.00743963 0.191566 0.0310152 0.00331256 0.0105127 
0.601941 0.0931559 0.00742504 0.227499 0.0515664 0.00325584 0.0151559 
0.447384 0.0759268 0.00500822 0.343541 0.11582 0.00317139 0.00914863 
0.531798 0.193301 0.00580791 0.220143 0.0365444 0.00254356 0.00986167 
0.671885 0.0888677 0.00721459 0.207929 0.013294 0.00286421 0.00794512 
0.705991 0.168315 0.00661761 0.0678959 0.0323393 0.00517296 0.0136682 
0.718887 0.10597 0.00862785 0.123593 0.0196558 0.00494704 0.0183191 
0.855726 0.0390574 0.0100097 0.0551389 0.0163473 0.00545068 0.0182704 
0.693849 0.0376681 0.00981403 0.225365 0.0225944 0.00196579 0.00874338 
0.676066 0.0430707 0.0100679 0.233973 0.0231927 0.00279409 0.0108355 
0.610242 0.0579867 0.0115476 0.298252 0.011892 0.00278504 0.00729395 
0.63439 0.0517014 0.018794 0.285202 0.0026466 0.00161811 0.005648 
0.610139 0.0439427 0.0117027 0.312602 0.0136933 9.79735E-4 0.00694082 
0.561947 0.0481704 0.0109749 0.35343 0.0181 9.8684E-4 0.00639019 
0.519337 0.0772056 0.0131986 0.370997 0.00991175 0.00102561 0.00832408 
0.48123 0.0512108 0.0103397 0.441944 0.00827773 8.45458E-4 0.00615201 
0.585014 0.080612 0.0107051 0.303616 0.0114234 0.00130318 0.00732613 
0.525606 0.0408838 0.0107878 0.408904 0.00781301 6.7109E-4 0.00533465 
0.566225 0.0504661 0.0119114 0.356757 0.00602383 8.32144E-4 0.00778459 
0.433118 0.0727362 0.0105441 0.464514 0.00885178 0.00123655 0.00899975 
0.603219 0.0500972 0.0119405 0.316492 0.00879925 0.00110839 0.00834378 
0.57057 0.0665532 0.0103879 0.32487 0.0173244 0.00122808 0.00906717 
0.480994 0.0556171 0.0107483 0.436416 0.00874123 8.48588E-4 0.00663434 
0.405861 0.0376525 0.00943084 0.533308 0.00757564 6.4813E-4 0.00552401 
0.612792 0.0462499 0.0110746 0.310243 0.0116959 8.88814E-4 0.00705636 
0.486128 0.0552042 0.00990831 0.430499 0.00986189 0.00106475 0.00733399 
0.387168 0.0468162 0.00914735 0.540697 0.00974341 8.8583E-4 0.00554173 
0.514564 0.0371999 0.011988 0.4178 0.00797256 9.94461E-4 0.00948052 
0.575696 0.0453616 0.0112199 0.339197 0.0145909 0.00124387 0.0126907 
0.610352 0.0668818 0.0104665 0.279372 0.016795 0.00165244 0.0144808 
0.609047 0.0634295 0.0101959 0.286105 0.0199347 0.00159061 0.00969766 
0.592807 0.0631672 0.0118253 0.306291 0.0137811 0.0014063 0.0107214 
0.684575 0.0792899 0.0110513 0.198334 0.0127504 0.00162453 0.0123747 
0.345751 0.0448054 0.00756534 0.584192 0.0117454 9.04138E-4 0.00503754 
0.408413 0.0379115 0.00930096 0.530545 0.0077607 6.65764E-4 0.00540326 
0.496273 0.0443533 0.00974721 0.428291 0.0121313 9.11739E-4 0.0082924 
0.440201 0.0568268 0.00962855 0.476804 0.00898551 8.32325E-4 0.00672126 
0.486473 0.0533091 0.00980277 0.432428 0.0100828 8.502E-4 0.0070533 
0.261757 0.0480145 0.00754914 0.667662 0.00952971 8.38512E-4 0.00464879 
0.38556 0.0433143 0.0102503 0.549813 0.00550546 5.98746E-4 0.00495761 
0.352132 0.0396665 0.00883198 0.586236 0.0078669 7.53175E-4 0.00451327 
0.469466 0.039563 0.0087134 0.454133 0.0212681 8.51417E-4 0.00600459 
0.356655 0.0434774 0.00790646 0.563976 0.0207457 9.95651E-4 0.00624392 
0.333853 0.0366466 0.00794924 0.607583 0.00947748 7.04131E-4 0.00378738 
0.475564 0.0734766 0.00962953 0.422241 0.0110364 0.00109582 0.00695618 
0.619817 0.0646437 0.0106783 0.280277 0.0131481 0.00122327 0.010213 
0.452684 0.040199 0.00675731 0.444626 0.0465818 0.00122901 0.00792294 
0.505223 0.0371301 0.00758602 0.398329 0.0420576 0.00122331 0.00845142 
0.628639 0.0365404 0.0097332 0.274977 0.0392021 0.00124048 0.00966803 
0.587683 0.0668704 0.0104207 0.2966 0.0290164 0.00126714 0.00814157 
0.563926 0.0719639 0.0117553 0.332207 0.0125099 0.00110555 0.00653233 
0.484915 0.0939301 0.0153514 0.384575 0.0114953 0.00197832 0.00775555 
0.531089 0.0508507 0.0144823 0.391703 0.0064834 0.00135487 0.00403716 
0.538359 0.0691846 0.0129984 0.35668 0.0124343 0.00261186 0.00773135 
0.47266 0.0934049 0.0104714 0.382499 0.0310518 0.00231766 0.00759513 
0.678012 0.0959487 0.0108707 0.191029 0.0150424 0.00173864 0.0073585 
0.621226 0.127313 0.014649 0.216884 0.00638347 0.00313684 0.0104081 
0.478721 0.0900987 0.0110862 0.400448 0.0100721 0.00197276 0.00760088 
0.45805 0.0862356 0.0121891 0.42597 0.00775481 0.00209692 0.00770423 
0.249267 0.066369 0.00895422 0.612327 0.0517683 0.00293846 0.008376 
0.468938 0.0761447 0.00854511 0.356884 0.0772527 0.00354507 0.00869041 
0.487205 0.106289 0.0103965 0.368547 0.0187388 0.00166979 0.00715326 
0.716917 0.105337 0.0118307 0.128452 0.0219901 0.00270649 0.0127666 
0.543641 0.107206 0.0114876 0.216182 0.0996925 0.00482135 0.0169705 
0.48084 0.1512 0.0116746 0.291874 0.0468141 0.00399987 0.0135971 
0.704448 0.0953215 0.0109963 0.15704 0.0208395 0.0018681 0.0094863 
0.665186 0.0887112 0.00981145 0.167162 0.0545142 0.00257117 0.0120444 
0.607956 0.0483214 0.00883352 0.277411 0.0471799 0.00165628 0.00864226 
0.622736 0.0750983 0.00965518 0.228976 0.0509576 0.002136 0.0104414 
0.738236 0.0501697 0.00998737 0.140546 0.0464009 0.00206175 0.0125982 
0.72259 0.0506436 0.0110489 0.188969 0.0139503 0.00141198 0.0113867 
0.57976 0.0542597 0.00906902 0.309656 0.0375971 0.0013915 0.00826677 
0.522911 0.0531165 0.00945419 0.384905 0.0201898 0.00142189 0.00800144 
0.740283 0.0473632 0.00972932 0.174047 0.0203777 0.00128736 0.00691269 
0.687346 0.0659931 0.00905369 0.194617 0.033193 0.00165694 0.00814072 
0.738657 0.0911745 0.0103775 0.128347 0.0182705 0.00175839 0.0114154 
0.710466 0.0573265 0.00914943 0.174457 0.0371608 0.00204077 0.00939942 
0.668659 0.0793211 0.00983168 0.199489 0.0304421 0.00183857 0.0104188 
0.694201 0.0566223 0.00925376 0.202747 0.0275871 0.00145035 0.00813875 
0.664179 0.0750397 0.00923631 0.206982 0.0336946 0.00176779 0.00910063 
0.596106 0.0428836 0.00927939 0.270413 0.0681062 0.00210116 0.011111 
0.762186 0.045647 0.0100075 0.104444 0.0605707 0.0021085 0.0150367 
0.758345 0.0865851 0.00951487 0.09788 0.0339534 0.0020607 0.0116606 
0.674348 0.0803379 0.00956032 0.188156 0.035776 0.00159305 0.0102296 
0.584988 0.0453325 0.00817093 0.327772 0.0229621 0.00134049 0.00943408 
0.48123 0.0574926 0.00893901 0.427637 0.0160215 9.43782E-4 0.00773604 
0.561815 0.0687655 0.0106172 0.33324 0.0134065 0.00141309 0.0107422 
0.575687 0.0659487 0.00963728 0.319793 0.0177341 0.00137879 0.00982143 
0.642275 0.0674159 0.00891016 0.243251 0.0230022 0.00110065 0.0140448 
0.701871 0.0794537 0.0107516 0.175772 0.0148463 0.0013638 0.0159421 
0.621079 0.0721175 0.0101267 0.272115 0.0136432 0.00117218 0.00974637 
0.678896 0.0745536 0.0110009 0.212732 0.010832 0.00107958 0.0109059 
0.62232 0.0734914 0.00990443 0.253614 0.0267203 0.00145848 0.0124914 
0.574829 0.067725 0.00964053 0.31545 0.0207442 0.00125882 0.0103528 
0.494855 0.059413 0.0093516 0.409699 0.0173947 0.0011969 0.00808988 
0.606117 0.0711939 0.010341 0.290576 0.0111955 9.20501E-4 0.00965632 
0.590651 0.0865828 0.0100233 0.28373 0.0164505 0.0014846 0.0110781 
0.542337 0.0730544 0.00945266 0.350075 0.0133461 0.00121583 0.0105193 
0.557497 0.0615317 0.00952794 0.344692 0.0150316 0.00125039 0.0104693 
0.641301 0.0845909 0.010627 0.233224 0.0162237 0.00164381 0.0123893 
0.734483 0.0528263 0.00889013 0.171202 0.0211716 0.00121692 0.0102097 
0.659952 0.080589 0.0115795 0.228747 0.00775546 0.00118033 0.0101972 
0.640345 0.0694772 0.0114818 0.255234 0.00851089 0.0011685 0.013783 
0.748512 0.0519251 0.0102825 0.155691 0.0190017 0.00114996 0.0134376 
0.699841 0.0748808 0.0097348 0.172888 0.026809 0.00144916 0.0143965 
0.618546 0.0815889 0.0109075 0.257274 0.0194871 0.00142558 0.0107712 
0.572611 0.106025 0.00963359 0.280354 0.0196743 0.00153299 0.0101693 
0.660977 0.0885516 0.0108921 0.216156 0.0117714 0.00130632 0.0103458 
0.709237 0.065183 0.00882211 0.173543 0.0314146 0.00147226 0.0103275 
0.758926 0.078307 0.010243 0.124402 0.0179008 0.00140533 0.00881619 
0.713724 0.0579015 0.0104047 0.191634 0.0147644 0.00114791 0.0104235 
0.705848 0.103783 0.0102475 0.137153 0.0272329 0.00194537 0.0137903 
0.479787 0.0532829 0.00789145 0.429456 0.0214766 0.0011175 0.00698841 
0.485137 0.0528893 0.00810643 0.414043 0.0285187 0.00152038 0.00978477 
0.531942 0.0730089 0.00839759 0.355224 0.0215119 0.00117972 0.00873619 
0.538368 0.0456093 0.00703691 0.376913 0.0242888 9.89893E-4 0.00679412 
0.426577 0.053885 0.00830926 0.496717 0.00794936 0.0010612 0.00550147 
0.379202 0.0479349 0.00856135 0.550731 0.00659318 0.00103985 0.00593735 
0.410983 0.112388 0.00972917 0.440457 0.0144878 0.00215679 0.00979854 
0.496411 0.0853924 0.00951289 0.382824 0.0148668 0.00157254 0.00942003 
0.445108 0.059897 0.00747619 0.458463 0.0216181 0.00117406 0.00626378 
0.334958 0.0572425 0.00726209 0.575261 0.0176472 0.00106777 0.00656174 
0.446266 0.0593965 0.00850004 0.464893 0.0129322 0.00107093 0.00694093 
0.502588 0.104535 0.00897292 0.353664 0.0197315 0.00160012 0.00890848 
0.428347 0.0842106 0.00925703 0.459578 0.00978295 0.00166786 0.0071565 
0.600236 0.0735617 0.00901953 0.29156 0.0148878 0.00198491 0.00874947 
0.830324 0.0521916 0.01019 0.0782644 0.00888504 0.00321738 0.0169274 
0.81532 0.0651364 0.0176214 0.0830233 0.00292085 0.00221539 0.013763 
0.624712 0.130564 0.01176 0.204891 0.0121169 0.00203947 0.0139163 
0.249566 0.723666 0.0039543 0.0101832 0.00244514 0.00798378 0.00220103 
0.420906 0.473279 0.0137202 0.0619758 0.004265 0.0239606 0.00189332 
0.627503 0.324846 0.0139317 0.0148887 0.00159994 0.0125998 0.00463049 
0.67295 0.0674653 0.0211322 0.226968 0.00221184 0.00369594 0.00557732 
0.468919 0.175535 0.019561 0.310167 0.00786202 0.00506263 0.0128924 
0.466887 0.16255 0.0154638 0.315586 0.0213428 0.00540664 0.0127634 
0.814556 0.0659799 0.0156418 0.0936736 0.00387396 0.00139992 0.0048745 
0.778003 0.0426764 0.0137623 0.155764 0.00533355 8.97841E-4 0.00356252 
0.575421 0.0626163 0.0119857 0.335838 0.00966123 7.85497E-4 0.00369146 
0.0751415 0.0525645 0.0056813 0.844705 0.0166163 0.0015507 0.00374121 
0.650621 0.0815747 0.0100538 0.240119 0.0118962 0.00103017 0.00470516 
0.685516 0.113002 0.0119038 0.173485 0.0084032 0.00126926 0.00642019 
0.295512 0.148587 0.0129814 0.521752 0.0113238 0.00259044 0.00725283 
0.225654 0.0988968 0.00815189 0.640651 0.0206891 0.00193252 0.00402474 
0.197639 0.0708819 0.00705129 0.694869 0.0233873 0.00165251 0.00451944 
0.394677 0.132006 0.0101082 0.439614 0.0156787 0.00151755 0.00639842 
0.113269 0.0631026 0.00615766 0.808491 0.00570922 7.99464E-4 0.00247163 
0.13107 0.0486542 0.00644717 0.808352 0.00321351 5.65414E-4 0.00169858 
0.112332 0.0505033 0.0054245 0.822349 0.00647533 7.08054E-4 0.00220782 
0.103342 0.0393972 0.00497422 0.843252 0.00652598 5.73734E-4 0.00193427 
0.122896 0.0681648 0.00611829 0.794289 0.00562483 9.35344E-4 0.00197151 
0.180928 0.103951 0.00790523 0.685384 0.014988 0.00194686 0.00489746 
0.353157 0.0942079 0.010565 0.515978 0.0176262 0.00171294 0.0067529 
0.418322 0.0989591 0.0088304 0.451395 0.0161732 0.00121729 0.00510301 
0.390334 0.106657 0.0099918 0.474862 0.0115626 0.00161275 0.00498025 
0.0170001 0.452562 0.00679557 0.128402 0.175885 0.212528 0.00682793 
0.0122584 0.497118 0.00448068 0.127463 0.153964 0.200025 0.00469113 
0.0163471 0.433509 0.00701011 0.158442 0.179112 0.19839 0.00719074 
0.0172902 0.332942 0.00819095 0.0968675 0.158233 0.37831 0.00816551 
0.00772112 0.505648 0.002453 0.0657466 0.0810541 0.334803 0.00257398 
0.00684735 0.655863 0.00135865 0.0699287 0.0596004 0.20491 0.00149279 
0.00679781 0.604052 0.00133606 0.1102 0.0870281 0.189006 0.00157973 
0.00580141 0.65191 0.00123326 0.110343 0.0865766 0.142758 0.00137857 
0.0198235 0.356777 0.0110077 0.258225 0.205734 0.137664 0.0107692 
0.0198253 0.386781 0.00935003 0.184206 0.17038 0.220299 0.00915804 
0.00918796 0.697629 9.14226E-4 0.0778566 0.054589 0.158867 9.55647E-4 
0.0122519 0.564243 0.00131871 0.0483155 0.0540347 0.318411 0.00142484 
0.0155429 0.615009 0.00215941 0.0873285 0.0592018 0.218216 0.00254227 
0.0242458 0.54098 0.00258343 0.116749 0.0964118 0.215776 0.00325436 
0.0388539 0.633828 0.00195064 0.10793 0.165126 0.0485969 0.00371524 
0.0690387 0.274776 0.0181106 0.273819 0.300122 0.0418486 0.0222852 
0.0702617 0.582252 0.00843299 0.173187 0.132924 0.0207439 0.0121982 
0.0748952 0.503779 0.00960516 0.230783 0.146101 0.0208663 0.01397 
0.0956302 0.306632 0.0170001 0.30553 0.222558 0.0283511 0.024299 
0.0978372 0.232071 0.0135435 0.498959 0.120169 0.0203072 0.0171129 
0.107304 0.320487 0.00937766 0.492846 0.0478601 0.011625 0.0104996 
0.10199 0.342124 0.00780256 0.478755 0.0538799 0.00807371 0.00737509 
0.0815515 0.316874 0.0101632 0.56342 0.0118253 0.00989576 0.00627042 
0.0917983 0.350028 0.00687973 0.480598 0.0519095 0.0100086 0.00877809 
0.101531 0.438225 0.0118583 0.406751 0.0132495 0.0183312 0.0100539 
0.0611405 0.264992 0.0062577 0.641666 0.0101424 0.010562 0.00523959 
0.0605492 0.193931 0.00735558 0.707383 0.0120695 0.0122539 0.00645836 
0.14341 0.322796 0.00656997 0.424247 0.0800367 0.0133717 0.00956941 
0.209637 0.172176 0.00973933 0.373314 0.202061 0.0198013 0.0132709 
0.143436 0.128415 0.00716574 0.595663 0.100997 0.0157766 0.00854645 
0.0884595 0.0502875 0.00300442 0.697947 0.149731 0.00723462 0.00333642 
0.194253 0.044297 0.00304929 0.210858 0.533465 0.00923433 0.00484382 
0.370212 0.0393657 0.00917281 0.193333 0.35564 0.0201898 0.0120861 
0.223007 0.0182145 0.0110392 0.354047 0.365629 0.0155666 0.012497 
0.114414 0.0122459 0.00613869 0.816138 0.0258546 0.0185651 0.0066444 
0.0612209 0.0279016 0.00876071 0.846294 0.0100379 0.0379412 0.00784333 
0.0526066 0.0405907 0.0139859 0.815244 0.00836492 0.0568605 0.012347 
0.0791423 0.0691862 0.0268477 0.638591 0.0157228 0.139176 0.0313335 
0.108915 0.0999866 0.0318934 0.461193 0.0296613 0.229972 0.038379 
0.141002 0.113182 0.0417793 0.394186 0.023861 0.237608 0.0483826 
0.284609 0.164484 0.0422333 0.254312 0.0210078 0.189171 0.0441826 
0.0575666 0.174631 0.0201955 0.0775277 0.0190702 0.625503 0.0255063 
0.0734136 0.319291 0.027391 0.0915639 0.0178318 0.451966 0.0185423 
0.0371562 0.256782 0.448208 0.11122 0.0432408 0.0771014 0.0262912 
0.0367509 0.156098 0.375967 0.175412 0.101822 0.118397 0.0355537 
0.00109096 0.00610618 5.11443E-4 0.0362968 0.950082 0.00498555 9.27401E-4 
0.0229301 0.12677 0.0772843 0.236343 0.399198 0.11032 0.0271539 
0.543308 0.183274 0.0372487 0.0746548 0.022346 0.0881868 0.0509814 
0.208144 0.507375 0.0710751 0.0605061 0.016038 0.11999 0.0168723 
0.037435 0.162266 0.57056 0.0370052 0.0169826 0.137056 0.0386948 
0.0172934 0.003415 0.954556 0.00169477 1.96876E-4 0.0181949 0.00464933 
0.0245931 0.113817 0.722958 0.0301032 0.0310925 0.0583286 0.019108 
0.465386 0.0897014 0.00663474 0.417515 0.0145615 0.00122094 0.00498055 
0.575709 0.116023 0.00576285 0.267816 0.0271222 0.00189178 0.00567496 
0.633187 0.0719167 0.00675448 0.265683 0.015874 0.00154442 0.00503979 
0.541498 0.112486 0.00584289 0.31563 0.0175669 0.00184942 0.00512681 
0.439429 0.0800163 0.00656812 0.456486 0.0118877 0.00131271 0.00430077 
0.40398 0.101505 0.00683421 0.468753 0.0125567 0.00147814 0.00489312 
0.249262 0.0586537 0.00467059 0.65768 0.0244165 0.0013622 0.00395487 
0.502817 0.151923 0.00942711 0.31201 0.0142538 0.00252321 0.00704599 
0.507773 0.144011 0.00766569 0.294765 0.0352562 0.00216195 0.00836727 
0.407863 0.141949 0.00723511 0.369571 0.0600012 0.00314851 0.0102321 
0.384334 0.154655 0.00805528 0.415288 0.0271711 0.00219667 0.00830053 
0.338491 0.0990029 0.00605219 0.478304 0.0656383 0.00372044 0.00879173 
0.519935 0.137504 0.00646711 0.259614 0.062382 0.00362114 0.0104767 
0.607483 0.158198 0.00735201 0.190559 0.0252596 0.00220558 0.00894307 
0.521045 0.173084 0.0072136 0.260946 0.027912 0.00228985 0.00750959 
0.489623 0.207392 0.00848764 0.237999 0.0423389 0.00327413 0.0108852 
0.737748 0.111776 0.00885027 0.12497 0.0099441 9.2207E-4 0.0057894 
0.506391 0.134326 0.0085828 0.301021 0.0370396 0.00246165 0.0101776 
0.267866 0.0812377 0.00624863 0.530603 0.103416 0.00387186 0.0067573 
0.406453 0.16904 0.0104394 0.377826 0.0217162 0.00358348 0.0109423 
0.651885 0.197021 0.00830277 0.112399 0.0225758 0.00113296 0.00668333 
0.561521 0.138636 0.00901935 0.264081 0.0196063 0.00135232 0.00578357 
0.0647944 0.0727664 0.00439521 0.842049 0.0122565 0.00100416 0.00273393 
0.183151 0.203774 0.0116044 0.572833 0.0151706 0.00373073 0.00973594 
0.590783 0.20391 0.0080149 0.165276 0.0198154 0.00122574 0.0109753 
0.290288 0.0917729 0.00756975 0.589833 0.0145673 9.82463E-4 0.00498648 
0.18465 0.0768308 0.00701208 0.71091 0.0146221 0.00133768 0.00463778 
0.408799 0.107688 0.00990953 0.4464 0.0136981 0.00177131 0.0117333 
0.712537 0.129375 0.00768149 0.100476 0.0343328 0.00203142 0.0135661 
0.600611 0.0815048 0.00896938 0.289281 0.0116421 7.72897E-4 0.007218 
0.241145 0.0553577 0.00662441 0.682394 0.00947641 9.24319E-4 0.00407836 
0.0949147 0.102856 0.00817661 0.778016 0.00919975 0.00196708 0.00486939 
0.298853 0.149012 0.0103615 0.513052 0.0160689 0.0029605 0.00969156 
0.438156 0.0692734 0.011211 0.467276 0.00444357 0.00131445 0.00832526 
0.468246 0.0714239 0.00695585 0.408826 0.0359469 0.00163596 0.00696467 
0.521766 0.0828474 0.00778655 0.344514 0.0320636 0.00212154 0.0089004 
0.137204 0.140275 0.0135229 0.651351 0.0356332 0.00807997 0.0139349 
0.634482 0.0855231 0.00714084 0.214946 0.0414955 0.0027018 0.0137103 
0.830208 0.0780429 0.00884599 0.0546691 0.0142508 0.00166248 0.0123203 
0.703439 0.074805 0.00953815 0.185136 0.0162927 0.00161691 0.00917284 
0.56643 0.084779 0.0092551 0.320352 0.0106961 0.00138792 0.00709989 
0.39052 0.0897784 0.00911753 0.466665 0.0322838 0.00254547 0.00909015 
0.714078 0.121364 0.00863749 0.127038 0.0173247 0.00196075 0.00959715 
0.730343 0.0411409 0.00763814 0.191722 0.021843 0.0010116 0.0063022 
0.574775 0.0684015 0.00806507 0.324877 0.0158788 0.00131805 0.00668393 
0.42156 0.0727546 0.00854635 0.468862 0.0162493 0.00180847 0.0102189 
0.488661 0.041156 0.00689318 0.433076 0.0217586 0.00140547 0.00705065 
0.465386 0.0897014 0.00663474 0.417515 0.0145615 0.00122094 0.00498055 
0.575709 0.116023 0.00576285 0.267816 0.0271222 0.00189178 0.00567496 
0.633187 0.0719167 0.00675448 0.265683 0.015874 0.00154442 0.00503979 
0.541498 0.112486 0.00584289 0.31563 0.0175669 0.00184942 0.00512681 
0.439429 0.0800163 0.00656812 0.456486 0.0118877 0.00131271 0.00430077 
0.40398 0.101505 0.00683421 0.468753 0.0125567 0.00147814 0.00489312 
0.249262 0.0586537 0.00467059 0.65768 0.0244165 0.0013622 0.00395487 
0.502817 0.151923 0.00942711 0.31201 0.0142538 0.00252321 0.00704599 
0.507773 0.144011 0.00766569 0.294765 0.0352562 0.00216195 0.00836727 
0.407863 0.141949 0.00723511 0.369571 0.0600012 0.00314851 0.0102321 
0.384334 0.154655 0.00805528 0.415288 0.0271711 0.00219667 0.00830053 
0.338491 0.0990029 0.00605219 0.478304 0.0656383 0.00372044 0.00879173 
0.519935 0.137504 0.00646711 0.259614 0.062382 0.00362114 0.0104767 
0.607483 0.158198 0.00735201 0.190559 0.0252596 0.00220558 0.00894307 
0.521045 0.173084 0.0072136 0.260946 0.027912 0.00228985 0.00750959 
0.489623 0.207392 0.00848764 0.237999 0.0423389 0.00327413 0.0108852 
0.737748 0.111776 0.00885027 0.12497 0.0099441 9.2207E-4 0.0057894 
0.506391 0.134326 0.0085828 0.301021 0.0370396 0.00246165 0.0101776 
0.267866 0.0812377 0.00624863 0.530603 0.103416 0.00387186 0.0067573 
0.406453 0.16904 0.0104394 0.377826 0.0217162 0.00358348 0.0109423 
0.651885 0.197021 0.00830277 0.112399 0.0225758 0.00113296 0.00668333 
0.561521 0.138636 0.00901935 0.264081 0.0196063 0.00135232 0.00578357 
0.0647944 0.0727664 0.00439521 0.842049 0.0122565 0.00100416 0.00273393 
0.183151 0.203774 0.0116044 0.572833 0.0151706 0.00373073 0.00973594 
0.590783 0.20391 0.0080149 0.165276 0.0198154 0.00122574 0.0109753 
0.290288 0.0917729 0.00756975 0.589833 0.0145673 9.82463E-4 0.00498648 
0.18465 0.0768308 0.00701208 0.71091 0.0146221 0.00133768 0.00463778 
0.408799 0.107688 0.00990953 0.4464 0.0136981 0.00177131 0.0117333 
0.712537 0.129375 0.00768149 0.100476 0.0343328 0.00203142 0.0135661 
0.600611 0.0815048 0.00896938 0.289281 0.0116421 7.72897E-4 0.007218 
0.241145 0.0553577 0.00662441 0.682394 0.00947641 9.24319E-4 0.00407836 
0.0949147 0.102856 0.00817661 0.778016 0.00919975 0.00196708 0.00486939 
0.298853 0.149012 0.0103615 0.513052 0.0160689 0.0029605 0.00969156 
0.438156 0.0692734 0.011211 0.467276 0.00444357 0.00131445 0.00832526 
0.468246 0.0714239 0.00695585 0.408826 0.0359469 0.00163596 0.00696467 
0.521766 0.0828474 0.00778655 0.344514 0.0320636 0.00212154 0.0089004 
0.137204 0.140275 0.0135229 0.651351 0.0356332 0.00807997 0.0139349 
0.634482 0.0855231 0.00714084 0.214946 0.0414955 0.0027018 0.0137103 
0.830208 0.0780429 0.00884599 0.0546691 0.0142508 0.00166248 0.0123203 
0.703439 0.074805 0.00953815 0.185136 0.0162927 0.00161691 0.00917284 
0.56643 0.084779 0.0092551 0.320352 0.0106961 0.00138792 0.00709989 
0.39052 0.0897784 0.00911753 0.466665 0.0322838 0.00254547 0.00909015 
0.714078 0.121364 0.00863749 0.127038 0.0173247 0.00196075 0.00959715 
0.419967 0.106502 0.00809958 0.439597 0.0182493 0.00136712 0.00621728 
0.412761 0.110126 0.0106597 0.452536 0.0060167 0.00142663 0.00647398 
0.195634 0.0909364 0.00701222 0.682313 0.0167228 0.00139649 0.00598566 
0.241338 0.0788278 0.00726027 0.638028 0.0260217 0.00159443 0.00693022 
0.182887 0.089756 0.00773116 0.703654 0.0092799 0.00144974 0.00524174 
0.328284 0.0858677 0.00846983 0.546207 0.021141 0.00185687 0.00817328 
0.238505 0.0767503 0.00692663 0.648135 0.0224996 0.00170545 0.00547836 
0.227237 0.112967 0.00990573 0.616815 0.0210542 0.00256736 0.00945368 
0.343467 0.12303 0.00882377 0.480164 0.0319625 0.00262979 0.00992386 
0.330006 0.0972066 0.00796424 0.52835 0.0273893 0.00178654 0.0072975 
0.229451 0.07696 0.00628681 0.66792 0.0142492 0.00103094 0.00410219 
0.241271 0.0961352 0.00747857 0.642207 0.00774988 0.00108949 0.00406889 
0.437861 0.0713371 0.00654761 0.44968 0.0279908 0.00128918 0.0052945 
0.416948 0.0940249 0.00743573 0.462735 0.0136864 0.00120075 0.00396963 
0.862169 0.0481506 0.0262958 0.036791 0.0150502 0.00340766 0.00813591 
0.818085 0.0527499 0.0168955 0.0358316 0.0608694 0.00420708 0.0113618 
0.825065 0.0297886 0.0230858 0.0873201 0.0227058 0.00246727 0.00956734 
0.812871 0.0392677 0.0173345 0.0797985 0.0386778 0.0030271 0.00902353 
0.823226 0.0529267 0.0261744 0.0583357 0.019038 0.00776454 0.0125348 
0.763325 0.033305 0.0181479 0.160603 0.0163066 0.00138317 0.00692975 
0.850776 0.0214453 0.028351 0.0734775 0.0132977 0.00356696 0.00908501 
0.846116 0.0485973 0.0341608 0.0329466 0.0204655 0.00601354 0.0117004 
