0.713005 0.0447824 0.011541 0.206084 0.0140655 0.0017741 0.00874762 
0.648013 0.0678961 0.0121097 0.245481 0.0146576 0.00274407 0.00909876 
0.734363 0.0769198 0.0111928 0.138298 0.0246749 0.00252669 0.0120249 
0.711762 0.0451148 0.0115 0.196375 0.0237204 0.00219111 0.00933613 
0.740731 0.0593744 0.012172 0.159188 0.0163368 0.00190696 0.0102905 
0.683425 0.0595722 0.0130162 0.221777 0.0102673 0.00235779 0.00958362 
0.695725 0.0623589 0.0107146 0.182386 0.0353051 0.00248497 0.0110257 
0.770785 0.0545654 0.0107351 0.118324 0.0315409 0.00241758 0.0116316 
0.663752 0.0759559 0.0109076 0.2028 0.0330116 0.00286185 0.010711 
0.684045 0.0469886 0.0123844 0.231383 0.0132239 0.00154769 0.0104275 
0.768619 0.0293115 0.0105256 0.149765 0.027586 0.00170867 0.0124843 
0.751253 0.0378925 0.0134848 0.167531 0.0158694 0.00151591 0.0124532 
0.712978 0.022777 0.0110682 0.221357 0.0226754 0.00115582 0.00798871 
0.770862 0.0544221 0.0139255 0.128192 0.0163628 0.00251692 0.0137186 
0.787041 0.0316409 0.0121473 0.121452 0.0292722 0.00212387 0.0163226 
0.700894 0.0371819 0.0111693 0.181305 0.0542037 0.00258428 0.0126614 
0.703572 0.0334377 0.0113931 0.193857 0.0443503 0.00206659 0.0113225 
0.743238 0.0313467 0.0106468 0.14482 0.0564375 0.00285765 0.0106534 
0.811941 0.0344794 0.0115894 0.0745515 0.0477673 0.00388609 0.0157849 
0.724105 0.028317 0.0116652 0.189532 0.0318314 0.00243187 0.0121182 
0.806176 0.0401739 0.0118137 0.0934413 0.0327212 0.00199361 0.0136806 
0.897903 0.0308519 0.0205222 0.0261985 0.00581263 0.0015234 0.0171886 
0.750264 0.0258103 0.0193514 0.190689 0.00428128 0.00154055 0.00806359 
0.609905 0.0368718 0.0162596 0.324787 0.00432628 0.00165578 0.00619388 
0.598686 0.0671731 0.0121856 0.290731 0.0191106 0.00257551 0.00953799 
0.735042 0.0365473 0.0141794 0.192143 0.00927387 0.00158361 0.0112315 
0.784837 0.055183 0.0128195 0.10312 0.0255939 0.00291705 0.0155298 
0.788876 0.050466 0.0116549 0.101438 0.0340089 0.0028191 0.0107372 
0.729219 0.059751 0.0129103 0.169219 0.0154622 0.00252035 0.0109179 
0.765631 0.0297654 0.0133626 0.158473 0.0218819 0.00134207 0.0095443 
0.673 0.0391959 0.0102379 0.218844 0.0478116 0.00185129 0.00905919 
0.657175 0.0408333 0.0110481 0.252658 0.0275109 0.00169893 0.00907541 
0.678128 0.0308171 0.0112635 0.220155 0.0471755 0.0021669 0.0102938 
0.640958 0.0354347 0.0111392 0.211285 0.0860475 0.00242404 0.0127114 
0.651443 0.0315932 0.010701 0.249683 0.044237 0.00190821 0.0104348 
0.713258 0.0248787 0.0104691 0.15504 0.084576 0.00154841 0.0102302 
0.635414 0.0557203 0.0107042 0.227285 0.0591338 0.00226208 0.00948031 
0.675478 0.0786698 0.0131438 0.203993 0.0155585 0.00178635 0.0113707 
0.819452 0.0680193 0.0167196 0.0751917 0.00533506 0.00275331 0.0125293 
0.872414 0.0590426 0.0152553 0.0255896 0.00927164 0.00327178 0.0151549 
0.861472 0.0651461 0.0173001 0.0249488 0.0103265 0.00234725 0.0184594 
0.873734 0.0538449 0.0196706 0.0268843 0.00497446 0.00235252 0.0185392 
0.880246 0.0447892 0.0192428 0.0298588 0.00494586 0.00208824 0.0188292 
0.898361 0.03795 0.0178639 0.0177929 0.00671085 0.00186623 0.0194554 
0.907707 0.024888 0.0221162 0.016537 0.00410925 0.00244031 0.0222025 
0.895077 0.0411646 0.0175827 0.0138479 0.00744554 0.00307539 0.0218073 
0.892041 0.0392756 0.0175573 0.018388 0.00810526 0.0028588 0.0217737 
0.897185 0.0309029 0.0212351 0.0232495 0.00653397 0.00208769 0.0188061 
0.893179 0.0273977 0.0214775 0.027134 0.00635165 0.00173455 0.0227259 
0.890845 0.0346114 0.0201967 0.0212589 0.00513166 0.00253457 0.0254213 
0.897806 0.0376005 0.0238864 0.00958072 0.00295187 0.00359633 0.0245782 
0.885081 0.0448969 0.0229638 0.00900708 0.00230546 0.00649467 0.0292515 
0.891907 0.0473006 0.0159039 0.016582 0.00326973 0.00446898 0.0205676 
0.825788 0.0416599 0.0142684 0.0913612 0.0123075 0.00341026 0.0112047 
0.776458 0.0563083 0.0120846 0.0936443 0.0406216 0.00464351 0.01624 
0.841425 0.0471479 0.0167295 0.0681475 0.00879686 0.00363271 0.0141203 
0.788614 0.0646977 0.0139384 0.105078 0.0118208 0.00305853 0.0127921 
0.819649 0.0512926 0.0153886 0.0862112 0.00800818 0.00321838 0.0162321 
0.77377 0.0595626 0.0161264 0.133588 0.00516857 0.00239574 0.00938896 
0.734887 0.0713412 0.0166099 0.160669 0.00432391 0.00297076 0.00919776 
0.789071 0.0650683 0.0155893 0.109025 0.00563737 0.00430675 0.0113029 
0.801733 0.0693376 0.0130351 0.0888476 0.0137872 0.00263302 0.0106261 
0.771905 0.0907794 0.0116368 0.0885526 0.0212603 0.00349784 0.0123685 
0.796461 0.0615025 0.0132232 0.0991801 0.0146281 0.00400916 0.0109961 
0.76056 0.0594405 0.0131802 0.139533 0.0140126 0.00338686 0.0098868 
0.758042 0.0745234 0.0137919 0.129207 0.00918076 0.00422513 0.01103 
0.784478 0.0865943 0.0116451 0.0732587 0.0232878 0.00515694 0.0155794 
0.835684 0.0377497 0.0161323 0.0817681 0.0115803 0.00293719 0.0141479 
0.795808 0.0619632 0.0138732 0.0838552 0.0248652 0.00392791 0.0157071 
0.783681 0.0690624 0.0142259 0.104719 0.0134697 0.00303104 0.0118112 
0.720693 0.0614666 0.0120205 0.170979 0.0205702 0.004155 0.0101159 
0.643551 0.0755843 0.00924824 0.208723 0.0484242 0.00362872 0.0108413 
0.569981 0.121644 0.0088689 0.191599 0.0905225 0.00521204 0.0121726 
0.595822 0.113418 0.00792692 0.186628 0.0805627 0.00514364 0.0104981 
0.419249 0.257131 0.0036825 0.116117 0.184873 0.00827689 0.0106706 
0.166661 0.262836 0.00278676 0.0771982 0.472991 0.0134139 0.00411255 
0.0748585 0.316531 0.00116772 0.0496185 0.537635 0.0187891 0.00140006 
0.0893009 0.443925 8.47804E-4 0.0291805 0.412461 0.0227705 0.00151436 
0.0417679 0.42418 5.27208E-4 0.0109606 0.502516 0.0190583 9.90264E-4 
0.0634003 0.632803 2.81419E-4 0.00913139 0.273573 0.019727 0.00108353 
0.0567599 0.499661 4.02969E-4 0.0100702 0.410201 0.0216808 0.00122482 
0.173609 0.166917 0.00198852 0.0633177 0.56694 0.023952 0.00327671 
0.214226 0.562953 0.00119364 0.0613634 0.133433 0.0241627 0.00266889 
0.144796 0.490244 7.78559E-4 0.0566581 0.279254 0.0262038 0.00206615 
0.0787036 0.626203 4.10627E-4 0.0284572 0.252188 0.012202 0.00183606 
0.144058 0.182734 0.00280876 0.0858509 0.565228 0.014422 0.00489943 
0.107976 0.165749 0.00233125 0.0637691 0.644288 0.0118289 0.00405754 
0.145893 0.0972578 0.00293403 0.095681 0.640981 0.0125248 0.00472778 
0.177872 0.371413 0.00184413 0.0614651 0.370057 0.0119911 0.00535778 
0.243155 0.325052 0.00567761 0.266077 0.123882 0.026149 0.0100075 
0.285116 0.273372 0.00535189 0.313766 0.103206 0.0121756 0.00701291 
0.138374 0.257582 0.00538084 0.166079 0.412439 0.0121554 0.00798965 
0.157528 0.23721 0.0100553 0.360209 0.200605 0.0206501 0.0137432 
0.109784 0.290406 0.01631 0.379677 0.151595 0.0313703 0.0208565 
0.107771 0.370081 0.0110327 0.365982 0.107321 0.0247227 0.0130894 
0.129808 0.250974 0.0126519 0.475767 0.0859765 0.0293313 0.0154911 
0.107994 0.151947 0.00978225 0.514362 0.189385 0.0138131 0.0127166 
0.151486 0.217982 0.0109181 0.356861 0.230485 0.0173426 0.0149258 
0.128417 0.201204 0.00641873 0.178129 0.459093 0.0166206 0.0101175 
0.21852 0.330051 0.00266801 0.119992 0.306624 0.0147855 0.00735915 
0.300703 0.404513 0.00221099 0.0823015 0.181846 0.0201827 0.00824308 
0.445062 0.296107 0.00400419 0.12339 0.0892083 0.0316507 0.0105769 
0.528928 0.318971 0.0050327 0.0559835 0.0490185 0.0294554 0.0126113 
0.605132 0.215216 0.00487654 0.116338 0.0347629 0.0158718 0.00780251 
0.381999 0.377867 0.00232881 0.0757874 0.139209 0.0130913 0.0097169 
0.400806 0.428565 0.00256228 0.111041 0.0458902 0.0064202 0.00471493 
0.238805 0.257977 0.00519824 0.188661 0.289465 0.0108074 0.00908543 
0.188922 0.139812 0.0049946 0.212391 0.434834 0.0102834 0.00876332 
0.193545 0.172307 0.00453489 0.124847 0.484999 0.0107954 0.00897144 
0.157046 0.160675 0.00340898 0.0776765 0.583227 0.0108177 0.00714886 
0.258507 0.193443 0.00426694 0.0791839 0.443307 0.0113701 0.00992289 
0.262366 0.498335 0.0021626 0.0350333 0.18461 0.00692791 0.0105649 
0.302734 0.317239 0.00450509 0.0548397 0.297712 0.0106202 0.0123498 
0.502957 0.230024 0.00566072 0.0718277 0.168956 0.00723629 0.0133378 
0.553535 0.255444 0.00610673 0.129736 0.0402752 0.00536116 0.00954153 
0.461525 0.292361 0.00489415 0.0504617 0.164021 0.00854896 0.0181877 
0.595832 0.163003 0.00679135 0.0810591 0.135152 0.00620253 0.0119592 
0.53862 0.255734 0.00547488 0.121972 0.0646722 0.00443249 0.00909459 
0.635703 0.155091 0.00759046 0.159061 0.0289475 0.00387437 0.00973199 
0.643004 0.182841 0.00614725 0.104105 0.0479251 0.0062211 0.00975592 
0.655697 0.208645 0.00654782 0.0739761 0.0388509 0.00536909 0.0109138 
0.640598 0.141596 0.00802758 0.140161 0.0529263 0.00524601 0.0114457 
0.819976 0.0845439 0.0116336 0.0395153 0.0228464 0.00773404 0.0137503 
0.823123 0.022757 0.0287085 0.0595329 0.0297715 0.0193121 0.0167949 
0.848058 0.0227416 0.0352564 0.0283207 0.00650338 0.0439503 0.0151691 
0.895523 0.0133005 0.0457923 0.00512658 0.005613 0.0216144 0.0130303 
0.826033 0.00874922 0.108602 0.00293544 7.68286E-4 0.0326822 0.0202294 
0.656537 0.00571695 0.188384 0.00264921 9.04984E-4 0.0752571 0.0705507 
0.678468 0.00715055 0.198173 0.0689033 0.00167246 0.0115443 0.0340881 
0.745807 0.0138163 0.0959868 0.0756142 0.00199134 0.0441187 0.0226652 
0.785531 0.0162238 0.0512063 0.0150634 0.00340383 0.113158 0.0154135 
0.546615 0.0236934 0.0584961 0.121939 0.012314 0.204684 0.0322589 
0.779848 0.0258014 0.0260412 0.0550227 0.013367 0.0858959 0.0140236 
0.76735 0.0409484 0.0233725 0.0369502 0.0179769 0.0975188 0.015883 
0.707141 0.0364543 0.028517 0.0328834 0.0109668 0.162325 0.0217127 
0.802711 0.0308499 0.0282624 0.0249835 0.0091673 0.0866729 0.017353 
0.793047 0.0139444 0.0370324 0.0654019 0.0360759 0.0246352 0.0298632 
0.824151 0.0197344 0.0248918 0.108166 0.0058862 0.00254137 0.0146288 
0.737743 0.0227649 0.0169616 0.199083 0.0121359 0.0020829 0.009229 
0.722322 0.0165844 0.018772 0.221627 0.00926778 0.0022939 0.00913369 
0.83149 0.0249797 0.0176994 0.102966 0.0089471 0.00240055 0.0115169 
0.755304 0.0277909 0.0164054 0.175158 0.010117 0.00277187 0.012453 
0.84931 0.0312828 0.0185595 0.0781622 0.00640781 0.00386352 0.0124139 
0.786187 0.0324954 0.0161479 0.144377 0.00900587 0.00228032 0.00950685 
0.819825 0.0167656 0.0208969 0.114801 0.0079385 0.00276672 0.0170065 
0.782852 0.0213087 0.0188259 0.153479 0.00627264 0.00269722 0.0145649 
0.779606 0.0201464 0.0185494 0.153664 0.0153051 0.00197509 0.0107543 
0.846871 0.018646 0.0295356 0.0844452 0.00426423 0.00240784 0.0138306 
0.821863 0.0220748 0.0246923 0.106585 0.00482105 0.00373848 0.0162259 
0.839983 0.0159658 0.0297166 0.0959013 0.00365397 0.00239702 0.0123827 
0.863958 0.0206688 0.0182407 0.0676766 0.011841 0.0028185 0.0147959 
0.838309 0.0159954 0.021296 0.100354 0.00648757 0.00254804 0.0150104 
0.873302 0.0229631 0.0193213 0.0580187 0.0086072 0.00295826 0.0148294 
0.850428 0.0256975 0.0173885 0.0835644 0.00664077 0.00323032 0.0130507 
0.829646 0.0236054 0.0172794 0.101984 0.010756 0.00272669 0.0140025 
0.760593 0.0264861 0.0157215 0.159315 0.0155235 0.00447122 0.0178898 
0.829369 0.0321652 0.0154496 0.0932595 0.0108901 0.00424088 0.0146252 
0.83888 0.0193471 0.023248 0.0958069 0.00470184 0.00310062 0.0149156 
0.863761 0.0153284 0.0287631 0.0616919 0.00461894 0.00327503 0.0225613 
0.852012 0.0153191 0.0324927 0.0561203 0.00716145 0.00416198 0.0327323 
0.867728 0.0160854 0.0335594 0.0299221 0.0110408 0.00390285 0.0377618 
0.871683 0.0137167 0.0344483 0.0333691 0.00840937 0.0043153 0.0340579 
0.86555 0.0119575 0.0335936 0.0287862 0.00466389 0.00510405 0.0503445 
0.890059 0.0124192 0.0322873 0.0287648 0.00246768 0.00615084 0.0278513 
0.895898 0.0221808 0.0243023 0.0297832 0.00258071 0.00374416 0.0215104 
0.890494 0.0226406 0.023111 0.0388677 0.00202314 0.00349402 0.0193693 
0.842212 0.033643 0.020613 0.0827262 0.00219001 0.0041724 0.014443 
0.791308 0.0383119 0.0134241 0.140322 0.00431713 0.00253132 0.00978547 
0.841085 0.037644 0.0154618 0.0734001 0.00539994 0.00375606 0.0232527 
0.85121 0.0202985 0.013845 0.0882887 0.00803002 0.00247969 0.0158482 
0.859059 0.0334295 0.018191 0.0431109 0.00743436 0.00357713 0.0351986 
0.871776 0.0212204 0.0190058 0.0371264 0.0087129 0.00286543 0.0392931 
0.832135 0.0179531 0.0226007 0.0976131 0.00401677 0.00236725 0.0233144 
0.866256 0.0156914 0.0211871 0.0583981 0.00653893 0.0031748 0.0287541 
0.836805 0.025858 0.0189454 0.0787344 0.0052431 0.00263906 0.0317753 
0.873318 0.0261134 0.0194456 0.0245463 0.00348516 0.00455799 0.0485336 
0.816703 0.0160215 0.0316476 0.0116078 0.00162159 0.00447594 0.117922 
0.871115 0.0253552 0.0175719 0.0262461 0.00523525 0.0041064 0.05037 
0.858822 0.0218128 0.0256548 0.0123436 0.00240015 0.00622387 0.0727425 
0.850317 0.0183297 0.0212768 0.0116914 0.00291246 0.00899834 0.0864739 
0.654951 0.0437123 0.0211538 0.00643455 0.0068268 0.0276081 0.239314 
0.457713 0.016616 0.037635 0.00399351 0.00568814 0.0189348 0.45942 
0.693308 0.0183083 0.0288072 0.0052385 0.00350551 0.0238348 0.226998 
0.717609 0.0238008 0.0322777 0.00429292 0.00629813 0.0202924 0.195429 
0.40593 0.017933 0.0421287 0.00469986 0.00729703 0.0392867 0.482725 
0.390802 0.0244927 0.0433988 0.0051098 0.00916354 0.0337369 0.493296 
0.423162 0.0340345 0.0508401 0.00442413 0.0180277 0.0369558 0.432556 
0.546308 0.0334072 0.0482447 0.00542101 0.0224452 0.0329418 0.311232 
0.506273 0.0255925 0.0358423 0.00753631 0.0191973 0.0249498 0.380609 
0.745829 0.0601665 0.0121012 0.139798 0.0222516 0.0068959 0.0129572 
0.652073 0.0995497 0.0111172 0.207432 0.0143201 0.00592337 0.00958492 
0.783232 0.0625903 0.0135452 0.102403 0.0198585 0.00448114 0.0138897 
0.803371 0.0653822 0.0149683 0.078478 0.0134145 0.0066264 0.0177594 
0.731119 0.0739966 0.0124661 0.143291 0.0221399 0.00547191 0.0115158 
0.650911 0.111691 0.0122132 0.179573 0.026648 0.00528424 0.0136799 
0.696481 0.0734942 0.0122165 0.172904 0.0261985 0.00454975 0.0141556 
0.716029 0.0541955 0.0111153 0.158952 0.0432259 0.00443747 0.0120445 
0.783617 0.0723861 0.0123632 0.0986559 0.0159048 0.0047388 0.0123344 
0.831743 0.0744622 0.013867 0.0560176 0.00831158 0.00494341 0.0106557 
0.809172 0.0576108 0.0131638 0.0960095 0.0109001 0.00425407 0.00888931 
0.763318 0.0693515 0.0137763 0.125381 0.0111874 0.00554708 0.0114388 
0.833511 0.0587753 0.0175211 0.0604637 0.00842324 0.0045181 0.0167876 
0.794619 0.0605137 0.0158948 0.0990032 0.00854338 0.00638652 0.015039 
0.754981 0.073596 0.0131779 0.128227 0.0106373 0.0072118 0.0121692 
0.799745 0.0559952 0.0151975 0.1051 0.00844206 0.00326053 0.0122602 
0.777512 0.035949 0.013502 0.143139 0.0141293 0.00390702 0.011861 
0.785709 0.0565351 0.0135197 0.119267 0.010706 0.00419832 0.0100648 
0.818395 0.0446578 0.0107787 0.0845838 0.0200571 0.0087796 0.012748 
0.849624 0.054319 0.0150523 0.047684 0.0100835 0.00687661 0.0163601 
0.838626 0.0588651 0.0137212 0.0480449 0.0178679 0.00540641 0.0174688 
0.828773 0.0302793 0.0157532 0.104405 0.00622367 0.0047568 0.0098096 
0.682336 0.0449667 0.0113794 0.229877 0.0199939 0.00352554 0.00792091 
0.755591 0.0675426 0.0119991 0.127139 0.0215335 0.0050448 0.0111508 
0.670576 0.0947136 0.00998054 0.179303 0.0315529 0.00437031 0.00950291 
0.623571 0.0677397 0.00965717 0.266446 0.0221193 0.00324515 0.00722169 
0.601945 0.0995123 0.0115306 0.254588 0.017872 0.00373866 0.0108127 
0.477197 0.0805978 0.0109062 0.393811 0.0261681 0.00315657 0.00816294 
0.537957 0.134633 0.0117932 0.295631 0.00833702 0.00232183 0.00932669 
0.45949 0.0919425 0.0106685 0.391859 0.0350399 0.00222218 0.00877804 
0.625241 0.058039 0.0135934 0.269212 0.0224545 0.00193147 0.00952942 
0.624707 0.0678412 0.0135427 0.260719 0.022117 0.00213953 0.0089336 
0.74112 0.0621395 0.0133944 0.131272 0.0329675 0.00229855 0.0168083 
0.659099 0.0337172 0.0109671 0.23126 0.0525222 0.00147878 0.0109551 
0.781223 0.0327027 0.0116568 0.135125 0.028676 0.00146751 0.00914836 
0.761559 0.0394228 0.011265 0.146096 0.0314356 0.00162952 0.00859228 
0.523044 0.0389791 0.009617 0.397936 0.0221933 0.00115339 0.00707772 
0.440037 0.0395757 0.00743235 0.447313 0.0531302 0.00151775 0.010994 
0.3857 0.0696245 0.0102686 0.47331 0.0445778 0.00373095 0.0127887 
0.732171 0.0385172 0.01493 0.161101 0.0119058 0.0022961 0.039079 
0.665109 0.147521 0.0114011 0.0439207 0.0204689 0.00983716 0.101742 
0.531463 0.153883 0.011295 0.023358 0.011618 0.0278008 0.240582 
0.709027 0.127243 0.00774492 0.0840576 0.0225805 0.00657038 0.0427766 
0.236886 0.0569691 0.00659891 0.670753 0.0190908 0.00177874 0.0079236 
0.790976 0.0592169 0.00854523 0.101148 0.0259143 0.00247299 0.0117274 
0.819235 0.0261914 0.00771955 0.0539661 0.0575943 0.00473701 0.0305568 
0.868035 0.0317141 0.00735868 0.0674236 0.0108736 0.00242172 0.0121733 
0.713957 0.043666 0.0081806 0.213263 0.0149623 0.00144856 0.00452327 
0.772241 0.0292054 0.00687545 0.151203 0.0324195 0.00119787 0.006858 
0.842327 0.0160156 0.00957684 0.113898 0.0118397 8.35636E-4 0.0055071 
0.605072 0.0344129 0.0104448 0.337927 0.00518869 8.48991E-4 0.00610492 
0.827078 0.0262827 0.00781428 0.112951 0.0150544 0.00152045 0.00929982 
0.838291 0.0443644 0.00992894 0.0680338 0.0119389 0.00222412 0.0252186 
0.720861 0.0365371 0.0120328 0.207623 0.00740448 0.00219695 0.0133445 
0.759218 0.0932344 0.0103203 0.106727 0.0201705 0.00164308 0.00868622 
0.737642 0.0642702 0.00998862 0.1542 0.0228621 0.00183988 0.00919711 
0.724356 0.0469052 0.00900645 0.165276 0.044261 0.00159358 0.00860157 
0.770008 0.0559485 0.00942989 0.12288 0.0295091 0.00169153 0.0105331 
0.739459 0.0905423 0.00898447 0.118965 0.0295649 0.00208334 0.0104009 
0.74528 0.137327 0.00978692 0.0762474 0.018369 0.00220437 0.0107859 
0.709303 0.130836 0.00958035 0.10192 0.0338744 0.00218941 0.012296 
0.718211 0.100821 0.00967632 0.127123 0.0326687 0.00189212 0.00960842 
0.726163 0.071556 0.0103553 0.137943 0.0410988 0.00202088 0.0108631 
0.740811 0.0640788 0.00976827 0.134246 0.037384 0.00202103 0.0116903 
0.717702 0.0891732 0.0106856 0.145226 0.0249541 0.00183839 0.0104214 
0.781561 0.0833666 0.0103084 0.0794144 0.0316259 0.00257126 0.0111526 
0.666876 0.0704172 0.0107047 0.224783 0.0171565 0.00145836 0.00860497 
0.706482 0.0463136 0.00989575 0.209898 0.0185774 0.00143266 0.00739988 
0.540848 0.0689404 0.0105131 0.359874 0.0116136 0.00124108 0.00696976 
0.690173 0.0667552 0.0114868 0.20924 0.0138867 0.00128236 0.0071754 
0.715245 0.0837167 0.0116225 0.168072 0.0110763 0.00163002 0.00863759 
0.743481 0.0851667 0.0111147 0.138154 0.0124773 0.00140366 0.00820312 
0.710321 0.0872148 0.0117572 0.170205 0.00995587 0.00160718 0.00893864 
0.759226 0.0579796 0.010526 0.146081 0.0154056 0.00157487 0.0092066 
0.789258 0.0618861 0.0102055 0.110416 0.0179914 0.00151642 0.00872655 
0.759051 0.070578 0.0115587 0.129231 0.0178386 0.00171924 0.0100238 
0.747833 0.10323 0.0106366 0.098459 0.0260596 0.00217512 0.0116069 
0.849343 0.0573336 0.011768 0.0276278 0.0325148 0.00317359 0.0182394 
0.789691 0.085511 0.010213 0.0796512 0.0205921 0.00265199 0.0116894 
0.759248 0.0654256 0.0103287 0.124852 0.0278517 0.00180449 0.0104898 
0.833555 0.0438195 0.00969588 0.0776433 0.0251453 0.00169671 0.00844432 
0.783808 0.10568 0.0123957 0.0516997 0.0210617 0.00353902 0.0218163 
0.840699 0.0687815 0.0230733 0.0170149 0.00499558 0.00245974 0.0429755 
0.884959 0.0360637 0.0147883 0.0410407 0.00745081 0.00163688 0.0140604 
0.752192 0.045663 0.0124664 0.145466 0.0257479 0.0024683 0.0159957 
0.844276 0.0472608 0.0112314 0.05459 0.026564 0.00256462 0.0135136 
0.789518 0.0618731 0.0129999 0.0985116 0.0231244 0.00199455 0.0119786 
0.841429 0.0733038 0.0146006 0.051454 0.00610766 0.00173493 0.0113702 
0.721531 0.109863 0.0125691 0.134864 0.0122586 0.00165015 0.00726442 
0.382888 0.0213225 0.00673939 0.563523 0.0208717 8.09938E-4 0.00384529 
0.649375 0.0884237 0.0114798 0.231805 0.0103259 0.00136922 0.00722149 
0.812799 0.052576 0.0117428 0.0873624 0.0230904 0.00145279 0.0109766 
0.831379 0.0442329 0.0155836 0.0896245 0.0083566 0.00123859 0.00958459 
0.799189 0.0800119 0.0171116 0.0857773 0.0063118 0.0014639 0.0101349 
0.277816 0.0322655 0.00663377 0.650202 0.0261827 0.0013653 0.0055348 
0.379469 0.037608 0.0113735 0.560161 0.00633781 5.8338E-4 0.00446736 
0.564619 0.0768214 0.0147938 0.326602 0.00846957 9.19504E-4 0.00777486 
0.571691 0.0635796 0.0136085 0.334085 0.00676838 0.00125057 0.00901666 
0.492735 0.084136 0.0132136 0.39222 0.00820412 0.00113824 0.00835299 
0.204765 0.056713 0.0103074 0.703336 0.0122676 0.00314742 0.00946371 
0.562262 0.0364041 0.0119966 0.36544 0.0141667 0.001266 0.00846465 
0.745867 0.0469203 0.0144337 0.177336 0.00709544 9.65286E-4 0.00738262 
0.56558 0.0622362 0.0102059 0.343187 0.0110896 0.00134224 0.00635924 
0.589886 0.034421 0.011741 0.349028 0.00741501 7.95853E-4 0.00671339 
0.707864 0.108704 0.0111708 0.132776 0.0208049 0.00201349 0.0166665 
0.709183 0.120147 0.0115692 0.116858 0.0236231 0.00294017 0.0156787 
0.794304 0.0418963 0.0135704 0.131727 0.00768875 0.0015344 0.00927913 
0.687146 0.0454006 0.0143651 0.23606 0.00512167 0.00147743 0.0104296 
0.569127 0.0498533 0.0111068 0.34753 0.0122585 0.00101772 0.00910711 
0.227395 0.0491198 0.0085946 0.703491 0.00632648 8.41265E-4 0.00423175 
0.612349 0.0779874 0.0120219 0.279427 0.00822012 0.00141003 0.00858417 
0.57072 0.0784852 0.0112943 0.308263 0.0179098 0.00180898 0.0115186 
0.62803 0.0751273 0.0125135 0.267413 0.00747817 0.00116557 0.00827293 
0.600121 0.0613622 0.0134554 0.310688 0.005656 0.00127059 0.00744654 
0.534814 0.107269 0.011051 0.313223 0.0224978 0.00153538 0.00960961 
0.763582 0.0511203 0.0110187 0.13565 0.0240033 0.00169716 0.0129289 
0.777623 0.0476376 0.0103288 0.109431 0.0362404 0.00239932 0.0163393 
0.814183 0.0598884 0.0113461 0.0856423 0.0138724 0.00201418 0.013054 
0.770314 0.0485303 0.0101938 0.139533 0.0205596 0.00134295 0.00952662 
0.732405 0.0636964 0.0113344 0.170398 0.010971 0.00137965 0.00981567 
0.710789 0.049518 0.0100979 0.206548 0.0134389 0.00130598 0.00830255 
0.726207 0.0650502 0.0100893 0.169102 0.0175328 0.00165356 0.010365 
0.730874 0.074653 0.0116893 0.158387 0.0115269 0.00170954 0.0111606 
0.694555 0.0681442 0.0104955 0.196014 0.0197029 0.00189565 0.00919195 
0.757588 0.0615698 0.0104809 0.142449 0.016155 0.00210647 0.00965002 
0.733399 0.0555873 0.0116103 0.179357 0.00839748 0.00163184 0.0100172 
0.755494 0.054786 0.0114636 0.156844 0.00967729 0.00175944 0.00997474 
0.773908 0.0484339 0.00987146 0.142954 0.0149716 0.00185623 0.00800451 
0.739468 0.0472487 0.00989062 0.173844 0.0182211 0.00166386 0.00966475 
0.611825 0.0533999 0.0103242 0.296073 0.0189821 0.00179045 0.00760505 
0.690234 0.0584826 0.0138699 0.206662 0.0144203 0.00285794 0.0134738 
0.409859 0.017113 0.00829905 0.536215 0.0224131 0.00110922 0.00499137 
0.598344 0.0257907 0.0101292 0.308569 0.0465892 0.00114994 0.00942785 
0.72543 0.0451428 0.0110347 0.176971 0.0280755 0.00168268 0.0116631 
0.768964 0.0380981 0.0119461 0.121973 0.0397972 0.00233545 0.0168869 
0.758717 0.0460343 0.00999508 0.131058 0.0402784 0.00200549 0.0119112 
0.700933 0.0695888 0.0107038 0.185381 0.0214979 0.00256079 0.00933379 
0.759218 0.0932344 0.0103203 0.106727 0.0201705 0.00164308 0.00868622 
0.737642 0.0642702 0.00998862 0.1542 0.0228621 0.00183988 0.00919711 
0.724356 0.0469052 0.00900645 0.165276 0.044261 0.00159358 0.00860157 
0.770008 0.0559485 0.00942989 0.12288 0.0295091 0.00169153 0.0105331 
0.739459 0.0905423 0.00898447 0.118965 0.0295649 0.00208334 0.0104009 
0.74528 0.137327 0.00978692 0.0762474 0.018369 0.00220437 0.0107859 
0.709303 0.130836 0.00958035 0.10192 0.0338744 0.00218941 0.012296 
0.718211 0.100821 0.00967632 0.127123 0.0326687 0.00189212 0.00960842 
0.726163 0.071556 0.0103553 0.137943 0.0410988 0.00202088 0.0108631 
0.740811 0.0640788 0.00976827 0.134246 0.037384 0.00202103 0.0116903 
0.717702 0.0891732 0.0106856 0.145226 0.0249541 0.00183839 0.0104214 
0.781561 0.0833666 0.0103084 0.0794144 0.0316259 0.00257126 0.0111526 
0.666876 0.0704172 0.0107047 0.224783 0.0171565 0.00145836 0.00860497 
0.706482 0.0463136 0.00989575 0.209898 0.0185774 0.00143266 0.00739988 
0.540848 0.0689404 0.0105131 0.359874 0.0116136 0.00124108 0.00696976 
0.690173 0.0667552 0.0114868 0.20924 0.0138867 0.00128236 0.0071754 
0.715245 0.0837167 0.0116225 0.168072 0.0110763 0.00163002 0.00863759 
0.743481 0.0851667 0.0111147 0.138154 0.0124773 0.00140366 0.00820312 
0.710321 0.0872148 0.0117572 0.170205 0.00995587 0.00160718 0.00893864 
0.759226 0.0579796 0.010526 0.146081 0.0154056 0.00157487 0.0092066 
0.789258 0.0618861 0.0102055 0.110416 0.0179914 0.00151642 0.00872655 
0.759051 0.070578 0.0115587 0.129231 0.0178386 0.00171924 0.0100238 
0.747833 0.10323 0.0106366 0.098459 0.0260596 0.00217512 0.0116069 
0.849343 0.0573336 0.011768 0.0276278 0.0325148 0.00317359 0.0182394 
0.789691 0.085511 0.010213 0.0796512 0.0205921 0.00265199 0.0116894 
0.759248 0.0654256 0.0103287 0.124852 0.0278517 0.00180449 0.0104898 
0.833555 0.0438195 0.00969588 0.0776433 0.0251453 0.00169671 0.00844432 
0.783808 0.10568 0.0123957 0.0516997 0.0210617 0.00353902 0.0218163 
0.840699 0.0687815 0.0230733 0.0170149 0.00499558 0.00245974 0.0429755 
0.884959 0.0360637 0.0147883 0.0410407 0.00745081 0.00163688 0.0140604 
0.752192 0.045663 0.0124664 0.145466 0.0257479 0.0024683 0.0159957 
0.844276 0.0472608 0.0112314 0.05459 0.026564 0.00256462 0.0135136 
0.789518 0.0618731 0.0129999 0.0985116 0.0231244 0.00199455 0.0119786 
0.841429 0.0733038 0.0146006 0.051454 0.00610766 0.00173493 0.0113702 
0.721531 0.109863 0.0125691 0.134864 0.0122586 0.00165015 0.00726442 
0.382888 0.0213225 0.00673939 0.563523 0.0208717 8.09938E-4 0.00384529 
0.649375 0.0884237 0.0114798 0.231805 0.0103259 0.00136922 0.00722149 
0.812799 0.052576 0.0117428 0.0873624 0.0230904 0.00145279 0.0109766 
0.831379 0.0442329 0.0155836 0.0896245 0.0083566 0.00123859 0.00958459 
0.799189 0.0800119 0.0171116 0.0857773 0.0063118 0.0014639 0.0101349 
0.277816 0.0322655 0.00663377 0.650202 0.0261827 0.0013653 0.0055348 
0.379469 0.037608 0.0113735 0.560161 0.00633781 5.8338E-4 0.00446736 
0.564619 0.0768214 0.0147938 0.326602 0.00846957 9.19504E-4 0.00777486 
0.571691 0.0635796 0.0136085 0.334085 0.00676838 0.00125057 0.00901666 
0.492735 0.084136 0.0132136 0.39222 0.00820412 0.00113824 0.00835299 
0.204765 0.056713 0.0103074 0.703336 0.0122676 0.00314742 0.00946371 
0.562262 0.0364041 0.0119966 0.36544 0.0141667 0.001266 0.00846465 
0.745867 0.0469203 0.0144337 0.177336 0.00709544 9.65286E-4 0.00738262 
0.56558 0.0622362 0.0102059 0.343187 0.0110896 0.00134224 0.00635924 
0.589886 0.034421 0.011741 0.349028 0.00741501 7.95853E-4 0.00671339 
0.707864 0.108704 0.0111708 0.132776 0.0208049 0.00201349 0.0166665 
0.709183 0.120147 0.0115692 0.116858 0.0236231 0.00294017 0.0156787 
0.794304 0.0418963 0.0135704 0.131727 0.00768875 0.0015344 0.00927913 
0.687146 0.0454006 0.0143651 0.23606 0.00512167 0.00147743 0.0104296 
0.569127 0.0498533 0.0111068 0.34753 0.0122585 0.00101772 0.00910711 
0.227395 0.0491198 0.0085946 0.703491 0.00632648 8.41265E-4 0.00423175 
0.612349 0.0779874 0.0120219 0.279427 0.00822012 0.00141003 0.00858417 
0.57072 0.0784852 0.0112943 0.308263 0.0179098 0.00180898 0.0115186 
0.62803 0.0751273 0.0125135 0.267413 0.00747817 0.00116557 0.00827293 
0.600121 0.0613622 0.0134554 0.310688 0.005656 0.00127059 0.00744654 
0.534814 0.107269 0.011051 0.313223 0.0224978 0.00153538 0.00960961 
0.763582 0.0511203 0.0110187 0.13565 0.0240033 0.00169716 0.0129289 
0.777623 0.0476376 0.0103288 0.109431 0.0362404 0.00239932 0.0163393 
0.814183 0.0598884 0.0113461 0.0856423 0.0138724 0.00201418 0.013054 
0.770314 0.0485303 0.0101938 0.139533 0.0205596 0.00134295 0.00952662 
0.732405 0.0636964 0.0113344 0.170398 0.010971 0.00137965 0.00981567 
0.710789 0.049518 0.0100979 0.206548 0.0134389 0.00130598 0.00830255 
0.726207 0.0650502 0.0100893 0.169102 0.0175328 0.00165356 0.010365 
0.730874 0.074653 0.0116893 0.158387 0.0115269 0.00170954 0.0111606 
0.694555 0.0681442 0.0104955 0.196014 0.0197029 0.00189565 0.00919195 
0.757588 0.0615698 0.0104809 0.142449 0.016155 0.00210647 0.00965002 
0.680169 0.0565838 0.00909767 0.225531 0.0193474 0.00119948 0.008071 
0.608843 0.0536558 0.00950628 0.30314 0.0146958 0.00120837 0.00895 
0.70962 0.0719856 0.0104881 0.18348 0.0100662 0.00220254 0.0121573 
0.696649 0.0505551 0.0102434 0.216478 0.0126398 0.00146303 0.011972 
0.755206 0.0531438 0.0117087 0.156398 0.00757714 0.00185413 0.0141129 
0.763092 0.0475498 0.0102244 0.153032 0.0117921 0.00135289 0.012956 
0.737851 0.0467188 0.00986855 0.18092 0.0127676 0.0018487 0.0100255 
0.697472 0.0541165 0.00981327 0.218135 0.0108931 0.00152657 0.00804347 
0.751882 0.0778046 0.0106557 0.134222 0.012936 0.00170272 0.0107971 
0.683871 0.0482987 0.0095659 0.226761 0.0218891 0.0012832 0.0083317 
0.76908 0.0403477 0.0136159 0.14476 0.0216885 0.00259893 0.0079089 
0.863812 0.0300107 0.018898 0.0621242 0.0123218 0.0058892 0.00694412 
0.679141 0.0327066 0.0194993 0.254599 0.00510449 0.00301244 0.00593626 
0.672805 0.0257131 0.0189524 0.271449 0.0046512 0.00181835 0.00461104 
0.635104 0.0429301 0.0133397 0.282386 0.0179132 0.00162824 0.00669859 
0.774979 0.0560431 0.0159469 0.120151 0.0160065 0.0024608 0.0144125 
0.589447 0.0423568 0.0121728 0.32229 0.0210647 0.00223872 0.0104296 
0.544164 0.0519012 0.0115147 0.350467 0.0315787 0.00174928 0.00862514 
0.472325 0.0419963 0.0113141 0.449739 0.0149774 0.00182999 0.00781797 
0.415081 0.0556723 0.0100377 0.466991 0.0393431 0.0030675 0.00980707 
0.564965 0.0568828 0.0112897 0.309543 0.0423231 0.00383423 0.0111618 
0.696364 0.0411629 0.0115732 0.190409 0.0471487 0.00210625 0.0112359 
0.664809 0.0530566 0.0118711 0.199002 0.0551172 0.0028127 0.0133322 
0.745943 0.0583986 0.0131285 0.102298 0.059499 0.00408309 0.0166498 
0.730423 0.0605291 0.0124312 0.128893 0.0521022 0.00316543 0.0124561 
0.680129 0.0443707 0.0115667 0.229724 0.0232266 0.00231497 0.00866842 
0.715232 0.045249 0.0119019 0.200507 0.0158682 0.00222046 0.00902112 
0.724507 0.0677268 0.0107277 0.158195 0.0258708 0.00244897 0.0105238 
0.73766 0.0506406 0.0107082 0.162758 0.0275635 0.00196902 0.00870058 
0.714475 0.051434 0.01101 0.193546 0.018029 0.00221572 0.00929045 
0.767471 0.0557243 0.0122448 0.137441 0.0157173 0.00213 0.00927117 
0.72503 0.0603118 0.0117619 0.158484 0.0304768 0.00332108 0.010614 
0.771748 0.0692071 0.0106727 0.0980667 0.0357542 0.00319802 0.0113529 
0.791155 0.0380129 0.0103679 0.103318 0.0417425 0.00271284 0.0126911 
0.773872 0.0546151 0.0108672 0.118915 0.0296897 0.00237899 0.00966236 
0.670919 0.049417 0.0110076 0.233258 0.0261075 0.00178336 0.0075077 
0.672052 0.0536732 0.0105102 0.22784 0.025465 0.00241386 0.00804542 
0.666872 0.0373058 0.0103991 0.252972 0.0236756 0.00190334 0.00687231 
0.75027 0.036082 0.0105996 0.165159 0.0288902 0.00195932 0.0070402 
0.72316 0.0360624 0.0114827 0.191997 0.0278723 0.00157975 0.00784525 
0.297116 0.0815539 0.0102249 0.550019 0.0493495 0.00235878 0.00937815 
0.14193 0.141657 0.0103502 0.652043 0.0380124 0.00364196 0.0123648 
0.0478507 0.117028 0.00705509 0.815818 0.00481101 0.00192802 0.00550909 
0.0347917 0.143259 0.0114675 0.801488 0.00160284 0.00318038 0.00421114 
0.040771 0.260887 0.0347543 0.616446 0.00212325 0.0342024 0.0108151 
0.0371303 0.59923 0.0404031 0.234992 0.00348196 0.068552 0.0162111 
0.0471992 0.470861 0.0395505 0.319169 0.00486697 0.0932431 0.0251101 
0.0498137 0.354203 0.031017 0.490533 0.00337935 0.0518225 0.0192317 
0.0387981 0.353318 0.0260715 0.511257 0.00278589 0.0500749 0.0176947 
0.035956 0.339922 0.0296361 0.526537 0.00267151 0.0519682 0.0133093 
0.0363169 0.266423 0.0242762 0.610146 0.00284576 0.0473052 0.012687 
0.0477656 0.309219 0.0365386 0.54417 0.00298978 0.0441688 0.0151483 
0.04849 0.322916 0.0373247 0.519218 0.00331999 0.0460709 0.0226608 
0.0427175 0.253827 0.0293403 0.629884 0.00278855 0.0238705 0.017572 
0.045503 0.179318 0.0283044 0.710691 0.00307791 0.0199027 0.0132032 
0.0398142 0.205714 0.0246255 0.701332 0.00205212 0.016602 0.00985941 
0.0464985 0.34959 0.0259142 0.527975 0.00287267 0.0350966 0.012053 
0.0403227 0.266994 0.0219608 0.629364 0.00232124 0.0288422 0.0101955 
0.0459602 0.245468 0.032019 0.628068 0.00244159 0.0342893 0.011754 
0.0396895 0.195185 0.0190503 0.727916 0.00183756 0.0101254 0.00619686 
0.0537889 0.423794 0.0334666 0.411488 0.00330416 0.060353 0.0138057 
0.0593178 0.325095 0.0427257 0.480649 0.00449105 0.0720546 0.0156666 
0.0570344 0.379085 0.0325669 0.444147 0.00395573 0.0617195 0.0214911 
0.0484105 0.404246 0.0497881 0.410716 0.0042681 0.0647527 0.0178181 
0.0486341 0.40889 0.0430392 0.422764 0.00371689 0.0582781 0.0146775 
0.0506348 0.48984 0.0295908 0.386911 0.00239793 0.0308017 0.0098235 
0.0592854 0.343854 0.0267833 0.536044 0.00316554 0.0223606 0.00850647 
0.121725 0.159427 0.0136565 0.442914 0.229951 0.0145555 0.0177708 
0.116319 0.143062 0.0108167 0.448156 0.254464 0.0130712 0.0141113 
0.0896334 0.140983 0.0131512 0.374883 0.349278 0.0153617 0.016709 
0.121178 0.185244 0.0190407 0.420004 0.207481 0.022654 0.0243987 
0.14016 0.161131 0.0110082 0.49185 0.164848 0.016678 0.0143242 
0.229474 0.199248 0.00822982 0.338898 0.199105 0.0145594 0.0104855 
0.19432 0.179139 0.00734422 0.302946 0.29233 0.0144465 0.00947423 
0.218986 0.264732 0.00599798 0.384039 0.10385 0.0153462 0.00704903 
0.200234 0.332279 0.00850567 0.33994 0.0831423 0.0254557 0.010443 
0.302963 0.234304 0.00713411 0.324148 0.107557 0.0166667 0.00722752 
0.319664 0.15486 0.00641771 0.274942 0.216273 0.0199746 0.0078683 
0.234261 0.194201 0.00800581 0.334953 0.197757 0.0212662 0.00955562 
0.217759 0.17767 0.00719864 0.263407 0.295755 0.0282443 0.00996595 
0.168509 0.1566 0.0070085 0.257382 0.382497 0.0180032 0.0100013 
0.0835271 0.102813 0.00418477 0.145171 0.645705 0.0129371 0.00566216 
0.0441199 0.0801603 0.00661845 0.169099 0.679085 0.0128714 0.00804606 
0.029998 0.109844 0.0081406 0.165977 0.658666 0.0175855 0.00978983 
0.0190534 0.0800385 0.0063832 0.15561 0.716816 0.0148824 0.007216 
0.0388129 0.14937 0.0180886 0.263597 0.480158 0.0308525 0.0191202 
0.0430965 0.304765 0.0193326 0.218456 0.352943 0.0406671 0.0207403 
0.0396239 0.263029 0.0171462 0.214396 0.410409 0.0365355 0.0188611 
0.0101622 0.0562279 0.00295498 0.116215 0.801052 0.0102672 0.0031202 
0.0364525 0.28235 0.00798547 0.212888 0.409075 0.0420742 0.00917462 
0.00986224 0.819152 4.03417E-4 0.0668467 0.0830595 0.0199395 7.365E-4 
0.0181723 0.526346 0.00266414 0.123642 0.272983 0.0529379 0.00325377 
0.0125248 0.659321 0.00156812 0.132489 0.117478 0.0743186 0.00230027 
0.012235 0.737836 0.00118338 0.103931 0.0944228 0.048353 0.00203928 
0.016086 0.78591 7.85768E-4 0.0590522 0.0270596 0.10974 0.00136664 
0.0180983 0.59109 0.0017643 0.0528551 0.0464488 0.287666 0.0020774 
0.0271056 0.237998 0.0131497 0.292106 0.161045 0.255656 0.0129391 
0.0125579 0.488561 0.00423604 0.163014 0.239979 0.0873085 0.00434286 
0.00732459 0.829946 3.34946E-4 0.0376399 0.0657626 0.0586225 3.69661E-4 
0.00283988 0.93462 8.82067E-5 0.0102426 0.0116421 0.0405044 6.27513E-5 
0.00471201 0.762953 2.95218E-4 0.0428059 0.135167 0.0537173 3.49396E-4 
0.00735055 0.769997 0.0017961 0.0791335 0.0882236 0.0516012 0.00189782 
0.0183212 0.512964 0.0078834 0.168152 0.216503 0.067911 0.00826498 
0.0238893 0.372207 0.0125773 0.19264 0.328549 0.0571258 0.0130115 
0.0151847 0.101574 0.00764326 0.247164 0.600147 0.0206146 0.00767135 
0.030333 0.191116 0.0144993 0.315524 0.392713 0.0405291 0.0152857 
0.0147553 0.106701 0.00665033 0.232915 0.605821 0.0264956 0.00666108 
0.0113037 0.0843721 0.00333482 0.505353 0.366695 0.025719 0.00322241 
0.0114054 0.0836971 0.00369188 0.465071 0.38003 0.0526443 0.00346085 
0.00941094 0.0689483 0.00283028 0.263717 0.616982 0.0354815 0.00263088 
0.744699 0.0865656 0.00754646 0.139486 0.0109474 0.00241027 0.00834553 
0.658518 0.0414023 0.00598101 0.247634 0.035793 0.00291067 0.00776106 
0.720922 0.0216748 0.0181791 0.232195 0.00216954 0.00189702 0.00296274 
0.907999 0.0274381 0.00884046 0.0284604 0.0107716 0.00366395 0.0128264 
0.926372 0.0152653 0.0139092 0.0141885 0.0057658 0.00510392 0.0193955 
0.916969 0.0128322 0.0170066 0.0262887 0.00604198 0.00297714 0.0178845 
0.853319 0.0148178 0.0233917 0.00778471 0.00374716 0.00859665 0.0883427 
0.906349 0.0101937 0.014856 0.0146816 0.00745361 0.00538589 0.0410803 
0.897266 0.0138281 0.0102287 0.0506831 0.00782115 0.00373419 0.0164386 
0.906522 0.0101106 0.0130971 0.0332772 0.00774259 0.00407467 0.0251762 
0.923493 0.0124519 0.0116047 0.0231267 0.0114036 0.00232469 0.0155958 
0.914727 0.0201907 0.0119097 0.0186628 0.01304 0.00384374 0.0176259 
0.921424 0.0146571 0.0118194 0.0147635 0.0133957 0.00343065 0.0205098 
0.925792 0.0167106 0.0135976 0.017498 0.00867379 0.00216741 0.0155608 
0.911772 0.0143017 0.0131337 0.0243076 0.0106357 0.00293957 0.0229097 
0.880585 0.0111914 0.0173598 0.0291367 0.0164852 0.00298261 0.0422593 
0.825765 0.00862847 0.0195217 0.0739405 0.00797601 0.00531389 0.0588549 
0.882271 0.0109614 0.0157084 0.0278017 0.00447588 0.00280901 0.0559721 
0.8953 0.0136809 0.00962514 0.0468508 0.00713191 0.00107086 0.0263401 
0.887734 0.0181119 0.0208957 0.0661858 0.00169165 0.00140646 0.00397433 
0.765722 0.0206385 0.0360588 0.172084 0.0013295 0.00131951 0.00284746 
0.910738 0.0255202 0.0128645 0.0424818 0.00314703 0.0010249 0.00422354 
0.908744 0.0338635 0.0122458 0.0304362 0.00229969 0.00295496 0.00945604 
0.632147 0.0606835 0.0174433 0.273833 0.0015306 0.00236353 0.0119994 
0.588584 0.068916 0.0158686 0.317094 0.00235459 0.00232905 0.00485365 
0.756918 0.0305391 0.0168189 0.188986 0.00321348 0.00118562 0.00233937 
0.576081 0.0367015 0.0246552 0.356932 0.00162072 9.28227E-4 0.00308121 
0.531975 0.0275568 0.0222463 0.411347 0.00146855 8.70736E-4 0.00453492 
0.554789 0.0386468 0.014776 0.383441 0.0021674 0.00153118 0.0046486 
0.70898 0.0405141 0.0111843 0.224951 0.00698965 9.3481E-4 0.00644607 
0.542795 0.0467329 0.0102216 0.38513 0.0076218 0.00174265 0.00575657 
0.698868 0.038587 0.0113417 0.234198 0.00669213 0.00224903 0.00806378 
0.798573 0.0662773 0.0130844 0.104016 0.00449688 0.00257197 0.0109804 
0.717835 0.0601829 0.0107338 0.183989 0.0145876 0.00316105 0.00951038 
0.793041 0.0624213 0.0106528 0.101283 0.0183765 0.00256153 0.0116645 
0.789653 0.0603231 0.0113985 0.117613 0.00914044 0.00178155 0.0100904 
0.757409 0.0570151 0.0110874 0.157049 0.0063241 0.00273611 0.00837973 
0.795916 0.0469705 0.0103526 0.128605 0.00646786 0.00331551 0.00837245 
0.722408 0.0294357 0.00898348 0.218697 0.0124748 0.00168621 0.00631499 
0.748835 0.0430284 0.010827 0.178437 0.00829094 0.0016846 0.00889751 
0.717976 0.0503255 0.0105254 0.20081 0.0100371 0.00164667 0.00867931 
0.828874 0.03419 0.0109939 0.109149 0.00610224 0.00183641 0.00885441 
0.669651 0.0428103 0.0109051 0.259499 0.00674131 0.00204595 0.00834684 
0.673209 0.0420122 0.00957488 0.245591 0.0187896 0.00232233 0.00850159 
0.77793 0.0454015 0.00883736 0.1331 0.0208179 0.00241167 0.0115012 
0.816574 0.0615092 0.0115164 0.0962567 0.00500107 0.00150237 0.00763979 
0.793126 0.0325055 0.0134692 0.146818 0.00273059 0.0014429 0.00990719 
0.714617 0.061247 0.0120738 0.199824 0.00357454 0.00225957 0.00640414 
0.672511 0.0416198 0.00779206 0.259477 0.00986806 0.00265375 0.00607802 
0.775086 0.0443075 0.0083243 0.15133 0.0115657 0.00221027 0.00717674 
0.710646 0.0653921 0.00735749 0.189562 0.017924 0.00240372 0.00671405 
0.710354 0.0549658 0.00755386 0.201838 0.0162641 0.00188731 0.00713681 
0.6041 0.0771956 0.0076202 0.269535 0.0307375 0.00248482 0.0083273 
0.701588 0.0758613 0.00869132 0.188933 0.0131407 0.00184435 0.00994102 
0.750529 0.0556122 0.00704628 0.155641 0.0213013 0.0021464 0.00772398 
0.662234 0.0725603 0.00887068 0.237366 0.0106449 0.00160784 0.00671669 
0.714846 0.0661898 0.00729884 0.18404 0.0200608 0.00160076 0.00596377 
0.684255 0.0900962 0.00632993 0.179033 0.0307415 0.00232171 0.00722188 
0.668087 0.0550391 0.00675984 0.230934 0.0304402 0.00198732 0.00675221 
0.70092 0.132618 0.007119 0.0968743 0.049644 0.00316775 0.00965712 
0.716638 0.120426 0.00661871 0.0786205 0.0625384 0.00385987 0.0112984 
0.697037 0.139271 0.00777697 0.0941688 0.045599 0.00405735 0.0120908 
0.735136 0.141517 0.0072366 0.0718816 0.0283496 0.00486625 0.0110129 
