0.862442 0.0109645 0.0407697 0.0222967 0.00850445 0.0030628 0.0519602 
0.878169 0.0123663 0.0365762 0.0239947 0.00871025 0.00311229 0.0370712 
0.884209 0.0119911 0.0368422 0.0215577 0.00961534 0.00233118 0.0334533 
0.86558 0.0123824 0.0415758 0.0189066 0.00893232 0.00283228 0.0497903 
0.862196 0.0115619 0.0424202 0.0211928 0.00942155 0.00263916 0.0505683 
0.873862 0.0116389 0.0375598 0.0222593 0.0123591 0.00252176 0.0397995 
0.865992 0.0099925 0.0433136 0.0205641 0.00744565 0.00371216 0.0489798 
0.855221 0.0101159 0.0456619 0.0187502 0.00708761 0.00315249 0.060011 
0.846221 0.0107687 0.0446015 0.0137195 0.00711924 0.00337928 0.0741908 
0.856729 0.00920788 0.0450864 0.0231899 0.00623525 0.00261475 0.0569366 
0.863643 0.00882321 0.0487976 0.0196131 0.00440572 0.00221706 0.0525 
0.858618 0.0100274 0.0374745 0.0464809 0.0096247 0.0022375 0.0355372 
0.835777 0.00889423 0.0531885 0.0399197 0.00521673 0.00182923 0.0551747 
0.847817 0.00901179 0.0425831 0.0573917 0.0115154 0.0013308 0.0303505 
0.850056 0.00912597 0.0391439 0.0565081 0.0118019 0.00181142 0.031553 
0.858508 0.0113185 0.0396768 0.0522333 0.0100468 0.00161952 0.0265971 
0.862024 0.0162152 0.0352671 0.0384741 0.0146894 0.00241336 0.0309163 
0.849695 0.0145082 0.0401285 0.0373603 0.0100987 0.00249581 0.0457135 
0.830816 0.0122708 0.0365582 0.0668149 0.00950526 0.00214949 0.041885 
0.835502 0.013102 0.0325286 0.0701437 0.0107589 0.00175374 0.0362107 
0.86184 0.0158953 0.0367587 0.032372 0.00794021 0.00184252 0.0433507 
0.861577 0.020415 0.0293828 0.0469364 0.00875643 0.00189896 0.0310335 
0.8218 0.0163892 0.0349029 0.0638402 0.012531 0.00174941 0.0487873 
0.842381 0.0166049 0.034294 0.0482034 0.00961068 0.002473 0.0464331 
0.873138 0.0139742 0.0357593 0.0317932 0.00772829 0.00212484 0.0354826 
0.826089 0.0107831 0.0317825 0.0886445 0.0133656 0.00231068 0.0270242 
0.865024 0.0134754 0.0307568 0.0450483 0.0161824 0.00157626 0.0279366 
0.838352 0.0121766 0.0372844 0.0435898 0.0141199 0.00172176 0.0527552 
0.776373 0.0103497 0.0493911 0.0710261 0.00695893 0.00195193 0.0839494 
0.789107 0.0106788 0.0520242 0.0453119 0.0056857 0.00247715 0.094715 
0.794553 0.0090065 0.052625 0.0387244 0.00493188 0.00264497 0.0975142 
0.837641 0.0087524 0.0496618 0.0535162 0.00537003 0.00206463 0.0429941 
0.830739 0.008068 0.0435422 0.0775424 0.00624189 0.00257699 0.0312895 
0.800327 0.00830289 0.0359326 0.116069 0.0111657 0.00198151 0.0262214 
0.83164 0.00893036 0.0338225 0.0881578 0.0131153 0.00196324 0.0223706 
0.841025 0.0150598 0.0285332 0.0678776 0.0197453 0.00269489 0.0250644 
0.846127 0.0110872 0.0427398 0.0523788 0.00400933 0.00182773 0.04183 
0.813375 0.00993618 0.0400853 0.0588287 0.0120924 0.00212357 0.0635584 
0.839147 0.011823 0.0365688 0.0484059 0.0115828 0.00162065 0.0508517 
0.838351 0.0137666 0.0426991 0.0366898 0.00862096 0.00149442 0.0583784 
0.850396 0.0105565 0.0420962 0.0374187 0.00977209 0.00176642 0.0479939 
0.862474 0.0118052 0.0409092 0.0316814 0.00958744 0.00148234 0.0420602 
0.844605 0.0092727 0.0442898 0.0625647 0.00661664 0.00120214 0.0314495 
0.827664 0.0099339 0.0446555 0.0760703 0.00524969 0.00179349 0.0346333 
0.84085 0.0129013 0.0414957 0.0583877 0.00890188 0.00149417 0.0359694 
0.834731 0.00962697 0.0418259 0.0682538 0.00919575 0.00156329 0.0348028 
0.824327 0.00916251 0.0480384 0.040883 0.00752435 0.00289206 0.067173 
0.849679 0.0105792 0.0454011 0.032182 0.0095948 0.00278106 0.0497825 
0.829853 0.0102477 0.0513594 0.0516118 0.00868592 0.00178979 0.0464525 
0.848049 0.0138843 0.0382248 0.0403886 0.0134761 0.00200271 0.043975 
0.860928 0.0161933 0.0355888 0.0373892 0.0158045 0.00261147 0.0314845 
0.85658 0.013826 0.0331877 0.0554493 0.00946857 0.00196642 0.0295217 
0.845518 0.014734 0.0321324 0.0605629 0.010041 0.00142912 0.0355827 
0.83199 0.0129548 0.0354275 0.0654737 0.00865592 0.00236042 0.0431374 
0.838865 0.0148465 0.0342592 0.0606038 0.00719743 0.001848 0.0423799 
0.862724 0.0114091 0.0384514 0.0340279 0.0058327 0.00162463 0.0459303 
0.86549 0.0114424 0.0315204 0.0522407 0.00897241 0.00163766 0.0286965 
0.856668 0.0115957 0.0371578 0.0458214 0.00970528 0.00155142 0.0375002 
0.853153 0.00978474 0.0370438 0.0492943 0.00975978 0.0018053 0.0391596 
0.875915 0.0129024 0.0439077 0.0320268 0.00725888 0.00153193 0.0264571 
0.852638 0.0107204 0.0416281 0.0420028 0.00686056 0.00175583 0.0443945 
0.866962 0.010162 0.0412861 0.0417901 0.00670918 0.00187864 0.0312124 
0.856866 0.0103757 0.0410203 0.0517577 0.00887384 0.00195855 0.0291478 
0.869224 0.0106444 0.0353823 0.0475685 0.0094383 0.00184957 0.0258931 
0.879296 0.0115484 0.0345679 0.0350837 0.0100504 0.00186913 0.0275843 
0.841514 0.0155787 0.0421252 0.0255349 0.00896823 0.00194605 0.0643328 
0.827098 0.0130621 0.0414904 0.0529904 0.0116578 0.00181833 0.0518835 
0.815116 0.0105273 0.0444114 0.0787906 0.00897609 0.00169667 0.040482 
0.797492 0.00974758 0.0427014 0.0962421 0.0107172 0.00159142 0.0415088 
0.840619 0.00795842 0.0472671 0.0567702 0.00666791 0.0020361 0.0386809 
0.840571 0.0105647 0.0408579 0.0607655 0.00916653 0.00173378 0.0363404 
0.848076 0.0120609 0.0335121 0.0591346 0.0120565 0.00243331 0.0327266 
0.824341 0.0114834 0.0333336 0.0821145 0.0155157 0.00241568 0.0307966 
0.844801 0.0119113 0.035683 0.0527435 0.0145135 0.00255297 0.0377947 
0.814343 0.00876419 0.0460588 0.05792 0.00661625 0.00290774 0.0633905 
0.799949 0.00903033 0.0513265 0.0500749 0.00929128 0.00202154 0.0783061 
0.833975 0.010101 0.0434291 0.0610092 0.015943 0.00170572 0.0338368 
0.861747 0.0101598 0.0409171 0.0426705 0.00816092 0.00173217 0.034612 
0.84699 0.0110466 0.041075 0.0502185 0.00760397 0.00179486 0.0412711 
0.832188 0.0113895 0.036276 0.077938 0.00936025 0.00183432 0.0310134 
0.82641 0.00917743 0.048949 0.0669223 0.00494224 0.00157005 0.0420288 
0.836263 0.0109863 0.0452936 0.0614443 0.00643894 0.00160567 0.0379686 
0.852831 0.0119004 0.0423672 0.0377992 0.0110833 0.00127511 0.0427438 
0.859046 0.010777 0.0341402 0.045997 0.0131354 0.00203352 0.0348708 
0.836119 0.00965348 0.0445184 0.0472001 0.0132275 0.00126933 0.0480117 
0.853993 0.0134289 0.0323602 0.0468731 0.0174564 0.00144094 0.0344475 
0.845441 0.0115514 0.038822 0.0608056 0.00861831 0.0011201 0.0336416 
0.860153 0.0153768 0.0354929 0.0475682 0.0119227 0.00121554 0.0282712 
0.707908 0.0801592 0.0359047 0.0979794 0.0159966 0.0416137 0.0204381 
0.691074 0.112413 0.0473851 0.0332492 0.0209751 0.0712339 0.0236698 
0.611009 0.140961 0.0492448 0.0174401 0.021043 0.131262 0.02904 
0.597097 0.109547 0.0488814 0.015034 0.0206243 0.183718 0.0250986 
0.659611 0.0929716 0.0593377 0.0200511 0.0241298 0.119043 0.0248558 
0.716349 0.0729542 0.0469964 0.0431077 0.0207632 0.0739902 0.0258394 
0.781336 0.0503078 0.0377997 0.0541695 0.0200956 0.031822 0.02447 
0.626922 0.0176094 0.0364991 0.27295 0.00498264 0.0110895 0.0299474 
0.721518 0.0217238 0.0450431 0.17093 0.00449078 0.0144536 0.0218413 
0.7895 0.0186805 0.0568886 0.0995065 0.0038526 0.0117844 0.0197872 
0.797146 0.0207278 0.047699 0.103486 0.00568387 0.00961758 0.0156397 
0.816406 0.0196836 0.0326664 0.0966769 0.0156268 0.00612986 0.01281 
0.864463 0.020504 0.0370628 0.0531997 0.00638444 0.00544633 0.01294 
0.832069 0.0260304 0.0284537 0.0832501 0.0114799 0.00539327 0.0133235 
0.782965 0.0300315 0.0326033 0.12254 0.0122424 0.00551049 0.0141069 
0.806791 0.024511 0.0431493 0.0901873 0.00655077 0.00924401 0.0195663 
0.826014 0.0228457 0.045625 0.0656846 0.00728063 0.00941592 0.0231341 
0.865891 0.0204323 0.0420611 0.0383991 0.00882772 0.00552614 0.0188624 
0.86719 0.0225278 0.0344776 0.037361 0.0142808 0.00684582 0.0173165 
0.8462 0.0171766 0.0391866 0.0588541 0.0102391 0.00903422 0.0193098 
0.861195 0.0134267 0.0419033 0.0396822 0.00890369 0.00890706 0.025982 
0.842348 0.0144286 0.0350169 0.0594502 0.0110213 0.0142966 0.0234388 
0.818605 0.0162096 0.0496122 0.0614871 0.00845346 0.0138621 0.0317708 
0.674201 0.014622 0.0708865 0.165269 0.0110793 0.0289183 0.0350239 
0.356544 0.0159191 0.0787939 0.462236 0.00895471 0.033257 0.0442959 
0.769344 0.0159043 0.0439227 0.12493 0.0109121 0.00663571 0.0283511 
0.183255 0.00747506 0.00612966 0.788513 0.00570597 5.48779E-4 0.00837176 
0.739723 0.0684487 0.0151976 0.121631 0.0169247 0.00189348 0.0361818 
0.801021 0.0663119 0.0255322 0.0575345 0.00474594 0.00322442 0.0416304 
0.803081 0.0629924 0.0223247 0.0568162 0.00366407 0.00651178 0.04461 
0.270258 0.030967 0.0119601 0.673713 0.00211256 0.00152425 0.0094647 
0.428595 0.0654803 0.0134944 0.45928 0.0041519 0.0036073 0.025391 
0.547739 0.201487 0.0215167 0.0797895 0.00523199 0.00349278 0.140743 
0.576025 0.212986 0.00724488 0.157149 0.0230298 0.00517478 0.0183905 
0.409042 0.08416 0.00582282 0.446071 0.0414192 0.00302748 0.0104579 
0.4758 0.128981 0.00649016 0.362333 0.0200163 0.00118911 0.00519063 
0.625769 0.132762 0.0156174 0.202415 0.00505938 0.00354162 0.0148351 
0.280623 0.116751 0.00740811 0.563607 0.0128866 0.00309634 0.0156281 
0.0631355 0.0437054 0.0026026 0.868365 0.0176379 0.00114207 0.00341168 
0.0755557 0.165676 0.00321064 0.699533 0.0474127 0.00205112 0.00656083 
0.424753 0.165369 0.0117325 0.157786 0.0279323 0.0271286 0.185298 
0.100952 0.477583 0.00552893 0.325938 0.00783846 0.0182571 0.0639025 
0.0298084 0.522535 0.0011681 0.377301 0.0607394 0.00260173 0.00584589 
0.0405705 0.396742 0.0186755 0.277983 0.210535 0.023975 0.0315192 
2.44047E-4 0.995813 4.69168E-6 0.00189322 9.71658E-4 0.00100035 7.34834E-5 
2.27661E-4 0.994477 7.13938E-6 0.00159922 0.00160371 0.00200081 8.4898E-5 
2.66748E-4 0.980235 4.19522E-5 0.00342633 0.0110767 0.00482413 1.28901E-4 
0.00142568 0.944813 7.17688E-4 0.00822848 0.0370392 0.00683715 9.3917E-4 
0.00349706 0.910309 0.00241001 0.0247484 0.0472499 0.00979731 0.0019888 
0.00633929 0.844937 0.00540755 0.0580314 0.0655285 0.0159212 0.00383509 
0.00912024 0.783218 0.00907962 0.0901701 0.0814249 0.021056 0.005931 
0.0303391 0.39577 0.042933 0.29255 0.148127 0.0644243 0.0258562 
0.017671 0.450897 0.00107299 0.0030112 0.513898 0.00747427 0.00597541 
0.00626584 0.856435 6.60279E-4 0.0014866 0.123629 0.00613087 0.00539166 
0.00396703 0.874068 3.9265E-4 0.00104588 0.110652 0.00456258 0.00531124 
0.00230142 0.918497 1.682E-4 0.00119798 0.0691591 0.00350072 0.00517578 
0.0013543 0.935396 1.04738E-4 0.0012362 0.0532419 0.00344134 0.00522512 
0.00598278 0.823893 8.21095E-4 0.00395264 0.136044 0.0101347 0.0191722 
0.0139646 0.472265 0.00219891 0.0143133 0.450897 0.0214675 0.0248937 
0.0275135 0.282725 0.00638616 0.440704 0.179166 0.0176497 0.0458555 
0.009533 0.0373024 0.00459097 0.888622 0.0456571 0.00510912 0.00918548 
0.00424695 0.00565316 0.00551006 0.943181 0.0332508 0.00433144 0.00382663 
0.00645163 0.00361167 0.011287 0.971989 0.00441013 8.09751E-4 0.0014409 
0.023092 0.0329919 0.0058327 0.708785 0.196383 0.00899293 0.0239224 
0.0421296 0.0350821 0.249071 0.622432 0.0203818 0.0110247 0.0198794 
0.189333 0.05666 0.598965 0.0764346 0.0153106 0.0236921 0.0396057 
0.292281 0.0817116 0.461565 0.0373649 0.0146579 0.0416769 0.0707425 
0.00112379 0.959279 6.13538E-4 0.0189211 0.0126874 0.00717394 2.00987E-4 
3.92649E-4 0.97875 1.67981E-4 0.00858892 0.00566153 0.00637563 6.3642E-5 
2.82836E-4 0.982 1.3592E-4 0.00639612 0.00483476 0.00629439 5.58193E-5 
2.43703E-4 0.980666 9.66303E-5 0.00722752 0.00475566 0.00696131 4.96067E-5 
4.14868E-4 0.973405 1.80354E-4 0.0102406 0.00935692 0.00629553 1.06921E-4 
5.65257E-4 0.964525 2.75478E-4 0.0138775 0.013235 0.00734973 1.72067E-4 
2.99388E-4 0.975655 1.15305E-4 0.00995912 0.00643618 0.00746202 7.30139E-5 
3.59363E-4 0.974419 1.30123E-4 0.0109722 0.00697156 0.00706289 8.47221E-5 
3.81658E-4 0.975407 1.4879E-4 0.0107916 0.00571631 0.00747938 7.51948E-5 
5.40635E-4 0.968332 2.22291E-4 0.0130048 0.0104101 0.00735974 1.30066E-4 
0.00114518 0.949853 5.80826E-4 0.0209054 0.018771 0.00841105 3.33325E-4 
8.44726E-4 0.955618 4.14351E-4 0.0159591 0.0186425 0.00823931 2.82473E-4 
7.12401E-4 0.965839 3.0552E-4 0.0124245 0.0131598 0.00737671 1.81849E-4 
5.11392E-4 0.972243 1.86386E-4 0.0111547 0.00888032 0.00692436 1.00289E-4 
8.40929E-4 0.96738 3.62481E-4 0.0149022 0.0103127 0.00607511 1.26441E-4 
0.00132765 0.950954 6.24425E-4 0.0200878 0.0192607 0.00743074 3.14265E-4 
7.42409E-4 0.964426 3.29482E-4 0.0140247 0.0130014 0.0073058 1.70499E-4 
5.72163E-4 0.966363 2.44064E-4 0.0118675 0.0130209 0.00778393 1.4858E-4 
9.09756E-4 0.954366 5.30076E-4 0.0118307 0.0238125 0.00814877 4.01816E-4 
9.67902E-4 0.952584 5.68985E-4 0.0133472 0.023518 0.00858396 4.3012E-4 
0.00142536 0.932927 9.55078E-4 0.017884 0.0345003 0.0115346 7.73551E-4 
0.00157086 0.929832 0.00109339 0.0181567 0.0362614 0.0121901 8.9534E-4 
6.87745E-4 0.955656 3.79537E-4 0.0133169 0.0201942 0.00945851 3.0712E-4 
3.86559E-4 0.968302 1.75909E-4 0.00982538 0.0115001 0.00967481 1.34828E-4 
5.34172E-4 0.961642 2.84164E-4 0.0119627 0.0158765 0.00947658 2.23817E-4 
5.4179E-4 0.961057 2.96092E-4 0.0126262 0.0164158 0.00883518 2.27948E-4 
8.68459E-4 0.956623 5.32213E-4 0.0115308 0.0219808 0.00804313 4.21933E-4 
0.00220983 0.920792 0.00162243 0.0202915 0.0420293 0.0117408 0.00131418 
0.00930816 0.794963 0.00877053 0.0602755 0.0910401 0.0290014 0.00664128 
0.00571639 0.86058 0.00506142 0.0384845 0.067485 0.0189524 0.0037201 
0.00560178 0.85653 0.00464545 0.0430965 0.0676285 0.0189063 0.00359188 
0.00996949 0.779781 0.00969387 0.0835795 0.084418 0.0263141 0.00624416 
0.00900159 0.792551 0.00880938 0.0897915 0.0732088 0.0216636 0.00497423 
0.00295563 0.909594 0.00212122 0.0373734 0.0368839 0.0098993 0.00117211 
0.00294495 0.906427 0.00211746 0.0485918 0.0304195 0.00855884 9.40031E-4 
0.010945 0.757373 0.0104285 0.114545 0.0779167 0.0231642 0.00562813 
0.00677576 0.822074 0.00590474 0.0861936 0.0593741 0.0163728 0.00330505 
0.00752704 0.8228 0.00703052 0.0764424 0.0646492 0.0176175 0.00393304 
0.0167225 0.627613 0.0172062 0.204329 0.0948542 0.0299609 0.00931397 
0.0132187 0.686424 0.0128347 0.175875 0.0807592 0.0241784 0.00671005 
0.00676809 0.837766 0.0052535 0.0696872 0.0593869 0.0180625 0.0030761 
0.0108673 0.763565 0.00883052 0.107107 0.0798632 0.0246365 0.00513047 
0.0192767 0.634953 0.0184322 0.165179 0.111656 0.0396169 0.0108857 
0.0276848 0.546319 0.0262273 0.175881 0.146025 0.0605436 0.017319 
0.0335473 0.467046 0.0309034 0.20951 0.163031 0.0736753 0.0222873 
0.00925431 0.787912 0.00668367 0.0865186 0.0814719 0.0236495 0.00451027 
0.00840203 0.804877 0.00614514 0.082927 0.0727379 0.0211256 0.0037852 
0.00277776 0.910376 0.00126787 0.0494626 0.0263214 0.00923737 5.5681E-4 
0.00111162 0.958948 3.3519E-4 0.0236175 0.00743066 0.00847952 7.75502E-5 
6.31475E-4 0.971932 1.75396E-4 0.0144998 0.00424123 0.00846923 5.07486E-5 
6.57427E-4 0.975923 3.1045E-4 0.0134656 0.00159661 0.00800009 4.65268E-5 
5.48831E-4 0.976551 1.69103E-4 0.0116995 0.00237357 0.00860879 4.93267E-5 
4.69817E-4 0.975568 1.21104E-4 0.0115504 0.00284375 0.00939414 5.31196E-5 
5.07158E-4 0.971087 1.39995E-4 0.0121311 0.00310371 0.0129502 8.07941E-5 
6.76245E-4 0.962551 1.89062E-4 0.0185092 0.00429521 0.0136906 8.9018E-5 
0.00119868 0.836441 3.04902E-4 0.0264467 0.00146069 0.134033 1.14926E-4 
0.00224208 0.934919 6.85035E-4 0.0313652 8.68722E-4 0.029822 9.77045E-5 
0.00584359 0.841427 0.001734 0.138583 0.00420685 0.00808324 1.21791E-4 
0.00803555 0.771575 0.00210737 0.201567 0.00817638 0.00835837 1.80301E-4 
0.00429076 0.884526 0.00115663 0.0966507 0.00317857 0.0101095 8.73857E-5 
0.00140872 0.931235 1.8607E-4 0.0550909 0.0054918 0.00651641 7.13846E-5 
0.00174786 0.936752 2.64637E-4 0.0488608 0.00130478 0.0110117 5.77786E-5 
9.61903E-4 0.907559 2.41152E-4 0.0199456 9.2278E-4 0.0702995 7.04693E-5 
6.42873E-4 0.927223 1.93805E-4 0.0156038 9.21331E-4 0.0553216 9.39931E-5 
7.41492E-4 0.960442 1.98122E-4 0.0139964 0.00117272 0.0233261 1.23153E-4 
8.89899E-4 0.971846 1.72538E-4 0.0122494 5.41647E-4 0.01425 5.09861E-5 
0.0010591 0.963905 2.00485E-4 0.0144717 4.84534E-4 0.0198268 5.28642E-5 
8.25862E-4 0.963199 1.79286E-4 0.0131933 7.66184E-4 0.0217224 1.14158E-4 
9.48036E-4 0.951899 2.53916E-4 0.0139169 0.00121486 0.0315757 1.92112E-4 
0.00142555 0.923241 3.18336E-4 0.0170094 6.52105E-4 0.0572671 8.61019E-5 
0.00314699 0.914625 6.72859E-4 0.0319238 7.30557E-4 0.0488078 9.2641E-5 
0.0131892 0.810872 0.00517257 0.12829 0.00189082 0.0403504 2.34338E-4 
0.0181352 0.781467 0.0088138 0.1329 0.00257894 0.0557221 3.83121E-4 
0.0154941 0.766634 0.00846866 0.0932121 0.00244442 0.113039 7.07958E-4 
0.0346156 0.392965 0.011006 0.162166 0.0249531 0.364298 0.00999592 
0.0398019 0.817905 0.00164747 0.0568677 0.0077295 0.0728471 0.00320135 
0.185598 0.652477 0.00267891 0.101702 0.0161112 0.0338697 0.00756401 
0.357909 0.362678 0.00880046 0.15951 0.0672114 0.0238316 0.0200595 
0.314209 0.358302 0.0128555 0.109649 0.0492592 0.136335 0.0193902 
0.260592 0.502651 0.0102984 0.0722081 0.0419438 0.100059 0.0122481 
0.211407 0.55482 0.010472 0.058953 0.0397073 0.113819 0.0108215 
0.25488 0.560238 0.00649599 0.0615069 0.0387973 0.069108 0.00897359 
0.396973 0.309902 0.00467337 0.194786 0.0686424 0.0145838 0.0104401 
0.264819 0.523704 0.00465915 0.0915023 0.0682611 0.0361087 0.0109458 
0.142148 0.713536 0.00374055 0.024246 0.0577017 0.0529637 0.00566374 
0.208333 0.664864 0.00502801 0.0201275 0.0442359 0.0473525 0.0100595 
0.535901 0.328212 0.00848303 0.0703808 0.0159078 0.0252345 0.0158807 
0.555635 0.220514 0.00962511 0.158141 0.0149836 0.0279066 0.0131951 
0.577531 0.204604 0.0185226 0.0820508 0.0125497 0.0653302 0.0394121 
0.614615 0.163114 0.0149148 0.108285 0.0214935 0.0495428 0.0280343 
0.482248 0.136736 0.0118087 0.303533 0.0189754 0.0290225 0.017677 
0.157524 0.0600603 0.00970209 0.726279 0.00918395 0.0271958 0.0100553 
0.027907 0.0126506 0.0118415 0.915947 0.00252535 0.0220186 0.00711044 
0.0470276 0.0106492 0.0576745 0.738747 0.00397281 0.0890146 0.0529138 
0.0178885 0.0147501 0.023887 0.895029 7.61286E-4 0.0306541 0.0170302 
0.0228022 0.0165074 0.00677691 0.940804 9.11144E-4 0.00764127 0.00455657 
0.0192337 0.0204883 0.00563651 0.937352 0.00151852 0.0115551 0.00421561 
0.0412226 0.025971 0.0069113 0.910874 0.00115987 0.0100525 0.00380861 
0.1096 0.039881 0.0168706 0.815128 0.00122758 0.0116265 0.00566617 
0.0574001 0.0419106 0.0090512 0.880996 0.00147459 0.00487979 0.00428729 
0.0859832 0.0324555 0.0100252 0.859344 0.00114452 0.00659285 0.00445487 
0.0657885 0.109686 0.0271746 0.74321 0.00531504 0.0345278 0.0142972 
0.0674842 0.110407 0.0289984 0.742976 0.00571213 0.0312047 0.013217 
0.053382 0.113961 0.027501 0.770073 0.00573677 0.0195462 0.00979961 
0.0934685 0.121415 0.0337901 0.708031 0.0077923 0.0228475 0.0126554 
0.0953458 0.0833188 0.0234783 0.750728 0.00494624 0.031162 0.0110206 
0.116639 0.0783574 0.0253724 0.717167 0.00397141 0.043731 0.0147617 
0.101962 0.0445552 0.0247829 0.744788 0.00271811 0.0586288 0.0225658 
0.196188 0.05699 0.0337638 0.580038 0.00414542 0.0883425 0.0405319 
0.165556 0.0607019 0.0262216 0.668613 0.00411253 0.0537169 0.0210775 
0.268582 0.0469919 0.0431775 0.466587 0.0061239 0.131021 0.0375162 
0.191304 0.0683229 0.0392726 0.213012 0.00796005 0.428386 0.0517417 
0.192696 0.0630344 0.0215627 0.0737609 0.00536965 0.618667 0.0249087 
0.416945 0.124895 0.0210714 0.0833483 0.0116501 0.320281 0.0218093 
0.310183 0.246533 0.00441511 0.261443 0.140494 0.031297 0.00563509 
0.455918 0.0582138 0.00976468 0.458231 0.00536853 0.00314096 0.00936238 
0.765571 0.0202471 0.0158795 0.166496 0.0028 0.00219785 0.0268084 
0.532046 0.144613 0.00885589 0.290496 0.0127262 0.00102498 0.0102366 
0.794027 0.0465985 0.0376412 0.00789866 7.89343E-4 0.0193614 0.0936838 
0.633498 0.0434583 0.0353916 0.215553 0.00426793 0.0214177 0.0464134 
0.0242719 0.0109575 0.00535616 0.949247 0.00230503 0.00253239 0.00532996 
0.411969 0.0425182 0.0677263 0.296567 0.00516929 0.0433829 0.132667 
0.271027 0.0181407 0.0270539 0.651477 0.00385897 0.0066382 0.0218035 
0.552858 0.0246954 0.0346884 0.290604 0.0039813 0.00838054 0.0847929 
0.736956 0.0443771 0.0228898 0.157947 0.00357418 0.00873838 0.025517 
0.642429 0.0316449 0.0115406 0.265757 0.0181657 0.00747291 0.0229903 
0.511576 0.0289017 0.0392373 0.31466 0.00357156 0.0213833 0.0806701 
0.376371 0.0960746 0.0113633 0.474969 0.0186155 0.00663882 0.015968 
0.375639 0.0652959 0.0103555 0.524124 0.00637026 0.00583545 0.0123801 
0.506807 0.136647 0.012469 0.270193 0.0201538 0.018345 0.0353851 
0.365002 0.185646 0.0107937 0.385653 0.0191644 0.0112519 0.0224883 
0.266652 0.0876021 0.00949784 0.612239 0.00480569 0.00617653 0.0130273 
0.260179 0.167801 0.0119751 0.506145 0.0165323 0.018165 0.0192025 
0.559109 0.266575 0.00970725 0.0975914 0.0288501 0.0126041 0.0255628 
0.475632 0.187054 0.00901836 0.262902 0.0353196 0.0123761 0.0176986 
0.406003 0.195122 0.00956375 0.322331 0.0386633 0.0108255 0.0174914 
0.46617 0.171638 0.0136282 0.290711 0.0261645 0.0134396 0.0182478 
0.352945 0.0987619 0.0155375 0.475691 0.031067 0.0104072 0.0155904 
0.20203 0.0548043 0.0120802 0.675107 0.0381249 0.00602681 0.011826 
0.300708 0.0853458 0.0159126 0.523214 0.0482939 0.0129469 0.0135788 
0.2006 0.0897745 0.0119118 0.657501 0.0207231 0.0101799 0.00930971 
0.520801 0.100487 0.0181437 0.318166 0.00990795 0.0155053 0.0169891 
0.494134 0.131808 0.0158185 0.307635 0.0133118 0.0188959 0.0183966 
0.550018 0.162921 0.0137798 0.211409 0.0242557 0.0204184 0.0171982 
0.517035 0.111204 0.0138993 0.305375 0.0132336 0.0200724 0.0191799 
0.428531 0.103415 0.0126282 0.411571 0.0142758 0.0129378 0.0166407 
0.497905 0.0614694 0.0105945 0.396476 0.0163236 0.00705117 0.0101805 
0.597608 0.0777443 0.0122731 0.268437 0.0151562 0.0142173 0.0145644 
0.637527 0.0836627 0.0143504 0.222324 0.0158757 0.0100529 0.0162073 
0.478914 0.0993671 0.0134 0.356149 0.0153831 0.0192288 0.0175585 
0.579274 0.0780725 0.0117588 0.295665 0.0109271 0.0115755 0.0127274 
0.58141 0.0884569 0.013358 0.26365 0.0168047 0.0161162 0.020204 
0.61699 0.0804758 0.0147829 0.247301 0.00996719 0.0130598 0.0174226 
0.525546 0.0535124 0.0139127 0.373962 0.00855117 0.00995776 0.0145586 
0.508582 0.0532995 0.0128135 0.389888 0.0106167 0.00933575 0.0154642 
0.684147 0.0458936 0.017227 0.205105 0.0187084 0.00997415 0.0189448 
0.595846 0.0602471 0.0159361 0.29454 0.00998994 0.0106021 0.0128383 
0.68795 0.0399559 0.0180388 0.221445 0.00661351 0.0107186 0.0152787 
0.762407 0.0404594 0.0165101 0.136432 0.0190315 0.00889064 0.0162689 
0.660622 0.0389732 0.0185754 0.240691 0.00922545 0.012047 0.0198662 
0.690612 0.0360138 0.0160224 0.204531 0.0139773 0.0167849 0.0220585 
0.739766 0.0282494 0.0187579 0.159808 0.0126009 0.0147605 0.0260571 
0.744285 0.0315432 0.0187106 0.155628 0.00991828 0.0136605 0.0262549 
0.709863 0.0295588 0.0218571 0.190164 0.00675158 0.0139819 0.0278232 
0.77894 0.0209297 0.0270214 0.127598 0.00398854 0.0114369 0.0300849 
0.834038 0.0324245 0.0205174 0.0825472 0.00465568 0.0067719 0.0190455 
0.823844 0.0346407 0.0258454 0.0750676 0.00370627 0.00772578 0.0291701 
0.74107 0.0253862 0.0217541 0.174498 0.00566381 0.00689554 0.0247321 
0.808455 0.0247969 0.0267217 0.0939927 0.00515112 0.00729154 0.0335907 
0.678606 0.0284467 0.0200676 0.235068 0.010078 0.00432736 0.023407 
0.660785 0.0183156 0.0270225 0.250742 0.00915978 0.0046373 0.0293379 
0.626444 0.0217633 0.023539 0.288649 0.00881955 0.00517515 0.02561 
0.734678 0.0290793 0.0178906 0.174841 0.0113026 0.00711724 0.0250912 
0.628328 0.0244248 0.0194307 0.294363 0.0111258 0.00420282 0.0181249 
0.704144 0.0249007 0.0220593 0.212451 0.00889868 0.00468074 0.0228659 
0.579915 0.0189647 0.0322494 0.306782 0.0068163 0.00568408 0.0495875 
0.618919 0.0240315 0.0275206 0.281782 0.00444914 0.00691479 0.036383 
0.619233 0.0240972 0.0222862 0.275742 0.0113933 0.00708975 0.0401586 
0.50391 0.0157075 0.0344964 0.393638 0.0061885 0.00588054 0.0401787 
0.685189 0.0313007 0.0251855 0.216518 0.00570602 0.00738942 0.0287112 
0.592416 0.0230448 0.0238048 0.324511 0.0075472 0.00733712 0.021339 
0.559875 0.0210242 0.0233949 0.357901 0.00850973 0.00480329 0.0244913 
0.530383 0.0211216 0.0207196 0.375536 0.0143808 0.00751595 0.0303437 
0.611484 0.0318207 0.0194463 0.303887 0.0105894 0.00488613 0.0178866 
0.660846 0.0258161 0.0241267 0.248109 0.0122325 0.00719723 0.0216728 
0.777642 0.0275143 0.0240617 0.126176 0.00831652 0.00772202 0.0285673 
0.807916 0.0217808 0.0281762 0.086448 0.0124605 0.00746578 0.0357531 
0.767728 0.0387782 0.0197831 0.131004 0.0138341 0.00760062 0.0212717 
0.779655 0.0294592 0.0254828 0.119821 0.00887229 0.00868355 0.0280257 
0.78431 0.0293314 0.0241807 0.111547 0.0129146 0.0109846 0.0267319 
0.715223 0.0289896 0.024516 0.183012 0.0124475 0.0107198 0.0250921 
0.757693 0.0322819 0.0237651 0.142813 0.012036 0.00893463 0.0224762 
0.675501 0.0262616 0.0236493 0.236836 0.0112003 0.00646264 0.0200897 
0.729127 0.0425244 0.0179081 0.170878 0.0135949 0.00995914 0.016009 
0.743463 0.0309098 0.0190767 0.170346 0.0141218 0.00759113 0.0144919 
0.751419 0.0428163 0.0158119 0.155064 0.015337 0.00800715 0.0115447 
0.761233 0.0354733 0.0173248 0.143041 0.018922 0.00717413 0.0168314 
0.773833 0.0274716 0.0191545 0.139638 0.0164711 0.00706629 0.0163653 
0.765012 0.0280006 0.0192485 0.146727 0.0181963 0.00636093 0.0164545 
0.772308 0.0288239 0.020394 0.135311 0.0188796 0.00599164 0.0182922 
0.682098 0.0384415 0.0158079 0.22913 0.0158528 0.00543796 0.0132323 
0.638771 0.0276168 0.0177149 0.285999 0.0143446 0.00454946 0.011005 
0.750694 0.0343746 0.0164396 0.152084 0.0248216 0.00692866 0.014658 
0.723353 0.0333619 0.0173947 0.18941 0.0191893 0.00424748 0.0130432 
0.722558 0.0357706 0.0168683 0.193383 0.0138342 0.00435216 0.013234 
0.699298 0.0504204 0.0159037 0.196625 0.0178016 0.00542278 0.014528 
0.641991 0.0399004 0.0150088 0.270175 0.0127618 0.00555129 0.0146114 
0.679794 0.0277688 0.0171092 0.244899 0.0139021 0.00414954 0.0123773 
0.632665 0.0300044 0.0161303 0.292619 0.0108314 0.0039548 0.0137949 
0.781063 0.0423543 0.017481 0.117224 0.0186229 0.00695099 0.0163042 
0.632214 0.0404077 0.0149675 0.281867 0.0128267 0.00636405 0.0113532 
0.727602 0.0464009 0.0158134 0.163007 0.0237482 0.0092001 0.0142286 
0.74671 0.0314299 0.0161531 0.158531 0.0200169 0.00819674 0.0189619 
0.767033 0.0317393 0.0161692 0.137111 0.0245845 0.00686183 0.0165012 
0.794295 0.03095 0.0161061 0.107172 0.0277575 0.00678071 0.0169379 
0.757521 0.0339864 0.0167202 0.137895 0.0309485 0.00672809 0.0162002 
0.768585 0.0331424 0.0180107 0.147441 0.0130814 0.00636974 0.0133699 
0.782483 0.0294938 0.0192474 0.129863 0.017216 0.00657267 0.0151242 
0.778476 0.0298812 0.0225866 0.12552 0.0168646 0.00663853 0.0200326 
0.803857 0.0364411 0.0196922 0.10786 0.00971498 0.00535014 0.0170844 
0.743479 0.0352963 0.0178835 0.170935 0.013637 0.00564107 0.013129 
0.622109 0.0389249 0.0181783 0.294032 0.00730477 0.00713595 0.0123152 
0.743423 0.0410507 0.0181121 0.164704 0.0132423 0.00589654 0.0135709 
0.755431 0.0391947 0.0151797 0.146792 0.0252702 0.00606011 0.012072 
0.715803 0.0432527 0.0166653 0.18467 0.0208891 0.00554348 0.0131772 
0.702139 0.0488489 0.0146668 0.193473 0.0237529 0.00625592 0.0108633 
0.710698 0.0307512 0.0170544 0.20387 0.0157267 0.0063735 0.0155266 
0.742601 0.0353814 0.0183986 0.177472 0.00790388 0.00524683 0.0129963 
0.798024 0.0383756 0.0185113 0.106239 0.0126281 0.00868127 0.017541 
0.698655 0.0311651 0.0226967 0.207917 0.0129988 0.00865192 0.0179155 
0.707337 0.0381053 0.0158567 0.195247 0.0251757 0.00671306 0.0115643 
0.732493 0.0398868 0.0181958 0.170523 0.0141356 0.00802123 0.0167442 
0.711259 0.0485522 0.0161593 0.176477 0.0258254 0.00700321 0.0147239 
0.736275 0.0416918 0.0190628 0.170658 0.0132115 0.00645558 0.0126449 
0.688526 0.0495932 0.0167579 0.206396 0.0193047 0.0074005 0.0120219 
0.664206 0.0332347 0.0163803 0.239522 0.0265485 0.007385 0.012723 
0.749678 0.0298605 0.0203796 0.163582 0.0154757 0.00525957 0.0157641 
0.666077 0.0210139 0.0262412 0.249264 0.00974406 0.00540329 0.0222567 
0.724129 0.022322 0.0247564 0.191761 0.0111049 0.00582639 0.0201009 
0.758643 0.0245299 0.0250652 0.144728 0.014306 0.00915007 0.0235776 
0.809292 0.0293924 0.0255654 0.0983895 0.00952512 0.00611213 0.0217231 
0.80882 0.0202093 0.0326471 0.097487 0.00774788 0.00536716 0.0277215 
0.766883 0.0282084 0.0228251 0.135079 0.0161172 0.00577086 0.0251168 
0.761605 0.0213963 0.024902 0.143585 0.0180173 0.00557782 0.024917 
0.723486 0.0234895 0.0223024 0.185608 0.0229119 0.00606105 0.0161405 
0.817615 0.0276977 0.0216644 0.0995157 0.0106334 0.00665531 0.0162185 
0.822179 0.0217586 0.026528 0.0807017 0.0159408 0.00760498 0.0252869 
0.847052 0.0229523 0.0220593 0.0736581 0.0130197 0.00629879 0.0149598 
0.624449 0.0193269 0.0224418 0.306416 0.0115019 0.00400676 0.0118568 
0.785157 0.0241678 0.0289924 0.137714 0.00598672 0.00283347 0.0151489 
0.817106 0.0215945 0.0292711 0.107736 0.00731673 0.00231099 0.0146644 
0.851301 0.0339088 0.0272831 0.0602508 0.00664139 0.00276988 0.0178452 
0.824556 0.031127 0.0337903 0.0816354 0.00427426 0.00266912 0.021948 
0.853296 0.0491265 0.025863 0.0486992 0.00507069 0.00352221 0.0144219 
0.842465 0.0252722 0.0258834 0.0836269 0.00624326 0.00233074 0.0141782 
0.784414 0.0380413 0.0186196 0.131912 0.0118492 0.00380547 0.0113578 
0.845075 0.0291453 0.0230462 0.0803177 0.00874313 0.00239531 0.011277 
0.789899 0.0365867 0.0187698 0.12642 0.0147843 0.00336221 0.0101785 
0.814496 0.0296899 0.0196845 0.106759 0.0172697 0.00219131 0.00990964 
0.837235 0.0211642 0.0218508 0.0957187 0.0104068 0.00235417 0.0112707 
0.824308 0.0220802 0.0239061 0.104635 0.00641348 0.00227836 0.0163787 
0.813401 0.0314904 0.025927 0.10466 0.0056971 0.0025183 0.0163057 
0.858171 0.0205436 0.0321547 0.0587215 0.00491233 0.00353305 0.0219635 
0.661833 0.0136909 0.0401134 0.211112 0.00540841 0.00560113 0.0622414 
0.642965 0.0159617 0.0331964 0.263198 0.00937655 0.00394416 0.031358 
0.803528 0.0217018 0.0325359 0.117651 0.00483719 0.00253867 0.0172075 
0.764499 0.0259326 0.0309032 0.149491 0.00430259 0.00238798 0.0224838 
0.713166 0.027492 0.0187982 0.216116 0.01097 0.00183976 0.0116178 
0.697152 0.0265497 0.0189643 0.227336 0.00991402 0.0028201 0.0172636 
0.550411 0.0198662 0.016705 0.386077 0.0122728 0.00211105 0.0125569 
0.560222 0.0219277 0.0192592 0.378852 0.0103844 9.81038E-4 0.00837407 
0.733806 0.0170497 0.0237093 0.205416 0.00494793 0.00121738 0.0138537 
0.709644 0.0128487 0.0322561 0.227272 0.00389757 0.00100229 0.0130794 
0.625005 0.0355735 0.0126548 0.300714 0.0139123 0.00128206 0.010859 
0.763147 0.049156 0.016334 0.145038 0.0109693 0.00160335 0.0137526 
0.826611 0.0504031 0.016609 0.082227 0.00517735 0.00162352 0.0173486 
0.742962 0.0466066 0.0160753 0.169602 0.00652837 0.00186141 0.0163644 
0.784527 0.0765356 0.0135707 0.0952817 0.00889407 0.00272772 0.0184628 
0.697345 0.0833862 0.0130372 0.179286 0.0101954 0.0024454 0.0143052 
0.748014 0.0556973 0.0139195 0.153925 0.00844397 0.00317019 0.0168307 
0.783594 0.0540676 0.015895 0.119644 0.00541952 0.00373411 0.0176453 
0.760574 0.0637834 0.015343 0.13862 0.00666237 0.00337501 0.0116422 
0.775493 0.0665656 0.014269 0.104833 0.0188334 0.00328065 0.0167249 
0.80432 0.0350328 0.0166455 0.119123 0.0107675 0.00171269 0.0123989 
0.792112 0.0352816 0.0203497 0.119785 0.00604629 0.0018632 0.0245624 
0.709996 0.0490928 0.0153089 0.195154 0.0100237 0.00197386 0.0184514 
0.623429 0.0531668 0.0156391 0.284604 0.00755257 0.00182848 0.0137796 
0.704615 0.052439 0.0148915 0.190588 0.0148353 0.00384933 0.0187817 
0.762492 0.0785223 0.0145044 0.0821863 0.0414094 0.004943 0.0159423 
0.846032 0.0548556 0.0219836 0.0370936 0.0065469 0.0035312 0.0299567 
0.837997 0.0250893 0.033304 0.0373857 0.00192617 0.00614979 0.0581481 
0.89543 0.0143394 0.0417387 0.00644075 0.00244498 0.00982722 0.029779 
0.896765 0.0201418 0.0375486 0.0194432 0.0032149 0.00657786 0.0163089 
0.891984 0.0269224 0.0357279 0.00684221 0.00521266 0.0174717 0.0158394 
0.897248 0.0285099 0.0320087 0.0105172 0.00631166 0.00937506 0.0160292 
0.853231 0.0152367 0.0504431 0.0295772 0.0020037 0.00659293 0.0429151 
0.740292 0.0133716 0.055737 0.162939 0.00780246 0.00132534 0.0185323 
0.692249 0.00801457 0.0603476 0.185686 0.0224795 0.00210119 0.0291226 
0.665915 0.00755328 0.0996565 0.15035 0.00507741 0.00231273 0.069135 
0.744718 0.00886236 0.0742293 0.100717 0.00312364 0.00614812 0.0622023 
0.778422 0.00930905 0.0700862 0.0870864 0.00236383 0.00499688 0.0477353 
0.751976 0.011991 0.067648 0.122786 0.00213398 0.00585424 0.0376115 
0.804409 0.0109437 0.0559016 0.085199 0.00330559 0.00689724 0.0333439 
0.791715 0.0111589 0.0560484 0.101393 0.00348616 0.00737581 0.0288228 
0.749599 0.0139662 0.0504965 0.148042 0.00442301 0.00672524 0.0267474 
0.80105 0.0151887 0.0404669 0.105352 0.00797667 0.00503367 0.0249315 
0.830734 0.0173688 0.0439037 0.0744248 0.00400418 0.00454822 0.0250165 
0.870842 0.0167967 0.0377637 0.0507756 0.00364714 0.00370162 0.0164737 
0.870756 0.0187571 0.0358313 0.0458161 0.00358461 0.00567803 0.0195771 
0.835468 0.0157634 0.0435748 0.0648427 0.00312084 0.00621912 0.031011 
0.848263 0.0141793 0.0424412 0.0640953 0.00390042 0.00292793 0.0241932 
0.768167 0.0149277 0.0339754 0.153805 0.00900653 0.0025574 0.0175612 
0.774658 0.0125438 0.0410151 0.141407 0.00733638 0.00180164 0.0212384 
0.818628 0.0151289 0.0283102 0.108926 0.0135467 0.0020471 0.0134129 
0.774203 0.0163553 0.0407635 0.132735 0.00659036 0.00317557 0.0261774 
0.743036 0.0178138 0.0320815 0.170087 0.00864125 0.00249068 0.0258502 
0.78655 0.0165759 0.0348332 0.12348 0.0105099 0.00245446 0.0255967 
0.810658 0.0246262 0.0233975 0.106915 0.0149672 0.00295736 0.016479 
0.818216 0.0141052 0.0363379 0.0976003 0.00793262 0.0024101 0.0233982 
0.840316 0.0165654 0.0291836 0.0836458 0.00925302 0.0033726 0.0176634 
0.830195 0.0167144 0.0318791 0.0914581 0.00788439 0.00339087 0.0184784 
0.857475 0.0194829 0.03005 0.0648367 0.00561364 0.00418346 0.018358 
0.848502 0.0239375 0.0309127 0.0701964 0.00586372 0.00344215 0.0171452 
0.812632 0.0205204 0.0312761 0.103011 0.00794516 0.00245508 0.022161 
0.816875 0.0150908 0.0454875 0.0828883 0.00442657 0.00244246 0.0327889 
0.848763 0.0170132 0.0353913 0.070426 0.00595904 0.00235672 0.0200908 
0.796583 0.0142515 0.0339842 0.132181 0.00754246 0.00157264 0.0138854 
0.801231 0.0192612 0.0380815 0.10481 0.00904691 0.00219451 0.0253752 
0.852293 0.0187157 0.0373922 0.055995 0.00650041 0.00255704 0.0265466 
0.860031 0.0172995 0.0330472 0.0534294 0.00713048 0.0026602 0.0264025 
0.822983 0.0238797 0.0234973 0.104567 0.00838819 0.00260332 0.014082 
0.871923 0.0250557 0.0266405 0.0445334 0.00647232 0.00355767 0.0218171 
0.867211 0.0222025 0.0274616 0.0531097 0.00632636 0.0037755 0.0199137 
0.85628 0.0185162 0.0364356 0.0441175 0.00356089 0.00409659 0.0369935 
0.841518 0.0231921 0.0312838 0.0689556 0.0047201 0.00472499 0.0256058 
0.865399 0.0213631 0.029962 0.049857 0.00760594 0.00400101 0.021812 
0.769982 0.0133482 0.0384112 0.129235 0.00863883 0.00360841 0.0367762 
0.786374 0.0162483 0.0328479 0.120366 0.00596419 0.00546142 0.0327386 
0.820212 0.0157332 0.0274989 0.102616 0.00699079 0.00449255 0.0224564 
0.881962 0.0150461 0.0301428 0.0509623 0.00419205 0.0032476 0.0144474 
0.8329 0.0128469 0.0345167 0.0853782 0.00525779 0.00370193 0.0253986 
0.872502 0.0138065 0.0300777 0.051633 0.00705308 0.00379129 0.0211362 
0.843495 0.0163263 0.0306401 0.0814952 0.00402226 0.00405633 0.0199646 
0.842539 0.0153044 0.0271709 0.0807591 0.00580745 0.0047369 0.023682 
0.809191 0.0166984 0.0262551 0.114309 0.00756853 0.00447059 0.0215076 
0.863855 0.0201296 0.0260396 0.0515918 0.00582558 0.00441017 0.028148 
0.875146 0.0188186 0.0236812 0.0526798 0.00772806 0.00378297 0.0181634 
0.859941 0.0212775 0.0193487 0.0658743 0.0110637 0.00406225 0.018432 
0.859218 0.0161781 0.0264402 0.0735546 0.00387496 0.0036927 0.0170416 
0.877518 0.0189326 0.0253975 0.049796 0.00437144 0.00364774 0.0203364 
0.890893 0.0163604 0.0283188 0.033056 0.00390616 0.00283282 0.0246326 
0.857789 0.0135018 0.0307415 0.0698867 0.0051947 0.00278065 0.0201054 
0.846113 0.0130003 0.0326514 0.079258 0.0042101 0.00266192 0.0221056 
0.841432 0.0142452 0.0312714 0.0886976 0.00448444 0.00222561 0.0176441 
0.82717 0.0138627 0.029574 0.101146 0.00493865 0.00203218 0.0212764 
0.88762 0.0182243 0.0252748 0.0348234 0.00590965 0.00289773 0.0252497 
0.851858 0.0145109 0.0296286 0.0750492 0.00366591 0.002631 0.022656 
0.827298 0.0139101 0.0314257 0.0921545 0.00389975 0.00324434 0.0280677 
0.803071 0.0112813 0.0288046 0.133988 0.00449044 0.00170973 0.0166554 
0.779983 0.0134238 0.0237898 0.162452 0.00617048 0.00184069 0.0123403 
0.809603 0.0153151 0.0310803 0.12434 0.00356311 0.00193169 0.0141673 
0.756884 0.0122938 0.037834 0.168508 0.00252931 0.00255811 0.0193931 
0.764876 0.012264 0.0349537 0.167438 0.0024843 0.00210196 0.0158824 
0.729887 0.0115305 0.0255883 0.208137 0.00519212 0.00184565 0.0178187 
0.726722 0.0107089 0.0272789 0.214354 0.00596536 0.00129447 0.0136762 
0.82103 0.0143775 0.0269732 0.115493 0.00534008 0.00141397 0.0153724 
0.858187 0.0149249 0.0287834 0.0675313 0.00489212 0.00166763 0.0240138 
0.864374 0.0135041 0.0338069 0.0473052 0.00331752 0.00192103 0.0357709 
0.815862 0.0165826 0.02841 0.1162 0.00343093 0.00137898 0.018135 
0.765473 0.0102387 0.0280986 0.172029 0.00810285 0.00109647 0.0149609 
0.808086 0.0117227 0.0262928 0.129589 0.00741483 0.00174531 0.0151488 
0.805106 0.0106559 0.0267873 0.129361 0.00753377 0.00137648 0.0191792 
0.867795 0.0126715 0.0338524 0.0357506 0.00545821 0.00187183 0.0426002 
0.81119 0.0149763 0.0315336 0.0870919 0.00395313 0.00206246 0.0491927 
0.807327 0.0227866 0.0232087 0.0986692 0.00679571 0.00174794 0.0394648 
0.759047 0.0411584 0.017463 0.151389 0.00558259 0.00334459 0.0220146 
0.757208 0.0432371 0.0196164 0.151894 0.00482145 0.00235955 0.0208642 
0.710259 0.0469705 0.0215363 0.177423 0.00611652 0.00431944 0.0333751 
0.736655 0.0499683 0.0148713 0.13972 0.0277451 0.00461462 0.0264254 
0.793749 0.0274164 0.0218877 0.10951 0.00599126 0.00700907 0.034436 
0.775721 0.0307613 0.0190625 0.150541 0.00485136 0.00494781 0.0141148 
0.661456 0.0296591 0.0185761 0.270093 0.00592341 0.00105524 0.0132378 
0.761286 0.0400337 0.0207236 0.156541 0.00426615 0.00196848 0.0151809 
0.641015 0.0727307 0.0152558 0.243751 0.00521386 0.00377151 0.0182622 
0.72146 0.0598437 0.0140505 0.166576 0.0167747 0.00398381 0.0173109 
0.529523 0.0257092 0.0133608 0.407819 0.0128667 0.00217359 0.00854775 
0.281987 0.0333421 0.0107551 0.660755 0.00404189 0.00267959 0.00643942 
0.321828 0.0224792 0.0110818 0.627782 0.0080441 0.00199183 0.00679397 
0.406829 0.0451594 0.0137313 0.508879 0.0141204 0.00315772 0.00812377 
0.485338 0.0187471 0.0152255 0.456224 0.014132 0.0023788 0.00795417 
0.520849 0.029815 0.0184978 0.408101 0.00880561 0.00387659 0.010055 
0.488915 0.0312653 0.016778 0.446994 0.00559773 0.00275844 0.0076916 
0.674796 0.0347676 0.0259368 0.245748 0.00431705 0.00251443 0.0119204 
0.543699 0.0292533 0.0212757 0.385249 0.0047008 0.00223512 0.0135867 
0.729079 0.0392208 0.0197191 0.185737 0.00701799 0.00402597 0.0151997 
0.728273 0.0319368 0.0243536 0.192987 0.00340679 0.00480699 0.0142361 
0.774988 0.0285729 0.0210918 0.150189 0.00580693 0.0049383 0.0144129 
0.0674842 0.110407 0.0289984 0.742976 0.00571213 0.0312047 0.013217 
0.053382 0.113961 0.027501 0.770073 0.00573677 0.0195462 0.00979961 
0.0934685 0.121415 0.0337901 0.708031 0.0077923 0.0228475 0.0126554 
0.0953458 0.0833188 0.0234783 0.750728 0.00494624 0.031162 0.0110206 
0.116639 0.0783574 0.0253724 0.717167 0.00397141 0.043731 0.0147617 
0.101962 0.0445552 0.0247829 0.744788 0.00271811 0.0586288 0.0225658 
0.196188 0.05699 0.0337638 0.580038 0.00414542 0.0883425 0.0405319 
0.165556 0.0607019 0.0262216 0.668613 0.00411253 0.0537169 0.0210775 
0.268582 0.0469919 0.0431775 0.466587 0.0061239 0.131021 0.0375162 
0.191304 0.0683229 0.0392726 0.213012 0.00796005 0.428386 0.0517417 
0.192696 0.0630344 0.0215627 0.0737609 0.00536965 0.618667 0.0249087 
0.416945 0.124895 0.0210714 0.0833483 0.0116501 0.320281 0.0218093 
0.310183 0.246533 0.00441511 0.261443 0.140494 0.031297 0.00563509 
0.455918 0.0582138 0.00976468 0.458231 0.00536853 0.00314096 0.00936238 
0.765571 0.0202471 0.0158795 0.166496 0.0028 0.00219785 0.0268084 
