0.740706 0.0110191 0.059244 0.026434 0.00244569 0.00285508 0.157296 
0.781065 0.00955096 0.0525088 0.0461667 0.00381025 0.00312992 0.103768 
0.803319 0.00932099 0.0507506 0.056595 0.00498583 0.00281249 0.0722163 
0.79492 0.0082591 0.0566321 0.0548021 0.00386444 0.00276317 0.0787593 
0.800599 0.00927494 0.0503333 0.0731971 0.00554877 0.0027463 0.0583008 
0.778595 0.00934689 0.0572684 0.0470795 0.00549986 0.00359605 0.0986138 
0.753175 0.00883469 0.0671832 0.0417294 0.00350488 0.00269337 0.122879 
0.827895 0.00930527 0.0486166 0.0317032 0.00418973 0.00247513 0.0758154 
0.809617 0.00930484 0.0535487 0.0408793 0.00379092 0.0023052 0.0805543 
0.773407 0.00738153 0.0657631 0.0340427 0.00252506 0.00296836 0.113912 
0.805302 0.00888628 0.0552547 0.020781 0.00187354 0.00393928 0.103963 
0.830599 0.00778388 0.0542426 0.0335886 0.00238772 0.00353416 0.0678645 
0.811458 0.00721175 0.0592256 0.0431953 0.00259151 0.00272782 0.0735904 
0.749583 0.00777582 0.0608742 0.0656043 0.00394448 0.00403027 0.108188 
0.841332 0.00761425 0.0486868 0.0487855 0.00357861 0.00262926 0.047373 
0.843951 0.00866766 0.0471741 0.0394229 0.00338683 0.00308478 0.0543131 
0.768261 0.00796899 0.0695417 0.049673 0.00254671 0.00619263 0.095816 
0.457226 0.0131143 0.19968 0.0311044 0.00339461 0.206117 0.0893634 
0.21241 0.00797027 0.153911 0.00187471 0.00159147 0.599523 0.0227198 
0.178593 0.00600489 0.644187 8.09308E-4 0.00166547 0.134818 0.0339213 
0.0118169 0.00178834 0.979733 1.24309E-4 0.00107673 0.00309289 0.00236758 
0.0192408 0.00117712 0.969453 1.95509E-4 0.0024351 0.00258545 0.00491315 
0.404103 0.00214333 0.42343 0.00450287 0.00585299 0.00262794 0.15734 
0.573562 0.00402782 0.319246 0.00550362 0.0125025 0.00346544 0.0816925 
0.65978 0.00529029 0.156601 0.00575053 0.0130828 0.0030996 0.156396 
0.718872 0.00597398 0.114181 0.0650204 0.00312775 9.64399E-4 0.0918599 
0.748226 0.0061078 0.0649085 0.101528 0.00742189 0.00194425 0.0698639 
0.808258 0.00905841 0.06078 0.0234332 0.0104265 0.00289077 0.0851533 
0.54467 0.0245338 0.284643 0.00475857 0.0211542 0.0703496 0.0498914 
0.595951 0.0514974 0.148191 0.00718333 0.0432871 0.122007 0.0318837 
0.76395 0.0291068 0.0937314 0.0102859 0.0179317 0.038556 0.0464384 
0.814347 0.0266608 0.0634767 0.0236639 0.0172564 0.0221514 0.0324441 
0.601579 0.0164183 0.0293558 0.308071 0.0138826 0.0100783 0.0206153 
0.548462 0.0160312 0.0313428 0.361841 0.0101478 0.00948214 0.0226934 
0.422644 0.0373497 0.0115894 0.503036 0.00853384 0.00633989 0.0105068 
0.227346 0.178285 0.00458746 0.530745 0.0459867 0.00361455 0.00943517 
0.138195 0.256011 0.00256632 0.579642 0.0148728 0.00213478 0.00657885 
0.133379 0.282676 0.00238378 0.557356 0.0159771 0.00279618 0.00543194 
0.0921523 0.223605 0.00170379 0.650487 0.025868 0.0018405 0.00434356 
0.10436 0.184074 0.00201372 0.686556 0.018322 0.00163845 0.00303555 
0.11832 0.401511 0.00229809 0.425773 0.0429584 0.00336413 0.0057756 
0.101545 0.412551 0.0027875 0.405732 0.0680092 0.00400801 0.00536778 
0.12547 0.356182 0.00249233 0.491785 0.0165969 0.00211882 0.0053543 
0.127902 0.4021 0.00260485 0.445434 0.0143353 0.00211576 0.00550869 
0.126484 0.516469 0.00160844 0.300824 0.0456927 0.0033505 0.00557134 
0.0803635 0.586427 0.00334052 0.20429 0.109304 0.00694568 0.00932927 
0.0554449 0.796004 8.44999E-4 0.0940286 0.0446908 0.00390835 0.00507822 
0.0484713 0.839649 4.79098E-4 0.0725962 0.0305134 0.00391478 0.00437577 
0.0599487 0.746942 9.5784E-4 0.150813 0.0315285 0.00360074 0.00620991 
0.0549482 0.538428 0.00420388 0.249493 0.137551 0.00915955 0.00621639 
0.0566418 0.510821 0.0049572 0.24674 0.163605 0.0105529 0.00668258 
0.0453498 0.535665 0.00572864 0.181914 0.209077 0.014694 0.00757159 
0.0267632 0.680323 0.00297975 0.0942739 0.181392 0.00992014 0.00434827 
0.00769148 0.859001 4.3024E-4 0.0308761 0.0961216 0.00501185 8.67762E-4 
0.00678865 0.864192 6.91004E-4 0.0301756 0.0918203 0.00520794 0.00112436 
0.00314782 0.948574 1.41149E-4 0.0121609 0.0278555 0.00772245 3.98528E-4 
0.00265501 0.933032 2.53168E-4 0.0131638 0.0333221 0.017238 3.36293E-4 
0.00382764 0.900778 8.34436E-4 0.0211553 0.0308236 0.0418181 7.62839E-4 
0.00130134 0.955551 2.62714E-4 0.00883382 0.0200741 0.0137162 2.60643E-4 
8.91357E-4 0.97584 1.42201E-4 0.00690898 0.0116303 0.00448292 1.0437E-4 
0.00179639 0.954371 4.4391E-4 0.0268619 0.0127367 0.00364799 1.42444E-4 
0.00244501 0.885782 5.7281E-4 0.10102 0.00685857 0.00323741 8.36772E-5 
0.00713301 0.652354 0.0022899 0.321657 0.0111549 0.00512566 2.84699E-4 
0.00657581 0.688148 0.00258457 0.291325 0.0058658 0.00528024 2.20979E-4 
0.845625 0.011645 0.0385486 0.0400332 0.00832736 0.00204154 0.0537793 
0.84873 0.0110765 0.0404495 0.040054 0.00619276 0.00182722 0.0516703 
0.853965 0.0111619 0.0364748 0.0594265 0.00692441 0.00197421 0.0300735 
0.827889 0.00748141 0.0472407 0.0723521 0.00812498 0.00175582 0.0351565 
0.853659 0.00908366 0.0448942 0.0394931 0.00575132 0.00185975 0.0452589 
0.845236 0.00851248 0.0439858 0.0418853 0.00506608 0.00192528 0.0533886 
0.809771 0.0101054 0.0433261 0.0753549 0.0069237 0.00292204 0.0515964 
0.848182 0.0100664 0.0375566 0.0484395 0.00619797 0.00264653 0.0469109 
0.801913 0.0103283 0.0445332 0.046053 0.00472977 0.00309565 0.0893471 
0.813179 0.0108812 0.0406638 0.0475178 0.00819778 0.00268799 0.0768722 
0.806645 0.0118402 0.0373653 0.0399024 0.00884711 0.00358155 0.0918181 
0.81056 0.0105356 0.0399842 0.0448716 0.00878748 0.00283056 0.0824303 
0.78925 0.010792 0.043019 0.0351597 0.00565794 0.00300874 0.113112 
0.816055 0.00981008 0.0401699 0.0781134 0.00606168 0.00269837 0.0470913 
0.82408 0.0106148 0.0392331 0.0594822 0.00599856 0.00302956 0.0575615 
0.845667 0.0117759 0.0335607 0.0581181 0.0074934 0.00224313 0.0411416 
0.832214 0.0115041 0.0371313 0.0423503 0.00508503 0.00317598 0.0685389 
0.823002 0.0173379 0.0466557 0.0208774 0.00692187 0.0015673 0.0836374 
0.812711 0.0125685 0.0462041 0.0207153 0.00773737 0.00198736 0.0980763 
0.840696 0.0107876 0.0406156 0.0563798 0.0100828 0.00177266 0.0396653 
0.714206 0.00755276 0.0518328 0.168794 0.00534334 0.00241315 0.0498579 
0.375818 0.0066788 0.0451799 0.503481 0.0157853 0.00594253 0.0471146 
0.429881 0.00682566 0.038385 0.46468 0.0148533 0.00585545 0.0395192 
0.733471 0.00829988 0.0337013 0.182705 0.0103546 0.00309286 0.028375 
0.701761 0.0114534 0.0343629 0.174478 0.012205 0.0054583 0.0602817 
0.751517 0.0118866 0.0404448 0.129864 0.0156186 0.00432375 0.0463446 
0.697153 0.0115933 0.0461294 0.167555 0.0200652 0.00907016 0.0484342 
0.62848 0.0172613 0.0432547 0.15861 0.0297743 0.0367703 0.0858497 
0.77785 0.016931 0.0342957 0.0869285 0.0203611 0.013289 0.050345 
0.764254 0.0142572 0.0475925 0.0809675 0.00660191 0.010726 0.075601 
0.848431 0.0191523 0.0421261 0.0157643 0.00883369 0.0126344 0.0530578 
0.813142 0.0113391 0.047799 0.0164724 0.00406551 0.0167398 0.0904422 
0.827297 0.0131799 0.0484482 0.00856567 0.00755614 0.010924 0.0840288 
0.833697 0.0118585 0.0452852 0.0288803 0.00736363 0.00822987 0.0646854 
0.796825 0.0112457 0.0444251 0.0509754 0.00777158 0.0145841 0.0741735 
0.773129 0.00870146 0.0698034 0.0204911 0.00371557 0.0112006 0.112959 
0.821697 0.0121398 0.0652035 0.0188859 0.007438 0.00736597 0.0672702 
0.809673 0.00942182 0.0636536 0.0183244 0.00399569 0.00851305 0.0864186 
0.783293 0.00776248 0.0695135 0.0253441 0.00481377 0.00663027 0.102643 
0.75528 0.00713106 0.0822644 0.0355148 0.003569 0.00640426 0.109836 
0.763276 0.00848735 0.0718131 0.0479394 0.0041565 0.00609155 0.0982362 
0.728691 0.00877665 0.067694 0.0620213 0.00528473 0.00883742 0.118695 
0.726942 0.00940583 0.0632316 0.10306 0.00536924 0.00788643 0.0841049 
0.82225 0.0125347 0.0387563 0.0597704 0.00716031 0.00552794 0.0540008 
0.772966 0.0122641 0.0466316 0.0906368 0.00550299 0.00852503 0.0634731 
0.77047 0.0116429 0.0461512 0.0842497 0.00459973 0.0089547 0.0739321 
0.736982 0.0141307 0.0391537 0.152645 0.00921463 0.00413857 0.043735 
0.749322 0.0122273 0.0524133 0.114064 0.00446612 0.00615525 0.0613515 
0.725827 0.0216142 0.0281316 0.178363 0.0184084 0.00370047 0.0239547 
0.701094 0.0223407 0.0253767 0.209517 0.0150586 0.00476567 0.0218475 
0.655249 0.0324402 0.0205002 0.258603 0.010553 0.00607427 0.0165804 
0.59379 0.0313133 0.0173433 0.313222 0.0239162 0.00631127 0.0141038 
0.580081 0.0363246 0.0172958 0.326937 0.023936 0.00338089 0.0120445 
0.541723 0.0550058 0.0147846 0.34724 0.0218612 0.0056894 0.0136963 
0.25182 0.0951837 0.00966994 0.616854 0.0137199 0.0041739 0.0085786 
0.098392 0.0330568 0.00561612 0.835433 0.0184812 0.00398665 0.00503473 
0.637261 0.0288448 0.0159327 0.295502 0.0033761 0.00558831 0.0134958 
0.248282 0.190387 0.0102304 0.485941 0.0418407 0.00776718 0.0155519 
0.320696 0.166765 0.012047 0.458746 0.0193029 0.00705662 0.0153857 
0.266413 0.351579 0.00402802 0.330099 0.0297284 0.00602086 0.0121317 
0.104611 0.323778 0.00273077 0.488849 0.0716826 0.00407706 0.00427083 
0.0253121 0.793017 0.00112106 0.102312 0.0718099 0.00421041 0.0022171 
0.0298917 0.783219 5.25983E-4 0.168414 0.0137122 0.00226215 0.00197468 
0.0342918 0.715978 0.00101463 0.192188 0.0502203 0.00408599 0.00222176 
0.038749 0.652099 0.00319211 0.193238 0.09791 0.00894713 0.00586541 
0.308034 0.491402 0.00969918 0.0738156 0.0439135 0.0500123 0.023124 
0.240097 0.548473 0.00781666 0.0718828 0.048859 0.0676455 0.015226 
0.222506 0.606176 0.00631842 0.0671648 0.0310474 0.0545339 0.012253 
0.23359 0.561884 0.00399694 0.145945 0.02326 0.0246225 0.00670193 
0.25118 0.547525 0.00438471 0.137965 0.0371628 0.0159002 0.00588142 
0.272313 0.537768 0.00440339 0.101338 0.0601323 0.0186538 0.00539221 
0.194698 0.495902 0.00291191 0.215273 0.0727436 0.0151746 0.00329726 
0.234912 0.450383 0.00494332 0.179983 0.106897 0.0146518 0.00823017 
0.368716 0.303663 0.00962848 0.260246 0.0320873 0.0184376 0.00722121 
0.350898 0.14833 0.0146463 0.440384 0.0176043 0.0256562 0.00248088 
0.247568 0.121341 0.0165307 0.582134 0.0101754 0.0207989 0.00145244 
0.23561 0.139387 0.0218889 0.573854 0.00766118 0.0193998 0.00219967 
0.209431 0.0870183 0.0819694 0.586055 0.00932126 0.0206772 0.0055287 
0.181113 0.176535 0.0138749 0.6098 0.00637942 0.0113688 9.28618E-4 
0.22512 0.127501 0.0278878 0.595824 0.00736702 0.0151018 0.00119943 
0.243677 0.148383 0.0240159 0.552858 0.00900285 0.018958 0.00310555 
0.413773 0.10838 0.0415879 0.380338 0.0147982 0.0352252 0.00589786 
0.263702 0.520931 0.0132098 0.0287806 0.0672341 0.0976746 0.00846849 
0.0847474 0.0311548 0.0204181 0.0266918 0.756537 0.0774865 0.00296412 
0.0227745 0.00173244 0.00155842 0.491637 0.479401 0.00189715 9.9884E-4 
0.0281006 0.011919 9.03943E-4 0.134353 0.817661 0.00559175 0.00147122 
0.140385 0.0731117 0.00500006 0.171412 0.568063 0.0358625 0.00616535 
0.140344 0.0484273 0.00646138 0.172694 0.610213 0.0160477 0.00581275 
0.00980258 0.94575 0.00339476 0.00457338 0.00116841 0.0346375 6.73048E-4 
0.00474855 0.80691 0.00435844 4.1592E-4 7.10755E-4 0.182575 2.80588E-4 
0.0064523 0.962681 2.80102E-4 1.72651E-4 2.09289E-4 0.0299737 2.31309E-4 
0.00645961 0.960857 3.40047E-4 6.25129E-4 1.85744E-4 0.0312224 3.10252E-4 
0.01301 0.974954 2.25796E-4 0.00268151 4.33184E-4 0.00840776 2.87809E-4 
0.0201963 0.962876 3.09799E-4 0.00217249 5.27691E-4 0.0135446 3.72804E-4 
0.0901058 0.823348 0.00294202 0.0153039 0.00114505 0.06642 7.3505E-4 
0.0914122 0.807356 0.00769044 0.0183469 0.00220515 0.0706936 0.00229551 
0.0769264 0.843255 0.00404714 0.0155116 0.00209735 0.0565604 0.00160195 
0.0222528 0.933534 8.34161E-4 0.00827953 5.72443E-4 0.0340489 4.77759E-4 
0.0442654 0.912444 0.0015931 0.0108377 0.00109203 0.0287201 0.00104738 
0.178155 0.682105 0.00572474 0.0641244 0.00603051 0.0605976 0.00326303 
0.332905 0.534506 0.00702666 0.0425817 0.0161416 0.0612688 0.00556978 
0.161776 0.657939 0.00513902 0.0656169 0.0324936 0.0712853 0.00574996 
0.0663647 0.880428 0.00151171 0.00736611 0.00448834 0.0373328 0.00250852 
0.0187868 0.967539 2.01291E-4 0.00173938 0.00289186 0.00822687 6.15055E-4 
0.0376215 0.947594 4.38869E-4 0.003092 0.00134071 0.00937782 5.35388E-4 
0.0362095 0.941951 3.88603E-4 0.00911609 0.00323434 0.00875026 3.5075E-4 
0.0575215 0.891763 6.27082E-4 0.0320312 0.00588067 0.0116415 5.34894E-4 
0.0405328 0.9129 4.21954E-4 0.0280068 0.00636762 0.0113442 4.26677E-4 
0.0462491 0.908106 4.58375E-4 0.0295001 0.004828 0.0104304 4.28397E-4 
0.067092 0.857835 6.24062E-4 0.0555314 0.00697918 0.0115353 4.03287E-4 
0.0429904 0.908365 4.93138E-4 0.0349375 0.00312317 0.00963758 4.53539E-4 
0.0668769 0.858624 6.90507E-4 0.0513968 0.00664652 0.0150234 7.4178E-4 
0.0683626 0.805888 0.00126342 0.106133 0.0043215 0.0133149 7.16753E-4 
0.107106 0.689335 0.00231599 0.174333 0.00484337 0.0211732 8.9338E-4 
0.0609048 0.797631 0.00226582 0.116784 0.00218671 0.0194933 7.34709E-4 
0.0353382 0.910231 5.0224E-4 0.0396707 0.00216848 0.0117715 3.1777E-4 
0.0147186 0.964562 1.73291E-4 0.0129066 0.00115154 0.00632194 1.66207E-4 
0.0334749 0.899048 6.93426E-4 0.0527112 0.0019136 0.011766 3.92624E-4 
0.0466409 0.856909 0.00116921 0.0773289 0.00185258 0.0155721 5.26975E-4 
0.0347584 0.898527 0.00105479 0.0406278 0.00126034 0.0232238 5.48291E-4 
0.0800047 0.782879 0.00235928 0.0923452 0.00331872 0.0374009 0.00169251 
0.0608435 0.802329 0.00173858 0.0808072 0.0116539 0.0393706 0.00325709 
0.135889 0.687899 0.00344492 0.117491 0.0161379 0.0321285 0.00700854 
0.246388 0.474134 0.00743291 0.18905 0.021838 0.0466897 0.0144669 
0.311625 0.0341105 0.0332653 0.560395 0.00200364 0.0101502 0.0484504 
0.841083 0.0245057 0.0381302 0.0579502 0.0044878 0.00809095 0.0257523 
0.848226 0.0358966 0.0323918 0.0311485 0.0116258 0.0159805 0.0247308 
0.850497 0.0406261 0.0348324 0.0248624 0.01293 0.0121167 0.0241348 
0.831366 0.0174597 0.0588169 0.021482 0.00495325 0.0138555 0.0520667 
0.859529 0.0158885 0.0477103 0.0274985 0.00836081 0.0151087 0.0259045 
0.8351 0.0210889 0.0483188 0.0172789 0.0104969 0.0230957 0.0446208 
0.832521 0.036057 0.0381076 0.0152403 0.0180188 0.0255073 0.0345478 
0.838479 0.0295161 0.0443744 0.0146927 0.01994 0.0183047 0.0346933 
0.849126 0.0323983 0.0378475 0.0187506 0.0141942 0.0205097 0.0271732 
0.850156 0.0299758 0.0407632 0.0172364 0.013861 0.0162927 0.0317145 
0.848431 0.0241865 0.0390581 0.0151514 0.00704305 0.0162947 0.0498356 
0.848917 0.0283632 0.0365482 0.0159685 0.0125029 0.0186321 0.0390682 
0.85787 0.0294089 0.0341758 0.0209139 0.0106054 0.0148425 0.0321833 
0.85098 0.0303586 0.0359396 0.0197731 0.0149238 0.0157437 0.0322812 
0.849534 0.0212266 0.0328141 0.0257663 0.0188731 0.00882332 0.0429627 
0.77635 0.0225015 0.0206236 0.114222 0.0119063 0.00376123 0.050635 
0.807293 0.0242273 0.0192193 0.0772245 0.0150912 0.00603339 0.0509117 
0.843225 0.0317801 0.020035 0.0299554 0.0147679 0.00665092 0.0535858 
0.783682 0.0186357 0.0251141 0.113627 0.00723002 0.00421218 0.0474997 
0.783056 0.023365 0.0284774 0.098463 0.00472351 0.0051436 0.0567713 
0.831535 0.022655 0.0276846 0.0499186 0.00354531 0.00691167 0.0577499 
0.740574 0.0228517 0.0281679 0.0244136 0.00476252 0.00924071 0.169989 
0.769528 0.0198003 0.0268056 0.0452509 0.00692534 0.00591219 0.125778 
0.817437 0.0177915 0.0263652 0.0538882 0.0064989 0.00437745 0.0736421 
0.823232 0.0197257 0.0260587 0.0558726 0.00475207 0.00451459 0.0658439 
0.794502 0.0173469 0.0285322 0.0993287 0.00405862 0.0043951 0.0518369 
0.804424 0.020128 0.0288559 0.0846722 0.0030193 0.00865856 0.0502422 
0.772533 0.0164381 0.0801072 0.00898654 0.00490082 0.035937 0.0810969 
0.642779 0.0760113 0.095323 0.00511892 0.0120074 0.11892 0.0498402 
0.700946 0.119398 0.0218365 0.0485062 0.0490334 0.00910146 0.0511775 
0.554086 0.108697 0.0355603 0.195333 0.0186624 0.0676304 0.0200313 
0.652005 0.108546 0.0426185 0.0698077 0.0257269 0.0753113 0.0259848 
0.729449 0.087541 0.0296625 0.0713246 0.0355994 0.0234755 0.022948 
0.627041 0.0748039 0.0145358 0.230672 0.0298473 0.0083941 0.0147063 
0.619988 0.071146 0.0155696 0.244379 0.0262814 0.00843811 0.0141975 
0.562241 0.0566224 0.0155672 0.32064 0.017734 0.0131065 0.0140888 
0.474098 0.0333427 0.0112413 0.444139 0.0133021 0.00306091 0.0208157 
0.328572 0.0452902 0.00999549 0.585758 0.0127332 0.00269018 0.0149613 
0.460319 0.0376819 0.0133229 0.459533 0.00769919 0.00464357 0.0168002 
0.554908 0.0364258 0.0147761 0.360597 0.0067547 0.00632189 0.020217 
0.323409 0.0441289 0.00865733 0.598123 0.0117997 0.00320219 0.0106794 
0.546675 0.0536165 0.0137461 0.353227 0.00795942 0.00452502 0.0202512 
0.607127 0.0369094 0.0174469 0.291087 0.00604366 0.00472799 0.0366589 
0.561301 0.0444912 0.0128383 0.337223 0.00982051 0.00504553 0.0292803 
0.638188 0.0397778 0.0118986 0.274796 0.0112587 0.00337987 0.0207014 
0.506349 0.033991 0.0147292 0.406247 0.00489323 0.00274047 0.0310499 
0.343825 0.0323902 0.0105742 0.591137 0.00420559 0.00210712 0.0157605 
0.48785 0.0621069 0.0119004 0.413731 0.00629949 0.00286057 0.0152513 
0.438717 0.0622359 0.0123069 0.4615 0.00803765 0.00194453 0.0152578 
0.594485 0.0751133 0.0131991 0.277715 0.0127477 0.00421446 0.0225263 
0.534694 0.0946992 0.010929 0.313766 0.023513 0.00440077 0.0179985 
0.555092 0.0973565 0.0134049 0.299849 0.0116096 0.00258057 0.0201077 
0.430124 0.0672106 0.0112114 0.462651 0.013254 0.00221252 0.0133364 
0.433215 0.0655334 0.0119282 0.465575 0.00787784 0.00201082 0.0138601 
0.327973 0.0400274 0.010281 0.603663 0.00700445 0.00128838 0.00976218 
0.54529 0.0440677 0.0132413 0.370349 0.00953637 0.00249242 0.0150234 
0.790312 0.0199365 0.0312458 0.0980839 0.00298014 0.00268277 0.0547585 
0.827981 0.0217191 0.0221794 0.0850401 0.00550982 0.0027119 0.0348585 
0.824147 0.0170281 0.0259753 0.0768724 0.00419841 0.00383806 0.0479405 
0.726779 0.0181996 0.0296691 0.175479 0.00344807 0.00364524 0.0427799 
0.746683 0.0222196 0.0245459 0.157663 0.00479458 0.00260909 0.0414849 
0.799085 0.0268643 0.0223849 0.0768244 0.0055416 0.00371546 0.0655846 
0.718433 0.0203684 0.0226028 0.167521 0.00642246 0.00283876 0.0618132 
0.735596 0.0299307 0.0153151 0.16359 0.0067759 0.00479201 0.044 
0.68319 0.024795 0.0153745 0.190808 0.012051 0.00468828 0.069093 
0.0832869 0.00695454 0.00442201 0.89461 0.00360682 0.0011299 0.00598953 
0.1902 0.0094473 0.0105998 0.759843 0.0056129 0.00212256 0.0221742 
0.694275 0.0182067 0.0158404 0.176269 0.017055 0.00462852 0.0737254 
0.764186 0.0264032 0.0472269 0.0263622 9.53524E-4 0.00346657 0.131401 
0.788315 0.0152284 0.0359509 0.0846693 0.00192264 0.0041121 0.0698016 
0.742418 0.0220875 0.0344422 0.116852 0.0018723 0.00630894 0.0760191 
0.672892 0.0231102 0.0368896 0.157803 0.00232818 0.00381055 0.103166 
0.664402 0.0209283 0.0289541 0.218435 0.00341635 0.00316189 0.0607022 
0.690469 0.0235627 0.0273455 0.19649 0.00329145 0.00301521 0.0558263 
0.700615 0.0192794 0.0311559 0.182371 0.00335844 0.00302108 0.0601989 
0.719261 0.0247116 0.0306306 0.122804 0.0036184 0.00282394 0.0961502 
0.724724 0.0238232 0.0288995 0.169819 0.00314199 0.00225885 0.0473333 
0.711286 0.0289826 0.0196759 0.17876 0.0048491 0.00402896 0.0524175 
0.720126 0.027772 0.0217655 0.178849 0.0042172 0.00387672 0.0433935 
0.66722 0.0242371 0.0172909 0.239521 0.00605955 0.00355874 0.0421127 
0.61162 0.0259695 0.0201041 0.296931 0.00463227 0.00259797 0.0381454 
0.628774 0.0297859 0.0161727 0.281622 0.00693618 0.00411478 0.0325937 
0.516835 0.0250642 0.0182686 0.406878 0.00312558 0.00223909 0.0275893 
0.474273 0.0250708 0.0189695 0.452108 0.00260549 0.0021925 0.024781 
0.432563 0.0321593 0.0165083 0.49073 0.00259705 0.00290436 0.0225383 
0.422818 0.0255021 0.0169784 0.50964 0.00242604 0.00225079 0.020385 
0.521404 0.0279931 0.0246957 0.385339 0.00197097 0.00362959 0.0349679 
0.517802 0.0377933 0.0208979 0.391197 0.00184483 0.00475623 0.0257088 
0.445967 0.0340745 0.0150633 0.478399 0.0029215 0.00281868 0.0207554 
0.582817 0.0503637 0.0155875 0.328689 0.00398619 0.00235868 0.0161975 
0.596098 0.0594238 0.0141586 0.292007 0.0081771 0.00264788 0.0274878 
0.614038 0.0641606 0.015284 0.265781 0.00949 0.00280213 0.0284444 
0.509405 0.0754839 0.0112387 0.361482 0.0209836 0.00388664 0.0175202 
0.627464 0.0908926 0.011901 0.232059 0.0176646 0.00614127 0.0138773 
0.440759 0.0635458 0.00936767 0.446008 0.0231949 0.00542442 0.0117004 
0.521709 0.0600668 0.0118107 0.364843 0.020387 0.0054269 0.0157563 
0.516289 0.0438855 0.0117001 0.373454 0.0340194 0.00450386 0.0161481 
0.585838 0.0598152 0.0118801 0.272957 0.0464713 0.00633164 0.0167073 
0.63884 0.0651595 0.0157353 0.186836 0.0585108 0.00939182 0.0255265 
0.595699 0.0451303 0.0212143 0.26807 0.026722 0.0176776 0.0254869 
0.507109 0.0382336 0.0183444 0.358505 0.0481408 0.0114494 0.0182173 
0.64462 0.0327105 0.0222743 0.242134 0.0231616 0.0105908 0.0245087 
0.703265 0.0596812 0.0181671 0.166558 0.0252079 0.0063784 0.0207422 
0.594281 0.0404085 0.0167522 0.288108 0.0366825 0.00479189 0.0189759 
0.457116 0.0482306 0.0127861 0.427827 0.0357852 0.00654307 0.0117113 
0.548562 0.0583375 0.0128055 0.316311 0.0362936 0.0117733 0.0159171 
0.634989 0.055308 0.0142029 0.245375 0.0231988 0.0107086 0.0162171 
0.464162 0.0611595 0.0118328 0.411928 0.029217 0.00944308 0.0122576 
0.389184 0.0540267 0.012305 0.494377 0.0249858 0.00984588 0.0152757 
0.53003 0.044804 0.0137611 0.359241 0.0257474 0.0109534 0.0154632 
0.514592 0.0414657 0.0145659 0.37093 0.0203415 0.0146457 0.0234593 
0.403374 0.0460123 0.013056 0.492173 0.0176171 0.0127038 0.0150638 
0.431089 0.0563041 0.014333 0.438895 0.027642 0.0131422 0.0185941 
0.428143 0.0614297 0.0152356 0.43185 0.0277286 0.0162252 0.0193881 
0.414956 0.0368682 0.0184338 0.476849 0.0198792 0.00974497 0.023269 
0.43921 0.0328046 0.022298 0.44256 0.0132403 0.0145312 0.0353563 
0.37605 0.0254738 0.0236421 0.514902 0.00987917 0.0138541 0.0361985 
0.544552 0.0276603 0.0321096 0.353596 0.00550446 0.0116863 0.0248913 
0.599524 0.0281691 0.0380896 0.281912 0.00519974 0.0120139 0.035092 
0.51815 0.0239122 0.0442218 0.356845 0.00376586 0.0140243 0.0390806 
0.641194 0.0272588 0.0343608 0.253666 0.00539084 0.00875418 0.029376 
0.529404 0.0263779 0.0216514 0.372907 0.0169301 0.00832744 0.0244015 
0.518835 0.0241841 0.0287975 0.365403 0.0131928 0.011692 0.0378957 
0.585336 0.0307232 0.0244308 0.311938 0.0108968 0.00973256 0.0269424 
0.638512 0.0312837 0.021388 0.278437 0.00828393 0.00448247 0.0176129 
0.608512 0.0484807 0.0159001 0.284463 0.0232395 0.00490793 0.0144966 
0.627163 0.033491 0.0185757 0.296632 0.0070194 0.00465877 0.0124599 
0.750014 0.0435037 0.0187776 0.137104 0.0291356 0.00372864 0.0177366 
0.699242 0.0268029 0.0223335 0.225407 0.00628664 0.0038299 0.0160982 
0.730469 0.0416593 0.0204037 0.172201 0.0112378 0.0035346 0.0204941 
0.466144 0.0245493 0.0214722 0.452492 0.00659266 0.00393847 0.024812 
0.678135 0.0366711 0.0221127 0.228992 0.0108184 0.00251973 0.0207516 
0.510093 0.0266252 0.0200266 0.416586 0.0072289 0.00278194 0.0166587 
0.611548 0.0399692 0.0143524 0.298943 0.0180187 0.00386353 0.0133046 
0.654405 0.0384084 0.0203339 0.25422 0.00851242 0.00425755 0.0198619 
0.527658 0.027948 0.0216858 0.396071 0.00639661 0.00303295 0.0172075 
0.640048 0.0241609 0.037725 0.25197 0.00715464 0.00363664 0.035305 
0.411186 0.0184715 0.0231409 0.522615 0.00664235 0.00317985 0.0147635 
0.597518 0.0240659 0.0214429 0.317724 0.0104457 0.00475871 0.0240445 
0.727525 0.0386333 0.0200863 0.175248 0.014932 0.00531288 0.0182625 
0.566067 0.0304115 0.0203326 0.350905 0.0098792 0.00554485 0.01686 
0.827551 0.0128203 0.0422072 0.05142 0.00449657 0.00468705 0.0568183 
0.798144 0.012105 0.0453168 0.0782593 0.00317492 0.00507118 0.0579293 
0.84231 0.0141706 0.0334881 0.0648524 0.00640407 0.00494456 0.0338304 
0.868301 0.013653 0.0334665 0.03404 0.00455744 0.00548969 0.0404924 
0.829224 0.0135592 0.0361425 0.0384838 0.00684431 0.0059016 0.0698442 
0.815403 0.0131022 0.0377306 0.0658524 0.00535561 0.00542908 0.0571275 
0.761411 0.013667 0.0394678 0.0943282 0.0102002 0.00649159 0.0744343 
0.723163 0.0130428 0.0354366 0.169839 0.0101815 0.00523923 0.0430974 
0.733532 0.013444 0.0315616 0.167661 0.0083834 0.00491898 0.0404991 
0.807805 0.012329 0.0470686 0.0527607 0.00312334 0.0030588 0.0738541 
0.81212 0.011219 0.0514202 0.0492989 0.00354573 0.00305324 0.0693431 
0.798046 0.0112414 0.0508482 0.0528944 0.00413264 0.00355787 0.0792799 
0.357253 0.0102482 0.0259392 0.545118 0.0254111 0.00943824 0.0265925 
0.228919 0.0152705 0.0179171 0.554893 0.135748 0.0327326 0.0145199 
0.100602 0.00469318 0.0161778 0.814124 0.0378802 0.0143696 0.0121531 
0.185087 0.00603085 0.0335181 0.683522 0.0468322 0.0167319 0.0282776 
0.289743 0.0121486 0.072407 0.433001 0.0435849 0.0508081 0.098307 
0.114955 0.00712533 0.0247796 0.752771 0.0588694 0.0228002 0.0186991 
0.128753 0.00454053 0.0244106 0.772907 0.0443334 0.00851606 0.0165391 
0.194263 0.00440751 0.0221811 0.730668 0.025464 0.00396833 0.0190482 
0.552591 0.00855899 0.0631513 0.286413 0.0341435 0.00736958 0.047773 
0.616841 0.0114011 0.066371 0.155122 0.0316956 0.016774 0.101795 
0.765829 0.0082628 0.0667008 0.0507251 0.0112522 0.0103467 0.0868832 
0.737248 0.0100114 0.0673346 0.0512611 0.0100279 0.0179435 0.106173 
0.773873 0.00891495 0.0668635 0.0246635 0.00814135 0.00850586 0.109038 
0.791891 0.0104298 0.0589902 0.0156834 0.00826919 0.0095722 0.105164 
0.819968 0.0110619 0.0541379 0.01484 0.00878841 0.0113868 0.079817 
0.822286 0.0117522 0.047864 0.0465142 0.0119867 0.010837 0.0487602 
0.808116 0.0111181 0.0528327 0.0194197 0.00833756 0.0108071 0.0893685 
0.827008 0.0108242 0.0491441 0.0211175 0.00689267 0.0111581 0.0738553 
0.813258 0.00943965 0.0556484 0.0193467 0.00666993 0.0124261 0.0832111 
0.781423 0.0107935 0.0538791 0.0166906 0.0101055 0.0137473 0.113361 
0.757879 0.0104072 0.0568355 0.0137328 0.00440078 0.00997254 0.146772 
0.769742 0.0142863 0.045913 0.00947032 0.00574702 0.0131789 0.141663 
0.739373 0.0122369 0.0539172 0.0172588 0.011366 0.0187259 0.147122 
0.79455 0.00980599 0.0502087 0.032819 0.0152547 0.00984737 0.0875139 
0.779967 0.00921583 0.0564624 0.0179294 0.00572577 0.0124011 0.118299 
0.770435 0.00997177 0.0592896 0.0155465 0.00376731 0.00953288 0.131457 
0.761627 0.0084393 0.0743817 0.00937441 0.00369855 0.00694857 0.135531 
0.729677 0.00815243 0.0833253 0.00986842 0.00432208 0.00922626 0.155429 
0.766945 0.00848133 0.0782955 0.0257624 0.00640105 0.0061415 0.107974 
0.787608 0.00895978 0.0710547 0.0213565 0.00412972 0.00737291 0.0995185 
0.787357 0.00883469 0.0668346 0.0300676 0.0046331 0.00724815 0.0950247 
0.79858 0.00928137 0.0665832 0.0214807 0.00348035 0.00807837 0.0925156 
0.7669 0.00820754 0.0771525 0.0322999 0.00451539 0.00936739 0.101557 
0.785267 0.00890176 0.0716263 0.0260369 0.00465113 0.0118602 0.0916565 
0.783782 0.00815192 0.0661357 0.0243093 0.0059737 0.00999354 0.101654 
0.81589 0.0102525 0.0513759 0.0263862 0.00368641 0.00899806 0.0834104 
0.696452 0.0173948 0.0583084 0.191226 0.00174564 0.00192964 0.0329435 
0.709242 0.0188869 0.0396737 0.193412 0.00325275 0.00352033 0.0320124 
0.0441256 0.0882407 0.0104977 0.849913 0.00119468 0.00135293 0.00467584 
0.860254 0.0173083 0.0236437 0.0648309 0.00371304 0.00350494 0.0267451 
0.863466 0.0148396 0.0229344 0.0625416 0.00518032 0.00295592 0.0280824 
0.81325 0.0182658 0.0224404 0.107292 0.00423954 0.00300669 0.0315063 
0.847321 0.0204604 0.0240872 0.0766718 0.00376818 0.00214813 0.025543 
0.743912 0.0181668 0.0179155 0.185224 0.00652656 0.00179085 0.0264642 
0.672731 0.0174006 0.0171526 0.258786 0.00547512 0.0022103 0.0262444 
0.632291 0.0189152 0.0185732 0.309599 0.00368919 0.00184138 0.0150916 
0.602473 0.0189998 0.0146372 0.342623 0.00479147 0.00274986 0.0137258 
0.750278 0.0187635 0.0164364 0.181521 0.00487443 0.00320942 0.0249176 
0.242299 0.0111226 0.00983642 0.716619 0.00440604 0.00291575 0.0128011 
0.819689 0.0247019 0.0172503 0.0891427 0.0169316 0.00181944 0.0304652 
0.761266 0.0428871 0.0261398 0.0346049 0.00745151 0.00230353 0.125347 
0.853747 0.0233933 0.0330252 0.0114596 0.00100026 0.00586055 0.0715145 
0.834345 0.0655598 0.018415 0.0388517 0.0178761 0.00178942 0.023163 
0.509694 0.0240603 0.0462082 0.216482 0.0055091 0.0413439 0.156703 
0.195816 0.0464505 0.156838 0.249998 0.0183134 0.143492 0.189092 
0.257253 0.0413618 0.0901961 0.0436244 0.00547218 0.0124034 0.549689 
0.125192 0.0483563 0.220906 0.0513495 0.0126262 0.150273 0.391297 
0.0977095 0.013158 0.368978 0.0136168 0.00448421 0.0490648 0.452989 
0.0488156 0.00682768 0.729912 0.00618048 0.0028711 0.0595007 0.145892 
0.0854634 0.0245978 0.327329 0.0128429 0.00499202 0.0298621 0.514913 
0.107922 0.0756689 0.205687 0.033094 0.0137282 0.0385568 0.525342 
0.096764 0.255143 0.069871 0.227066 0.0811515 0.0354051 0.2346 
0.103256 0.138171 0.0263105 0.206564 0.456069 0.0438402 0.0257896 
0.0211713 0.257865 0.0726458 0.206723 0.294197 0.116778 0.0306193 
0.015693 0.00861101 0.106788 0.81555 9.83586E-4 0.0483945 0.00397955 
0.0218079 0.061982 0.307949 0.39107 0.035102 0.168108 0.0139811 
0.0216306 0.0949398 0.143367 0.67022 0.00572125 0.0505429 0.0135789 
0.0346915 0.169218 0.530987 0.0826959 0.0663508 0.0849376 0.0311193 
0.0424395 0.169577 0.37426 0.134142 0.110722 0.127274 0.0415857 
0.108921 0.00529234 0.0240831 0.725398 0.117721 0.0151754 0.0034089 
0.868691 0.0361886 0.0311975 0.0410672 0.00274262 0.00690097 0.0132121 
0.868979 0.0126112 0.0601968 0.0200465 7.05393E-4 0.0117705 0.0256908 
0.847255 0.0167214 0.0968668 0.0180221 8.80238E-4 0.00241693 0.017838 
0.526344 0.0214979 0.105481 0.32158 0.00216117 0.00427966 0.0186552 
0.484574 0.0285435 0.0613618 0.412084 0.0015679 0.00152064 0.010349 
0.706545 0.0210259 0.0760533 0.172814 0.00173854 0.0031623 0.0186607 
0.637805 0.017321 0.0801289 0.246083 0.00209061 0.00294815 0.013623 
0.877319 0.0198019 0.0459185 0.0235266 0.00180618 0.0117834 0.0198447 
0.871172 0.0267386 0.0368972 0.0406635 0.00275535 0.00810785 0.0136652 
0.844647 0.0129042 0.0583305 0.0239432 0.00100615 0.0174219 0.0417474 
0.861225 0.0239261 0.0404405 0.0480341 0.00184168 0.012425 0.012108 
0.861157 0.0248837 0.03303 0.0501959 0.00315304 0.0127466 0.0148335 
0.808868 0.0264946 0.0309903 0.115429 0.00462847 0.00425861 0.0093313 
0.820345 0.0375475 0.028637 0.0897347 0.00433262 0.00545568 0.013948 
0.870035 0.0302545 0.0339212 0.0357087 0.00268464 0.00872632 0.0186699 
0.817477 0.0254909 0.0469246 0.0848616 0.00207294 0.00520867 0.0179643 
0.761604 0.0361605 0.0256616 0.143327 0.0113953 0.00433812 0.0175136 
0.67382 0.0216303 0.0311703 0.248307 0.00979225 0.00246032 0.0128206 
0.844053 0.0217114 0.0431015 0.0700164 0.00416147 0.00302865 0.0139275 
0.767015 0.0241584 0.0361051 0.14892 0.00692732 0.0023588 0.0145149 
0.843354 0.0248504 0.0310352 0.0627814 0.0129246 0.00512765 0.0199267 
0.849807 0.0250701 0.0338031 0.0530686 0.00750319 0.00540425 0.0253441 
0.855231 0.0235962 0.028448 0.0646777 0.00693636 0.004457 0.0166534 
0.85189 0.0251631 0.0340256 0.0431263 0.011121 0.00616931 0.0285044 
0.857681 0.0142516 0.0487645 0.0396028 0.00200953 0.00726813 0.0304222 
0.766091 0.0166532 0.0507728 0.111145 0.00418095 0.00583056 0.0453258 
0.832196 0.0167435 0.037216 0.0681058 0.00371731 0.00574465 0.0362763 
0.821854 0.022267 0.0361106 0.0657858 0.00428951 0.00716505 0.0425285 
0.792707 0.0207608 0.0436215 0.0779598 0.00262287 0.0100016 0.0523262 
0.805953 0.0235634 0.0385997 0.0904615 0.00382358 0.00460026 0.0329982 
0.624325 0.0250295 0.0255437 0.290628 0.013644 0.00208531 0.0187447 
0.627566 0.0256754 0.0264157 0.289548 0.00722767 0.00228742 0.0212799 
0.681625 0.0366425 0.0241318 0.226414 0.00944738 0.00225807 0.0194814 
0.581286 0.0341871 0.0188399 0.309762 0.0317398 0.00409404 0.0200908 
0.690974 0.0384602 0.024096 0.21043 0.0103643 0.00439026 0.0212851 
0.829615 0.040825 0.020995 0.0604262 0.0119269 0.0088905 0.0273219 
0.593964 0.0235926 0.0342017 0.311073 0.00318677 0.00633805 0.0276439 
0.836158 0.0205073 0.0256863 0.0705729 0.00778248 0.011877 0.027416 
0.772241 0.0237658 0.0281247 0.129563 0.0181066 0.00539992 0.0227991 
0.597896 0.0191048 0.0274333 0.313437 0.0144706 0.00445053 0.0232077 
0.787138 0.0236769 0.0230004 0.133201 0.0148592 0.00517184 0.0129528 
0.76983 0.0275103 0.0221855 0.144707 0.0111041 0.00614894 0.0185142 
0.783222 0.0225203 0.0287909 0.113568 0.0154845 0.00485318 0.0315604 
0.749051 0.0208975 0.0300611 0.152457 0.00886551 0.00494498 0.0337229 
0.75034 0.0207919 0.0389182 0.129831 0.00882133 0.00401611 0.0472819 
0.769448 0.0316117 0.0299345 0.121266 0.00885471 0.00492401 0.0339609 
0.807616 0.0291541 0.0316231 0.076385 0.00652929 0.00537904 0.043313 
0.707739 0.0265284 0.0305451 0.185386 0.0106238 0.00759668 0.0315811 
0.834641 0.0326106 0.030419 0.0555542 0.00930808 0.00417332 0.0332937 
0.774677 0.00861145 0.0590859 0.0795294 0.00345363 0.00239922 0.0722439 
0.841382 0.00866344 0.0486671 0.060952 0.00515059 0.00119902 0.0339862 
0.77943 0.00803235 0.0531927 0.101825 0.00514246 0.00222645 0.0501508 
0.870159 0.0107252 0.0378216 0.0515454 0.00415251 0.00162376 0.0239727 
0.885097 0.0128902 0.0343944 0.0441061 0.00403576 0.00143805 0.0180386 
0.877492 0.0146826 0.0310763 0.0524757 0.00361354 0.00147235 0.019187 
0.785877 0.0098692 0.04038 0.133385 0.00381672 0.00217853 0.0244938 
0.836556 0.0103828 0.0397904 0.0867897 0.00415759 0.00148748 0.0208363 
0.819827 0.0100782 0.0416319 0.0959611 0.00388056 0.00185019 0.0267716 
0.856154 0.0105694 0.0402178 0.0553553 0.00325535 0.00238943 0.0320591 
0.855726 0.0107859 0.0360708 0.06467 0.00497766 0.00225518 0.0255146 
0.809431 0.0105658 0.0340023 0.108607 0.00697627 0.00218327 0.0282347 
0.805174 0.010635 0.0333255 0.110467 0.0072737 0.00275093 0.0303735 
0.835352 0.0127182 0.0297975 0.0886393 0.0083319 0.00235882 0.0228027 
0.878141 0.0154875 0.0296326 0.046066 0.00741473 0.00216548 0.0210923 
0.809206 0.0150729 0.031546 0.117985 0.00584515 0.00163872 0.0187068 
0.872796 0.0138798 0.0251145 0.0590448 0.00812237 0.00161946 0.0194236 
0.871195 0.0112908 0.0307145 0.0580198 0.00621975 0.0014826 0.0210776 
0.845607 0.0114169 0.040509 0.0769144 0.00336411 0.00146494 0.0207239 
0.819289 0.00923092 0.0410766 0.0975241 0.0044427 0.00147452 0.0269625 
0.828241 0.0321563 0.0205014 0.0721991 0.0279619 0.00257751 0.0163631 
0.873583 0.0262665 0.02601 0.036922 0.0118937 0.00234257 0.0229825 
0.865163 0.021894 0.0279741 0.0118609 0.00599984 0.00455411 0.0625542 
0.713066 0.0824285 0.0523968 0.0149308 0.027572 0.00326647 0.10634 
0.892237 0.0225894 0.0354423 0.0142556 0.00320015 0.00381233 0.0284632 
0.868206 0.0141138 0.0479419 0.0224584 0.00267976 0.00258113 0.0420191 
0.766874 0.117643 0.0398189 0.0140018 0.00341468 0.00287144 0.0553761 
0.855599 0.0528859 0.0479519 0.0108755 0.00139274 0.00439134 0.0269039 
0.875041 0.0178721 0.0628308 0.0046145 7.53326E-4 0.00740711 0.0314814 
0.893413 0.0307007 0.0312039 0.0257451 0.00317214 0.0032259 0.0125392 
0.886425 0.0208058 0.0421015 0.0325214 0.00251641 0.00284653 0.012783 
0.900699 0.0138583 0.0503049 0.00544915 0.00149522 0.00592783 0.0222652 
0.877993 0.0213933 0.0477589 0.00426645 0.00328083 0.0089456 0.0363617 
0.864224 0.0138824 0.037275 0.052787 0.00715264 0.00581919 0.0188601 
0.805549 0.0234141 0.0276875 0.104531 0.00700735 0.00688195 0.0249294 
0.900341 0.017447 0.029755 0.0126754 0.00722819 0.00677658 0.0257772 
0.820406 0.0102846 0.0590715 0.0536212 0.00461954 0.00311074 0.0488868 
0.774945 0.0114084 0.0619111 0.0366412 0.00447406 0.00507056 0.10555 
0.725637 0.00813285 0.0770947 0.0396277 0.00223801 0.00352129 0.143749 
0.818036 0.011757 0.0501838 0.050019 0.0104719 0.00237549 0.0571571 
0.843394 0.00953876 0.0506941 0.0444818 0.0108338 0.00305983 0.037998 
0.772443 0.00982398 0.0594391 0.0795012 0.0130247 0.00277585 0.0629925 
0.651708 0.00965227 0.0566987 0.200801 0.0113363 0.00451907 0.0652839 
0.745161 0.010491 0.0620186 0.101936 0.00777162 0.0029657 0.0696566 
0.721582 0.0118089 0.0492961 0.171131 0.00860377 0.00209709 0.0354811 
0.766044 0.0130876 0.0465823 0.122278 0.00941485 0.00239691 0.0401965 
0.757033 0.0158015 0.0404541 0.129577 0.0132322 0.00201981 0.0418821 
0.733649 0.0125731 0.052247 0.159157 0.0068901 0.00164166 0.0338419 
0.78399 0.0144448 0.0502565 0.094044 0.00623214 0.00177023 0.0492623 
0.819006 0.0107921 0.0834977 0.014889 8.84168E-4 0.00299317 0.0679375 
0.799318 0.00927746 0.0873567 0.0456521 0.00130143 0.00400031 0.0530936 
0.783906 0.0090385 0.098608 0.0180503 8.26752E-4 0.00346837 0.0861017 
0.839276 0.018868 0.061324 0.0163462 0.00313835 0.00212079 0.0589265 
0.822217 0.0216064 0.0558892 0.0629089 0.00196651 0.00193668 0.0334751 
0.838249 0.0132149 0.0640265 0.0510361 0.00121845 0.00306966 0.0291855 
0.857685 0.0206627 0.0409642 0.0147665 0.00170779 0.00378954 0.0604244 
0.82142 0.0143532 0.0703288 0.0431524 0.00139286 0.00202905 0.0473236 
0.871891 0.0189186 0.0496354 0.0133678 0.00233788 0.00284339 0.0410059 
0.862615 0.0151751 0.0525938 0.0257122 0.00282631 0.00542063 0.0356566 
0.852433 0.0110984 0.0547081 0.039445 0.00214598 0.00505185 0.0351178 
0.809194 0.0120631 0.0661464 0.0742747 0.00196633 0.00261066 0.0337449 
0.844397 0.0140302 0.0481921 0.0597729 0.0034662 0.00367726 0.0264639 
0.871231 0.0142852 0.042467 0.0461442 0.00332752 0.00300147 0.0195438 
0.79945 0.0179905 0.0329045 0.127559 0.00407791 0.00162804 0.0163902 
0.85622 0.02384 0.0269069 0.0678796 0.00518449 0.00294351 0.0170254 
0.823963 0.0204361 0.032674 0.0954929 0.00386317 0.00245472 0.0211165 
0.835585 0.018583 0.0389894 0.083281 0.00256269 0.00200936 0.0189898 
0.741512 0.0178964 0.0277397 0.191272 0.00707999 0.00201073 0.0124888 
0.660727 0.00992415 0.0434183 0.255292 0.00535049 0.00210899 0.0231797 
0.806942 0.0102882 0.0408937 0.102862 0.0049461 0.00299353 0.0310741 
0.80801 0.00984479 0.0454056 0.104977 0.00473119 0.00229724 0.0247336 
0.769893 0.00972131 0.0367056 0.141359 0.00674524 0.00302297 0.0325534 
0.784264 0.0120586 0.0328011 0.136161 0.00840865 0.00218982 0.0241166 
0.817532 0.0106576 0.0371189 0.104617 0.00624611 0.00193614 0.0218925 
0.810795 0.0112064 0.0379218 0.106505 0.0073447 0.00182278 0.0244046 
0.828145 0.010854 0.0339357 0.0966443 0.00650296 0.00274414 0.0211738 
0.835546 0.0107393 0.0341732 0.0874476 0.00792171 0.00262477 0.0215471 
0.835478 0.0132893 0.0318544 0.0968073 0.00649052 0.00183891 0.014242 
0.850187 0.0141807 0.0323275 0.0732091 0.00558158 0.00240462 0.02211 
0.813996 0.0135564 0.0336527 0.107711 0.00593567 0.00253598 0.0226125 
0.834958 0.0146637 0.0326467 0.0791415 0.00754491 0.00242429 0.0286209 
0.839735 0.0127044 0.03403 0.0759993 0.00825666 0.00247629 0.0267986 
0.82999 0.0138422 0.0276824 0.0947734 0.0103389 0.00209207 0.0212812 
0.859181 0.0158093 0.0270531 0.0721241 0.00570889 0.00290407 0.0172192 
0.814166 0.0155891 0.0290121 0.112422 0.00532857 0.00271309 0.0207691 
0.777803 0.0156911 0.0291158 0.149467 0.00506005 0.0031621 0.0197016 
0.852423 0.0172508 0.0233407 0.0803823 0.00921283 0.00293929 0.0144508 
0.790225 0.0327804 0.0432213 0.00595072 0.0044505 0.00859493 0.114778 
0.18444 0.0650491 0.0763976 0.00355035 0.0113925 0.110097 0.549074 
0.219709 0.0541242 0.0853412 0.0086256 0.0266923 0.226101 0.379406 
0.461422 0.0342654 0.0616891 0.0024418 0.00337987 0.0580339 0.378768 
0.486924 0.021155 0.103241 0.00318546 0.00535722 0.0314637 0.348674 
0.478093 0.0178841 0.112911 0.00340264 0.00228186 0.0695992 0.315828 
0.413688 0.0150807 0.151005 0.00387896 0.00233526 0.0114871 0.402525 
0.503689 0.0141073 0.164357 0.00258159 0.0021888 0.0837076 0.229368 
0.570837 0.0257556 0.174813 0.00122171 0.0017185 0.012283 0.213371 
0.487638 0.00709338 0.263039 6.33995E-4 5.76222E-4 0.0412931 0.199727 
0.503293 0.00898615 0.226249 4.73374E-4 7.7302E-4 0.0546555 0.20557 
0.397572 0.00658929 0.306269 0.00174202 0.00120696 0.0330935 0.253528 
0.151596 0.00621679 0.508112 0.00378443 0.00288356 0.142534 0.184873 
0.106481 0.00532998 0.502427 0.00346717 0.00265525 0.154778 0.224862 
0.0899009 0.00442355 0.457328 0.00288029 0.00218921 0.267268 0.17601 
0.0784196 0.00480017 0.526372 0.00314349 0.00249035 0.247947 0.136827 
0.11658 0.00580818 0.509482 0.00401878 0.00301615 0.128637 0.232458 
0.121157 0.00575904 0.421277 0.00360246 0.00280235 0.255273 0.19013 
0.158975 0.00566522 0.408614 0.00302972 0.00233536 0.22968 0.191701 
0.180497 0.00502628 0.513092 0.0026844 0.00197949 0.116634 0.180087 
