0.862442 0.0109645 0.0407697 0.0222967 0.00850445 0.0030628 0.0519602 
0.878169 0.0123663 0.0365762 0.0239947 0.00871025 0.00311229 0.0370712 
0.884209 0.0119911 0.0368422 0.0215577 0.00961534 0.00233118 0.0334533 
0.86558 0.0123824 0.0415758 0.0189066 0.00893232 0.00283228 0.0497903 
0.862196 0.0115619 0.0424202 0.0211928 0.00942155 0.00263916 0.0505683 
0.873862 0.0116389 0.0375598 0.0222593 0.0123591 0.00252176 0.0397995 
0.865992 0.0099925 0.0433136 0.0205641 0.00744565 0.00371216 0.0489798 
0.855221 0.0101159 0.0456619 0.0187502 0.00708761 0.00315249 0.060011 
0.846221 0.0107687 0.0446015 0.0137195 0.00711924 0.00337928 0.0741908 
0.856729 0.00920788 0.0450864 0.0231899 0.00623525 0.00261475 0.0569366 
0.863643 0.00882321 0.0487976 0.0196131 0.00440572 0.00221706 0.0525 
0.858618 0.0100274 0.0374745 0.0464809 0.0096247 0.0022375 0.0355372 
0.835777 0.00889423 0.0531885 0.0399197 0.00521673 0.00182923 0.0551747 
0.847817 0.00901179 0.0425831 0.0573917 0.0115154 0.0013308 0.0303505 
0.850056 0.00912597 0.0391439 0.0565081 0.0118019 0.00181142 0.031553 
0.858508 0.0113185 0.0396768 0.0522333 0.0100468 0.00161952 0.0265971 
0.862024 0.0162152 0.0352671 0.0384741 0.0146894 0.00241336 0.0309163 
0.849695 0.0145082 0.0401285 0.0373603 0.0100987 0.00249581 0.0457135 
0.830816 0.0122708 0.0365582 0.0668149 0.00950526 0.00214949 0.041885 
0.835502 0.013102 0.0325286 0.0701437 0.0107589 0.00175374 0.0362107 
0.86184 0.0158953 0.0367587 0.032372 0.00794021 0.00184252 0.0433507 
0.861577 0.020415 0.0293828 0.0469364 0.00875643 0.00189896 0.0310335 
0.8218 0.0163892 0.0349029 0.0638402 0.012531 0.00174941 0.0487873 
0.842381 0.0166049 0.034294 0.0482034 0.00961068 0.002473 0.0464331 
0.873138 0.0139742 0.0357593 0.0317932 0.00772829 0.00212484 0.0354826 
0.826089 0.0107831 0.0317825 0.0886445 0.0133656 0.00231068 0.0270242 
0.865024 0.0134754 0.0307568 0.0450483 0.0161824 0.00157626 0.0279366 
0.838352 0.0121766 0.0372844 0.0435898 0.0141199 0.00172176 0.0527552 
0.776373 0.0103497 0.0493911 0.0710261 0.00695893 0.00195193 0.0839494 
0.789107 0.0106788 0.0520242 0.0453119 0.0056857 0.00247715 0.094715 
0.794553 0.0090065 0.052625 0.0387244 0.00493188 0.00264497 0.0975142 
0.837641 0.0087524 0.0496618 0.0535162 0.00537003 0.00206463 0.0429941 
0.830739 0.008068 0.0435422 0.0775424 0.00624189 0.00257699 0.0312895 
0.800327 0.00830289 0.0359326 0.116069 0.0111657 0.00198151 0.0262214 
0.83164 0.00893036 0.0338225 0.0881578 0.0131153 0.00196324 0.0223706 
0.841025 0.0150598 0.0285332 0.0678776 0.0197453 0.00269489 0.0250644 
0.846127 0.0110872 0.0427398 0.0523788 0.00400933 0.00182773 0.04183 
0.813375 0.00993618 0.0400853 0.0588287 0.0120924 0.00212357 0.0635584 
0.839147 0.011823 0.0365688 0.0484059 0.0115828 0.00162065 0.0508517 
0.838351 0.0137666 0.0426991 0.0366898 0.00862096 0.00149442 0.0583784 
0.850396 0.0105565 0.0420962 0.0374187 0.00977209 0.00176642 0.0479939 
0.862474 0.0118052 0.0409092 0.0316814 0.00958744 0.00148234 0.0420602 
0.844605 0.0092727 0.0442898 0.0625647 0.00661664 0.00120214 0.0314495 
0.827664 0.0099339 0.0446555 0.0760703 0.00524969 0.00179349 0.0346333 
0.84085 0.0129013 0.0414957 0.0583877 0.00890188 0.00149417 0.0359694 
0.834731 0.00962697 0.0418259 0.0682538 0.00919575 0.00156329 0.0348028 
0.824327 0.00916251 0.0480384 0.040883 0.00752435 0.00289206 0.067173 
0.849679 0.0105792 0.0454011 0.032182 0.0095948 0.00278106 0.0497825 
0.829853 0.0102477 0.0513594 0.0516118 0.00868592 0.00178979 0.0464525 
0.848049 0.0138843 0.0382248 0.0403886 0.0134761 0.00200271 0.043975 
0.860928 0.0161933 0.0355888 0.0373892 0.0158045 0.00261147 0.0314845 
0.85658 0.013826 0.0331877 0.0554493 0.00946857 0.00196642 0.0295217 
0.845518 0.014734 0.0321324 0.0605629 0.010041 0.00142912 0.0355827 
0.83199 0.0129548 0.0354275 0.0654737 0.00865592 0.00236042 0.0431374 
0.838865 0.0148465 0.0342592 0.0606038 0.00719743 0.001848 0.0423799 
0.862724 0.0114091 0.0384514 0.0340279 0.0058327 0.00162463 0.0459303 
0.86549 0.0114424 0.0315204 0.0522407 0.00897241 0.00163766 0.0286965 
0.856668 0.0115957 0.0371578 0.0458214 0.00970528 0.00155142 0.0375002 
0.853153 0.00978474 0.0370438 0.0492943 0.00975978 0.0018053 0.0391596 
0.875915 0.0129024 0.0439077 0.0320268 0.00725888 0.00153193 0.0264571 
0.852638 0.0107204 0.0416281 0.0420028 0.00686056 0.00175583 0.0443945 
0.866962 0.010162 0.0412861 0.0417901 0.00670918 0.00187864 0.0312124 
0.856866 0.0103757 0.0410203 0.0517577 0.00887384 0.00195855 0.0291478 
0.869224 0.0106444 0.0353823 0.0475685 0.0094383 0.00184957 0.0258931 
0.879296 0.0115484 0.0345679 0.0350837 0.0100504 0.00186913 0.0275843 
0.841514 0.0155787 0.0421252 0.0255349 0.00896823 0.00194605 0.0643328 
0.827098 0.0130621 0.0414904 0.0529904 0.0116578 0.00181833 0.0518835 
0.815116 0.0105273 0.0444114 0.0787906 0.00897609 0.00169667 0.040482 
0.797492 0.00974758 0.0427014 0.0962421 0.0107172 0.00159142 0.0415088 
0.840619 0.00795842 0.0472671 0.0567702 0.00666791 0.0020361 0.0386809 
0.840571 0.0105647 0.0408579 0.0607655 0.00916653 0.00173378 0.0363404 
0.848076 0.0120609 0.0335121 0.0591346 0.0120565 0.00243331 0.0327266 
0.824341 0.0114834 0.0333336 0.0821145 0.0155157 0.00241568 0.0307966 
0.844801 0.0119113 0.035683 0.0527435 0.0145135 0.00255297 0.0377947 
0.814343 0.00876419 0.0460588 0.05792 0.00661625 0.00290774 0.0633905 
0.799949 0.00903033 0.0513265 0.0500749 0.00929128 0.00202154 0.0783061 
0.833975 0.010101 0.0434291 0.0610092 0.015943 0.00170572 0.0338368 
0.861747 0.0101598 0.0409171 0.0426705 0.00816092 0.00173217 0.034612 
0.84699 0.0110466 0.041075 0.0502185 0.00760397 0.00179486 0.0412711 
0.832188 0.0113895 0.036276 0.077938 0.00936025 0.00183432 0.0310134 
0.82641 0.00917743 0.048949 0.0669223 0.00494224 0.00157005 0.0420288 
0.836263 0.0109863 0.0452936 0.0614443 0.00643894 0.00160567 0.0379686 
0.852831 0.0119004 0.0423672 0.0377992 0.0110833 0.00127511 0.0427438 
0.859046 0.010777 0.0341402 0.045997 0.0131354 0.00203352 0.0348708 
0.836119 0.00965348 0.0445184 0.0472001 0.0132275 0.00126933 0.0480117 
0.853993 0.0134289 0.0323602 0.0468731 0.0174564 0.00144094 0.0344475 
0.845441 0.0115514 0.038822 0.0608056 0.00861831 0.0011201 0.0336416 
0.860153 0.0153768 0.0354929 0.0475682 0.0119227 0.00121554 0.0282712 
0.00112379 0.959279 6.13538E-4 0.0189211 0.0126874 0.00717394 2.00987E-4 
3.92649E-4 0.97875 1.67981E-4 0.00858892 0.00566153 0.00637563 6.3642E-5 
2.82836E-4 0.982 1.3592E-4 0.00639612 0.00483476 0.00629439 5.58193E-5 
2.43703E-4 0.980666 9.66303E-5 0.00722752 0.00475566 0.00696131 4.96067E-5 
4.14868E-4 0.973405 1.80354E-4 0.0102406 0.00935692 0.00629553 1.06921E-4 
5.65257E-4 0.964525 2.75478E-4 0.0138775 0.013235 0.00734973 1.72067E-4 
2.99388E-4 0.975655 1.15305E-4 0.00995912 0.00643618 0.00746202 7.30139E-5 
3.59363E-4 0.974419 1.30123E-4 0.0109722 0.00697156 0.00706289 8.47221E-5 
3.81658E-4 0.975407 1.4879E-4 0.0107916 0.00571631 0.00747938 7.51948E-5 
5.40635E-4 0.968332 2.22291E-4 0.0130048 0.0104101 0.00735974 1.30066E-4 
0.00114518 0.949853 5.80826E-4 0.0209054 0.018771 0.00841105 3.33325E-4 
8.44726E-4 0.955618 4.14351E-4 0.0159591 0.0186425 0.00823931 2.82473E-4 
7.12401E-4 0.965839 3.0552E-4 0.0124245 0.0131598 0.00737671 1.81849E-4 
5.11392E-4 0.972243 1.86386E-4 0.0111547 0.00888032 0.00692436 1.00289E-4 
8.40929E-4 0.96738 3.62481E-4 0.0149022 0.0103127 0.00607511 1.26441E-4 
0.00132765 0.950954 6.24425E-4 0.0200878 0.0192607 0.00743074 3.14265E-4 
7.42409E-4 0.964426 3.29482E-4 0.0140247 0.0130014 0.0073058 1.70499E-4 
5.72163E-4 0.966363 2.44064E-4 0.0118675 0.0130209 0.00778393 1.4858E-4 
9.09756E-4 0.954366 5.30076E-4 0.0118307 0.0238125 0.00814877 4.01816E-4 
9.67902E-4 0.952584 5.68985E-4 0.0133472 0.023518 0.00858396 4.3012E-4 
0.00142536 0.932927 9.55078E-4 0.017884 0.0345003 0.0115346 7.73551E-4 
0.00157086 0.929832 0.00109339 0.0181567 0.0362614 0.0121901 8.9534E-4 
6.87745E-4 0.955656 3.79537E-4 0.0133169 0.0201942 0.00945851 3.0712E-4 
3.86559E-4 0.968302 1.75909E-4 0.00982538 0.0115001 0.00967481 1.34828E-4 
5.34172E-4 0.961642 2.84164E-4 0.0119627 0.0158765 0.00947658 2.23817E-4 
5.4179E-4 0.961057 2.96092E-4 0.0126262 0.0164158 0.00883518 2.27948E-4 
8.68459E-4 0.956623 5.32213E-4 0.0115308 0.0219808 0.00804313 4.21933E-4 
0.00220983 0.920792 0.00162243 0.0202915 0.0420293 0.0117408 0.00131418 
0.00930816 0.794963 0.00877053 0.0602755 0.0910401 0.0290014 0.00664128 
0.00571639 0.86058 0.00506142 0.0384845 0.067485 0.0189524 0.0037201 
0.00560178 0.85653 0.00464545 0.0430965 0.0676285 0.0189063 0.00359188 
0.00996949 0.779781 0.00969387 0.0835795 0.084418 0.0263141 0.00624416 
0.00900159 0.792551 0.00880938 0.0897915 0.0732088 0.0216636 0.00497423 
0.00295563 0.909594 0.00212122 0.0373734 0.0368839 0.0098993 0.00117211 
0.00294495 0.906427 0.00211746 0.0485918 0.0304195 0.00855884 9.40031E-4 
0.010945 0.757373 0.0104285 0.114545 0.0779167 0.0231642 0.00562813 
0.00677576 0.822074 0.00590474 0.0861936 0.0593741 0.0163728 0.00330505 
0.00752704 0.8228 0.00703052 0.0764424 0.0646492 0.0176175 0.00393304 
0.0167225 0.627613 0.0172062 0.204329 0.0948542 0.0299609 0.00931397 
0.0132187 0.686424 0.0128347 0.175875 0.0807592 0.0241784 0.00671005 
0.00676809 0.837766 0.0052535 0.0696872 0.0593869 0.0180625 0.0030761 
0.0108673 0.763565 0.00883052 0.107107 0.0798632 0.0246365 0.00513047 
0.0192767 0.634953 0.0184322 0.165179 0.111656 0.0396169 0.0108857 
0.0276848 0.546319 0.0262273 0.175881 0.146025 0.0605436 0.017319 
0.0335473 0.467046 0.0309034 0.20951 0.163031 0.0736753 0.0222873 
0.00925431 0.787912 0.00668367 0.0865186 0.0814719 0.0236495 0.00451027 
0.00840203 0.804877 0.00614514 0.082927 0.0727379 0.0211256 0.0037852 
0.00277776 0.910376 0.00126787 0.0494626 0.0263214 0.00923737 5.5681E-4 
0.00111162 0.958948 3.3519E-4 0.0236175 0.00743066 0.00847952 7.75502E-5 
6.31475E-4 0.971932 1.75396E-4 0.0144998 0.00424123 0.00846923 5.07486E-5 
6.57427E-4 0.975923 3.1045E-4 0.0134656 0.00159661 0.00800009 4.65268E-5 
5.48831E-4 0.976551 1.69103E-4 0.0116995 0.00237357 0.00860879 4.93267E-5 
4.69817E-4 0.975568 1.21104E-4 0.0115504 0.00284375 0.00939414 5.31196E-5 
5.07158E-4 0.971087 1.39995E-4 0.0121311 0.00310371 0.0129502 8.07941E-5 
6.76245E-4 0.962551 1.89062E-4 0.0185092 0.00429521 0.0136906 8.9018E-5 
0.00119868 0.836441 3.04902E-4 0.0264467 0.00146069 0.134033 1.14926E-4 
0.00224208 0.934919 6.85035E-4 0.0313652 8.68722E-4 0.029822 9.77045E-5 
0.00584359 0.841427 0.001734 0.138583 0.00420685 0.00808324 1.21791E-4 
0.00803555 0.771575 0.00210737 0.201567 0.00817638 0.00835837 1.80301E-4 
0.00429076 0.884526 0.00115663 0.0966507 0.00317857 0.0101095 8.73857E-5 
0.00140872 0.931235 1.8607E-4 0.0550909 0.0054918 0.00651641 7.13846E-5 
0.00174786 0.936752 2.64637E-4 0.0488608 0.00130478 0.0110117 5.77786E-5 
9.61903E-4 0.907559 2.41152E-4 0.0199456 9.2278E-4 0.0702995 7.04693E-5 
6.42873E-4 0.927223 1.93805E-4 0.0156038 9.21331E-4 0.0553216 9.39931E-5 
7.41492E-4 0.960442 1.98122E-4 0.0139964 0.00117272 0.0233261 1.23153E-4 
8.89899E-4 0.971846 1.72538E-4 0.0122494 5.41647E-4 0.01425 5.09861E-5 
0.0010591 0.963905 2.00485E-4 0.0144717 4.84534E-4 0.0198268 5.28642E-5 
8.25862E-4 0.963199 1.79286E-4 0.0131933 7.66184E-4 0.0217224 1.14158E-4 
9.48036E-4 0.951899 2.53916E-4 0.0139169 0.00121486 0.0315757 1.92112E-4 
0.00142555 0.923241 3.18336E-4 0.0170094 6.52105E-4 0.0572671 8.61019E-5 
0.00314699 0.914625 6.72859E-4 0.0319238 7.30557E-4 0.0488078 9.2641E-5 
0.0131892 0.810872 0.00517257 0.12829 0.00189082 0.0403504 2.34338E-4 
0.0181352 0.781467 0.0088138 0.1329 0.00257894 0.0557221 3.83121E-4 
0.0154941 0.766634 0.00846866 0.0932121 0.00244442 0.113039 7.07958E-4 
0.0346156 0.392965 0.011006 0.162166 0.0249531 0.364298 0.00999592 
0.0398019 0.817905 0.00164747 0.0568677 0.0077295 0.0728471 0.00320135 
0.185598 0.652477 0.00267891 0.101702 0.0161112 0.0338697 0.00756401 
0.357909 0.362678 0.00880046 0.15951 0.0672114 0.0238316 0.0200595 
0.314209 0.358302 0.0128555 0.109649 0.0492592 0.136335 0.0193902 
0.260592 0.502651 0.0102984 0.0722081 0.0419438 0.100059 0.0122481 
0.211407 0.55482 0.010472 0.058953 0.0397073 0.113819 0.0108215 
0.25488 0.560238 0.00649599 0.0615069 0.0387973 0.069108 0.00897359 
0.396973 0.309902 0.00467337 0.194786 0.0686424 0.0145838 0.0104401 
0.264819 0.523704 0.00465915 0.0915023 0.0682611 0.0361087 0.0109458 
0.142148 0.713536 0.00374055 0.024246 0.0577017 0.0529637 0.00566374 
0.208333 0.664864 0.00502801 0.0201275 0.0442359 0.0473525 0.0100595 
0.535901 0.328212 0.00848303 0.0703808 0.0159078 0.0252345 0.0158807 
0.555635 0.220514 0.00962511 0.158141 0.0149836 0.0279066 0.0131951 
0.577531 0.204604 0.0185226 0.0820508 0.0125497 0.0653302 0.0394121 
0.614615 0.163114 0.0149148 0.108285 0.0214935 0.0495428 0.0280343 
0.482248 0.136736 0.0118087 0.303533 0.0189754 0.0290225 0.017677 
0.157524 0.0600603 0.00970209 0.726279 0.00918395 0.0271958 0.0100553 
0.027907 0.0126506 0.0118415 0.915947 0.00252535 0.0220186 0.00711044 
0.0470276 0.0106492 0.0576745 0.738747 0.00397281 0.0890146 0.0529138 
0.0178885 0.0147501 0.023887 0.895029 7.61286E-4 0.0306541 0.0170302 
0.0228022 0.0165074 0.00677691 0.940804 9.11144E-4 0.00764127 0.00455657 
0.0192337 0.0204883 0.00563651 0.937352 0.00151852 0.0115551 0.00421561 
0.0412226 0.025971 0.0069113 0.910874 0.00115987 0.0100525 0.00380861 
0.1096 0.039881 0.0168706 0.815128 0.00122758 0.0116265 0.00566617 
0.0574001 0.0419106 0.0090512 0.880996 0.00147459 0.00487979 0.00428729 
0.0859832 0.0324555 0.0100252 0.859344 0.00114452 0.00659285 0.00445487 
0.0657885 0.109686 0.0271746 0.74321 0.00531504 0.0345278 0.0142972 
0.370014 0.147074 0.0103822 0.423525 0.0322796 0.00447053 0.0122554 
0.355527 0.135892 0.0116042 0.435357 0.0432704 0.00449933 0.0138492 
0.366939 0.111521 0.0105595 0.454234 0.0412296 0.00276396 0.0127527 
0.330366 0.0903938 0.0103018 0.512158 0.0410461 0.00369028 0.0120443 
0.351728 0.110965 0.0103305 0.479773 0.0314997 0.00331448 0.0123897 
0.451035 0.139991 0.0123539 0.332613 0.0435726 0.00373711 0.0166975 
0.521534 0.13635 0.0116617 0.272431 0.0363375 0.00461957 0.0170661 
0.551072 0.108866 0.0137313 0.281115 0.0224275 0.00519203 0.0175967 
0.516765 0.112184 0.0129476 0.316373 0.0218823 0.00366859 0.0161795 
0.611289 0.0747524 0.0148173 0.259834 0.0197977 0.00319305 0.0163163 
0.582448 0.0714312 0.0163403 0.289977 0.0147398 0.00405241 0.0210115 
0.654878 0.0481668 0.0175405 0.233996 0.0136624 0.00407934 0.0276773 
0.478746 0.0484135 0.0138141 0.42971 0.0113302 0.00418782 0.0137979 
0.521645 0.0379784 0.0142075 0.39858 0.0107232 0.00383337 0.0130328 
0.723786 0.0267435 0.0196864 0.195439 0.00713322 0.00521347 0.0219986 
0.650613 0.0380013 0.0155376 0.266274 0.00929492 0.00483037 0.0154496 
0.741021 0.0313543 0.0199099 0.176298 0.0052904 0.00441299 0.021714 
0.549284 0.0563724 0.0153729 0.338467 0.0211349 0.00415552 0.0152132 
0.73919 0.043771 0.0168097 0.161026 0.0168581 0.00377977 0.0185658 
0.745043 0.0307234 0.0161651 0.168312 0.0205297 0.00337518 0.0158514 
0.719204 0.0303038 0.0145551 0.201509 0.0204458 0.00320087 0.0107812 
0.736809 0.030333 0.0171835 0.18443 0.0167186 0.00262244 0.0119042 
0.765233 0.0308729 0.0219135 0.15487 0.00590746 0.0031836 0.0180193 
0.805842 0.0346766 0.0194981 0.103704 0.011907 0.003006 0.0213668 
0.812465 0.0454255 0.0202981 0.0903188 0.0100635 0.00272738 0.0187019 
0.793928 0.0454313 0.0181797 0.108368 0.0167585 0.00310299 0.0142314 
0.822662 0.0238767 0.0199461 0.0983185 0.011203 0.00342781 0.0205662 
0.795669 0.0249579 0.0209139 0.112384 0.00639508 0.00451259 0.035167 
0.728248 0.0158345 0.0321132 0.166619 0.00345551 0.00615788 0.0475724 
0.737934 0.0285529 0.0186415 0.178462 0.00451453 0.00611455 0.0257803 
0.758236 0.0256685 0.0192636 0.157672 0.00745583 0.00594567 0.025758 
0.712995 0.017734 0.0204005 0.210393 0.00837196 0.00435202 0.0257531 
0.71927 0.0227427 0.0181278 0.206787 0.0116859 0.00355533 0.0178315 
0.662515 0.0157204 0.020634 0.262698 0.0095296 0.00473125 0.024172 
0.55456 0.00991594 0.0264814 0.374691 0.00636466 0.00293797 0.0250487 
0.710463 0.0168365 0.022518 0.218362 0.0102912 0.00347064 0.018059 
0.803065 0.0163847 0.026839 0.105669 0.00750204 0.00535018 0.0351896 
0.80071 0.0146352 0.0239531 0.115158 0.015143 0.00361803 0.0267823 
0.790053 0.0160779 0.0211128 0.134072 0.0148355 0.00508027 0.0187682 
0.746562 0.0121702 0.0282011 0.170092 0.0118809 0.00482125 0.0262734 
0.796744 0.0157423 0.0303183 0.121541 0.0102345 0.00352284 0.0218975 
0.817577 0.0137368 0.0339791 0.104211 0.00805147 0.00394068 0.018504 
0.790124 0.0131005 0.0284457 0.141334 0.0104406 0.00384609 0.012709 
0.734729 0.0106614 0.0344476 0.189155 0.00937982 0.0043119 0.0173155 
0.762417 0.0122247 0.037003 0.160008 0.00689934 0.00396549 0.0174823 
0.743357 0.0116145 0.033694 0.18002 0.00956384 0.00449115 0.0172591 
0.755121 0.014847 0.0307323 0.180249 0.00728388 0.00279429 0.00897261 
0.791369 0.010527 0.035707 0.133902 0.0102068 0.00278382 0.0155044 
0.739809 0.00895294 0.0482449 0.171528 0.00825253 0.0025477 0.0206648 
0.812142 0.00957287 0.0446524 0.095472 0.0101568 0.00457919 0.0234249 
0.805314 0.00965782 0.0490381 0.0937384 0.00856666 0.0038037 0.0298811 
0.827618 0.00946958 0.0480143 0.0775865 0.00845254 0.00303291 0.0258259 
0.820226 0.00858924 0.0549835 0.0665425 0.0055983 0.00263623 0.0414237 
0.846681 0.00734595 0.0623569 0.0391799 0.00374836 0.00262305 0.0380644 
0.832488 0.0083477 0.0622378 0.051061 0.00400631 0.00332307 0.0385364 
0.85841 0.009883 0.0529624 0.0351418 0.00531651 0.00417847 0.0341083 
0.827932 0.00952419 0.0538757 0.0484647 0.00615498 0.00587236 0.0481766 
0.838144 0.0102682 0.0444033 0.0710439 0.00718532 0.00356825 0.0253871 
0.80852 0.00853806 0.0531378 0.0823823 0.00726336 0.00374606 0.0364129 
0.809131 0.00979098 0.0523117 0.0680509 0.0109042 0.00516708 0.0446439 
0.800919 0.0100712 0.0499674 0.0922652 0.00862987 0.00356272 0.0345843 
0.787267 0.0096673 0.0458 0.114888 0.00872399 0.00469026 0.028964 
0.783387 0.0100138 0.0409565 0.121809 0.0118931 0.0049114 0.0270289 
0.818571 0.0117382 0.0494936 0.0820062 0.00512247 0.00348928 0.0295791 
0.845319 0.012539 0.0528936 0.0276961 0.00432674 0.00426783 0.0529576 
0.847945 0.0122021 0.0484615 0.0417974 0.00628901 0.00496589 0.0383394 
0.83434 0.00820393 0.0581146 0.0460019 0.00737064 0.00478588 0.0411828 
0.820759 0.00858387 0.0666704 0.0584257 0.00624482 0.00326896 0.0360473 
0.828609 0.0107721 0.060661 0.0535075 0.00485632 0.00366018 0.0379335 
0.870947 0.00813718 0.0566491 0.0347149 0.00370935 0.00336937 0.0224735 
0.83797 0.00882199 0.0588491 0.0498981 0.00363913 0.00453639 0.0362849 
0.881707 0.0115986 0.0474081 0.02313 0.0053589 0.00392352 0.0268741 
0.880373 0.0107629 0.0503776 0.0239666 0.00460625 0.00460493 0.0253085 
0.866133 0.00868567 0.0677457 0.0209476 0.00252353 0.00250003 0.0314647 
0.853809 0.00890689 0.0546027 0.0338511 0.00594397 0.0033267 0.0395601 
0.794254 0.00759275 0.0603776 0.0989018 0.00764694 0.00299664 0.0282299 
0.851723 0.00911923 0.0576603 0.0351137 0.0116351 0.00329608 0.0314523 
0.845921 0.00843771 0.0592442 0.0450287 0.00555612 0.0042985 0.0315138 
0.824532 0.00847008 0.0572091 0.0656673 0.00928898 0.00308486 0.031748 
0.841973 0.00855772 0.059562 0.0230322 0.00852919 0.00450582 0.0538404 
0.807023 0.00759288 0.0605159 0.062292 0.00922068 0.00415259 0.0492028 
0.811452 0.00719985 0.0588964 0.0539676 0.0166719 0.004053 0.047759 
0.834991 0.0103375 0.0468126 0.0462078 0.00810958 0.00710113 0.0464403 
0.841546 0.0111177 0.0401356 0.0660629 0.0109128 0.00369763 0.0265277 
0.845315 0.0103228 0.0554842 0.0424094 0.00371424 0.0041857 0.0385684 
0.860383 0.0107942 0.0538731 0.0257862 0.00382637 0.00291576 0.0424217 
0.782297 0.0108213 0.0637167 0.092334 0.00502157 0.00267018 0.0431391 
0.843094 0.0111216 0.0560449 0.0499351 0.00455344 0.00275967 0.032491 
0.730658 0.0164967 0.0199113 0.199194 0.0128713 0.00150312 0.0193659 
0.871365 0.0221319 0.015708 0.0695537 0.00900855 0.00218657 0.0100458 
0.777481 0.0247586 0.0150193 0.150404 0.0209593 0.0013003 0.0100775 
0.864411 0.0208534 0.0180717 0.0717629 0.0117673 0.00120536 0.0119281 
0.809837 0.0136089 0.0258039 0.125936 0.00805062 0.00109325 0.0156702 
0.839071 0.013188 0.0321566 0.0815254 0.00658019 0.00125777 0.0262212 
0.857374 0.0131394 0.0261366 0.0706239 0.0107082 0.00131568 0.0207022 
0.855074 0.0141311 0.0223564 0.081877 0.0125947 0.00142772 0.0125394 
0.870365 0.0116394 0.0193578 0.0627754 0.0207156 0.0019815 0.0131652 
0.812281 0.0140893 0.0244518 0.126874 0.00678987 0.00126165 0.014253 
0.730163 0.0177594 0.0180524 0.18964 0.0271462 0.00286787 0.0143712 
0.733891 0.00990572 0.0261348 0.202165 0.0108935 9.94024E-4 0.0160164 
0.854256 0.0136342 0.0321172 0.0675454 0.00941205 0.00125848 0.0217769 
0.855305 0.0113404 0.0347968 0.062742 0.00855647 0.00130761 0.0259519 
0.874904 0.0136181 0.0339279 0.041928 0.00657569 0.00149117 0.0275547 
0.845317 0.0129194 0.0506588 0.0404795 0.00413382 0.0011319 0.0453592 
0.811466 0.00941125 0.0408391 0.108503 0.00701552 0.00129662 0.0214682 
0.810077 0.0101092 0.0465116 0.0883778 0.00559796 0.00142219 0.0379044 
0.738549 0.0107504 0.051173 0.145492 0.00291079 0.00183436 0.0492904 
0.807617 0.010494 0.0481562 0.0818355 0.0044161 0.002271 0.0452098 
0.837736 0.0113446 0.0316306 0.0838769 0.00889942 0.0019998 0.0245129 
0.874139 0.0145482 0.0313267 0.0490442 0.00661978 0.00193615 0.0223854 
0.720872 0.0125494 0.0305364 0.217283 0.00508886 0.00104276 0.0126271 
0.777068 0.0120687 0.0419624 0.135803 0.00342289 0.00156791 0.0281071 
0.861609 0.0139298 0.0278 0.0650456 0.00837255 0.00202541 0.0212175 
0.8256 0.00999806 0.0306708 0.0947445 0.00893012 0.00245039 0.0276058 
0.820995 0.00937812 0.0302112 0.100353 0.0129098 0.00225967 0.0238928 
0.762148 0.0109376 0.0273746 0.168839 0.0122543 0.00146801 0.0169791 
0.862573 0.0167425 0.0227908 0.066069 0.0136859 0.00212223 0.0160162 
0.682782 0.0100218 0.022971 0.251751 0.0176649 0.00135988 0.0134496 
0.811162 0.0126284 0.0275365 0.114057 0.0126897 0.00176906 0.020157 
0.828589 0.0121952 0.0262962 0.107515 0.0108687 0.00138533 0.0131507 
0.80682 0.0130414 0.0337305 0.123871 0.00592548 0.00122941 0.0153823 
0.78603 0.0132744 0.0306031 0.143431 0.00887934 0.001521 0.0162612 
0.643677 0.00673673 0.0436676 0.269727 0.00803901 0.00116231 0.02699 
0.700102 0.00964815 0.0301724 0.226348 0.0124422 0.00126264 0.0200239 
0.649587 0.0107447 0.0236515 0.280403 0.0200988 0.00143233 0.0140824 
0.706233 0.00934144 0.0344787 0.22414 0.00796525 0.00139221 0.0164501 
0.787608 0.0131911 0.0294294 0.144314 0.0093402 0.00125725 0.0148599 
0.787947 0.0128233 0.0370157 0.131906 0.00662914 0.00160647 0.0220721 
0.809045 0.012235 0.0369617 0.106809 0.0076073 0.00147852 0.0258633 
0.836126 0.0131583 0.0467406 0.0646806 0.00490434 0.00147176 0.0329184 
0.704771 0.0085243 0.0496643 0.191699 0.00599669 0.00134454 0.0380007 
0.82085 0.0141062 0.034207 0.102858 0.00851409 9.67628E-4 0.0184965 
0.839662 0.0109406 0.0270457 0.0861374 0.00985812 0.0016705 0.0246857 
0.842376 0.00917994 0.0406929 0.0703671 0.00552995 0.00175372 0.0301002 
0.855891 0.015737 0.0291602 0.0691101 0.00717507 0.00202013 0.0209062 
0.834217 0.0117887 0.0306833 0.0965654 0.00534197 0.00159341 0.0198103 
0.861009 0.0152534 0.0289732 0.0507158 0.00958373 0.00260966 0.0318557 
0.868525 0.0145857 0.0259426 0.0661563 0.00892971 0.00194575 0.013915 
0.882524 0.0148755 0.0255067 0.044437 0.0092511 0.00271545 0.0206904 
0.859744 0.013155 0.027076 0.0680376 0.0088387 0.0026603 0.0204881 
0.878207 0.0136181 0.0292092 0.0382493 0.00867164 0.00235773 0.0296873 
0.878542 0.0101109 0.0280642 0.0463649 0.0157776 0.00189748 0.019243 
0.89311 0.0116057 0.0214739 0.0439039 0.0140841 0.00243085 0.013392 
0.813353 0.0125047 0.0224172 0.120014 0.0151316 0.00219412 0.0143851 
0.873737 0.0131651 0.0263931 0.0562594 0.0126532 0.00157551 0.0162169 
0.843272 0.0111598 0.0233892 0.0825872 0.020138 0.00248485 0.0169687 
0.845304 0.0182467 0.0181132 0.0896329 0.0166509 0.0021178 0.00993406 
0.83448 0.0138423 0.0206674 0.106896 0.0142402 0.00136768 0.0085063 
0.874253 0.0132846 0.0227151 0.0575229 0.0168503 0.00173662 0.0136379 
0.840794 0.020576 0.0126398 0.0599941 0.0522405 0.00225223 0.0115029 
0.878334 0.016157 0.0207031 0.0352023 0.0253239 0.00159904 0.0226804 
0.839162 0.0134674 0.0182102 0.0990096 0.0182666 0.00152368 0.0103601 
0.835732 0.0190171 0.0173525 0.100598 0.0145963 0.00212732 0.0105773 
0.786149 0.0157214 0.0184607 0.148503 0.0187866 0.00156919 0.0108107 
0.815752 0.0186155 0.0172247 0.115047 0.0185832 0.0020289 0.0127494 
0.83818 0.0167241 0.0229158 0.088499 0.0168929 0.00152804 0.0152601 
0.875651 0.0160368 0.0326738 0.0349871 0.00604526 0.00204383 0.0325619 
0.872138 0.016695 0.0354129 0.0332181 0.00550719 0.00183754 0.0351915 
0.871457 0.023133 0.0288696 0.0381163 0.00405736 0.0026793 0.0316872 
0.853635 0.0109762 0.0304016 0.0767487 0.00646154 0.00162763 0.0201494 
0.907157 0.0130268 0.030347 0.0295597 0.00703755 0.00174416 0.0111274 
0.904675 0.0138603 0.0302521 0.0326608 0.00714727 0.00141821 0.00998623 
0.885729 0.0172331 0.0294886 0.0361864 0.00463591 0.00241266 0.0243144 
0.879936 0.0208094 0.0289063 0.0388331 0.00326653 0.00260323 0.0256457 
0.868819 0.0122315 0.0314851 0.0567966 0.00729761 0.00206454 0.0213053 
0.89218 0.0145892 0.034254 0.0344083 0.0041601 0.0019382 0.0184699 
0.878871 0.0145573 0.0275941 0.0480136 0.00942507 0.00204488 0.0194944 
0.885649 0.013055 0.0364439 0.0349906 0.00511898 0.00149076 0.0232517 
0.719576 0.00883983 0.0404014 0.20969 0.00482524 0.00156739 0.0151009 
0.880531 0.0133325 0.0400012 0.0395642 0.0029114 0.0015963 0.0220633 
0.9065 0.0122839 0.0352097 0.0205355 0.00496046 0.00174993 0.0187607 
0.882047 0.0135691 0.0280535 0.044804 0.00708806 0.00332029 0.0211176 
0.882814 0.0162785 0.0269918 0.0485644 0.0053965 0.00220717 0.0177476 
0.882841 0.0161492 0.0331242 0.0235125 0.00516052 0.0017758 0.0374365 
0.863017 0.0188908 0.0280233 0.0207257 0.00835619 0.00404612 0.0569409 
0.896085 0.0189848 0.0308102 0.0164778 0.00406771 0.00226475 0.0313094 
0.878933 0.0196622 0.0333803 0.0253012 0.00411792 0.00324314 0.0353623 
0.864286 0.0191623 0.0279614 0.0577366 0.00647299 0.00207968 0.0223015 
0.865912 0.0160722 0.0313159 0.0710153 0.00372222 0.00140478 0.0105574 
0.871767 0.0230262 0.026356 0.06058 0.004353 0.00195424 0.0119639 
0.886474 0.0136636 0.0251501 0.0559724 0.00513379 0.0021145 0.0114918 
0.898342 0.015491 0.0240169 0.0417613 0.00512232 0.00278304 0.0124835 
0.915249 0.0138694 0.0261455 0.0236433 0.00628595 0.00208478 0.0127218 
0.902468 0.0109527 0.0349049 0.0352922 0.00402457 0.00124699 0.0111108 
0.871125 0.00853234 0.0440656 0.049672 0.003402 0.00171381 0.0214891 
0.863525 0.011384 0.0431911 0.060871 0.00400401 9.76042E-4 0.0160491 
0.878736 0.0131851 0.0267528 0.0625617 0.0070068 0.00124024 0.010517 
0.901913 0.0115591 0.0324517 0.0381055 0.00371703 0.00149989 0.0107537 
0.846918 0.0123515 0.0259503 0.0978153 0.00705426 0.00182696 0.00808421 
0.717818 0.00848586 0.023114 0.230838 0.0106054 0.00195584 0.00718318 
0.861592 0.0103306 0.0278236 0.0694174 0.0110242 0.00202354 0.0177887 
0.836957 0.0101659 0.0425331 0.0798434 0.00639641 0.00122001 0.0228847 
0.733468 0.00873814 0.0309188 0.208572 0.00598499 9.99706E-4 0.0113181 
0.817036 0.0117147 0.0294719 0.123587 0.00512631 0.00111935 0.0119444 
0.81923 0.010934 0.0287337 0.12403 0.00639115 0.00132861 0.0093525 
0.818383 0.00855063 0.0268294 0.1193 0.0163891 0.00103068 0.0095169 
0.835474 0.00815538 0.0235359 0.108417 0.0166127 9.37704E-4 0.0068671 
0.692646 0.00791829 0.018624 0.244006 0.0279645 0.00105943 0.00778219 
0.855883 0.0113429 0.0272572 0.0843168 0.0121234 4.95722E-4 0.00858067 
0.856277 0.0100634 0.0271439 0.0840973 0.0132796 6.85244E-4 0.00845391 
0.877996 0.0165174 0.024139 0.0577216 0.0104514 9.16036E-4 0.0122584 
0.873034 0.0099686 0.0252291 0.0741941 0.00938335 7.88768E-4 0.00740187 
0.89782 0.0153653 0.0196077 0.0390581 0.0147043 0.00110032 0.0123441 
0.899857 0.0141739 0.0247884 0.0352793 0.00772774 0.001387 0.0167864 
0.918652 0.0165408 0.0182191 0.0202341 0.013542 0.00191281 0.0108988 
0.822997 0.011395 0.0198673 0.126627 0.0114393 0.00149056 0.00618403 
0.844094 0.0112272 0.0196198 0.108126 0.0106097 0.00135665 0.00496649 
0.759763 0.00848754 0.0215474 0.194693 0.0119161 7.69617E-4 0.00282294 
0.90278 0.0106994 0.0266931 0.0470889 0.00666661 0.00114747 0.00492486 
0.858931 0.0090994 0.0267576 0.0931426 0.00778941 8.21327E-4 0.00345893 
0.822605 0.00766489 0.0285719 0.125802 0.00796886 8.34328E-4 0.00655304 
0.912889 0.00942739 0.0242417 0.0332601 0.0125388 8.83372E-4 0.00675987 
0.902456 0.00924595 0.0224104 0.0445361 0.0127782 0.00108914 0.00748384 
0.89324 0.0109896 0.0266194 0.045883 0.0107556 8.93151E-4 0.0116187 
0.914804 0.00841461 0.0304541 0.0261407 0.0109888 9.61346E-4 0.00823613 
0.907255 0.00925823 0.0319447 0.0384415 0.00523614 9.21577E-4 0.00694245 
0.908706 0.00770059 0.031213 0.0374106 0.00787602 0.00130792 0.00578626 
0.785837 0.00801034 0.0278475 0.163827 0.00727925 0.00139898 0.00579946 
0.722284 0.00791982 0.0239201 0.230255 0.00980662 9.02172E-4 0.00491297 
0.866015 0.00841234 0.0205172 0.0829186 0.0147772 0.00117374 0.00618548 
0.897527 0.0099155 0.0221148 0.0467519 0.0127515 0.00150983 0.00942947 
0.925998 0.0126497 0.0202066 0.0225664 0.00957502 0.00131443 0.00768939 
0.883695 0.0128652 0.0264805 0.0527445 0.0112843 7.26721E-4 0.0122036 
0.824356 0.0153365 0.0361202 0.0864218 0.00725135 5.61274E-4 0.0299526 
0.890235 0.0185879 0.0320162 0.0395429 0.00746597 5.68665E-4 0.0115835 
0.815498 0.0133862 0.0250834 0.125145 0.00813546 7.35456E-4 0.0120169 
0.733292 0.00957701 0.0432327 0.195079 0.00481365 4.02E-4 0.013604 
0.805283 0.0165819 0.0384253 0.120169 0.00380386 5.84336E-4 0.0151529 
0.204908 0.687533 0.00288657 0.0378881 0.00656893 0.0547687 0.00544721 
0.260789 0.566438 0.00427484 0.0778587 0.0114195 0.072373 0.00684742 
0.309749 0.509245 0.00490267 0.0282899 0.0166005 0.123631 0.0075818 
0.465448 0.277436 0.0184665 0.0193471 0.011246 0.199195 0.00886108 
0.815585 0.0563647 0.0515839 0.00642856 0.0144218 0.0290579 0.0265577 
0.660186 0.188328 0.0259624 0.0244592 0.0188777 0.0533769 0.0288103 
0.224242 0.476438 0.00618045 0.0553134 0.0113979 0.213371 0.0130559 
0.146604 0.293233 0.00960353 0.357368 0.143237 0.0389086 0.0110462 
0.252003 0.0534328 0.0409271 0.214991 0.0159329 0.391195 0.0315179 
0.555549 0.0942302 0.0313624 0.0454239 0.0242663 0.236451 0.0127175 
0.309138 0.435988 0.0192728 0.00624365 0.0117573 0.205167 0.0124324 
0.619822 0.190891 0.0266237 0.0206973 0.0190652 0.0963817 0.0265186 
0.60044 0.200373 0.0182947 0.026833 0.0269781 0.106685 0.0203959 
0.67674 0.128329 0.0179145 0.0655772 0.0265961 0.0667445 0.0180981 
0.805873 0.0531042 0.0185163 0.0662912 0.0134175 0.0251095 0.0176878 
0.717459 0.0325671 0.0157031 0.211572 0.00948892 0.00633338 0.00687622 
0.702929 0.0387244 0.0162727 0.205165 0.0115184 0.0117446 0.0136465 
0.708649 0.0317957 0.0228736 0.209565 0.00604988 0.00591424 0.0151517 
0.816583 0.0260154 0.0249287 0.106059 0.00395228 0.00618473 0.0162768 
0.763024 0.0294466 0.0240978 0.158988 0.00465174 0.00542953 0.014363 
0.738414 0.0378074 0.0186 0.180103 0.00570951 0.0055866 0.0137798 
0.789457 0.0285676 0.0208712 0.136198 0.00645964 0.00465736 0.0137893 
0.747189 0.0359191 0.0154781 0.171868 0.0137997 0.00515754 0.0105882 
0.786916 0.0385579 0.0172199 0.130744 0.0108381 0.00351907 0.0122043 
0.770898 0.0327487 0.0211593 0.151584 0.00607185 0.00338683 0.0141511 
0.795704 0.0448835 0.0156 0.117867 0.0113303 0.00302604 0.01159 
0.789532 0.0377046 0.0154735 0.12717 0.016519 0.00229553 0.0113051 
0.81537 0.0417632 0.0155626 0.0957508 0.017776 0.00265068 0.011127 
0.855421 0.0341464 0.0140153 0.0586284 0.0206876 0.00383925 0.0132616 
0.867172 0.04944 0.0156108 0.0345793 0.00826603 0.00541349 0.0195189 
0.878165 0.038726 0.0189678 0.0339726 0.00743321 0.0041073 0.0186281 
0.885847 0.0397995 0.0155543 0.0366827 0.00827696 0.00304305 0.0107968 
0.874153 0.0354282 0.0154448 0.0487528 0.0120587 0.00361679 0.0105456 
0.836609 0.0375625 0.0145325 0.055276 0.035421 0.00314772 0.017451 
0.863226 0.0392764 0.0170814 0.0363059 0.0211818 0.00353059 0.0193981 
0.841102 0.0300959 0.0213936 0.0818017 0.00806905 0.00335464 0.0141833 
0.868748 0.032729 0.0218539 0.0469415 0.00737062 0.00314227 0.0192152 
0.861103 0.034224 0.0251081 0.0449357 0.00710434 0.0031065 0.024418 
0.8578 0.0339898 0.0192441 0.0656622 0.00901847 0.00297645 0.0113091 
0.884082 0.0373813 0.0215868 0.0276179 0.00792105 0.00379585 0.0176149 
0.868481 0.0310366 0.0230235 0.0542294 0.00596081 0.00325776 0.0140106 
0.844248 0.0424495 0.0174625 0.0564291 0.0197779 0.00281261 0.0168208 
0.867698 0.0337284 0.0188366 0.0482368 0.0137286 0.00332959 0.0144422 
0.880799 0.0278172 0.0227639 0.0341059 0.0144549 0.00324696 0.0168116 
0.886155 0.0239631 0.0221531 0.0334177 0.0103988 0.00314069 0.0207715 
0.845361 0.0285767 0.0181637 0.0806255 0.0125575 0.00299494 0.0117211 
0.886662 0.033339 0.0205558 0.033831 0.00582061 0.0035511 0.0162405 
0.880231 0.0370116 0.0222776 0.0267901 0.00943705 0.00309648 0.0211558 
0.877966 0.0242926 0.0201142 0.0415221 0.0188768 0.00233654 0.0148917 
0.880723 0.0254929 0.0211776 0.0425896 0.0118466 0.00201633 0.0161543 
0.827876 0.00949541 0.108348 0.0188717 0.00373722 0.00431948 0.027352 
0.864457 0.0152402 0.0708371 0.0102538 0.0041353 0.0128674 0.0222092 
0.873043 0.0164428 0.0611526 0.0115278 0.00679142 0.0112648 0.0197775 
0.865777 0.0172035 0.0605172 0.00857295 0.0092137 0.0142051 0.02451 
0.880794 0.0229609 0.0471919 0.00936261 0.00829054 0.0120355 0.0193643 
0.887065 0.0232114 0.0397347 0.0119467 0.00610915 0.0122971 0.0196358 
0.88264 0.0179304 0.0484356 0.0140223 0.0104678 0.00640573 0.0200983 
0.850311 0.0150264 0.0494921 0.0440228 0.00724104 0.00904744 0.0248594 
0.836269 0.0109316 0.0465153 0.0572863 0.0219721 0.00709827 0.0199275 
0.855056 0.0129083 0.0590041 0.0219148 0.00979742 0.00687344 0.0344458 
0.869843 0.0162609 0.0485931 0.0224784 0.00999038 0.00624283 0.0265918 
0.853191 0.0110886 0.0574478 0.0370836 0.00425953 0.00703365 0.0298959 
0.867523 0.0103073 0.0612596 0.0171123 0.004114 0.0095725 0.0301116 
0.879651 0.0104472 0.0567431 0.015153 0.00461813 0.00777531 0.0256127 
0.88152 0.00964029 0.064827 0.00596608 0.0037492 0.00763711 0.0266599 
0.896965 0.0139046 0.0522001 0.00644425 0.00390666 0.00840496 0.0181746 
0.892517 0.0129453 0.0546857 0.00584754 0.00323003 0.00907742 0.0216974 
0.888454 0.0108934 0.0569059 0.00428585 0.00342455 0.00927632 0.0267603 
0.895548 0.0139227 0.042208 0.00775721 0.0061532 0.00978764 0.0246234 
0.878974 0.0142945 0.0552063 0.00757771 0.00580032 0.00858186 0.0295653 
0.885854 0.0172783 0.0532994 0.00711118 0.00615382 0.00539774 0.0249057 
0.873751 0.0117953 0.0629611 0.00975696 0.00900161 0.00669607 0.0260375 
0.886666 0.0145808 0.052252 0.018837 0.00514143 0.00444779 0.0180752 
0.891933 0.0121363 0.0494583 0.0135127 0.00435769 0.00696976 0.0216327 
0.886763 0.0170396 0.0419751 0.0218532 0.00909845 0.00488765 0.0183834 
0.900809 0.0240025 0.0331182 0.00781718 0.00721675 0.00743637 0.0196004 
0.894408 0.0217953 0.0407116 0.00986881 0.00537549 0.00868001 0.0191609 
0.891535 0.0145423 0.0504551 0.0091033 0.00308431 0.00953257 0.0217472 
0.905757 0.0180683 0.0408435 0.0100968 0.00375532 0.00644317 0.0150361 
0.895729 0.0146473 0.0466945 0.0120014 0.00269809 0.00895719 0.019273 
0.890478 0.0179013 0.0481555 0.00754886 0.00469525 0.00695419 0.0242671 
0.893654 0.019668 0.0453678 0.00702129 0.0037881 0.00758179 0.0229191 
0.889623 0.0193958 0.0456161 0.00620222 0.00425258 0.0103886 0.0245213 
0.889123 0.0250213 0.0468212 0.00891109 0.00582242 0.00676918 0.0175323 
0.895815 0.017584 0.0418014 0.00875492 0.00580003 0.00801975 0.0222252 
0.827876 0.00949541 0.108348 0.0188717 0.00373722 0.00431948 0.027352 
0.864457 0.0152402 0.0708371 0.0102538 0.0041353 0.0128674 0.0222092 
0.873043 0.0164428 0.0611526 0.0115278 0.00679142 0.0112648 0.0197775 
0.865777 0.0172035 0.0605172 0.00857295 0.0092137 0.0142051 0.02451 
0.880794 0.0229609 0.0471919 0.00936261 0.00829054 0.0120355 0.0193643 
0.887065 0.0232114 0.0397347 0.0119467 0.00610915 0.0122971 0.0196358 
0.88264 0.0179304 0.0484356 0.0140223 0.0104678 0.00640573 0.0200983 
0.850311 0.0150264 0.0494921 0.0440228 0.00724104 0.00904744 0.0248594 
0.836269 0.0109316 0.0465153 0.0572863 0.0219721 0.00709827 0.0199275 
0.855056 0.0129083 0.0590041 0.0219148 0.00979742 0.00687344 0.0344458 
0.869843 0.0162609 0.0485931 0.0224784 0.00999038 0.00624283 0.0265918 
0.853191 0.0110886 0.0574478 0.0370836 0.00425953 0.00703365 0.0298959 
0.867523 0.0103073 0.0612596 0.0171123 0.004114 0.0095725 0.0301116 
0.879651 0.0104472 0.0567431 0.015153 0.00461813 0.00777531 0.0256127 
0.88152 0.00964029 0.064827 0.00596608 0.0037492 0.00763711 0.0266599 
0.896965 0.0139046 0.0522001 0.00644425 0.00390666 0.00840496 0.0181746 
0.892517 0.0129453 0.0546857 0.00584754 0.00323003 0.00907742 0.0216974 
0.888454 0.0108934 0.0569059 0.00428585 0.00342455 0.00927632 0.0267603 
0.895548 0.0139227 0.042208 0.00775721 0.0061532 0.00978764 0.0246234 
0.878974 0.0142945 0.0552063 0.00757771 0.00580032 0.00858186 0.0295653 
0.885854 0.0172783 0.0532994 0.00711118 0.00615382 0.00539774 0.0249057 
0.873751 0.0117953 0.0629611 0.00975696 0.00900161 0.00669607 0.0260375 
0.886666 0.0145808 0.052252 0.018837 0.00514143 0.00444779 0.0180752 
0.891933 0.0121363 0.0494583 0.0135127 0.00435769 0.00696976 0.0216327 
0.886763 0.0170396 0.0419751 0.0218532 0.00909845 0.00488765 0.0183834 
0.900809 0.0240025 0.0331182 0.00781718 0.00721675 0.00743637 0.0196004 
0.894408 0.0217953 0.0407116 0.00986881 0.00537549 0.00868001 0.0191609 
0.891535 0.0145423 0.0504551 0.0091033 0.00308431 0.00953257 0.0217472 
0.905757 0.0180683 0.0408435 0.0100968 0.00375532 0.00644317 0.0150361 
0.895729 0.0146473 0.0466945 0.0120014 0.00269809 0.00895719 0.019273 
0.890478 0.0179013 0.0481555 0.00754886 0.00469525 0.00695419 0.0242671 
0.893654 0.019668 0.0453678 0.00702129 0.0037881 0.00758179 0.0229191 
0.889623 0.0193958 0.0456161 0.00620222 0.00425258 0.0103886 0.0245213 
0.889123 0.0250213 0.0468212 0.00891109 0.00582242 0.00676918 0.0175323 
0.895815 0.017584 0.0418014 0.00875492 0.00580003 0.00801975 0.0222252 
0.753351 0.0130174 0.0582176 0.140947 0.00332225 0.00243815 0.028707 
0.716711 0.0112493 0.063024 0.17514 0.00424477 0.00237308 0.0272575 
0.781841 0.012018 0.0508365 0.123379 0.00419438 0.00355918 0.0241723 
0.794611 0.0101992 0.0524391 0.10103 0.00582901 0.00315108 0.0327406 
0.864063 0.0107799 0.0475424 0.0399277 0.00374128 0.00451133 0.0294348 
0.851231 0.00804832 0.0641548 0.0314 0.00327008 0.00348177 0.0384145 
0.855778 0.00919298 0.0570232 0.0249917 0.00347486 0.00288622 0.0466534 
0.844306 0.00875753 0.0731055 0.030562 0.00249522 0.0033735 0.0374003 
0.817066 0.0084892 0.0663621 0.0417481 0.00385958 0.00392308 0.0585515 
0.786442 0.00966736 0.0744489 0.0362824 0.00229659 0.00781356 0.083049 
0.800281 0.00808454 0.0840906 0.0327126 0.00238787 0.00516703 0.0672762 
0.79514 0.00872994 0.0719881 0.0604968 0.00259379 0.00438434 0.0566671 
0.819305 0.00864298 0.0715456 0.0411159 0.00334325 0.00488847 0.0511583 
0.828471 0.00905343 0.0751534 0.0346845 0.00349017 0.0051386 0.0440094 
0.838687 0.00884778 0.0709024 0.0205678 0.003368 0.00466437 0.0529625 
0.82561 0.00840505 0.0649211 0.0280846 0.00360268 0.00448718 0.0648898 
0.781724 0.00958689 0.0761871 0.0836851 0.00338138 0.00338729 0.0420482 
0.827876 0.00949541 0.108348 0.0188717 0.00373722 0.00431948 0.027352 
0.864457 0.0152402 0.0708371 0.0102538 0.0041353 0.0128674 0.0222092 
0.873043 0.0164428 0.0611526 0.0115278 0.00679142 0.0112648 0.0197775 
0.865777 0.0172035 0.0605172 0.00857295 0.0092137 0.0142051 0.02451 
0.880794 0.0229609 0.0471919 0.00936261 0.00829054 0.0120355 0.0193643 
0.887065 0.0232114 0.0397347 0.0119467 0.00610915 0.0122971 0.0196358 
0.88264 0.0179304 0.0484356 0.0140223 0.0104678 0.00640573 0.0200983 
