0.835468 0.0157634 0.0435748 0.0648427 0.00312084 0.00621912 0.031011 
0.848263 0.0141793 0.0424412 0.0640953 0.00390042 0.00292793 0.0241932 
0.768167 0.0149277 0.0339754 0.153805 0.00900653 0.0025574 0.0175612 
0.774658 0.0125438 0.0410151 0.141407 0.00733638 0.00180164 0.0212384 
0.818628 0.0151289 0.0283102 0.108926 0.0135467 0.0020471 0.0134129 
0.774203 0.0163553 0.0407635 0.132735 0.00659036 0.00317557 0.0261774 
0.743036 0.0178138 0.0320815 0.170087 0.00864125 0.00249068 0.0258502 
0.78655 0.0165759 0.0348332 0.12348 0.0105099 0.00245446 0.0255967 
0.810658 0.0246262 0.0233975 0.106915 0.0149672 0.00295736 0.016479 
0.818216 0.0141052 0.0363379 0.0976003 0.00793262 0.0024101 0.0233982 
0.840316 0.0165654 0.0291836 0.0836458 0.00925302 0.0033726 0.0176634 
0.830195 0.0167144 0.0318791 0.0914581 0.00788439 0.00339087 0.0184784 
0.857475 0.0194829 0.03005 0.0648367 0.00561364 0.00418346 0.018358 
0.848502 0.0239375 0.0309127 0.0701964 0.00586372 0.00344215 0.0171452 
0.812632 0.0205204 0.0312761 0.103011 0.00794516 0.00245508 0.022161 
0.816875 0.0150908 0.0454875 0.0828883 0.00442657 0.00244246 0.0327889 
0.848763 0.0170132 0.0353913 0.070426 0.00595904 0.00235672 0.0200908 
0.796583 0.0142515 0.0339842 0.132181 0.00754246 0.00157264 0.0138854 
0.801231 0.0192612 0.0380815 0.10481 0.00904691 0.00219451 0.0253752 
0.852293 0.0187157 0.0373922 0.055995 0.00650041 0.00255704 0.0265466 
0.860031 0.0172995 0.0330472 0.0534294 0.00713048 0.0026602 0.0264025 
0.822983 0.0238797 0.0234973 0.104567 0.00838819 0.00260332 0.014082 
0.871923 0.0250557 0.0266405 0.0445334 0.00647232 0.00355767 0.0218171 
0.867211 0.0222025 0.0274616 0.0531097 0.00632636 0.0037755 0.0199137 
0.85628 0.0185162 0.0364356 0.0441175 0.00356089 0.00409659 0.0369935 
0.841518 0.0231921 0.0312838 0.0689556 0.0047201 0.00472499 0.0256058 
0.865399 0.0213631 0.029962 0.049857 0.00760594 0.00400101 0.021812 
0.769982 0.0133482 0.0384112 0.129235 0.00863883 0.00360841 0.0367762 
0.786374 0.0162483 0.0328479 0.120366 0.00596419 0.00546142 0.0327386 
0.820212 0.0157332 0.0274989 0.102616 0.00699079 0.00449255 0.0224564 
0.881962 0.0150461 0.0301428 0.0509623 0.00419205 0.0032476 0.0144474 
0.8329 0.0128469 0.0345167 0.0853782 0.00525779 0.00370193 0.0253986 
0.872502 0.0138065 0.0300777 0.051633 0.00705308 0.00379129 0.0211362 
0.843495 0.0163263 0.0306401 0.0814952 0.00402226 0.00405633 0.0199646 
0.842539 0.0153044 0.0271709 0.0807591 0.00580745 0.0047369 0.023682 
0.703555 0.116292 0.0297613 0.0374186 0.0112254 0.0861553 0.0155927 
0.72459 0.107679 0.0322417 0.0375845 0.00833965 0.0714794 0.0180856 
0.674761 0.207759 0.0133462 0.037914 0.0177725 0.034557 0.0138901 
0.513366 0.374662 0.00652801 0.0470171 0.0288577 0.0139582 0.0156111 
0.355259 0.430093 0.0036169 0.0722326 0.121302 0.00707674 0.0104197 
0.377655 0.420775 0.00576357 0.101897 0.0605076 0.00941999 0.023982 
0.511373 0.314795 0.00697347 0.123211 0.0202713 0.0094353 0.0139398 
0.667783 0.185985 0.0087587 0.0544868 0.0307615 0.0320938 0.0201313 
0.802032 0.0544472 0.0138686 0.0820109 0.0161893 0.0191267 0.012325 
0.776236 0.0181058 0.0167047 0.125669 0.038917 0.00504047 0.0193265 
0.742046 0.0756404 0.0121188 0.131876 0.0233505 0.00473318 0.0102352 
0.750284 0.0611491 0.011298 0.142331 0.0183193 0.00696725 0.00965109 
0.804406 0.0689136 0.0114264 0.0807165 0.0164079 0.00741667 0.0107128 
0.76423 0.0753101 0.0107762 0.111091 0.0233931 0.00553379 0.00966609 
0.749283 0.0899044 0.00890201 0.106637 0.0283256 0.00502209 0.0119259 
0.55931 0.0828462 0.00986969 0.317941 0.0175615 0.00342591 0.00904533 
0.658324 0.0893259 0.00999242 0.216672 0.0120879 0.00442379 0.00917372 
0.71095 0.0602271 0.0109038 0.200764 0.00784402 0.00232455 0.00698633 
0.756129 0.0834548 0.00833873 0.116627 0.0215062 0.00367064 0.0102734 
0.697754 0.0821013 0.00925763 0.184739 0.0156582 0.00260083 0.00788853 
0.709579 0.0868014 0.00991888 0.169194 0.0132033 0.00308763 0.0082164 
0.664054 0.091421 0.010265 0.206418 0.0156776 0.00312263 0.00904163 
0.778934 0.0908178 0.00999056 0.0983239 0.00973024 0.00393749 0.00826645 
0.729965 0.0720857 0.00989862 0.162504 0.0102755 0.00520494 0.0100667 
0.743703 0.0756431 0.00986371 0.146496 0.0107458 0.00388699 0.0096617 
0.645146 0.105747 0.0108383 0.217532 0.0061452 0.00409938 0.0104921 
0.513585 0.120715 0.0100601 0.32748 0.0128443 0.00463916 0.0106761 
0.568525 0.0826789 0.00946211 0.295069 0.0264729 0.00396433 0.013828 
0.509581 0.051399 0.00947395 0.397377 0.0168386 0.00257914 0.0127517 
0.617174 0.0585906 0.00931376 0.275676 0.0234187 0.00353711 0.0122895 
0.491597 0.0560796 0.00930139 0.414196 0.0152593 0.002218 0.011349 
0.537807 0.0567247 0.00951328 0.362214 0.0214445 0.00224266 0.0100533 
0.577474 0.0465136 0.00953337 0.333029 0.0194173 0.00212267 0.0119095 
0.699334 0.0550588 0.00919766 0.192984 0.0261189 0.0029853 0.014321 
0.715143 0.0411454 0.00957997 0.193351 0.0254211 0.00311774 0.0122416 
0.773913 0.0571137 0.00947643 0.116667 0.0300104 0.00232683 0.0104921 
0.707771 0.0201964 0.0194249 0.237817 0.00531201 0.00170485 0.00777407 
0.726016 0.0191532 0.0214627 0.216558 0.00506636 0.00184607 0.00989747 
0.814605 0.0182358 0.023393 0.123226 0.00412289 0.00246398 0.0139541 
0.684398 0.017306 0.0250266 0.252958 0.00553478 0.00174546 0.0130307 
0.747897 0.0144155 0.0243154 0.194195 0.00589417 0.00183001 0.0114537 
0.762906 0.0175474 0.020036 0.177442 0.00803919 0.00230131 0.0117289 
0.760896 0.0178692 0.0170675 0.18277 0.0105459 0.00243493 0.00841669 
0.678597 0.0184089 0.014701 0.259832 0.0179464 0.00271249 0.00780222 
0.749733 0.0175113 0.0191854 0.191691 0.00835699 0.00282942 0.0106927 
0.855738 0.0205045 0.0219227 0.0822793 0.00457682 0.00224561 0.0127331 
0.87699 0.0207717 0.0231945 0.053496 0.00456166 0.00360394 0.0173824 
0.867476 0.015966 0.0224759 0.0713549 0.00514078 0.00299135 0.0145951 
0.889769 0.0161524 0.0277011 0.0479769 0.00303285 0.00255585 0.0128117 
0.781724 0.0144279 0.0216835 0.153364 0.0112989 0.00391089 0.0135909 
0.798934 0.0162049 0.0314863 0.125289 0.00409867 0.00300615 0.0209806 
0.865211 0.0200216 0.026946 0.0602234 0.00505108 0.0037169 0.0188297 
0.867714 0.0174512 0.0283816 0.0613795 0.005466 0.00219676 0.0174105 
0.852959 0.0189493 0.0302587 0.0601282 0.00630312 0.00255534 0.0288467 
0.844092 0.0221891 0.0270894 0.0779766 0.00627752 0.00220089 0.0201741 
0.83242 0.0120332 0.0354835 0.0901163 0.00476728 0.00207528 0.023104 
0.849831 0.0161315 0.0262046 0.0883687 0.00543243 0.00168086 0.0123508 
0.842431 0.0135135 0.0300353 0.0878144 0.00636141 0.00195828 0.0178861 
0.860066 0.0129778 0.0292919 0.0738507 0.0059574 0.0017084 0.0161482 
0.856302 0.0160047 0.0258529 0.0720376 0.0103413 0.00206654 0.0173953 
0.849527 0.0172325 0.0267547 0.0776839 0.0111665 0.0018727 0.0157629 
0.83948 0.0176849 0.0229801 0.0876167 0.0146669 0.00218434 0.015387 
0.876281 0.0179371 0.0285375 0.0500706 0.0101194 0.00174572 0.0153085 
0.864337 0.0192479 0.0194439 0.0710256 0.0134335 0.00175689 0.0107548 
0.861763 0.0128002 0.025075 0.0647557 0.00915577 0.00256297 0.0238871 
0.861058 0.0128025 0.0225467 0.0808062 0.00836903 0.0017738 0.012644 
0.851901 0.0121972 0.027955 0.0827598 0.00759443 0.00103498 0.0165578 
0.811601 0.0189967 0.0222526 0.129304 0.00712431 0.00126463 0.00945724 
0.822477 0.014009 0.0291283 0.104286 0.00609114 0.00121725 0.0227914 
0.820471 0.0171659 0.0302351 0.0964778 0.00894434 0.00137736 0.0253284 
0.7906 0.013524 0.0378117 0.128129 0.00681313 8.66293E-4 0.0222563 
0.788803 0.0168472 0.0260678 0.147698 0.00643317 0.00134434 0.0128058 
0.844783 0.0150159 0.0231137 0.0884374 0.00995232 0.00123172 0.0174658 
0.836509 0.0142778 0.018409 0.0976515 0.0148112 0.00217415 0.0161673 
0.770111 0.0182617 0.0189321 0.160799 0.0156093 0.00139381 0.0148934 
0.748282 0.015181 0.0179913 0.188973 0.0167765 0.00150523 0.011291 
0.828515 0.0218134 0.0173504 0.0972429 0.0207535 0.0018789 0.012446 
0.842519 0.014555 0.0195357 0.088607 0.0159283 0.00199107 0.016864 
0.848137 0.011608 0.020652 0.0912744 0.0144339 0.00139528 0.012499 
0.869859 0.00923919 0.0376136 0.054991 0.00404403 0.00373383 0.0205195 
0.80965 0.0148324 0.0207768 0.128746 0.00892245 0.00391507 0.0131573 
0.81426 0.00911784 0.0285639 0.129431 0.00663313 0.0013525 0.0106409 
0.811425 0.0136835 0.0221231 0.129996 0.0109619 0.0017192 0.0100911 
0.842488 0.0133512 0.0215536 0.0840257 0.0231679 0.00173445 0.0136791 
0.841944 0.011017 0.0351845 0.0807089 0.00658355 0.00159685 0.0229656 
0.847402 0.0122951 0.0325369 0.0689911 0.00571621 0.0019068 0.0311521 
0.870094 0.011436 0.0241811 0.0632706 0.0110317 0.00186364 0.0181225 
0.821434 0.010617 0.024191 0.121372 0.00807382 0.00126258 0.0130495 
0.845471 0.0138814 0.0275725 0.0842898 0.00757118 0.00155919 0.0196545 
0.859253 0.0150845 0.0304545 0.0560512 0.00742807 0.00166577 0.0300626 
0.875477 0.0136644 0.0327459 0.0397413 0.00482143 0.00221496 0.0313346 
0.875049 0.0145685 0.0253192 0.0530392 0.00995786 0.00230451 0.0197613 
0.845282 0.015925 0.0271173 0.0872933 0.00720862 0.00142413 0.0157497 
0.802035 0.0124882 0.0217774 0.137476 0.0116016 0.00117821 0.0134439 
0.839571 0.0148132 0.0265885 0.0921952 0.0103176 0.00134749 0.0151665 
0.848694 0.0123973 0.0289403 0.0778994 0.00802946 0.00180747 0.0222324 
0.865031 0.0161403 0.0285013 0.0605987 0.00665739 0.00164721 0.0214239 
0.859775 0.0145941 0.0274092 0.0746944 0.00697358 0.00220094 0.014353 
0.803344 0.00991556 0.0368176 0.111751 0.00798236 0.0013422 0.0288474 
0.778605 0.0115569 0.0286946 0.150435 0.0104916 0.00123432 0.0189824 
0.875956 0.0169018 0.0207717 0.0575247 0.0132442 0.00123934 0.0143618 
0.881318 0.0146611 0.0256607 0.05233 0.00810402 0.00156752 0.0163591 
0.860297 0.012093 0.0199789 0.0723047 0.0190157 0.00168689 0.0146235 
0.821534 0.0135866 0.019416 0.115266 0.0170867 0.00141373 0.0116975 
0.869442 0.0146823 0.0193938 0.0630259 0.0167763 0.00195894 0.0147207 
0.759602 0.0138501 0.0234392 0.184363 0.0108382 7.00348E-4 0.00720762 
0.799686 0.0125009 0.0269654 0.131408 0.0162352 7.06739E-4 0.0124976 
0.836785 0.0109268 0.0322398 0.0957638 0.00694454 6.97287E-4 0.0166427 
0.768664 0.0158785 0.0205267 0.17148 0.0130421 7.4816E-4 0.00966056 
0.730484 0.0153313 0.0195489 0.213068 0.013209 6.7554E-4 0.00768245 
0.646562 0.0139792 0.0173828 0.295362 0.0146794 9.48996E-4 0.0110855 
0.777451 0.0182883 0.0209157 0.162418 0.0102713 6.49688E-4 0.0100063 
0.756064 0.0185129 0.0213352 0.183544 0.00858051 9.04328E-4 0.0110589 
0.511166 0.0167379 0.017972 0.428331 0.0157734 9.67631E-4 0.00905199 
0.629993 0.0148283 0.0142273 0.314867 0.0182619 9.24341E-4 0.0068986 
0.813116 0.0158118 0.0279716 0.123756 0.00850757 7.28941E-4 0.0101083 
0.797134 0.0153561 0.0281235 0.136175 0.00576816 9.4274E-4 0.0165011 
0.753412 0.0131774 0.024101 0.189499 0.00804544 8.20936E-4 0.0109446 
0.763837 0.0156787 0.0294856 0.165118 0.00524073 8.21721E-4 0.0198183 
0.801477 0.0132097 0.0245775 0.118718 0.0167842 9.26696E-4 0.024307 
0.741304 0.0127657 0.0312511 0.191652 0.00740038 5.21759E-4 0.0151045 
0.784537 0.0135062 0.0449781 0.126381 0.00643527 5.5915E-4 0.0236027 
0.774644 0.0171404 0.0345833 0.137549 0.00496265 9.48694E-4 0.0301726 
0.879832 0.0164827 0.0351799 0.0211817 0.0110307 0.0012601 0.0350332 
0.901669 0.0118069 0.0488796 0.00939206 0.00296783 0.00262454 0.0226597 
0.862811 0.00621197 0.0530785 0.0455882 0.00592538 0.00267058 0.023714 
0.884601 0.00674463 0.0642198 0.0199567 0.00270515 0.00223541 0.0195377 
0.896337 0.0107474 0.049131 0.0184555 0.00873937 0.00342483 0.0131648 
0.903202 0.012504 0.0372805 0.0120902 0.00561495 0.00219618 0.0271121 
0.835589 0.00677816 0.0703852 0.00651975 0.0018962 0.00159399 0.0772373 
0.813865 0.00950191 0.0323353 0.0952132 0.0292657 0.00226077 0.0175577 
0.886497 0.0205496 0.0301065 0.0231882 0.0164502 0.00227398 0.0209341 
0.885189 0.0114429 0.0454725 0.0145456 0.0152075 0.00207208 0.0260705 
0.867721 0.0106488 0.0362798 0.0381905 0.0225731 0.00114204 0.0234452 
0.885133 0.0312117 0.0391503 0.00787257 0.00788929 0.00174545 0.0269979 
0.770729 0.012552 0.0256955 0.0778246 0.0929053 0.00194738 0.0183462 
0.892418 0.00973308 0.0403038 0.0145231 0.00396809 0.00410081 0.0349536 
0.841318 0.00630702 0.0512117 0.0716281 0.00889342 0.00258684 0.018055 
0.866922 0.016667 0.0279467 0.0434344 0.0190028 0.00175361 0.0242739 
0.787195 0.032968 0.0653621 0.013593 0.00317877 0.00118813 0.0965148 
0.825735 0.00862521 0.0480915 0.0924582 0.00873465 0.00127234 0.0150828 
0.869079 0.0216743 0.024923 0.0565671 0.0143621 0.00225907 0.0111356 
0.438206 0.0166775 0.0326817 0.359021 0.121821 0.00911548 0.0224772 
0.021747 0.00833673 0.00117914 0.571211 0.394136 0.00237934 0.00101045 
0.0153413 0.0149634 5.71492E-4 0.776865 0.189615 0.00227865 3.65585E-4 
0.0109239 0.0082143 4.11129E-4 0.784519 0.192508 0.00334101 8.30414E-5 
0.00984274 0.00704309 2.94891E-4 0.910965 0.0701702 0.00164203 4.22895E-5 
0.00515514 0.00396677 2.86882E-4 0.977888 0.012097 5.86509E-4 1.95621E-5 
5.93942E-7 2.05259E-4 3.03931E-7 0.999631 1.46949E-4 1.41051E-5 1.45623E-6 
0.207255 0.0169586 0.117528 0.0647331 0.00579455 0.0237255 0.564005 
0.268401 0.0125159 0.200235 0.00816593 0.0117712 0.0184613 0.480449 
0.829888 0.0231202 0.0552787 0.0195185 0.0182357 0.00410925 0.0498493 
0.845965 0.0295853 0.0437886 0.00425076 0.0100132 0.0103345 0.0560624 
0.809304 0.117237 0.016587 0.00934517 0.0222297 0.00383729 0.0214602 
0.870475 0.0423766 0.0349697 0.0140612 0.0137433 0.00484556 0.019529 
0.888223 0.022192 0.0444518 0.0250622 0.00876846 0.00100749 0.0102953 
0.841281 0.0162384 0.0599804 0.0477948 0.00184627 0.0021338 0.0307258 
0.854328 0.0127828 0.0528373 0.0449956 0.00211127 0.00317455 0.0297707 
0.817353 0.00673332 0.104784 0.0245749 0.00200479 0.00182374 0.0427262 
0.858565 0.0158145 0.048001 0.0298486 0.0038461 0.00313038 0.0407942 
0.820709 0.00909244 0.0651507 0.0536348 0.00581227 0.00308666 0.0425138 
0.829504 0.0145256 0.0580993 0.0199228 0.00200788 0.00269336 0.0732467 
0.805463 0.0104537 0.0717505 0.0269427 0.00569352 0.00613954 0.0735572 
0.320888 0.0147557 0.01871 0.627164 0.00644042 0.00164727 0.0103947 
0.712159 0.00944073 0.0464505 0.188272 0.0060017 0.00732786 0.0303488 
0.8154 0.0257991 0.056408 0.00976609 0.00187888 0.00464241 0.0861056 
0.855406 0.0127824 0.061117 0.017087 0.00151943 0.00338687 0.0487009 
0.805386 0.0109122 0.0527991 0.100543 0.00601045 0.00346119 0.0208885 
0.779905 0.01053 0.0337351 0.142874 0.0121903 0.00450896 0.0162569 
0.82963 0.0100344 0.0505272 0.0539977 0.010523 0.00509994 0.0401876 
0.853032 0.0097808 0.0496664 0.0482636 0.00605246 0.00342536 0.029779 
0.858849 0.0130228 0.0426901 0.0438824 0.00773608 0.00444111 0.0293788 
0.82012 0.00988599 0.0339822 0.101391 0.0150321 0.00355832 0.0160304 
0.844731 0.0109921 0.0396761 0.0595811 0.00955233 0.00531593 0.0301516 
0.837513 0.0115231 0.0432045 0.0694672 0.00592473 0.00507539 0.0272918 
0.872208 0.0107532 0.0414291 0.0295713 0.00758073 0.00508822 0.0333697 
0.802467 0.0110427 0.0378147 0.118223 0.00795657 0.00435722 0.0181385 
0.765623 0.0104583 0.0298232 0.156854 0.0188697 0.00297898 0.0153922 
0.863596 0.0117095 0.0418113 0.0313674 0.0142974 0.00402338 0.0331953 
0.85963 0.0132179 0.0382818 0.0353564 0.0112653 0.00410028 0.0381481 
0.871873 0.013328 0.0393555 0.0340403 0.00801301 0.00454453 0.0288453 
0.837555 0.0110093 0.0414855 0.0647845 0.0120078 0.00379673 0.0293617 
0.607416 0.00806487 0.0367642 0.307584 0.0135969 0.00338043 0.0231931 
0.84424 0.0108216 0.0423283 0.0567806 0.0082037 0.00437677 0.0332494 
0.869574 0.0126667 0.0403032 0.03248 0.00916265 0.00390141 0.0319124 
0.84289 0.0174586 0.0315161 0.0693562 0.0137758 0.00420571 0.0207974 
0.730858 0.0103128 0.035669 0.190038 0.0127921 0.0026574 0.017673 
0.829463 0.0127593 0.0304296 0.0927145 0.0162039 0.003172 0.0152575 
0.815221 0.0145276 0.0283122 0.105082 0.0182822 0.00314506 0.0154308 
0.872049 0.0111684 0.0389624 0.0507134 0.0129209 6.28563E-4 0.0135575 
0.872783 0.0132961 0.0331288 0.036844 0.0156382 9.95659E-4 0.0273147 
0.890928 0.0177519 0.0392753 0.0221845 0.00566525 0.00113877 0.023056 
0.84244 0.0167827 0.0767073 0.00531725 0.00383696 0.00127397 0.0536423 
0.756826 0.0164121 0.0715104 0.00798413 0.00278513 0.00195934 0.142523 
0.605714 0.04356 0.0805639 0.00318691 0.00642905 0.00584344 0.254702 
0.464671 0.0149543 0.140856 0.00249121 0.00313119 0.074113 0.299783 
0.156194 0.0121614 0.470754 0.00698751 0.00669768 0.166242 0.180964 
0.209206 0.014296 0.305189 0.0074022 0.0073867 0.114647 0.341873 
0.199329 0.0179508 0.294775 0.0065586 0.00655141 0.132338 0.342496 
0.171372 0.0133577 0.388319 0.00683986 0.00615346 0.0716649 0.342293 
0.22491 0.0132453 0.314228 0.00548838 0.00505793 0.14637 0.290701 
0.138254 0.0104768 0.41254 0.00642165 0.00556189 0.248184 0.178561 
0.0380148 0.00322232 0.333746 0.0019583 0.00156102 0.53903 0.0824679 
0.0781518 0.00524056 0.488615 0.00368621 0.00278238 0.266852 0.154672 
0.0610692 0.00358702 0.588352 0.00271191 0.00198375 0.206756 0.13554 
0.157441 0.0077805 0.430279 0.00522341 0.00394413 0.152916 0.242416 
0.119054 0.00822645 0.529712 0.00573214 0.00502934 0.149117 0.183129 
0.383177 0.0123876 0.295345 0.00551881 0.0110259 0.116259 0.176287 
0.374598 0.0137816 0.291487 0.00643745 0.0160707 0.0653111 0.232315 
0.546022 0.0189811 0.147462 0.00367812 0.0111445 0.0565232 0.21619 
0.751222 0.0122506 0.135598 0.00312775 0.00246592 0.00680606 0.0885297 
0.795892 0.00885742 0.139548 0.00640609 9.87889E-4 0.00372399 0.0445843 
0.850022 0.00817381 0.104247 0.0143304 0.00302009 0.00140077 0.0188056 
0.763031 0.00643806 0.135054 0.0681276 0.00977356 0.00273157 0.0148445 
0.769373 0.00740455 0.168992 0.00474694 0.00797756 0.00229286 0.0392129 
0.872249 0.00710246 0.0849637 0.0062692 0.0064219 9.93446E-4 0.0220002 
0.87089 0.00920912 0.0389811 0.0196462 0.0281109 0.00317307 0.0299896 
0.875457 0.00789992 0.0425236 0.0488575 0.00957335 0.00187128 0.0138177 
0.883506 0.0165943 0.0442114 0.0399639 0.00569677 0.00109253 0.00893529 
0.889223 0.0247596 0.0344132 0.0249864 0.0168351 0.00128085 0.00850189 
0.518406 0.151052 0.0118022 0.166044 0.133131 0.00709881 0.0124656 
0.145734 0.117213 0.0141605 0.192693 0.502527 0.0122021 0.0154708 
0.077518 0.125318 0.00979385 0.619196 0.150053 0.00672291 0.0113986 
0.0484818 0.0266456 0.00289347 0.065068 0.849005 0.00340365 0.00450231 
0.042585 0.0488169 0.00731283 0.125957 0.758796 0.00731625 0.00921612 
0.0511463 0.162144 0.0250489 0.367482 0.346763 0.023778 0.0236375 
0.0135074 0.0723046 0.00388285 0.561024 0.34033 0.00475675 0.00419482 
0.014455 0.0714853 0.0112966 0.206987 0.667298 0.0185165 0.00996096 
0.0393329 0.173701 0.0425526 0.308539 0.348529 0.0560539 0.0312922 
0.0228159 0.171607 0.0317728 0.495984 0.213531 0.0451709 0.0191189 
0.0121043 0.105171 0.0287129 0.575062 0.182964 0.0792554 0.0167309 
0.0318161 0.123438 0.160583 0.356786 0.148021 0.135728 0.0436271 
0.119851 0.38791 0.0129493 0.371578 0.0533926 0.012958 0.0413605 
0.0594934 0.236713 0.0373662 0.612303 0.00393635 0.0391207 0.0110676 
0.042294 0.46831 0.034428 0.354329 0.00441289 0.0711902 0.0250359 
0.0279356 0.465538 0.0523979 0.342538 0.00674981 0.0847095 0.0201309 
0.0287089 0.504453 0.0291836 0.367645 0.00301529 0.0530749 0.0139197 
0.026044 0.626231 0.0291814 0.251637 0.00326138 0.0523399 0.0113052 
0.869627 0.0197164 0.0185423 0.0499063 0.0289504 0.00129632 0.0119613 
0.890642 0.0149526 0.0284744 0.0391558 0.0144223 9.71286E-4 0.0113813 
0.85163 0.0143448 0.0241299 0.0736073 0.0230053 0.00115941 0.0121229 
0.88948 0.0145342 0.0225144 0.0427766 0.0185875 0.00105051 0.0110572 
0.756229 0.0113023 0.0229743 0.181026 0.0208213 6.66371E-4 0.0069802 
0.838693 0.0110369 0.026899 0.0967887 0.0186681 6.56708E-4 0.00725731 
0.823331 0.0106363 0.026579 0.106619 0.0238185 6.36022E-4 0.00837977 
0.879704 0.0129006 0.0355826 0.0514692 0.010445 6.95769E-4 0.00920318 
0.837927 0.00990122 0.0307679 0.0952664 0.0164673 6.75442E-4 0.008995 
0.879548 0.0115584 0.0357828 0.0497961 0.0132988 7.27764E-4 0.00928853 
0.87391 0.0161165 0.0290559 0.0503625 0.0175774 9.51088E-4 0.0120264 
0.85305 0.0104412 0.0321414 0.079987 0.0112772 8.34026E-4 0.0122695 
0.882798 0.0168551 0.0293564 0.0401211 0.00916498 0.00113741 0.0205674 
0.875171 0.0168276 0.0325965 0.0479882 0.00657848 0.00110901 0.0197288 
0.839715 0.0189943 0.0500502 0.0271086 0.00860733 8.78666E-4 0.0546457 
0.819465 0.0185164 0.0440883 0.0337724 0.0102519 9.99386E-4 0.0729065 
0.822582 0.0120695 0.0609696 0.0285751 0.00800768 0.00216599 0.0656304 
0.779514 0.0139153 0.0883203 0.00249981 0.00379346 0.00943953 0.102518 
0.718031 0.0172478 0.114876 0.00162207 0.00198173 0.0597954 0.0864457 
0.231742 0.0287696 0.407522 0.00494102 0.00640622 0.145571 0.175048 
0.212597 0.0642263 0.444086 0.00202569 0.0111215 0.250999 0.0149438 
0.0013051 0.00166844 0.989934 2.6935E-5 2.6374E-4 0.00614904 6.53032E-4 
0.00252955 0.00374815 0.987512 8.5284E-5 8.86711E-4 0.00423816 9.99723E-4 
0.0086907 0.00209864 0.895471 9.02086E-5 3.65795E-4 0.0885616 0.00472179 
0.0426535 0.00692131 0.63443 7.13547E-4 0.00198401 0.289797 0.0235004 
0.0591746 0.012245 0.567824 0.00118641 0.0049025 0.325821 0.0288469 
0.145857 0.0178972 0.399852 0.00328825 0.00981406 0.340238 0.0830534 
0.337745 0.024513 0.20758 0.00320879 0.005595 0.142294 0.279065 
0.545878 0.021801 0.0939187 0.00508789 0.010513 0.153528 0.169274 
0.77695 0.0214151 0.108595 0.0226529 0.0219515 0.0108887 0.0375475 
0.862204 0.0296468 0.0455072 0.040019 0.00616234 0.00335202 0.0131089 
0.830078 0.0247757 0.0852878 0.00523675 0.00593659 0.0153614 0.0333236 
0.786321 0.0122339 0.103224 0.00362458 0.00242624 0.0112218 0.0809484 
0.776857 0.015699 0.0999066 0.00482553 0.00200309 0.0104205 0.0902883 
0.878224 0.0141149 0.0591752 0.00656863 0.00276548 0.005298 0.0338539 
0.868418 0.0164321 0.0585409 0.00770348 0.00394153 0.00735751 0.0376067 
0.842038 0.0151216 0.069481 0.00877661 0.00474159 0.00661686 0.0532248 
0.822596 0.0120402 0.0715932 0.0453825 0.00455744 0.00415345 0.0396772 
0.743056 0.0138946 0.0697299 0.125193 0.00461758 0.00405662 0.0394522 
0.760792 0.0199693 0.0484148 0.129776 0.0040538 0.004937 0.0320575 
0.416115 0.0184909 0.0260138 0.519006 0.00259023 0.0022214 0.0155619 
0.453996 0.0286249 0.0248291 0.471549 0.0027439 0.00165883 0.0165974 
0.519857 0.051191 0.0173639 0.391083 0.00452655 0.00181691 0.0141623 
0.450365 0.0506306 0.0138702 0.463454 0.00635701 0.00134472 0.013979 
0.289941 0.0418672 0.0122749 0.643535 0.00360681 7.47622E-4 0.00802715 
0.281287 0.0405222 0.0132705 0.651742 0.00325257 7.97337E-4 0.00912925 
0.305373 0.0624011 0.0132333 0.600439 0.00528308 9.33283E-4 0.0123364 
0.237223 0.0442631 0.0126242 0.695048 0.00207208 8.70882E-4 0.00789847 
0.320766 0.107587 0.0123832 0.541408 0.00495848 0.00151025 0.0113874 
0.464518 0.16183 0.012531 0.336917 0.00988796 0.00220262 0.012113 
0.46759 0.0973651 0.0116929 0.403505 0.00722142 0.0012967 0.0113288 
0.319393 0.103957 0.0145648 0.542151 0.00381892 0.00199155 0.0141237 
0.495474 0.0795234 0.0120985 0.392278 0.00821853 0.00138255 0.0110253 
0.356006 0.0922054 0.012287 0.519008 0.00668297 0.00158088 0.012229 
0.383823 0.0434552 0.0173061 0.537796 0.00246094 0.00100003 0.0141594 
0.298929 0.0488334 0.0123241 0.626434 0.00283293 0.00118108 0.00946594 
0.46969 0.074206 0.0170587 0.421519 0.00361527 0.00126801 0.0126435 
0.412487 0.057156 0.0139074 0.501843 0.00449139 8.34442E-4 0.00928103 
0.37781 0.0514386 0.0101224 0.539592 0.0122249 0.00123407 0.00757739 
0.361109 0.0545206 0.0111711 0.557045 0.00765789 9.65674E-4 0.00753107 
0.326104 0.0643102 0.0116723 0.583146 0.0057716 9.37807E-4 0.00805857 
0.396436 0.0522462 0.0114135 0.523481 0.00761826 9.42872E-4 0.00786239 
0.331395 0.0740841 0.0110523 0.564706 0.00898861 0.00108746 0.00868687 
0.320034 0.0782069 0.0115213 0.570227 0.00942849 0.00132552 0.00925672 
0.32477 0.056736 0.0105197 0.590525 0.00891022 8.10621E-4 0.00772809 
0.323192 0.0548165 0.00996688 0.59279 0.0100719 0.00117498 0.00798758 
0.299421 0.0455621 0.0118135 0.630686 0.0048352 6.641E-4 0.00701788 
0.365247 0.0481705 0.0103654 0.558897 0.00821103 9.04208E-4 0.00820466 
0.388499 0.0606459 0.00892522 0.516282 0.0175869 0.00123274 0.00682804 
0.405509 0.0412673 0.0110372 0.525915 0.00918285 9.35199E-4 0.00615322 
0.402658 0.0636113 0.010921 0.502702 0.0110552 0.00126354 0.00778845 
0.321723 0.0378516 0.0101154 0.615152 0.00790719 8.89923E-4 0.00636111 
0.572776 0.0549837 0.0146883 0.337858 0.00658825 0.00136504 0.0117412 
0.60032 0.0369057 0.0173192 0.330801 0.00370157 0.00102382 0.00992837 
0.677713 0.0357459 0.0179076 0.253531 0.00351688 0.00122359 0.0103619 
0.709281 0.0325263 0.0190974 0.220933 0.00295069 0.00172288 0.0134892 
0.684272 0.0315593 0.0222146 0.243039 0.00222675 0.00207024 0.0146178 
0.634661 0.0439227 0.0161963 0.291786 0.00381668 0.00119213 0.00842491 
0.643082 0.0246526 0.0229531 0.294269 0.00228376 0.00105144 0.0117089 
0.624698 0.0264996 0.0159401 0.317716 0.00314468 0.00157462 0.0104272 
0.743392 0.030903 0.0133201 0.187766 0.00689683 0.00142323 0.0162989 
0.62764 0.0354628 0.012828 0.304763 0.00704799 9.18252E-4 0.0113399 
0.777562 0.0256163 0.0193178 0.161099 0.00406585 9.11645E-4 0.0114278 
0.717077 0.0312097 0.0167999 0.213438 0.00545895 9.62441E-4 0.0150545 
0.623992 0.0351405 0.0144793 0.307903 0.00696259 8.72644E-4 0.0106503 
0.59529 0.0258868 0.0143784 0.347807 0.00521572 9.04242E-4 0.0105175 
0.675041 0.0260043 0.0171688 0.261959 0.00509513 9.08022E-4 0.0138234 
0.624413 0.0264744 0.0192245 0.312819 0.00384834 7.81122E-4 0.0124403 
0.680916 0.034046 0.0156888 0.249814 0.00723121 9.71977E-4 0.0113317 
0.578319 0.0298518 0.0141312 0.359619 0.00718343 8.97264E-4 0.0099982 
0.538382 0.038159 0.0122319 0.3905 0.0101115 0.00117369 0.00944191 
0.510177 0.0245796 0.0124882 0.430171 0.0116193 9.16738E-4 0.0100481 
0.519717 0.0199864 0.0120032 0.422281 0.0128865 0.00116161 0.0119636 
0.53475 0.0318924 0.0113347 0.382781 0.0242237 0.00197167 0.0130469 
0.669757 0.0348431 0.0108682 0.238788 0.0318169 0.00236429 0.0115626 
0.547042 0.0334123 0.010648 0.383003 0.0167219 0.0014105 0.00776215 
0.537312 0.035543 0.00966924 0.391598 0.0177472 0.00112191 0.00700872 
0.736599 0.0438435 0.0124029 0.182161 0.0147155 0.00151702 0.00876086 
0.7449 0.0512873 0.0124035 0.156533 0.0228886 0.00173847 0.0102484 
0.581152 0.0358266 0.0140798 0.347046 0.0128693 8.90507E-4 0.00813553 
0.748418 0.0406292 0.0156759 0.172351 0.0103879 9.29972E-4 0.011608 
0.717413 0.0408391 0.0161449 0.205078 0.00872819 8.70988E-4 0.0109254 
0.783666 0.0510227 0.0143494 0.125992 0.0124722 0.00106592 0.0114319 
0.736714 0.0371845 0.0145829 0.181199 0.0166756 0.00113574 0.0125086 
0.740457 0.0535511 0.0142958 0.163386 0.0134505 0.00160624 0.0132536 
0.753574 0.0346011 0.0161701 0.176743 0.00807881 9.64213E-4 0.00986852 
0.774325 0.0408965 0.0228424 0.146142 0.0034692 9.46149E-4 0.0113785 
0.729902 0.035632 0.02058 0.196119 0.00443531 6.92639E-4 0.0126393 
0.592441 0.0448303 0.0224728 0.324401 0.00322137 8.73846E-4 0.0117598 
0.633334 0.0507165 0.0186219 0.281698 0.00545555 7.83729E-4 0.00939082 
0.639014 0.046199 0.0146885 0.283922 0.00873952 7.10133E-4 0.00672729 
0.680191 0.0492787 0.0155834 0.235432 0.00936225 0.00107365 0.00907957 
0.777558 0.0410503 0.0263451 0.137308 0.00409244 8.14274E-4 0.0128316 
0.782509 0.0474947 0.0204112 0.131016 0.00479255 0.00105292 0.0127239 
0.767304 0.0507787 0.0179682 0.146253 0.00677065 0.00111293 0.00981267 
0.736207 0.0548521 0.0209008 0.173123 0.00344533 0.00130819 0.010163 
0.70731 0.0878142 0.0174061 0.167482 0.00566452 0.00197149 0.0123513 
0.657166 0.0463004 0.0180443 0.263106 0.00434173 0.00133575 0.00970558 
0.586004 0.0575724 0.0182299 0.324633 0.00354936 0.00114838 0.00886248 
0.669119 0.0527934 0.0221789 0.244905 0.0028475 9.6823E-4 0.00718781 
0.704543 0.0442154 0.0204906 0.21835 0.0039797 9.92517E-4 0.00742892 
0.676577 0.0409049 0.0255639 0.241314 0.00222234 0.00131296 0.0121046 
0.755021 0.035249 0.02044 0.173419 0.00427692 0.001329 0.010265 
0.735354 0.0438537 0.017208 0.184331 0.00482421 0.00257713 0.0118528 
0.692389 0.0427427 0.0154516 0.229326 0.00895764 0.00158347 0.00954962 
0.701673 0.0427988 0.0176398 0.220951 0.00542039 0.00138343 0.0101335 
0.888079 0.00934155 0.0532697 0.00952975 0.00316069 0.00144212 0.0351776 
0.805618 0.0147721 0.0708367 0.00294166 0.00261527 0.00523798 0.097978 
0.77821 0.00642586 0.151075 0.00129244 0.00103084 0.00980381 0.0521617 
0.276691 0.0101782 0.250705 3.18737E-4 6.66508E-4 0.41363 0.0478111 
0.415847 0.0118173 0.414778 9.69814E-4 0.00184828 0.0430289 0.111711 
0.00283827 0.00100379 0.941062 1.8842E-5 7.22478E-5 0.0522939 0.00271081 
0.00377328 0.00113906 0.970806 2.32835E-5 1.19082E-4 0.0216092 0.00252976 
0.00445462 8.92534E-4 0.966299 2.65115E-5 9.70069E-5 0.0244135 0.00381674 
0.0850455 0.00338052 0.79744 0.00194667 0.00191216 0.0397382 0.0705368 
0.377262 0.0060007 0.527632 9.25109E-4 0.00485552 0.0142345 0.0690896 
0.152108 0.00222638 0.752545 6.9508E-4 0.00115264 0.0159195 0.0753534 
0.196276 0.00148546 0.72889 2.47124E-4 4.26694E-4 0.0081683 0.0645072 
0.0806733 0.00224092 0.816975 0.00141905 0.00108036 0.0273399 0.0702718 
0.0680556 0.00240655 0.8306 0.00151583 0.00122368 0.0444017 0.0517966 
0.0879057 0.00244694 0.809809 0.00155861 0.00129602 0.0290725 0.0679116 
0.228028 0.00697812 0.604874 0.00278588 0.00420418 0.0732369 0.079893 
0.315218 0.00874719 0.579707 4.2852E-4 0.00292309 0.045807 0.0471692 
0.266892 0.0062873 0.610225 5.50228E-4 0.00165148 0.0575001 0.0568933 
0.21407 0.00448623 0.706035 3.89276E-4 0.00104742 0.0278517 0.0461196 
0.106686 0.00370631 0.816141 7.29642E-4 0.00105681 0.0276881 0.0439925 
0.104479 0.00449201 0.82267 8.29989E-4 0.00127548 0.0213502 0.0449037 
0.132521 0.00722821 0.646208 0.00391064 0.00374787 0.0611899 0.145194 
0.199226 0.00806023 0.642335 0.00203225 0.00303815 0.0497785 0.0955295 
0.337387 0.0131236 0.510563 0.00112483 0.00465378 0.0666443 0.0665039 
0.47057 0.0200708 0.3932 6.73242E-4 0.00537279 0.049827 0.0602862 
0.472839 0.0139523 0.376279 8.16618E-4 0.00361312 0.0544938 0.0780063 
0.666972 0.0139227 0.233854 8.5818E-4 0.00592919 0.0227115 0.0557527 
0.513209 0.0111286 0.295502 7.33485E-4 0.00314009 0.046473 0.129813 
0.577775 0.0111762 0.235865 9.7031E-4 0.00318707 0.0408633 0.130164 
0.7518 0.0153109 0.150919 0.00100005 0.00532006 0.0307283 0.0449218 
0.772459 0.0136691 0.156479 0.00118898 0.00545677 0.0159033 0.0348432 
0.73028 0.0174256 0.175618 0.00119847 0.00555151 0.0196773 0.050249 
0.753578 0.0106584 0.165483 0.00114788 0.00251658 0.0186095 0.0480061 
0.792353 0.0192115 0.123918 0.00215759 0.00758944 0.0187717 0.035998 
0.783917 0.0130625 0.122281 0.00169284 0.00372278 0.0232321 0.0520922 
0.74061 0.017156 0.127352 0.00179591 0.00379848 0.0230368 0.0862508 
0.779633 0.0224529 0.109368 0.00149079 0.00297987 0.0203029 0.0637724 
0.809616 0.0227864 0.0849776 0.00178181 0.00559301 0.0193262 0.0559194 
0.79881 0.0137005 0.0833142 0.00195274 0.00280316 0.0261581 0.0732609 
0.821674 0.0174647 0.0787036 0.00237163 0.00505006 0.0202341 0.0545018 
0.839491 0.0132598 0.0740952 0.00226203 0.00269868 0.0237258 0.0444677 
0.816837 0.0149546 0.0856526 0.00179958 0.00304082 0.0167211 0.0609944 
0.845142 0.0174152 0.0736838 0.00214734 0.00478287 0.0176808 0.0391476 
0.854768 0.0201488 0.0612594 0.00276044 0.00516179 0.0179996 0.037902 
0.851901 0.0141902 0.0675115 0.00269845 0.00265845 0.0239099 0.0371301 
0.852507 0.0113023 0.0755345 0.0039309 0.00342452 0.0185588 0.0347419 
0.856459 0.0108248 0.0799923 0.0040479 0.00238275 0.0135462 0.0327475 
0.845488 0.0110142 0.0875285 0.00702892 0.00451912 0.0158427 0.0285786 
0.862515 0.0122121 0.0744088 0.00375295 0.00403724 0.0161108 0.0269632 
0.855466 0.00942512 0.083422 0.00450454 0.00223224 0.0164753 0.0284747 
0.863765 0.0145348 0.0705472 0.00568483 0.0032436 0.0188447 0.0233798 
0.832715 0.0151779 0.0753142 0.00628008 0.00720164 0.0292765 0.0340346 
0.806284 0.0167083 0.105884 0.00257968 0.00537657 0.0324704 0.0306973 
0.683504 0.0377352 0.153282 0.00487043 0.0297383 0.0684274 0.0224424 
0.643699 0.0684319 0.17314 0.00242247 0.0348133 0.0638967 0.0135961 
0.864048 0.0200096 0.082663 0.0119329 0.00248396 0.00200499 0.0168579 
0.88669 0.0361815 0.0324054 0.00703115 0.00244144 0.00360882 0.0316412 
0.805028 0.0965796 0.0288799 0.00440301 0.00808404 0.0196546 0.0373711 
0.768565 0.12645 0.0260779 0.00782824 0.0151884 0.0151319 0.0407588 
0.797865 0.0347138 0.0269487 0.0929538 0.00401249 0.0224972 0.0210089 
0.823195 0.083474 0.0251122 0.010582 0.00794854 0.0217109 0.0279775 
0.537639 0.277481 0.017182 0.0183027 0.0339264 0.0150226 0.100446 
0.740934 0.105372 0.0226363 0.0483858 0.0119388 0.00408245 0.0666508 
0.748921 0.122657 0.0275132 0.0325251 0.0118055 0.0314654 0.0251129 
0.361652 0.266678 0.0460896 0.00687538 0.0191852 0.280445 0.0190757 
0.845472 0.0110739 0.0669322 0.0370954 0.0115763 0.00666376 0.0211863 
0.855223 0.0143315 0.0643872 0.0181806 0.0169244 0.00966091 0.0212926 
0.863866 0.00919638 0.0697 0.0219127 0.00719958 0.00602488 0.0221008 
0.870009 0.00989641 0.0602131 0.023557 0.00832389 0.00714141 0.0208596 
0.88591 0.0134468 0.0583807 0.0104139 0.00387625 0.00876499 0.0192071 
0.861817 0.0122834 0.0527536 0.0296837 0.0165767 0.00811118 0.0187747 
0.878133 0.0167004 0.0429231 0.0237801 0.0157328 0.00648806 0.0162421 
0.863715 0.0128352 0.0535724 0.0244809 0.0133188 0.0106188 0.0214585 
0.864934 0.0104607 0.0522619 0.0290494 0.00747871 0.00896536 0.02685 
0.872275 0.00939901 0.0495608 0.0337336 0.006813 0.00597553 0.0222429 
0.881134 0.0119303 0.0469651 0.0300747 0.00539696 0.00558591 0.0189128 
0.876594 0.00992371 0.0566997 0.0196903 0.00470144 0.00773265 0.0246578 
0.896266 0.0175315 0.0442261 0.00753582 0.00978657 0.00564099 0.0190131 
0.881424 0.0178825 0.0463732 0.00923572 0.0041382 0.00704762 0.0338984 
0.871717 0.0225225 0.0629626 0.00433369 0.00515487 0.00748077 0.0258283 
0.864501 0.0132759 0.0675846 0.0135015 0.00666829 0.00857263 0.0258957 
0.857829 0.0118671 0.0798935 0.0200899 0.00648061 0.00350637 0.0203331 
0.846349 0.0176722 0.0661734 0.0291902 0.0118328 0.00562183 0.0231608 
0.835971 0.00985551 0.0934327 0.0185958 0.00974415 0.00502812 0.0273728 
0.813601 0.0178228 0.0584277 0.0415818 0.0378029 0.00692842 0.0238355 
0.837327 0.0195552 0.042368 0.0489709 0.0298408 0.00481568 0.017122 
0.847729 0.0152971 0.0518589 0.0441165 0.018567 0.00406675 0.0183647 
0.801754 0.0154883 0.0546941 0.058945 0.0422345 0.00450968 0.0223743 
0.842332 0.0159336 0.0567357 0.0268964 0.0296348 0.0046731 0.0237948 
0.770897 0.0151729 0.0539561 0.0762461 0.0627709 0.00541154 0.0155459 
0.750467 0.0153296 0.0495085 0.116069 0.0475607 0.0059572 0.0151078 
0.834656 0.0114873 0.0615796 0.0469776 0.017607 0.0050572 0.0226349 
0.839301 0.00975283 0.0415872 0.0746796 0.0149793 0.00295338 0.0167463 
0.742923 0.0116428 0.0352188 0.183168 0.011368 0.00270309 0.0129757 
0.837091 0.0279213 0.0282275 0.083325 0.00833669 0.00197557 0.0131229 
0.792686 0.0314491 0.0338914 0.119612 0.00606549 0.00136024 0.0149359 
0.868109 0.0223594 0.0314872 0.0526965 0.00717045 0.00192821 0.0162493 
0.848575 0.0273814 0.0310772 0.0603914 0.00815585 0.00327623 0.0211424 
0.856525 0.0172871 0.0348998 0.0675142 0.00477987 0.00241526 0.0165785 
0.832699 0.0169192 0.0361086 0.0882901 0.00545128 0.00312453 0.017407 
0.808852 0.0202413 0.0284638 0.117326 0.00951266 0.00259891 0.0130043 
0.85944 0.0178233 0.02923 0.0665478 0.00972046 0.0027282 0.0145106 
0.798545 0.0173323 0.0392235 0.125294 0.00380999 0.0016686 0.0141273 
0.866787 0.0139065 0.0444117 0.0506563 0.00284701 0.00233751 0.0190543 
0.872136 0.0160704 0.0349896 0.0499034 0.00598655 0.00243087 0.0184831 
0.88474 0.0224759 0.0282084 0.0411792 0.00648374 0.00227166 0.0146406 
0.866534 0.0183071 0.033224 0.055624 0.00595211 0.00220118 0.0181573 
0.824422 0.0140595 0.0432743 0.0962374 0.00409093 0.00148574 0.0164303 
0.839074 0.0180012 0.0340968 0.0858177 0.00657491 0.00151921 0.0149165 
0.851861 0.0221759 0.0296092 0.0738051 0.00673672 0.0016725 0.0141393 
0.829204 0.0170138 0.0303381 0.107009 0.00450415 0.00187699 0.0100531 
0.831892 0.0170015 0.0276038 0.106585 0.00621399 0.00203683 0.00866727 
0.768284 0.0150358 0.0311177 0.1697 0.00366587 0.00174335 0.0104536 
0.814359 0.0179695 0.0321473 0.120787 0.00322539 0.0017654 0.00974644 
0.867971 0.0139438 0.0368758 0.0622407 0.00328348 0.00176123 0.0139243 
0.859042 0.0156757 0.0311807 0.0725771 0.00503865 0.00242508 0.0140606 
0.841913 0.00985786 0.0357993 0.0915064 0.00689799 0.00171718 0.0123083 
0.853985 0.0121758 0.0363272 0.0812074 0.00363447 0.00139563 0.011275 
0.753011 0.011888 0.0342082 0.183469 0.00438304 0.00163572 0.0114053 
0.846111 0.0134921 0.0350368 0.0887327 0.00445054 0.0020057 0.0101717 
0.757472 0.00817489 0.0279822 0.186345 0.0114793 8.93784E-4 0.00765236 
0.703399 0.00910779 0.0305304 0.238957 0.00734267 0.00104701 0.00961628 
0.80114 0.0108584 0.0300533 0.138076 0.0073011 0.00106842 0.0115017 
0.783803 0.0113081 0.0306059 0.151657 0.00926622 0.00117565 0.0121846 
0.828271 0.0126639 0.0346693 0.10378 0.0039162 0.00122381 0.0154755 
0.815826 0.0118142 0.0295763 0.119467 0.00701206 0.00141926 0.0148844 
0.657137 0.00646277 0.0432319 0.263491 0.00490081 0.0016098 0.0231665 
0.742527 0.0111568 0.0177537 0.19091 0.0296834 0.00140204 0.00656671 
0.834369 0.0149226 0.0217049 0.0997375 0.0204326 0.00118227 0.0076513 
0.474739 0.00797705 0.0143324 0.42911 0.0648416 0.00102429 0.00797527 
0.732272 0.00824027 0.0233802 0.2109 0.0178157 9.44315E-4 0.0064475 
0.660976 0.0128075 0.0145031 0.271074 0.0330064 0.00105921 0.00657462 
0.409832 0.00817448 0.0117357 0.53839 0.0266082 5.55362E-4 0.00470397 
0.811405 0.0471291 0.0155797 0.101315 0.0140862 0.00115369 0.00933117 
0.801894 0.0610263 0.0157137 0.0982725 0.00983041 0.00113527 0.0121281 
0.850353 0.0506199 0.0180138 0.0672349 0.0051886 0.00101502 0.00757506 
0.843452 0.0405868 0.0166361 0.070972 0.0174487 0.00101142 0.00989321 
0.800919 0.045604 0.0148701 0.108053 0.0176421 0.00126909 0.0116426 
0.848325 0.054434 0.014206 0.0539411 0.0154598 0.00137935 0.0122549 
0.829191 0.0414971 0.0154651 0.0877351 0.0123931 0.00134655 0.0123723 
0.843866 0.0477666 0.0144075 0.0635362 0.0179594 0.00133014 0.0111342 
0.809312 0.0509061 0.0171191 0.100521 0.0107377 9.99082E-4 0.0104045 
0.827819 0.0473903 0.0150673 0.0863495 0.0136312 0.00102492 0.00871819 
0.798292 0.0347655 0.0149266 0.133784 0.0108153 7.06172E-4 0.0067099 
0.715441 0.0385552 0.0201895 0.212693 0.00611342 6.05783E-4 0.00640206 
0.790627 0.042799 0.0173585 0.130187 0.0102539 6.65294E-4 0.00810962 
0.741025 0.0208044 0.017666 0.196885 0.0162459 4.83911E-4 0.00689022 
0.830215 0.0283798 0.017489 0.0963996 0.0148155 7.6753E-4 0.0119336 
0.824586 0.0411804 0.0164061 0.0875599 0.0161428 9.51808E-4 0.0131726 
0.757468 0.0404873 0.0147161 0.161996 0.0152281 9.63146E-4 0.00914134 
0.839152 0.0605531 0.014182 0.060548 0.0118293 0.00143676 0.0122988 
0.834718 0.0314312 0.0152171 0.0881906 0.0148976 0.00108479 0.0144606 
0.832815 0.0389799 0.0160884 0.0851275 0.0108641 0.00144465 0.0146806 
0.841612 0.039926 0.0148553 0.0798282 0.0107339 0.00127452 0.01177 
0.884028 0.0408705 0.019036 0.030738 0.00652883 0.00147458 0.0173242 
0.895704 0.0301934 0.0220431 0.027063 0.00550213 0.0011512 0.0183429 
0.902446 0.025693 0.0210472 0.0264468 0.00667636 0.00114026 0.0165506 
0.890801 0.028457 0.0194193 0.0301298 0.00808228 0.00130443 0.0218059 
0.895153 0.0219036 0.0218031 0.0273893 0.00606641 0.00205646 0.0256283 
0.888226 0.0296504 0.0244685 0.0268074 0.00552228 0.00203486 0.0232904 
0.900822 0.028239 0.024022 0.0180173 0.00554058 0.00299637 0.0203624 
0.896862 0.022174 0.0203821 0.0411874 0.00453264 0.00255391 0.0123077 
0.909025 0.0189367 0.0194024 0.029997 0.00773959 0.00340363 0.0114957 
0.90532 0.016119 0.0284091 0.0277479 0.0043069 0.00235012 0.0157468 
0.906522 0.0145011 0.0282161 0.0282734 0.00593134 0.0019695 0.0145868 
0.919722 0.0127277 0.0341544 0.0119306 0.00284955 0.00209587 0.0165194 
0.913451 0.0123193 0.0370388 0.0163569 0.00275692 0.00169441 0.016383 
