0.903026 0.0169615 0.0398265 0.00943089 0.00529175 0.00660334 0.01886 
0.904998 0.0110394 0.0414024 0.00985078 0.0051292 0.00841499 0.0191651 
0.908048 0.0145911 0.0406121 0.00887647 0.00285588 0.00713693 0.017879 
0.909717 0.0146306 0.0421094 0.0102475 0.00235031 0.00635741 0.0145876 
0.91547 0.0132851 0.0389683 0.00952593 0.00394262 0.00559858 0.0132096 
0.907361 0.0144923 0.0382692 0.00964641 0.00644506 0.00788868 0.0158978 
0.905492 0.0169412 0.038603 0.00639934 0.00507205 0.00847972 0.0190127 
0.906999 0.0135072 0.0414892 0.0073365 0.0036176 0.00763428 0.019416 
0.894214 0.0120249 0.0500073 0.00811853 0.00406701 0.00861628 0.0229519 
0.894616 0.00905846 0.0577999 0.00547371 0.00250798 0.00652032 0.0240239 
0.891088 0.0124351 0.054454 0.00685546 0.00320021 0.00674141 0.0252259 
0.890774 0.0126735 0.0535532 0.00549528 0.00285059 0.00734668 0.0273066 
0.874404 0.0111845 0.0632693 0.00476453 0.00137167 0.00787454 0.0371311 
0.895433 0.0138139 0.0510609 0.00577227 0.00279968 0.006507 0.0246131 
0.897457 0.0201999 0.036922 0.0133149 0.00462713 0.00760419 0.0198751 
0.884608 0.0150723 0.0327221 0.0279398 0.00567317 0.0100494 0.0239357 
0.901024 0.0150569 0.03827 0.0113515 0.00361973 0.0084579 0.0222202 
0.895893 0.0151727 0.0398787 0.0108632 0.00345207 0.00914442 0.0255964 
0.885077 0.012136 0.0505906 0.00739117 0.00182589 0.00579317 0.0371864 
0.884476 0.0139766 0.0450844 0.0103848 0.00454167 0.00651784 0.0350188 
0.882666 0.0160754 0.0446139 0.00797714 0.00261564 0.00670598 0.0393457 
0.888797 0.0101112 0.0502714 0.0107713 0.002148 0.00758497 0.0303164 
0.89311 0.0127133 0.0430832 0.0142727 0.00329357 0.00914679 0.0243808 
0.860165 0.0108274 0.0591628 0.016396 0.00442699 0.0109068 0.0381152 
0.879914 0.0142335 0.0539907 0.0128497 0.00321376 0.00672058 0.0290782 
0.861523 0.0159231 0.0569905 0.00690914 0.00250435 0.00694376 0.0492063 
0.893881 0.0152729 0.0431495 0.0147129 0.00324806 0.00678745 0.0229478 
0.894072 0.0164758 0.0354979 0.0215721 0.00525735 0.00601908 0.0211056 
0.893056 0.00998467 0.0505811 0.0085841 0.0025141 0.00655485 0.0287254 
0.897551 0.0184177 0.032726 0.0182613 0.00686929 0.0052572 0.0209179 
0.900749 0.0155769 0.0353109 0.0174391 0.00538448 0.00624089 0.0192987 
0.883073 0.0136618 0.0413665 0.0331141 0.00396533 0.00685896 0.0179603 
0.904665 0.011185 0.0452599 0.0119641 0.00291224 0.00506677 0.0189468 
0.905936 0.00950075 0.0442405 0.0148483 0.00326258 0.00583432 0.0163776 
0.898169 0.0132023 0.0446805 0.0138192 0.00555155 0.00675116 0.0178259 
0.89491 0.0160601 0.0399276 0.01133 0.00664503 0.00879128 0.022336 
0.896149 0.0158015 0.0345371 0.014406 0.0066892 0.0125862 0.0198306 
0.903205 0.0118825 0.0403783 0.0113974 0.00698719 0.00879654 0.017353 
0.894638 0.0176547 0.0348085 0.00793749 0.00698506 0.0132493 0.0247266 
0.901404 0.0145077 0.0367683 0.00900067 0.00580132 0.00860882 0.023909 
0.896697 0.0159735 0.0352829 0.0142707 0.00931829 0.00900505 0.0194522 
0.910653 0.0108608 0.0420679 0.00813336 0.00237639 0.00658882 0.0193199 
0.894822 0.014553 0.0478247 0.00842038 0.00146631 0.00704734 0.0258661 
0.907122 0.0167783 0.0423304 0.00829545 0.00204664 0.00525782 0.0181692 
0.897873 0.0171516 0.0396885 0.0181539 0.00352179 0.00646571 0.0171452 
0.89254 0.0179157 0.0418693 0.0162514 0.00319996 0.00781561 0.0204078 
0.891216 0.0155542 0.0437411 0.0120231 0.00476139 0.0120864 0.0206181 
0.886262 0.0141368 0.0515149 0.00874146 0.0020221 0.0120376 0.0252847 
0.868762 0.0116856 0.060876 0.00834813 0.00246187 0.0107767 0.0370893 
0.892538 0.0111502 0.0540108 0.00703619 0.00151796 0.00907924 0.024668 
0.898853 0.0129655 0.0462912 0.00814164 0.00269897 0.00835832 0.0226909 
0.895267 0.0105422 0.051809 0.00990127 0.00211411 0.00650274 0.0238639 
0.87797 0.0131566 0.0521797 0.00999263 0.00334745 0.0109439 0.0324098 
0.864001 0.00800659 0.0752304 0.00778039 0.00110016 0.0102221 0.0336595 
0.876582 0.00897336 0.0620398 0.00678972 0.00145501 0.0110117 0.0331487 
0.8874 0.0103169 0.0585069 0.00979723 0.0020002 0.00642167 0.0255569 
0.885622 0.0100465 0.0597549 0.00959913 0.00138226 0.00729012 0.0263055 
0.874254 0.00954064 0.0647514 0.00521528 0.00170964 0.0120783 0.0324508 
0.887998 0.0143714 0.0523604 0.00473055 0.00134567 0.0123236 0.0268704 
0.879034 0.00989734 0.0611309 0.0048442 0.00149285 0.00943879 0.0341617 
0.893129 0.0118657 0.0517921 0.0077757 0.00207464 0.0077187 0.0256446 
0.899457 0.0126773 0.0536001 0.00552939 0.00159241 0.00654097 0.0206027 
0.88913 0.0103417 0.0593919 0.00530203 0.00161214 0.00765754 0.026565 
0.880568 0.0126575 0.0546192 0.00647325 0.00213452 0.0103714 0.0331765 
0.892435 0.0135244 0.0522428 0.00550731 0.00156783 0.0102158 0.0245063 
0.89497 0.0128926 0.0515327 0.00905204 0.00239545 0.00673215 0.0224255 
0.897665 0.016006 0.0453576 0.00538895 0.00252821 0.0067017 0.0263524 
0.899517 0.0144141 0.0447207 0.00995217 0.00367177 0.00582573 0.0218983 
0.893116 0.0203311 0.0401173 0.00975983 0.00448783 0.00699393 0.0251936 
0.891629 0.0153166 0.0459719 0.00942558 0.00375756 0.00817931 0.0257205 
0.89476 0.0125364 0.0526866 0.00851797 0.0024504 0.00607245 0.0229758 
0.901843 0.011811 0.0501229 0.00547679 0.0023084 0.00780983 0.0206277 
0.90039 0.0136329 0.0530088 0.00620119 0.00162588 0.00528243 0.0198583 
0.903207 0.0136904 0.0462271 0.00724372 0.00256643 0.00483218 0.0222329 
0.898844 0.0153477 0.0418478 0.00934144 0.00376612 0.00589331 0.0249602 
0.907713 0.0146115 0.0376642 0.0104193 0.00464615 0.00702086 0.0179245 
0.907718 0.0173145 0.0283751 0.0161795 0.00736216 0.00713216 0.0159184 
0.903336 0.0152112 0.0347661 0.0105069 0.00521721 0.0098388 0.0211235 
0.902292 0.0168568 0.0338734 0.00930301 0.00540345 0.00969595 0.0225754 
0.912593 0.0184388 0.03213 0.00995817 0.00391342 0.006799 0.0161675 
0.908453 0.0193691 0.0337563 0.00841738 0.00443843 0.008221 0.0173448 
0.914688 0.0172003 0.0310903 0.00884149 0.00550348 0.00733763 0.015339 
0.909418 0.018925 0.0295266 0.0131216 0.00488401 0.00778703 0.0163379 
0.901915 0.0256331 0.0273839 0.0172723 0.00703256 0.00640472 0.0143581 
0.884495 0.031091 0.0349634 0.0162281 0.00570844 0.0065764 0.0209374 
0.849105 0.0102612 0.0910472 0.0289709 0.00243419 0.00166292 0.0165184 
0.829044 0.00939143 0.0900861 0.0539127 0.00180354 0.00250038 0.0132616 
0.848729 0.0115574 0.0771263 0.0389116 0.00429204 0.00673823 0.0126454 
0.830945 0.0136669 0.0759418 0.0547977 0.00711295 0.00562094 0.0119151 
0.84025 0.00772159 0.094287 0.0333104 0.00443352 0.00620495 0.0137921 
0.850125 0.0107714 0.105063 0.00780209 0.00491536 0.0042637 0.0170591 
0.612979 0.0102408 0.193297 0.144896 0.00197727 0.0188105 0.0177998 
0.834656 0.0119895 0.118984 0.00228973 0.00372739 0.0116431 0.0167103 
0.832391 0.0204305 0.0865677 0.00173907 0.00679125 0.0374788 0.014602 
0.816717 0.0150591 0.114855 0.00210846 0.00379343 0.0225446 0.0249228 
0.862688 0.0186128 0.0739571 0.00362892 0.00240202 0.0216834 0.017028 
0.866698 0.0142126 0.0817824 0.00784626 0.0020235 0.00954713 0.01789 
0.794306 0.0199525 0.0614698 0.0984057 0.00146232 0.00366298 0.020741 
0.546481 0.154059 0.0224133 0.25685 0.00789776 0.00451058 0.00778805 
0.35883 0.321612 0.0239102 0.262863 0.0123185 0.0106707 0.00979552 
0.209323 0.441126 0.0148115 0.220348 0.082905 0.0159629 0.0155233 
0.101444 0.679211 0.0117662 0.186299 0.0097343 0.00433055 0.00721481 
0.159031 0.495887 0.0239203 0.27415 0.02034 0.0112121 0.0154595 
0.765636 0.0806629 0.0246746 0.109834 0.00381752 0.00868292 0.00669175 
0.429962 0.119165 0.0250847 0.405063 0.00543508 0.00606687 0.00922317 
0.164356 0.655061 0.0181572 0.130583 0.0096282 0.0140211 0.00819272 
0.224204 0.542918 0.0135704 0.184649 0.0183579 0.0084531 0.00784834 
0.196604 0.61964 0.0118195 0.141086 0.0165308 0.00706391 0.00725577 
0.186707 0.563343 0.012846 0.210351 0.0137761 0.00620905 0.00676764 
0.213209 0.534391 0.0176069 0.194761 0.0197525 0.00893625 0.0113428 
0.238207 0.416894 0.0170197 0.275488 0.0331384 0.00779062 0.0114631 
0.440768 0.295949 0.0148632 0.205461 0.0293963 0.00555205 0.00800986 
0.488264 0.354338 0.00800995 0.0812643 0.0565769 0.00394684 0.00760004 
0.354133 0.234975 0.0177568 0.163121 0.197331 0.0137499 0.0189332 
0.214495 0.436857 0.0156377 0.218591 0.091377 0.0100433 0.0129988 
0.416329 0.411692 0.00701064 0.0874743 0.0639916 0.00643297 0.00706884 
0.204256 0.502272 0.057376 0.178381 0.0113052 0.0242242 0.0221857 
0.0304364 0.0718211 0.0209093 0.858951 0.00214171 0.00779703 0.00794346 
0.114362 0.175326 0.0441422 0.623993 0.0071536 0.0143138 0.0207098 
0.548307 0.222799 0.0307224 0.17018 0.00432201 0.0123543 0.0113158 
0.15036 0.400671 0.0325137 0.317215 0.053857 0.0263936 0.0189895 
0.280982 0.352719 0.0373013 0.254455 0.0273729 0.0245688 0.0226016 
0.53723 0.107764 0.0433056 0.26998 0.00416775 0.0182074 0.0193453 
0.642537 0.103666 0.0392434 0.178718 0.00365695 0.0147537 0.0174257 
0.716911 0.0405662 0.0634831 0.151415 0.00151044 0.0095137 0.0166006 
0.793735 0.0302008 0.0578584 0.100567 0.00181067 0.00531854 0.0105094 
0.666955 0.018909 0.0903517 0.204918 0.00116772 0.00550895 0.0121892 
0.849105 0.0102612 0.0910472 0.0289709 0.00243419 0.00166292 0.0165184 
0.829044 0.00939143 0.0900861 0.0539127 0.00180354 0.00250038 0.0132616 
0.848729 0.0115574 0.0771263 0.0389116 0.00429204 0.00673823 0.0126454 
0.830945 0.0136669 0.0759418 0.0547977 0.00711295 0.00562094 0.0119151 
0.84025 0.00772159 0.094287 0.0333104 0.00443352 0.00620495 0.0137921 
0.850125 0.0107714 0.105063 0.00780209 0.00491536 0.0042637 0.0170591 
0.612979 0.0102408 0.193297 0.144896 0.00197727 0.0188105 0.0177998 
0.834656 0.0119895 0.118984 0.00228973 0.00372739 0.0116431 0.0167103 
0.832391 0.0204305 0.0865677 0.00173907 0.00679125 0.0374788 0.014602 
0.816717 0.0150591 0.114855 0.00210846 0.00379343 0.0225446 0.0249228 
0.862688 0.0186128 0.0739571 0.00362892 0.00240202 0.0216834 0.017028 
0.866698 0.0142126 0.0817824 0.00784626 0.0020235 0.00954713 0.01789 
0.794306 0.0199525 0.0614698 0.0984057 0.00146232 0.00366298 0.020741 
0.546481 0.154059 0.0224133 0.25685 0.00789776 0.00451058 0.00778805 
0.35883 0.321612 0.0239102 0.262863 0.0123185 0.0106707 0.00979552 
0.209323 0.441126 0.0148115 0.220348 0.082905 0.0159629 0.0155233 
0.101444 0.679211 0.0117662 0.186299 0.0097343 0.00433055 0.00721481 
0.159031 0.495887 0.0239203 0.27415 0.02034 0.0112121 0.0154595 
0.765636 0.0806629 0.0246746 0.109834 0.00381752 0.00868292 0.00669175 
0.429962 0.119165 0.0250847 0.405063 0.00543508 0.00606687 0.00922317 
0.164356 0.655061 0.0181572 0.130583 0.0096282 0.0140211 0.00819272 
0.224204 0.542918 0.0135704 0.184649 0.0183579 0.0084531 0.00784834 
0.196604 0.61964 0.0118195 0.141086 0.0165308 0.00706391 0.00725577 
0.186707 0.563343 0.012846 0.210351 0.0137761 0.00620905 0.00676764 
0.213209 0.534391 0.0176069 0.194761 0.0197525 0.00893625 0.0113428 
0.238207 0.416894 0.0170197 0.275488 0.0331384 0.00779062 0.0114631 
0.440768 0.295949 0.0148632 0.205461 0.0293963 0.00555205 0.00800986 
0.488264 0.354338 0.00800995 0.0812643 0.0565769 0.00394684 0.00760004 
0.354133 0.234975 0.0177568 0.163121 0.197331 0.0137499 0.0189332 
0.214495 0.436857 0.0156377 0.218591 0.091377 0.0100433 0.0129988 
0.416329 0.411692 0.00701064 0.0874743 0.0639916 0.00643297 0.00706884 
0.204256 0.502272 0.057376 0.178381 0.0113052 0.0242242 0.0221857 
0.0304364 0.0718211 0.0209093 0.858951 0.00214171 0.00779703 0.00794346 
0.114362 0.175326 0.0441422 0.623993 0.0071536 0.0143138 0.0207098 
0.548307 0.222799 0.0307224 0.17018 0.00432201 0.0123543 0.0113158 
0.15036 0.400671 0.0325137 0.317215 0.053857 0.0263936 0.0189895 
0.280982 0.352719 0.0373013 0.254455 0.0273729 0.0245688 0.0226016 
0.53723 0.107764 0.0433056 0.26998 0.00416775 0.0182074 0.0193453 
0.642537 0.103666 0.0392434 0.178718 0.00365695 0.0147537 0.0174257 
0.716911 0.0405662 0.0634831 0.151415 0.00151044 0.0095137 0.0166006 
0.793735 0.0302008 0.0578584 0.100567 0.00181067 0.00531854 0.0105094 
0.666955 0.018909 0.0903517 0.204918 0.00116772 0.00550895 0.0121892 
0.819841 0.00696798 0.126625 0.011691 0.00411069 0.0187856 0.0119791 
0.805777 0.00626364 0.142619 0.00996893 0.00354383 0.0176506 0.0141766 
0.830278 0.00700232 0.128993 0.00844286 0.00410421 0.0107066 0.0104729 
0.78346 0.00585061 0.160427 0.0112057 0.00282914 0.0165725 0.0196551 
0.797759 0.00580911 0.156291 0.0137881 0.00190842 0.0108082 0.0136367 
0.836564 0.00749613 0.121245 0.00864004 0.00234959 0.0111894 0.0125152 
0.803807 0.00707447 0.149048 0.0114024 0.0013879 0.0119491 0.0153306 
0.834993 0.00670868 0.120557 0.0112193 0.00194407 0.0124601 0.012118 
0.792354 0.00672542 0.14978 0.0231123 0.00203577 0.00966527 0.0163272 
0.839381 0.00864148 0.104944 0.01854 0.0038174 0.0133334 0.0113427 
0.838897 0.00682049 0.112555 0.018029 0.00282997 0.00879061 0.012078 
0.780948 0.00590064 0.139656 0.0401627 0.00380432 0.0119528 0.0175761 
0.801045 0.00603115 0.151444 0.0164087 0.00212844 0.00717823 0.0157647 
0.803573 0.00818021 0.152056 0.0177654 0.00158864 0.00392431 0.0129124 
0.819841 0.00696798 0.126625 0.011691 0.00411069 0.0187856 0.0119791 
0.805777 0.00626364 0.142619 0.00996893 0.00354383 0.0176506 0.0141766 
0.830278 0.00700232 0.128993 0.00844286 0.00410421 0.0107066 0.0104729 
0.78346 0.00585061 0.160427 0.0112057 0.00282914 0.0165725 0.0196551 
0.797759 0.00580911 0.156291 0.0137881 0.00190842 0.0108082 0.0136367 
0.836564 0.00749613 0.121245 0.00864004 0.00234959 0.0111894 0.0125152 
0.803807 0.00707447 0.149048 0.0114024 0.0013879 0.0119491 0.0153306 
0.834993 0.00670868 0.120557 0.0112193 0.00194407 0.0124601 0.012118 
0.792354 0.00672542 0.14978 0.0231123 0.00203577 0.00966527 0.0163272 
0.839381 0.00864148 0.104944 0.01854 0.0038174 0.0133334 0.0113427 
0.838897 0.00682049 0.112555 0.018029 0.00282997 0.00879061 0.012078 
0.780948 0.00590064 0.139656 0.0401627 0.00380432 0.0119528 0.0175761 
0.801045 0.00603115 0.151444 0.0164087 0.00212844 0.00717823 0.0157647 
0.803573 0.00818021 0.152056 0.0177654 0.00158864 0.00392431 0.0129124 
0.843879 0.0076102 0.101689 0.024498 0.0025798 0.002153 0.0175904 
0.847606 0.00922932 0.0776157 0.0457834 0.00396433 0.0024833 0.0133181 
0.850439 0.0109801 0.0697902 0.0564476 0.00302302 0.001716 0.00760408 
0.875242 0.0114513 0.0698947 0.0231569 0.00507518 0.00222241 0.0129579 
0.87053 0.0119056 0.0670034 0.0288108 0.00587894 0.00243801 0.0134331 
0.862532 0.0131591 0.0615514 0.0390925 0.00550913 0.00387677 0.0142791 
0.850886 0.0112171 0.0745154 0.0424353 0.00321986 0.00354481 0.0141814 
0.876904 0.0118272 0.0570699 0.0369625 0.00416873 0.00382197 0.00924532 
0.868859 0.00835055 0.0749642 0.0322079 0.00254144 0.00297097 0.0101059 
0.864856 0.0109215 0.0850442 0.0227023 0.00176264 0.00216412 0.0125496 
0.871781 0.010911 0.0827005 0.0153752 0.00169002 0.00299753 0.0145451 
0.859723 0.00903373 0.0657043 0.05096 0.00492908 0.00235076 0.00729863 
0.86167 0.0127555 0.0738767 0.0331599 0.00834078 0.00142287 0.00877408 
0.839804 0.0163003 0.0453555 0.0781625 0.012622 0.0013049 0.00645103 
0.854987 0.0200751 0.0723194 0.0371416 0.00445876 0.00109808 0.00992021 
0.873245 0.0135829 0.0658012 0.032859 0.00278773 0.00184259 0.00988177 
0.881199 0.0156036 0.0623959 0.0259833 0.00284278 0.00200278 0.0099729 
0.87071 0.0189788 0.0704878 0.0224529 0.00188425 0.00194738 0.0135388 
0.876036 0.0182234 0.0639615 0.0244914 0.00310036 0.001862 0.0123255 
0.877988 0.0166075 0.0697377 0.0188457 0.00342842 0.00189239 0.0115001 
0.881431 0.0174084 0.0638791 0.0207018 0.00239785 0.00214061 0.0120418 
0.867778 0.0225089 0.0661634 0.0229136 0.00200668 0.00267562 0.0159538 
0.860118 0.0243473 0.0522317 0.0446968 0.004604 0.00244553 0.0115571 
0.833062 0.0222981 0.0870498 0.0396891 0.0018576 0.00151399 0.0145295 
0.822822 0.0213492 0.0983438 0.0376136 0.00155451 0.00165769 0.0166596 
0.814359 0.017821 0.0955721 0.0571386 0.00136513 0.00147442 0.0122699 
0.816856 0.0168934 0.0767808 0.0742447 0.00234994 0.00191641 0.0109585 
0.836402 0.0148936 0.0706964 0.0638071 0.00346758 0.00148052 0.00925319 
