0.874084 0.00882425 0.0596262 0.00477202 0.00262585 0.0146675 0.0354005 
0.842676 0.00940652 0.071709 0.00232673 0.00220844 0.0203496 0.0513239 
0.857927 0.0115927 0.0712341 0.00307262 0.00142962 0.0168056 0.0379384 
0.896411 0.0157902 0.051866 0.00383619 0.00192555 0.00967551 0.0204958 
0.896164 0.0123376 0.0553699 0.00428692 0.00150099 0.00925289 0.021088 
0.89141 0.0121201 0.0504407 0.00799717 0.00384037 0.0127748 0.0214169 
0.877154 0.00947636 0.0601611 0.0102548 0.00355882 0.0138649 0.0255302 
0.885451 0.0112332 0.0535694 0.0123119 0.00576766 0.0128119 0.0188555 
0.878912 0.00854399 0.0561265 0.0144012 0.00480292 0.0129928 0.0242204 
0.883178 0.0105134 0.0518371 0.0148936 0.00550907 0.0133603 0.0207082 
0.891957 0.0111783 0.0509067 0.00601382 0.00583213 0.0113675 0.0227444 
0.882821 0.0104399 0.0510295 0.0116956 0.0101885 0.0102253 0.0235998 
0.870107 0.00820348 0.0710043 0.00503233 0.00263085 0.00948491 0.0335369 
0.871572 0.0116556 0.0605366 0.00361837 0.00468293 0.013114 0.0348206 
0.900029 0.0164775 0.0401791 0.0058922 0.00359287 0.0070441 0.0267854 
0.898303 0.0127389 0.0400255 0.0189252 0.00402326 0.00569764 0.0202861 
0.899374 0.0156086 0.0386136 0.0107175 0.00628115 0.00580395 0.0236015 
0.895395 0.0124733 0.0462839 0.0151977 0.00385513 0.00455326 0.0222417 
0.906577 0.0164974 0.0382109 0.0122454 0.00511868 0.00563414 0.0157168 
0.909061 0.0166596 0.0371717 0.0106158 0.00501671 0.00475557 0.0167196 
0.893251 0.018351 0.0331062 0.0167668 0.0115687 0.00599588 0.0209609 
0.899566 0.0127346 0.0496667 0.00841096 0.00391071 0.00449619 0.0212151 
0.888911 0.0215146 0.0395474 0.0133272 0.00804453 0.00574502 0.0229101 
0.909736 0.0136955 0.0399576 0.0077856 0.00327666 0.00585245 0.0196962 
0.893323 0.0166174 0.0331628 0.0320422 0.00339825 0.00616011 0.0152963 
0.899539 0.0136762 0.0497916 0.00761256 0.00255588 0.00430517 0.0225194 
0.901528 0.0151165 0.0421179 0.0113393 0.00356189 0.00748056 0.0188555 
0.899342 0.0149917 0.0443721 0.00627896 0.002596 0.00814348 0.0242762 
0.895104 0.0158802 0.0482586 0.00721096 0.00244291 0.00550655 0.0255968 
0.893699 0.0163126 0.0500425 0.0054298 0.00273515 0.00650797 0.0252732 
0.879147 0.0159411 0.0291129 0.0475292 0.0107331 0.0042093 0.0133275 
0.899901 0.0106898 0.0501247 0.00589573 0.00406499 0.00717167 0.0221517 
0.875413 0.0178077 0.0303747 0.0464927 0.0088345 0.0067154 0.014362 
0.898387 0.0116883 0.0459912 0.00832497 0.00615874 0.00525094 0.0241992 
0.901888 0.0138242 0.0380541 0.0198474 0.00579309 0.00425181 0.0163415 
0.890957 0.00915506 0.0528929 0.00919403 0.00274043 0.00608749 0.0289728 
0.897171 0.00963897 0.0539375 0.00969891 0.00244039 0.00564246 0.0214711 
0.886632 0.0156288 0.0447532 0.00981851 0.00453469 0.00858069 0.0300523 
0.902342 0.0153653 0.0399002 0.0156267 0.00416534 0.00520067 0.0173999 
0.891558 0.0169668 0.0505704 0.00627241 0.00210123 0.00480414 0.0277266 
0.894522 0.0179935 0.0489941 0.0106557 0.00164843 0.00288179 0.0233042 
0.894 0.013121 0.0489967 0.0195227 0.00302164 0.00306165 0.0182763 
0.840583 0.00887328 0.07102 0.0519569 0.00171917 0.00612655 0.0197215 
0.861684 0.0119768 0.0528619 0.0435035 0.00374472 0.00634246 0.0198866 
0.855492 0.00822662 0.0732542 0.0330527 0.00329398 0.00409854 0.0225823 
0.84076 0.00782607 0.0918764 0.0245787 9.63321E-4 0.00694998 0.0270457 
0.83583 0.00880265 0.0810489 0.0436897 0.00178538 0.00603701 0.0228067 
0.774619 0.00821186 0.081609 0.102678 0.0028132 0.00691471 0.023155 
0.796931 0.00739048 0.0842442 0.0692795 0.0028121 0.0085185 0.0308241 
0.783079 0.00882931 0.0712237 0.103119 0.0031432 0.00688407 0.0237215 
0.806218 0.0109138 0.0651811 0.0862756 0.00195361 0.00651858 0.0229391 
0.837551 0.00896501 0.0590811 0.0656587 0.00259463 0.00503875 0.0211108 
0.869612 0.00823452 0.0676932 0.0252256 0.00199673 0.00415318 0.0230848 
0.849437 0.00899226 0.077915 0.0241002 0.00180526 0.00506679 0.0326832 
0.885184 0.00968349 0.0614316 0.0182841 0.00223814 0.00409019 0.0190881 
0.841556 0.00831489 0.0748036 0.0470036 0.00201233 0.00435943 0.0219501 
0.860368 0.00970436 0.0649766 0.0457463 0.00203139 0.00449033 0.0126825 
0.836542 0.0076689 0.0831161 0.0451979 0.00182814 0.00774315 0.0179036 
0.827086 0.00882339 0.0723597 0.0669212 0.00335346 0.00639014 0.0150662 
0.842983 0.00859135 0.0710008 0.0428478 0.00342955 0.0119105 0.0192367 
0.866206 0.00829429 0.0724892 0.0240364 0.00208937 0.00690367 0.0199808 
0.867437 0.00854086 0.0755031 0.0232435 0.00196505 0.00519151 0.0181192 
0.873948 0.00839351 0.0620573 0.0311352 0.00458255 0.00517962 0.0147037 
0.881688 0.0086748 0.0717361 0.0139962 0.00179256 0.00468554 0.0174272 
0.863185 0.00867286 0.087178 0.0133561 0.00136792 0.00468812 0.0215516 
0.889081 0.0093972 0.0658731 0.0117162 0.00173653 0.00454986 0.0176462 
0.878776 0.0106766 0.059734 0.0313069 0.00206695 0.00307133 0.0143687 
0.888137 0.0110857 0.04706 0.0369931 0.00444625 0.00302115 0.00925691 
0.86866 0.0115403 0.0665668 0.0362939 0.00147007 0.00370696 0.0117617 
0.755481 0.00854017 0.0719155 0.137831 0.00352014 0.00630482 0.0164079 
0.877358 0.0139356 0.0420973 0.0450144 0.00710435 0.00398537 0.010505 
0.851943 0.0106606 0.0524578 0.0633978 0.00551902 0.00541387 0.0106082 
0.865721 0.00814442 0.0599904 0.0476152 0.00446677 0.0039985 0.010064 
0.891022 0.0123785 0.0401055 0.0402497 0.00599167 0.00328366 0.00696924 
0.740286 0.0302414 0.0190273 0.193114 0.00891881 0.00269999 0.00571281 
0.237321 0.0726101 0.0145722 0.661095 0.00701509 0.00200072 0.00538641 
0.283722 0.0469722 0.0122962 0.641124 0.0100352 0.00157928 0.0042703 
0.45204 0.0504683 0.0147251 0.469459 0.00762159 0.0011351 0.00455061 
0.449445 0.0979242 0.0192553 0.416498 0.00771629 0.00254124 0.00662006 
0.510265 0.0913504 0.018882 0.355658 0.0135423 0.00231504 0.00798704 
0.384792 0.0417066 0.0151524 0.542382 0.00796809 0.00139679 0.00660122 
0.679134 0.0317877 0.024258 0.251186 0.00429927 0.00154226 0.00779259 
0.763632 0.0413131 0.0262047 0.155353 0.00472876 0.00132732 0.00744122 
0.779668 0.0305126 0.0329451 0.145248 0.00294756 8.33728E-4 0.00784497 
0.690188 0.0359052 0.0197965 0.240571 0.0058358 0.00126429 0.00643955 
0.629446 0.0223774 0.0205193 0.315051 0.00683793 0.00124531 0.00452299 
0.737842 0.0430137 0.0224724 0.185703 0.00481998 0.00139114 0.00475779 
0.747883 0.0535353 0.0214946 0.163511 0.00595884 0.001627 0.00598969 
0.698419 0.0257177 0.0243819 0.238858 0.00525185 0.00133219 0.00603922 
0.726824 0.0212052 0.020636 0.214859 0.0103942 0.00153434 0.00454684 
0.821885 0.0176766 0.0344829 0.112726 0.00367888 0.00182939 0.00772112 
0.831992 0.0263065 0.0239352 0.101495 0.00682178 0.0023252 0.00712405 
0.776114 0.0195795 0.0210151 0.167017 0.0089938 0.001951 0.00532967 
0.75495 0.0129236 0.0352172 0.185325 0.0038054 0.00218211 0.00559622 
0.869851 0.00897388 0.0382887 0.0622633 0.00373081 0.00330965 0.0135826 
0.78212 0.0128872 0.025806 0.160906 0.00665714 0.00262282 0.00900087 
0.858498 0.015388 0.0364808 0.0673977 0.00257118 0.00297149 0.0166926 
0.85675 0.0141883 0.0483293 0.0498757 0.00133932 0.00356089 0.0259561 
0.886087 0.00986581 0.042631 0.0235555 0.00252552 0.00471992 0.0306149 
0.851183 0.012155 0.0507933 0.0554214 0.0016716 0.00268919 0.0260861 
0.800196 0.0125372 0.0613023 0.0828038 0.00152974 0.00280862 0.0388222 
0.853632 0.0106105 0.0510877 0.055981 0.00171403 0.00304574 0.023929 
0.827064 0.0107698 0.0682537 0.0556762 9.77298E-4 0.0041377 0.0331211 
0.847029 0.0110101 0.0673206 0.043626 8.14481E-4 0.00350542 0.026694 
0.87078 0.0108339 0.0532991 0.0285464 0.00125571 0.004716 0.0305689 
0.822312 0.0113038 0.0523824 0.0715989 0.00179668 0.00475975 0.0358465 
0.855584 0.0128149 0.051153 0.0486901 0.00149789 0.00294488 0.0273156 
0.877824 0.0108648 0.0536305 0.0247913 0.00106077 0.00274743 0.0290817 
0.87221 0.0143434 0.0341774 0.0546082 0.00332523 0.0040114 0.0173245 
0.871409 0.0124022 0.0399145 0.0463123 0.00266987 0.00391387 0.0233777 
0.885016 0.0108749 0.0322173 0.0498572 0.00384842 0.00341821 0.014768 
0.889769 0.0135351 0.0357125 0.0414692 0.00271706 0.00288068 0.013916 
0.854697 0.00899061 0.0419578 0.063548 0.00370684 0.0048038 0.0222958 
0.886797 0.0100782 0.043932 0.0285999 0.0033069 0.00308672 0.0241997 
0.877341 0.0104371 0.0460835 0.0257833 0.00335352 0.00391787 0.033084 
0.894652 0.0127592 0.0385917 0.0304821 0.0026082 0.00331503 0.0175914 
0.895739 0.0112502 0.0408445 0.0228003 0.00315773 0.00324807 0.0229601 
0.896233 0.0239815 0.0305292 0.0170556 0.0045301 0.00404803 0.0236229 
0.904896 0.0200041 0.0319571 0.0199441 0.00580364 0.00316294 0.0142319 
0.89541 0.0196484 0.0216954 0.0361244 0.00977731 0.0046034 0.0127408 
0.876178 0.0161637 0.0258897 0.0428276 0.0181811 0.00573433 0.0150257 
0.893134 0.0197164 0.0282347 0.0310412 0.00746721 0.00511488 0.0152912 
0.88637 0.0152954 0.0394663 0.0377212 0.0034468 0.00408619 0.0136143 
0.870959 0.0135624 0.0320635 0.0607957 0.00584165 0.00335763 0.0134204 
0.825596 0.0136542 0.0308018 0.105198 0.00694715 0.00479778 0.0130052 
0.882926 0.0172991 0.0276182 0.044731 0.00693274 0.00688141 0.0136118 
0.879631 0.0144437 0.0324542 0.0420486 0.00980012 0.00558315 0.0160391 
0.869152 0.0283977 0.0192092 0.0564235 0.0152902 0.00439737 0.00713019 
