0.870493 0.0109933 0.0598184 0.00616045 0.00565493 0.0143625 0.0325173 
0.885525 0.0118447 0.0579482 0.0044732 0.003003 0.0131213 0.0240849 
0.894865 0.012952 0.0500658 0.00532453 0.00283952 0.0105994 0.023354 
0.871232 0.0169806 0.0574577 0.00345626 0.0028879 0.0104172 0.037568 
0.885846 0.0159114 0.0505365 0.00537809 0.00672666 0.00605839 0.0295429 
0.891764 0.0190705 0.0475183 0.00489348 0.00489551 0.00606798 0.0257903 
0.899497 0.0144098 0.0494458 0.00815404 0.0035763 0.00406845 0.0208486 
0.864059 0.0144562 0.062737 0.00485354 0.00208275 0.00662199 0.0451899 
0.88949 0.0183827 0.0505988 0.00606717 0.0027477 0.00502929 0.0276842 
0.894827 0.0162905 0.050822 0.00637555 0.00259757 0.0039868 0.0251006 
0.901179 0.0174939 0.0437021 0.00571237 0.00465829 0.00552029 0.0217338 
0.903932 0.0180003 0.0397937 0.0089064 0.0040786 0.00455912 0.02073 
0.905559 0.0137181 0.0405755 0.00728683 0.00425809 0.00455201 0.0240508 
0.896305 0.0133134 0.0479386 0.00612203 0.00187479 0.00430625 0.0301398 
0.906619 0.0141213 0.0455367 0.0105532 0.00204288 0.00398007 0.0171464 
0.914285 0.0145434 0.0382391 0.0102051 0.00248131 0.0051328 0.0151129 
0.91008 0.0176895 0.0312036 0.0117031 0.00721799 0.00723625 0.0148692 
0.887074 0.0123087 0.0413938 0.00582448 0.0050237 0.0145392 0.0338365 
0.901968 0.0153199 0.0339851 0.0108213 0.00357802 0.0118868 0.022441 
0.902785 0.0149466 0.0377739 0.0109512 0.0032846 0.00585687 0.0244021 
0.902601 0.0158563 0.0362456 0.011871 0.00432263 0.00600754 0.0230954 
0.896315 0.0169035 0.0392013 0.009196 0.00393823 0.00607136 0.0283749 
0.901806 0.0127303 0.0402835 0.0130453 0.00308081 0.0056453 0.0234091 
0.901077 0.0110381 0.0399948 0.0170303 0.00353384 0.00654109 0.0207848 
0.896749 0.0134115 0.0369557 0.0181754 0.0053518 0.00615095 0.0232057 
0.90225 0.0138989 0.0334867 0.0218114 0.00566928 0.00604908 0.0168347 
0.897568 0.0138053 0.0410059 0.0148136 0.00259869 0.00618896 0.0240193 
0.900185 0.0136513 0.0452248 0.0132991 0.00186829 0.00585952 0.0199124 
0.869934 0.0104669 0.0510884 0.0228529 0.00297772 0.0121673 0.0305132 
0.905391 0.0106673 0.0425029 0.00776305 0.00217542 0.00647565 0.0250251 
0.914285 0.0145434 0.0382391 0.0102051 0.00248131 0.0051328 0.0151129 
0.91008 0.0176895 0.0312036 0.0117031 0.00721799 0.00723625 0.0148692 
0.887074 0.0123087 0.0413938 0.00582448 0.0050237 0.0145392 0.0338365 
0.901968 0.0153199 0.0339851 0.0108213 0.00357802 0.0118868 0.022441 
0.902785 0.0149466 0.0377739 0.0109512 0.0032846 0.00585687 0.0244021 
0.902601 0.0158563 0.0362456 0.011871 0.00432263 0.00600754 0.0230954 
0.896315 0.0169035 0.0392013 0.009196 0.00393823 0.00607136 0.0283749 
0.901806 0.0127303 0.0402835 0.0130453 0.00308081 0.0056453 0.0234091 
0.901077 0.0110381 0.0399948 0.0170303 0.00353384 0.00654109 0.0207848 
0.896749 0.0134115 0.0369557 0.0181754 0.0053518 0.00615095 0.0232057 
0.90225 0.0138989 0.0334867 0.0218114 0.00566928 0.00604908 0.0168347 
0.897568 0.0138053 0.0410059 0.0148136 0.00259869 0.00618896 0.0240193 
0.900185 0.0136513 0.0452248 0.0132991 0.00186829 0.00585952 0.0199124 
0.869934 0.0104669 0.0510884 0.0228529 0.00297772 0.0121673 0.0305132 
0.905391 0.0106673 0.0425029 0.00776305 0.00217542 0.00647565 0.0250251 
0.788193 0.00800863 0.0647412 0.106764 0.00552576 0.00718255 0.0195852 
0.827261 0.00762398 0.0649595 0.0732049 0.0035935 0.00472097 0.0186362 
0.83438 0.00732949 0.079529 0.0497976 0.0024551 0.00735661 0.0191526 
0.849504 0.00728719 0.0760479 0.0454875 0.00267795 0.0040316 0.014964 
0.863752 0.00898458 0.06292 0.0424346 0.00348946 0.00684307 0.0115763 
0.833135 0.0090421 0.0634928 0.0624608 0.00642542 0.00757923 0.0178647 
0.839883 0.0102452 0.0652953 0.0576254 0.00440406 0.00684543 0.0157019 
0.828043 0.00751023 0.0804595 0.059734 0.0034589 0.00491745 0.0158773 
0.758157 0.00961905 0.0752339 0.128481 0.00389316 0.00758014 0.0170361 
0.740016 0.00784307 0.081393 0.146331 0.00484103 0.00583735 0.0137384 
0.757009 0.00867384 0.0886467 0.116367 0.00365721 0.00742665 0.0182193 
0.766605 0.00779304 0.0894126 0.105749 0.00433179 0.00827339 0.017836 
0.808879 0.00746508 0.0607847 0.0948396 0.00927304 0.00672399 0.0120343 
0.817092 0.00656023 0.0749851 0.072716 0.00378632 0.00673482 0.0181259 
0.825321 0.00695804 0.079899 0.0548089 0.00499366 0.00922407 0.0187951 
0.914285 0.0145434 0.0382391 0.0102051 0.00248131 0.0051328 0.0151129 
0.91008 0.0176895 0.0312036 0.0117031 0.00721799 0.00723625 0.0148692 
0.887074 0.0123087 0.0413938 0.00582448 0.0050237 0.0145392 0.0338365 
0.901968 0.0153199 0.0339851 0.0108213 0.00357802 0.0118868 0.022441 
0.902785 0.0149466 0.0377739 0.0109512 0.0032846 0.00585687 0.0244021 
0.902601 0.0158563 0.0362456 0.011871 0.00432263 0.00600754 0.0230954 
0.896315 0.0169035 0.0392013 0.009196 0.00393823 0.00607136 0.0283749 
0.901806 0.0127303 0.0402835 0.0130453 0.00308081 0.0056453 0.0234091 
0.901077 0.0110381 0.0399948 0.0170303 0.00353384 0.00654109 0.0207848 
0.896749 0.0134115 0.0369557 0.0181754 0.0053518 0.00615095 0.0232057 
0.90225 0.0138989 0.0334867 0.0218114 0.00566928 0.00604908 0.0168347 
0.897568 0.0138053 0.0410059 0.0148136 0.00259869 0.00618896 0.0240193 
0.900185 0.0136513 0.0452248 0.0132991 0.00186829 0.00585952 0.0199124 
0.869934 0.0104669 0.0510884 0.0228529 0.00297772 0.0121673 0.0305132 
0.905391 0.0106673 0.0425029 0.00776305 0.00217542 0.00647565 0.0250251 
0.849045 0.0113044 0.0991712 0.0213554 0.00226925 0.00289096 0.0139637 
0.868407 0.0104345 0.0914012 0.0140494 0.00159086 0.0039271 0.0101901 
0.868466 0.0100357 0.0852289 0.0208161 0.00350747 0.00245905 0.00948648 
0.867593 0.0124711 0.0836198 0.0201795 0.00282353 0.00258155 0.0107313 
0.859819 0.0131663 0.0929633 0.0190039 0.00135507 0.00243256 0.0112598 
0.868078 0.0179388 0.0771814 0.0227357 0.00169975 0.002953 0.00941316 
0.86119 0.0147331 0.0926039 0.0149812 0.00127956 0.00282389 0.0123878 
0.862393 0.0127662 0.0942408 0.0167656 0.00123242 0.00260659 0.00999535 
0.87151 0.0119166 0.0887099 0.0127357 0.00135191 0.00256395 0.0112119 
0.894413 0.0136925 0.0608362 0.016093 0.0049582 0.00169508 0.00831196 
0.87649 0.0162755 0.0713941 0.0185918 0.00289263 0.00247487 0.0118812 
0.87712 0.0157004 0.0780124 0.0128288 0.00266181 0.00234209 0.0113344 
0.896412 0.0193015 0.0495192 0.0164901 0.00617511 0.00400047 0.00810171 
0.852658 0.058797 0.0431703 0.0101391 0.0151588 0.00438955 0.0156875 
0.888471 0.0292993 0.0533974 0.00820214 0.00644217 0.00275116 0.0114372 
0.884527 0.0311099 0.0413277 0.0215659 0.0113928 0.00271691 0.00735976 
0.88129 0.0189814 0.0556748 0.0203553 0.012003 0.00305487 0.00864077 
0.87315 0.0152406 0.058122 0.0311853 0.0108876 0.00305154 0.00836287 
0.869094 0.0160893 0.0645558 0.0258023 0.0102175 0.00359768 0.0106434 
0.864195 0.0138875 0.0807781 0.02466 0.00567839 0.00184502 0.00895638 
0.863131 0.00931089 0.0886425 0.0196859 0.00441697 0.0025728 0.0122395 
0.832165 0.00860333 0.0867755 0.050679 0.00549995 0.00368055 0.0125962 
0.843266 0.0107216 0.0891707 0.0393231 0.00341075 0.00284036 0.0112678 
0.872847 0.010943 0.058356 0.0402481 0.00828348 0.00279285 0.00653005 
0.862816 0.00877417 0.0622862 0.0513925 0.00593871 0.00343486 0.00535764 
0.851229 0.0103774 0.0756105 0.0478439 0.00335375 0.00336953 0.00821588 
0.866408 0.0118674 0.0646733 0.0359486 0.00852563 0.00337958 0.00919756 
0.870512 0.0112998 0.0631027 0.0265738 0.0130353 0.00362092 0.0118555 
0.876683 0.0206671 0.0463425 0.0367193 0.0101943 0.00233629 0.00705766 
0.872093 0.0154463 0.0556054 0.0385963 0.00774869 0.00230505 0.00820506 
0.885555 0.0212951 0.0382087 0.0339962 0.0100741 0.00302581 0.00784483 
0.883383 0.0175366 0.0572631 0.0266867 0.00357631 0.00242017 0.00913398 
0.88851 0.0206549 0.0550692 0.0176917 0.00331649 0.0027188 0.0120387 
0.881704 0.0164197 0.0593929 0.0237691 0.00394692 0.00252867 0.0122389 
0.882597 0.0154741 0.0566758 0.0286435 0.00599152 0.00286826 0.00775022 
0.873003 0.0181912 0.0643635 0.0238413 0.00429362 0.00309514 0.0132119 
0.890476 0.0185947 0.0566304 0.0152703 0.00389056 0.00342713 0.0117107 
0.878095 0.0139193 0.0623093 0.0260811 0.00373053 0.00321667 0.0126478 
0.881625 0.0151942 0.058636 0.0259635 0.00335623 0.00340295 0.0118221 
0.877302 0.0131472 0.0643455 0.0258004 0.00313902 0.00407463 0.012191 
0.882795 0.0166239 0.056945 0.0227743 0.00641454 0.00280154 0.0116456 
0.866664 0.0151754 0.0724782 0.0279688 0.00239955 0.00242254 0.0128911 
0.870449 0.0163379 0.0668918 0.0243349 0.00273868 0.00328113 0.0159671 
0.859994 0.0207783 0.051741 0.0459528 0.00717932 0.00334815 0.0110066 
0.863875 0.0140885 0.0475711 0.053998 0.009315 0.00297144 0.00818073 
0.883131 0.0149279 0.0493863 0.0321499 0.00861194 0.00319861 0.00859411 
0.876394 0.0143083 0.0440648 0.0459043 0.00902444 0.00269166 0.00761255 
0.876205 0.0189275 0.0516494 0.0366609 0.0040262 0.00300534 0.00952585 
0.86582 0.0134204 0.0596167 0.047933 0.00411441 0.00226885 0.00682705 
0.850942 0.00917558 0.065763 0.0562714 0.00637691 0.00330138 0.00816938 
0.840314 0.00606647 0.0918232 0.0467137 0.00314637 0.00265925 0.00927699 
0.860257 0.0103559 0.0762129 0.031023 0.00444341 0.0024856 0.0152221 
0.870479 0.00946814 0.0601817 0.0381978 0.00807285 0.00332365 0.0102767 
0.839029 0.00761514 0.0781089 0.056639 0.00504335 0.00292945 0.0106352 
0.867267 0.00926368 0.0736588 0.0292805 0.00359465 0.00305198 0.0138836 
0.846783 0.0125535 0.0852302 0.0362699 0.00333835 0.00191463 0.0139105 
0.869329 0.0103738 0.0805236 0.0173271 0.00423579 0.00284371 0.0153672 
