0.720073 0.0116697 0.187425 0.00330997 0.00947582 0.00747247 0.0605744 
0.74602 0.0102655 0.160341 0.00693394 0.0229567 0.00657484 0.0469083 
0.734364 0.00876514 0.17118 0.00317754 0.00852683 0.00690641 0.06708 
0.733552 0.00788121 0.170147 0.00297457 0.00696331 0.00550305 0.0729788 
0.739912 0.00753707 0.171278 0.00321164 0.00531326 0.00619434 0.0665536 
0.759387 0.00689585 0.151521 0.00271182 0.00540219 0.00553949 0.0685425 
0.77083 0.00863904 0.142818 0.00315028 0.00526431 0.00658988 0.062709 
0.774118 0.00987605 0.135852 0.00280529 0.00608004 0.00563231 0.0656364 
0.767229 0.00949776 0.151154 0.00328826 0.00747381 0.00473973 0.0566173 
0.766552 0.00783103 0.146039 0.00312994 0.00674293 0.00409657 0.0656084 
0.759263 0.00891641 0.149022 0.00345554 0.00740436 0.00586926 0.0660689 
0.790555 0.00771476 0.121476 0.00442907 0.00627705 0.00574072 0.063807 
0.637679 0.00841532 0.172471 0.00321539 0.0116399 0.0067183 0.159861 
0.677667 0.00887785 0.150013 0.0030755 0.00722983 0.0111553 0.141981 
0.710695 0.00754948 0.168021 0.00376266 0.00771381 0.008114 0.0941439 
0.718519 0.0065499 0.168897 0.00440792 0.0066665 0.00660799 0.0883524 
0.694502 0.00583577 0.189195 0.00415314 0.00345454 0.00729327 0.0955665 
0.8645 0.0156293 0.0278526 0.068358 0.0147291 0.00216859 0.00676237 
0.758762 0.0249141 0.0209444 0.149124 0.0339678 0.00387222 0.00841554 
0.836122 0.0154966 0.037015 0.0512658 0.042884 0.00485377 0.0123629 
0.749345 0.0304081 0.0225718 0.085841 0.0997355 0.00522467 0.00687386 
0.765625 0.0429215 0.0473064 0.0117336 0.114104 0.00666252 0.0116475 
0.46852 0.0314147 0.400026 0.0176329 0.0377607 0.0223864 0.022259 
0.506525 0.0434225 0.0916452 0.0308158 0.298569 0.0183583 0.0106638 
0.143306 0.0193087 0.12154 0.122292 0.567592 0.0144455 0.0115153 
0.321826 0.0484353 0.389633 0.00928327 0.17991 0.0312863 0.0196265 
0.535549 0.0692296 0.250763 0.00495056 0.0811726 0.0421178 0.0162174 
0.6523 0.0509573 0.131762 0.00694927 0.114297 0.0284954 0.0152398 
0.778104 0.0557215 0.0892228 0.0100063 0.0454137 0.0109952 0.0105366 
0.814184 0.0144126 0.152845 0.00490793 0.0017807 0.00605349 0.00581639 
0.81603 0.0169651 0.129522 0.0127443 0.0145375 0.0052319 0.00496965 
0.844582 0.0136599 0.0706115 0.0547581 0.00501883 0.00869317 0.00267625 
0.792753 0.0302749 0.0498588 0.113093 0.00552718 0.00486017 0.0036329 
0.70358 0.0384132 0.0456373 0.197643 0.00320663 0.00799026 0.00353028 
0.617557 0.0490397 0.0273039 0.286225 0.0120861 0.00476238 0.00302692 
0.720073 0.0116697 0.187425 0.00330997 0.00947582 0.00747247 0.0605744 
0.74602 0.0102655 0.160341 0.00693394 0.0229567 0.00657484 0.0469083 
0.734364 0.00876514 0.17118 0.00317754 0.00852683 0.00690641 0.06708 
0.733552 0.00788121 0.170147 0.00297457 0.00696331 0.00550305 0.0729788 
0.739912 0.00753707 0.171278 0.00321164 0.00531326 0.00619434 0.0665536 
0.759387 0.00689585 0.151521 0.00271182 0.00540219 0.00553949 0.0685425 
0.77083 0.00863904 0.142818 0.00315028 0.00526431 0.00658988 0.062709 
0.774118 0.00987605 0.135852 0.00280529 0.00608004 0.00563231 0.0656364 
0.767229 0.00949776 0.151154 0.00328826 0.00747381 0.00473973 0.0566173 
0.766552 0.00783103 0.146039 0.00312994 0.00674293 0.00409657 0.0656084 
0.759263 0.00891641 0.149022 0.00345554 0.00740436 0.00586926 0.0660689 
0.790555 0.00771476 0.121476 0.00442907 0.00627705 0.00574072 0.063807 
0.637679 0.00841532 0.172471 0.00321539 0.0116399 0.0067183 0.159861 
0.677667 0.00887785 0.150013 0.0030755 0.00722983 0.0111553 0.141981 
0.710695 0.00754948 0.168021 0.00376266 0.00771381 0.008114 0.0941439 
0.718519 0.0065499 0.168897 0.00440792 0.0066665 0.00660799 0.0883524 
0.694502 0.00583577 0.189195 0.00415314 0.00345454 0.00729327 0.0955665 
0.887049 0.0163722 0.0289032 0.0357745 0.0237043 0.00145004 0.00674735 
0.810648 0.0169705 0.0242281 0.12618 0.0164115 0.00119963 0.00436259 
0.872288 0.018029 0.0261932 0.0662735 0.0120421 0.00128163 0.00389206 
0.858392 0.0209623 0.0277936 0.0766721 0.0109583 0.00130094 0.00392038 
0.88937 0.0127183 0.033251 0.050879 0.00840288 0.00101669 0.00436244 
0.886587 0.015547 0.0331695 0.0524051 0.00751621 8.22062E-4 0.00395308 
0.896911 0.0160415 0.0293962 0.0464523 0.00633626 8.76461E-4 0.00398627 
0.872882 0.0147339 0.0221146 0.0754845 0.00917651 0.00114564 0.00446332 
0.899609 0.0135304 0.0266196 0.0473234 0.00717716 9.56198E-4 0.00478378 
0.897921 0.0158157 0.0208557 0.0483774 0.0121146 0.0010222 0.00389357 
0.89433 0.0188146 0.0199744 0.0481999 0.012986 0.0010123 0.00468242 
0.879833 0.019063 0.0211294 0.0599328 0.0130191 0.00131563 0.00570743 
0.871084 0.014327 0.0329555 0.0650939 0.00977476 0.00131177 0.00545333 
0.861896 0.0101054 0.0331103 0.0780268 0.0106492 0.00109681 0.00511551 
0.866054 0.0153481 0.0245223 0.068746 0.0184086 0.00129363 0.0056276 
0.850804 0.0109454 0.0226982 0.088883 0.0201532 0.00104176 0.00547424 
0.889462 0.0103216 0.0296178 0.0516809 0.0110018 0.00114572 0.00677075 
0.890844 0.0118325 0.033433 0.0397515 0.0142139 0.00168264 0.00824276 
0.890389 0.0109797 0.0397642 0.0394713 0.0102074 0.00132741 0.00786119 
0.885331 0.00980286 0.0476017 0.0359159 0.00866873 0.0018855 0.0107945 
0.884298 0.00999519 0.0466856 0.0402662 0.00697977 0.00194292 0.00983258 
0.895707 0.00938886 0.0405858 0.0374272 0.00721581 0.00166037 0.00801499 
0.906893 0.0152632 0.0423664 0.0141175 0.00720354 0.00192228 0.0122342 
0.895119 0.0109209 0.0548749 0.0180645 0.00585987 0.00173033 0.0134301 
0.893519 0.019013 0.034288 0.026512 0.01521 0.001899 0.00955913 
0.859725 0.0277634 0.0261861 0.0242193 0.0493419 0.00302214 0.00974202 
0.888578 0.0217473 0.0309678 0.0192668 0.0289733 0.00225896 0.00820803 
0.873151 0.0181457 0.0342439 0.0283309 0.0336965 0.00213072 0.0103016 
0.860987 0.01828 0.0283373 0.0282237 0.0529126 0.00188401 0.00937587 
0.878424 0.0182609 0.0365817 0.0218772 0.0328594 0.00195955 0.0100372 
0.878547 0.0137419 0.0454354 0.0238748 0.0253855 0.00140666 0.0116084 
0.879871 0.0230404 0.0268624 0.0286581 0.0316174 0.00164968 0.00830153 
0.861867 0.0308367 0.0229536 0.0268541 0.047397 0.0021902 0.00790139 
0.875006 0.0434376 0.01999 0.018502 0.0318564 0.0027236 0.00848405 
0.7746 0.0351317 0.0160903 0.0622396 0.101518 0.00427256 0.00614737 
0.864719 0.0262174 0.0278268 0.029298 0.0414609 0.00322056 0.00725726 
0.902364 0.0270017 0.031448 0.0204786 0.00992162 0.00271617 0.00607011 
0.901031 0.0213162 0.0308878 0.0216066 0.0146106 0.00251849 0.0080294 
0.89387 0.0270327 0.0237673 0.0357846 0.00746078 0.00540058 0.00668404 
0.907333 0.0313991 0.022027 0.0218362 0.00788936 0.0042044 0.00531064 
0.890333 0.0221955 0.0377209 0.0251255 0.00626538 0.00739443 0.0109657 
0.886123 0.0139628 0.0558449 0.0205197 0.00497933 0.00642232 0.0121482 
0.888424 0.0148885 0.0476175 0.0305648 0.00532596 0.00372047 0.0094592 
0.892214 0.0141977 0.045616 0.0283879 0.00760162 0.00338645 0.0085966 
0.879647 0.0145476 0.0517136 0.0326693 0.0102731 0.00250062 0.00864868 
0.88998 0.0165132 0.0522026 0.0166435 0.00998859 0.00306797 0.0116038 
0.889403 0.0109327 0.0394213 0.039648 0.00969619 0.00207616 0.00882296 
0.885306 0.0223779 0.0362216 0.0275949 0.0169544 0.0024688 0.00907691 
0.887588 0.0136737 0.04098 0.0332593 0.0115739 0.00272567 0.0102 
