0.667533 0.00531303 0.161105 0.00334266 0.00570378 0.00639738 0.150605 
0.680528 0.00538097 0.175713 0.0029167 0.0068865 0.00572411 0.12285 
0.682686 0.00643842 0.191869 0.00272038 0.0072544 0.00738591 0.101645 
0.709949 0.00659805 0.178819 0.00360271 0.00855761 0.00672113 0.0857523 
0.710443 0.00699592 0.171257 0.00426449 0.0106538 0.00675607 0.0896302 
0.723796 0.00634408 0.169164 0.00415066 0.00788683 0.00502471 0.0836342 
0.70252 0.00693557 0.16234 0.00370672 0.00743409 0.00639513 0.110668 
0.699201 0.00714545 0.16769 0.00374134 0.00754954 0.00477744 0.109896 
0.712376 0.00737544 0.161181 0.00416288 0.00838671 0.00637487 0.100143 
0.73675 0.0075177 0.150755 0.00359364 0.00781564 0.00687556 0.0866932 
0.68466 0.00711182 0.17297 0.00299367 0.00485637 0.0074312 0.119977 
0.712495 0.00813036 0.139457 0.00289659 0.00498395 0.00838812 0.123649 
0.56078 0.00688844 0.172467 0.00197629 0.00470179 0.0120778 0.241109 
0.615273 0.00644001 0.185866 0.00204212 0.00408953 0.00822974 0.17806 
0.599485 0.00557241 0.196651 0.0024287 0.00517343 0.00858643 0.182104 
0.641531 0.00611325 0.17443 0.00207639 0.00421053 0.00781433 0.163825 
0.646156 0.00583943 0.168365 0.00183542 0.00400329 0.00720903 0.166592 
0.64314 0.00566311 0.16638 0.00188759 0.00337807 0.0064173 0.173134 
0.707746 0.0059968 0.158908 0.00352347 0.00585227 0.0060215 0.111952 
0.667214 0.00571905 0.155258 0.00316387 0.00633736 0.00601779 0.15629 
0.701342 0.00568537 0.167248 0.00264075 0.00609995 0.00480337 0.112181 
0.669875 0.00582702 0.177088 0.00278956 0.00596515 0.00556414 0.132891 
0.632049 0.00603012 0.16499 0.00221239 0.00594324 0.00661374 0.182162 
0.662094 0.00721069 0.155418 0.00205212 0.00698875 0.00667977 0.159556 
0.647062 0.00700903 0.172762 0.00299005 0.00676436 0.00858094 0.154831 
0.649212 0.00670834 0.180721 0.00267364 0.00550675 0.00791693 0.147261 
0.66477 0.0115469 0.183535 0.00850167 0.0177821 0.0142121 0.0996525 
0.578131 0.0203728 0.23699 0.00940435 0.0609025 0.0188965 0.0753029 
0.547908 0.0470871 0.0678767 0.0276154 0.275212 0.0147513 0.0195496 
0.485421 0.0423951 0.196449 0.172822 0.0299861 0.045485 0.0274415 
0.308232 0.0761246 0.343952 0.0124544 0.184259 0.0565956 0.0183825 
0.620263 0.0246578 0.273528 0.0145481 0.0211253 0.0135645 0.032313 
0.518944 0.0118561 0.389495 0.0077505 0.00700847 0.0158675 0.0490787 
0.532031 0.00592963 0.410915 0.00145727 0.00346289 0.00498156 0.0412219 
0.681171 0.0117737 0.266418 0.00224667 0.00605348 0.0040149 0.0283219 
0.79315 0.00691337 0.157248 0.0181134 0.00797605 0.00144392 0.0151549 
0.742656 0.00748286 0.18589 0.0150753 0.00918804 0.00348587 0.0362221 
0.796889 0.0187016 0.0967569 0.0371692 0.0121346 0.00351527 0.0348335 
0.763813 0.0141059 0.100545 0.0708198 0.0249338 0.00247783 0.0233042 
0.776373 0.0112943 0.117803 0.049192 0.00798693 0.00305129 0.0342995 
0.870307 0.0146705 0.0736566 0.0170799 0.00465059 0.0036503 0.0159855 
0.813715 0.0217171 0.0404964 0.0916309 0.0219175 0.00269619 0.00782698 
0.71982 0.0325865 0.0295565 0.117863 0.0853556 0.00341147 0.0114067 
0.720842 0.0209042 0.0462302 0.108427 0.0849722 0.00211119 0.0165132 
0.728578 0.00842934 0.106235 0.130106 0.00615928 0.00431641 0.0161751 
0.761576 0.00886756 0.0767362 0.121685 0.0113362 0.00935634 0.0104426 
0.564609 0.00885444 0.0410153 0.345946 0.0283009 0.004374 0.00690033 
0.720063 0.0170012 0.0481605 0.147063 0.0535475 0.00631713 0.00784754 
0.36893 0.0162908 0.0697076 0.392665 0.127254 0.00979741 0.015355 
0.224896 0.00872405 0.180108 0.490893 0.063266 0.00537476 0.0267385 
0.358168 0.00666639 0.455338 0.051102 0.0552347 0.00546404 0.0680275 
0.667744 0.0279086 0.185638 0.0279192 0.0471388 0.0143477 0.0293035 
0.508701 0.0200597 0.254593 0.00695238 0.0112013 0.168873 0.0296199 
0.452254 0.0153163 0.267889 0.00778467 0.00976009 0.21689 0.0301061 
0.61657 0.0173059 0.12128 0.0170903 0.0124458 0.171456 0.0438523 
0.782592 0.0914184 0.0359125 0.0162267 0.0468301 0.0108373 0.0161831 
0.780369 0.0780943 0.0484466 0.0241825 0.0462532 0.00838598 0.0142682 
0.779005 0.0640436 0.0655304 0.0206125 0.0420292 0.0123646 0.0164147 
0.851271 0.0184481 0.0733881 0.0195773 0.0120176 0.00983132 0.0154666 
0.821697 0.0151721 0.0589231 0.0680958 0.0121986 0.00759952 0.0163141 
0.843262 0.0263102 0.0465819 0.0498009 0.00912271 0.00777675 0.0171458 
0.772298 0.032373 0.025231 0.133034 0.0223815 0.00491461 0.0097677 
0.794702 0.0264954 0.0300398 0.116373 0.013346 0.00649579 0.0125474 
0.744285 0.0757966 0.020587 0.105331 0.0370708 0.00473465 0.0121954 
0.712028 0.05557 0.0180159 0.182859 0.0208967 0.00307885 0.00755158 
0.855245 0.0167745 0.101753 0.00266303 0.00515592 0.00128301 0.0171258 
0.869187 0.0139338 0.0881151 0.00277682 0.00860272 0.00146058 0.0159242 
0.831419 0.00882267 0.123152 0.002091 0.00477151 0.00158096 0.028163 
0.858944 0.0135078 0.0994965 0.00197353 0.00450167 0.00194975 0.0196271 
0.852252 0.0137024 0.105693 0.00229638 0.00582722 0.00147931 0.0187497 
0.869288 0.0139747 0.0865271 0.00242351 0.00648978 0.00169823 0.0195991 
0.849449 0.0128792 0.0889186 0.00296038 0.0135141 0.00203001 0.0302492 
0.864738 0.00686793 0.0980961 0.00518277 0.00609557 0.0012303 0.0177897 
0.852621 0.00867909 0.102388 0.00379627 0.00880139 0.00154291 0.0221712 
0.858249 0.0116358 0.097318 0.00312081 0.00780836 0.00179361 0.0200746 
0.833543 0.00979496 0.11958 0.0029317 0.00689565 0.00134753 0.0259076 
0.854598 0.00920264 0.100659 0.00345249 0.00876873 0.00146217 0.0218565 
0.860255 0.0177307 0.087489 0.0032498 0.00789521 0.00210943 0.0212706 
0.845058 0.0129904 0.0997037 0.00462995 0.0107759 0.00263381 0.0242083 
0.833886 0.00874811 0.103664 0.00254943 0.00580718 0.00240633 0.0429389 
0.803049 0.00849573 0.125456 0.00360883 0.0126518 0.00274195 0.043996 
0.762088 0.00730276 0.169339 0.00392577 0.00762676 0.00260205 0.0471148 
0.846977 0.0129713 0.0926919 0.00531104 0.014707 0.00277199 0.0245696 
0.831019 0.0107695 0.118189 0.0068265 0.00613518 0.00217941 0.0248818 
0.837921 0.0121032 0.107008 0.00563519 0.0132974 0.00261047 0.0214245 
0.858564 0.0107965 0.0959589 0.00476275 0.00646926 0.00276147 0.0206866 
0.863224 0.0127492 0.0815062 0.00813185 0.0129957 0.00186286 0.0195297 
0.857458 0.00795459 0.0789109 0.0166415 0.0171627 0.00186136 0.0200107 
0.813683 0.012373 0.114674 0.00356116 0.0143002 0.00376327 0.0376448 
0.811217 0.0342677 0.100411 0.00315666 0.021982 0.00503737 0.0239277 
0.603867 0.0185095 0.0282543 0.188263 0.146171 0.00342949 0.0115053 
0.801815 0.0261487 0.07476 0.0137454 0.0360722 0.00758927 0.0398693 
0.794363 0.047425 0.029351 0.0436651 0.0668084 0.00531005 0.0130776 
0.538842 0.0582836 0.0165136 0.21194 0.154339 0.00612017 0.0139611 
0.23597 0.103667 0.016306 0.36988 0.239949 0.0163146 0.0179135 
0.186627 0.0875097 0.0129028 0.401113 0.285868 0.0109562 0.015023 
0.138222 0.0833686 0.0131049 0.480256 0.256688 0.0147266 0.0136336 
0.14602 0.0897522 0.0160841 0.500517 0.209469 0.0212914 0.0168666 
0.133384 0.0845512 0.0160309 0.609753 0.116346 0.0233019 0.0166333 
0.055482 0.0333145 0.00381532 0.794204 0.105081 0.00394891 0.00415459 
0.0403804 0.00828861 0.00151811 0.935129 0.0136888 3.07846E-4 6.87221E-4 
0.702595 0.0140497 0.0117807 0.215463 0.0487229 0.0011885 0.00620074 
0.892245 0.013563 0.0276867 0.0471663 0.0107321 7.93353E-4 0.00781318 
0.894693 0.0127173 0.0364044 0.0320654 0.00935272 0.00116433 0.0136025 
0.894157 0.0288958 0.0324075 0.0205698 0.00776358 0.00167742 0.0145286 
0.89376 0.0201833 0.0317103 0.0247992 0.0162235 0.0011308 0.0121932 
0.896962 0.0181106 0.0369393 0.0223946 0.0114358 0.00128083 0.0128772 
0.895649 0.0181337 0.0357477 0.0208547 0.0106547 0.00157572 0.0173839 
0.884691 0.0201685 0.0388591 0.0229213 0.0128102 0.0016174 0.0189326 
0.900238 0.0182092 0.0361403 0.0211796 0.00892321 0.0012482 0.0140618 
0.891671 0.0164543 0.0260075 0.0447228 0.011036 0.00141002 0.00869819 
0.903451 0.0128675 0.0316598 0.0334026 0.00685764 0.00112138 0.0106402 
0.886631 0.0110064 0.0473231 0.0297017 0.00651297 0.00100983 0.0178152 
0.887885 0.0100851 0.0474348 0.0205963 0.00626479 0.00174096 0.0259932 
0.869737 0.00930924 0.0651467 0.019498 0.0114096 0.00204299 0.0228562 
0.823191 0.00726207 0.115164 0.00895924 0.010557 0.00292738 0.0319397 
0.826745 0.00732919 0.125093 0.0128076 0.0054437 0.00192151 0.02066 
0.843713 0.00880936 0.105589 0.00958821 0.00819877 0.00273751 0.0213643 
0.830022 0.00857379 0.118121 0.0125602 0.00439806 0.00250718 0.023818 
0.759205 0.00623596 0.163157 0.0276848 0.00235014 0.00734785 0.0340197 
0.732941 0.00757898 0.194567 0.0269278 0.00185122 0.0102159 0.0259177 
0.587908 0.00772517 0.258124 0.0795461 0.00220018 0.0168793 0.0476183 
0.449218 0.00938862 0.334593 0.118113 0.00358573 0.0218903 0.0632116 
0.479978 0.0141297 0.290461 0.140197 0.00242539 0.0227593 0.0500491 
0.470816 0.014374 0.302314 0.149055 0.00271882 0.0127943 0.0479277 
0.648674 0.0114182 0.21616 0.0783344 8.14499E-4 0.0115969 0.0330018 
0.686401 0.0129031 0.144194 0.123913 8.9514E-4 0.008528 0.0231661 
0.761425 0.00880778 0.129613 0.0710599 8.01072E-4 0.0070685 0.021225 
0.81436 0.00931862 0.0874102 0.0570253 6.94946E-4 0.00748971 0.0237011 
0.836444 0.00856372 0.0765021 0.037279 6.06157E-4 0.0077468 0.0328586 
0.839383 0.00773407 0.0939389 0.0182353 4.7642E-4 0.0115226 0.0287099 
0.796515 0.00803665 0.12743 0.0216534 3.86706E-4 0.00817588 0.0378023 
0.768299 0.00473824 0.168017 0.0190267 3.83581E-4 0.00721077 0.032324 
0.795692 0.0058363 0.151254 0.015218 2.9226E-4 0.0102655 0.0214419 
0.822617 0.0074932 0.132634 0.00733092 2.5748E-4 0.0159408 0.0137265 
0.798769 0.00701796 0.142679 0.00671422 3.06104E-4 0.024837 0.0196776 
0.769162 0.00604024 0.157672 0.0135325 3.92552E-4 0.0266073 0.0265927 
0.626414 0.0078345 0.265602 0.00655851 4.59039E-4 0.0604756 0.0326558 
0.785447 0.00701874 0.137483 0.00159865 6.92781E-4 0.0252616 0.0424982 
0.565864 0.0157684 0.190646 0.077152 0.00250168 0.107365 0.0407022 
0.626619 0.0142652 0.161669 0.0918721 0.00225765 0.0687153 0.0346016 
0.531722 0.0156447 0.179603 0.12162 0.00432188 0.101295 0.0457935 
0.758347 0.0108793 0.123875 0.0382908 0.00141534 0.045733 0.021459 
0.692446 0.00922755 0.171814 0.0568178 0.00170378 0.0368374 0.0311539 
0.7093 0.0096355 0.149939 0.0621791 0.00180978 0.0363797 0.0307573 
0.755561 0.0113436 0.107512 0.0665418 0.001595 0.026302 0.0311438 
0.769108 0.0127396 0.107943 0.0763381 0.00114256 0.0102545 0.0224736 
0.816811 0.00887806 0.0980928 0.0420745 9.22235E-4 0.00802466 0.0251968 
0.880856 0.0110413 0.0691739 0.0193749 4.9644E-4 0.00720615 0.0118515 
0.858755 0.0149453 0.0572818 0.0557889 6.85279E-4 0.00576931 0.00677462 
0.877202 0.0114791 0.0636016 0.0352814 6.14615E-4 0.00317228 0.008649 
0.876668 0.0121772 0.0740126 0.0274162 5.40811E-4 0.00247374 0.00671131 
0.86431 0.0115512 0.0546114 0.059433 9.8376E-4 0.0012644 0.00784641 
0.874113 0.0142868 0.0419572 0.0609061 0.00146684 0.00125448 0.0060152 
0.827465 0.00745256 0.080992 0.0686002 8.62899E-4 0.00199955 0.0126276 
0.88709 0.0108255 0.0528989 0.0258604 0.00146704 0.00258908 0.0192696 
0.897398 0.0098188 0.053859 0.0180895 0.00124494 0.00324822 0.0163417 
0.86773 0.0109822 0.0826038 0.0250355 0.00184093 0.00218711 0.00962021 
0.874792 0.0143211 0.0731277 0.0259799 0.00178308 0.00217798 0.00781808 
0.873264 0.0188079 0.054045 0.0453203 0.00191269 0.00172286 0.00492763 
0.866076 0.0166639 0.0623922 0.0451293 0.00155176 0.00270134 0.00548544 
0.887787 0.0213672 0.0535465 0.0276197 0.00209093 0.00209862 0.00549054 
0.863803 0.014463 0.0708065 0.0403554 0.00172749 0.00203193 0.00681307 
0.88051 0.0126223 0.0650227 0.0275753 0.00254861 0.00379476 0.00792669 
0.84292 0.00988426 0.099432 0.0308878 9.59049E-4 0.00297713 0.0129399 
0.862622 0.00623737 0.0924443 0.0197764 0.00211604 0.00336084 0.0134429 
0.845114 0.00579552 0.104588 0.016254 0.00111774 0.00478769 0.0223431 
0.863306 0.00803371 0.0788691 0.0189339 0.00140013 0.00781638 0.0216405 
0.862798 0.016992 0.0344786 0.0487639 0.0193121 0.00625781 0.0113975 
0.844862 0.0225608 0.028817 0.0786342 0.0141236 0.00332364 0.0076784 
0.87858 0.00689782 0.0623 0.0236652 0.00820688 0.00334148 0.017009 
0.849076 0.00673596 0.0803037 0.0240687 0.00435166 0.00268197 0.0327816 
0.833264 0.00497936 0.101395 0.0299105 0.00134072 0.00304537 0.0260648 
0.849892 0.00601037 0.0895957 0.011609 0.00171003 0.00304763 0.0381349 
0.863212 0.00715901 0.0742387 0.0142218 0.00198522 0.0026308 0.0365528 
0.853135 0.00471015 0.0961967 0.0136559 0.00140058 0.00212246 0.0287792 
0.838022 0.0135395 0.0925108 0.00470004 0.0178081 0.00297604 0.0304433 
0.849237 0.00877067 0.0946176 0.00608158 0.00873682 0.00225713 0.0302996 
0.855486 0.0129569 0.0800724 0.00691213 0.01956 0.00195121 0.0230611 
0.832726 0.0127097 0.100724 0.00400782 0.0100119 0.00303293 0.0367877 
0.828238 0.0102747 0.105288 0.00558623 0.0146985 0.00397882 0.031936 
0.852441 0.012509 0.0969742 0.00325934 0.00830166 0.00304042 0.0234742 
0.866834 0.011204 0.0823225 0.00522571 0.0140199 0.00196695 0.0184269 
0.849693 0.0107935 0.0903519 0.00692179 0.0187359 0.00167412 0.0218301 
0.889707 0.0133671 0.0556975 0.0163203 0.013115 0.00152895 0.0102646 
0.890011 0.0176044 0.0467109 0.0138105 0.0194084 0.00193393 0.0105207 
0.886266 0.0186271 0.0497333 0.00994408 0.0210896 0.00234079 0.0119988 
0.888951 0.0135181 0.0585698 0.0137475 0.0146036 0.00157947 0.00903101 
0.893631 0.0134939 0.0605082 0.00814041 0.0117882 0.00170508 0.0107333 
0.890303 0.0136506 0.0604646 0.0055671 0.0134192 0.0022965 0.0142989 
0.869502 0.0138179 0.0751193 0.00520767 0.0110891 0.0021936 0.02307 
0.863527 0.0112222 0.0797404 0.00529195 0.00930265 0.00237648 0.0285394 
0.844636 0.0118698 0.0961451 0.00465403 0.00921922 0.00323277 0.030243 
0.823586 0.00896791 0.102831 0.00548044 0.0145251 0.00282288 0.0417863 
0.818867 0.0136026 0.110348 0.00637006 0.0195043 0.00287641 0.0284322 
0.857753 0.0119524 0.0834226 0.00949792 0.0175868 0.00231791 0.0174692 
0.824158 0.0108509 0.105701 0.00690025 0.0200738 0.00249166 0.0298245 
0.830014 0.0137118 0.105339 0.00561165 0.0123931 0.00227775 0.0306532 
0.840838 0.00997681 0.106732 0.00361886 0.00663725 0.00223812 0.029959 
0.844762 0.0097337 0.101123 0.00448835 0.01061 0.0022973 0.0269851 
0.857756 0.0108071 0.0953588 0.00415179 0.00704356 0.00191144 0.0229714 
0.820691 0.00949836 0.109376 0.00447246 0.0118143 0.00309819 0.0410501 
0.655342 0.0136546 0.135356 0.00354004 0.00975746 0.00800776 0.174343 
0.145919 0.0120154 0.167557 0.48971 0.140785 0.0203989 0.0236147 
0.289076 0.0393022 0.0444678 0.534699 0.0699626 0.0173281 0.0051647 
0.0799157 0.0138515 0.69931 0.132982 0.0147256 0.0460476 0.0131671 
0.0958464 0.00448534 0.860592 0.00374858 0.00127701 0.0171201 0.0169305 
0.236842 0.00873275 0.706786 0.00580917 0.0033687 0.0138311 0.0246304 
0.144334 0.00358085 0.80353 0.00683799 2.81354E-4 0.0195648 0.0218708 
0.047853 0.00123351 0.927401 7.33176E-4 9.44062E-5 0.0110778 0.0116069 
0.037655 2.63812E-4 0.957206 7.94502E-4 3.636E-6 0.00133388 0.00274333 
0.0580891 1.84699E-4 0.91896 5.96549E-5 1.51213E-5 0.00450109 0.01819 
0.047865 3.89169E-4 0.908498 9.0821E-4 6.51135E-5 0.00666689 0.0356072 
0.00459963 1.1578E-4 0.989594 8.54577E-5 1.14154E-5 0.00167086 0.00392289 
0.00221654 1.94175E-4 0.993686 4.958E-5 9.28477E-6 8.82349E-4 0.00296178 
0.00433673 0.0355839 0.931666 0.00520544 0.00328676 0.0126512 0.00726995 
0.0340903 0.145507 0.533063 0.0666113 0.0565543 0.122074 0.0420996 
0.0429575 0.17232 0.344577 0.149251 0.109095 0.137009 0.0447894 
0.10885 0.0117939 0.703173 0.00609845 0.00154576 0.00322169 0.165318 
0.0168494 0.00155194 0.946509 4.56521E-4 2.79675E-4 0.00812753 0.0262259 
0.0103915 0.00154051 0.975707 1.00104E-4 1.10792E-4 0.00443434 0.00771626 
0.00494728 4.01563E-4 0.989221 2.00171E-5 2.87237E-5 0.0025705 0.00281109 
0.0126993 3.46529E-4 0.969742 3.93272E-5 3.41453E-5 0.0137507 0.00338764 
0.22176 0.00373764 0.700765 3.27557E-4 3.26756E-4 0.033766 0.0393174 
0.884198 0.0177663 0.0780027 5.67298E-4 6.75169E-4 0.011367 0.00742321 
0.878245 0.0303535 0.0608171 0.00949154 0.0053803 0.00631305 0.00939958 
0.888275 0.0104792 0.0781123 0.00679143 0.00433942 0.0035521 0.0084509 
0.906914 0.018498 0.0336644 0.0131825 0.022179 0.00158788 0.00397393 
0.834514 0.0212051 0.0355153 0.0245825 0.0698911 0.00272364 0.0115685 
0.857846 0.0493605 0.0249689 0.0254812 0.0312438 0.00362977 0.00746944 
0.828868 0.0517512 0.0337746 0.0178874 0.0493809 0.00463284 0.0137051 
0.637875 0.0226758 0.0242353 0.17541 0.130453 0.00296696 0.0063829 
0.578202 0.0141243 0.0157656 0.180123 0.205215 0.00156834 0.00500247 
0.869017 0.0206455 0.0223609 0.0231007 0.0550233 0.00318136 0.00667102 
0.837451 0.0566282 0.0451425 0.0125574 0.0310656 0.00367701 0.0134782 
0.185319 0.0302861 0.139109 0.631863 0.00903486 0.00302683 0.00136049 
0.189968 0.0271873 0.159089 0.608772 0.0103204 0.00334533 0.00131783 
0.23251 0.0381907 0.232951 0.475177 0.0117859 0.0059286 0.00345554 
0.219116 0.0345744 0.223217 0.502965 0.0119611 0.00523443 0.00293198 
0.246337 0.0331848 0.204378 0.498103 0.0115074 0.00445883 0.00203135 
0.231482 0.0391571 0.270016 0.436302 0.0130699 0.00630979 0.00366352 
0.20115 0.0369355 0.26489 0.477318 0.0117387 0.00529329 0.00267429 
0.199093 0.0338468 0.21172 0.538104 0.0109246 0.00432055 0.00199175 
0.269583 0.0414243 0.252927 0.413599 0.0125856 0.006354 0.00352811 
0.254351 0.0393908 0.272611 0.411659 0.0130178 0.00584147 0.00312893 
0.227954 0.0404947 0.265238 0.443142 0.0131747 0.00652838 0.00346794 
0.183368 0.027115 0.180198 0.592011 0.0120027 0.00359068 0.00171507 
0.14282 0.0288089 0.160499 0.647151 0.0128393 0.00506588 0.00281632 
0.311208 0.0460056 0.204441 0.416631 0.011459 0.00595147 0.00430397 
0.19471 0.0471231 0.00589689 0.729995 0.019948 0.00164718 6.7971E-4 
0.430076 0.0400951 0.0395739 0.476657 0.0114046 0.00155594 6.37614E-4 
0.579163 0.22619 0.0219519 0.162068 0.00755368 0.00209831 9.74636E-4 
0.726087 0.0492344 0.0681794 0.143464 0.00900316 0.0028979 0.00113372 
0.357461 0.0326642 0.162399 0.429418 0.0114098 0.00461112 0.00203682 
0.709953 0.0494116 0.0567448 0.17832 0.00353783 0.00145861 5.74511E-4 
0.0918748 0.25748 0.387814 0.185251 0.0196414 0.0366881 0.0212513 
0.00203632 5.37763E-4 0.992246 2.98133E-4 7.21799E-6 0.00161059 0.00326371 
0.124342 0.00347457 0.524313 0.00109494 0.00203632 0.327646 0.0170919 
0.0411599 0.269645 0.338964 0.0730662 0.0579677 0.177356 0.0418412 
0.044774 0.239809 0.338113 0.0961313 0.0962314 0.140709 0.0442331 
0.909862 0.0122322 0.0294003 0.0268558 0.015648 0.00118295 0.00481841 
0.894231 0.0121711 0.0288525 0.0482257 0.0112569 9.59224E-4 0.00430326 
0.88141 0.016153 0.0242789 0.0588739 0.0140999 0.00130864 0.00387516 
0.85438 0.0128149 0.0257449 0.0923707 0.00972318 0.00124071 0.00372547 
0.868185 0.0110832 0.0286716 0.0780553 0.00905541 0.00139379 0.00355612 
0.872676 0.0140345 0.0354507 0.0654335 0.00699602 0.00134472 0.00406401 
0.875886 0.012892 0.0294702 0.0644079 0.0111386 0.00153794 0.00466749 
0.868795 0.0134125 0.0381351 0.0673245 0.00639842 0.00110017 0.00483421 
0.824115 0.0129679 0.0312523 0.118327 0.00889625 0.00116433 0.00327707 
0.82235 0.0144719 0.0323519 0.11258 0.0115385 0.00168459 0.00502224 
0.864708 0.0185791 0.0329996 0.0650126 0.00965068 0.0021462 0.00690341 
0.776093 0.018122 0.0231248 0.141606 0.0301026 0.00330782 0.0076433 
0.859864 0.0517394 0.0276977 0.0287171 0.0162885 0.00580796 0.00988508 
0.865186 0.0610645 0.0270776 0.0232271 0.00940751 0.00557678 0.00846064 
0.863218 0.0556245 0.0239613 0.0361404 0.0122588 0.00345185 0.00534522 
0.744549 0.0619036 0.0221541 0.116304 0.0428305 0.00683632 0.00542216 
0.771666 0.0834618 0.0181648 0.070588 0.0449557 0.00752031 0.00364302 
0.753542 0.0578728 0.0129612 0.067788 0.0984479 0.00610939 0.00327825 
0.856442 0.0486745 0.0131574 0.0345623 0.0416594 0.00301427 0.00248964 
0.848258 0.0528592 0.0114487 0.0697062 0.0152342 0.00130413 0.00118989 
0.769449 0.0513629 0.00967209 0.115235 0.0495204 0.00190954 0.00285118 
0.748921 0.0560527 0.0111149 0.129799 0.0485078 0.00232537 0.00328015 
0.73431 0.0502585 0.0117865 0.18011 0.0209608 0.00105979 0.00151403 
0.511747 0.0332247 0.0280787 0.420592 0.00529048 5.89038E-4 4.78268E-4 
0.517053 0.0258857 0.0573448 0.39211 0.00498578 0.00153956 0.00108092 
0.367007 0.0354271 0.134009 0.441868 0.0100833 0.00657622 0.00502974 
0.288452 0.0440288 0.173933 0.461701 0.0140319 0.010404 0.00744845 
0.279736 0.0408264 0.124414 0.536313 0.00924862 0.00572816 0.00373379 
0.129755 0.0446881 0.0575754 0.760739 0.00410494 0.0021692 9.68128E-4 
0.120086 0.0548052 0.142648 0.66076 0.00911028 0.00788142 0.0047093 
0.147096 0.0806442 0.238209 0.488229 0.0171209 0.0177308 0.0109704 
0.0914485 0.0695371 0.131093 0.68787 0.00774457 0.00798364 0.00432336 
0.107631 0.0822495 0.13226 0.657136 0.00791974 0.00846197 0.00434162 
0.0763633 0.0706169 0.0519357 0.793854 0.00373417 0.00252461 9.71151E-4 
0.0926453 0.0618047 0.14812 0.676327 0.008933 0.00781399 0.00435567 
0.168755 0.127581 0.301718 0.351931 0.0172636 0.0210742 0.0116776 
0.14232 0.102254 0.42909 0.278881 0.0178667 0.019232 0.0103571 
0.0216498 0.0184217 0.0471697 0.905349 0.00522696 0.00187529 3.06953E-4 
0.00573956 0.00647229 0.00384296 0.975537 0.0074952 7.35621E-4 1.7744E-4 
0.00784278 0.00435935 0.00599911 0.976548 0.00464827 4.62862E-4 1.39425E-4 
0.0142689 0.00781714 0.00891389 0.964564 0.00371174 5.25555E-4 1.98763E-4 
0.0125713 0.0135785 0.00328333 0.960621 0.00875937 8.96966E-4 2.89338E-4 
0.0155135 0.0208342 0.00318694 0.948607 0.0105582 0.00102402 2.75658E-4 
0.0121914 0.0218632 0.00279944 0.953019 0.00906387 8.65825E-4 1.97017E-4 
0.0283443 0.0400433 0.00310921 0.906979 0.0193932 0.00150597 6.24541E-4 
0.0586528 0.10998 0.00719085 0.767661 0.047105 0.00540628 0.00400397 
0.014874 0.0302621 0.00318403 0.938742 0.0115788 9.81568E-4 3.77792E-4 
0.860681 0.0254003 0.0376419 0.0402986 0.0171076 0.00906984 0.0098006 
0.820067 0.0341892 0.0287831 0.0744643 0.0252773 0.0087253 0.00849398 
0.808853 0.0304874 0.0352855 0.0921964 0.0142924 0.00990414 0.00898071 
0.732067 0.0494064 0.0267411 0.153959 0.0155473 0.0130959 0.0091831 
0.867494 0.0413624 0.0222203 0.0386247 0.01143 0.0121414 0.00672715 
0.82778 0.0410788 0.020674 0.0758414 0.018036 0.00969979 0.00688963 
0.856096 0.0395054 0.0208554 0.0586221 0.00976062 0.00906122 0.00609921 
0.879635 0.0460136 0.0195779 0.0284791 0.0125575 0.00756988 0.00616738 
0.848827 0.0422164 0.019311 0.0546776 0.0213655 0.00700221 0.00660057 
0.88103 0.0282722 0.0223058 0.0430213 0.0123448 0.00566624 0.00735992 
0.902643 0.0191335 0.0289901 0.0318755 0.00677688 0.00381806 0.00676267 
0.903423 0.025096 0.0253556 0.0286873 0.00664732 0.00432397 0.00646733 
0.888626 0.0222582 0.0300591 0.043842 0.00395482 0.00464704 0.00661247 
0.884909 0.0354151 0.0227993 0.0308623 0.0141083 0.00526232 0.00664376 
0.900049 0.0305346 0.0230123 0.0247627 0.00850964 0.00590159 0.0072298 
0.887699 0.0351473 0.0272401 0.0277868 0.00949569 0.00534604 0.0072853 
0.868916 0.0380221 0.0268308 0.0358288 0.0164613 0.0058338 0.0081069 
0.86071 0.0328919 0.0268117 0.0579184 0.00882907 0.00600269 0.00683598 
0.874452 0.0448614 0.0222438 0.0331532 0.0106982 0.00753504 0.00705618 
0.881596 0.0329047 0.025748 0.0402677 0.00751306 0.00574998 0.00622108 
0.893413 0.043573 0.0234235 0.0189059 0.00747303 0.00750843 0.00570344 
0.890571 0.0368607 0.0220936 0.0300238 0.00774053 0.00687449 0.00583627 
0.857556 0.0377338 0.0214854 0.0618466 0.00944193 0.0063584 0.00557743 
0.858596 0.0415461 0.0206394 0.0538938 0.0150091 0.0048598 0.00545577 
0.862065 0.0388522 0.023091 0.0524654 0.0119092 0.00592326 0.005694 
0.893219 0.0314221 0.0266992 0.0264263 0.00934576 0.00528057 0.00760683 
0.884572 0.0372271 0.028883 0.0207779 0.0140364 0.00630268 0.00820098 
0.885039 0.0246657 0.0383012 0.0261682 0.0125289 0.00552429 0.00777248 
0.842013 0.0225923 0.0315932 0.0666958 0.0237465 0.00554399 0.00781524 
0.834161 0.0175804 0.035962 0.0902878 0.0122093 0.0034599 0.00633999 
0.7698 0.0156737 0.0450635 0.154327 0.00582083 0.00345882 0.00585674 
0.827821 0.0155758 0.0470454 0.0944946 0.00497805 0.00394902 0.00613567 
0.82539 0.0215425 0.0452846 0.0866884 0.00575767 0.00713886 0.00819845 
0.813348 0.0363442 0.0360607 0.0879152 0.0110018 0.00639684 0.00893318 
0.642374 0.0364816 0.0260708 0.279518 0.00362179 0.00595793 0.00597562 
0.714876 0.0282032 0.0270739 0.213351 0.0046458 0.00531524 0.00653506 
0.723566 0.0462395 0.021463 0.187892 0.00642107 0.00779933 0.00661874 
0.534681 0.10329 0.021205 0.312397 0.0109515 0.0100311 0.00744428 
0.331512 0.161744 0.0336286 0.424135 0.0134991 0.020492 0.0149897 
0.231338 0.173414 0.0301443 0.517338 0.0180251 0.0172476 0.0124936 
0.141151 0.173889 0.0301795 0.624054 0.00897655 0.0129181 0.00883214 
0.133198 0.196812 0.0256644 0.612828 0.011157 0.012038 0.00830238 
0.0889311 0.190249 0.0229697 0.672813 0.00871905 0.00952525 0.00679269 
0.0590399 0.108117 0.0256202 0.797283 0.0028615 0.00491493 0.00216343 
0.0819836 0.176038 0.0285578 0.693451 0.00598104 0.00928718 0.00470125 
0.090887 0.128681 0.0341066 0.734502 0.00361957 0.00567579 0.00252724 
0.0942744 0.230926 0.0318222 0.621995 0.00628051 0.00976518 0.00493692 
0.147454 0.404264 0.0320509 0.376607 0.0120975 0.0193651 0.00816076 
0.136367 0.269507 0.0342421 0.530343 0.00890221 0.0153196 0.00531931 
0.097371 0.19024 0.0304119 0.665713 0.00604253 0.00741739 0.002804 
0.123227 0.536741 0.0218979 0.285389 0.0114378 0.0157829 0.0055241 
0.114745 0.641305 0.0168755 0.196264 0.0111093 0.01499 0.00471066 
0.0925798 0.686451 0.0123947 0.184957 0.00882095 0.0115522 0.00324405 
0.0969463 0.72818 0.0120325 0.134258 0.00890527 0.0163109 0.00336757 
0.0941434 0.502676 0.01908 0.362469 0.00735826 0.0107245 0.00354938 
0.0858646 0.54025 0.0124962 0.342198 0.00796097 0.00841489 0.00281527 
0.106847 0.629081 0.0137038 0.222386 0.0111306 0.0127717 0.00407962 
0.103226 0.496921 0.0186497 0.357637 0.00797182 0.0115124 0.00408236 
0.860681 0.0254003 0.0376419 0.0402986 0.0171076 0.00906984 0.0098006 
0.820067 0.0341892 0.0287831 0.0744643 0.0252773 0.0087253 0.00849398 
0.808853 0.0304874 0.0352855 0.0921964 0.0142924 0.00990414 0.00898071 
0.732067 0.0494064 0.0267411 0.153959 0.0155473 0.0130959 0.0091831 
0.867494 0.0413624 0.0222203 0.0386247 0.01143 0.0121414 0.00672715 
0.82778 0.0410788 0.020674 0.0758414 0.018036 0.00969979 0.00688963 
0.856096 0.0395054 0.0208554 0.0586221 0.00976062 0.00906122 0.00609921 
0.879635 0.0460136 0.0195779 0.0284791 0.0125575 0.00756988 0.00616738 
0.848827 0.0422164 0.019311 0.0546776 0.0213655 0.00700221 0.00660057 
0.88103 0.0282722 0.0223058 0.0430213 0.0123448 0.00566624 0.00735992 
0.902643 0.0191335 0.0289901 0.0318755 0.00677688 0.00381806 0.00676267 
0.903423 0.025096 0.0253556 0.0286873 0.00664732 0.00432397 0.00646733 
0.888626 0.0222582 0.0300591 0.043842 0.00395482 0.00464704 0.00661247 
0.884909 0.0354151 0.0227993 0.0308623 0.0141083 0.00526232 0.00664376 
0.900049 0.0305346 0.0230123 0.0247627 0.00850964 0.00590159 0.0072298 
0.887699 0.0351473 0.0272401 0.0277868 0.00949569 0.00534604 0.0072853 
0.868916 0.0380221 0.0268308 0.0358288 0.0164613 0.0058338 0.0081069 
0.86071 0.0328919 0.0268117 0.0579184 0.00882907 0.00600269 0.00683598 
0.874452 0.0448614 0.0222438 0.0331532 0.0106982 0.00753504 0.00705618 
0.881596 0.0329047 0.025748 0.0402677 0.00751306 0.00574998 0.00622108 
0.893413 0.043573 0.0234235 0.0189059 0.00747303 0.00750843 0.00570344 
0.890571 0.0368607 0.0220936 0.0300238 0.00774053 0.00687449 0.00583627 
0.857556 0.0377338 0.0214854 0.0618466 0.00944193 0.0063584 0.00557743 
0.858596 0.0415461 0.0206394 0.0538938 0.0150091 0.0048598 0.00545577 
0.862065 0.0388522 0.023091 0.0524654 0.0119092 0.00592326 0.005694 
0.893219 0.0314221 0.0266992 0.0264263 0.00934576 0.00528057 0.00760683 
0.884572 0.0372271 0.028883 0.0207779 0.0140364 0.00630268 0.00820098 
0.885039 0.0246657 0.0383012 0.0261682 0.0125289 0.00552429 0.00777248 
0.842013 0.0225923 0.0315932 0.0666958 0.0237465 0.00554399 0.00781524 
0.834161 0.0175804 0.035962 0.0902878 0.0122093 0.0034599 0.00633999 
0.7698 0.0156737 0.0450635 0.154327 0.00582083 0.00345882 0.00585674 
0.827821 0.0155758 0.0470454 0.0944946 0.00497805 0.00394902 0.00613567 
0.82539 0.0215425 0.0452846 0.0866884 0.00575767 0.00713886 0.00819845 
0.813348 0.0363442 0.0360607 0.0879152 0.0110018 0.00639684 0.00893318 
0.642374 0.0364816 0.0260708 0.279518 0.00362179 0.00595793 0.00597562 
0.714876 0.0282032 0.0270739 0.213351 0.0046458 0.00531524 0.00653506 
0.723566 0.0462395 0.021463 0.187892 0.00642107 0.00779933 0.00661874 
0.534681 0.10329 0.021205 0.312397 0.0109515 0.0100311 0.00744428 
0.331512 0.161744 0.0336286 0.424135 0.0134991 0.020492 0.0149897 
0.231338 0.173414 0.0301443 0.517338 0.0180251 0.0172476 0.0124936 
0.141151 0.173889 0.0301795 0.624054 0.00897655 0.0129181 0.00883214 
0.133198 0.196812 0.0256644 0.612828 0.011157 0.012038 0.00830238 
0.0889311 0.190249 0.0229697 0.672813 0.00871905 0.00952525 0.00679269 
0.0590399 0.108117 0.0256202 0.797283 0.0028615 0.00491493 0.00216343 
0.0819836 0.176038 0.0285578 0.693451 0.00598104 0.00928718 0.00470125 
0.090887 0.128681 0.0341066 0.734502 0.00361957 0.00567579 0.00252724 
0.0942744 0.230926 0.0318222 0.621995 0.00628051 0.00976518 0.00493692 
0.147454 0.404264 0.0320509 0.376607 0.0120975 0.0193651 0.00816076 
0.915663 0.0261701 0.0263606 0.0183348 0.0037452 0.00501969 0.00470627 
0.890203 0.0377534 0.02003 0.0354338 0.00700034 0.00536324 0.00421617 
0.831686 0.0466205 0.0184232 0.0823508 0.0117401 0.0051053 0.00407397 
0.773001 0.0535452 0.0186713 0.126325 0.0176692 0.00604883 0.00473965 
0.860595 0.0445696 0.0221805 0.054736 0.00863826 0.0050421 0.00423869 
0.762498 0.0542688 0.0204508 0.139996 0.0138289 0.00460819 0.00434862 
0.769301 0.0452658 0.0228851 0.146407 0.00546983 0.00626724 0.00440456 
0.829482 0.0325205 0.0250687 0.100705 0.00495479 0.00354817 0.00372089 
0.654164 0.0452209 0.0214418 0.266176 0.00541924 0.00363176 0.00394609 
0.811847 0.0487645 0.0191279 0.108347 0.00578162 0.00337662 0.00275475 
0.658551 0.0521985 0.0218893 0.259291 0.00394054 0.00221912 0.00191043 
0.708448 0.0346873 0.0375285 0.214861 0.0019574 0.00170932 8.087E-4 
0.716964 0.0272034 0.11624 0.12972 0.003522 0.00382073 0.00253016 
0.66705 0.028444 0.133967 0.156451 0.00500179 0.00534016 0.00374594 
0.642084 0.02987 0.166362 0.143375 0.00637148 0.00705289 0.00488452 
0.412838 0.0491603 0.236454 0.258554 0.0143232 0.0162198 0.012451 
0.414814 0.0518969 0.292822 0.194789 0.0155019 0.0177372 0.0124381 
0.369287 0.0539002 0.248465 0.289809 0.0148351 0.0141836 0.00951988 
0.265053 0.0553489 0.289784 0.348403 0.0173498 0.0144261 0.00963527 
0.290159 0.0478999 0.203096 0.432267 0.0124237 0.0085889 0.00556596 
0.299086 0.0522308 0.248026 0.366071 0.0149974 0.0117761 0.00781297 
0.25392 0.0450488 0.22236 0.450847 0.0139768 0.00851603 0.00533123 
0.298407 0.0437328 0.227947 0.398333 0.0154964 0.0098086 0.00627458 
0.279115 0.0421505 0.149157 0.510814 0.0104083 0.00537671 0.00297816 
0.25996 0.0438382 0.231432 0.436938 0.0142806 0.00833981 0.00521237 
0.260974 0.0431291 0.217564 0.452514 0.0135412 0.00752623 0.00475222 
0.26114 0.0473064 0.412549 0.238652 0.0181521 0.0134922 0.00870794 
0.261928 0.044207 0.505535 0.146396 0.0168823 0.0150259 0.0100249 
0.251333 0.0514951 0.517768 0.141513 0.0149722 0.0139313 0.0089876 
0.253123 0.0436623 0.548817 0.117944 0.014137 0.0133614 0.00895508 
0.307495 0.039397 0.495553 0.122821 0.0130287 0.0127277 0.00897761 
0.235005 0.04812 0.485467 0.187247 0.0191648 0.0150506 0.00994506 
0.327261 0.0516853 0.352385 0.224723 0.0179437 0.0155573 0.0104444 
0.265676 0.0433408 0.240502 0.420962 0.0149672 0.00888536 0.00566688 
0.264214 0.03442 0.138082 0.546002 0.0103775 0.00433772 0.00256592 
0.274226 0.0331419 0.161891 0.50999 0.0124381 0.0051964 0.00311642 
0.333751 0.0294216 0.141095 0.478117 0.0109368 0.0040648 0.00261407 
0.337154 0.0338317 0.18092 0.426272 0.0128352 0.00544574 0.00354148 
0.26856 0.0275367 0.140443 0.545208 0.0116265 0.00406103 0.00256545 
0.28367 0.031532 0.144873 0.521632 0.0103763 0.00469949 0.00321635 
0.215395 0.0295751 0.111712 0.629383 0.00900852 0.00314226 0.00178452 
0.233092 0.0228698 0.0995087 0.630157 0.0110666 0.00226732 0.0010382 
0.20322 0.0387399 0.24139 0.486719 0.0153373 0.00891518 0.0056782 
0.120416 0.0228973 0.107283 0.737965 0.00710939 0.00275107 0.00157856 
0.0932088 0.018619 0.0885047 0.790746 0.00617403 0.00178177 9.65438E-4 
0.141633 0.0345177 0.202109 0.601507 0.0109272 0.00583351 0.00347142 
0.195716 0.0561631 0.425002 0.281907 0.0178609 0.0143516 0.00899961 
0.184574 0.0496599 0.63666 0.091579 0.0141704 0.0149695 0.00838677 
0.165276 0.0528784 0.665939 0.0802114 0.0135245 0.0145306 0.00763993 
0.130699 0.0521307 0.731221 0.0568786 0.0111613 0.0118189 0.00608985 
0.17228 0.0623603 0.639188 0.0849888 0.0146829 0.0169999 0.0095 
0.0587412 0.0402938 0.865932 0.0173807 0.00750572 0.00771039 0.00243661 
0.075947 0.0423193 0.839195 0.0229894 0.0077496 0.00873747 0.0030625 
0.140745 0.0567182 0.707805 0.0617141 0.012276 0.0136267 0.00711547 
0.200478 0.0763729 0.571232 0.105045 0.0157264 0.0199665 0.0111788 
0.14191 0.0531066 0.718664 0.0561257 0.0107259 0.0129309 0.00653615 
0.1234 0.0463808 0.759884 0.0457026 0.00937684 0.0101623 0.00509336 
0.221244 0.0821326 0.509707 0.131948 0.0180529 0.0232668 0.0136489 
0.238203 0.105492 0.200376 0.416748 0.0124868 0.0178989 0.00879522 
0.257281 0.130224 0.232656 0.327281 0.0151042 0.0253284 0.0121243 
0.286445 0.124959 0.292179 0.235748 0.0176955 0.0277609 0.0152123 
0.248472 0.107238 0.424535 0.156542 0.0189742 0.0283645 0.0158729 
0.292477 0.121281 0.237859 0.284155 0.0167444 0.0334909 0.013992 
0.232667 0.110244 0.385238 0.203909 0.021565 0.0286584 0.0177185 
0.24457 0.0809615 0.420812 0.19301 0.0216734 0.0237258 0.0152467 
0.915663 0.0261701 0.0263606 0.0183348 0.0037452 0.00501969 0.00470627 
0.890203 0.0377534 0.02003 0.0354338 0.00700034 0.00536324 0.00421617 
0.831686 0.0466205 0.0184232 0.0823508 0.0117401 0.0051053 0.00407397 
0.773001 0.0535452 0.0186713 0.126325 0.0176692 0.00604883 0.00473965 
0.860595 0.0445696 0.0221805 0.054736 0.00863826 0.0050421 0.00423869 
0.762498 0.0542688 0.0204508 0.139996 0.0138289 0.00460819 0.00434862 
0.769301 0.0452658 0.0228851 0.146407 0.00546983 0.00626724 0.00440456 
0.829482 0.0325205 0.0250687 0.100705 0.00495479 0.00354817 0.00372089 
0.654164 0.0452209 0.0214418 0.266176 0.00541924 0.00363176 0.00394609 
0.811847 0.0487645 0.0191279 0.108347 0.00578162 0.00337662 0.00275475 
0.658551 0.0521985 0.0218893 0.259291 0.00394054 0.00221912 0.00191043 
0.708448 0.0346873 0.0375285 0.214861 0.0019574 0.00170932 8.087E-4 
0.716964 0.0272034 0.11624 0.12972 0.003522 0.00382073 0.00253016 
0.66705 0.028444 0.133967 0.156451 0.00500179 0.00534016 0.00374594 
0.642084 0.02987 0.166362 0.143375 0.00637148 0.00705289 0.00488452 
0.412838 0.0491603 0.236454 0.258554 0.0143232 0.0162198 0.012451 
0.414814 0.0518969 0.292822 0.194789 0.0155019 0.0177372 0.0124381 
0.369287 0.0539002 0.248465 0.289809 0.0148351 0.0141836 0.00951988 
0.265053 0.0553489 0.289784 0.348403 0.0173498 0.0144261 0.00963527 
0.290159 0.0478999 0.203096 0.432267 0.0124237 0.0085889 0.00556596 
0.299086 0.0522308 0.248026 0.366071 0.0149974 0.0117761 0.00781297 
0.25392 0.0450488 0.22236 0.450847 0.0139768 0.00851603 0.00533123 
0.298407 0.0437328 0.227947 0.398333 0.0154964 0.0098086 0.00627458 
0.279115 0.0421505 0.149157 0.510814 0.0104083 0.00537671 0.00297816 
0.25996 0.0438382 0.231432 0.436938 0.0142806 0.00833981 0.00521237 
0.260974 0.0431291 0.217564 0.452514 0.0135412 0.00752623 0.00475222 
0.26114 0.0473064 0.412549 0.238652 0.0181521 0.0134922 0.00870794 
0.261928 0.044207 0.505535 0.146396 0.0168823 0.0150259 0.0100249 
0.251333 0.0514951 0.517768 0.141513 0.0149722 0.0139313 0.0089876 
0.253123 0.0436623 0.548817 0.117944 0.014137 0.0133614 0.00895508 
0.307495 0.039397 0.495553 0.122821 0.0130287 0.0127277 0.00897761 
0.235005 0.04812 0.485467 0.187247 0.0191648 0.0150506 0.00994506 
0.327261 0.0516853 0.352385 0.224723 0.0179437 0.0155573 0.0104444 
0.265676 0.0433408 0.240502 0.420962 0.0149672 0.00888536 0.00566688 
0.264214 0.03442 0.138082 0.546002 0.0103775 0.00433772 0.00256592 
0.274226 0.0331419 0.161891 0.50999 0.0124381 0.0051964 0.00311642 
0.333751 0.0294216 0.141095 0.478117 0.0109368 0.0040648 0.00261407 
0.337154 0.0338317 0.18092 0.426272 0.0128352 0.00544574 0.00354148 
0.26856 0.0275367 0.140443 0.545208 0.0116265 0.00406103 0.00256545 
0.28367 0.031532 0.144873 0.521632 0.0103763 0.00469949 0.00321635 
0.215395 0.0295751 0.111712 0.629383 0.00900852 0.00314226 0.00178452 
0.233092 0.0228698 0.0995087 0.630157 0.0110666 0.00226732 0.0010382 
0.20322 0.0387399 0.24139 0.486719 0.0153373 0.00891518 0.0056782 
0.120416 0.0228973 0.107283 0.737965 0.00710939 0.00275107 0.00157856 
0.0932088 0.018619 0.0885047 0.790746 0.00617403 0.00178177 9.65438E-4 
0.141633 0.0345177 0.202109 0.601507 0.0109272 0.00583351 0.00347142 
0.195716 0.0561631 0.425002 0.281907 0.0178609 0.0143516 0.00899961 
0.184574 0.0496599 0.63666 0.091579 0.0141704 0.0149695 0.00838677 
0.165276 0.0528784 0.665939 0.0802114 0.0135245 0.0145306 0.00763993 
0.130699 0.0521307 0.731221 0.0568786 0.0111613 0.0118189 0.00608985 
0.17228 0.0623603 0.639188 0.0849888 0.0146829 0.0169999 0.0095 
0.0587412 0.0402938 0.865932 0.0173807 0.00750572 0.00771039 0.00243661 
0.075947 0.0423193 0.839195 0.0229894 0.0077496 0.00873747 0.0030625 
0.140745 0.0567182 0.707805 0.0617141 0.012276 0.0136267 0.00711547 
0.200478 0.0763729 0.571232 0.105045 0.0157264 0.0199665 0.0111788 
0.14191 0.0531066 0.718664 0.0561257 0.0107259 0.0129309 0.00653615 
0.1234 0.0463808 0.759884 0.0457026 0.00937684 0.0101623 0.00509336 
0.221244 0.0821326 0.509707 0.131948 0.0180529 0.0232668 0.0136489 
0.238203 0.105492 0.200376 0.416748 0.0124868 0.0178989 0.00879522 
0.257281 0.130224 0.232656 0.327281 0.0151042 0.0253284 0.0121243 
0.286445 0.124959 0.292179 0.235748 0.0176955 0.0277609 0.0152123 
0.248472 0.107238 0.424535 0.156542 0.0189742 0.0283645 0.0158729 
0.292477 0.121281 0.237859 0.284155 0.0167444 0.0334909 0.013992 
0.232667 0.110244 0.385238 0.203909 0.021565 0.0286584 0.0177185 
0.24457 0.0809615 0.420812 0.19301 0.0216734 0.0237258 0.0152467 
0.897756 0.0133355 0.0447759 0.027151 0.00662421 0.00187575 0.00848172 
0.901307 0.00923496 0.0442929 0.0250326 0.0095173 0.00168886 0.00892607 
0.891562 0.00821494 0.0493581 0.0331832 0.00288821 0.00262284 0.0121708 
0.901025 0.00995807 0.0373019 0.0302313 0.00438671 0.00414446 0.012953 
0.894527 0.0115831 0.0329317 0.042724 0.00578886 0.00300309 0.00944267 
0.914023 0.0149437 0.03617 0.0180993 0.00398162 0.00226416 0.0105182 
0.901169 0.012523 0.0300317 0.0391286 0.00801175 0.00166649 0.0074696 
0.874405 0.0137812 0.0373967 0.0568869 0.00833375 0.00112897 0.00806722 
0.889956 0.0151933 0.030277 0.0439714 0.0111575 0.00156068 0.0078844 
0.894128 0.0120114 0.0311715 0.041397 0.00975714 0.00138622 0.0101486 
0.890173 0.014973 0.0271135 0.0482876 0.0117549 0.0013363 0.00636198 
0.87197 0.0103958 0.0333631 0.0619297 0.0123242 0.00120588 0.00881165 
0.890302 0.0146607 0.0282927 0.0410313 0.0156126 0.00168492 0.0084154 
0.897982 0.014362 0.0353091 0.0284123 0.0114944 0.00169917 0.0107411 
0.905401 0.0142148 0.0296592 0.0287116 0.0124201 0.00145453 0.00813862 
