0.807776 0.00942122 0.116797 0.00684966 0.0115536 0.00370555 0.0438974 
0.775124 0.00759368 0.141387 0.00487602 0.00776531 0.00414969 0.0591042 
0.813118 0.00854404 0.118249 0.0157225 0.0098187 0.00359338 0.0309546 
0.733677 0.0115363 0.171693 0.00371188 0.00906043 0.00570051 0.0646209 
0.385218 0.0102117 0.463531 0.00215297 0.00589959 0.06526 0.0677269 
0.289712 0.00753976 0.559747 0.0191167 0.00905357 0.0523375 0.0624932 
0.0731634 0.0100875 0.693836 0.0600322 0.121403 0.0278293 0.0136486 
0.0249735 0.00519614 0.155943 0.618452 0.160676 0.0297275 0.00503125 
0.0547962 0.0022253 0.915292 0.00866218 0.00274229 0.0104809 0.00580085 
0.0434052 0.0169486 0.64762 0.17352 0.0427033 0.069744 0.00605939 
0.0342261 0.00693555 0.627425 0.24323 0.0454698 0.0368252 0.00588866 
0.0714721 0.0200163 0.200546 0.242401 0.412686 0.0424138 0.0104656 
0.174705 0.0335606 0.167342 0.266359 0.295453 0.0483463 0.0142342 
0.107337 0.020108 0.0683772 0.141392 0.621204 0.0340032 0.0075788 
0.105345 0.0175364 0.0853123 0.385238 0.373957 0.0211174 0.0114937 
0.061731 0.0109343 0.0526353 0.604592 0.246971 0.0155024 0.00763372 
0.0410872 0.00554939 0.0252509 0.752388 0.163082 0.00903047 0.00361214 
0.0609999 0.0123868 0.0430826 0.599601 0.255427 0.0223543 0.00614795 
0.058358 0.0221079 0.116768 0.521617 0.0384632 0.232628 0.0100577 
0.107478 0.031162 0.0975863 0.33695 0.0354958 0.380166 0.0111612 
0.238404 0.0520876 0.166406 0.274151 0.0729758 0.17265 0.0233258 
0.569468 0.0245496 0.161356 0.102064 0.0879577 0.0461573 0.00844717 
0.637985 0.0248072 0.187884 0.0395429 0.0541853 0.0470877 0.00850817 
0.59313 0.0332566 0.180596 0.0545762 0.0700409 0.0609305 0.00746979 
0.584124 0.0370781 0.10622 0.0728857 0.133092 0.0601636 0.00643726 
0.456872 0.0437794 0.135721 0.109831 0.0784416 0.163047 0.0123082 
0.416343 0.0610275 0.0792328 0.12054 0.11843 0.193194 0.0112337 
0.267252 0.113792 0.0139761 0.432699 0.0655803 0.0959798 0.0107213 
0.290083 0.113757 0.0076269 0.338854 0.206221 0.0366572 0.00680108 
0.158299 0.0554653 0.0260676 0.135237 0.0683287 0.541886 0.014716 
0.113034 0.0149782 0.22707 0.0329279 0.00703858 0.594336 0.0106152 
0.19226 0.0168614 0.252708 0.0463767 0.0133491 0.459341 0.0191029 
0.425838 0.0234581 0.175508 0.0709782 0.0239957 0.259908 0.0203143 
0.608264 0.0312675 0.112564 0.0217202 0.00830721 0.195415 0.0224624 
0.720816 0.0685644 0.0862714 0.0225605 0.0227966 0.0640414 0.0149497 
0.685264 0.0984648 0.0928479 0.0215153 0.0385559 0.0489739 0.0143781 
0.706079 0.104642 0.0703335 0.0269051 0.0338677 0.0467065 0.0114667 
0.771853 0.0460309 0.0671958 0.0356083 0.0341832 0.0311019 0.0140265 
0.631028 0.0212135 0.0350353 0.273967 0.0150976 0.0150974 0.00856033 
0.716746 0.0311117 0.0242347 0.182282 0.0312424 0.00720909 0.00717417 
0.717034 0.0573271 0.020423 0.162949 0.0286111 0.00594964 0.00770641 
0.732484 0.072815 0.0203796 0.117291 0.0407023 0.00639571 0.00993151 
0.799804 0.0498831 0.0191611 0.0884551 0.0257375 0.00570735 0.0112516 
0.729769 0.0409824 0.0181275 0.177485 0.0202823 0.00422118 0.00913325 
0.728222 0.0420045 0.0159034 0.175233 0.0256441 0.00433497 0.00865883 
0.662563 0.0397583 0.0150658 0.246236 0.0265348 0.00278491 0.0070566 
0.740486 0.0467771 0.0163125 0.159473 0.0245698 0.00413616 0.00824474 
0.777251 0.0547671 0.0176932 0.11199 0.0238391 0.00419838 0.0102608 
0.90185 0.00807118 0.0530627 0.0115501 0.00788407 0.00162914 0.0159532 
0.906661 0.00756761 0.0516871 0.00766526 0.00486698 0.00187167 0.0196807 
0.919832 0.00801286 0.0383673 0.0143891 0.00826128 0.00156678 0.00957053 
0.910049 0.0126068 0.0479255 0.0092335 0.00909747 0.00200275 0.00908498 
0.911187 0.0130275 0.0472748 0.00636134 0.00940008 0.00265407 0.0100956 
0.892712 0.0177473 0.0492546 0.00696367 0.0127025 0.00239671 0.0182235 
0.88968 0.00945315 0.0686409 0.00311007 0.00501616 0.00149834 0.0226017 
0.875935 0.00760929 0.0797166 0.0017163 0.00531738 0.00197705 0.0277288 
0.803383 0.0100845 0.147901 0.0015332 0.0020586 0.00355567 0.0314836 
0.777167 0.0433689 0.120878 0.00270867 0.0207992 0.013855 0.0212231 
0.804078 0.0184051 0.102434 0.00169958 0.00515961 0.0181709 0.0500532 
0.825011 0.0280805 0.111728 0.00149615 0.00537079 0.011607 0.0167068 
0.790482 0.0359495 0.103031 0.00122004 0.00595586 0.020399 0.0429628 
0.713103 0.024291 0.17403 0.00447254 0.0278965 0.0193254 0.0368813 
0.708352 0.0365729 0.202522 0.00218024 0.0133739 0.0170812 0.0199173 
0.70151 0.0776771 0.15026 0.00197996 0.0214281 0.0160842 0.0310606 
0.790733 0.0420794 0.11791 0.00406011 0.0234089 0.00576676 0.0160415 
0.801606 0.0216748 0.0891066 0.0330701 0.0388452 0.00332827 0.0123692 
0.81197 0.0346494 0.0657235 0.041446 0.0341054 0.00281613 0.00928915 
0.803257 0.019966 0.0599054 0.0590475 0.045375 0.00290129 0.0095482 
0.773638 0.0175241 0.0831869 0.0942378 0.012223 0.00448904 0.0147011 
0.642113 0.0517569 0.0442137 0.194117 0.0518126 0.0051041 0.0108827 
0.532613 0.0923689 0.0164934 0.312098 0.0364656 0.00407993 0.00588121 
0.725176 0.0434389 0.0177857 0.168848 0.0356686 0.00256841 0.00651466 
0.822743 0.0379327 0.0213039 0.0877524 0.0222361 0.00192181 0.0061102 
0.757577 0.0297998 0.0202169 0.163437 0.0227996 0.00119604 0.00497338 
0.384837 0.0244276 0.0109024 0.563219 0.0122531 0.0011785 0.00318293 
0.504288 0.00916359 0.0145337 0.433787 0.0333723 9.23528E-4 0.00393266 
0.745014 0.022656 0.0162896 0.158335 0.0509193 0.00151538 0.00527109 
0.677021 0.0184943 0.0175807 0.258705 0.0230189 0.00131328 0.00386639 
0.622871 0.0304498 0.0193434 0.296536 0.0241606 8.35018E-4 0.00580453 
0.753331 0.0405675 0.0213692 0.157227 0.020477 0.00165306 0.00537514 
0.814006 0.0228908 0.0242105 0.0939955 0.0304438 0.00351236 0.0109407 
0.823122 0.0464541 0.0178994 0.0832626 0.0190268 0.00280414 0.00743113 
0.692862 0.0416236 0.0156931 0.225364 0.016689 0.0023474 0.00542174 
0.706289 0.0624894 0.0119813 0.147987 0.0627289 0.00247044 0.00605436 
0.742144 0.0809706 0.0148505 0.110879 0.0409306 0.00301099 0.00721429 
0.680629 0.0350462 0.0144001 0.24922 0.0145756 0.00216442 0.003965 
0.597287 0.0528816 0.0108316 0.270349 0.0605573 0.00227561 0.00581858 
0.46301 0.058487 0.0103208 0.41447 0.0478659 0.0017952 0.0040515 
0.81268 0.0522714 0.0177991 0.0669031 0.039066 0.00235801 0.00892283 
0.780916 0.0313077 0.0197767 0.139818 0.0182382 0.00280915 0.00713417 
0.782414 0.031861 0.018337 0.128315 0.0282255 0.00244265 0.00840438 
0.802081 0.0398303 0.0180142 0.0865763 0.0423407 0.00281647 0.00834144 
0.833003 0.0418408 0.0183789 0.066694 0.0291105 0.00286071 0.00811212 
0.846029 0.0500124 0.0197915 0.04223 0.0305642 0.00245825 0.00891465 
0.82358 0.0662336 0.0170619 0.0417441 0.0394361 0.00266884 0.00927576 
0.817085 0.0672761 0.0167293 0.0432914 0.0431914 0.00309759 0.00932902 
0.656264 0.0613976 0.0111524 0.096817 0.162991 0.00388314 0.00749499 
0.772307 0.0237069 0.0144339 0.096289 0.0835158 0.00203877 0.00770905 
0.79772 0.036193 0.0169977 0.0689501 0.0680578 0.00236651 0.0097146 
0.827678 0.019385 0.0229662 0.0642419 0.0513764 0.00183213 0.0125201 
0.849441 0.0173729 0.0245799 0.0709585 0.025627 0.00151401 0.0105064 
0.817672 0.0194035 0.0206554 0.0994169 0.0302301 0.00145821 0.011164 
0.762555 0.0194269 0.0176392 0.143878 0.043941 0.0017661 0.010794 
0.832955 0.0247271 0.0184299 0.0732738 0.035077 0.00232916 0.0132083 
0.825778 0.0242094 0.0200123 0.077891 0.035212 0.00269292 0.0142044 
0.840303 0.0330845 0.0207644 0.0543749 0.0344738 0.00284513 0.0141541 
0.831831 0.0368461 0.0184512 0.0659202 0.0316259 0.00282678 0.0124988 
0.797722 0.0396918 0.0158092 0.0923137 0.0402545 0.00298789 0.0112206 
0.786223 0.0406417 0.0163533 0.10017 0.0427976 0.00267459 0.0111397 
0.784597 0.0413698 0.018296 0.111015 0.0317791 0.00299732 0.00994601 
0.823532 0.0374722 0.0170567 0.0836699 0.0249937 0.00277776 0.0104975 
0.827615 0.0274703 0.0211127 0.0923969 0.0170236 0.0026971 0.0116845 
0.797183 0.0207443 0.0224963 0.131713 0.0138021 0.00163288 0.0124287 
0.815305 0.0278827 0.0207093 0.0950991 0.0280809 0.00207376 0.0108492 
0.811349 0.0308888 0.019212 0.0876218 0.0331609 0.0030527 0.0147149 
0.822295 0.0297074 0.0198189 0.0762837 0.0355567 0.00308694 0.0132509 
0.81424 0.0298796 0.018473 0.0647103 0.0554751 0.00342242 0.0137996 
0.84038 0.0259226 0.0217394 0.0572732 0.0366392 0.00330462 0.0147414 
0.833992 0.030859 0.0208856 0.0684135 0.0276932 0.00331873 0.014838 
0.815477 0.0304252 0.0193561 0.0900261 0.0294051 0.00340813 0.0119025 
0.823744 0.0218988 0.0223013 0.0871247 0.0266125 0.00329388 0.0150247 
0.807586 0.0257986 0.0183194 0.0941298 0.0342457 0.00423681 0.0156836 
0.809245 0.0364551 0.0155659 0.104011 0.019156 0.00287586 0.0126912 
0.79066 0.0287951 0.0152663 0.127563 0.0230361 0.00262526 0.0120536 
0.817242 0.0373508 0.0146963 0.0953404 0.0219428 0.003104 0.0103237 
0.827263 0.0361178 0.0161184 0.0868848 0.0181431 0.00300642 0.0124666 
0.884885 0.0282933 0.0203844 0.039997 0.0085913 0.00401225 0.0138363 
0.890777 0.0313795 0.0233065 0.0294842 0.00687604 0.00285036 0.0153265 
0.860887 0.0298553 0.0229772 0.0557188 0.0113384 0.00312813 0.0160955 
0.875233 0.021565 0.0256414 0.0543603 0.00817488 0.0023281 0.012697 
0.880988 0.0194466 0.0285962 0.0441379 0.00785935 0.00256908 0.0164033 
0.897466 0.0170946 0.032792 0.0239173 0.00565956 0.00269833 0.0203721 
0.87719 0.0232001 0.0308749 0.0378349 0.0113837 0.00218889 0.0173273 
0.880517 0.0194001 0.0301027 0.038605 0.0113304 0.00202291 0.0180221 
0.879373 0.0242368 0.0356122 0.0126315 0.00763614 0.00289855 0.0376115 
0.85127 0.0186165 0.0618441 0.0069917 0.00365728 0.00361414 0.0540059 
0.840504 0.0450423 0.0538725 0.00842374 0.00561711 0.00414276 0.0423971 
0.840931 0.0620891 0.0370168 0.0137926 0.00720695 0.00907674 0.0298869 
0.703957 0.0426011 0.0836875 0.0561167 0.0430276 0.0285434 0.0420672 
0.7725 0.0494306 0.036277 0.0770556 0.0430766 0.00500876 0.0166517 
0.833623 0.0376241 0.0335344 0.0683672 0.0136247 0.0019506 0.0112765 
0.870998 0.0233793 0.0371251 0.0297674 0.0181294 0.00290418 0.0176963 
0.864984 0.00942324 0.0446639 0.0561918 0.00627282 0.00588879 0.0125758 
0.832288 0.0104594 0.0396122 0.0936609 0.00986056 0.00455768 0.00956082 
0.879683 0.00948187 0.0355284 0.0538431 0.00973317 0.0040085 0.00772192 
0.873556 0.0161603 0.0275529 0.053558 0.0199875 0.00245005 0.00673556 
0.836616 0.0207542 0.0357318 0.0788428 0.00977015 0.00504593 0.0132397 
0.863948 0.0159717 0.0486181 0.0426883 0.00501695 0.00528208 0.0184745 
0.836265 0.0090548 0.0405584 0.0907367 0.00979488 0.00446795 0.00912234 
0.89748 0.013063 0.049812 0.0191215 0.00624853 0.00236092 0.011914 
0.89082 0.0112231 0.0502855 0.0222647 0.00721735 0.00315141 0.0150376 
0.892575 0.00840126 0.0433627 0.0332188 0.00902307 0.00191281 0.0115065 
0.90025 0.0107613 0.0458036 0.0216119 0.00527709 0.0021798 0.0141159 
0.897416 0.0130193 0.0498689 0.00991503 0.00733662 0.00251641 0.0199275 
0.880081 0.0105164 0.0590855 0.0317127 0.00672159 0.00166787 0.010215 
0.875172 0.0101642 0.0594666 0.0335113 0.00884872 0.00147678 0.0113602 
0.880953 0.0187425 0.0611922 0.0137644 0.00687654 0.0032645 0.0152071 
0.854653 0.0149321 0.0530708 0.0430424 0.018337 0.00377139 0.0121934 
0.869985 0.0162257 0.0588987 0.0254321 0.00752059 0.00566109 0.0162767 
0.859146 0.0103399 0.0709236 0.0294688 0.00440093 0.00520944 0.0205117 
0.848354 0.0109053 0.0644614 0.039267 0.0100606 0.00587091 0.0210804 
0.880504 0.0158913 0.0584541 0.0181361 0.0072732 0.00333503 0.016406 
0.89325 0.0131946 0.0560753 0.012822 0.00561621 0.00432655 0.014715 
0.878086 0.00843405 0.0696186 0.0210417 0.00431158 0.00359795 0.0149099 
0.877003 0.00921631 0.0719798 0.0145953 0.00467764 0.0034885 0.0190393 
0.870951 0.00914578 0.0735406 0.0192248 0.00460266 0.00282568 0.0197093 
0.851701 0.00939804 0.0763123 0.0355147 0.00650715 0.00307477 0.0174926 
0.854088 0.0103617 0.0815203 0.0199348 0.00898876 0.00308218 0.0220246 
0.867675 0.0120624 0.069503 0.0154835 0.0119515 0.00282018 0.0205045 
0.869181 0.0120147 0.0699334 0.0100704 0.0148989 0.00249377 0.021408 
0.885692 0.0115403 0.0668221 0.00741381 0.00874108 0.0020128 0.0177779 
0.890738 0.0150209 0.0534789 0.011062 0.0117369 0.00195936 0.0160043 
0.889361 0.0154986 0.0550779 0.00896163 0.0120016 0.00221003 0.0168896 
0.889157 0.0129215 0.0568191 0.0084701 0.0126696 0.00247927 0.0174837 
0.881465 0.0121921 0.0656678 0.00808239 0.0100687 0.00181645 0.0207078 
0.876643 0.0157849 0.0635083 0.0069671 0.0112143 0.00190833 0.023974 
0.875082 0.00968125 0.0743184 0.00838659 0.00947173 0.00205525 0.0210051 
0.873863 0.00856465 0.0724272 0.00991337 0.00886324 0.00206123 0.024307 
0.874155 0.00937415 0.069282 0.00787971 0.0119256 0.00208327 0.0253001 
0.878067 0.00928617 0.0670359 0.0117485 0.00976002 0.00196233 0.0221397 
0.877652 0.0131623 0.0649203 0.00659977 0.0125205 0.00283715 0.0223082 
0.8425 0.0174621 0.0847012 0.00907111 0.0182303 0.00255553 0.0254798 
0.863835 0.015109 0.0799683 0.00823199 0.00856665 0.00183641 0.0224532 
0.880914 0.0158216 0.0674229 0.00700606 0.00517217 0.00405389 0.0196094 
0.855508 0.0122229 0.0873367 0.00798065 0.00548818 0.00517037 0.0262935 
0.877085 0.0143551 0.0719669 0.00801673 0.00605945 0.00387632 0.0186407 
0.865627 0.0195829 0.0700237 0.00712429 0.011733 0.00401583 0.0218938 
0.868515 0.0112768 0.0830857 0.0157151 0.00543792 0.00242118 0.0135483 
0.877208 0.0163256 0.0739245 0.00855411 0.00510213 0.00332009 0.0155657 
0.87357 0.0181559 0.0725394 0.0123648 0.00725573 0.00323752 0.0128771 
0.868169 0.0184936 0.0700354 0.0148472 0.00971306 0.00251042 0.0162313 
0.853487 0.0139219 0.0799302 0.0290227 0.00876201 0.00273555 0.0121402 
0.850306 0.0127172 0.0801456 0.0332874 0.00748581 0.00342903 0.0126285 
0.850629 0.0132818 0.0740067 0.0359141 0.00798158 0.00324394 0.0149432 
0.840315 0.00659454 0.0925132 0.027966 0.00891901 0.00285659 0.020836 
0.83643 0.00752019 0.102986 0.0134235 0.00821128 0.00287098 0.0285584 
0.857271 0.0072233 0.0893787 0.0142447 0.0076147 0.00249261 0.0217746 
0.855312 0.0065381 0.0915658 0.0163146 0.00606458 0.00209205 0.0221134 
0.843769 0.00673883 0.0960983 0.0249354 0.00512084 0.00294157 0.0203956 
0.863712 0.00982009 0.0742822 0.0159311 0.0130525 0.00240324 0.0207986 
0.860127 0.0112778 0.0816626 0.0121214 0.013153 0.00272929 0.0189285 
0.840852 0.00858234 0.0946785 0.0135972 0.0149439 0.00266774 0.024678 
0.83705 0.00932545 0.0990023 0.00681231 0.011517 0.00332246 0.0329709 
0.84357 0.00745623 0.0957352 0.0100255 0.0129458 0.00256913 0.0276976 
0.882861 0.00836582 0.0674219 0.0106747 0.00743939 0.00277016 0.0204669 
0.868719 0.00729631 0.0778753 0.0112328 0.00772183 0.00257608 0.0245786 
0.8872 0.00918912 0.0670393 0.0095616 0.00736035 0.00202537 0.0176247 
0.877871 0.00921589 0.0647058 0.011249 0.011146 0.00155131 0.0242607 
0.886627 0.00900454 0.0607224 0.0108115 0.0108915 0.00130588 0.0206372 
0.888113 0.0114897 0.0549645 0.011892 0.0137093 0.00164065 0.0181913 
0.872846 0.00859901 0.0699629 0.016334 0.0110757 0.0014754 0.019707 
0.871478 0.00830869 0.076582 0.0143861 0.00724904 0.00157049 0.0204259 
0.885821 0.0108433 0.0626763 0.011884 0.0103218 0.00203774 0.0164159 
0.874294 0.00991449 0.0740205 0.00986453 0.00890365 0.00250405 0.0204986 
0.880628 0.0108955 0.0666759 0.0106976 0.0111919 0.00226083 0.0176506 
0.866674 0.0098624 0.0792018 0.0113811 0.00952842 0.00197989 0.0213719 
0.879664 0.00797458 0.0702378 0.0139566 0.00809611 0.00189028 0.0181804 
0.878424 0.0107585 0.0712248 0.00781842 0.0100119 0.001878 0.0198842 
0.875216 0.0114471 0.0732655 0.00710679 0.00961206 0.00226166 0.0210913 
0.883395 0.0124086 0.0642782 0.00743942 0.00897668 0.0020936 0.0214087 
0.871361 0.0121415 0.0662405 0.00758107 0.0170713 0.00202183 0.0235831 
0.883514 0.0123588 0.0614895 0.00814846 0.0107963 0.00154917 0.0221443 
0.879209 0.0141475 0.0580902 0.010025 0.0150595 0.00202942 0.0214394 
0.891272 0.0109512 0.0561224 0.0121396 0.0131078 0.00175925 0.014648 
0.771842 0.0144298 0.0271697 0.0853942 0.0899384 0.00203585 0.00918975 
0.844607 0.01694 0.0320887 0.0284813 0.0636798 0.00231788 0.0118853 
0.888719 0.0159163 0.0422717 0.0105652 0.0239219 0.00223039 0.0163751 
0.875131 0.0146078 0.0507278 0.010809 0.0276211 0.00243329 0.01867 
0.870797 0.0114075 0.0685563 0.0143351 0.014081 0.00191767 0.0189055 
0.872449 0.0094467 0.0675799 0.0133385 0.0128864 0.00184625 0.0224533 
0.864524 0.00999191 0.0772586 0.00829852 0.0112602 0.00214422 0.0265221 
0.884481 0.0106738 0.0640458 0.0114618 0.0109675 0.00199031 0.0163796 
0.873618 0.00927257 0.0741276 0.00881716 0.00920998 0.00184205 0.0231128 
0.877106 0.00789484 0.0645814 0.0152781 0.012488 0.00181373 0.0208376 
0.870355 0.00698483 0.0688466 0.0163105 0.00993705 0.00196958 0.0255969 
0.893141 0.00785504 0.0535569 0.0184588 0.0107498 0.00177485 0.0144637 
0.888629 0.00885581 0.06501 0.0162693 0.00603715 0.0012416 0.0139568 
1.08464E-4 0.00281986 6.99599E-5 1.94312E-5 2.42189E-5 0.996412 5.46424E-4 
1.28286E-5 4.98707E-4 7.8653E-6 7.35368E-7 5.00267E-6 0.999248 2.27114E-4 
3.94038E-5 0.00109415 1.44103E-5 3.36815E-6 8.87398E-6 0.998258 5.81985E-4 
1.64473E-4 0.00267001 8.77803E-5 2.02537E-5 3.27179E-5 0.995969 0.00105575 
5.32798E-4 0.0043823 2.41679E-4 5.76358E-5 7.16745E-5 0.992063 0.00265137 
0.00572926 0.013262 0.0041679 0.00122512 5.2543E-4 0.962495 0.0125955 
0.00677327 0.0139715 0.00647381 0.00148438 5.8433E-4 0.954732 0.0159805 
0.0140547 0.0311053 0.0124022 0.00470298 0.00222402 0.914024 0.0214866 
0.0139358 0.0295706 0.0103327 0.00430876 0.00203656 0.916303 0.0235123 
0.0292351 0.0461417 0.0179165 0.010162 0.00549833 0.834318 0.0567285 
0.123527 0.0791398 0.0646988 0.0373775 0.0254971 0.449235 0.220525 
0.19017 0.102206 0.0683393 0.0482539 0.052298 0.293748 0.244985 
0.683299 0.0654397 0.0292649 0.0151115 0.0441381 0.136276 0.0264708 
0.632018 0.0733902 0.0306663 0.00738599 0.0217604 0.207793 0.0269867 
0.680771 0.0859938 0.0405612 0.00874653 0.121989 0.0515373 0.0104019 
0.725788 0.0585768 0.0729634 0.00536728 0.0796374 0.0442924 0.0133744 
0.72145 0.0432238 0.119849 0.00242153 0.0221865 0.0705417 0.0203279 
0.75695 0.0530408 0.0962602 0.00234321 0.0137201 0.0481814 0.0295046 
0.530519 0.257443 0.0603456 0.00275464 0.0245091 0.0956449 0.0287839 
0.0245069 0.93838 7.02349E-4 5.10117E-4 0.013079 0.0223246 4.96869E-4 
0.13041 0.676823 0.00407034 0.00199134 0.150062 0.035034 0.0016104 
0.133526 0.552831 0.00395279 0.00711119 0.239462 0.0613955 0.00172118 
0.129829 0.481185 0.00255085 0.0145151 0.321264 0.0486887 0.00196695 
0.134439 0.233072 0.00418426 0.0268449 0.535404 0.0626463 0.00340989 
0.237981 0.27899 0.00723752 0.0227775 0.381881 0.0653772 0.00575549 
0.503002 0.259865 0.00751557 0.0579135 0.0810772 0.0839473 0.00667971 
0.627066 0.124246 0.0130773 0.077693 0.0618296 0.0890038 0.00708404 
0.651767 0.140212 0.015406 0.0460844 0.027255 0.112698 0.00657724 
0.723382 0.121835 0.0229341 0.0330569 0.01355 0.075929 0.00931272 
0.65322 0.132961 0.0170871 0.0244337 0.0114488 0.154326 0.00652294 
0.651144 0.145019 0.0156565 0.0297813 0.0153538 0.136348 0.00669673 
0.634298 0.187037 0.0156754 0.0343413 0.0272135 0.0955 0.00593503 
0.699746 0.120839 0.0216183 0.0487421 0.0241991 0.076232 0.00862355 
0.628179 0.089136 0.0239742 0.0652784 0.134849 0.0505478 0.00803597 
0.619831 0.117548 0.0293089 0.0651179 0.0945847 0.0625842 0.0110254 
0.752215 0.0383089 0.0398804 0.0624218 0.0530219 0.0426388 0.0115129 
0.635349 0.09172 0.0314528 0.134573 0.0620081 0.0314902 0.0134071 
0.686062 0.0392291 0.0435026 0.179103 0.0193238 0.0212344 0.011545 
0.538242 0.0269251 0.0377408 0.3662 0.0104035 0.0107796 0.00970864 
0.668185 0.0448162 0.0274073 0.23528 0.00579492 0.00536877 0.0131476 
0.707294 0.0660603 0.014609 0.170226 0.0277419 0.0040366 0.0100325 
0.453472 0.0838725 0.0102037 0.381693 0.0605633 0.00350082 0.0066949 
0.404614 0.0768919 0.0126438 0.458548 0.0376752 0.00320988 0.00641784 
0.357102 0.0425533 0.0113991 0.544875 0.0366824 0.00217679 0.00521181 
0.423844 0.11283 0.0110884 0.392036 0.0496386 0.00421613 0.00634709 
0.17698 0.047924 0.526209 0.218805 0.0143341 0.010868 0.00487995 
0.365875 0.0595131 0.348781 0.193506 0.0134003 0.0126826 0.00624223 
0.374593 0.0582939 0.307888 0.230225 0.013248 0.0106114 0.00514118 
0.436954 0.0678578 0.270686 0.195387 0.0117253 0.0114435 0.00594586 
0.506317 0.0610315 0.169062 0.243908 0.00951796 0.00736073 0.00280357 
0.495814 0.0697443 0.178861 0.234557 0.00925917 0.00834324 0.00342193 
0.531587 0.064652 0.185527 0.198704 0.00855894 0.00775608 0.00321559 
0.447295 0.0593718 0.230021 0.23796 0.0119952 0.00979603 0.00356064 
0.394727 0.0482678 0.413982 0.115076 0.0104483 0.0125061 0.00499244 
0.328875 0.0485868 0.478461 0.113386 0.0114784 0.0133941 0.00581892 
0.179557 0.0404224 0.686982 0.0685206 0.00942651 0.0103318 0.00475959 
0.202392 0.0456256 0.632908 0.0924524 0.0107785 0.0107096 0.00513331 
0.185384 0.0441833 0.66346 0.0820987 0.0102571 0.00953366 0.0050827 
0.221628 0.0427576 0.611343 0.0983269 0.0113628 0.00926545 0.00531662 
0.255715 0.0321257 0.622176 0.0689127 0.00695905 0.010454 0.00365832 
0.474482 0.0402634 0.377573 0.071008 0.00782165 0.0259598 0.0028922 
0.0671354 0.177366 0.607709 0.0365306 0.00882212 0.0952359 0.00720137 
0.126811 0.145413 0.574886 0.0420975 0.00846261 0.0949858 0.00734414 
0.371705 0.0733299 0.413034 0.0298895 0.00601673 0.0999995 0.00602465 
0.0108498 0.0415499 0.884358 0.0177002 0.0106872 0.0233245 0.0115305 
0.01462 0.0555902 0.82495 0.0328455 0.0145972 0.0387722 0.0186247 
0.0169689 0.054777 0.825484 0.037103 0.012608 0.0358831 0.0171763 
0.0209236 0.0444906 0.880185 0.0180071 0.00639685 0.0199265 0.0100706 
0.184521 0.0447692 0.204507 0.331665 0.120373 0.0920697 0.0220953 
0.104711 0.0135953 0.0369663 0.433847 0.357301 0.0471657 0.00641469 
0.67516 0.0121686 0.127226 0.0599004 0.0785228 0.0392923 0.00773011 
0.78804 0.01034 0.143002 0.00768031 0.0289921 0.0184531 0.00349259 
0.757881 0.026025 0.124605 0.0049997 0.062242 0.0162351 0.00801182 
0.856995 0.0222219 0.0407591 0.00899355 0.0557241 0.0113223 0.00398429 
0.840006 0.0398717 0.0215046 0.0138826 0.0641553 0.0121113 0.00846864 
0.837367 0.09576 0.0195407 0.00957316 0.0165687 0.00678326 0.0144074 
0.853064 0.0908705 0.0218509 0.0032918 0.00692624 0.00874073 0.0152562 
0.822578 0.121775 0.01957 0.00431704 0.00943324 0.00602738 0.0162991 
0.700638 0.237829 0.0103075 0.0181235 0.0165554 0.0027227 0.0138238 
0.75673 0.186791 0.0179094 0.0101102 0.0104959 0.0077407 0.0102228 
0.849192 0.06966 0.0203114 0.0292563 0.0151744 0.00495527 0.0114506 
0.842456 0.0815666 0.0236887 0.0240209 0.00916435 0.00540109 0.013702 
0.796141 0.152896 0.0163434 0.0154002 0.00563837 0.00273558 0.0108456 
0.592873 0.203175 0.0186642 0.12776 0.0338205 0.0107354 0.0129725 
0.695364 0.240237 0.0167799 0.0295709 0.00455927 0.003724 0.00976559 
0.753918 0.157392 0.0116948 0.0386768 0.0253587 0.00341735 0.00954276 
0.804875 0.0984729 0.0146246 0.0544694 0.0146634 0.00325014 0.00964482 
0.76763 0.14796 0.0137346 0.0350922 0.0184663 0.00680098 0.0103158 
0.813015 0.0772245 0.0166093 0.0668078 0.013936 0.00360608 0.00880112 
0.829646 0.0718127 0.0170051 0.0589427 0.0114306 0.00397641 0.0071866 
0.625443 0.0251319 0.0114223 0.313638 0.0195818 0.00154163 0.00324094 
0.721642 0.0304086 0.0106299 0.192571 0.039114 0.00200498 0.00362952 
0.814331 0.0911604 0.0142113 0.0512136 0.0201938 0.00281613 0.00607391 
0.754282 0.0762305 0.0131473 0.117762 0.029438 0.00247256 0.00666686 
0.677798 0.0635563 0.011282 0.205674 0.0347639 0.0017773 0.00514842 
0.54699 0.0702732 0.0105754 0.343359 0.0228878 0.00196536 0.00394974 
0.7341 0.0555943 0.0137528 0.175891 0.0151799 0.00189883 0.00358339 
0.812098 0.100788 0.0145579 0.0509158 0.0136583 0.00230384 0.00567805 
0.798257 0.121065 0.0146377 0.0399301 0.0139579 0.00344903 0.00870362 
0.783274 0.122979 0.0155425 0.0550521 0.0103054 0.00414545 0.00870102 
0.651428 0.076867 0.0160436 0.237453 0.00841842 0.00434451 0.00544565 
0.666426 0.076302 0.0148274 0.218834 0.0147382 0.00351435 0.0053581 
0.590914 0.0985101 0.0129748 0.256078 0.0323675 0.00299513 0.00616067 
0.675732 0.0987199 0.015781 0.195187 0.00672795 0.00297678 0.00487527 
0.588281 0.137558 0.0106271 0.239023 0.0172205 0.00226818 0.00502229 
0.535369 0.142311 0.00875373 0.282092 0.0240804 0.00278068 0.00461293 
0.263435 0.131963 0.00702327 0.531038 0.0575325 0.0040949 0.00491337 
0.354764 0.207151 0.00725349 0.369873 0.049876 0.00610695 0.00497571 
0.558684 0.218242 0.00681373 0.18401 0.0216771 0.00646619 0.00410723 
0.467692 0.225511 0.00829688 0.267987 0.0214058 0.0051771 0.00393069 
0.674482 0.103127 0.0106083 0.197291 0.00768592 0.00449367 0.00231173 
0.748146 0.135869 0.00801238 0.071334 0.0251726 0.00566756 0.00579777 
0.858043 0.0403651 0.0137964 0.0737961 0.0109203 0.00122475 0.00185393 
0.814019 0.0639127 0.0124821 0.0882848 0.0172531 0.00192654 0.00212135 
0.719681 0.0436491 0.015616 0.204658 0.0135071 0.00185902 0.00103005 
0.729092 0.0364763 0.0220721 0.203027 0.0069766 0.00157192 7.84801E-4 
0.437259 0.0345632 0.138573 0.371596 0.00899164 0.00572365 0.00329376 
0.204139 0.0480435 0.450842 0.261177 0.0154538 0.0129071 0.00743772 
0.0951961 0.0310403 0.319215 0.536706 0.0101504 0.00557115 0.00212057 
0.123166 0.0406896 0.49817 0.313272 0.0119302 0.00893997 0.00383153 
0.116457 0.0382162 0.463548 0.359002 0.0114837 0.00795403 0.00333846 
0.0805313 0.0289327 0.345912 0.527422 0.00962901 0.00578336 0.00179002 
0.0821018 0.0320353 0.436886 0.429725 0.0102526 0.00674633 0.00225269 
0.119333 0.0381711 0.455725 0.364287 0.0112665 0.00795999 0.0032581 
0.116874 0.0350966 0.404303 0.422043 0.0112217 0.00759268 0.002869 
0.125442 0.0323554 0.306491 0.517494 0.00981896 0.00626897 0.00212952 
0.107194 0.0271498 0.288352 0.560725 0.00935004 0.00567643 0.00155235 
0.0814513 0.0241886 0.301666 0.576717 0.00963597 0.0048732 0.00146795 
0.0815617 0.0257124 0.346522 0.528427 0.0105469 0.00550601 0.00172407 
0.0734716 0.021553 0.275521 0.613014 0.0100623 0.00506495 0.00131314 
0.119402 0.0299514 0.352341 0.47838 0.0115685 0.00607834 0.00227891 
0.0952943 0.0311882 0.456679 0.39572 0.0117813 0.00685316 0.00248455 
0.0741779 0.0290612 0.442359 0.434865 0.0112222 0.00627395 0.00204018 
0.0636725 0.0248603 0.380922 0.512014 0.0108823 0.00593908 0.00170985 
0.069777 0.0281942 0.420767 0.463119 0.0105454 0.00574038 0.00185618 
0.0588663 0.0278673 0.490414 0.40317 0.0111879 0.00645291 0.00204076 
0.0769855 0.032177 0.71615 0.153496 0.0109762 0.00744562 0.00276969 
0.0657963 0.0306626 0.826854 0.0589943 0.0085329 0.00669686 0.00246309 
0.130802 0.0388803 0.656109 0.148564 0.011871 0.00920315 0.0045704 
0.141334 0.0388682 0.625691 0.168343 0.0119919 0.00934663 0.00442452 
0.172797 0.0430712 0.551815 0.202289 0.013651 0.0110359 0.00534033 
0.192783 0.0488467 0.577609 0.146232 0.0142348 0.0131534 0.00714162 
0.186011 0.0475926 0.562103 0.172337 0.013632 0.0120096 0.00631438 
0.189619 0.0472839 0.57311 0.158139 0.0134257 0.0118863 0.00653585 
0.206548 0.0508718 0.504474 0.20453 0.0147247 0.0119948 0.00685714 
0.146051 0.0461294 0.547438 0.232957 0.012802 0.00993025 0.00469275 
0.232791 0.0535607 0.435408 0.243013 0.0155171 0.0127486 0.00696106 
0.26003 0.0520677 0.481238 0.16859 0.0154869 0.0142718 0.00831519 
0.290017 0.0414948 0.516356 0.119386 0.0126408 0.0122521 0.00785347 
0.702645 0.0339755 0.142338 0.111194 0.0045623 0.00335426 0.00193071 
0.805423 0.0397391 0.08184 0.0677666 0.00292943 0.00175012 5.52274E-4 
0.890841 0.0496291 0.0185665 0.0333494 0.00458873 0.00217157 8.53637E-4 
0.91967 0.0297601 0.0194792 0.0237944 0.00372236 0.00159539 0.00197816 
0.926061 0.0243247 0.0209276 0.0185425 0.00447668 0.0021163 0.00355109 
0.924764 0.0212268 0.0178404 0.0254771 0.00657576 0.00170732 0.00240874 
0.894434 0.0317774 0.0163291 0.0470672 0.00745758 0.00162579 0.00130913 
0.899743 0.0344886 0.0204682 0.0373298 0.00481853 0.00194312 0.00120814 
0.887209 0.0445598 0.021844 0.0397897 0.00384323 0.00192293 8.31147E-4 
0.820252 0.0485834 0.0333138 0.091874 0.00323513 0.0022594 4.8226E-4 
0.687886 0.0337925 0.0855496 0.183328 0.00542016 0.00290798 0.00111565 
0.38958 0.054333 0.233052 0.289045 0.0140691 0.0123512 0.0075698 
0.24743 0.0561131 0.43652 0.217631 0.0175357 0.0160737 0.00869675 
0.175826 0.050707 0.43902 0.301831 0.0151971 0.0116592 0.00575954 
0.174347 0.0476205 0.408911 0.338028 0.0150799 0.0109639 0.0050499 
0.193184 0.0520754 0.499507 0.21975 0.0155761 0.013259 0.0066495 
0.191643 0.0525084 0.464837 0.256429 0.0156954 0.0124103 0.00647627 
0.179234 0.0510436 0.561911 0.171409 0.0156164 0.0144577 0.00632723 
0.155086 0.0479461 0.59911 0.164476 0.0148933 0.0130193 0.00546957 
0.135264 0.0480167 0.6496 0.134486 0.0143022 0.0131338 0.00519739 
0.13502 0.0501829 0.628934 0.153661 0.0143572 0.0125646 0.00528015 
0.229792 0.0566279 0.479806 0.194551 0.0161894 0.0152657 0.00776766 
0.318335 0.0655686 0.287952 0.291374 0.015189 0.0142179 0.00736361 
0.354552 0.0748693 0.139538 0.412199 0.00882079 0.00722318 0.00279773 
0.265302 0.0679265 0.408831 0.213936 0.0172283 0.0170896 0.00968673 
0.0904938 0.0494312 0.75322 0.077949 0.0131801 0.0115934 0.004132 
0.117519 0.0469165 0.707884 0.0987526 0.0126975 0.011527 0.00470375 
0.120707 0.04965 0.629332 0.171066 0.0137132 0.0106111 0.00492154 
0.15974 0.0450433 0.347137 0.423095 0.0128232 0.00872944 0.00343174 
0.198921 0.0396803 0.20151 0.540575 0.0109825 0.00645582 0.00187523 
0.210445 0.0451078 0.215444 0.508027 0.0112076 0.00744111 0.00232758 
0.171408 0.041032 0.215193 0.550761 0.0115903 0.00792746 0.00208761 
0.875929 0.0112085 0.060747 0.0293442 0.00646193 0.00381652 0.0124924 
0.857607 0.0107893 0.0567275 0.055793 0.00594842 0.00364909 0.00948529 
0.855572 0.0118671 0.0421783 0.0760758 0.00552153 0.00247288 0.00631249 
0.856312 0.0145464 0.0315909 0.0709026 0.0169068 0.00241104 0.00733013 
0.878301 0.0148892 0.0455172 0.0387196 0.00702264 0.00373993 0.0118105 
0.867002 0.0220525 0.0371259 0.0537019 0.00660447 0.00495093 0.00856221 
0.907528 0.0153894 0.0417338 0.0189406 0.00375717 0.00434536 0.00830524 
0.882519 0.0270869 0.0452516 0.0202055 0.00788403 0.00497143 0.0120815 
0.886503 0.0138815 0.0638606 0.0110159 0.00347985 0.00524251 0.016017 
0.893223 0.0131397 0.0591572 0.0096726 0.00384868 0.00258088 0.0183784 
0.883718 0.0192917 0.0558032 0.0193904 0.00685862 0.00247331 0.0124652 
0.870145 0.0150598 0.0869885 0.00378069 0.00198197 0.00420368 0.0178409 
0.818049 0.0214344 0.0924964 0.00564223 0.0153563 0.00979768 0.0372235 
0.880282 0.0302477 0.0553081 0.00589577 0.00779473 0.00553035 0.0149416 
0.867906 0.0410006 0.0523383 0.00316279 0.00976085 0.00496649 0.0208654 
0.702074 0.0361505 0.100241 0.00470751 0.112865 0.00878941 0.0351724 
0.610354 0.160681 0.127811 0.00345284 0.0434429 0.0205697 0.0336894 
0.729833 0.0868532 0.0289391 0.00576477 0.127343 0.00586154 0.0154062 
0.83166 0.065239 0.0622372 0.00345849 0.0133072 0.00577835 0.0183199 
0.852584 0.0434795 0.0310629 0.0327073 0.0272153 0.00269528 0.0102559 
0.842251 0.0315815 0.0329995 0.042319 0.0386343 0.00279688 0.0094177 
0.721587 0.103392 0.0205873 0.0990897 0.041603 0.00516988 0.00857138 
0.372922 0.103147 0.0120273 0.467923 0.0354645 0.00261336 0.00590298 
0.68739 0.106633 0.0145117 0.121074 0.0585253 0.00287033 0.00899586 
0.788476 0.0605182 0.0158127 0.0847014 0.0399093 0.0018659 0.00871664 
0.797439 0.0585124 0.0185229 0.0781545 0.0368437 0.00250689 0.00802029 
0.838805 0.051372 0.0188552 0.0708381 0.0138481 0.00150915 0.00477254 
0.841502 0.0727877 0.0197165 0.0439548 0.0146465 0.00165899 0.00573324 
0.814534 0.0648262 0.0183136 0.0873501 0.00871126 0.00166859 0.00459604 
0.809221 0.0821775 0.0151116 0.0598115 0.0234451 0.00295796 0.00727536 
0.851045 0.0591749 0.0164112 0.0533775 0.010906 0.00319381 0.00589116 
0.811154 0.0585798 0.0169353 0.0947047 0.00907596 0.00386405 0.00568629 
0.827059 0.0496568 0.0179474 0.0781175 0.0167808 0.00400045 0.00643825 
0.850196 0.0541211 0.0144852 0.0420445 0.0299436 0.00265888 0.00655045 
0.816179 0.0478369 0.0110573 0.0753145 0.041136 0.00354954 0.00492704 
0.876479 0.0285721 0.0209278 0.0414971 0.0253946 0.00278431 0.00434509 
0.869216 0.0443152 0.0246838 0.0359357 0.0151564 0.00422266 0.00647017 
0.867172 0.040911 0.0216827 0.0541554 0.00757008 0.00309311 0.00541584 
0.724117 0.0376283 0.0177869 0.185508 0.025428 0.00464209 0.00488955 
0.771413 0.0567914 0.0198951 0.118223 0.0227207 0.00478481 0.00617178 
0.841171 0.024276 0.0240288 0.0801048 0.0215983 0.00305393 0.00576739 
0.845639 0.0264795 0.0246718 0.0626268 0.030004 0.00392778 0.00665099 
0.83234 0.0518458 0.0235414 0.0566566 0.0235901 0.00562137 0.0064048 
0.813998 0.0429606 0.023095 0.0596571 0.0494671 0.00348869 0.00733325 
0.823582 0.0470919 0.0213868 0.0515421 0.0452372 0.00415778 0.00700191 
0.821183 0.0433139 0.0217856 0.0366059 0.0640709 0.0051152 0.00792572 
0.818958 0.0489185 0.0176513 0.0320553 0.0697991 0.00482438 0.00779303 
0.842092 0.0379263 0.0232647 0.0433997 0.0422066 0.00436562 0.00674471 
0.866394 0.0343162 0.0309429 0.0315888 0.0245302 0.00399496 0.00823238 
0.868537 0.0425994 0.0202546 0.0290051 0.0288081 0.00455419 0.00624141 
0.867868 0.0543919 0.0211794 0.0296013 0.015841 0.00575709 0.00536125 
0.837415 0.0722067 0.0164598 0.0272007 0.0362996 0.00546478 0.00495366 
0.861226 0.0729639 0.0183442 0.0215174 0.0158239 0.00539748 0.00472727 
0.881332 0.0503623 0.0239008 0.0223431 0.0112761 0.00560297 0.00518299 
0.872965 0.0605005 0.0262094 0.0179245 0.011488 0.00562112 0.00529192 
0.876878 0.0558631 0.021074 0.0226751 0.0149383 0.00398332 0.00458835 
0.872776 0.0663635 0.0210469 0.0183016 0.01185 0.00488297 0.00477861 
0.870781 0.0469904 0.0230859 0.0205593 0.0278864 0.00394591 0.00675156 
0.888061 0.0356196 0.024194 0.0375839 0.00767876 0.00297422 0.00388889 
0.898967 0.0424998 0.0269518 0.0160465 0.00715331 0.00430509 0.00407692 
0.909131 0.024543 0.031282 0.0215534 0.00592586 0.00363843 0.0039264 
0.912081 0.0313055 0.0234782 0.0227956 0.00555421 0.00245337 0.00233165 
0.875104 0.0388602 0.0263782 0.0521871 0.00325594 0.0026896 0.00152534 
0.876444 0.0444832 0.0263448 0.0437093 0.00361117 0.00350458 0.00190323 
0.881284 0.0370159 0.0257127 0.0373156 0.00969274 0.00501968 0.00395964 
0.87503 0.0321427 0.0278372 0.0278707 0.0233247 0.00728927 0.00650519 
0.841302 0.0374915 0.0262409 0.051086 0.0323525 0.00454459 0.00698293 
0.841853 0.0680561 0.032144 0.0200493 0.018927 0.00882003 0.0101504 
0.851565 0.0465134 0.0359062 0.0283267 0.0206622 0.00560517 0.0114208 
0.846673 0.0453333 0.0346857 0.0293504 0.0282002 0.00600586 0.00975168 
0.854777 0.0384057 0.0464535 0.0205152 0.0209993 0.00615848 0.012691 
0.848015 0.03989 0.0408023 0.0261105 0.0265453 0.00752571 0.0111114 
0.844722 0.0489622 0.0429544 0.0141484 0.0276979 0.0084282 0.0130869 
0.868634 0.0363772 0.0406168 0.0151235 0.0223131 0.0059924 0.010943 
0.868256 0.0349077 0.0412848 0.0192428 0.0209913 0.00491697 0.0104008 
0.890715 0.0309049 0.031687 0.0263912 0.00961362 0.00409061 0.00659748 
0.871506 0.0250025 0.0374629 0.0450729 0.0097242 0.00374017 0.00749094 
0.880095 0.0291446 0.0297033 0.0411783 0.00696045 0.00585441 0.00706362 
0.885561 0.0377563 0.033236 0.0186822 0.0086421 0.00709051 0.00903198 
0.882138 0.0233397 0.0335011 0.0388922 0.0108299 0.00372069 0.00757854 
0.915344 0.0115528 0.0321898 0.0267389 0.00557889 0.00113977 0.00745635 
0.881004 0.0144387 0.0248368 0.0642325 0.00837714 0.00110159 0.00600968 
0.768394 0.0180729 0.0176689 0.155653 0.0339672 0.00179932 0.00444434 
0.900737 0.0242922 0.021689 0.0266755 0.0191777 0.00181308 0.00561549 
0.857489 0.0222257 0.0240939 0.0819569 0.00848142 0.00128095 0.00447232 
0.870957 0.0185908 0.0254481 0.0701402 0.00908634 0.00121218 0.00456594 
0.898618 0.0162646 0.0274607 0.0440043 0.0062517 0.00239961 0.00500132 
0.90708 0.0140471 0.0365234 0.0228852 0.00745957 0.00212795 0.00987674 
0.893507 0.0111141 0.0417136 0.0309936 0.00967603 0.00195077 0.0110454 
0.893948 0.00735938 0.0709353 0.00784464 0.00265196 0.0021099 0.0151504 
0.904117 0.00812755 0.0530089 0.0134012 0.00207972 0.00192806 0.0173373 
0.889002 0.00538537 0.0491963 0.0323803 0.00402277 0.00326529 0.0167475 
0.888816 0.00617225 0.0634954 0.00980282 0.00177165 0.00736204 0.0225801 
0.606751 0.00642402 0.257931 9.9646E-4 8.8649E-4 0.0788942 0.0481161 
0.111978 0.00236891 0.777452 4.43188E-4 3.76066E-4 0.0905811 0.0168005 
0.0757279 0.00467431 0.896336 1.16936E-4 6.17413E-4 0.0107698 0.0117575 
0.0143211 0.00369453 0.974724 9.6666E-5 0.00148918 0.00315609 0.00251853 
0.299921 0.00983609 0.641652 0.00474854 0.0212619 0.0179815 0.00459972 
0.656186 0.00998853 0.297496 0.0134773 0.00989295 0.0100683 0.00289035 
0.592747 0.00729862 0.376522 0.00347455 0.00264641 0.0114718 0.00583953 
0.636696 0.0187636 0.265124 0.0111815 0.0351585 0.0229513 0.0101248 
0.567931 0.0294336 0.0481765 0.11448 0.216639 0.0153556 0.00798452 
0.734074 0.0238102 0.025893 0.0890241 0.110722 0.00908927 0.00738716 
0.872566 0.0424532 0.0285107 0.0220874 0.0189054 0.00633257 0.00914491 
0.852443 0.061885 0.0236079 0.0281962 0.0174289 0.00696248 0.00947625 
0.8717 0.044766 0.034129 0.0119792 0.0132735 0.00899891 0.0151536 
0.8915 0.0211187 0.0427499 0.0089323 0.00635274 0.00811974 0.0212264 
0.876535 0.0341417 0.0306512 0.0243747 0.00463557 0.0106198 0.0190418 
0.877075 0.0225106 0.0294208 0.0349888 0.00939492 0.00785242 0.0187577 
0.811744 0.0401998 0.0253313 0.0893726 0.00655309 0.00898134 0.0178174 
0.731412 0.0784888 0.0164492 0.151958 0.0060634 0.00586441 0.00976446 
0.834142 0.0535469 0.0178457 0.0739283 0.0047802 0.0061035 0.00965347 
0.699168 0.0625558 0.0166399 0.197371 0.0136647 0.0037339 0.00686648 
0.698798 0.0466002 0.0187438 0.220247 0.00605551 0.00436616 0.00518882 
0.712413 0.0930064 0.0151631 0.158062 0.0111142 0.00346956 0.00677182 
0.645578 0.119761 0.0159232 0.195949 0.0123685 0.0041672 0.00625266 
0.657488 0.124575 0.0179174 0.182643 0.00614238 0.00428092 0.00695342 
0.60556 0.143491 0.0194682 0.212548 0.00635687 0.00549895 0.0070764 
0.665885 0.108683 0.0187211 0.193199 0.00395281 0.00372278 0.00583587 
0.640358 0.237529 0.0121948 0.0879217 0.00919463 0.00759051 0.00521076 
0.643478 0.21599 0.0152418 0.0965854 0.0111354 0.0101424 0.00742666 
0.69429 0.12011 0.0180688 0.144857 0.00481776 0.0108347 0.0070219 
0.85192 0.0813079 0.0219833 0.0267667 0.00332044 0.00788378 0.00681829 
0.827884 0.0904015 0.0179708 0.0454467 0.00566738 0.00651451 0.00611475 
0.779724 0.101533 0.016326 0.0842316 0.00734306 0.00573803 0.0051045 
0.784274 0.103245 0.0182926 0.072343 0.00752801 0.00661767 0.00770004 
0.809967 0.058643 0.0190534 0.095665 0.00430577 0.00642887 0.00593724 
0.835578 0.0446808 0.0210298 0.0848385 0.00326137 0.00526113 0.00535023 
0.791435 0.0512527 0.0227719 0.12098 0.00327554 0.00418509 0.00610037 
0.818681 0.0397193 0.0217027 0.106396 0.00340087 0.00432148 0.00577857 
0.756379 0.034973 0.0218524 0.175253 0.00313584 0.00374157 0.0046655 
0.702921 0.0280525 0.0268572 0.231668 0.00190415 0.00332486 0.0052724 
0.822152 0.0456297 0.0204461 0.0995913 0.00364823 0.00327076 0.00526142 
0.779663 0.0319602 0.0217911 0.156026 0.00435654 0.00179693 0.00440667 
0.740873 0.0285924 0.0248606 0.196053 0.00275651 0.00221137 0.00465316 
0.688412 0.0240238 0.0190328 0.256188 0.00504589 0.00265733 0.00464046 
0.840763 0.0277035 0.015703 0.098348 0.010936 0.00243819 0.00410829 
0.866587 0.0378811 0.0150711 0.062761 0.0107201 0.0022535 0.00472656 
0.850948 0.0539354 0.0139128 0.0592592 0.0136514 0.00297227 0.00532116 
0.867886 0.0367359 0.0137523 0.0508768 0.0217536 0.00337106 0.00562405 
0.868956 0.0413874 0.0151991 0.0463355 0.0195135 0.00340826 0.00520022 
0.879417 0.0410818 0.0164244 0.044902 0.00978383 0.00398747 0.00440368 
0.878752 0.0441013 0.0175969 0.0414546 0.0106747 0.00271259 0.00470815 
0.468233 0.0436014 0.168613 0.293692 0.00759033 0.010833 0.00743711 
0.374424 0.058389 0.339892 0.176313 0.0164526 0.020327 0.0142022 
0.211137 0.0403075 0.645239 0.0765808 0.008963 0.0109309 0.00684218 
0.294764 0.0477237 0.521234 0.107144 0.0104286 0.0114214 0.00728418 
0.468825 0.0594037 0.232936 0.208449 0.0111496 0.011789 0.00744777 
