0.833365 0.00541534 0.109804 0.00780592 0.00605894 0.00123475 0.0363164 
0.804624 0.00532131 0.126516 0.00698902 0.00545556 0.00109852 0.0499953 
0.775482 0.00417526 0.13902 0.00691323 0.007344 0.00102566 0.0660392 
0.816259 0.00544192 0.108528 0.00534979 0.00621448 0.00161759 0.0565894 
0.774677 0.0059258 0.115343 0.00331565 0.00828461 0.00178753 0.0906665 
0.794327 0.00630832 0.103899 0.00526851 0.00735113 0.0016939 0.0811519 
0.82703 0.00551833 0.108712 0.00657793 0.00909931 0.00166866 0.0413938 
0.847546 0.0075086 0.0987014 0.00258283 0.00689173 0.00123249 0.0355365 
0.868819 0.00593012 0.086886 0.00351842 0.00797082 0.0012221 0.0256534 
0.869015 0.00609617 0.0810462 0.00340608 0.00733951 0.0012219 0.031875 
0.879871 0.00673002 0.0786289 0.00297245 0.00628509 0.00160217 0.0239102 
0.860373 0.0060723 0.0857256 0.00553935 0.00661168 0.00135749 0.0343204 
0.860627 0.00589436 0.0925398 0.00375511 0.00408886 0.00134228 0.0317522 
0.832718 0.00462682 0.118526 0.00446023 0.00344453 0.00111993 0.0351045 
0.82868 0.00540016 0.113741 0.00313114 0.00365826 0.00160423 0.0437851 
0.830335 0.00521304 0.107437 0.00193672 0.00412141 0.00153462 0.0494217 
0.861329 0.00553371 0.0918113 0.00429588 0.00466399 0.00116915 0.0311971 
0.852639 0.00520951 0.0998571 0.0031065 0.00406703 0.00174553 0.0333753 
0.822687 0.00498601 0.120262 0.00302016 0.00470272 0.00198692 0.0423552 
0.698854 0.00780606 0.201066 0.0148324 0.011226 0.0134954 0.05272 
0.428963 0.016267 0.195868 0.17428 0.0237387 0.0965588 0.0643237 
0.0704798 0.0135953 0.463875 0.014588 0.0372507 0.384424 0.015787 
0.0308156 0.0473965 0.4097 0.194479 0.100348 0.198233 0.0190285 
0.013038 0.0329121 0.40408 0.385925 0.0221684 0.131751 0.0101252 
0.0472437 0.00707128 0.88588 0.0170324 0.00294898 0.0342599 0.0055639 
0.0268908 0.0119883 0.672639 0.227645 0.023381 0.0334373 0.00401854 
0.0502163 0.00888113 0.785191 0.0783295 0.0557681 0.0169836 0.00463075 
0.148122 0.0111026 0.561804 0.152215 0.106675 0.0135441 0.00653641 
0.190354 0.0099916 0.655106 0.0580044 0.0619146 0.0162493 0.00838033 
0.259549 0.0175333 0.517114 0.0498403 0.124013 0.0226291 0.00932122 
0.239448 0.0119866 0.569883 0.0698691 0.0270152 0.0597229 0.0220757 
0.0110201 0.00150183 0.0165294 0.958444 0.00811479 0.00244433 0.00194605 
0.00229227 3.7136E-4 0.00413798 0.988128 0.00412056 5.31412E-4 4.18233E-4 
0.00307219 4.44139E-4 0.00164126 0.978569 0.0156672 3.79937E-4 2.26518E-4 
0.0413445 0.0116097 0.0101831 0.742279 0.187424 0.00469949 0.00245981 
0.00105092 0.00118162 4.1116E-4 0.994269 0.00286603 1.70715E-4 5.08833E-5 
0.00153857 0.00112407 5.49082E-4 0.99252 0.00387877 3.04174E-4 8.49982E-5 
0.00246356 3.49727E-4 8.06551E-4 0.986386 0.00973761 1.7109E-4 8.54038E-5 
0.00982554 4.99933E-4 0.00139908 0.979477 0.00860847 6.27476E-5 1.26757E-4 
0.0171658 0.0024207 0.00166551 0.96476 0.0133999 2.35953E-4 3.51882E-4 
0.0194514 0.00269461 0.00129892 0.934534 0.0413472 2.37325E-4 4.36958E-4 
0.179978 0.0266281 0.00523207 0.723025 0.0617258 8.93481E-4 0.00251734 
0.780045 0.0776364 0.0134935 0.07105 0.0495222 0.00185288 0.00639965 
0.756124 0.0292109 0.0174196 0.181103 0.0119568 0.00115925 0.00302627 
0.584695 0.0205896 0.019524 0.352135 0.017461 0.00114932 0.00444643 
0.742413 0.0307031 0.0206903 0.185192 0.0132108 0.00192682 0.00586391 
0.773238 0.022125 0.0218501 0.155306 0.0177763 0.00223245 0.00747191 
0.793835 0.0331508 0.0187955 0.115879 0.0288711 0.00207154 0.00739655 
0.632233 0.0293242 0.0178341 0.284233 0.0291389 0.00185203 0.00538477 
0.566288 0.0438951 0.0140503 0.337873 0.031419 0.00190651 0.00456822 
0.700156 0.0417536 0.0136291 0.199335 0.0367431 0.00206449 0.0063189 
0.333324 0.0136649 0.0111996 0.606204 0.030079 0.00141094 0.00411763 
0.488147 0.0203793 0.0150151 0.449598 0.0208748 0.00172381 0.00426204 
0.812351 0.0372262 0.0140327 0.0878779 0.0386763 0.00205731 0.00777866 
0.874043 0.0255282 0.0202509 0.0421583 0.0280846 0.00219187 0.00774362 
0.680423 0.0106056 0.0324832 0.263846 0.00691761 0.00102387 0.00470115 
0.801475 0.0180772 0.0277758 0.132788 0.0122791 0.00178564 0.00581904 
0.830215 0.0119638 0.0455225 0.0915314 0.00959675 0.00162095 0.00954915 
0.822172 0.00959008 0.0806102 0.0711123 0.00343218 0.00147604 0.0116068 
0.863527 0.0103697 0.0666654 0.0378368 0.00506404 0.00268577 0.0138511 
0.845103 0.00794227 0.0593739 0.057012 0.00770295 0.00387847 0.0189873 
0.849414 0.00721557 0.0710876 0.0366964 0.00351335 0.00310577 0.0289672 
0.851486 0.00690355 0.0764214 0.033775 0.00273483 0.00418558 0.0244937 
0.871221 0.00875243 0.0732368 0.0195032 0.00549092 0.00269595 0.0190998 
0.833365 0.00541534 0.109804 0.00780592 0.00605894 0.00123475 0.0363164 
0.804624 0.00532131 0.126516 0.00698902 0.00545556 0.00109852 0.0499953 
0.775482 0.00417526 0.13902 0.00691323 0.007344 0.00102566 0.0660392 
0.816259 0.00544192 0.108528 0.00534979 0.00621448 0.00161759 0.0565894 
0.774677 0.0059258 0.115343 0.00331565 0.00828461 0.00178753 0.0906665 
0.794327 0.00630832 0.103899 0.00526851 0.00735113 0.0016939 0.0811519 
0.82703 0.00551833 0.108712 0.00657793 0.00909931 0.00166866 0.0413938 
0.847546 0.0075086 0.0987014 0.00258283 0.00689173 0.00123249 0.0355365 
0.868819 0.00593012 0.086886 0.00351842 0.00797082 0.0012221 0.0256534 
0.869015 0.00609617 0.0810462 0.00340608 0.00733951 0.0012219 0.031875 
0.879871 0.00673002 0.0786289 0.00297245 0.00628509 0.00160217 0.0239102 
0.860373 0.0060723 0.0857256 0.00553935 0.00661168 0.00135749 0.0343204 
0.860627 0.00589436 0.0925398 0.00375511 0.00408886 0.00134228 0.0317522 
0.832718 0.00462682 0.118526 0.00446023 0.00344453 0.00111993 0.0351045 
0.82868 0.00540016 0.113741 0.00313114 0.00365826 0.00160423 0.0437851 
0.830335 0.00521304 0.107437 0.00193672 0.00412141 0.00153462 0.0494217 
0.861329 0.00553371 0.0918113 0.00429588 0.00466399 0.00116915 0.0311971 
0.852639 0.00520951 0.0998571 0.0031065 0.00406703 0.00174553 0.0333753 
0.822687 0.00498601 0.120262 0.00302016 0.00470272 0.00198692 0.0423552 
0.698854 0.00780606 0.201066 0.0148324 0.011226 0.0134954 0.05272 
0.428963 0.016267 0.195868 0.17428 0.0237387 0.0965588 0.0643237 
0.0704798 0.0135953 0.463875 0.014588 0.0372507 0.384424 0.015787 
0.0308156 0.0473965 0.4097 0.194479 0.100348 0.198233 0.0190285 
0.013038 0.0329121 0.40408 0.385925 0.0221684 0.131751 0.0101252 
0.0472437 0.00707128 0.88588 0.0170324 0.00294898 0.0342599 0.0055639 
0.0268908 0.0119883 0.672639 0.227645 0.023381 0.0334373 0.00401854 
0.0502163 0.00888113 0.785191 0.0783295 0.0557681 0.0169836 0.00463075 
0.148122 0.0111026 0.561804 0.152215 0.106675 0.0135441 0.00653641 
0.190354 0.0099916 0.655106 0.0580044 0.0619146 0.0162493 0.00838033 
0.259549 0.0175333 0.517114 0.0498403 0.124013 0.0226291 0.00932122 
0.239448 0.0119866 0.569883 0.0698691 0.0270152 0.0597229 0.0220757 
0.0110201 0.00150183 0.0165294 0.958444 0.00811479 0.00244433 0.00194605 
0.00229227 3.7136E-4 0.00413798 0.988128 0.00412056 5.31412E-4 4.18233E-4 
0.00307219 4.44139E-4 0.00164126 0.978569 0.0156672 3.79937E-4 2.26518E-4 
0.0413445 0.0116097 0.0101831 0.742279 0.187424 0.00469949 0.00245981 
0.00105092 0.00118162 4.1116E-4 0.994269 0.00286603 1.70715E-4 5.08833E-5 
0.00153857 0.00112407 5.49082E-4 0.99252 0.00387877 3.04174E-4 8.49982E-5 
0.00246356 3.49727E-4 8.06551E-4 0.986386 0.00973761 1.7109E-4 8.54038E-5 
0.00982554 4.99933E-4 0.00139908 0.979477 0.00860847 6.27476E-5 1.26757E-4 
0.0171658 0.0024207 0.00166551 0.96476 0.0133999 2.35953E-4 3.51882E-4 
0.0194514 0.00269461 0.00129892 0.934534 0.0413472 2.37325E-4 4.36958E-4 
0.179978 0.0266281 0.00523207 0.723025 0.0617258 8.93481E-4 0.00251734 
0.780045 0.0776364 0.0134935 0.07105 0.0495222 0.00185288 0.00639965 
0.756124 0.0292109 0.0174196 0.181103 0.0119568 0.00115925 0.00302627 
0.584695 0.0205896 0.019524 0.352135 0.017461 0.00114932 0.00444643 
0.742413 0.0307031 0.0206903 0.185192 0.0132108 0.00192682 0.00586391 
0.773238 0.022125 0.0218501 0.155306 0.0177763 0.00223245 0.00747191 
0.793835 0.0331508 0.0187955 0.115879 0.0288711 0.00207154 0.00739655 
0.632233 0.0293242 0.0178341 0.284233 0.0291389 0.00185203 0.00538477 
0.566288 0.0438951 0.0140503 0.337873 0.031419 0.00190651 0.00456822 
0.700156 0.0417536 0.0136291 0.199335 0.0367431 0.00206449 0.0063189 
0.333324 0.0136649 0.0111996 0.606204 0.030079 0.00141094 0.00411763 
0.488147 0.0203793 0.0150151 0.449598 0.0208748 0.00172381 0.00426204 
0.812351 0.0372262 0.0140327 0.0878779 0.0386763 0.00205731 0.00777866 
0.874043 0.0255282 0.0202509 0.0421583 0.0280846 0.00219187 0.00774362 
0.680423 0.0106056 0.0324832 0.263846 0.00691761 0.00102387 0.00470115 
0.801475 0.0180772 0.0277758 0.132788 0.0122791 0.00178564 0.00581904 
0.830215 0.0119638 0.0455225 0.0915314 0.00959675 0.00162095 0.00954915 
0.822172 0.00959008 0.0806102 0.0711123 0.00343218 0.00147604 0.0116068 
0.863527 0.0103697 0.0666654 0.0378368 0.00506404 0.00268577 0.0138511 
0.845103 0.00794227 0.0593739 0.057012 0.00770295 0.00387847 0.0189873 
0.849414 0.00721557 0.0710876 0.0366964 0.00351335 0.00310577 0.0289672 
0.851486 0.00690355 0.0764214 0.033775 0.00273483 0.00418558 0.0244937 
0.871221 0.00875243 0.0732368 0.0195032 0.00549092 0.00269595 0.0190998 
0.870655 0.0133494 0.0684937 0.0197326 0.0062089 0.00340904 0.0181515 
0.871215 0.0129568 0.0705862 0.0129756 0.00618369 0.00386851 0.0222141 
0.844707 0.00909516 0.0903006 0.0131166 0.00962814 0.00294637 0.0302065 
0.849221 0.0116719 0.0843488 0.0147672 0.00991019 0.00323958 0.0268415 
0.857375 0.0109918 0.0772804 0.0187334 0.00911597 0.002941 0.0235626 
0.824799 0.00858983 0.0836553 0.0426708 0.0163243 0.00190781 0.0220525 
0.836574 0.00794324 0.0920949 0.0216797 0.0148564 0.00155151 0.0253 
0.825798 0.00962945 0.111409 0.00747274 0.0087096 0.00269659 0.0342843 
0.844271 0.00766678 0.078267 0.0337444 0.0106896 0.001575 0.0237857 
0.834319 0.0081635 0.0977927 0.0191172 0.00816634 0.00198115 0.03046 
0.818162 0.00614621 0.102706 0.0301128 0.0111147 0.00244329 0.0293152 
0.841457 0.00480295 0.0845258 0.0410322 0.0083869 0.00130971 0.0184852 
0.838776 0.00462352 0.0655928 0.066741 0.00763816 0.00130131 0.0153268 
0.882342 0.00496206 0.0641998 0.0261393 0.00457627 0.0017891 0.0159919 
0.871665 0.00423392 0.0667821 0.022804 0.00390892 0.0020776 0.0285288 
0.889272 0.00499119 0.0690869 0.0163594 0.00622073 0.00176044 0.012309 
0.871361 0.00525612 0.0889552 0.00920799 0.00259635 0.00328932 0.0193343 
0.879925 0.00606639 0.0827943 0.00766 0.00249248 0.00251578 0.018546 
0.882236 0.00660617 0.0731199 0.010114 0.00462637 0.00227072 0.0210271 
0.883122 0.00547892 0.0768353 0.00871198 0.00232461 0.0014196 0.0221076 
0.88684 0.00509411 0.075599 0.0100435 0.00385727 0.0013071 0.0172595 
0.877362 0.00703018 0.0774382 0.0057293 0.0030223 0.001518 0.0278999 
0.887485 0.0079826 0.0654442 0.00829336 0.0055368 0.00177859 0.0234797 
0.883607 0.00708517 0.074411 0.00723728 0.00496453 0.00194649 0.020749 
0.798552 0.00975109 0.134993 0.00333238 0.00417301 0.00298179 0.0462164 
0.72793 0.00659815 0.219412 0.00650634 0.00177955 0.00667526 0.0310987 
0.300395 0.0102349 0.55101 0.00204966 0.00179384 0.109401 0.0251153 
0.107777 0.00418757 0.833509 2.68914E-4 6.40717E-4 0.0485663 0.0050498 
0.0992939 0.00141459 0.879358 1.51368E-4 1.58805E-4 0.00936818 0.0102551 
0.107967 0.00124062 0.845825 5.83625E-5 1.06516E-4 0.00802737 0.0367751 
0.0638093 7.48105E-4 0.904186 4.47428E-5 4.6743E-5 0.0122167 0.0189489 
0.0102978 4.67078E-4 0.96871 5.80964E-5 5.71606E-5 0.0155098 0.00489989 
0.0128133 6.8151E-4 0.942868 9.71976E-5 9.26457E-5 0.0382365 0.00521092 
0.0255717 0.00115398 0.899501 2.48039E-4 2.27633E-4 0.0634666 0.00983082 
0.0679095 0.00133056 0.855688 2.33429E-4 2.21971E-4 0.0587642 0.015852 
0.152955 0.00158283 0.706582 1.35668E-4 1.41966E-4 0.114557 0.024045 
0.245294 0.00224201 0.601427 7.12332E-5 9.70833E-5 0.120062 0.0308075 
0.196193 0.00332286 0.495929 5.34786E-4 4.90385E-4 0.25977 0.0437601 
0.113815 0.00211726 0.523187 8.04999E-4 6.71061E-4 0.269924 0.0894806 
0.318171 0.00241672 0.494167 1.18983E-4 1.50904E-4 0.144936 0.0400397 
0.310121 0.00310727 0.406156 1.03735E-4 1.72806E-4 0.237552 0.0427877 
0.175779 0.00278853 0.369029 1.44213E-4 2.07257E-4 0.424035 0.0280179 
0.122433 0.00368209 0.552006 0.00124926 0.00113684 0.268346 0.051147 
0.105131 0.00333797 0.595649 0.00140165 0.00120902 0.236362 0.0569079 
0.18412 0.00260043 0.528026 5.07554E-4 5.0136E-4 0.245402 0.0388426 
0.183363 0.00225582 0.611881 5.54251E-4 5.26327E-4 0.15535 0.04607 
0.337149 0.00337502 0.529394 1.24878E-4 3.11199E-4 0.0836876 0.0459584 
0.381062 0.00526128 0.500732 1.61197E-4 6.78215E-4 0.0767914 0.0353134 
0.283835 0.00318281 0.587195 7.41774E-4 7.66438E-4 0.0537221 0.0705564 
0.338803 0.00230087 0.53248 2.5909E-4 2.71892E-4 0.0467862 0.079099 
0.457098 0.00311422 0.480007 5.48247E-5 1.54396E-4 0.0243187 0.0352525 
0.380593 0.00169321 0.569264 8.76433E-5 1.14634E-4 0.0138862 0.0343615 
0.438618 0.00249304 0.516031 2.15729E-4 3.03829E-4 0.00738107 0.0349571 
0.451022 0.00212645 0.502416 2.30824E-4 3.59424E-4 0.00920597 0.0346399 
0.51562 0.00391937 0.383308 3.11319E-4 5.65893E-4 0.0239239 0.0723515 
0.558974 0.00363354 0.363711 3.84763E-4 3.76009E-4 0.0279152 0.0450049 
0.549244 0.00412829 0.365672 3.23248E-4 3.22115E-4 0.0286731 0.0516366 
0.885362 0.0126299 0.0618337 0.0197214 0.00383462 0.00418601 0.0124324 
0.874075 0.0207686 0.0537938 0.028826 0.0058906 0.00524866 0.0113975 
0.875948 0.0220777 0.0469152 0.0308234 0.00967696 0.00611513 0.00844384 
0.881021 0.0285149 0.0368845 0.0258637 0.0143394 0.0063113 0.0070655 
0.897114 0.0282222 0.0290619 0.0230957 0.0140197 0.00385838 0.00462832 
0.914707 0.0136538 0.0316904 0.0215547 0.0109599 0.00230026 0.00513393 
0.8977 0.0156301 0.0442587 0.0141093 0.00917112 0.00457581 0.0145546 
0.87945 0.0120977 0.0559494 0.0183532 0.0134106 0.00420775 0.0165316 
0.891842 0.0171207 0.0572713 0.00864726 0.00455641 0.00366074 0.0169011 
0.887319 0.0143343 0.0550152 0.0166941 0.0112273 0.00262582 0.0127841 
0.881233 0.0105263 0.0694453 0.012932 0.00556095 0.0020711 0.0182316 
0.867214 0.0114957 0.0879225 0.00660053 0.00328994 0.00217882 0.0212987 
0.876775 0.00870846 0.0795927 0.0065305 0.00409747 0.00214705 0.0221489 
0.893488 0.0094127 0.0653662 0.00622216 0.00358006 0.00268809 0.0192427 
0.899063 0.00790906 0.0613743 0.0126348 0.00620697 0.00183386 0.0109784 
0.886786 0.00985445 0.068901 0.0183936 0.00273984 0.0014763 0.0118488 
0.883648 0.0154127 0.0605008 0.0122443 0.0114166 0.00250544 0.0142723 
0.885361 0.0213903 0.0511321 0.0174243 0.00708234 0.00328091 0.0143286 
0.889166 0.0441277 0.0356801 0.0129656 0.00723224 0.00252073 0.00830804 
0.781743 0.0797748 0.0302599 0.00232742 0.0818209 0.0111752 0.012899 
0.7321 0.132717 0.0313263 0.00452971 0.0623288 0.023741 0.0132568 
0.417313 0.0436882 0.420833 0.00795717 0.0389022 0.0532598 0.0180472 
0.615156 0.0331865 0.262993 0.00527153 0.0379653 0.0255599 0.0198682 
0.70753 0.173239 0.0356499 0.02092 0.00493969 0.038991 0.0187297 
0.00840139 0.00249957 0.0612721 3.93213E-4 6.28187E-4 0.00302953 0.923776 
0.0413992 0.042001 0.126554 0.00492412 0.00631948 0.0192129 0.759589 
0.0291721 0.110694 0.742271 0.00609214 0.00973161 0.0675066 0.0345321 
0.0404222 0.884592 0.0179176 0.00224704 0.0132334 0.0124771 0.0291107 
0.0229552 0.944981 0.0011691 0.00648018 0.0132909 0.00367893 0.00744486 
0.00526323 0.85655 0.00152836 0.00448278 0.114368 0.0157047 0.00210363 
0.00460689 0.957994 4.63438E-4 0.0281766 0.00371493 0.00404535 9.99015E-4 
0.0268153 0.369885 0.0116819 0.424361 0.135922 0.0233156 0.00801946 
0.012794 0.270682 0.00840655 0.668332 0.0218111 0.0161852 0.0017892 
0.00392279 0.0106714 0.00822008 0.0226279 0.935977 0.0162037 0.00237677 
0.255201 0.136582 0.0142081 0.102334 0.456646 0.0180631 0.0169668 
0.396599 0.0887566 0.0181949 0.235765 0.221412 0.0243047 0.0149673 
0.838485 0.0871689 0.0377736 0.00784501 0.00755492 0.0193571 0.00181543 
0.566472 0.0627842 0.298806 0.00682894 0.00910552 0.0517473 0.00425611 
0.0176286 0.0155732 0.954952 3.32253E-4 2.74316E-4 0.00961954 0.00162028 
0.00823752 0.0206081 0.949983 6.83742E-4 6.63082E-4 0.0161147 0.00371013 
0.0373958 0.0579017 0.824438 0.0108172 0.0158443 0.0385042 0.0150988 
0.125302 0.04751 0.732155 0.00918086 0.0136091 0.0533766 0.0188669 
0.571256 0.0611919 0.191564 0.0195438 0.0405707 0.103216 0.0126578 
0.238473 0.389124 0.0513704 0.0605376 0.0840506 0.154255 0.0221904 
0.11516 0.643227 0.0186097 0.0383901 0.0802111 0.0910642 0.0133376 
0.180949 0.363114 0.016442 0.0591038 0.250796 0.120089 0.00950602 
0.0390094 0.203003 0.00297018 0.0324253 0.655393 0.0651204 0.00207788 
0.0137005 0.571988 0.00199371 0.0252127 0.335854 0.0501102 0.0011412 
4.05157E-4 0.992927 1.94329E-5 3.01911E-4 0.00254626 0.003748 5.24813E-5 
3.75358E-4 0.990829 4.27414E-5 1.89773E-4 4.08693E-4 0.00795733 1.97046E-4 
0.00466433 0.922443 0.00259653 0.012012 0.00320123 0.0534215 0.00166157 
0.0234057 0.582354 0.0846589 0.0894837 0.048953 0.153197 0.017948 
0.745483 0.121433 0.0236489 0.00290534 7.96468E-4 0.103851 0.00188231 
0.6128 0.0835609 0.235662 0.0144263 0.00177279 0.0509707 8.0639E-4 
0.378542 0.0690058 0.436432 0.0805703 0.00792755 0.0235525 0.00397006 
0.75924 0.0452108 0.0225433 0.150543 0.0147548 0.00338667 0.00432103 
0.840523 0.0341769 0.0315798 0.078362 0.00708697 0.00366698 0.00460469 
0.869304 0.0261303 0.0207464 0.0401113 0.0323075 0.00543005 0.00597049 
0.881975 0.029421 0.0262128 0.0380722 0.0138097 0.00432088 0.00618835 
0.901942 0.0281439 0.0348151 0.0188244 0.00474229 0.00287432 0.00865761 
0.876374 0.0453189 0.0267141 0.0156068 0.0224493 0.00225642 0.0112804 
0.887259 0.0170939 0.0494401 0.0180419 0.0132319 0.00172834 0.0132045 
0.879188 0.00781715 0.0415517 0.0421354 0.0174022 0.00172865 0.0101774 
0.874858 0.0203557 0.0374827 0.0391118 0.0147626 0.00201916 0.0114097 
0.879888 0.00839123 0.0465579 0.0436407 0.00948785 0.00116295 0.010871 
0.883177 0.011425 0.039484 0.0438856 0.0118815 0.00161604 0.00853091 
0.880716 0.0104228 0.0413787 0.041676 0.013595 0.00105292 0.0111587 
0.881824 0.00967302 0.0352125 0.049111 0.0155955 0.00102776 0.00755669 
0.875563 0.0127276 0.036847 0.0457898 0.0206916 0.0010774 0.0073037 
0.865384 0.00809926 0.0462543 0.0575398 0.0108994 9.32872E-4 0.0108903 
0.860079 0.00874278 0.0494749 0.0563742 0.0137292 0.00105458 0.0105453 
0.859737 0.00622015 0.0435617 0.0702977 0.0102902 0.00104461 0.00884816 
0.868018 0.00823207 0.0366431 0.0629469 0.0139887 0.00110831 0.00906312 
0.88265 0.0108417 0.0383784 0.0427551 0.0144814 0.00122275 0.00967091 
0.875638 0.0128424 0.0529767 0.0314855 0.0116324 0.00155366 0.0138711 
0.585461 0.0376358 0.0430744 0.250392 0.0353559 0.0296913 0.0183889 
0.858288 0.0325291 0.0477541 0.0167633 0.0193196 0.00602005 0.019326 
0.796948 0.064205 0.0324137 0.0480853 0.0404589 0.00515906 0.0127303 
0.669241 0.06511 0.0259527 0.119864 0.0952991 0.0124417 0.0120915 
0.725183 0.0635637 0.0127724 0.10735 0.0795209 0.00434639 0.00726363 
0.872701 0.0562049 0.01837 0.0295921 0.0123719 0.0032013 0.00755859 
0.869769 0.0392511 0.0271445 0.0316756 0.0189262 0.00354194 0.00969183 
0.831096 0.0297976 0.0193067 0.0924892 0.017391 0.00183777 0.00808172 
0.677016 0.0552569 0.0155936 0.200747 0.0429777 0.00260337 0.00580516 
0.817914 0.0396039 0.0285143 0.0952164 0.00987664 0.00259307 0.00628223 
0.80502 0.0344498 0.0279788 0.11728 0.00644841 0.00358277 0.00523967 
0.841748 0.0560476 0.0341686 0.0336588 0.0170716 0.00369835 0.013607 
0.816751 0.0410781 0.0311931 0.0896142 0.0118082 0.00308609 0.00646923 
0.674222 0.161208 0.0237976 0.0817469 0.0411944 0.010739 0.00709267 
0.576426 0.187511 0.0216641 0.184571 0.0166137 0.00620919 0.00700422 
0.853877 0.0835746 0.0237638 0.0232196 0.00370832 0.00731151 0.0045448 
0.849441 0.0639982 0.0177586 0.0576263 0.0049938 0.00418052 0.00200123 
0.868753 0.039181 0.0317804 0.0516206 0.00359549 0.00247182 0.00259778 
0.804089 0.0395594 0.0255385 0.118631 0.00700196 0.0021713 0.00300821 
0.781269 0.0453833 0.0228907 0.135881 0.00876062 0.00237274 0.00344283 
0.364344 0.0256798 0.0164448 0.580046 0.00718354 0.00289855 0.00340266 
0.615868 0.022097 0.0195596 0.300465 0.0345103 0.00275896 0.00474153 
0.672457 0.0263411 0.0211901 0.234911 0.0382337 0.0022665 0.00459988 
0.768791 0.0174164 0.0188946 0.171942 0.0179676 0.00272488 0.00226294 
0.910362 0.0305503 0.0263725 0.0218516 0.00626132 0.00153113 0.0030713 
0.761382 0.0194146 0.0263037 0.172266 0.014635 0.00226047 0.00373821 
0.858701 0.0232448 0.0287591 0.0697877 0.0123622 0.00227812 0.00486747 
0.832189 0.0417786 0.0293983 0.0656435 0.0224606 0.00311373 0.00541593 
0.858879 0.0292585 0.0428501 0.045322 0.0128334 0.00380574 0.00705132 
0.813399 0.00944402 0.080435 0.0720374 0.013043 0.0026353 0.00900644 
0.847377 0.0106088 0.10272 0.0207281 0.00473575 0.00270651 0.011124 
0.847963 0.00973783 0.0825714 0.0395163 0.00627214 0.00208107 0.011858 
0.826889 0.0110438 0.0724482 0.0663698 0.00674692 0.00326661 0.0132356 
0.785952 0.00992945 0.0874418 0.087758 0.00500666 0.0038595 0.020053 
0.829501 0.0176703 0.0569578 0.0678886 0.00951081 0.0063056 0.012166 
0.812108 0.0182086 0.0576346 0.0834215 0.0124292 0.00543243 0.010766 
0.742641 0.0130207 0.0585679 0.164267 0.00812285 0.00404557 0.009335 
0.717532 0.0140034 0.0591478 0.189738 0.0069907 0.00384142 0.00874683 
0.771494 0.015652 0.0517088 0.136448 0.0107097 0.00387245 0.0101157 
0.733591 0.01518 0.0435242 0.181555 0.0149761 0.00410305 0.00707 
0.583146 0.0118213 0.0477902 0.333969 0.0104778 0.00399265 0.00880322 
0.720278 0.0168503 0.0395099 0.195246 0.0162392 0.00369542 0.00818109 
0.762965 0.013767 0.0507072 0.155252 0.00717718 0.0029854 0.00714593 
0.805734 0.0208476 0.0340555 0.12145 0.00833268 0.00328135 0.00629819 
0.865692 0.0146879 0.0589698 0.0462829 0.00257409 0.00290157 0.0088912 
0.875847 0.00904565 0.0736827 0.0285866 0.00188751 0.00196717 0.00898353 
0.892353 0.0181562 0.0517151 0.0200207 0.00583825 0.00268497 0.00923174 
0.876463 0.0147638 0.0499521 0.0459674 0.0055738 0.00148177 0.00579856 
0.874917 0.0107692 0.0553603 0.0447669 0.00741952 0.00127503 0.00549213 
0.870757 0.0103838 0.0444359 0.0606368 0.00795914 0.00180913 0.00401856 
0.840078 0.0147242 0.0341181 0.0970901 0.00911407 0.00158411 0.00329102 
0.782901 0.0196951 0.0297335 0.153028 0.00918166 0.00238394 0.00307734 
0.775192 0.0248517 0.0297461 0.150228 0.0123235 0.00336585 0.00429299 
0.851656 0.0248854 0.0368552 0.0569963 0.0174168 0.00427273 0.00791795 
0.811753 0.0172511 0.0475502 0.101028 0.00859323 0.00313482 0.0106898 
0.851984 0.0132623 0.0489006 0.0574397 0.010711 0.00364774 0.0140549 
0.831008 0.0103415 0.0726171 0.0624026 0.00550449 0.00226966 0.0158561 
0.757556 0.0123678 0.0486519 0.164727 0.00658093 0.00226624 0.00784963 
0.797148 0.0195735 0.0423484 0.120011 0.00627819 0.00411376 0.0105275 
0.761817 0.0152252 0.0300144 0.169152 0.0141831 0.00268835 0.00692087 
0.667617 0.00973166 0.0484548 0.254404 0.00752572 0.00247739 0.00978961 
0.643346 0.00897187 0.046888 0.284579 0.0063773 0.00194442 0.00789325 
0.643594 0.0140064 0.0290592 0.29327 0.0119943 0.00244963 0.00562621 
0.822605 0.0136456 0.038754 0.106609 0.00759121 0.00263962 0.00815554 
0.854019 0.0142769 0.0401074 0.0684199 0.0125802 0.00286178 0.0077349 
0.743241 0.0187273 0.0248777 0.188875 0.0162255 0.00293285 0.00512046 
0.809697 0.0247834 0.0240205 0.113978 0.0188364 0.00338503 0.00529964 
0.769425 0.0263262 0.0225495 0.148033 0.0245574 0.00349972 0.00560882 
0.832371 0.0301321 0.0218698 0.0675028 0.0367807 0.00455136 0.00679189 
0.832022 0.0291598 0.0205049 0.0946655 0.0158189 0.00362202 0.00420716 
0.880422 0.0148212 0.0368981 0.0561421 0.00444689 0.00206069 0.00520885 
0.86686 0.00937753 0.0510931 0.0623182 0.0034148 0.00111094 0.00582567 
0.877791 0.0121447 0.0506087 0.0504545 0.00308505 0.00134952 0.00456635 
0.862857 0.0127792 0.0577116 0.0579283 0.0038105 0.0011436 0.00377012 
0.846112 0.010843 0.0639132 0.0704531 0.00228503 0.00130315 0.00509038 
0.873966 0.0130716 0.0610929 0.0411001 0.00377215 0.00140458 0.00559231 
0.889979 0.0122357 0.0583477 0.0278425 0.00319622 0.00167543 0.00672311 
0.874046 0.0114331 0.0683337 0.0349426 0.00199989 0.0019344 0.00731071 
0.873432 0.0125366 0.0634524 0.0418939 0.00208769 0.0015709 0.00502645 
0.874899 0.0110252 0.0695037 0.0336214 0.00228167 0.00130215 0.00736657 
0.757402 0.168571 0.0144102 0.0161589 0.0256029 0.0106554 0.00719984 
0.808868 0.113669 0.0168859 0.0305801 0.0169184 0.00691606 0.00616255 
0.832969 0.0773831 0.0134082 0.0296588 0.0335126 0.00620782 0.00686021 
0.836293 0.081107 0.0152461 0.0183199 0.0367444 0.00541486 0.00687444 
0.849237 0.0782981 0.0157082 0.0194286 0.0243356 0.00644966 0.00654326 
0.84999 0.0857682 0.0170196 0.0150956 0.0184226 0.0080013 0.00570236 
0.854001 0.0796591 0.0185482 0.0157283 0.0180028 0.00712982 0.00693051 
0.854608 0.0584446 0.0252226 0.0137212 0.0314652 0.00727602 0.00926235 
0.882345 0.0453815 0.0185265 0.0185671 0.02345 0.00538105 0.00634841 
0.869189 0.0596563 0.0200241 0.0121645 0.025238 0.00606761 0.00766068 
0.868288 0.0542396 0.0195459 0.0137448 0.0334953 0.00382887 0.0068581 
0.826618 0.0641644 0.0144634 0.0289457 0.0564291 0.00438734 0.00499193 
0.647975 0.0933416 0.0244746 0.168542 0.0466326 0.0102746 0.00875955 
0.646998 0.143701 0.0218447 0.162269 0.0128984 0.00719773 0.00509092 
0.606525 0.103661 0.0418158 0.237493 0.00491095 0.00425019 0.0013439 
0.663407 0.11422 0.0227007 0.174093 0.0167344 0.00495898 0.00388591 
0.587456 0.0987283 0.020833 0.226425 0.0487283 0.00887681 0.00895266 
0.415898 0.12659 0.0367401 0.314238 0.0698759 0.0179523 0.0187046 
0.325168 0.180439 0.0318503 0.388405 0.0458857 0.0156296 0.0126227 
0.184144 0.0485181 0.0257191 0.729999 0.00902851 0.00176883 8.22866E-4 
0.0559159 0.0317559 0.00389311 0.898681 0.00813684 0.00102288 5.94341E-4 
0.0827372 0.0663937 0.0074356 0.833801 0.00668198 0.00192467 0.00102559 
0.0152952 0.0360028 0.00406306 0.938701 0.00437607 9.44913E-4 6.16748E-4 
0.00888862 0.0310916 0.00203314 0.949573 0.00496923 0.00289112 5.52895E-4 
0.0791913 0.0574247 0.0419556 0.62266 0.0335488 0.155747 0.00947259 
0.0652688 0.0306765 0.0719832 0.170332 0.0568622 0.595438 0.00943896 
0.00731313 0.00859232 0.00393946 0.944978 0.0100871 0.0244591 6.30729E-4 
0.00370985 0.00404362 0.00104652 0.987678 0.00262874 7.58644E-4 1.34923E-4 
0.0474868 0.0129077 0.0236628 0.751363 0.147141 0.0130161 0.00442231 
0.317578 0.0169982 0.342482 0.239324 0.0159131 0.0548765 0.0128279 
0.230361 0.0341261 0.101437 0.375539 0.198129 0.045251 0.0151573 
0.0498904 0.0170752 0.0234813 0.777805 0.104611 0.0228735 0.00426352 
0.290719 0.0904734 0.05677 0.26842 0.123074 0.155175 0.0153681 
0.237195 0.0521317 0.0729111 0.35462 0.194557 0.0735861 0.0149985 
0.690898 0.0277305 0.0448726 0.0849708 0.120909 0.0229423 0.0076764 
0.702303 0.0383027 0.0334733 0.0879999 0.11063 0.0217496 0.00554179 
0.665589 0.0332101 0.0179062 0.168761 0.0934095 0.0171511 0.00397317 
0.757341 0.0492456 0.0294092 0.0899269 0.0558056 0.0125051 0.00576685 
0.847544 0.0701524 0.0317117 0.028827 0.0129518 0.00513953 0.00367319 
0.584249 0.067461 0.0494736 0.24208 0.00692921 0.0391309 0.0106763 
0.517889 0.0188542 0.106601 0.281828 0.00481282 0.0515988 0.0184165 
0.259025 0.0106938 0.681255 0.0249483 5.55274E-4 0.0184071 0.00511512 
0.417008 0.0394607 0.00620088 0.018065 0.495574 0.0161607 0.00753116 
0.00214148 0.875267 0.00216662 0.00512983 0.107537 0.00710569 6.52722E-4 
0.0123605 0.252305 0.0358504 0.0939666 0.532304 0.0619115 0.0113012 
0.0309384 0.254465 0.147518 0.241943 0.17679 0.110365 0.0379814 
0.0344733 0.193479 0.193703 0.275003 0.144685 0.119236 0.039421 
0.0369056 0.155294 0.232743 0.280324 0.131796 0.123468 0.0394694 
0.0380298 0.144526 0.227093 0.283552 0.143041 0.122717 0.0410411 
0.0410436 0.14097 0.177701 0.226952 0.239172 0.120698 0.0534632 
0.0441494 0.118548 0.160034 0.150487 0.355267 0.114322 0.0571932 
0.0513761 0.143286 0.24024 0.158576 0.219294 0.125024 0.0622043 
0.0515984 0.153259 0.279341 0.15425 0.16224 0.132616 0.0666946 
0.0475019 0.164915 0.296554 0.161469 0.13593 0.135015 0.0586162 
0.0477111 0.183862 0.307145 0.140249 0.127566 0.132663 0.0608043 
0.043802 0.177723 0.314137 0.162192 0.120833 0.135046 0.0462667 
0.765122 0.0308941 0.0258198 0.14455 0.0129924 0.00213547 0.0184868 
0.843055 0.0483195 0.0366103 0.0246361 0.0030191 0.0188246 0.0255354 
0.389005 0.103988 0.0207471 0.453834 0.0076607 0.0121481 0.0126175 
0.161101 0.0966301 0.0162769 0.590345 0.106517 0.0166014 0.0125293 
0.167578 0.0808382 0.0170655 0.669329 0.0430404 0.0118777 0.0102715 
0.214135 0.0673771 0.426739 0.239641 0.0212221 0.0189302 0.011956 
0.221912 0.0613052 0.39079 0.275389 0.0208542 0.0177064 0.0120427 
0.245308 0.0594685 0.351279 0.292619 0.021324 0.0180526 0.0119485 
0.280969 0.0561591 0.316346 0.3015 0.0186486 0.0157905 0.0105866 
0.311836 0.0626228 0.3145 0.264438 0.0179386 0.0170642 0.0116004 
0.260122 0.0589892 0.32502 0.312673 0.0177776 0.0150852 0.0103338 
0.282724 0.0667121 0.41148 0.187174 0.0188126 0.0195981 0.0134989 
0.234203 0.0516818 0.551162 0.124123 0.0148215 0.0143936 0.00961495 
0.258155 0.0619629 0.434209 0.199893 0.01848 0.0165113 0.0107881 
0.320121 0.0662702 0.302479 0.262757 0.0184224 0.0178923 0.0120579 
0.246523 0.0582685 0.25945 0.392866 0.0172929 0.0149244 0.0106765 
0.289887 0.0567624 0.259658 0.354067 0.016382 0.0136538 0.00958957 
0.265472 0.057258 0.316016 0.31218 0.0195457 0.0169594 0.0125694 
0.319702 0.0525814 0.290232 0.294728 0.0179327 0.0145549 0.0102687 
0.271049 0.0535381 0.40969 0.218209 0.019303 0.0163823 0.0118282 
0.335341 0.0524258 0.327229 0.243389 0.0172983 0.0142998 0.0100172 
0.267978 0.0532151 0.374726 0.263031 0.0183731 0.0136044 0.00907246 
0.350294 0.0559356 0.221953 0.341272 0.0131225 0.0101909 0.00723141 
0.288945 0.0439184 0.170405 0.474863 0.0114906 0.00632586 0.00405129 
0.294507 0.0522932 0.217267 0.405011 0.0134221 0.0102891 0.00721102 
0.27704 0.0668465 0.385481 0.217203 0.0198725 0.019805 0.0137514 
0.229142 0.0650989 0.481589 0.172802 0.0192706 0.0190091 0.0130888 
0.190513 0.0613832 0.51882 0.183708 0.0186077 0.0162095 0.0107598 
0.152537 0.037057 0.218381 0.567911 0.011998 0.00714587 0.00496968 
0.126578 0.0326923 0.180928 0.641313 0.00930956 0.00535343 0.00382511 
0.117295 0.0230776 0.0905091 0.760188 0.00583298 0.001911 0.0011858 
0.114138 0.0175643 0.057909 0.803834 0.00483587 0.00104101 6.78675E-4 
0.170068 0.0216508 0.112365 0.684207 0.00792911 0.00248718 0.00129277 
0.196507 0.0303472 0.185793 0.568236 0.0104861 0.00535506 0.00327571 
0.208255 0.0348158 0.288292 0.442053 0.0136109 0.00803169 0.00494157 
0.206033 0.0458274 0.419172 0.28993 0.0171367 0.0133479 0.00855329 
0.21398 0.0556985 0.47999 0.198507 0.0198432 0.0193769 0.0126042 
0.190032 0.0613398 0.51736 0.181939 0.0189973 0.0185576 0.0117735 
0.170495 0.0535177 0.317176 0.421707 0.0159517 0.0127005 0.00845231 
0.142165 0.0333795 0.135528 0.673666 0.0085996 0.00438091 0.002281 
0.186182 0.0332803 0.119048 0.648696 0.00766833 0.00342089 0.00170432 
0.171159 0.034908 0.199392 0.575862 0.00998943 0.00547394 0.00321539 
0.169409 0.0261028 0.0937524 0.70081 0.00689416 0.00211626 9.1517E-4 
0.175324 0.0258377 0.125628 0.66124 0.00800325 0.00271989 0.00124726 
0.15634 0.0295519 0.21675 0.577976 0.0109504 0.00528852 0.00314293 
0.155273 0.0267796 0.165887 0.637243 0.00895089 0.00378351 0.00208317 
0.135693 0.0257038 0.138226 0.687757 0.00806879 0.00298465 0.00156652 
0.155655 0.0306704 0.199774 0.595826 0.0105549 0.00482611 0.00269266 
0.138031 0.0257422 0.141209 0.682084 0.00856874 0.00311919 0.00124625 
0.16741 0.0427959 0.241741 0.526624 0.0111614 0.00655188 0.00371537 
0.154107 0.0443878 0.280755 0.493565 0.0134527 0.00871251 0.0050193 
0.15493 0.0365261 0.264297 0.521304 0.012365 0.00677857 0.00379965 
0.144579 0.0355544 0.230383 0.568888 0.0113579 0.00601056 0.0032283 
0.168201 0.0555227 0.370334 0.368778 0.0163871 0.0130903 0.00768751 
0.184872 0.062013 0.450348 0.257128 0.0188675 0.0165419 0.0102297 
0.207278 0.0681682 0.40009 0.277998 0.0188832 0.017137 0.0104459 
0.24168 0.0737447 0.42123 0.213976 0.0190383 0.0189798 0.0113509 
0.231751 0.075463 0.429931 0.214855 0.0188471 0.0186318 0.0105211 
0.272999 0.069756 0.417181 0.193608 0.0177755 0.0179701 0.0107113 
0.276312 0.0792995 0.342439 0.255121 0.0179347 0.0180978 0.010796 
0.272511 0.0853111 0.311172 0.278157 0.019455 0.0208365 0.012557 
0.304122 0.0825202 0.340332 0.223247 0.0181602 0.0200976 0.0115212 
0.247967 0.0702609 0.32031 0.31479 0.019386 0.0169726 0.0103139 
0.21094 0.0627225 0.155383 0.548684 0.0102499 0.00773826 0.00428183 
0.263942 0.061242 0.150152 0.503547 0.0102802 0.00684784 0.00398882 
0.261603 0.0633356 0.129319 0.528925 0.00886717 0.00518906 0.00276112 
0.246089 0.0602088 0.12946 0.54773 0.00931607 0.00470084 0.0024945 
0.299836 0.0871438 0.285333 0.283722 0.016726 0.0166037 0.0106357 
0.276579 0.113322 0.277665 0.284329 0.0164452 0.0194738 0.0121864 
0.24744 0.0919976 0.334345 0.274916 0.0186301 0.0196894 0.0129823 
0.262022 0.0683785 0.21272 0.422272 0.0135238 0.0127077 0.00837689 
0.867121 0.033713 0.0295865 0.0564348 0.00533707 0.00573106 0.00207676 
0.825328 0.0419001 0.0255501 0.098432 0.00382445 0.00378952 0.00117589 
0.839096 0.0444099 0.0273306 0.0777107 0.0031481 0.00638952 0.00191541 
0.823997 0.0340172 0.0346843 0.0856651 0.00519346 0.0122786 0.00416496 
0.865852 0.0235633 0.0496627 0.040163 0.0044377 0.0110197 0.00530171 
0.85659 0.0230625 0.0483019 0.0571297 0.00316096 0.00754262 0.00421227 
0.855881 0.0166231 0.0741876 0.035664 0.00440981 0.00646473 0.00677015 
0.829375 0.0181543 0.068713 0.0621015 0.00782442 0.00697936 0.00685218 
0.856274 0.0191947 0.0599836 0.0402925 0.0103944 0.00693568 0.00692523 
0.850715 0.0198422 0.0459656 0.049581 0.0232869 0.00459274 0.00601709 
0.870222 0.0159574 0.0395118 0.0527918 0.0109654 0.00473558 0.00581631 
0.868053 0.0110569 0.0304336 0.0721789 0.00868757 0.00334904 0.00624128 
0.88667 0.0096587 0.0307305 0.0602773 0.00602218 0.00199165 0.00464966 
0.890199 0.00726278 0.0292895 0.0586351 0.00772249 0.0013771 0.00551373 
0.897883 0.00719866 0.0394574 0.048458 0.00287552 0.00100658 0.00312034 
0.639367 0.00990911 0.0815529 0.26361 0.00185879 0.00166758 0.00203518 
0.459266 0.0365776 0.269811 0.185019 0.0156662 0.0188663 0.0147931 
0.334935 0.0413762 0.448622 0.134991 0.014952 0.0150689 0.010055 
0.2522 0.0467254 0.537117 0.122897 0.0159385 0.0156053 0.0095169 
0.335466 0.0541975 0.37848 0.182325 0.0186442 0.0188606 0.0120265 
0.347894 0.0556447 0.378111 0.168625 0.0175616 0.0194624 0.0127009 
0.521049 0.0542161 0.181489 0.223398 0.00889477 0.00711845 0.00383485 
0.366171 0.0539427 0.243946 0.298083 0.0150669 0.0135037 0.00928735 
0.379318 0.0437226 0.112767 0.450787 0.00662555 0.00443459 0.00234495 
0.324701 0.0561016 0.194987 0.393851 0.0119771 0.0110094 0.00737355 
0.45801 0.0524566 0.185128 0.273531 0.0109731 0.0119075 0.00799327 
0.612062 0.0358132 0.0306966 0.315306 0.00469194 8.39416E-4 5.91123E-4 
0.65524 0.0237738 0.01812 0.292085 0.00849691 0.0010914 0.00119282 
0.75048 0.0237063 0.0183454 0.179679 0.0222413 0.00187705 0.00367008 
0.863521 0.0167654 0.0259791 0.0713675 0.016203 0.00165916 0.00450456 
0.862773 0.0233599 0.0295554 0.0643801 0.0115089 0.00323416 0.00518812 
0.864908 0.013322 0.0800703 0.020083 0.00469538 0.00237426 0.0145473 
0.877923 0.0157024 0.049025 0.0337295 0.0134012 0.00307251 0.00714615 
0.864546 0.0126959 0.0686218 0.0233338 0.0161208 0.00342703 0.0112543 
0.859726 0.0127706 0.070721 0.0256616 0.0145456 0.00237969 0.0141956 
0.862245 0.0143404 0.0489066 0.0442918 0.0189065 0.00308293 0.00822652 
0.867302 0.013985 0.0541804 0.0343403 0.0179738 0.00290292 0.0093157 
0.865109 0.0168014 0.0506883 0.0297284 0.0255216 0.00306245 0.0090885 
0.862624 0.0200796 0.0595543 0.0184448 0.0214008 0.00446053 0.0134358 
0.868512 0.0159335 0.0549037 0.0363493 0.0121997 0.00361876 0.00848314 
0.876567 0.0262664 0.0312298 0.0402211 0.0163314 0.00371546 0.00566883 
0.824327 0.0220878 0.0377241 0.0961184 0.00954333 0.00349061 0.00670844 
0.793649 0.0283576 0.0211364 0.131618 0.0168827 0.00337156 0.00498525 
0.735852 0.0224642 0.0198672 0.20828 0.00845198 0.00239268 0.00269218 
0.582906 0.0191988 0.029218 0.364008 0.00297409 9.0345E-4 7.92537E-4 
0.437129 0.0262202 0.0229333 0.505238 0.00668852 0.00115483 6.36215E-4 
0.434808 0.0307002 0.124946 0.395157 0.0071658 0.00447497 0.00274777 
0.369569 0.0535216 0.357698 0.171855 0.0167025 0.0183113 0.0123425 
0.27863 0.054346 0.486158 0.135295 0.016466 0.0176003 0.0115048 
0.18254 0.0551755 0.636035 0.0900497 0.0135836 0.0138929 0.00872368 
0.201422 0.0507 0.611787 0.0989913 0.0143898 0.0139723 0.00873722 
0.248432 0.0556647 0.494361 0.156383 0.0185201 0.016265 0.0103743 
0.198802 0.0562014 0.550599 0.155782 0.0163386 0.0136427 0.00863512 
0.198566 0.0778413 0.493792 0.181484 0.0196214 0.0179181 0.010777 
0.15758 0.0703859 0.601655 0.128495 0.0178751 0.0153563 0.00865272 
0.165877 0.0772674 0.579712 0.131744 0.0180339 0.0172154 0.0101496 
0.23029 0.0920877 0.337048 0.281586 0.0210202 0.0231425 0.0148256 
0.192983 0.0781753 0.198838 0.494449 0.0132419 0.0144526 0.00786 
0.138323 0.104478 0.110778 0.625386 0.00646297 0.0109329 0.00363921 
0.167844 0.218706 0.0418784 0.526962 0.0152352 0.018378 0.0109966 
0.229027 0.242958 0.0557176 0.315463 0.0893618 0.0396747 0.0277982 
0.326884 0.106154 0.0469464 0.356988 0.115584 0.0263577 0.021086 
0.499412 0.0611709 0.0557782 0.213744 0.125046 0.0273879 0.0174602 
0.544997 0.0693176 0.0438665 0.230934 0.0761998 0.0203517 0.014333 
0.589425 0.0552616 0.040508 0.205184 0.0818359 0.0155091 0.0122771 
0.697532 0.0427203 0.0455139 0.138025 0.0539036 0.0112612 0.0110438 
0.798449 0.0377232 0.0435336 0.0675524 0.0319975 0.0113017 0.00944264 
0.853023 0.0349905 0.0342861 0.0334586 0.02426 0.012651 0.0073308 
0.82101 0.0330526 0.0344983 0.0726235 0.0245313 0.00784308 0.00644142 
0.74958 0.0253067 0.0238164 0.172077 0.0208617 0.0038711 0.0044868 
0.80315 0.0340196 0.0245485 0.113668 0.0170951 0.00334216 0.00417676 
0.71942 0.0252911 0.0226313 0.207065 0.0200953 0.00182893 0.00366905 
0.818791 0.0309903 0.0218982 0.101353 0.0201143 0.002841 0.00401251 
0.747243 0.0242369 0.0269334 0.167144 0.0254807 0.00319114 0.00577019 
0.815187 0.0227669 0.0280545 0.111201 0.0153882 0.00250888 0.00489381 
0.834105 0.0243197 0.0223515 0.0959169 0.0173702 0.00223411 0.00370232 
0.8557 0.024635 0.0235862 0.0786517 0.011906 0.00216649 0.00335434 
0.86808 0.0271634 0.0247386 0.0645346 0.0105235 0.00165206 0.00330825 
0.867971 0.0176888 0.0204907 0.0623343 0.0259433 0.00169153 0.00388054 
0.818811 0.022046 0.024008 0.122578 0.00818185 0.0015084 0.00286617 
0.780078 0.0241265 0.022423 0.158093 0.00983857 0.00199389 0.003447 
0.899437 0.0189844 0.0244271 0.0392775 0.0123003 0.00139147 0.00418217 
0.844049 0.0268585 0.0197599 0.0639943 0.0367865 0.00226252 0.00628917 
0.866198 0.0234035 0.023433 0.047102 0.030072 0.00211313 0.00767876 
0.856972 0.0163048 0.0265173 0.0758457 0.0167465 0.00169235 0.00592185 
0.870113 0.0243061 0.0250723 0.0459534 0.0248738 0.00259839 0.00708276 
0.852505 0.0304353 0.0188968 0.057492 0.0318581 0.00241055 0.00640218 
0.882223 0.026248 0.0199569 0.0361615 0.0278335 0.00192891 0.0056484 
0.881512 0.0392951 0.0213894 0.0306359 0.0187485 0.00321803 0.00520066 
0.876024 0.0285595 0.025489 0.0454412 0.016496 0.00312183 0.0048686 
0.894465 0.0271953 0.0287065 0.0251824 0.0139018 0.00330129 0.00724782 
0.863776 0.0323572 0.0307312 0.045168 0.016681 0.0046003 0.00668584 
0.862822 0.03128 0.0338071 0.0458247 0.0133749 0.00532861 0.00756292 
0.855188 0.0136282 0.0542956 0.0613934 0.00383837 0.0033166 0.00833992 
0.854698 0.0106106 0.0809921 0.0410999 0.00212146 0.00261683 0.00786063 
0.820765 0.0130741 0.0618265 0.0960812 0.00186812 0.00277935 0.0036056 
0.887532 0.017918 0.0481214 0.0357118 0.00344782 0.00305522 0.0042134 
0.892493 0.0189033 0.0420926 0.0355631 0.00416211 0.00302499 0.00376071 
0.877113 0.028446 0.0429686 0.0305688 0.00912663 0.00547481 0.00630197 
