0.385142 0.0721714 0.272628 0.225189 0.0157917 0.0178889 0.0111883 
0.372362 0.0858389 0.276401 0.21629 0.0156969 0.0206466 0.0127648 
0.304394 0.0676265 0.429452 0.152277 0.0160303 0.0182643 0.0119556 
0.376253 0.0858171 0.282353 0.207196 0.0153008 0.0202019 0.0128776 
0.410499 0.0628476 0.234929 0.256082 0.0134021 0.0133599 0.00888078 
0.333678 0.0650437 0.21154 0.355596 0.0133025 0.0124469 0.00839323 
0.288123 0.0744281 0.224499 0.373651 0.014717 0.0147247 0.00985765 
0.321358 0.0759094 0.126936 0.460094 0.00645161 0.00581428 0.00343709 
0.323792 0.0449964 0.10264 0.518913 0.00514408 0.00259377 0.00192136 
0.339307 0.0415852 0.0406379 0.572408 0.00463013 8.31633E-4 5.99256E-4 
0.502555 0.0537822 0.0240198 0.412469 0.00477874 0.00125846 0.00113637 
0.444547 0.0337421 0.0217777 0.49407 0.00434244 7.49845E-4 7.71636E-4 
0.592291 0.0334946 0.0243868 0.344308 0.00389714 8.23255E-4 7.98852E-4 
0.638119 0.0333796 0.017475 0.300293 0.00781654 0.00130547 0.00161155 
0.793773 0.0364739 0.0180528 0.136462 0.0108541 0.00184766 0.00253635 
0.793652 0.0255636 0.0218238 0.143853 0.00964904 0.00179212 0.00366596 
0.822525 0.0269662 0.0188341 0.108827 0.0167862 0.00180084 0.00426039 
0.878791 0.0222368 0.0240736 0.0556111 0.0137259 0.00144976 0.00411206 
0.879994 0.0174388 0.0221772 0.0615021 0.0136368 0.00135425 0.00389705 
0.858584 0.0186512 0.0261723 0.0717292 0.0181281 0.00188497 0.00485019 
0.810749 0.0249017 0.0249959 0.108064 0.0222419 0.00289619 0.00615099 
0.797579 0.0216194 0.028348 0.136019 0.00883996 0.00209994 0.00549465 
0.85799 0.016546 0.0346941 0.0751095 0.00631501 0.00186149 0.00748366 
0.882743 0.0182653 0.027823 0.0542331 0.00956707 0.00166773 0.00570111 
0.891171 0.0230211 0.0274354 0.0385299 0.0120901 0.00169203 0.00605996 
0.897113 0.0248221 0.0301257 0.0334119 0.00644802 0.00197159 0.00610785 
0.90581 0.0171493 0.0342532 0.030378 0.00393544 0.00224064 0.0062331 
0.905191 0.0169097 0.0387501 0.023965 0.00291 0.00321843 0.00905528 
0.885172 0.0130476 0.0390368 0.0480786 0.00378545 0.00218832 0.00869135 
0.857765 0.012054 0.0448094 0.0724031 0.00290663 0.00203883 0.00802268 
0.900908 0.0237726 0.0284409 0.0310531 0.00529342 0.00338531 0.00714676 
0.899841 0.0192768 0.0299424 0.0337994 0.00731861 0.00320498 0.00661676 
0.907708 0.0176347 0.0343021 0.0245047 0.00562643 0.00306086 0.00716325 
0.859002 0.0156408 0.0305435 0.0792556 0.00744418 0.00266251 0.00545114 
0.867737 0.0188514 0.0269532 0.0694979 0.00957344 0.00239648 0.00499078 
0.848682 0.027653 0.0319099 0.0712249 0.0104335 0.00416929 0.00592712 
0.820858 0.0365009 0.0278484 0.0900455 0.0146764 0.00459714 0.00547333 
0.87532 0.0274644 0.0304154 0.0476284 0.00909161 0.00450614 0.00557416 
0.822811 0.024267 0.027221 0.0957032 0.0204533 0.00417119 0.00537289 
0.777502 0.0211062 0.034055 0.126902 0.0263376 0.00539449 0.00870266 
0.731637 0.0278383 0.0351139 0.177856 0.0129081 0.00649573 0.00815188 
0.79551 0.0234926 0.02812 0.133427 0.0110316 0.00291937 0.00549879 
0.854926 0.0233853 0.0275287 0.0697178 0.0140236 0.00369897 0.00671958 
0.871399 0.0207187 0.0305925 0.0515238 0.0119193 0.00414725 0.00969965 
0.879121 0.0233901 0.0243188 0.0471102 0.0153438 0.00262953 0.00808689 
0.826821 0.0170772 0.02675 0.109626 0.010666 0.00267875 0.00638111 
0.877273 0.0143995 0.0270018 0.0622111 0.0118228 0.00146098 0.00583067 
0.902807 0.00999193 0.0339608 0.0401909 0.00683525 8.7377E-4 0.00534082 
0.874279 0.0161997 0.0468155 0.0501315 0.00362617 0.00134236 0.00760595 
0.87756 0.0175372 0.0294667 0.0476138 0.0194267 0.00241845 0.00597697 
0.784615 0.0174421 0.0299788 0.131705 0.0243935 0.00248678 0.00937976 
0.892642 0.0163702 0.0183887 0.0617794 0.00656087 0.00118464 0.00307457 
0.923421 0.0078845 0.0328962 0.0195319 0.0045544 0.0014202 0.0102916 
0.913251 0.0109812 0.0327499 0.0246749 0.00663619 0.00140684 0.0102999 
0.906257 0.0149058 0.0315527 0.0216483 0.0128799 0.00172606 0.0110302 
0.893026 0.0129889 0.0346847 0.0265698 0.0176149 0.00212087 0.0129949 
0.892583 0.0110049 0.0520086 0.0234136 0.00826991 0.00162916 0.0110906 
0.891248 0.0100612 0.0515685 0.0281199 0.00584369 0.00173924 0.0114194 
0.890552 0.0129135 0.0526356 0.0139912 0.0117258 0.001591 0.0165912 
0.885947 0.0188826 0.0496125 0.0173274 0.0146493 0.00177257 0.0118089 
0.874861 0.0187685 0.047589 0.0142099 0.0262345 0.00248806 0.0158493 
0.877743 0.0201334 0.0442221 0.0142565 0.0269078 0.00253895 0.014198 
0.882312 0.0178394 0.0543056 0.0195306 0.0135876 0.00206 0.0103644 
0.902495 0.0148731 0.0377236 0.026918 0.00940151 0.00155869 0.00702962 
0.904978 0.0150016 0.0334823 0.0290631 0.00846826 0.00171141 0.00729556 
0.882461 0.0174193 0.0237232 0.0517088 0.0156593 0.00223278 0.00679544 
0.894602 0.0233963 0.0212427 0.0301338 0.0226231 0.00216277 0.00583894 
0.897796 0.0234819 0.0219695 0.0265841 0.0208452 0.00249641 0.00682702 
0.885147 0.0195755 0.0245217 0.0520942 0.00941845 0.00257158 0.00667179 
0.898118 0.0149166 0.0313789 0.0383257 0.00792047 0.00235163 0.00698868 
0.872711 0.0125549 0.0390248 0.0577971 0.00684103 0.00186191 0.00920869 
0.885003 0.0121394 0.0361021 0.0445235 0.0102121 0.00176773 0.0102525 
0.89136 0.0128219 0.0374171 0.0386195 0.00821419 0.00142628 0.0101408 
0.882875 0.0121729 0.0390157 0.0508039 0.00628623 0.00123211 0.00761432 
0.869265 0.00987906 0.0314611 0.0701186 0.0102366 0.00166511 0.00737479 
0.817997 0.0149199 0.0239065 0.127149 0.01004 9.38308E-4 0.00504958 
0.826442 0.01843 0.0198241 0.116721 0.0134497 9.28793E-4 0.00420459 
0.788841 0.0108745 0.0234721 0.163128 0.00939775 6.02113E-4 0.00368419 
0.869203 0.0172328 0.024909 0.0745091 0.00799582 9.91304E-4 0.00515946 
0.817386 0.0216105 0.0203106 0.121127 0.0141924 0.00106541 0.00430889 
0.840546 0.0359991 0.017233 0.0841489 0.0164861 0.00125424 0.00433305 
0.871766 0.024237 0.0199355 0.0681012 0.0108094 0.00118753 0.00396371 
0.881269 0.0325275 0.0204857 0.0494959 0.0102795 0.00151151 0.00443074 
0.84633 0.0287141 0.0243841 0.0860934 0.00882012 0.00138591 0.00427252 
0.88558 0.0232237 0.0239894 0.0512064 0.010207 0.00145947 0.00433389 
0.873147 0.02341 0.0236549 0.0579779 0.015721 0.00132077 0.00476844 
0.789359 0.0176837 0.0201625 0.150432 0.0166498 0.00130644 0.00440664 
0.78262 0.0166183 0.0206646 0.150803 0.0220833 0.00163341 0.00557732 
0.80795 0.0124755 0.0208734 0.137928 0.0148141 0.00120703 0.00475224 
0.796836 0.0208847 0.0162249 0.135168 0.0256095 0.00130442 0.00397251 
0.730748 0.0118574 0.0197327 0.219223 0.0142985 7.93214E-4 0.00334734 
0.754877 0.012962 0.021992 0.188821 0.0161988 0.00112112 0.00402794 
0.851232 0.0208782 0.0179013 0.0686374 0.0339799 0.00149266 0.00587864 
0.875572 0.0253871 0.0169195 0.0571516 0.0179752 0.00171753 0.00527698 
0.8832 0.0274863 0.0175254 0.0475483 0.0176322 0.00141334 0.00519419 
0.905252 0.0225673 0.0188301 0.0375793 0.00907455 0.00155326 0.00514332 
0.887216 0.0271696 0.018474 0.0495739 0.011617 0.00151142 0.00443838 
0.889374 0.023969 0.0190952 0.0497865 0.0117653 0.00174694 0.00426266 
0.867768 0.0201227 0.0210936 0.0765414 0.00883421 0.00159714 0.00404297 
0.881033 0.0181448 0.0262264 0.0638939 0.00539096 0.00111069 0.00419976 
0.892204 0.0203128 0.0232517 0.0527139 0.00606447 0.00115323 0.00429962 
0.870507 0.0257947 0.0158624 0.0671904 0.0141805 0.00153862 0.00492661 
0.884555 0.0140854 0.0267725 0.0563572 0.012345 0.00125165 0.00463368 
0.886181 0.0179268 0.0304717 0.0450236 0.0115604 0.00183113 0.00700551 
0.875178 0.0209981 0.0333846 0.0571454 0.00480924 0.00197406 0.00651028 
0.910581 0.0150733 0.0408214 0.022179 0.00274253 0.00218125 0.00642196 
0.90413 0.011121 0.0442603 0.018352 0.00608626 0.00173284 0.0143172 
0.914665 0.0108387 0.0357667 0.0211371 0.00717191 0.00174233 0.00867857 
0.9058 0.0147058 0.0307677 0.0324401 0.00911814 0.00129908 0.00586932 
0.898459 0.0148867 0.037314 0.0327587 0.00929587 9.37597E-4 0.00634836 
0.893818 0.0197388 0.0282796 0.0397519 0.00958091 0.00161861 0.00721232 
0.876297 0.0138014 0.0351083 0.0600793 0.00682147 0.0010447 0.00684803 
0.892971 0.0121173 0.0304662 0.0506714 0.00788283 0.00100541 0.00488618 
0.898135 0.0145823 0.0309914 0.0396744 0.00873983 0.00115822 0.00671916 
0.852226 0.0147189 0.0244526 0.087965 0.0139641 0.00106749 0.00560586 
0.883094 0.0152021 0.0239789 0.0538207 0.0171946 0.00108604 0.00562369 
0.873577 0.0209902 0.0225534 0.0537164 0.0224352 0.00162614 0.00510134 
0.875145 0.0293932 0.0246286 0.0390422 0.023369 0.00193164 0.00649033 
0.873798 0.0331856 0.0234319 0.0315307 0.0287025 0.0019479 0.00740377 
