0.360901 0.17748 0.0153817 0.420991 0.0120296 0.00511941 0.00809796 
0.341182 0.134487 0.0167795 0.489245 0.00673716 0.00453616 0.00703393 
0.436308 0.186973 0.017665 0.335387 0.0073068 0.00657268 0.00978832 
0.466729 0.181975 0.0180526 0.306574 0.00790013 0.00870816 0.0100615 
0.275059 0.213001 0.0203325 0.465741 0.00770742 0.00704615 0.0111127 
0.347601 0.158081 0.0172851 0.458461 0.00569824 0.00618756 0.00668591 
0.371844 0.159365 0.0166001 0.431876 0.0076237 0.00467768 0.00801324 
0.390306 0.115042 0.0160334 0.458348 0.00767306 0.00453055 0.00806635 
0.436665 0.106895 0.0180203 0.421472 0.00529165 0.00397456 0.007682 
0.537654 0.111875 0.018295 0.314133 0.00532799 0.00508176 0.00763284 
0.466477 0.125348 0.0210714 0.368021 0.00435432 0.00693551 0.00779313 
0.482973 0.173022 0.0180249 0.30239 0.00701253 0.00676467 0.00981276 
0.450925 0.250901 0.0152296 0.252558 0.0128616 0.00772883 0.00979647 
0.429684 0.124139 0.0128362 0.404952 0.0162304 0.00439313 0.00776488 
0.564331 0.106935 0.0158575 0.289509 0.0115587 0.00424344 0.00756497 
0.481801 0.151899 0.0177555 0.326772 0.00765883 0.00639861 0.00771538 
0.445515 0.188886 0.019194 0.321097 0.00986667 0.00641138 0.00903033 
0.487081 0.195131 0.0148701 0.275546 0.012795 0.00646514 0.00811167 
0.464532 0.271042 0.0137835 0.224758 0.0108992 0.00723523 0.00775024 
0.473202 0.268394 0.0124605 0.215712 0.0143394 0.00788266 0.00800977 
0.398109 0.29679 0.0137796 0.257541 0.0158043 0.00844833 0.00952776 
0.402351 0.269087 0.016227 0.287492 0.00994686 0.00670427 0.00819249 
0.413772 0.176952 0.014142 0.361879 0.0192703 0.00536006 0.00862479 
0.352666 0.150984 0.0107041 0.436136 0.0380712 0.0040219 0.00741722 
0.385612 0.252343 0.0146084 0.321553 0.012865 0.00434374 0.00867422 
0.273699 0.220839 0.015034 0.44797 0.0253373 0.00684751 0.0102729 
0.244064 0.241978 0.0122071 0.457307 0.0294358 0.00595418 0.00905522 
0.294596 0.27521 0.0116423 0.379793 0.0244405 0.00537513 0.00894222 
0.302403 0.192616 0.0126859 0.441097 0.0353528 0.0058381 0.010007 
0.294055 0.327011 0.0125208 0.323455 0.0218817 0.00902934 0.0120459 
0.373177 0.309662 0.0130376 0.27087 0.0155525 0.00804221 0.00965877 
0.360548 0.230365 0.00993378 0.355149 0.0315429 0.0053707 0.00709129 
0.129531 0.0661923 0.00611312 0.759717 0.031928 0.00227914 0.00423953 
0.230245 0.158453 0.00964046 0.568756 0.0219602 0.00448451 0.00646102 
0.289398 0.239015 0.0134304 0.407211 0.0296373 0.00982201 0.0114861 
0.280884 0.293612 0.0133256 0.363944 0.0259319 0.0108438 0.0114587 
0.384201 0.229829 0.0118398 0.325662 0.0288276 0.00864581 0.0109947 
0.487 0.226793 0.0146649 0.242123 0.0119601 0.00716398 0.0102941 
0.382542 0.238331 0.0153032 0.328316 0.015774 0.00873497 0.0109986 
0.470113 0.289774 0.0129355 0.187795 0.0182506 0.00966447 0.0114666 
0.399645 0.379555 0.0110709 0.172699 0.0172306 0.0098587 0.00993988 
0.341573 0.32267 0.0135028 0.280394 0.0210526 0.00888735 0.0119204 
0.26755 0.263348 0.0143347 0.415687 0.0170802 0.00997808 0.0120216 
0.329551 0.154583 0.0143371 0.474713 0.00970185 0.00788296 0.00923193 
0.331208 0.192053 0.0171329 0.433885 0.0081154 0.00798507 0.00962049 
0.273891 0.200835 0.0165641 0.482218 0.010138 0.00730062 0.00905257 
0.2329 0.223099 0.0196099 0.4907 0.0112358 0.00952082 0.0129337 
0.446099 0.24961 0.0124251 0.258363 0.016484 0.00862631 0.00839159 
0.542844 0.261684 0.0119924 0.154891 0.0115399 0.0091924 0.00785741 
0.467077 0.367045 0.0102285 0.124444 0.0127965 0.0112591 0.00715065 
0.52653 0.325498 0.0101545 0.103703 0.0152631 0.0107008 0.00815039 
0.496815 0.244415 0.0122319 0.213623 0.0112524 0.0146014 0.00706121 
0.485148 0.293698 0.0107594 0.184328 0.0105471 0.00860359 0.00691506 
0.51016 0.323385 0.00707902 0.1271 0.0197185 0.00748278 0.0050747 
0.453227 0.324777 0.00801221 0.18424 0.0154963 0.00783083 0.00641598 
0.344437 0.430385 0.00621957 0.186509 0.017894 0.00876025 0.0057964 
0.305493 0.541868 0.00550257 0.120109 0.0108979 0.0111026 0.00502654 
0.219237 0.674152 0.00512236 0.0819899 0.00646526 0.0084756 0.00455774 
0.145396 0.770346 0.00443267 0.0624618 0.00435991 0.0078971 0.00510673 
0.180012 0.675613 0.00625046 0.124431 0.00407269 0.00381939 0.00580183 
0.156019 0.668632 0.00545782 0.152509 0.00662879 0.00383245 0.00692118 
0.180929 0.650359 0.00474173 0.141163 0.0130056 0.00471968 0.00508133 
0.148494 0.675171 0.00475106 0.144669 0.0164314 0.0048181 0.00566579 
0.187198 0.585553 0.00465267 0.182688 0.0289645 0.00428436 0.00665891 
0.232441 0.552307 0.00340755 0.158953 0.0439221 0.00407415 0.00489473 
0.106211 0.806717 0.00170455 0.0626783 0.0156128 0.00378703 0.00328919 
0.123277 0.692888 0.00221136 0.148802 0.0258311 0.00397745 0.00301299 
0.103355 0.799804 0.00148724 0.0621571 0.0248761 0.00537774 0.00294323 
0.109902 0.80244 0.00168823 0.0657753 0.0123044 0.00483164 0.00305833 
0.104946 0.765848 0.0027871 0.109871 0.00907804 0.0039613 0.00350813 
0.130466 0.641113 0.00450522 0.2044 0.0104134 0.00355751 0.00554485 
0.100329 0.745379 0.00311924 0.134135 0.00993668 0.00334721 0.00375407 
0.131964 0.773864 0.00309934 0.0775707 0.00602735 0.00410519 0.00336963 
0.154182 0.73493 0.00219818 0.089361 0.0131953 0.00363855 0.00249586 
0.131475 0.761379 0.00204714 0.0872363 0.0114087 0.00414815 0.00230553 
0.110715 0.743139 0.00209075 0.122402 0.016082 0.00360125 0.00196993 
0.0874012 0.761349 0.00208393 0.127681 0.016346 0.00309324 0.00204598 
0.0951682 0.728939 0.0016751 0.120015 0.0480868 0.00385001 0.0022658 
0.0988772 0.719691 0.0015473 0.124426 0.0494957 0.00418894 0.00177365 
0.115618 0.732532 0.00185923 0.113217 0.0318395 0.00312437 0.00180979 
0.0869934 0.62497 0.00307932 0.189889 0.0871761 0.00449273 0.00339876 
0.0661582 0.798442 0.00132001 0.0983771 0.0310377 0.00208104 0.00258382 
0.0708395 0.793633 0.00118365 0.097598 0.0319228 0.00246208 0.00236069 
0.0705039 0.818083 0.00103758 0.0703913 0.0353863 0.00268965 0.00190792 
0.0675632 0.80008 0.00116134 0.0697064 0.0567623 0.00296657 0.00176047 
0.0581086 0.843164 0.00106206 0.0617203 0.0322325 0.00212342 0.00158882 
0.0531795 0.873888 7.62165E-4 0.0366885 0.0315434 0.0023993 0.00153924 
0.0720676 0.825427 0.0012738 0.0763258 0.0206554 0.00242875 0.00182148 
0.076497 0.877417 9.51609E-4 0.0286382 0.0121225 0.00305703 0.00131697 
0.0932606 0.851138 0.0010918 0.0384828 0.0111327 0.00351363 0.00138053 
0.10409 0.854377 0.0013924 0.0273284 0.00611192 0.00440238 0.00229818 
0.0842943 0.869222 0.00117933 0.0331946 0.00675902 0.00330003 0.00205082 
0.0947533 0.852001 0.00146529 0.0396825 0.00674719 0.00324925 0.00210162 
0.118229 0.826539 0.00150281 0.0373774 0.0102828 0.00344457 0.00262375 
0.137421 0.790053 0.00189081 0.0529787 0.0107644 0.0042829 0.00260935 
0.128749 0.775791 0.00247013 0.0770445 0.00860551 0.00385628 0.00348276 
0.161166 0.745194 0.00325409 0.0757103 0.00640947 0.00453246 0.0037342 
0.149851 0.801249 0.00287574 0.0327388 0.00555279 0.00460688 0.00312518 
0.218661 0.596228 0.00394205 0.15648 0.0169036 0.00386758 0.00391842 
0.341051 0.492631 0.00501785 0.135985 0.0158111 0.00557801 0.0039261 
0.15397 0.753273 0.00210335 0.069878 0.0138586 0.00375635 0.00316044 
0.207273 0.670534 0.00333629 0.0990689 0.0113295 0.00460177 0.00385647 
0.16099 0.745863 0.0024096 0.0710717 0.0115777 0.00447836 0.00360877 
0.215083 0.653207 0.00273717 0.0999049 0.0213352 0.00409013 0.00364243 
0.207275 0.700859 0.00302737 0.0702521 0.0099541 0.00428153 0.0043508 
0.280705 0.621622 0.00497372 0.0780402 0.00611454 0.00445804 0.00408621 
0.304252 0.585324 0.00470562 0.087484 0.00872151 0.004949 0.00456364 
0.285169 0.538463 0.00451307 0.151297 0.0128814 0.00343518 0.00424193 
0.438892 0.386989 0.00763926 0.146229 0.0106327 0.00463962 0.0049786 
0.606048 0.154317 0.0144612 0.205538 0.00832946 0.004727 0.0065783 
0.416604 0.12735 0.0121443 0.418455 0.0129045 0.00492897 0.00761448 
0.523852 0.0998495 0.0150558 0.340579 0.00633889 0.00482464 0.00950036 
0.56203 0.0601406 0.0202285 0.334327 0.0036698 0.00484667 0.0147579 
0.626299 0.0872042 0.01841 0.236278 0.00603142 0.00789723 0.0178808 
0.376141 0.0658719 0.0173888 0.517874 0.00480915 0.00340989 0.0145054 
0.778564 0.0684275 0.0197061 0.0885427 0.00791067 0.00721982 0.0296296 
0.841723 0.030276 0.0319842 0.050747 0.00339522 0.00622286 0.0356515 
0.741771 0.042715 0.0226097 0.167551 0.00499931 0.00674688 0.0136067 
0.73161 0.0414793 0.0254774 0.164364 0.00482905 0.0102745 0.0219661 
0.705234 0.028376 0.0260143 0.201748 0.00676779 0.00817774 0.0236824 
0.68261 0.0352328 0.0211732 0.225615 0.0097668 0.00693326 0.0186685 
0.794519 0.0458311 0.0209589 0.0985864 0.013157 0.0080045 0.0189428 
0.777063 0.0372662 0.0249794 0.125084 0.00635764 0.0075424 0.0217067 
0.766974 0.0391281 0.0286348 0.122551 0.00578922 0.00637205 0.0305507 
0.53069 0.0461252 0.0205674 0.364001 0.0096211 0.00534479 0.0236508 
0.502678 0.032726 0.0187199 0.416842 0.00819634 0.00498491 0.0158523 
0.730268 0.038462 0.0203139 0.171914 0.0114026 0.00641335 0.0212271 
0.631041 0.0611992 0.0159895 0.253445 0.017681 0.00571561 0.0149291 
0.722516 0.0433319 0.0202906 0.159142 0.0200948 0.00591674 0.0287078 
0.78531 0.0456275 0.021103 0.101214 0.0115451 0.00861712 0.0265835 
0.731582 0.0239364 0.0320134 0.163687 0.00643031 0.00410568 0.0382454 
0.811969 0.0242484 0.0303011 0.0735622 0.00671537 0.00375289 0.0494513 
0.830346 0.044093 0.0247626 0.0583776 0.00577056 0.00505453 0.031596 
0.85553 0.0330065 0.0270159 0.0470832 0.00453278 0.00477276 0.0280587 
0.856332 0.0352569 0.0231662 0.0612605 0.00610702 0.0045465 0.0133304 
0.855989 0.0317915 0.0268172 0.0568881 0.00352153 0.00657407 0.0184183 
0.869595 0.0270651 0.0253726 0.0439466 0.00413312 0.00613787 0.0237493 
0.87345 0.0227413 0.0277605 0.0381146 0.00416327 0.00711029 0.0266603 
0.854022 0.0204076 0.0326965 0.0465236 0.00399699 0.00634174 0.0360113 
0.857523 0.0224635 0.0306715 0.0457968 0.00446561 0.00479057 0.0342886 
0.830323 0.0300563 0.0269892 0.0768394 0.00531681 0.00486062 0.0256149 
0.82261 0.0247762 0.0333229 0.063404 0.00404334 0.00673173 0.0451119 
0.841278 0.0278596 0.0296516 0.0479379 0.0055687 0.00768229 0.0400221 
0.831157 0.0347253 0.0262132 0.0622885 0.00916433 0.00689952 0.0295523 
0.818259 0.0307996 0.0279743 0.0609061 0.0070712 0.00770493 0.0472844 
0.78629 0.042638 0.0231596 0.106737 0.00748695 0.00696599 0.0267229 
0.837618 0.028172 0.0312172 0.0534302 0.00413397 0.0052244 0.0402044 
0.847457 0.0255734 0.0341369 0.0273328 0.00492205 0.0042223 0.0563552 
0.858589 0.0343105 0.0302116 0.0304466 0.00671223 0.00529616 0.0344342 
0.858949 0.0290157 0.030548 0.0355479 0.00553375 0.00509337 0.0353126 
0.290047 0.546825 0.00459202 0.119516 0.02752 0.00454062 0.00695996 
0.249444 0.48285 0.00450902 0.193042 0.0585587 0.00445115 0.00714478 
0.228212 0.619181 0.00425129 0.114379 0.0219136 0.00445219 0.00761154 
0.292167 0.523645 0.00603175 0.140542 0.0224968 0.00523189 0.00988575 
0.317454 0.51661 0.00768751 0.136202 0.00944781 0.00470864 0.00788983 
0.303953 0.509695 0.00698797 0.153636 0.0128028 0.00448451 0.00844017 
0.367122 0.465073 0.00649908 0.132212 0.0164491 0.0047353 0.00790912 
0.330008 0.524978 0.00694044 0.111458 0.012398 0.00506914 0.00914847 
0.370688 0.432322 0.00787811 0.164885 0.0112772 0.00497296 0.00797681 
0.394243 0.364669 0.0121793 0.210593 0.00635728 0.00396243 0.00799616 
0.399248 0.344327 0.00917893 0.221147 0.0138553 0.0044373 0.00780686 
0.34474 0.396697 0.00863763 0.225901 0.0114305 0.00422387 0.00837097 
0.47218 0.253604 0.0143026 0.240334 0.00639166 0.00471514 0.00847256 
0.400845 0.412765 0.0112455 0.146975 0.00799091 0.00673124 0.0134469 
0.475958 0.310358 0.013202 0.175224 0.00823726 0.00728044 0.00974021 
0.362559 0.515282 0.00790674 0.0736114 0.0146429 0.0130616 0.0129365 
0.368259 0.507042 0.00816847 0.0835144 0.0136858 0.00831517 0.0110152 
0.404175 0.469854 0.00639861 0.083317 0.0216316 0.00681063 0.00781249 
0.420133 0.410654 0.00710039 0.132333 0.0162001 0.0057565 0.00782378 
0.55945 0.201338 0.0120912 0.20522 0.0108539 0.00474255 0.00630363 
0.543579 0.265705 0.0129479 0.156947 0.00819276 0.0054846 0.00714322 
0.490448 0.163875 0.013377 0.315705 0.00739191 0.00359166 0.00561118 
0.605925 0.200085 0.0148324 0.157026 0.00738175 0.00595457 0.00879429 
0.59084 0.203621 0.0126772 0.170379 0.00954555 0.00687055 0.00606709 
0.624043 0.156771 0.0192211 0.181277 0.00529143 0.00601251 0.00738414 
0.639257 0.207616 0.0151645 0.111987 0.00878589 0.0072885 0.00990068 
0.55445 0.2575 0.0111993 0.14577 0.0124869 0.00919753 0.00939571 
0.543753 0.207575 0.0145925 0.208252 0.00819973 0.00834984 0.00927828 
0.48791 0.301488 0.0100578 0.162259 0.0174644 0.0108472 0.00997346 
0.590524 0.279075 0.0125375 0.0865593 0.0106859 0.0101639 0.0104543 
0.585817 0.278861 0.0157686 0.0951025 0.00577221 0.00885266 0.00982533 
0.597653 0.229253 0.0175907 0.130404 0.00612006 0.00841646 0.0105624 
0.581599 0.265896 0.0106351 0.0986698 0.0198439 0.012071 0.0112855 
0.585933 0.187621 0.0139522 0.18239 0.0110549 0.00778658 0.011262 
0.557502 0.248413 0.0126525 0.14546 0.0132042 0.0100114 0.012756 
0.642144 0.183093 0.0167041 0.125287 0.00799538 0.0118716 0.0129049 
0.565261 0.196658 0.0140529 0.19295 0.00855993 0.0103496 0.0121682 
0.624655 0.182275 0.0181851 0.148763 0.00509126 0.00819071 0.0128408 
0.592868 0.252735 0.0134188 0.109835 0.00886328 0.00927722 0.0130034 
0.630591 0.216178 0.0192696 0.0945462 0.00641423 0.0146113 0.0183898 
0.543384 0.340297 0.0113208 0.069203 0.0111145 0.0109762 0.0137048 
0.650338 0.195517 0.0155296 0.10953 0.00858737 0.00874938 0.0117489 
0.725928 0.136709 0.015857 0.0883148 0.00961123 0.0105921 0.0129874 
0.72934 0.139256 0.0185296 0.0741383 0.00990056 0.0103249 0.0185112 
0.755746 0.0941675 0.0171755 0.0982894 0.00916933 0.0108646 0.0145883 
0.760357 0.09721 0.0146138 0.0917239 0.0124228 0.0100005 0.0136725 
0.76025 0.104321 0.0175951 0.0851219 0.00851301 0.010453 0.0137457 
0.762146 0.110284 0.0193235 0.0722487 0.00809273 0.00931774 0.0185877 
0.706094 0.123975 0.0195365 0.115298 0.00738682 0.0110552 0.0166546 
0.738094 0.128393 0.0240182 0.0638637 0.00565592 0.012851 0.027124 
0.701014 0.148161 0.0246669 0.0892362 0.00420614 0.0121954 0.0205205 
0.674074 0.138369 0.0204009 0.131407 0.00533203 0.0126229 0.0177954 
0.680687 0.127152 0.0182002 0.137432 0.00685527 0.012058 0.0176153 
0.649193 0.120017 0.0201013 0.182213 0.00474692 0.0093056 0.014424 
0.674844 0.14767 0.015101 0.132315 0.0082078 0.0109563 0.0109049 
0.717096 0.154677 0.0194383 0.0741498 0.00464662 0.014764 0.0152284 
0.659245 0.167193 0.0186726 0.121251 0.00486299 0.0158594 0.0129161 
0.558948 0.172052 0.0166255 0.226163 0.00705922 0.00841711 0.0107355 
0.632528 0.165697 0.0165189 0.152786 0.00644396 0.0134789 0.0125466 
0.475499 0.162132 0.0178325 0.315793 0.00510052 0.0133228 0.0103202 
0.59522 0.170081 0.0182512 0.190799 0.00534625 0.0106358 0.00966732 
0.494602 0.168514 0.0188976 0.289234 0.00648373 0.0111865 0.0110821 
0.617452 0.152013 0.019412 0.184871 0.00533297 0.00911309 0.0118054 
0.627059 0.170467 0.0220024 0.152652 0.00394061 0.0118901 0.0119882 
0.627466 0.127428 0.0203016 0.200564 0.00419973 0.0106407 0.00939932 
0.641688 0.113777 0.0190378 0.201567 0.00459217 0.0101142 0.00922364 
0.667529 0.156564 0.0195924 0.122341 0.00497991 0.0148314 0.0141629 
0.680887 0.13046 0.021353 0.141411 0.0043706 0.0101537 0.0113647 
0.637523 0.126674 0.0182582 0.194681 0.00466581 0.00905772 0.00914049 
0.685862 0.109081 0.0206642 0.157713 0.00422214 0.0101764 0.0122816 
0.69682 0.140728 0.020824 0.11143 0.00372238 0.0119825 0.0144924 
0.71068 0.127533 0.0227617 0.110128 0.00357293 0.011177 0.0141476 
0.683335 0.0990675 0.0279589 0.161605 0.00265851 0.00980028 0.0155746 
0.744561 0.0987359 0.0201471 0.107333 0.00495083 0.0113092 0.0129631 
0.742486 0.11454 0.0208584 0.0933856 0.00464226 0.00914088 0.0149473 
0.727334 0.123153 0.023035 0.0936212 0.00432772 0.010255 0.0182744 
0.759582 0.0968731 0.023617 0.0843144 0.0046317 0.0111793 0.0198022 
0.742467 0.10669 0.0259415 0.0938432 0.00388335 0.00962297 0.0175516 
0.748565 0.109604 0.0242062 0.0898798 0.00398658 0.00797806 0.0157803 
0.792695 0.0835417 0.0219045 0.077792 0.00439134 0.00755551 0.0121195 
0.793628 0.0817937 0.0248006 0.0757962 0.00454511 0.00771652 0.0117194 
0.768765 0.0992707 0.0262772 0.0765833 0.00468676 0.007835 0.0165822 
0.729743 0.0853633 0.022405 0.139445 0.00464175 0.00700812 0.0113939 
0.659246 0.163826 0.020056 0.128376 0.00482499 0.0101477 0.0135235 
0.64345 0.16364 0.0164458 0.145859 0.00674167 0.0117904 0.0120724 
0.708361 0.100056 0.0189004 0.138328 0.00582227 0.0142289 0.0143037 
0.756139 0.0699972 0.0255886 0.121158 0.00415577 0.00695089 0.0160102 
0.769283 0.0650121 0.0207298 0.116208 0.00496076 0.00930104 0.014505 
0.739703 0.0797335 0.0205662 0.131414 0.00611068 0.00710408 0.015368 
0.785293 0.0536813 0.0247221 0.103665 0.00491322 0.00933293 0.0183922 
0.745703 0.0548263 0.0252479 0.147139 0.00340224 0.00780023 0.0158815 
0.77066 0.0809569 0.0248864 0.095012 0.00429926 0.0100413 0.0141441 
0.751096 0.122727 0.0266404 0.0588139 0.00372011 0.012289 0.024713 
0.776934 0.0689253 0.0313782 0.0927014 0.00292348 0.00636792 0.0207692 
0.797685 0.0581981 0.0239967 0.0962991 0.00408553 0.00746 0.0122755 
0.765607 0.0733029 0.0235352 0.11194 0.00402499 0.00757489 0.0140149 
0.664238 0.0759695 0.0225812 0.217943 0.00376551 0.00620911 0.00929293 
0.657506 0.0898947 0.0205197 0.2098 0.00364548 0.00749331 0.0111406 
0.718769 0.097089 0.0151995 0.144419 0.00689261 0.00828589 0.00934493 
0.648726 0.0689216 0.0260666 0.236378 0.00281311 0.00677183 0.0103226 
0.783305 0.040453 0.0302636 0.119553 0.00272893 0.0089673 0.0147288 
0.805669 0.0437699 0.0248366 0.103449 0.00333962 0.00661916 0.012317 
0.809072 0.0221373 0.0312761 0.107561 0.00349244 0.00890115 0.0175607 
0.788344 0.0183332 0.0468301 0.0939711 0.00269284 0.00769468 0.0421343 
0.843031 0.0249869 0.0376152 0.0399389 0.00196357 0.00958539 0.042879 
0.859382 0.0223566 0.0373503 0.0285354 0.00202848 0.00985782 0.0404889 
0.823068 0.0196465 0.0340714 0.0751588 0.00297211 0.0101604 0.0349225 
0.827782 0.0201124 0.0361625 0.0473902 0.00357196 0.00884802 0.0561332 
0.817427 0.0165116 0.0414518 0.0510101 0.0029636 0.0101949 0.0604407 
0.848815 0.0202768 0.0374673 0.0313274 0.00348872 0.0103043 0.0483201 
0.819432 0.018342 0.0437472 0.040053 0.00249262 0.0128462 0.063087 
0.79179 0.0173894 0.0504668 0.038613 0.00209481 0.0123965 0.0872497 
0.813156 0.0165916 0.0463152 0.0236032 0.00227666 0.0109183 0.0871395 
0.831119 0.0168325 0.0419548 0.0289053 0.00321817 0.00812894 0.0698418 
0.829529 0.017528 0.0400304 0.0438308 0.00370307 0.00964168 0.0557371 
0.818727 0.0155102 0.0453768 0.035121 0.00298189 0.00939202 0.0728907 
0.78405 0.0144087 0.0541777 0.0315568 0.00229942 0.00871381 0.104793 
0.817728 0.0148211 0.050176 0.0456384 0.00276391 0.0081554 0.060717 
0.810412 0.0135533 0.0489572 0.0277091 0.00307356 0.00912676 0.0871681 
0.799122 0.0128888 0.0503888 0.0213983 0.00251391 0.0101007 0.103587 
0.834648 0.0150493 0.0425856 0.027622 0.00351885 0.00586556 0.0707105 
0.830628 0.0179366 0.0424252 0.0179831 0.00309168 0.00709796 0.0808374 
0.831485 0.0164194 0.0417213 0.0208562 0.00299933 0.00725336 0.0792659 
0.84917 0.0133287 0.0412477 0.0348782 0.00396201 0.0072832 0.0501302 
0.831547 0.0162003 0.0364712 0.0397761 0.00636194 0.00778404 0.0618596 
0.834893 0.0191144 0.0337443 0.0517649 0.00847984 0.00861423 0.0433892 
0.848262 0.0176421 0.0378331 0.0396766 0.00304973 0.00780735 0.0457289 
0.841541 0.0231495 0.0383427 0.0539466 0.00275197 0.00662821 0.0336405 
0.84975 0.020167 0.0383491 0.0429239 0.00398002 0.0072458 0.037584 
0.851432 0.0218398 0.0347884 0.0403809 0.00360445 0.00769711 0.0402569 
0.852731 0.0238647 0.0306323 0.0445613 0.0052512 0.0063601 0.0365991 
0.849037 0.0252794 0.0340116 0.0300699 0.00399863 0.00718702 0.0504161 
0.831293 0.0146227 0.0403235 0.0539854 0.00377822 0.00662222 0.049375 
0.830323 0.0151039 0.0458608 0.0312227 0.00462287 0.0114774 0.0613891 
0.819987 0.0136188 0.0493512 0.0155755 0.00328811 0.00952486 0.0886545 
0.817082 0.0119371 0.0532968 0.0199172 0.00185508 0.0111504 0.0847615 
0.793482 0.0155753 0.0531579 0.00511976 0.00143728 0.0184759 0.112752 
0.784963 0.0194665 0.0449534 0.00738192 0.00178491 0.0232434 0.118207 
0.853816 0.0171149 0.0469639 0.013144 0.00228635 0.0109305 0.0557445 
0.849918 0.0157595 0.0497559 0.0110033 0.00279532 0.0137466 0.0570213 
0.750892 0.0120495 0.0599624 0.00741693 0.00302864 0.0250802 0.141571 
0.794837 0.0170204 0.0462154 0.00723075 0.00389512 0.0273871 0.103414 
0.779256 0.0138753 0.0566689 0.0124987 0.00299166 0.0216327 0.113077 
0.819183 0.0121375 0.0517839 0.0148893 0.00313618 0.0146129 0.0842573 
0.774238 0.0128954 0.0571775 0.00784394 0.00229333 0.0245103 0.121042 
0.780678 0.0132002 0.0605609 0.00836815 0.00339979 0.0147615 0.119031 
0.754758 0.0120028 0.0622766 0.010291 0.00410857 0.0136717 0.142891 
0.791944 0.0132521 0.0551843 0.0348096 0.0055959 0.00789907 0.091315 
0.72472 0.0155357 0.0507995 0.0143526 0.00547122 0.0119108 0.17721 
