0.771817 0.0422909 0.0364082 0.0230274 0.0191068 0.0728114 0.034538 
0.374283 0.378719 0.0145353 0.00477118 0.0610601 0.143865 0.0227674 
0.667713 0.0918755 0.0394947 0.0168615 0.062778 0.0913029 0.0299748 
0.813893 0.0584076 0.0370111 0.014574 0.00782705 0.0429178 0.025369 
0.78908 0.0568213 0.0400004 0.0432992 0.00772576 0.0413381 0.0217351 
0.794574 0.0501418 0.0345503 0.0577383 0.00553544 0.037851 0.0196094 
0.790348 0.0786285 0.0362489 0.0416201 0.00694909 0.0279948 0.0182102 
0.734532 0.0869886 0.0303205 0.0753104 0.0183203 0.0371432 0.0173855 
0.734725 0.058086 0.0297813 0.0586027 0.0495776 0.0473074 0.0219195 
0.272826 0.0847676 0.0184584 0.107842 0.44483 0.0568332 0.014443 
0.520419 0.174964 0.0184883 0.0307409 0.168183 0.0700853 0.0171189 
0.659642 0.080286 0.017236 0.0836691 0.103475 0.039865 0.0158276 
0.713466 0.0804985 0.0454932 0.0380366 0.02511 0.0721202 0.0252754 
0.748084 0.0658379 0.030983 0.0336099 0.059185 0.0410248 0.0212758 
0.591287 0.034708 0.0320135 0.28648 0.0207304 0.0237841 0.0109966 
0.833492 0.0288025 0.0409964 0.0607379 0.00845397 0.0171539 0.0103629 
0.730229 0.0456531 0.0357918 0.136251 0.0140257 0.0266601 0.011389 
0.611135 0.0612266 0.0280652 0.215739 0.0463222 0.0269438 0.0105674 
0.697289 0.0468494 0.0334667 0.160555 0.0287822 0.0223428 0.0107148 
0.724963 0.0307311 0.0311266 0.139511 0.0464621 0.0146737 0.0125324 
0.711357 0.048652 0.0304882 0.123179 0.0591819 0.0129879 0.0141545 
0.735885 0.0312907 0.0215753 0.138212 0.0481938 0.0128655 0.0119776 
0.81545 0.04868 0.0191815 0.0676548 0.0266801 0.00704186 0.0153112 
0.766347 0.0463364 0.0203203 0.124666 0.0207086 0.00902534 0.0125969 
0.649589 0.0681549 0.0174148 0.221232 0.020782 0.0131318 0.00969573 
0.733008 0.068026 0.0211422 0.122188 0.0207979 0.0224946 0.0123436 
0.682894 0.0828303 0.0239366 0.133103 0.0291022 0.0349501 0.0131839 
0.758895 0.0834975 0.0203529 0.0734584 0.0254079 0.0241013 0.0142869 
0.725669 0.121821 0.0199207 0.0460621 0.0367506 0.0307258 0.0190507 
0.743517 0.0995546 0.0195613 0.0543841 0.047299 0.0175095 0.0181747 
0.692168 0.0803172 0.019842 0.146913 0.0368797 0.0132669 0.0106125 
0.786396 0.0608352 0.0214868 0.0968808 0.0140446 0.00933758 0.0110194 
0.725745 0.0643185 0.0243022 0.144483 0.0193386 0.00973205 0.0120808 
0.636542 0.0900308 0.0229208 0.20126 0.0236314 0.0134059 0.0122096 
0.766193 0.0443492 0.0232375 0.130024 0.0170918 0.00863625 0.0104682 
0.742951 0.03527 0.025301 0.165907 0.0112197 0.00908891 0.0102625 
0.798745 0.0351778 0.0257683 0.110712 0.0142193 0.00461241 0.0107654 
0.844293 0.0301607 0.0186836 0.071679 0.0210896 0.00504389 0.00904961 
0.819272 0.028963 0.016895 0.0908742 0.0282324 0.0047437 0.0110201 
0.850789 0.021687 0.0196492 0.0703422 0.0228992 0.00270684 0.0119261 
0.886966 0.0250769 0.0277283 0.0384081 0.00528325 0.00310108 0.0134368 
0.851169 0.0176205 0.0264642 0.0800894 0.0118951 0.00334696 0.00941467 
0.82611 0.0312788 0.0214683 0.0718018 0.030908 0.00353342 0.0148998 
0.816624 0.0257152 0.0188261 0.0726873 0.0495556 0.00430868 0.0122835 
0.840562 0.0272957 0.0202537 0.0609614 0.0322278 0.00405827 0.0146408 
0.810626 0.0409256 0.0186461 0.0720751 0.0390015 0.00490899 0.0138164 
0.842096 0.0385754 0.0214605 0.0543282 0.0242804 0.00508737 0.0141723 
0.849811 0.039959 0.0227457 0.056188 0.0131861 0.00535662 0.0127537 
0.855485 0.0366752 0.0294093 0.0519194 0.00835575 0.00424099 0.0139141 
0.815569 0.0451514 0.0239201 0.0874429 0.0134521 0.00316779 0.0112971 
0.825054 0.0310821 0.0247932 0.0857523 0.0158284 0.00416093 0.0133295 
0.816212 0.0325343 0.0234415 0.0930578 0.0192291 0.0042572 0.0112676 
0.840022 0.0316512 0.0365334 0.065324 0.00586551 0.00414104 0.0164631 
0.808316 0.0510048 0.0216934 0.066837 0.0337657 0.00633833 0.0120443 
0.821082 0.0395636 0.0197031 0.0655395 0.0335811 0.00837721 0.0121534 
0.845747 0.0464086 0.0257244 0.0414176 0.0200026 0.00656775 0.0141319 
0.844975 0.0257608 0.026401 0.0561521 0.0278284 0.00725497 0.0116279 
0.814602 0.0286985 0.0285273 0.0701297 0.0354214 0.0100973 0.0125241 
0.727531 0.0189393 0.0294986 0.156698 0.0467053 0.00764511 0.012983 
0.69408 0.0177133 0.0345256 0.171623 0.0592344 0.00941204 0.0134119 
0.715294 0.0234147 0.0298651 0.148655 0.0580494 0.0101939 0.0145277 
0.798782 0.0186469 0.0365984 0.0863943 0.0350187 0.00931059 0.0152489 
0.811657 0.0247772 0.0508461 0.0412985 0.032521 0.0150012 0.0238988 
0.821719 0.0264532 0.0412992 0.0603308 0.0200734 0.010771 0.0193531 
0.844001 0.0275947 0.0328919 0.0461136 0.0216758 0.0145266 0.0131967 
0.857666 0.0281369 0.0326571 0.0438476 0.0149962 0.00774283 0.0149534 
0.843443 0.0191588 0.0311192 0.0660247 0.0175659 0.00712813 0.01556 
0.847052 0.0279142 0.0350347 0.048785 0.0153071 0.00764607 0.0182613 
0.841608 0.024195 0.0333662 0.0619544 0.013093 0.00742853 0.0183553 
0.842586 0.031521 0.0278681 0.059291 0.0185182 0.00641566 0.0137998 
0.598925 0.175193 0.0142714 0.0138895 0.149577 0.0198864 0.0282576 
0.733222 0.0589424 0.0145753 0.0426545 0.120736 0.0105448 0.0193242 
0.80429 0.0184385 0.0211329 0.0953556 0.0432815 0.0038885 0.0136125 
0.820917 0.0132802 0.030755 0.0969239 0.0196999 0.00387906 0.014545 
0.869076 0.0163241 0.0369857 0.0340354 0.0160438 0.00330295 0.024232 
0.883361 0.0183102 0.0376567 0.0309302 0.0100216 0.00563999 0.0140804 
0.885654 0.0142559 0.0403473 0.0342557 0.00606556 0.00449028 0.0149315 
0.872729 0.0166517 0.0385627 0.0387236 0.00900633 0.0058982 0.0184287 
0.891129 0.0105607 0.04404 0.0181331 0.00610042 0.00591808 0.0241184 
0.875631 0.0186677 0.0333658 0.0379469 0.0105374 0.0079938 0.0158577 
0.867681 0.0184688 0.0350925 0.040486 0.0143438 0.00715483 0.0167731 
0.873478 0.0137321 0.0395656 0.0179774 0.0117722 0.00628553 0.037189 
0.876469 0.0144478 0.0469849 0.0225386 0.00740772 0.0104922 0.0216595 
0.873543 0.0140898 0.0419859 0.0298076 0.0121453 0.0072233 0.0212047 
0.868806 0.013684 0.0443697 0.0283909 0.0113207 0.0104585 0.02297 
0.798687 0.0172558 0.0281565 0.1105 0.0258094 0.0093034 0.0102876 
0.839832 0.0138617 0.0376085 0.0658541 0.0191197 0.00924488 0.0144793 
0.873265 0.0119323 0.052706 0.0314265 0.00448414 0.00679942 0.0193867 
0.871618 0.0167005 0.0399443 0.0379797 0.0084645 0.00761518 0.0176782 
0.845021 0.0173191 0.0311207 0.0644396 0.0130027 0.00782051 0.0212765 
0.86353 0.0144387 0.0494642 0.0413862 0.00311741 0.00540779 0.0226555 
0.88038 0.0248695 0.0343852 0.0247175 0.00888472 0.00571915 0.0210442 
0.872907 0.0139935 0.0462642 0.032985 0.00566428 0.00418029 0.0240058 
0.856233 0.0238537 0.0394145 0.0419942 0.0106621 0.00792068 0.0199219 
0.861962 0.0213328 0.0417296 0.0474909 0.00642562 0.004693 0.0163658 
0.815797 0.0258604 0.0347422 0.0995296 0.00620762 0.00620091 0.0116625 
0.828689 0.018232 0.0321104 0.0794046 0.019254 0.00628982 0.0160206 
0.852934 0.0175923 0.0290833 0.05849 0.0206473 0.00622728 0.0150253 
0.84549 0.0161036 0.0351962 0.0672953 0.0152762 0.00612586 0.0145127 
0.867739 0.0220931 0.0371419 0.0392725 0.0117121 0.00685766 0.0151833 
0.845769 0.0195932 0.0503482 0.0486093 0.00852814 0.00813134 0.019021 
0.854255 0.0171102 0.0490763 0.0483937 0.00783861 0.00567804 0.017648 
0.824023 0.0156851 0.0348225 0.0920439 0.0177605 0.00527188 0.0103925 
0.83518 0.0174535 0.0530184 0.0625829 0.0100374 0.00640806 0.0153194 
0.840498 0.0223058 0.0477522 0.0355918 0.0259583 0.00984144 0.0180526 
0.823022 0.0142316 0.0616429 0.0427232 0.0127312 0.0184702 0.0271793 
0.837604 0.0180648 0.0578106 0.0429166 0.0169806 0.0087147 0.0179091 
0.814684 0.0154839 0.0547963 0.0593468 0.0193048 0.0170523 0.0193324 
0.850518 0.0140914 0.0491693 0.0460328 0.0194839 0.00845958 0.0122446 
0.808451 0.0160345 0.0498047 0.0731512 0.0265847 0.0101684 0.0158056 
0.782866 0.0116656 0.0541812 0.100419 0.0232818 0.0119935 0.0155931 
0.790988 0.0143211 0.0588402 0.0924069 0.021858 0.0078646 0.0137211 
0.77633 0.0135675 0.0496675 0.0882427 0.0392561 0.0160904 0.0168456 
0.81789 0.0152497 0.0770634 0.0405206 0.0104184 0.0175328 0.0213249 
0.845335 0.0140962 0.0742452 0.0177168 0.0117848 0.0137784 0.0230436 
0.855807 0.0115132 0.0726522 0.0133227 0.00688131 0.0154571 0.0243663 
0.847033 0.0137795 0.0724896 0.020394 0.00776739 0.0123341 0.0262023 
0.862732 0.0126723 0.0674186 0.01852 0.0054287 0.0111532 0.0220749 
0.870273 0.0134339 0.0538341 0.0273026 0.00706267 0.00785471 0.0202391 
0.868859 0.0113392 0.0579098 0.0189411 0.00860522 0.00748829 0.0268575 
0.865944 0.00915374 0.0626058 0.0196819 0.00434385 0.0102538 0.0280165 
0.856511 0.00945908 0.0566317 0.0379792 0.00389673 0.00760442 0.0279175 
0.876686 0.0109976 0.0493571 0.0239302 0.00853816 0.00582565 0.0246658 
0.863958 0.0103181 0.0563121 0.0371198 0.00283035 0.0054273 0.0240341 
0.861591 0.0137221 0.040664 0.0491559 0.00987699 0.00674236 0.0182479 
0.867383 0.0109354 0.0447158 0.0390199 0.00723577 0.00807634 0.0226339 
0.829679 0.0149102 0.0428599 0.0819056 0.00793272 0.00711724 0.0155957 
0.790549 0.0120988 0.04399 0.111884 0.00987919 0.00912325 0.0224762 
0.857482 0.0126504 0.0464048 0.0450453 0.00606309 0.0101657 0.0221882 
0.880269 0.013545 0.0387032 0.0273755 0.0117059 0.00989215 0.0185087 
0.867619 0.0114123 0.0514908 0.0259457 0.00569301 0.00861407 0.0292248 
0.878664 0.0116494 0.0520952 0.0268989 0.00288444 0.00586167 0.0219464 
0.862927 0.00964729 0.0592096 0.0211553 0.00216927 0.00724628 0.0376451 
0.859668 0.0102367 0.0626146 0.0384154 0.00186954 0.00581065 0.021385 
0.86829 0.0149821 0.0421513 0.039343 0.0114392 0.00592898 0.0178658 
0.847297 0.0115039 0.0525873 0.0468479 0.0122269 0.00990626 0.0196305 
0.868279 0.0161999 0.0458929 0.0336454 0.0103631 0.00690927 0.0187101 
0.807477 0.0151629 0.0464364 0.0605926 0.0327634 0.0135811 0.0239867 
0.845393 0.019095 0.0483557 0.0468421 0.0134921 0.0111189 0.015703 
0.824424 0.0168369 0.0414445 0.0606014 0.0278863 0.0110356 0.0177707 
0.835464 0.0106702 0.0467514 0.0558509 0.0137405 0.0120156 0.0255073 
0.816244 0.00934019 0.0571318 0.0742152 0.00733465 0.0101258 0.0256084 
0.824443 0.0101721 0.0450501 0.0858224 0.00701796 0.00671767 0.0207763 
0.846677 0.012893 0.0342311 0.0680951 0.00680851 0.00709715 0.0241985 
0.827943 0.0170347 0.0338072 0.0812835 0.00971329 0.00880325 0.021415 
0.813522 0.0200725 0.0357978 0.0971621 0.00874823 0.00772123 0.0169757 
0.838134 0.0131773 0.043645 0.0721089 0.00405751 0.00640927 0.022468 
0.803584 0.0123751 0.030444 0.115758 0.0141719 0.0079318 0.0157353 
0.697492 0.0251239 0.0210021 0.0818702 0.13085 0.0127007 0.0309601 
0.729043 0.0377248 0.0140203 0.0656417 0.12597 0.00823567 0.0193639 
0.793773 0.0180101 0.0261661 0.135478 0.0103759 0.00524332 0.0109537 
0.857686 0.0198633 0.0236864 0.0751477 0.0119463 0.00295832 0.00871253 
0.814884 0.0128585 0.0396561 0.106908 0.00884931 0.00228876 0.0145547 
0.810623 0.0114828 0.0501637 0.0977375 0.00571511 0.0022689 0.0220091 
0.87164 0.0112758 0.054824 0.0347046 0.00271571 0.00262542 0.0222146 
0.854038 0.0154743 0.0528963 0.0536248 0.00326944 0.0021249 0.0185723 
0.878052 0.0125856 0.0510457 0.0338087 0.00232887 0.00245785 0.0197215 
0.844768 0.0116603 0.0534245 0.0657291 0.00352227 0.00270647 0.0181894 
0.772685 0.0111112 0.0641277 0.123756 0.00253472 0.00226508 0.0235202 
0.741153 0.00917555 0.0499667 0.169736 0.00823647 0.00211405 0.0196179 
0.815679 0.00725049 0.0369336 0.107772 0.0151947 0.00247478 0.0146952 
0.771649 0.0105079 0.0218452 0.162646 0.0214865 0.00297575 0.00888994 
0.796491 0.00655774 0.0334158 0.11646 0.0228895 0.00310928 0.0210763 
0.703428 0.00875679 0.0310933 0.217865 0.0198848 0.00281504 0.0161569 
0.776419 0.0101859 0.0486248 0.127829 0.0111853 0.0040263 0.0217306 
0.824651 0.0136244 0.0500546 0.0665071 0.00669174 0.00432012 0.0341506 
0.72253 0.0113081 0.049616 0.19127 0.00448958 0.00281598 0.0179704 
0.81865 0.0147776 0.0442354 0.0882342 0.00935696 0.00386912 0.0208769 
0.744115 0.00802097 0.0587001 0.14096 0.0122184 0.00250143 0.0334838 
0.800379 0.00665485 0.0497763 0.107584 0.0109703 0.00272798 0.0219073 
0.878522 0.00954607 0.0439158 0.0322201 0.00840457 0.00316423 0.024227 
0.868695 0.0125096 0.0403578 0.0471117 0.00617392 0.0038275 0.0213241 
0.84194 0.011921 0.0608019 0.0479538 0.00208357 0.00344229 0.0318572 
0.83374 0.0115393 0.0527755 0.0696006 0.00521274 0.0032201 0.0239122 
0.831255 0.010354 0.040604 0.0832468 0.0128191 0.00316829 0.0185529 
0.849142 0.010835 0.0502481 0.057098 0.0048206 0.00194498 0.0259109 
0.866971 0.0128192 0.0511443 0.031764 0.00563834 0.00147065 0.0301929 
0.871251 0.0117826 0.0457302 0.034996 0.00551483 0.00234961 0.0283759 
0.870709 0.0135142 0.0456085 0.0327946 0.00717285 0.00385466 0.026346 
0.846954 0.013369 0.0472778 0.0613373 0.00940267 0.00284479 0.0188149 
0.830388 0.0142281 0.0326626 0.0725115 0.0334902 0.0034212 0.013298 
0.734392 0.0147664 0.0615681 0.0682291 0.091677 0.00900128 0.0203661 
0.717744 0.0105623 0.136219 0.0431323 0.0359872 0.024263 0.0320925 
0.718822 0.0085551 0.141937 0.0467968 0.0233546 0.023019 0.0375159 
0.496829 0.00996936 0.26986 0.0396632 0.0318613 0.0959976 0.0558195 
0.733337 0.00777665 0.149755 0.019565 0.00863344 0.0339882 0.0469452 
0.792671 0.0097852 0.100052 0.0228365 0.021011 0.0192919 0.034352 
0.787597 0.0113362 0.0664326 0.0618747 0.0372154 0.00948245 0.0260612 
0.751253 0.011918 0.0741153 0.100863 0.0194312 0.0140467 0.0283734 
0.818355 0.0133383 0.0784303 0.0430559 0.0112166 0.00837401 0.0272299 
0.79567 0.00717118 0.0933839 0.0635318 0.00910255 0.00668367 0.0244565 
0.81858 0.0085934 0.0952971 0.0348134 0.00463112 0.00872557 0.0293595 
0.754909 0.00925442 0.0940641 0.0876925 0.0112791 0.0159117 0.0268888 
0.834212 0.0124177 0.0772508 0.025702 0.0141947 0.0123341 0.0238885 
0.825686 0.0129305 0.0692246 0.0475739 0.0149026 0.0106874 0.0189953 
0.833481 0.00970281 0.0721931 0.0314148 0.0142474 0.00943851 0.0295225 
0.820239 0.0117474 0.0732235 0.0586834 0.00680115 0.00583958 0.0234657 
0.829012 0.0116843 0.0740445 0.036966 0.00627911 0.00770744 0.0343069 
0.851948 0.0115364 0.0632235 0.0397623 0.00659907 0.00656776 0.0203632 
0.862217 0.0146155 0.0539037 0.0306321 0.0108155 0.00547294 0.0223435 
0.83718 0.01542 0.0457787 0.0652557 0.0122867 0.00420237 0.0198764 
0.841203 0.0123434 0.0440323 0.057058 0.0192851 0.00441186 0.0216667 
0.854379 0.0140066 0.0413324 0.0602299 0.0150002 0.00435992 0.0106919 
0.838622 0.0124651 0.0455328 0.0703227 0.0129804 0.00446128 0.0156156 
0.807636 0.0154141 0.0449296 0.0935975 0.0176157 0.00428378 0.0165236 
0.801252 0.0107068 0.0403019 0.105233 0.024469 0.00351547 0.0145227 
0.808054 0.0108624 0.03135 0.0646708 0.0580327 0.00254911 0.0244806 
0.860332 0.0102263 0.0519196 0.037002 0.0123332 0.00259668 0.02559 
0.82053 0.011411 0.0430298 0.1028 0.0083934 0.00163809 0.012198 
0.798574 0.00905811 0.0510426 0.104536 0.0148351 0.00334094 0.0186129 
0.649802 0.00914778 0.185075 0.020521 0.0257044 0.0535288 0.0562206 
0.726181 0.00805257 0.136184 0.0319767 0.0222243 0.0320657 0.0433157 
0.512446 0.00896133 0.23108 0.0163806 0.0081469 0.170237 0.0527488 
0.618215 0.00978708 0.188499 0.0300469 0.0244823 0.0841218 0.0448481 
0.663985 0.00856474 0.179084 0.0225707 0.0209613 0.0548457 0.0499887 
0.679458 0.0110115 0.15984 0.0310432 0.0232391 0.0476644 0.0477443 
0.730766 0.0118047 0.131031 0.027745 0.0260212 0.0343636 0.038268 
0.722601 0.0121025 0.151535 0.0141918 0.0110363 0.0436883 0.0448446 
0.758111 0.0112001 0.129655 0.03586 0.00581997 0.0308179 0.0285365 
0.763467 0.0130912 0.141112 0.0140947 0.00630559 0.0285719 0.0333576 
0.749895 0.00755952 0.134419 0.0181771 0.00562674 0.0354778 0.0488445 
0.784002 0.0130871 0.0895148 0.0429047 0.0142328 0.030028 0.0262307 
0.777055 0.0087865 0.095368 0.0459292 0.00832209 0.03567 0.0288693 
0.769461 0.00849503 0.0832329 0.0742424 0.0146177 0.0251721 0.0247792 
0.652602 0.010191 0.106989 0.120736 0.0256836 0.0415221 0.0422757 
0.655423 0.00741988 0.118937 0.120982 0.0178602 0.0296339 0.0497435 
0.692528 0.00666151 0.126223 0.118536 0.0062182 0.018539 0.0312939 
0.666238 0.0102731 0.0950964 0.15028 0.0171622 0.0327409 0.0282091 
0.70853 0.00975901 0.0949498 0.124164 0.0138749 0.0243049 0.0244176 
0.740794 0.0102444 0.07956 0.113385 0.0113231 0.026462 0.0182317 
0.736732 0.0096431 0.0903744 0.0862448 0.0181687 0.0327577 0.0260795 
0.65277 0.0110951 0.0779758 0.17028 0.0288867 0.0342115 0.0247805 
0.788872 0.0116433 0.0596353 0.080512 0.017022 0.0160636 0.0262516 
0.80973 0.0106048 0.0860398 0.053676 0.00741317 0.0101382 0.0223975 
0.755295 0.00933183 0.0747268 0.111063 0.00735346 0.0142769 0.027953 
0.770665 0.00977307 0.0672488 0.116925 0.00751548 0.00848527 0.0193874 
0.821913 0.00971423 0.0600468 0.0655 0.01038 0.0131213 0.0193246 
0.784704 0.00778431 0.0695105 0.0957075 0.00882057 0.0097472 0.0237264 
0.806216 0.00919062 0.0769704 0.0722686 0.00499362 0.0068429 0.023518 
0.783915 0.0103647 0.0671031 0.0947498 0.00973349 0.00702693 0.0271064 
0.860168 0.0115607 0.0505473 0.0494539 0.00620269 0.00482453 0.0172431 
0.600272 0.0265385 0.069729 0.269073 0.00528497 0.0211233 0.00797921 
0.746037 0.0152947 0.100299 0.111658 0.00575139 0.00957187 0.0113879 
0.605664 0.0165451 0.0617156 0.283289 0.0147414 0.00866951 0.00937487 
0.575685 0.0136345 0.075092 0.314047 0.00554435 0.00744657 0.00855033 
0.0589948 0.0184828 0.0875108 0.703984 0.0061958 0.0858646 0.0389668 
0.109957 0.020149 0.351899 0.326912 0.0069256 0.110467 0.07369 
0.0878186 0.0236601 0.278148 0.447109 0.00674639 0.0964479 0.06007 
0.138193 0.0234225 0.415669 0.31916 0.00755494 0.032231 0.0637699 
0.139283 0.027813 0.408841 0.270399 0.00819 0.0632923 0.0821821 
0.207283 0.0292868 0.40412 0.232823 0.011142 0.0462011 0.0691444 
0.141999 0.0329457 0.49468 0.250416 0.00769214 0.036202 0.0360644 
0.158676 0.0272459 0.527451 0.219786 0.00937986 0.0253673 0.0320944 
0.0796738 0.0187747 0.270518 0.579415 0.00339792 0.0296326 0.0185883 
0.0640741 0.0171906 0.186464 0.679447 0.0022103 0.0235415 0.0270719 
0.0623133 0.023007 0.244681 0.627134 0.00203293 0.0222629 0.0185687 
0.0618614 0.0377593 0.119742 0.685727 0.00397931 0.0674373 0.0234939 
0.0690289 0.0128855 0.157881 0.736303 0.00204728 0.00943591 0.0124182 
0.0692571 0.0146245 0.158891 0.713957 0.00244776 0.0233004 0.0175224 
0.14331 0.0323434 0.331263 0.355627 0.00831879 0.0887077 0.0404306 
0.034413 0.0124762 0.0612201 0.851481 0.0015547 0.0278915 0.0109633 
0.103845 0.0343808 0.275435 0.28811 0.0102391 0.24716 0.0408302 
0.105393 0.0342487 0.140043 0.478532 0.0125121 0.194792 0.0344797 
0.11602 0.040619 0.218078 0.27821 0.0153582 0.284217 0.0474977 
0.112864 0.036964 0.288476 0.274599 0.0111396 0.227754 0.0482039 
0.115948 0.0367775 0.2515 0.26972 0.0130683 0.262104 0.0508821 
0.0981875 0.0352861 0.223365 0.310887 0.0118671 0.271284 0.0491234 
0.121137 0.0302403 0.26205 0.251958 0.0106621 0.250564 0.0733891 
0.124102 0.0347985 0.17224 0.334157 0.0148122 0.255682 0.0642076 
0.172094 0.021327 0.291934 0.318952 0.0114102 0.114878 0.0694047 
0.314301 0.0176564 0.26388 0.346906 0.00501174 0.0312598 0.0209848 
0.292187 0.0254856 0.265062 0.28479 0.00950276 0.0920021 0.03097 
0.678021 0.0299737 0.0602832 0.101316 0.0874156 0.0327027 0.010288 
0.622061 0.0289203 0.0563497 0.0780735 0.169289 0.0344417 0.0108641 
0.788468 0.0406063 0.0344606 0.0337872 0.0749694 0.0159416 0.0117672 
0.726995 0.0163733 0.0367082 0.122394 0.0499438 0.0327984 0.0147875 
0.773182 0.0325616 0.0293879 0.0851495 0.0482085 0.0185086 0.0130021 
0.707673 0.0947188 0.0208923 0.0534499 0.0879846 0.0187757 0.0165057 
0.55875 0.0933504 0.0476079 0.0178057 0.0370439 0.229945 0.0154975 
0.679715 0.0638698 0.0538933 0.020654 0.0620933 0.0935553 0.0262189 
0.74571 0.04307 0.0500845 0.0428138 0.0346318 0.0552612 0.0284288 
0.729888 0.0273136 0.0724934 0.0401911 0.0120249 0.0776088 0.04048 
0.79585 0.054496 0.0481346 0.0260131 0.024597 0.0283575 0.0225519 
0.821062 0.0354157 0.0553695 0.0270852 0.00682392 0.0320619 0.0221819 
0.792077 0.0438356 0.0408945 0.0269445 0.0275917 0.0444688 0.0241881 
0.733955 0.0326335 0.03184 0.0751615 0.0755526 0.0286288 0.0222286 
0.753492 0.0463266 0.0322637 0.0772076 0.03542 0.0363759 0.0189142 
0.787721 0.0549774 0.0267603 0.0738476 0.0229532 0.0171832 0.0165575 
0.828684 0.0450505 0.0294474 0.0420319 0.0190287 0.0183145 0.0174426 
0.845077 0.0382222 0.0225597 0.0480944 0.011603 0.0199164 0.0145273 
0.825245 0.0345188 0.0262748 0.070968 0.0108557 0.0197487 0.0123892 
0.8304 0.0449335 0.0232275 0.0515548 0.0133924 0.0186097 0.017882 
0.849914 0.0230882 0.0292231 0.0671137 0.00617372 0.00839005 0.0160975 
0.811028 0.0304286 0.0252596 0.0925659 0.0221925 0.00783584 0.0106894 
0.853505 0.0346471 0.0256294 0.0345613 0.0191163 0.0137283 0.0188129 
0.857979 0.0358282 0.028074 0.0378518 0.0106654 0.0125533 0.0170487 
0.817582 0.0348535 0.0260712 0.0625347 0.0270321 0.0138374 0.0180892 
0.835631 0.0175479 0.0414992 0.0595468 0.0108826 0.0120927 0.0228 
0.871209 0.0231833 0.0410789 0.0286607 0.00533058 0.00751516 0.0230225 
0.86494 0.0231101 0.050529 0.0252422 0.00796273 0.00850569 0.0197098 
0.84184 0.0219135 0.042585 0.0508047 0.015798 0.0106614 0.0163971 
0.805098 0.020076 0.0326971 0.0725442 0.0384039 0.0164193 0.0147611 
0.856739 0.0183857 0.0585699 0.0273432 0.00799826 0.0095532 0.0214109 
0.816204 0.012351 0.0528043 0.0628918 0.0305166 0.00865728 0.0165746 
0.824075 0.0165807 0.0498373 0.050603 0.0288326 0.0123304 0.0177415 
0.782762 0.0122527 0.0453781 0.0936012 0.0357242 0.0141171 0.0161649 
0.831202 0.0114186 0.0483712 0.0531353 0.0291273 0.0100792 0.0166665 
0.834543 0.0150996 0.0667996 0.0212779 0.0169376 0.0159909 0.029351 
0.834105 0.0117933 0.0708687 0.031244 0.0165977 0.00969736 0.0256943 
0.832962 0.0113401 0.0791618 0.0322811 0.0080463 0.0112708 0.0249378 
0.821334 0.0129633 0.0541292 0.0538216 0.031361 0.00863237 0.0177589 
0.818152 0.0140135 0.0632409 0.0403828 0.0261219 0.0124785 0.0256099 
0.832377 0.0166215 0.0559645 0.0303783 0.0277738 0.0154828 0.0214019 
0.838056 0.0122178 0.0779351 0.0185218 0.0138097 0.00911451 0.030345 
0.857255 0.0108493 0.0711761 0.024213 0.00833403 0.00868068 0.0194914 
0.819238 0.0116376 0.0703317 0.0448142 0.0162135 0.0135381 0.0242272 
0.81891 0.0126317 0.0636998 0.0515321 0.025286 0.00684435 0.0210962 
0.818801 0.0128073 0.0549979 0.0620905 0.0196283 0.00911288 0.0225622 
0.842618 0.0162588 0.063149 0.0306906 0.0104048 0.0125298 0.0243489 
0.835942 0.0144497 0.0467591 0.052219 0.0223132 0.0104988 0.0178182 
0.804608 0.0114211 0.0677072 0.0471596 0.0264733 0.00815927 0.0344713 
0.79761 0.0154016 0.061112 0.0424873 0.0399998 0.0140446 0.0293449 
0.839221 0.0119744 0.0617038 0.0219641 0.0212616 0.0127005 0.0311743 
0.846503 0.0135687 0.0327479 0.0637381 0.0162644 0.00545352 0.0217247 
0.823243 0.0341316 0.020344 0.0278799 0.0558081 0.00991571 0.0286772 
0.654973 0.115192 0.0271616 0.0191435 0.0468613 0.119657 0.0170113 
0.629063 0.0595495 0.0568122 0.0254299 0.0863226 0.118117 0.0247063 
0.807617 0.0667435 0.0384704 0.0132899 0.0153117 0.0268366 0.0317314 
0.742658 0.0847902 0.0365001 0.0229358 0.0428691 0.0400361 0.0302104 
0.747151 0.0812945 0.0317651 0.027799 0.050934 0.0424856 0.0185711 
0.778765 0.0643945 0.0465941 0.0178169 0.0143833 0.0517709 0.0262758 
0.780266 0.0587954 0.0343442 0.0405335 0.0236234 0.044149 0.0182882 
0.755988 0.0569101 0.0343058 0.0660026 0.0365375 0.035431 0.0148249 
0.795267 0.0451462 0.0371025 0.0358901 0.0410054 0.0251645 0.0204245 
0.759248 0.0461775 0.0292427 0.0633874 0.0548826 0.0279456 0.0191164 
0.778864 0.0316133 0.0279646 0.0556683 0.0555666 0.0317873 0.0185358 
0.809036 0.0279823 0.0432323 0.0420747 0.0204418 0.0277854 0.0294477 
0.798133 0.0451536 0.0282101 0.0658191 0.0270479 0.0177961 0.0178405 
0.77555 0.0670351 0.0307348 0.064308 0.021483 0.0207803 0.0201086 
0.792147 0.0573671 0.0233598 0.0478545 0.0391578 0.0199344 0.0201798 
0.779018 0.0586898 0.0263092 0.0551742 0.0432665 0.0179395 0.0196027 
0.830917 0.0353832 0.0291522 0.060363 0.0180296 0.0111427 0.0150127 
0.850472 0.0393156 0.0314736 0.0318253 0.0208655 0.00654916 0.0194994 
0.797225 0.0359696 0.0256358 0.082321 0.0369537 0.00792176 0.0139729 
0.835513 0.0397588 0.0299829 0.0343585 0.029282 0.0104376 0.0206676 
0.847965 0.0290662 0.0322815 0.0417252 0.0193008 0.0121907 0.0174704 
0.831857 0.0269838 0.0339324 0.0711145 0.0129485 0.0066095 0.0165544 
0.847306 0.0288125 0.0351144 0.034853 0.020705 0.0125065 0.0207024 
0.828663 0.0299383 0.0336893 0.0425137 0.0304161 0.00866194 0.026118 
0.811896 0.0393805 0.0254771 0.0659958 0.0341559 0.00851724 0.0145775 
0.793075 0.0406335 0.0256447 0.0810015 0.0332613 0.0112698 0.0151139 
0.766422 0.0303826 0.0273485 0.10931 0.0389047 0.0114368 0.0161953 
0.74554 0.034668 0.0230017 0.145243 0.0340996 0.00625194 0.0111959 
0.845173 0.0244534 0.0256892 0.0728973 0.0159499 0.00397351 0.0118641 
0.847925 0.0301626 0.0272141 0.0473747 0.0215186 0.00442125 0.0213838 
0.796535 0.05559 0.020273 0.0739432 0.0334727 0.00669693 0.0134887 
0.867171 0.0185881 0.0292598 0.0472149 0.018303 0.00517793 0.0142853 
0.866954 0.0302948 0.0313772 0.0378551 0.0120627 0.00658855 0.0148675 
0.868208 0.0161829 0.0374488 0.0440005 0.00838748 0.00583297 0.0199395 
0.856972 0.0198809 0.0487806 0.0416909 0.00528068 0.00608746 0.0213075 
0.87372 0.0208354 0.0462375 0.0247289 0.00420802 0.00598105 0.024289 
0.877985 0.0253335 0.0453324 0.0208485 0.00264002 0.00569177 0.0221688 
0.86017 0.0236988 0.0535482 0.035471 0.00399523 0.00483859 0.0182778 
0.869597 0.014163 0.0590534 0.0205487 0.00329317 0.00662405 0.0267203 
0.868803 0.0157559 0.0580353 0.025713 0.002763 0.00558885 0.0233414 
0.858653 0.0165976 0.0563917 0.0402884 0.00333203 0.00724264 0.017495 
0.865895 0.0148565 0.0408851 0.0375425 0.0155825 0.00677579 0.0184627 
0.858836 0.0227512 0.0455949 0.0230469 0.0200623 0.00784073 0.0218683 
0.8581 0.0144048 0.0545337 0.0371458 0.00820279 0.00716584 0.0204466 
0.85363 0.0154478 0.0431753 0.0467945 0.00861684 0.0100415 0.0222944 
0.862922 0.018042 0.0446543 0.0508994 0.00532929 0.00479763 0.0133552 
0.858102 0.0187305 0.0409597 0.0511349 0.00271689 0.00719488 0.0211614 
0.818519 0.058468 0.0260019 0.0166259 0.0318002 0.0182906 0.0302942 
0.725192 0.102236 0.0177851 0.0234688 0.0696931 0.0313339 0.0302908 
0.834614 0.0185531 0.0435702 0.062718 0.00196184 0.00432897 0.034254 
0.854408 0.0227847 0.0308085 0.0684491 0.00566255 0.00350129 0.0143858 
0.791353 0.015491 0.0282565 0.138659 0.00789406 0.0030639 0.0152828 
0.809756 0.0130048 0.0257523 0.122152 0.0132138 0.0020889 0.0140324 
0.834584 0.0184361 0.0212266 0.0945284 0.0170196 0.0024769 0.0117281 
0.847767 0.0118772 0.0251765 0.0786386 0.0127003 0.00449015 0.0193502 
0.776907 0.0135514 0.023685 0.153996 0.0109204 0.00308527 0.017855 
0.81372 0.0194741 0.0213937 0.118777 0.0144254 0.00191832 0.0102923 
0.805583 0.0195056 0.019912 0.116111 0.0194055 0.0017516 0.0177319 
0.80622 0.0177958 0.018513 0.12561 0.0194924 0.00192071 0.0104486 
0.809113 0.014682 0.0209277 0.108907 0.0267554 0.00288868 0.0167256 
0.811776 0.026339 0.0156556 0.103404 0.0263533 0.00354247 0.0129291 
0.807404 0.0203425 0.0180797 0.119961 0.0224479 0.00269798 0.00906669 
0.834146 0.0227205 0.0179998 0.0951211 0.0158704 0.00203678 0.0121056 
0.853402 0.0290497 0.0219835 0.0702232 0.0120212 0.00145705 0.0118635 
0.859194 0.0237356 0.0211277 0.0692866 0.0107873 0.00249901 0.0133701 
0.84372 0.0185148 0.0263036 0.0837278 0.00987885 0.00143147 0.0164238 
0.89607 0.0206738 0.0217224 0.0303133 0.0084914 0.00254202 0.0201867 
0.830276 0.0238743 0.0148124 0.0856212 0.0312137 0.00273004 0.0114724 
0.812818 0.0158277 0.0176417 0.126565 0.0146577 0.00201874 0.0104707 
0.851711 0.0163049 0.0206005 0.0759456 0.0189798 0.00156919 0.0148887 
0.808726 0.0228812 0.0164082 0.120773 0.017701 0.0018752 0.011636 
0.786082 0.0116354 0.0153128 0.139359 0.0291895 0.00203805 0.016384 
0.814912 0.0125342 0.0196738 0.11492 0.0151932 0.00196255 0.0208042 
0.820097 0.0204166 0.017359 0.105236 0.0171312 0.00425915 0.0155006 
0.89023 0.015745 0.0182854 0.0457197 0.0171244 0.00201809 0.0108777 
0.808268 0.0195278 0.0145472 0.122121 0.0252782 0.00318578 0.00707254 
0.865276 0.0122097 0.0275069 0.0532987 0.0188043 0.00234944 0.0205549 
0.843923 0.0184956 0.0244522 0.0808261 0.0139525 0.00217758 0.016173 
0.805038 0.0242493 0.0192013 0.120151 0.0146027 0.00200496 0.0147525 
0.850994 0.0216469 0.0259102 0.0738955 0.00826316 0.00220212 0.0170885 
0.770183 0.0235115 0.0184624 0.157371 0.0174491 0.00187737 0.0111462 
0.608815 0.0909765 0.00770297 0.052585 0.212095 0.00872834 0.0190969 
0.897478 0.0179395 0.0393448 0.0116249 0.00599987 0.00222648 0.0253863 
0.889232 0.0121284 0.0513369 0.00377285 6.09162E-4 0.00668428 0.036237 
0.839994 0.00764934 0.115208 0.00139691 3.24861E-4 0.00184388 0.0335832 
0.868956 0.0103431 0.0516579 0.00388428 0.00124027 0.00677052 0.057148 
0.892105 0.00967743 0.0474219 0.00924401 0.00187873 0.00921927 0.030454 
0.885783 0.0176372 0.0485385 0.00708348 0.00147401 0.00616431 0.0333194 
0.846421 0.0299293 0.0472126 0.0247625 0.00436442 0.00904666 0.0382631 
0.609485 0.206042 0.0284241 0.010937 0.0222268 0.0710419 0.051843 
0.491463 0.287332 0.0114694 0.0307864 0.116774 0.0408237 0.0213514 
0.780544 0.0692263 0.016888 0.0398443 0.0546812 0.00943217 0.0293843 
0.879229 0.0181983 0.0209601 0.0586548 0.00857634 0.00284203 0.0115391 
0.809535 0.0133853 0.0200092 0.112864 0.019881 0.00286242 0.0214637 
0.73053 0.0209109 0.0223988 0.201907 0.0112561 0.00131959 0.0116772 
0.658896 0.0113314 0.0271633 0.271038 0.0132071 0.0010569 0.0173067 
0.823758 0.0233128 0.0241984 0.0974421 0.00980991 0.00157669 0.019902 
0.763547 0.0210172 0.0228774 0.164652 0.0116232 0.00161932 0.0146641 
0.855866 0.0185768 0.034791 0.0633046 0.006343 0.00136725 0.0197512 
0.836541 0.0222028 0.0308698 0.0732369 0.010784 8.64402E-4 0.0255015 
0.816261 0.0219855 0.0187434 0.103618 0.0225736 0.001746 0.0150722 
0.796095 0.0248493 0.0199678 0.130063 0.0145037 0.00156755 0.0129536 
0.843283 0.016961 0.027442 0.0836789 0.0104815 0.00100426 0.0171491 
0.716225 0.0102498 0.0674173 0.176943 0.00259223 0.00133279 0.0252407 
0.852676 0.0223287 0.036448 0.0659462 0.00452959 0.00119414 0.0168775 
0.885066 0.0159337 0.0239445 0.0520172 0.00769173 0.00247896 0.0128676 
0.867465 0.015035 0.0296855 0.0513618 0.0120021 0.00287151 0.0215787 
0.887843 0.0118955 0.0299399 0.0446258 0.00559013 0.00343801 0.0166678 
0.858691 0.00998417 0.0403399 0.0689856 0.00519785 0.0019246 0.0148769 
0.860595 0.0144647 0.0334432 0.0548029 0.00932691 0.00210511 0.0252619 
0.748057 0.014279 0.0167329 0.191049 0.0183818 0.00286565 0.00863489 
0.8629 0.00987048 0.0254242 0.0698742 0.0130286 0.00285333 0.0160496 
0.868725 0.0215037 0.0193266 0.0563989 0.0184397 0.00248203 0.013124 
0.842448 0.0129136 0.0236256 0.0868335 0.0187852 0.00209644 0.0132973 
0.832373 0.0107225 0.0283318 0.102041 0.0101423 0.00141246 0.014977 
0.832118 0.0114588 0.0232058 0.100845 0.0166226 0.00212803 0.0136215 
0.828363 0.0170907 0.0220465 0.106231 0.0115094 0.00174627 0.013013 
0.841186 0.0172566 0.0217873 0.0926568 0.0130858 0.00163425 0.0123929 
0.853489 0.0134066 0.0298997 0.0650543 0.0127691 0.00220447 0.0231767 
0.826705 0.0138866 0.0335689 0.0982879 0.00652892 0.00190333 0.0191189 
0.852409 0.0122015 0.0311918 0.0765087 0.0104007 0.00166509 0.0156228 
0.863571 0.0138607 0.0349841 0.0655681 0.00796952 0.00130427 0.0127423 
0.843166 0.0112216 0.022642 0.0899924 0.0173668 0.00241528 0.0131964 
0.82322 0.0203308 0.0157953 0.0773381 0.0467571 0.0029539 0.0136048 
0.874634 0.0135843 0.0229487 0.0539616 0.0168951 0.00310948 0.014867 
0.844696 0.0153351 0.0240076 0.0837967 0.0147635 0.0025109 0.0148899 
0.871998 0.0231676 0.0352034 0.0344858 0.00593221 0.00211111 0.0271015 
0.808747 0.0177151 0.0346183 0.101872 0.00602404 0.00221327 0.0288098 
0.837348 0.0180611 0.0403464 0.0709756 0.00261956 0.00226247 0.0283873 
0.830878 0.0186169 0.039441 0.0833269 0.00356149 0.00133845 0.0228372 
0.843446 0.0171361 0.0300446 0.0730361 0.00584176 0.00231306 0.0281822 
0.860093 0.0248399 0.0287662 0.0542681 0.00791812 0.0027427 0.0213719 
0.713971 0.0149848 0.0167239 0.223911 0.0206393 0.0015411 0.00822892 
0.659382 0.0174596 0.0111586 0.212171 0.0857473 0.00336356 0.0107173 
0.81988 0.0223087 0.0177766 0.104905 0.0213783 0.0029967 0.0107544 
0.498702 0.0697493 0.00868066 0.190526 0.210291 0.00817301 0.0138776 
0.746213 0.0872987 0.0145023 0.0453536 0.0720691 0.010117 0.0244459 
0.793836 0.0656015 0.0249063 0.0636527 0.0175804 0.00681509 0.0276085 
0.820653 0.0161412 0.0329551 0.0869516 0.0214671 0.00461953 0.0172126 
0.769587 0.0114435 0.0509843 0.122104 0.0266334 0.0046124 0.0146351 
0.752012 0.00481325 0.128628 0.00425458 0.0033414 0.00341365 0.103538 
0.792144 0.00509221 0.110332 0.0121589 0.0044026 0.00262349 0.0732472 
0.67677 0.0048678 0.124013 0.00606044 0.00235277 0.00351166 0.182424 
0.651496 0.00425429 0.14435 0.00665464 0.00266163 0.00305331 0.18753 
0.773063 0.00481473 0.117997 0.00608338 0.00318933 0.00376098 0.0910913 
0.540017 0.00553825 0.14079 0.00531996 0.0041591 0.00822908 0.295947 
0.717065 0.00521122 0.123621 0.00753359 0.00665529 0.00348811 0.136426 
0.643163 0.00555056 0.125288 0.00713708 0.00447911 0.00446316 0.209919 
0.744787 0.00509147 0.107607 0.00485916 0.00325785 0.0031401 0.131257 
0.690014 0.00661397 0.102098 0.00379114 0.00411231 0.00368261 0.189687 
0.499728 0.00716457 0.115315 0.00265445 0.00164947 0.00296248 0.370526 
0.734839 0.00752929 0.0920853 0.00448123 0.00156403 0.00255401 0.156947 
0.804476 0.00613142 0.0903416 0.00889032 0.00284642 0.00272235 0.0845921 
0.858384 0.00978363 0.0629869 0.00793867 0.00406743 0.00332871 0.0535108 
0.820122 0.00898812 0.0791847 0.00532884 0.00265814 0.00318734 0.0805305 
0.816668 0.00837855 0.0762878 0.0066559 0.00234961 0.00399373 0.0856667 
0.806219 0.0075726 0.0857698 0.00532879 0.00202734 0.00258683 0.0904952 
0.792199 0.00694321 0.088756 0.00546943 0.00182018 0.00241336 0.102399 
0.848792 0.00785648 0.0744037 0.00402744 0.00194048 0.00238492 0.0605955 
0.785832 0.023929 0.072938 0.00272944 0.0102526 0.0115756 0.0927431 
0.741454 0.0137438 0.0927623 0.00298565 0.00952436 0.0123637 0.127167 
0.735189 0.0116074 0.0991945 0.00415174 0.0104777 0.00681783 0.132562 
0.64937 0.00643499 0.10772 0.00424288 0.00531593 0.00433888 0.222577 
0.687334 0.00664635 0.0982677 0.0131561 0.00701151 0.00361094 0.183973 
0.715265 0.00501006 0.110897 0.00516755 0.00320716 0.00292393 0.15753 
0.808912 0.00646388 0.0982973 0.00785298 0.0038868 0.00272309 0.0718637 
0.770408 0.00654046 0.113779 0.00751261 0.00211958 0.00243612 0.0972044 
0.706101 0.0123969 0.122511 0.00157798 0.00359498 0.0182987 0.135519 
0.730753 0.0176289 0.138055 0.00254532 0.0102298 0.012339 0.0884486 
0.552941 0.00882463 0.331412 0.00416189 0.00515894 0.019569 0.077933 
0.605127 0.00477 0.290151 0.00389312 0.00178936 0.0127864 0.0814831 
0.609734 0.00398041 0.262119 0.00556244 0.0033007 0.00558588 0.109717 
0.67712 0.00399037 0.253401 0.00236745 0.00245057 0.00458173 0.0560891 
0.662095 0.00388022 0.25229 0.00356392 0.00243511 0.00379627 0.0719394 
0.649958 0.00299785 0.211117 0.0068952 0.001687 0.00435115 0.122994 
0.721872 0.00337717 0.18005 0.0100019 0.00146344 0.00381649 0.079419 
0.803729 0.00389386 0.131387 0.0108133 0.0011905 0.00213632 0.04685 
0.839084 0.00503399 0.0785216 0.0446174 0.0012671 0.0018956 0.0295802 
0.834864 0.00686944 0.0552638 0.0432171 0.00295712 0.00366714 0.0531612 
0.854221 0.00986865 0.0413513 0.0216332 0.00401688 0.00497907 0.0639302 
0.860984 0.00587546 0.0559749 0.0133515 0.00175105 0.00272943 0.0593333 
0.889218 0.00572922 0.0488519 0.0164119 0.00265704 0.00315078 0.0339816 
0.888074 0.00678018 0.0427587 0.0170244 0.00316947 0.00434083 0.0378528 
0.878721 0.00737907 0.0447684 0.0130227 0.0041651 0.0047696 0.0471744 
0.871319 0.00652244 0.0485061 0.018744 0.0031437 0.00529854 0.0464667 
0.879384 0.00996274 0.039907 0.0136425 0.00449042 0.00480206 0.047811 
0.872592 0.00920582 0.0565572 0.00566717 0.00185541 0.00418768 0.0499347 
0.826713 0.00900961 0.0551339 0.0056755 0.00325289 0.00562962 0.0945851 
0.846689 0.00986528 0.0523378 0.00651962 0.0051136 0.00448295 0.074992 
0.82805 0.00872018 0.0655994 0.00423817 0.00185315 0.00326327 0.0882762 
0.843015 0.00754848 0.0682825 0.00435691 0.00132416 0.0034392 0.0720339 
0.771265 0.00640696 0.0865609 0.00366581 0.00139121 0.00295821 0.127752 
0.782104 0.00807895 0.076901 0.00570846 0.00261753 0.003783 0.120807 
0.79377 0.00862669 0.064585 0.00616559 0.00295107 0.00333499 0.120566 
0.805368 0.00843086 0.0666921 0.0103114 0.00502091 0.00317044 0.101006 
0.832374 0.00858481 0.0660187 0.00879177 0.00417792 0.00329056 0.0767618 
0.828778 0.0077034 0.0756645 0.00603865 0.00315566 0.00351253 0.0751476 
0.714737 0.00713665 0.0964816 0.00270959 0.00383556 0.00540673 0.169692 
0.787914 0.00839865 0.0679143 0.00374775 0.00659296 0.00406023 0.121372 
0.772635 0.00782233 0.0819117 0.00359621 0.00687214 0.00490787 0.122255 
0.739626 0.0102032 0.0873212 0.00491087 0.0095883 0.0089083 0.139442 
0.758512 0.0109302 0.100525 0.00892868 0.00750396 0.00826631 0.105334 
0.739418 0.00846216 0.107275 0.00259969 0.00421789 0.00457036 0.133456 
0.724962 0.00635861 0.116706 0.00182788 0.0027835 0.00323486 0.144127 
0.71597 0.00682973 0.115378 0.00163351 0.00185705 0.00430411 0.154028 
0.642634 0.00700994 0.121374 0.00163812 0.00201841 0.00472635 0.2206 
0.646798 0.00601522 0.130205 0.00152517 0.00144401 0.00464048 0.209372 
0.68264 0.00711219 0.115666 0.00204698 0.00255208 0.0041173 0.185865 
0.675777 0.00713029 0.101993 0.00284281 0.00230104 0.00863062 0.201326 
0.76723 0.00691756 0.102345 0.00289114 0.00225179 0.00393736 0.114427 
0.78732 0.00711331 0.0919413 0.00274149 0.00270358 0.00490392 0.103276 
0.728801 0.0066044 0.0985908 0.00196861 0.00196643 0.00737158 0.154697 
0.714437 0.00686593 0.0998062 0.00178269 0.00179344 0.00592646 0.169389 
0.806697 0.00572397 0.101194 0.00356849 0.0019771 0.00449227 0.076347 
0.784998 0.00536867 0.0998469 0.00270195 0.00240027 0.00474348 0.0999412 
0.738293 0.00641051 0.0916207 0.00307763 0.00353673 0.00576599 0.151296 
0.666769 0.00894899 0.0971712 0.00227488 0.00577979 0.00442852 0.214627 
0.653615 0.00683587 0.118004 0.00183632 0.00253819 0.00402491 0.213146 
0.744787 0.00704377 0.108297 0.00244805 0.00309048 0.0048924 0.129442 
0.746793 0.0061989 0.11275 0.0026614 0.00301597 0.00447443 0.124106 
0.760687 0.00546373 0.108575 0.0024006 0.00260567 0.00454811 0.11572 
0.763467 0.00491265 0.118328 0.00538689 0.00196053 0.0042058 0.101738 
0.767462 0.006555 0.0979103 0.00395347 0.0032606 0.00509325 0.115766 
0.76178 0.00618978 0.094352 0.00576529 0.00303947 0.0046004 0.124273 
0.791461 0.00883803 0.0744569 0.00327591 0.00286909 0.007467 0.111633 
0.770429 0.00725478 0.0852054 0.0018893 0.00196059 0.0066452 0.126616 
0.807443 0.00529807 0.0873751 0.00356308 0.00184955 0.00366801 0.0908033 
0.746939 0.00559472 0.107432 0.00256734 0.00193126 0.00329065 0.132246 
0.759415 0.00568159 0.112823 0.0041321 0.001805 0.00328441 0.112859 
0.72168 0.0065326 0.100244 0.00267458 0.00252597 0.00555927 0.160784 
0.758623 0.00412176 0.125938 0.00268856 0.00128917 0.00435845 0.102981 
0.82932 0.00695555 0.0965043 0.00340737 0.00261581 0.00382775 0.0573689 
0.797702 0.00836586 0.106897 0.00266576 0.00323132 0.00280934 0.0783288 
0.760125 0.00676727 0.115356 0.00414857 0.00308273 0.00326451 0.107256 
0.799547 0.00622177 0.0949294 0.00489252 0.00222753 0.00356787 0.0886143 
0.713034 0.00686405 0.105132 0.00243298 0.00304886 0.00407325 0.165414 
0.672788 0.00734515 0.109899 0.00358738 0.00437626 0.00603903 0.195966 
0.718529 0.00777519 0.121635 0.00271624 0.00557032 0.00457311 0.139201 
0.77164 0.00522502 0.115731 0.00579229 0.00288249 0.00391459 0.094814 
0.724005 0.00486876 0.136905 0.00248305 0.00202552 0.00247056 0.127242 
0.731804 0.00514613 0.12427 0.00183201 0.00220914 0.00440099 0.130338 
0.84092 0.006872 0.0889253 0.00489782 0.00313919 0.00306849 0.0521769 
0.818852 0.00892729 0.0813023 0.00711014 0.00520646 0.00527468 0.073327 
0.606737 0.00837361 0.111604 0.00226871 0.00408758 0.00729278 0.259637 
0.783019 0.00758048 0.0832192 0.00235268 0.00267924 0.00332596 0.117823 
