0.360901 0.17748 0.0153817 0.420991 0.0120296 0.00511941 0.00809796 
0.341182 0.134487 0.0167795 0.489245 0.00673716 0.00453616 0.00703393 
0.436308 0.186973 0.017665 0.335387 0.0073068 0.00657268 0.00978832 
0.466729 0.181975 0.0180526 0.306574 0.00790013 0.00870816 0.0100615 
0.275059 0.213001 0.0203325 0.465741 0.00770742 0.00704615 0.0111127 
0.347601 0.158081 0.0172851 0.458461 0.00569824 0.00618756 0.00668591 
0.371844 0.159365 0.0166001 0.431876 0.0076237 0.00467768 0.00801324 
0.390306 0.115042 0.0160334 0.458348 0.00767306 0.00453055 0.00806635 
0.436665 0.106895 0.0180203 0.421472 0.00529165 0.00397456 0.007682 
0.537654 0.111875 0.018295 0.314133 0.00532799 0.00508176 0.00763284 
0.466477 0.125348 0.0210714 0.368021 0.00435432 0.00693551 0.00779313 
0.482973 0.173022 0.0180249 0.30239 0.00701253 0.00676467 0.00981276 
0.450925 0.250901 0.0152296 0.252558 0.0128616 0.00772883 0.00979647 
0.429684 0.124139 0.0128362 0.404952 0.0162304 0.00439313 0.00776488 
0.564331 0.106935 0.0158575 0.289509 0.0115587 0.00424344 0.00756497 
0.481801 0.151899 0.0177555 0.326772 0.00765883 0.00639861 0.00771538 
0.445515 0.188886 0.019194 0.321097 0.00986667 0.00641138 0.00903033 
0.487081 0.195131 0.0148701 0.275546 0.012795 0.00646514 0.00811167 
0.464532 0.271042 0.0137835 0.224758 0.0108992 0.00723523 0.00775024 
0.473202 0.268394 0.0124605 0.215712 0.0143394 0.00788266 0.00800977 
0.398109 0.29679 0.0137796 0.257541 0.0158043 0.00844833 0.00952776 
0.402351 0.269087 0.016227 0.287492 0.00994686 0.00670427 0.00819249 
0.413772 0.176952 0.014142 0.361879 0.0192703 0.00536006 0.00862479 
0.352666 0.150984 0.0107041 0.436136 0.0380712 0.0040219 0.00741722 
0.385612 0.252343 0.0146084 0.321553 0.012865 0.00434374 0.00867422 
0.273699 0.220839 0.015034 0.44797 0.0253373 0.00684751 0.0102729 
0.244064 0.241978 0.0122071 0.457307 0.0294358 0.00595418 0.00905522 
0.294596 0.27521 0.0116423 0.379793 0.0244405 0.00537513 0.00894222 
0.302403 0.192616 0.0126859 0.441097 0.0353528 0.0058381 0.010007 
0.294055 0.327011 0.0125208 0.323455 0.0218817 0.00902934 0.0120459 
0.373177 0.309662 0.0130376 0.27087 0.0155525 0.00804221 0.00965877 
0.360548 0.230365 0.00993378 0.355149 0.0315429 0.0053707 0.00709129 
0.129531 0.0661923 0.00611312 0.759717 0.031928 0.00227914 0.00423953 
0.230245 0.158453 0.00964046 0.568756 0.0219602 0.00448451 0.00646102 
0.289398 0.239015 0.0134304 0.407211 0.0296373 0.00982201 0.0114861 
0.280884 0.293612 0.0133256 0.363944 0.0259319 0.0108438 0.0114587 
0.384201 0.229829 0.0118398 0.325662 0.0288276 0.00864581 0.0109947 
0.487 0.226793 0.0146649 0.242123 0.0119601 0.00716398 0.0102941 
0.382542 0.238331 0.0153032 0.328316 0.015774 0.00873497 0.0109986 
0.470113 0.289774 0.0129355 0.187795 0.0182506 0.00966447 0.0114666 
0.399645 0.379555 0.0110709 0.172699 0.0172306 0.0098587 0.00993988 
0.341573 0.32267 0.0135028 0.280394 0.0210526 0.00888735 0.0119204 
0.26755 0.263348 0.0143347 0.415687 0.0170802 0.00997808 0.0120216 
0.329551 0.154583 0.0143371 0.474713 0.00970185 0.00788296 0.00923193 
0.331208 0.192053 0.0171329 0.433885 0.0081154 0.00798507 0.00962049 
0.273891 0.200835 0.0165641 0.482218 0.010138 0.00730062 0.00905257 
0.2329 0.223099 0.0196099 0.4907 0.0112358 0.00952082 0.0129337 
0.446099 0.24961 0.0124251 0.258363 0.016484 0.00862631 0.00839159 
0.542844 0.261684 0.0119924 0.154891 0.0115399 0.0091924 0.00785741 
0.467077 0.367045 0.0102285 0.124444 0.0127965 0.0112591 0.00715065 
0.52653 0.325498 0.0101545 0.103703 0.0152631 0.0107008 0.00815039 
0.496815 0.244415 0.0122319 0.213623 0.0112524 0.0146014 0.00706121 
0.485148 0.293698 0.0107594 0.184328 0.0105471 0.00860359 0.00691506 
0.51016 0.323385 0.00707902 0.1271 0.0197185 0.00748278 0.0050747 
0.453227 0.324777 0.00801221 0.18424 0.0154963 0.00783083 0.00641598 
0.344437 0.430385 0.00621957 0.186509 0.017894 0.00876025 0.0057964 
0.305493 0.541868 0.00550257 0.120109 0.0108979 0.0111026 0.00502654 
0.219237 0.674152 0.00512236 0.0819899 0.00646526 0.0084756 0.00455774 
0.145396 0.770346 0.00443267 0.0624618 0.00435991 0.0078971 0.00510673 
0.180012 0.675613 0.00625046 0.124431 0.00407269 0.00381939 0.00580183 
0.156019 0.668632 0.00545782 0.152509 0.00662879 0.00383245 0.00692118 
0.180929 0.650359 0.00474173 0.141163 0.0130056 0.00471968 0.00508133 
0.148494 0.675171 0.00475106 0.144669 0.0164314 0.0048181 0.00566579 
0.187198 0.585553 0.00465267 0.182688 0.0289645 0.00428436 0.00665891 
0.232441 0.552307 0.00340755 0.158953 0.0439221 0.00407415 0.00489473 
0.106211 0.806717 0.00170455 0.0626783 0.0156128 0.00378703 0.00328919 
0.123277 0.692888 0.00221136 0.148802 0.0258311 0.00397745 0.00301299 
0.103355 0.799804 0.00148724 0.0621571 0.0248761 0.00537774 0.00294323 
0.109902 0.80244 0.00168823 0.0657753 0.0123044 0.00483164 0.00305833 
0.104946 0.765848 0.0027871 0.109871 0.00907804 0.0039613 0.00350813 
0.130466 0.641113 0.00450522 0.2044 0.0104134 0.00355751 0.00554485 
0.100329 0.745379 0.00311924 0.134135 0.00993668 0.00334721 0.00375407 
0.131964 0.773864 0.00309934 0.0775707 0.00602735 0.00410519 0.00336963 
0.154182 0.73493 0.00219818 0.089361 0.0131953 0.00363855 0.00249586 
0.131475 0.761379 0.00204714 0.0872363 0.0114087 0.00414815 0.00230553 
0.110715 0.743139 0.00209075 0.122402 0.016082 0.00360125 0.00196993 
0.0874012 0.761349 0.00208393 0.127681 0.016346 0.00309324 0.00204598 
0.0951682 0.728939 0.0016751 0.120015 0.0480868 0.00385001 0.0022658 
0.0988772 0.719691 0.0015473 0.124426 0.0494957 0.00418894 0.00177365 
0.115618 0.732532 0.00185923 0.113217 0.0318395 0.00312437 0.00180979 
0.0869934 0.62497 0.00307932 0.189889 0.0871761 0.00449273 0.00339876 
0.0661582 0.798442 0.00132001 0.0983771 0.0310377 0.00208104 0.00258382 
0.0708395 0.793633 0.00118365 0.097598 0.0319228 0.00246208 0.00236069 
0.0705039 0.818083 0.00103758 0.0703913 0.0353863 0.00268965 0.00190792 
0.0675632 0.80008 0.00116134 0.0697064 0.0567623 0.00296657 0.00176047 
0.0581086 0.843164 0.00106206 0.0617203 0.0322325 0.00212342 0.00158882 
0.0531795 0.873888 7.62165E-4 0.0366885 0.0315434 0.0023993 0.00153924 
0.0720676 0.825427 0.0012738 0.0763258 0.0206554 0.00242875 0.00182148 
0.076497 0.877417 9.51609E-4 0.0286382 0.0121225 0.00305703 0.00131697 
0.0932606 0.851138 0.0010918 0.0384828 0.0111327 0.00351363 0.00138053 
0.10409 0.854377 0.0013924 0.0273284 0.00611192 0.00440238 0.00229818 
0.0842943 0.869222 0.00117933 0.0331946 0.00675902 0.00330003 0.00205082 
0.0947533 0.852001 0.00146529 0.0396825 0.00674719 0.00324925 0.00210162 
0.118229 0.826539 0.00150281 0.0373774 0.0102828 0.00344457 0.00262375 
0.137421 0.790053 0.00189081 0.0529787 0.0107644 0.0042829 0.00260935 
0.128749 0.775791 0.00247013 0.0770445 0.00860551 0.00385628 0.00348276 
0.161166 0.745194 0.00325409 0.0757103 0.00640947 0.00453246 0.0037342 
0.149851 0.801249 0.00287574 0.0327388 0.00555279 0.00460688 0.00312518 
0.218661 0.596228 0.00394205 0.15648 0.0169036 0.00386758 0.00391842 
0.341051 0.492631 0.00501785 0.135985 0.0158111 0.00557801 0.0039261 
0.15397 0.753273 0.00210335 0.069878 0.0138586 0.00375635 0.00316044 
0.207273 0.670534 0.00333629 0.0990689 0.0113295 0.00460177 0.00385647 
0.16099 0.745863 0.0024096 0.0710717 0.0115777 0.00447836 0.00360877 
0.215083 0.653207 0.00273717 0.0999049 0.0213352 0.00409013 0.00364243 
0.207275 0.700859 0.00302737 0.0702521 0.0099541 0.00428153 0.0043508 
0.280705 0.621622 0.00497372 0.0780402 0.00611454 0.00445804 0.00408621 
0.304252 0.585324 0.00470562 0.087484 0.00872151 0.004949 0.00456364 
0.285169 0.538463 0.00451307 0.151297 0.0128814 0.00343518 0.00424193 
0.438892 0.386989 0.00763926 0.146229 0.0106327 0.00463962 0.0049786 
0.606048 0.154317 0.0144612 0.205538 0.00832946 0.004727 0.0065783 
0.416604 0.12735 0.0121443 0.418455 0.0129045 0.00492897 0.00761448 
0.523852 0.0998495 0.0150558 0.340579 0.00633889 0.00482464 0.00950036 
0.56203 0.0601406 0.0202285 0.334327 0.0036698 0.00484667 0.0147579 
0.626299 0.0872042 0.01841 0.236278 0.00603142 0.00789723 0.0178808 
0.376141 0.0658719 0.0173888 0.517874 0.00480915 0.00340989 0.0145054 
0.778564 0.0684275 0.0197061 0.0885427 0.00791067 0.00721982 0.0296296 
0.841723 0.030276 0.0319842 0.050747 0.00339522 0.00622286 0.0356515 
0.741771 0.042715 0.0226097 0.167551 0.00499931 0.00674688 0.0136067 
0.73161 0.0414793 0.0254774 0.164364 0.00482905 0.0102745 0.0219661 
0.705234 0.028376 0.0260143 0.201748 0.00676779 0.00817774 0.0236824 
0.68261 0.0352328 0.0211732 0.225615 0.0097668 0.00693326 0.0186685 
0.794519 0.0458311 0.0209589 0.0985864 0.013157 0.0080045 0.0189428 
0.777063 0.0372662 0.0249794 0.125084 0.00635764 0.0075424 0.0217067 
0.766974 0.0391281 0.0286348 0.122551 0.00578922 0.00637205 0.0305507 
0.53069 0.0461252 0.0205674 0.364001 0.0096211 0.00534479 0.0236508 
0.502678 0.032726 0.0187199 0.416842 0.00819634 0.00498491 0.0158523 
0.730268 0.038462 0.0203139 0.171914 0.0114026 0.00641335 0.0212271 
0.631041 0.0611992 0.0159895 0.253445 0.017681 0.00571561 0.0149291 
0.722516 0.0433319 0.0202906 0.159142 0.0200948 0.00591674 0.0287078 
0.78531 0.0456275 0.021103 0.101214 0.0115451 0.00861712 0.0265835 
0.731582 0.0239364 0.0320134 0.163687 0.00643031 0.00410568 0.0382454 
0.811969 0.0242484 0.0303011 0.0735622 0.00671537 0.00375289 0.0494513 
0.830346 0.044093 0.0247626 0.0583776 0.00577056 0.00505453 0.031596 
0.85553 0.0330065 0.0270159 0.0470832 0.00453278 0.00477276 0.0280587 
0.856332 0.0352569 0.0231662 0.0612605 0.00610702 0.0045465 0.0133304 
0.855989 0.0317915 0.0268172 0.0568881 0.00352153 0.00657407 0.0184183 
0.869595 0.0270651 0.0253726 0.0439466 0.00413312 0.00613787 0.0237493 
0.87345 0.0227413 0.0277605 0.0381146 0.00416327 0.00711029 0.0266603 
0.854022 0.0204076 0.0326965 0.0465236 0.00399699 0.00634174 0.0360113 
0.857523 0.0224635 0.0306715 0.0457968 0.00446561 0.00479057 0.0342886 
0.830323 0.0300563 0.0269892 0.0768394 0.00531681 0.00486062 0.0256149 
0.82261 0.0247762 0.0333229 0.063404 0.00404334 0.00673173 0.0451119 
0.841278 0.0278596 0.0296516 0.0479379 0.0055687 0.00768229 0.0400221 
0.831157 0.0347253 0.0262132 0.0622885 0.00916433 0.00689952 0.0295523 
0.818259 0.0307996 0.0279743 0.0609061 0.0070712 0.00770493 0.0472844 
0.78629 0.042638 0.0231596 0.106737 0.00748695 0.00696599 0.0267229 
0.837618 0.028172 0.0312172 0.0534302 0.00413397 0.0052244 0.0402044 
0.847457 0.0255734 0.0341369 0.0273328 0.00492205 0.0042223 0.0563552 
0.858589 0.0343105 0.0302116 0.0304466 0.00671223 0.00529616 0.0344342 
0.858949 0.0290157 0.030548 0.0355479 0.00553375 0.00509337 0.0353126 
0.290047 0.546825 0.00459202 0.119516 0.02752 0.00454062 0.00695996 
0.249444 0.48285 0.00450902 0.193042 0.0585587 0.00445115 0.00714478 
0.228212 0.619181 0.00425129 0.114379 0.0219136 0.00445219 0.00761154 
0.292167 0.523645 0.00603175 0.140542 0.0224968 0.00523189 0.00988575 
0.317454 0.51661 0.00768751 0.136202 0.00944781 0.00470864 0.00788983 
0.303953 0.509695 0.00698797 0.153636 0.0128028 0.00448451 0.00844017 
0.367122 0.465073 0.00649908 0.132212 0.0164491 0.0047353 0.00790912 
0.330008 0.524978 0.00694044 0.111458 0.012398 0.00506914 0.00914847 
0.370688 0.432322 0.00787811 0.164885 0.0112772 0.00497296 0.00797681 
0.394243 0.364669 0.0121793 0.210593 0.00635728 0.00396243 0.00799616 
0.399248 0.344327 0.00917893 0.221147 0.0138553 0.0044373 0.00780686 
0.34474 0.396697 0.00863763 0.225901 0.0114305 0.00422387 0.00837097 
0.47218 0.253604 0.0143026 0.240334 0.00639166 0.00471514 0.00847256 
0.400845 0.412765 0.0112455 0.146975 0.00799091 0.00673124 0.0134469 
0.475958 0.310358 0.013202 0.175224 0.00823726 0.00728044 0.00974021 
0.362559 0.515282 0.00790674 0.0736114 0.0146429 0.0130616 0.0129365 
0.368259 0.507042 0.00816847 0.0835144 0.0136858 0.00831517 0.0110152 
0.404175 0.469854 0.00639861 0.083317 0.0216316 0.00681063 0.00781249 
0.420133 0.410654 0.00710039 0.132333 0.0162001 0.0057565 0.00782378 
0.55945 0.201338 0.0120912 0.20522 0.0108539 0.00474255 0.00630363 
0.543579 0.265705 0.0129479 0.156947 0.00819276 0.0054846 0.00714322 
0.490448 0.163875 0.013377 0.315705 0.00739191 0.00359166 0.00561118 
0.605925 0.200085 0.0148324 0.157026 0.00738175 0.00595457 0.00879429 
0.59084 0.203621 0.0126772 0.170379 0.00954555 0.00687055 0.00606709 
0.624043 0.156771 0.0192211 0.181277 0.00529143 0.00601251 0.00738414 
0.639257 0.207616 0.0151645 0.111987 0.00878589 0.0072885 0.00990068 
0.55445 0.2575 0.0111993 0.14577 0.0124869 0.00919753 0.00939571 
0.543753 0.207575 0.0145925 0.208252 0.00819973 0.00834984 0.00927828 
0.48791 0.301488 0.0100578 0.162259 0.0174644 0.0108472 0.00997346 
0.590524 0.279075 0.0125375 0.0865593 0.0106859 0.0101639 0.0104543 
0.585817 0.278861 0.0157686 0.0951025 0.00577221 0.00885266 0.00982533 
0.597653 0.229253 0.0175907 0.130404 0.00612006 0.00841646 0.0105624 
0.581599 0.265896 0.0106351 0.0986698 0.0198439 0.012071 0.0112855 
0.585933 0.187621 0.0139522 0.18239 0.0110549 0.00778658 0.011262 
0.557502 0.248413 0.0126525 0.14546 0.0132042 0.0100114 0.012756 
0.642144 0.183093 0.0167041 0.125287 0.00799538 0.0118716 0.0129049 
0.565261 0.196658 0.0140529 0.19295 0.00855993 0.0103496 0.0121682 
0.624655 0.182275 0.0181851 0.148763 0.00509126 0.00819071 0.0128408 
0.592868 0.252735 0.0134188 0.109835 0.00886328 0.00927722 0.0130034 
0.630591 0.216178 0.0192696 0.0945462 0.00641423 0.0146113 0.0183898 
0.543384 0.340297 0.0113208 0.069203 0.0111145 0.0109762 0.0137048 
0.650338 0.195517 0.0155296 0.10953 0.00858737 0.00874938 0.0117489 
0.725928 0.136709 0.015857 0.0883148 0.00961123 0.0105921 0.0129874 
0.72934 0.139256 0.0185296 0.0741383 0.00990056 0.0103249 0.0185112 
0.755746 0.0941675 0.0171755 0.0982894 0.00916933 0.0108646 0.0145883 
0.760357 0.09721 0.0146138 0.0917239 0.0124228 0.0100005 0.0136725 
0.76025 0.104321 0.0175951 0.0851219 0.00851301 0.010453 0.0137457 
0.762146 0.110284 0.0193235 0.0722487 0.00809273 0.00931774 0.0185877 
0.706094 0.123975 0.0195365 0.115298 0.00738682 0.0110552 0.0166546 
0.738094 0.128393 0.0240182 0.0638637 0.00565592 0.012851 0.027124 
0.701014 0.148161 0.0246669 0.0892362 0.00420614 0.0121954 0.0205205 
0.674074 0.138369 0.0204009 0.131407 0.00533203 0.0126229 0.0177954 
0.680687 0.127152 0.0182002 0.137432 0.00685527 0.012058 0.0176153 
0.649193 0.120017 0.0201013 0.182213 0.00474692 0.0093056 0.014424 
0.674844 0.14767 0.015101 0.132315 0.0082078 0.0109563 0.0109049 
0.717096 0.154677 0.0194383 0.0741498 0.00464662 0.014764 0.0152284 
0.659245 0.167193 0.0186726 0.121251 0.00486299 0.0158594 0.0129161 
0.558948 0.172052 0.0166255 0.226163 0.00705922 0.00841711 0.0107355 
0.632528 0.165697 0.0165189 0.152786 0.00644396 0.0134789 0.0125466 
0.475499 0.162132 0.0178325 0.315793 0.00510052 0.0133228 0.0103202 
0.59522 0.170081 0.0182512 0.190799 0.00534625 0.0106358 0.00966732 
0.494602 0.168514 0.0188976 0.289234 0.00648373 0.0111865 0.0110821 
0.617452 0.152013 0.019412 0.184871 0.00533297 0.00911309 0.0118054 
0.627059 0.170467 0.0220024 0.152652 0.00394061 0.0118901 0.0119882 
0.627466 0.127428 0.0203016 0.200564 0.00419973 0.0106407 0.00939932 
0.641688 0.113777 0.0190378 0.201567 0.00459217 0.0101142 0.00922364 
0.667529 0.156564 0.0195924 0.122341 0.00497991 0.0148314 0.0141629 
0.680887 0.13046 0.021353 0.141411 0.0043706 0.0101537 0.0113647 
0.637523 0.126674 0.0182582 0.194681 0.00466581 0.00905772 0.00914049 
0.685862 0.109081 0.0206642 0.157713 0.00422214 0.0101764 0.0122816 
0.69682 0.140728 0.020824 0.11143 0.00372238 0.0119825 0.0144924 
0.71068 0.127533 0.0227617 0.110128 0.00357293 0.011177 0.0141476 
0.683335 0.0990675 0.0279589 0.161605 0.00265851 0.00980028 0.0155746 
0.744561 0.0987359 0.0201471 0.107333 0.00495083 0.0113092 0.0129631 
0.742486 0.11454 0.0208584 0.0933856 0.00464226 0.00914088 0.0149473 
0.727334 0.123153 0.023035 0.0936212 0.00432772 0.010255 0.0182744 
0.759582 0.0968731 0.023617 0.0843144 0.0046317 0.0111793 0.0198022 
0.742467 0.10669 0.0259415 0.0938432 0.00388335 0.00962297 0.0175516 
0.748565 0.109604 0.0242062 0.0898798 0.00398658 0.00797806 0.0157803 
0.792695 0.0835417 0.0219045 0.077792 0.00439134 0.00755551 0.0121195 
0.793628 0.0817937 0.0248006 0.0757962 0.00454511 0.00771652 0.0117194 
0.768765 0.0992707 0.0262772 0.0765833 0.00468676 0.007835 0.0165822 
0.729743 0.0853633 0.022405 0.139445 0.00464175 0.00700812 0.0113939 
0.659246 0.163826 0.020056 0.128376 0.00482499 0.0101477 0.0135235 
0.64345 0.16364 0.0164458 0.145859 0.00674167 0.0117904 0.0120724 
0.708361 0.100056 0.0189004 0.138328 0.00582227 0.0142289 0.0143037 
0.756139 0.0699972 0.0255886 0.121158 0.00415577 0.00695089 0.0160102 
0.769283 0.0650121 0.0207298 0.116208 0.00496076 0.00930104 0.014505 
0.739703 0.0797335 0.0205662 0.131414 0.00611068 0.00710408 0.015368 
0.785293 0.0536813 0.0247221 0.103665 0.00491322 0.00933293 0.0183922 
0.745703 0.0548263 0.0252479 0.147139 0.00340224 0.00780023 0.0158815 
0.77066 0.0809569 0.0248864 0.095012 0.00429926 0.0100413 0.0141441 
0.751096 0.122727 0.0266404 0.0588139 0.00372011 0.012289 0.024713 
0.776934 0.0689253 0.0313782 0.0927014 0.00292348 0.00636792 0.0207692 
0.797685 0.0581981 0.0239967 0.0962991 0.00408553 0.00746 0.0122755 
0.765607 0.0733029 0.0235352 0.11194 0.00402499 0.00757489 0.0140149 
0.664238 0.0759695 0.0225812 0.217943 0.00376551 0.00620911 0.00929293 
0.657506 0.0898947 0.0205197 0.2098 0.00364548 0.00749331 0.0111406 
0.718769 0.097089 0.0151995 0.144419 0.00689261 0.00828589 0.00934493 
0.648726 0.0689216 0.0260666 0.236378 0.00281311 0.00677183 0.0103226 
0.783305 0.040453 0.0302636 0.119553 0.00272893 0.0089673 0.0147288 
0.805669 0.0437699 0.0248366 0.103449 0.00333962 0.00661916 0.012317 
0.809072 0.0221373 0.0312761 0.107561 0.00349244 0.00890115 0.0175607 
0.788344 0.0183332 0.0468301 0.0939711 0.00269284 0.00769468 0.0421343 
0.843031 0.0249869 0.0376152 0.0399389 0.00196357 0.00958539 0.042879 
0.859382 0.0223566 0.0373503 0.0285354 0.00202848 0.00985782 0.0404889 
0.823068 0.0196465 0.0340714 0.0751588 0.00297211 0.0101604 0.0349225 
0.827782 0.0201124 0.0361625 0.0473902 0.00357196 0.00884802 0.0561332 
0.817427 0.0165116 0.0414518 0.0510101 0.0029636 0.0101949 0.0604407 
0.848815 0.0202768 0.0374673 0.0313274 0.00348872 0.0103043 0.0483201 
0.819432 0.018342 0.0437472 0.040053 0.00249262 0.0128462 0.063087 
0.79179 0.0173894 0.0504668 0.038613 0.00209481 0.0123965 0.0872497 
0.813156 0.0165916 0.0463152 0.0236032 0.00227666 0.0109183 0.0871395 
0.831119 0.0168325 0.0419548 0.0289053 0.00321817 0.00812894 0.0698418 
0.829529 0.017528 0.0400304 0.0438308 0.00370307 0.00964168 0.0557371 
0.818727 0.0155102 0.0453768 0.035121 0.00298189 0.00939202 0.0728907 
0.78405 0.0144087 0.0541777 0.0315568 0.00229942 0.00871381 0.104793 
0.817728 0.0148211 0.050176 0.0456384 0.00276391 0.0081554 0.060717 
0.810412 0.0135533 0.0489572 0.0277091 0.00307356 0.00912676 0.0871681 
0.799122 0.0128888 0.0503888 0.0213983 0.00251391 0.0101007 0.103587 
0.834648 0.0150493 0.0425856 0.027622 0.00351885 0.00586556 0.0707105 
0.830628 0.0179366 0.0424252 0.0179831 0.00309168 0.00709796 0.0808374 
0.831485 0.0164194 0.0417213 0.0208562 0.00299933 0.00725336 0.0792659 
0.84917 0.0133287 0.0412477 0.0348782 0.00396201 0.0072832 0.0501302 
0.831547 0.0162003 0.0364712 0.0397761 0.00636194 0.00778404 0.0618596 
0.834893 0.0191144 0.0337443 0.0517649 0.00847984 0.00861423 0.0433892 
0.848262 0.0176421 0.0378331 0.0396766 0.00304973 0.00780735 0.0457289 
0.841541 0.0231495 0.0383427 0.0539466 0.00275197 0.00662821 0.0336405 
0.84975 0.020167 0.0383491 0.0429239 0.00398002 0.0072458 0.037584 
0.851432 0.0218398 0.0347884 0.0403809 0.00360445 0.00769711 0.0402569 
0.852731 0.0238647 0.0306323 0.0445613 0.0052512 0.0063601 0.0365991 
0.849037 0.0252794 0.0340116 0.0300699 0.00399863 0.00718702 0.0504161 
0.831293 0.0146227 0.0403235 0.0539854 0.00377822 0.00662222 0.049375 
0.830323 0.0151039 0.0458608 0.0312227 0.00462287 0.0114774 0.0613891 
0.819987 0.0136188 0.0493512 0.0155755 0.00328811 0.00952486 0.0886545 
0.817082 0.0119371 0.0532968 0.0199172 0.00185508 0.0111504 0.0847615 
0.793482 0.0155753 0.0531579 0.00511976 0.00143728 0.0184759 0.112752 
0.784963 0.0194665 0.0449534 0.00738192 0.00178491 0.0232434 0.118207 
0.853816 0.0171149 0.0469639 0.013144 0.00228635 0.0109305 0.0557445 
0.849918 0.0157595 0.0497559 0.0110033 0.00279532 0.0137466 0.0570213 
0.750892 0.0120495 0.0599624 0.00741693 0.00302864 0.0250802 0.141571 
0.794837 0.0170204 0.0462154 0.00723075 0.00389512 0.0273871 0.103414 
0.779256 0.0138753 0.0566689 0.0124987 0.00299166 0.0216327 0.113077 
0.819183 0.0121375 0.0517839 0.0148893 0.00313618 0.0146129 0.0842573 
0.774238 0.0128954 0.0571775 0.00784394 0.00229333 0.0245103 0.121042 
0.780678 0.0132002 0.0605609 0.00836815 0.00339979 0.0147615 0.119031 
0.754758 0.0120028 0.0622766 0.010291 0.00410857 0.0136717 0.142891 
0.791944 0.0132521 0.0551843 0.0348096 0.0055959 0.00789907 0.091315 
0.72472 0.0155357 0.0507995 0.0143526 0.00547122 0.0119108 0.17721 
0.77385 0.0207374 0.0839366 0.0592076 0.0261731 0.00218044 0.0339152 
0.746909 0.016471 0.111747 0.0343353 0.0279907 0.00269215 0.0598552 
0.743152 0.0177099 0.129249 0.0338972 0.0167572 0.00261687 0.0566188 
0.749909 0.016573 0.112716 0.0506041 0.0247539 0.00235899 0.0430849 
0.704812 0.0153071 0.125442 0.0481086 0.0481039 0.00234901 0.0558781 
0.648199 0.00966575 0.159059 0.0659868 0.0282507 0.00200222 0.086837 
0.65435 0.0118438 0.147419 0.0834451 0.0304227 0.00212479 0.0703941 
0.682613 0.00856583 0.161201 0.0544312 0.0215312 0.00177107 0.0698866 
0.711302 0.0125919 0.139005 0.0328246 0.0186615 0.00234713 0.0832676 
0.77037 0.0163841 0.104562 0.0287313 0.0295688 0.00239625 0.0479876 
0.800913 0.0139528 0.088027 0.0389786 0.0159093 0.00214018 0.0400792 
0.812907 0.0151695 0.0901147 0.0427251 0.00912227 0.00161494 0.028347 
0.824573 0.0138753 0.094514 0.026233 0.0107102 0.00169283 0.028402 
0.806679 0.0161189 0.0836528 0.0483386 0.0150772 0.00185231 0.0282815 
0.808724 0.0119766 0.0751001 0.0614614 0.0201143 0.00182403 0.0207995 
0.790122 0.0127304 0.0803262 0.0651345 0.0232959 0.00196337 0.0264279 
0.802972 0.0105189 0.0818536 0.0610351 0.0169094 0.00161933 0.0250915 
0.838251 0.0136731 0.0630703 0.0421363 0.0202299 0.00162045 0.0210188 
0.821296 0.0110089 0.0807254 0.04163 0.017384 0.00155612 0.0264 
0.789134 0.0107714 0.0898963 0.0616336 0.0208106 0.00164241 0.0261121 
0.787826 0.00995192 0.0879047 0.0609595 0.0249822 0.00153583 0.0268399 
0.797208 0.0111197 0.0942587 0.0578408 0.0142238 0.00151379 0.0238349 
0.807749 0.0138317 0.0809134 0.0459708 0.0229772 0.00225111 0.0263064 
0.82368 0.0146045 0.0645411 0.0584494 0.0170762 0.00185776 0.0197913 
0.794107 0.0123242 0.0713306 0.0857151 0.0142612 0.0016393 0.0206222 
0.778937 0.0092925 0.103691 0.0610646 0.0133951 0.00142336 0.0321959 
0.832108 0.0185729 0.0727815 0.0426231 0.0100026 0.00168112 0.0222311 
0.761324 0.0105128 0.0741554 0.119244 0.0116674 0.00156282 0.0215338 
0.80927 0.0168299 0.0669889 0.0619917 0.0180765 0.00236414 0.0244787 
0.807966 0.0126048 0.0619126 0.0781359 0.0151886 0.00207116 0.0221205 
0.828998 0.0177397 0.0599367 0.0511694 0.0192825 0.00231942 0.0205542 
0.758204 0.0229969 0.0536881 0.0912573 0.0436272 0.00425346 0.0259732 
0.81634 0.0184676 0.0617153 0.0571884 0.0173128 0.00247521 0.0265008 
0.833648 0.0166579 0.0658774 0.0435685 0.0120415 0.00236319 0.0258438 
0.831362 0.0236954 0.0699558 0.0319386 0.013866 0.00261871 0.0265639 
0.840822 0.021551 0.0702033 0.0230022 0.0158889 0.00293241 0.0256004 
0.839643 0.0246122 0.0492199 0.0459776 0.0197635 0.00258694 0.0181973 
0.831938 0.0176946 0.072111 0.035477 0.0159311 0.00285426 0.0239937 
0.830192 0.0151549 0.0719794 0.0406241 0.0131353 0.00194431 0.0269701 
0.780731 0.0134748 0.0955103 0.056467 0.0151964 0.00235505 0.0362649 
0.788364 0.019482 0.0813754 0.0742422 0.00842527 0.00256518 0.025546 
0.780422 0.0140134 0.0705694 0.100266 0.013195 0.00208484 0.0194493 
0.725774 0.0146697 0.0696518 0.15052 0.0160163 0.00210523 0.0212624 
0.765144 0.00925866 0.0993757 0.094505 0.00705382 0.00142393 0.0232391 
0.780522 0.0134646 0.0874344 0.0834747 0.00915434 0.00174719 0.0242026 
0.74056 0.0126829 0.0650106 0.128703 0.0306992 0.00202932 0.020315 
0.773593 0.0102683 0.0720363 0.0866183 0.0341627 0.00202918 0.0212918 
0.818068 0.0119784 0.0677044 0.0548718 0.0264091 0.00193524 0.0190332 
0.785516 0.0126921 0.0670224 0.0862649 0.0254815 0.00208883 0.0209339 
0.802919 0.0141181 0.0514877 0.0770204 0.0350305 0.00209063 0.0173333 
0.778212 0.0119863 0.077121 0.085285 0.0226514 0.00196473 0.0227793 
0.786059 0.0144886 0.0842992 0.0494898 0.0319992 0.00249542 0.0311687 
0.778531 0.0138909 0.0947137 0.0491692 0.0259705 0.00237046 0.0353544 
0.697817 0.0142377 0.0738722 0.120989 0.0563118 0.00261764 0.0341545 
0.690812 0.0181858 0.0922199 0.0760937 0.0773616 0.00345165 0.0418753 
0.606377 0.0262211 0.126234 0.0487651 0.134013 0.00546303 0.0529261 
0.633405 0.0277354 0.11156 0.0416017 0.132035 0.0054884 0.0481742 
0.633559 0.0309091 0.136281 0.0257985 0.113592 0.00579659 0.0540634 
0.629689 0.0235125 0.150164 0.0373529 0.0939678 0.00469268 0.0606215 
0.64016 0.0193203 0.17435 0.037612 0.0592395 0.00446417 0.0648543 
0.672486 0.0157266 0.160725 0.0323113 0.0403527 0.0035673 0.0748302 
0.646706 0.0118507 0.164862 0.0574809 0.0392582 0.00305354 0.0767886 
0.734838 0.0151459 0.108322 0.042138 0.049433 0.00293268 0.0471896 
0.737045 0.0152149 0.101837 0.046518 0.0477558 0.00293428 0.0486954 
0.697814 0.0136005 0.126764 0.050376 0.0526304 0.0033007 0.055514 
0.671443 0.0193091 0.10101 0.0621994 0.0932834 0.00409998 0.0486558 
0.688052 0.0211447 0.0975879 0.0440629 0.0962438 0.00420196 0.048707 
0.717271 0.0203932 0.0968902 0.0444951 0.06965 0.00337082 0.04793 
0.712503 0.026016 0.101825 0.0300639 0.0799037 0.00422259 0.0454658 
0.696294 0.0209477 0.120738 0.0443246 0.0618753 0.00480428 0.0510158 
0.636428 0.02466 0.135447 0.0362393 0.105266 0.00568022 0.0562801 
0.66142 0.0180429 0.156769 0.039263 0.0596251 0.00460441 0.0602757 
0.725821 0.0196674 0.114102 0.0378355 0.0521797 0.00335594 0.0470389 
0.719091 0.0205018 0.116084 0.0207511 0.0665193 0.00311916 0.0539333 
0.751188 0.0137637 0.120375 0.0255219 0.0371118 0.00254545 0.0494943 
0.727543 0.0180576 0.13577 0.0280382 0.0384753 0.00344258 0.0486733 
0.728657 0.0184961 0.0987822 0.0522547 0.0517107 0.00386857 0.0462303 
0.681911 0.0193278 0.12806 0.038131 0.0705278 0.00404017 0.0580026 
0.709328 0.0149313 0.115604 0.0691207 0.0333363 0.00326696 0.0544133 
0.693252 0.0167371 0.116428 0.0636637 0.0555401 0.00348602 0.0508929 
0.718911 0.0193646 0.106992 0.0416238 0.0624627 0.00328052 0.0473648 
0.675776 0.0218551 0.130275 0.0408391 0.0716073 0.00384216 0.055805 
0.629204 0.0208292 0.159036 0.0357486 0.0807817 0.00430199 0.070098 
0.627761 0.019307 0.177464 0.0253921 0.0698409 0.00355505 0.0766795 
0.615144 0.0207665 0.161711 0.0334555 0.0905645 0.00445583 0.073903 
0.629967 0.0173355 0.17376 0.0264624 0.0606744 0.00297886 0.0888217 
0.69415 0.0229446 0.126431 0.0387215 0.0569924 0.00347169 0.0572884 
0.639746 0.022082 0.104096 0.0532092 0.122345 0.00375235 0.0547696 
0.659409 0.0172134 0.151132 0.0402189 0.0677552 0.0032201 0.0610505 
0.661592 0.0207591 0.0889249 0.0616901 0.121155 0.00350935 0.0423692 
0.631843 0.0205247 0.111732 0.0797245 0.101553 0.00482195 0.0498001 
0.634345 0.0256454 0.120861 0.0478588 0.112745 0.00526415 0.0532811 
0.602746 0.0232698 0.133269 0.0491207 0.127089 0.00491575 0.0595904 
0.651695 0.0161709 0.146832 0.0631033 0.0610722 0.00338778 0.0577379 
0.660281 0.0156185 0.125084 0.0901018 0.0487738 0.00336043 0.0567811 
0.621854 0.0120205 0.154313 0.0842655 0.0417783 0.0034098 0.0823594 
0.631728 0.0127115 0.161792 0.0739442 0.0287634 0.00272313 0.0883381 
0.652424 0.0210726 0.108535 0.103592 0.0533401 0.003335 0.057702 
0.628763 0.0205617 0.0673903 0.129825 0.110297 0.00278411 0.0403783 
0.599732 0.0165824 0.0924105 0.164088 0.075922 0.00308269 0.0481824 
0.587645 0.0205826 0.124481 0.0733106 0.11623 0.00370784 0.0740432 
0.549769 0.0140984 0.130228 0.137079 0.0949913 0.003489 0.0703454 
0.526508 0.0154193 0.151001 0.133954 0.101482 0.0040673 0.0675679 
0.578313 0.0170348 0.123055 0.110914 0.108545 0.00409099 0.058046 
0.591224 0.019481 0.142149 0.0573009 0.1135 0.00394646 0.072399 
0.545152 0.0181315 0.141241 0.0623278 0.158022 0.00462717 0.0704984 
0.594775 0.0141914 0.177262 0.0515561 0.0629524 0.00369883 0.0955643 
0.607003 0.0161532 0.131114 0.104613 0.0740549 0.00457962 0.0624818 
0.695543 0.0170633 0.137519 0.0335947 0.0466263 0.003054 0.0666002 
0.633327 0.0148246 0.178181 0.0394156 0.0480429 0.00353869 0.0826703 
0.620979 0.0155905 0.170249 0.0545516 0.061383 0.00417839 0.0730689 
0.69855 0.0150705 0.1308 0.0437746 0.0432066 0.00369484 0.0649034 
0.707477 0.0159247 0.128421 0.0345294 0.0480628 0.00430439 0.0612811 
0.762174 0.0185266 0.0838477 0.0384407 0.0532496 0.00387288 0.0398884 
0.772076 0.0110563 0.0850568 0.0590214 0.0304366 0.0026815 0.0396715 
0.729014 0.0126731 0.069862 0.106095 0.0421036 0.00282892 0.0374235 
0.767243 0.0126318 0.06713 0.0832286 0.0332222 0.00248394 0.0340603 
0.737472 0.0136299 0.0950096 0.0516332 0.0508362 0.00331996 0.0480995 
0.718479 0.0149074 0.0918825 0.0670532 0.0619018 0.00408349 0.041693 
0.531318 0.0131795 0.382726 0.0112944 0.0220725 0.00632313 0.033086 
0.459253 0.0209591 0.415911 0.00737754 0.0489886 0.00923627 0.0382746 
0.677212 0.0144966 0.201526 0.0204925 0.0400208 0.00384674 0.0424058 
0.733615 0.0133276 0.182062 0.0276562 0.0164272 0.00227849 0.024633 
0.378953 0.0355043 0.441515 0.00979752 0.0864125 0.0131981 0.0346193 
0.18619 0.0133513 0.718165 0.00652094 0.0385531 0.00726361 0.0299564 
0.276195 0.0156048 0.559442 0.0115444 0.0544954 0.00498364 0.0777353 
0.448138 0.0127196 0.401268 0.0301764 0.0337671 0.00369677 0.0702342 
0.384539 0.00988045 0.478512 0.0294728 0.029004 0.00398367 0.0646078 
0.524514 0.0131227 0.327047 0.0332777 0.0455617 0.00413709 0.0523396 
0.517207 0.0165081 0.301027 0.0325343 0.0834953 0.00398083 0.0452479 
0.607918 0.0163657 0.251422 0.0304899 0.0406126 0.003464 0.0497274 
0.542493 0.0132281 0.331783 0.00998064 0.0328389 0.0038241 0.0658522 
0.453841 0.0131398 0.411244 0.0118456 0.0444004 0.00559274 0.0599371 
0.445548 0.0112796 0.406593 0.00811519 0.0327876 0.00365763 0.0920197 
0.541611 0.0169559 0.295853 0.00900233 0.0474008 0.00401482 0.0851624 
0.595275 0.00940243 0.28161 0.00902516 0.0150669 0.00224403 0.0873768 
0.727191 0.0140021 0.202192 0.00935538 0.00966387 0.00195844 0.0356371 
0.692843 0.0214022 0.201102 0.00738676 0.0248618 0.00455696 0.0478472 
0.701943 0.0271337 0.139035 0.00688702 0.062172 0.00355234 0.0592764 
0.680068 0.033807 0.118462 0.00978953 0.113017 0.00539103 0.0394656 
0.696654 0.024442 0.186983 0.00845261 0.0446109 0.00643062 0.0324267 
0.641756 0.0175044 0.27822 0.0037008 0.00884218 0.0126031 0.0373738 
0.616032 0.01717 0.293132 0.00385042 0.00760997 0.00836994 0.0538355 
0.757125 0.0125309 0.168151 0.0120551 0.00600401 0.00298932 0.0411447 
0.8351 0.0186762 0.0927565 0.0256119 0.00411073 0.00257952 0.0211648 
0.84268 0.0202931 0.0835625 0.0241349 0.006238 0.00263111 0.0204599 
0.847183 0.0263846 0.067696 0.0338394 0.00529681 0.00235817 0.0172422 
0.846876 0.0177976 0.0739537 0.0244281 0.00514388 0.00268124 0.0291191 
0.846373 0.0223076 0.0730146 0.0219744 0.00424616 0.00255834 0.0295259 
0.825403 0.0299028 0.0788894 0.0212933 0.00701908 0.00399396 0.0334983 
0.785165 0.0401122 0.0522446 0.0604639 0.0240748 0.00511939 0.0328204 
0.785645 0.0331108 0.0701428 0.0452035 0.0219673 0.00465358 0.0392766 
0.769722 0.0504273 0.0599074 0.0487104 0.0226664 0.00750057 0.0410655 
0.774406 0.0528018 0.0642023 0.0283073 0.0301822 0.0064158 0.0436851 
0.741224 0.0545595 0.0804447 0.0452467 0.029748 0.00693218 0.0418449 
0.716706 0.0285451 0.138921 0.0394623 0.0284728 0.0068396 0.0410528 
0.639687 0.0319932 0.246645 0.0131126 0.0212096 0.0120503 0.0353028 
0.61883 0.0340474 0.235947 0.0113408 0.0508816 0.0113632 0.0375905 
0.575907 0.0340978 0.24763 0.0106868 0.078351 0.0113777 0.0419493 
0.55336 0.0484107 0.16045 0.0127926 0.175901 0.0122852 0.0368007 
0.430333 0.0424846 0.291381 0.0134004 0.152839 0.0145573 0.0550048 
0.423511 0.0457811 0.287959 0.0139231 0.158595 0.0202635 0.0499679 
0.395812 0.0559949 0.280428 0.0136458 0.179465 0.0239325 0.0507209 
0.546353 0.0346729 0.216755 0.0103276 0.113229 0.00896407 0.0696972 
0.676888 0.0228493 0.149046 0.0131222 0.069509 0.0028774 0.0657085 
0.646718 0.0306448 0.186549 0.00726787 0.0550403 0.00549879 0.0682812 
0.56448 0.0809291 0.202692 0.00502834 0.0725054 0.0172075 0.0571576 
0.6129 0.0684302 0.171598 0.00822897 0.0848299 0.014769 0.039244 
0.606503 0.0854529 0.158361 0.00855115 0.0876579 0.0163576 0.0371157 
0.63293 0.0602245 0.164015 0.00801714 0.0842215 0.0139728 0.0366188 
0.793637 0.0216848 0.0968979 0.0155449 0.0375699 0.00264374 0.0320223 
0.784661 0.0185492 0.103706 0.023694 0.0328714 0.00225971 0.0342585 
0.764331 0.0127453 0.131795 0.0237676 0.0261251 0.00237299 0.0388631 
0.653554 0.0414554 0.1493 0.0101945 0.103228 0.0104045 0.031864 
0.628228 0.0302772 0.169777 0.0124179 0.107935 0.00924675 0.0421179 
0.665994 0.0142136 0.192044 0.0167912 0.0548865 0.00377379 0.0522962 
0.757281 0.00966783 0.119197 0.0430055 0.030561 0.00339671 0.036891 
0.704446 0.0109522 0.190025 0.0312393 0.0206987 0.00303351 0.0396051 
0.579091 0.00708498 0.292944 0.0114687 0.0153871 0.00276004 0.0912635 
0.504408 0.00670689 0.365782 0.00696801 0.0120071 0.00328922 0.100839 
0.43408 0.007976 0.421188 0.00621033 0.0237018 0.00394002 0.102905 
0.573277 0.0156551 0.248183 0.0177952 0.0684794 0.00396193 0.0726482 
0.31715 0.0570283 0.33088 0.0126123 0.207456 0.0286527 0.046221 
0.250156 0.0990462 0.252716 0.0133683 0.317227 0.0362614 0.0312246 
0.487145 0.0510513 0.189799 0.011243 0.196676 0.0124652 0.0516207 
0.464661 0.0500075 0.261481 0.0103122 0.147541 0.0173522 0.0486455 
0.508433 0.0490009 0.225344 0.0104609 0.14151 0.0135809 0.0516697 
0.489026 0.0564312 0.244219 0.00846688 0.127627 0.0155025 0.0587272 
0.596932 0.0366429 0.178213 0.00974326 0.116724 0.00766983 0.0540749 
0.626468 0.0222951 0.217782 0.00792831 0.0572031 0.00541229 0.0629115 
0.591711 0.0332561 0.192952 0.0094377 0.1006 0.00738105 0.0646618 
0.658012 0.015326 0.186367 0.016642 0.0602475 0.00385349 0.059552 
0.680179 0.0137289 0.174336 0.0275941 0.0219134 0.00340975 0.0788383 
0.681653 0.0143786 0.183137 0.0113493 0.025684 0.00294789 0.0808501 
0.782495 0.0301241 0.0761655 0.0240324 0.0439939 0.0038046 0.0393845 
0.7869 0.0338368 0.0799069 0.0109405 0.0406568 0.00411205 0.0436473 
0.786059 0.0330904 0.0978279 0.00922844 0.0247209 0.00409174 0.0449814 
0.815172 0.0166409 0.0873682 0.0140439 0.0266226 0.00240982 0.0377423 
0.80601 0.0211089 0.0829548 0.0200329 0.0335496 0.00296881 0.0333754 
0.789932 0.0209823 0.0924644 0.0129564 0.033174 0.00372544 0.0467655 
0.791327 0.0208358 0.0854997 0.0139502 0.044513 0.00411974 0.0397546 
0.769345 0.0177235 0.107554 0.0130865 0.0453735 0.00422217 0.0426951 
0.76364 0.0165536 0.0945932 0.0207053 0.0603236 0.00303296 0.041151 
0.72635 0.0221408 0.138978 0.00837033 0.0441336 0.00391912 0.0561087 
0.724978 0.0124762 0.170039 0.00689035 0.0219883 0.00295624 0.0606719 
0.773069 0.0184746 0.121004 0.0143592 0.0288937 0.00347052 0.0407289 
0.796755 0.0182717 0.0917815 0.0230914 0.0359477 0.00273096 0.0314215 
0.811489 0.0229317 0.0843329 0.0228643 0.0251567 0.00319416 0.030031 
0.771202 0.038658 0.0736905 0.0218787 0.0603062 0.00556995 0.0286951 
0.699774 0.0427312 0.0507819 0.0297557 0.135526 0.00514384 0.0362877 
0.640547 0.04152 0.120576 0.0246 0.119091 0.00649035 0.0471759 
0.635715 0.0287377 0.097357 0.0388508 0.144203 0.00630428 0.0488318 
0.700397 0.0229461 0.0656735 0.0474501 0.123686 0.00435156 0.0354957 
0.731984 0.0234962 0.073922 0.0376235 0.0869521 0.00346968 0.0425523 
0.697968 0.0165798 0.0901061 0.0520653 0.0971493 0.00268664 0.0434443 
0.730101 0.0167834 0.102927 0.0578479 0.0577558 0.00283987 0.0317446 
0.721898 0.03838 0.145571 0.0119002 0.0506438 0.00624557 0.0253614 
0.614747 0.017887 0.294835 0.00878217 0.0265419 0.00647781 0.0307291 
0.613184 0.03266 0.274188 0.00603003 0.0306213 0.00752135 0.0357955 
0.731921 0.0249878 0.177687 0.00712537 0.019861 0.00395681 0.0344608 
0.775022 0.0221424 0.144974 0.00873318 0.0149064 0.00469462 0.0295271 
0.722342 0.0185734 0.195159 0.00859656 0.0162472 0.00545273 0.0336295 
0.683203 0.0205873 0.221244 0.00843549 0.0205408 0.00734235 0.0386473 
0.717112 0.0332499 0.186468 0.00800573 0.0173865 0.00728384 0.0304932 
0.716455 0.0281815 0.169032 0.0115722 0.038534 0.00388907 0.0323366 
0.71758 0.0171739 0.149443 0.0315033 0.0356136 0.00307981 0.0456061 
0.730063 0.0163417 0.148453 0.0653396 0.0122393 0.005217 0.0223462 
0.779707 0.0204904 0.0777258 0.0396911 0.0566785 0.0043732 0.0213343 
0.700401 0.0133058 0.144925 0.0401417 0.0586672 0.00535222 0.0372077 
0.618543 0.0339922 0.126987 0.0170302 0.158304 0.00843356 0.0367096 
0.629603 0.0375599 0.116207 0.016497 0.14912 0.00649315 0.0445195 
0.717827 0.0220862 0.116848 0.0179811 0.0652158 0.00295201 0.0570898 
0.719006 0.0244515 0.13543 0.0173007 0.0561191 0.00356076 0.0441314 
0.686625 0.0324599 0.12174 0.0259793 0.0837887 0.00596821 0.0434391 
0.734891 0.0234004 0.0937711 0.0328036 0.0673332 0.00377868 0.044022 
0.754916 0.0318336 0.0768311 0.0349813 0.0633909 0.00309764 0.0349494 
0.787853 0.0202073 0.0676732 0.0475677 0.0473359 0.00276652 0.0265964 
0.771356 0.0189053 0.0715706 0.0704912 0.0369477 0.00223676 0.0284928 
0.766569 0.0315482 0.0360679 0.0768152 0.0630382 0.00250616 0.0234554 
0.531318 0.0131795 0.382726 0.0112944 0.0220725 0.00632313 0.033086 
0.459253 0.0209591 0.415911 0.00737754 0.0489886 0.00923627 0.0382746 
0.677212 0.0144966 0.201526 0.0204925 0.0400208 0.00384674 0.0424058 
0.733615 0.0133276 0.182062 0.0276562 0.0164272 0.00227849 0.024633 
0.378953 0.0355043 0.441515 0.00979752 0.0864125 0.0131981 0.0346193 
0.18619 0.0133513 0.718165 0.00652094 0.0385531 0.00726361 0.0299564 
0.276195 0.0156048 0.559442 0.0115444 0.0544954 0.00498364 0.0777353 
0.448138 0.0127196 0.401268 0.0301764 0.0337671 0.00369677 0.0702342 
0.384539 0.00988045 0.478512 0.0294728 0.029004 0.00398367 0.0646078 
0.524514 0.0131227 0.327047 0.0332777 0.0455617 0.00413709 0.0523396 
0.517207 0.0165081 0.301027 0.0325343 0.0834953 0.00398083 0.0452479 
0.607918 0.0163657 0.251422 0.0304899 0.0406126 0.003464 0.0497274 
0.542493 0.0132281 0.331783 0.00998064 0.0328389 0.0038241 0.0658522 
0.453841 0.0131398 0.411244 0.0118456 0.0444004 0.00559274 0.0599371 
0.445548 0.0112796 0.406593 0.00811519 0.0327876 0.00365763 0.0920197 
0.541611 0.0169559 0.295853 0.00900233 0.0474008 0.00401482 0.0851624 
0.595275 0.00940243 0.28161 0.00902516 0.0150669 0.00224403 0.0873768 
0.727191 0.0140021 0.202192 0.00935538 0.00966387 0.00195844 0.0356371 
0.692843 0.0214022 0.201102 0.00738676 0.0248618 0.00455696 0.0478472 
0.701943 0.0271337 0.139035 0.00688702 0.062172 0.00355234 0.0592764 
0.680068 0.033807 0.118462 0.00978953 0.113017 0.00539103 0.0394656 
0.696654 0.024442 0.186983 0.00845261 0.0446109 0.00643062 0.0324267 
0.641756 0.0175044 0.27822 0.0037008 0.00884218 0.0126031 0.0373738 
0.616032 0.01717 0.293132 0.00385042 0.00760997 0.00836994 0.0538355 
0.757125 0.0125309 0.168151 0.0120551 0.00600401 0.00298932 0.0411447 
0.8351 0.0186762 0.0927565 0.0256119 0.00411073 0.00257952 0.0211648 
0.84268 0.0202931 0.0835625 0.0241349 0.006238 0.00263111 0.0204599 
0.847183 0.0263846 0.067696 0.0338394 0.00529681 0.00235817 0.0172422 
0.846876 0.0177976 0.0739537 0.0244281 0.00514388 0.00268124 0.0291191 
0.846373 0.0223076 0.0730146 0.0219744 0.00424616 0.00255834 0.0295259 
0.825403 0.0299028 0.0788894 0.0212933 0.00701908 0.00399396 0.0334983 
0.785165 0.0401122 0.0522446 0.0604639 0.0240748 0.00511939 0.0328204 
0.785645 0.0331108 0.0701428 0.0452035 0.0219673 0.00465358 0.0392766 
0.769722 0.0504273 0.0599074 0.0487104 0.0226664 0.00750057 0.0410655 
