0.787623 0.0247771 0.0253598 0.12688 0.0129939 0.00312906 0.0192372 
0.858403 0.0173205 0.038506 0.0441637 0.00628317 0.00288281 0.0324406 
0.821953 0.0181448 0.0353332 0.0845144 0.0077807 0.00309961 0.0291747 
0.838056 0.0164261 0.0352963 0.0746473 0.00606789 0.00291392 0.0265929 
0.817716 0.0173561 0.026227 0.0952088 0.0212005 0.00455975 0.0177316 
0.834299 0.0198917 0.0352744 0.0729934 0.0083294 0.0044553 0.0247564 
0.830773 0.0190365 0.0301589 0.0791496 0.0154021 0.00379579 0.0216838 
0.83837 0.0220239 0.0240504 0.0815119 0.0154939 0.00310748 0.0154424 
0.841192 0.0287129 0.0253822 0.0678825 0.0140692 0.00509455 0.0176663 
0.831136 0.0346787 0.0307502 0.0721736 0.00808541 0.00399291 0.0191828 
0.797384 0.033199 0.0286025 0.109905 0.00713931 0.00528024 0.0184901 
0.810177 0.0215846 0.0335249 0.107088 0.00695915 0.00426152 0.0164048 
0.835862 0.0233639 0.0296565 0.0771701 0.0109261 0.00600447 0.0170166 
0.823659 0.0208696 0.0338389 0.0891544 0.00841912 0.00347169 0.0205876 
0.795732 0.0264961 0.0236141 0.110177 0.0240565 0.00393776 0.0159866 
0.824819 0.0196447 0.0269682 0.0963502 0.0157862 0.00313592 0.0132959 
0.841304 0.0167956 0.0279575 0.080838 0.0158604 0.00278927 0.014455 
0.860676 0.0259365 0.0293462 0.0534907 0.0103401 0.00271929 0.0174911 
0.854216 0.0199246 0.0294576 0.0610569 0.00981221 0.00236628 0.0231661 
0.846243 0.0227881 0.0285488 0.0762447 0.00822957 0.00233503 0.0156107 
0.847452 0.0227363 0.0274566 0.0773788 0.00932289 0.00236346 0.0132904 
0.80788 0.0242548 0.0244528 0.109711 0.0170911 0.00279894 0.0138113 
0.826918 0.0272603 0.0227212 0.0961273 0.0102317 0.00496025 0.0117807 
0.819089 0.0281132 0.0281694 0.0947031 0.00744147 0.00601652 0.016467 
0.608593 0.0155584 0.0208729 0.320707 0.0219204 0.0025799 0.00976865 
0.450793 0.0145256 0.0161758 0.495107 0.0146481 0.0023159 0.00643452 
0.305751 0.00997804 0.0155459 0.646385 0.0140259 0.00140271 0.00691185 
0.279974 0.0115525 0.0133351 0.673367 0.0127769 0.00178247 0.00721177 
0.246761 0.015548 0.0105933 0.713451 0.00840171 0.00108834 0.00415637 
0.184684 0.00886288 0.00870499 0.782937 0.0101814 7.86868E-4 0.00384224 
0.256317 0.0108064 0.0136293 0.70566 0.00661306 6.54069E-4 0.00631931 
0.178821 0.0106475 0.00536227 0.776675 0.0236264 0.00118498 0.00368281 
0.0855787 0.0104431 0.00351822 0.872286 0.0247407 7.62917E-4 0.0026705 
0.0892299 0.00893699 0.00370891 0.887451 0.00834197 4.56775E-4 0.00187432 
0.122537 0.0120385 0.00428096 0.843083 0.0149394 7.23629E-4 0.00239732 
0.0724622 0.00701503 0.00278287 0.901291 0.0142673 5.53912E-4 0.00162791 
0.0849508 0.00698583 0.00342488 0.889123 0.013035 4.77722E-4 0.00200266 
0.0304001 0.00489595 0.00158093 0.94264 0.018902 3.99291E-4 0.00118176 
0.0626261 0.0122441 0.0026118 0.90899 0.0114422 5.50553E-4 0.00153503 
0.127642 0.014526 0.00493099 0.8414 0.00814996 8.92537E-4 0.00245894 
0.130925 0.0173571 0.00455492 0.831998 0.0121757 6.9501E-4 0.00229384 
0.100113 0.0135895 0.00359587 0.868234 0.0122893 4.452E-4 0.00173267 
0.315692 0.0186457 0.00816144 0.629364 0.0222221 0.00142897 0.00448635 
0.310247 0.0239317 0.00932665 0.635042 0.014682 0.00109892 0.00567232 
0.174105 0.0272074 0.00513471 0.767248 0.0223331 8.5912E-4 0.00311227 
0.224625 0.0244194 0.00567788 0.688925 0.0508542 0.00115789 0.00434075 
0.199192 0.020466 0.00657516 0.74012 0.0278689 0.001352 0.00442678 
0.396815 0.0436462 0.00957462 0.499326 0.0394103 0.00265907 0.0085691 
0.281307 0.0328251 0.00785564 0.647675 0.022958 0.00159205 0.00578692 
0.313436 0.0389446 0.00905034 0.606391 0.024178 0.00162176 0.00637869 
0.168044 0.0179855 0.0050356 0.753749 0.0499383 0.001129 0.0041192 
0.170315 0.0158527 0.00472468 0.76849 0.0362464 8.03333E-4 0.00356738 
0.0876636 0.0146371 0.00331547 0.873465 0.0177428 8.16137E-4 0.00235976 
0.144421 0.0205506 0.00483081 0.809104 0.0165883 8.95288E-4 0.0036097 
0.0558315 0.0444388 0.00251326 0.17202 0.718373 0.00388395 0.00293975 
0.088579 0.0735554 0.00530911 0.773644 0.051157 0.00235491 0.00540033 
0.120952 0.0373084 0.00481825 0.82005 0.0130551 0.00109049 0.00272505 
0.881215 0.0136061 0.0342975 0.0311979 0.0116626 0.00558527 0.0224357 
0.881741 0.0106772 0.0386762 0.0265535 0.0101094 0.0041708 0.0280718 
0.876033 0.0115782 0.0364305 0.0370399 0.00832713 0.00568692 0.0249043 
0.853078 0.01061 0.0465051 0.0618041 0.00371002 0.00515215 0.0191401 
0.880635 0.0116978 0.0402094 0.0436392 0.0047469 0.00404444 0.0150272 
0.88595 0.0124453 0.0344016 0.0383756 0.00784723 0.00542045 0.0155597 
0.849059 0.0155137 0.0310626 0.0747919 0.00736771 0.0060882 0.0161171 
0.879868 0.0131826 0.0359989 0.043516 0.00346505 0.00700189 0.0169678 
0.899799 0.0124259 0.0306119 0.0226239 0.00865517 0.00555778 0.0203261 
0.888617 0.0126893 0.0358619 0.018957 0.00840333 0.00606147 0.0294103 
0.884366 0.0145544 0.0343177 0.0286285 0.00643824 0.00525762 0.0264378 
0.876784 0.0103242 0.039988 0.0329561 0.00761562 0.00578405 0.0265477 
0.897512 0.0149945 0.0336455 0.0177862 0.00390172 0.0053577 0.0268021 
0.878181 0.0108835 0.0448454 0.0149017 0.00341325 0.00592864 0.041847 
0.874274 0.0128175 0.0398648 0.0296282 0.00771799 0.00517844 0.0305188 
0.884569 0.0116579 0.0410867 0.018628 0.0040603 0.00598445 0.0340134 
0.886999 0.0117987 0.0398014 0.0291074 0.00494066 0.00378538 0.0235679 
0.851523 0.0108516 0.0489137 0.0493576 0.00401063 0.00298722 0.0323563 
0.859753 0.011897 0.0460883 0.0211616 0.00636643 0.00447913 0.0502547 
0.867466 0.0108034 0.0462747 0.039551 0.00414287 0.00267774 0.0290844 
0.855309 0.0127864 0.0481477 0.0444021 0.00251155 0.00354156 0.0333019 
0.854925 0.0173384 0.0420518 0.0554667 0.00350559 0.00242172 0.0242911 
0.866981 0.0178667 0.040589 0.0504779 0.00311486 0.00296746 0.0180028 
0.885509 0.0179175 0.0351913 0.0343035 0.00410615 0.0041112 0.0188617 
0.873227 0.0134551 0.0478568 0.0349284 0.00218158 0.00427832 0.0240732 
0.883567 0.0146678 0.0395154 0.0258187 0.00439628 0.00472512 0.02731 
0.856701 0.0136337 0.0493415 0.0544874 0.00256486 0.00322815 0.0200435 
0.890017 0.0136445 0.0343893 0.0349414 0.00722234 0.00380397 0.0159813 
0.870395 0.0116637 0.044366 0.0325212 0.00613435 0.0040119 0.0309078 
0.884926 0.0154379 0.040334 0.0293346 0.00269108 0.00388584 0.0233908 
0.885988 0.0157003 0.0383975 0.0280809 0.00447873 0.00398401 0.0233709 
0.874225 0.0136497 0.0411611 0.0384452 0.00402798 0.00293408 0.025557 
0.87384 0.0171375 0.0314642 0.0496966 0.00889176 0.00282752 0.016142 
0.869283 0.0200981 0.0281999 0.0517009 0.0136948 0.0032523 0.0137707 
0.843073 0.0262183 0.0244016 0.0709534 0.0135376 0.00465676 0.0171588 
0.844175 0.01478 0.0280677 0.0522268 0.0335997 0.00355495 0.0235962 
0.876127 0.0220143 0.0278534 0.0321049 0.0152184 0.0030526 0.0236299 
0.854025 0.020816 0.0235285 0.0616695 0.0218354 0.00362999 0.0144955 
0.842677 0.0206944 0.0241628 0.0837925 0.0122268 0.00307694 0.0133692 
0.855166 0.0276229 0.0248147 0.0597409 0.0133854 0.00370283 0.0155677 
0.871509 0.0179863 0.0249468 0.0547087 0.0118418 0.00438492 0.014622 
0.87121 0.0216445 0.0251505 0.0383969 0.0162266 0.0042723 0.023099 
0.876273 0.0183238 0.0294546 0.0360333 0.01387 0.00400526 0.0220399 
0.876235 0.0183362 0.0316781 0.029611 0.0115163 0.00385925 0.0287637 
0.872413 0.020354 0.0282309 0.0436567 0.0145273 0.0031896 0.0176286 
0.862514 0.0164998 0.0351824 0.0538849 0.00747666 0.00298423 0.0214584 
0.865733 0.0165709 0.0328628 0.051445 0.011469 0.00313435 0.0187854 
0.873875 0.0159814 0.0303071 0.037338 0.0150028 0.00388524 0.0236104 
0.846012 0.016193 0.0279534 0.0757606 0.0140573 0.00325076 0.0167725 
0.881761 0.0174908 0.0332413 0.0326926 0.00685233 0.003116 0.0248464 
0.884417 0.0165214 0.0356773 0.0285597 0.00382963 0.00436465 0.0266308 
0.873454 0.0171559 0.0357598 0.0319908 0.00447007 0.00434348 0.0328264 
0.88321 0.0195597 0.0297912 0.0337099 0.00874676 0.00456286 0.02042 
0.876302 0.0164318 0.0224783 0.0539458 0.0143782 0.00354957 0.0129139 
0.856415 0.0159768 0.0326909 0.0289262 0.0135933 0.00445279 0.0479449 
0.87007 0.020289 0.0236536 0.0556318 0.00918095 0.00375347 0.0174212 
0.848956 0.0212083 0.0231831 0.0709711 0.0176601 0.00299698 0.0150247 
0.842433 0.0248973 0.0171856 0.0536768 0.0400683 0.00542054 0.0163188 
0.882664 0.0243503 0.0217193 0.0291761 0.018573 0.00408389 0.0194334 
0.853935 0.0327102 0.0207204 0.0455609 0.0209088 0.00365679 0.0225078 
0.868556 0.0188815 0.0254183 0.0486965 0.0165412 0.00400105 0.0179059 
0.854723 0.0247412 0.0207094 0.0644911 0.0189553 0.00374406 0.0126358 
0.871005 0.0200986 0.0221844 0.04476 0.0210629 0.00394382 0.0169454 
0.843291 0.0230234 0.0221173 0.0831819 0.0139007 0.00282732 0.0116584 
0.855642 0.0253811 0.025129 0.0584505 0.0131541 0.00462795 0.0176158 
0.834548 0.0280949 0.0218514 0.0842941 0.0176784 0.00235638 0.0111765 
0.868526 0.0211397 0.0215586 0.0621538 0.0127659 0.00270691 0.0111494 
0.817184 0.0278648 0.0204076 0.114331 0.00900005 0.00244276 0.00877001 
0.87176 0.0165507 0.0304955 0.0564592 0.00577331 0.00305053 0.015911 
0.832642 0.0163116 0.0269041 0.0977995 0.00927063 0.00305261 0.01402 
0.843207 0.0273458 0.0230791 0.0792076 0.012374 0.00309195 0.0116941 
0.84975 0.0205256 0.0242278 0.0793231 0.0113845 0.00323441 0.0115547 
0.842428 0.024167 0.0218082 0.0857721 0.0100869 0.00310105 0.0126368 
0.837185 0.0184319 0.0259425 0.0900485 0.00678507 0.00520819 0.0163991 
0.75973 0.0177011 0.0252967 0.168081 0.0109752 0.00357492 0.0146418 
0.857516 0.0166066 0.0262292 0.0674202 0.00869976 0.00424846 0.0192793 
0.824814 0.0144079 0.0334744 0.087276 0.00757587 0.00384545 0.028606 
0.833417 0.0129635 0.0279932 0.0949711 0.0107817 0.00313498 0.0167382 
0.842629 0.0168285 0.0282996 0.0821681 0.00820448 0.0042213 0.0176489 
0.853899 0.0263132 0.0239197 0.0633599 0.00707214 0.00655473 0.0188815 
0.845454 0.0215336 0.0267867 0.0770218 0.0067143 0.00387992 0.0186095 
0.826754 0.0213274 0.0257415 0.0996145 0.00912045 0.00296802 0.0144743 
0.83832 0.0196837 0.0242746 0.0875775 0.0111229 0.00292339 0.016098 
0.790757 0.0213733 0.020997 0.136674 0.0121003 0.00274404 0.0153542 
0.823248 0.0165826 0.039068 0.0779772 0.00440387 0.00382197 0.0348985 
0.839318 0.0185063 0.0337213 0.0598658 0.00648845 0.00379275 0.0383074 
0.826149 0.0118279 0.0385241 0.0676919 0.0065889 0.00383559 0.0453829 
0.837577 0.0177413 0.0296683 0.0803895 0.00749296 0.00304861 0.0240821 
0.854175 0.0164121 0.027726 0.0661144 0.00893251 0.00293202 0.0237082 
0.842306 0.016843 0.0319595 0.0752902 0.00696685 0.00262652 0.0240079 
0.856066 0.0181381 0.0348178 0.0605667 0.00432177 0.00340309 0.0226865 
0.842735 0.0166865 0.0329918 0.0854129 0.00740423 0.00173213 0.0130372 
0.86549 0.014187 0.0326849 0.0612138 0.0071323 0.00289627 0.0163961 
0.854101 0.0127866 0.0370176 0.0682927 0.00695873 0.00264549 0.018198 
0.834942 0.0133476 0.0386108 0.0863937 0.00575928 0.00304497 0.0179016 
0.847957 0.0115941 0.0458938 0.060525 0.00300495 0.00256692 0.0284586 
0.858847 0.0151016 0.0317639 0.0685784 0.00692335 0.00271876 0.016067 
0.892064 0.0137295 0.0314143 0.0321944 0.00477059 0.00347362 0.0223536 
0.860164 0.0243784 0.0246978 0.070589 0.00552594 0.00365514 0.0109897 
0.867061 0.0171125 0.0293731 0.0572955 0.00636219 0.00405456 0.0187417 
0.85006 0.0189607 0.0301205 0.0737847 0.00481893 0.00326772 0.0189872 
0.826907 0.0150122 0.0277842 0.103776 0.00721228 0.00240815 0.0169004 
0.829849 0.0176711 0.0329887 0.0952458 0.00479893 0.0031335 0.016313 
0.829827 0.0293554 0.0207819 0.0922658 0.0106639 0.00408403 0.013022 
0.808422 0.0136047 0.0311644 0.113612 0.00732153 0.00283471 0.0230403 
0.812656 0.0154311 0.0375288 0.106597 0.00488616 0.00249071 0.0204102 
0.863265 0.0120604 0.0324014 0.0661501 0.00688937 0.00259831 0.0166352 
0.839181 0.0171075 0.0248409 0.0906751 0.010144 0.0025364 0.0155151 
0.803879 0.0149568 0.024383 0.126026 0.012892 0.00212847 0.0157339 
0.806944 0.0190792 0.0336929 0.116258 0.00541522 0.00209596 0.0165146 
0.836858 0.0136164 0.033523 0.0859566 0.00876074 0.00204165 0.0192436 
0.777284 0.0168249 0.0256267 0.151362 0.0123754 0.00211221 0.0144146 
0.788594 0.0152524 0.0438093 0.120468 0.00267536 0.00387129 0.0253301 
0.781175 0.0195291 0.0312376 0.144263 0.00607931 0.00258236 0.0151331 
0.740737 0.0154301 0.0360105 0.18311 0.00503281 0.0024636 0.0172163 
0.827893 0.0214038 0.0312441 0.0924168 0.00537627 0.00262839 0.019038 
0.832907 0.0203226 0.0292457 0.0856428 0.00599436 0.00231003 0.0235772 
0.843641 0.0282137 0.0256251 0.0819367 0.00511662 0.00236762 0.013099 
0.855325 0.0337658 0.0246735 0.0632515 0.00699648 0.0026337 0.0133543 
0.862026 0.0238187 0.0286741 0.0671846 0.00426676 0.00210835 0.0119215 
0.855636 0.0306075 0.0230883 0.071594 0.00673471 0.00201923 0.01032 
0.831916 0.0223585 0.0261794 0.102722 0.00552022 0.00182921 0.00947504 
0.865638 0.0213865 0.02343 0.0691807 0.00845739 0.00194406 0.00996278 
0.893546 0.0259118 0.0239177 0.0363917 0.00568129 0.0030857 0.0114657 
0.884055 0.0208221 0.0236568 0.0547521 0.00522099 0.00245927 0.00903403 
0.844275 0.0179923 0.0300887 0.0873856 0.00502125 0.00215503 0.0130822 
0.827684 0.0189082 0.028779 0.104714 0.00432793 0.00240671 0.01318 
0.829185 0.0164026 0.0295155 0.10027 0.00493214 0.00250753 0.0171863 
0.820227 0.0186484 0.0242281 0.116552 0.00619961 0.00317995 0.0109655 
0.868132 0.0265254 0.0206024 0.0675623 0.00638969 0.00260561 0.0081822 
0.865138 0.0235871 0.0185116 0.0679373 0.0108958 0.00318808 0.0107422 
0.849718 0.0270864 0.0187095 0.0805104 0.00988048 0.00212328 0.0119721 
0.836031 0.0229013 0.0249844 0.095486 0.00480355 0.00122209 0.0145716 
0.855044 0.0360469 0.0201599 0.0657137 0.00806092 0.00242845 0.0125465 
0.823932 0.0455349 0.0185529 0.0871442 0.00846339 0.00243635 0.0139365 
0.81518 0.0454874 0.0181591 0.0875637 0.0122526 0.003166 0.0181913 
0.762018 0.027602 0.0199333 0.16419 0.00999005 0.00266438 0.0136018 
0.687359 0.024227 0.0174043 0.247981 0.00981752 0.00243002 0.0107803 
0.797635 0.033758 0.0180779 0.124075 0.0129484 0.00242204 0.0110826 
0.818055 0.02472 0.0200955 0.114441 0.00948168 0.00236167 0.0108449 
0.824509 0.0400156 0.0201582 0.0894871 0.0112207 0.00232851 0.0122813 
0.814833 0.0234562 0.0219156 0.111846 0.0148003 0.00164425 0.0115052 
0.793937 0.0232957 0.0207112 0.130903 0.0185082 0.00213612 0.0105094 
0.756056 0.0270891 0.0162738 0.162933 0.0265035 0.00193551 0.00920868 
0.798584 0.0250299 0.0207098 0.116849 0.0226938 0.00270475 0.0134289 
0.761785 0.0260815 0.0160618 0.160828 0.0229185 0.00222244 0.0101028 
0.806557 0.0282172 0.0172286 0.11055 0.0231712 0.00239098 0.0118845 
0.788837 0.0260639 0.0230805 0.132692 0.011578 0.00195914 0.0157897 
0.795823 0.0156271 0.0311064 0.136585 0.00632123 0.00158184 0.0129551 
0.790162 0.0249956 0.0208172 0.141841 0.0101314 0.00193389 0.0101189 
0.831972 0.017397 0.0230476 0.102587 0.00885474 0.00236319 0.0137784 
0.765015 0.0155581 0.020058 0.146483 0.0328722 0.00217117 0.017843 
0.76952 0.0153172 0.0235443 0.160989 0.00931149 0.00190539 0.0194121 
0.77557 0.0204481 0.0238898 0.156571 0.00926338 0.00166288 0.0125939 
0.765571 0.0307086 0.024208 0.162271 0.00451672 0.00140657 0.0113188 
0.706942 0.0143219 0.0308904 0.22312 0.00759973 0.00156018 0.0155657 
0.779136 0.0146046 0.0315748 0.144395 0.00788827 0.00192443 0.0204763 
0.691315 0.0141778 0.0253539 0.243463 0.0121832 0.00149939 0.0120077 
0.801661 0.0149965 0.023938 0.128351 0.015824 0.001865 0.0133643 
0.802071 0.0211562 0.0200119 0.118261 0.0206625 0.00217646 0.0156616 
0.79887 0.0280713 0.0228661 0.105977 0.0152912 0.00208494 0.0268399 
0.855411 0.0314487 0.0205212 0.0655818 0.00838839 0.00262822 0.016021 
0.805167 0.0604937 0.0180769 0.083636 0.0121833 0.00295807 0.0174845 
0.851061 0.021659 0.0225128 0.0804369 0.00705372 0.00237861 0.0148983 
0.81994 0.015326 0.0309207 0.110174 0.00684347 0.00181379 0.0149821 
0.860651 0.015205 0.026847 0.0709176 0.00859677 0.00195187 0.0158304 
0.809827 0.020181 0.0208431 0.11066 0.0207126 0.0024693 0.0153079 
0.762571 0.0177975 0.027881 0.151111 0.0105271 0.00211947 0.0279922 
0.764341 0.0179335 0.0323788 0.15726 0.00665126 0.00144119 0.0199945 
0.796063 0.0161065 0.036436 0.117828 0.00625582 0.00165057 0.0256605 
0.822308 0.0153074 0.0358526 0.0836353 0.00778764 0.00164984 0.0334593 
0.791242 0.0154385 0.0347757 0.127671 0.00517359 0.00178085 0.0239182 
0.842429 0.0219054 0.0298095 0.0770796 0.00833343 0.0017083 0.0187351 
0.641964 0.01825 0.0391422 0.281313 0.00413676 0.00127138 0.0139226 
0.721835 0.0158141 0.0284009 0.207623 0.00778971 0.00179474 0.0167431 
0.772163 0.0203341 0.0266351 0.15379 0.0077273 0.00179233 0.0175582 
0.790233 0.0116578 0.0444004 0.112136 0.00361644 0.00191758 0.0360386 
0.657831 0.0191384 0.0262599 0.266077 0.00927638 0.00221572 0.0192017 
0.757749 0.0148022 0.0382471 0.155663 0.00577816 0.00144837 0.026312 
0.754957 0.0261426 0.0221638 0.173274 0.00777858 0.00191545 0.0137686 
0.752922 0.0191428 0.0258745 0.168423 0.00941043 0.00183592 0.0223914 
0.722982 0.0446143 0.0154445 0.178749 0.0248492 0.00226844 0.0110928 
0.629411 0.0193847 0.0166461 0.310229 0.0125316 0.00206857 0.00972959 
0.748786 0.0168487 0.0166105 0.181815 0.0217023 0.00222364 0.0120133 
0.792454 0.0148859 0.029718 0.135 0.0071665 0.00158899 0.0191868 
0.81496 0.0193753 0.0198895 0.115282 0.0166073 0.00255634 0.0113297 
0.657623 0.0185156 0.0182842 0.280282 0.0159936 0.00139687 0.00790516 
0.730333 0.0160702 0.0238169 0.20355 0.013429 0.00125802 0.011543 
0.729769 0.0188587 0.0242004 0.206731 0.0096495 0.001481 0.00931068 
0.786315 0.0158247 0.0258228 0.144881 0.010742 0.00177104 0.0146439 
0.836172 0.016775 0.028628 0.0944956 0.00692284 0.00247413 0.0145326 
0.860459 0.0159514 0.0273333 0.0696495 0.00970175 0.00215733 0.014748 
0.813938 0.0201142 0.0299852 0.10184 0.00696862 0.00247312 0.024681 
0.84328 0.0169026 0.0363093 0.0739523 0.00432241 0.00182641 0.0234073 
0.72877 0.0142449 0.0413317 0.188958 0.00410825 0.00189144 0.0206956 
0.810587 0.02101 0.0326097 0.114443 0.0063701 0.00110807 0.0138725 
0.753087 0.0212386 0.0333411 0.168894 0.00520229 0.00167612 0.0165615 
0.645218 0.0227541 0.0265846 0.286446 0.00552118 0.00211268 0.0113633 
0.67047 0.0154086 0.0337943 0.257862 0.0065283 0.00176411 0.0141732 
0.783989 0.0188266 0.0314804 0.115658 0.0146256 0.00175539 0.033665 
0.759597 0.0292348 0.0227827 0.160575 0.0108377 0.00226549 0.0147079 
0.784595 0.0337838 0.0189793 0.124127 0.0197987 0.00256229 0.0161534 
0.744628 0.0256103 0.0185626 0.182692 0.01304 0.00184302 0.0136242 
0.787431 0.02558 0.0197485 0.134743 0.0149191 0.00232642 0.0152517 
0.764663 0.0298862 0.0168435 0.14547 0.023288 0.00327039 0.0165785 
0.774053 0.0230744 0.0197553 0.15331 0.0105784 0.00262473 0.0166042 
0.722017 0.0172962 0.0208568 0.208988 0.0143679 0.00165066 0.014824 
0.740157 0.0224932 0.0188448 0.192605 0.0130637 0.00171318 0.0111227 
0.826149 0.0238849 0.0146187 0.0905027 0.0268874 0.00212637 0.0158308 
0.847014 0.0197829 0.0222034 0.0780756 0.0136413 0.00230614 0.0169762 
0.779691 0.0167756 0.0307107 0.1479 0.0071544 0.00187644 0.0158919 
0.825893 0.0174972 0.0277939 0.102819 0.0109384 0.00177021 0.0132886 
0.799216 0.0153577 0.0272429 0.136611 0.0105351 0.00126474 0.00977265 
0.818643 0.0242668 0.0243938 0.11059 0.0101449 0.00151464 0.0104472 
0.74779 0.0193914 0.0250709 0.178715 0.00957772 0.0019942 0.0174608 
0.70444 0.0406524 0.0177662 0.205859 0.0169677 0.00273096 0.0115835 
0.720979 0.0272116 0.0223321 0.203772 0.0112784 0.00247877 0.0119478 
0.821505 0.0277722 0.0207988 0.0996459 0.015938 0.00251846 0.0118215 
0.73551 0.0373412 0.0179971 0.184394 0.0142642 0.00204276 0.00845089 
0.76121 0.0294171 0.0248809 0.161577 0.00910703 0.00164236 0.0121652 
0.585813 0.0176813 0.0188061 0.35646 0.012933 0.00137584 0.00693083 
0.833146 0.0212006 0.0298045 0.0885556 0.00797067 0.00181193 0.017511 
0.834181 0.0200254 0.0203637 0.0959771 0.0163846 0.00198848 0.0110802 
0.821038 0.0152251 0.0230294 0.113396 0.0153848 0.00166489 0.0102615 
0.838229 0.0211844 0.0234877 0.0911295 0.0118938 0.00195006 0.0121251 
0.821334 0.0189392 0.0203079 0.106843 0.0204165 0.0019355 0.0102234 
0.748587 0.0175212 0.0204231 0.188129 0.0152046 0.00179437 0.00834099 
0.842619 0.0271401 0.0160295 0.0721522 0.0299011 0.00195877 0.0101996 
0.821458 0.0420207 0.0150284 0.0794118 0.0280734 0.00245794 0.0115498 
0.823704 0.0586738 0.0195144 0.0654024 0.0148584 0.00319866 0.014648 
0.830247 0.0227451 0.0229959 0.0919175 0.0125625 0.00203564 0.0174966 
0.712004 0.0358578 0.0186385 0.210042 0.0119927 0.00146453 0.0100005 
0.688079 0.0238674 0.0263973 0.242701 0.00719558 0.00124367 0.0105166 
0.7892 0.0245452 0.0320915 0.123145 0.00670077 0.00103227 0.0232851 
0.775483 0.0313192 0.0207265 0.142122 0.0158802 0.00129585 0.0131734 
0.751384 0.0242089 0.0252389 0.165479 0.0127902 0.00139956 0.0194996 
0.768003 0.0416763 0.0163734 0.130101 0.0264905 0.0030213 0.0143341 
0.791414 0.0390649 0.017128 0.116537 0.0212224 0.00236709 0.0122667 
0.762506 0.0201687 0.0385613 0.152194 0.0046914 0.00153883 0.0203397 
0.789657 0.0329239 0.0223205 0.127432 0.0125546 0.0017633 0.0133491 
0.787247 0.018788 0.0273861 0.141166 0.00907998 0.00139224 0.0149398 
0.799608 0.0201849 0.0220634 0.128677 0.0145657 0.00180434 0.0130967 
0.851161 0.0181567 0.0228915 0.0737471 0.0130781 0.0027549 0.0182108 
0.721014 0.0170093 0.0345163 0.20008 0.00775313 0.00125525 0.0183721 
0.771067 0.0150982 0.0302181 0.156145 0.011093 0.0020072 0.014371 
0.798166 0.0215526 0.0245599 0.125718 0.0138486 0.00217872 0.0139757 
0.728866 0.0176398 0.0318015 0.200118 0.00522594 0.00175658 0.0145925 
0.747931 0.0177686 0.0303516 0.174285 0.00852619 0.00226029 0.0188778 
0.740728 0.0171648 0.0324756 0.181901 0.00477011 0.0020576 0.0209021 
0.70611 0.0166905 0.0346837 0.204745 0.00836638 0.00158727 0.0278164 
0.692211 0.0143118 0.0223492 0.230616 0.023685 0.00195788 0.0148691 
0.755522 0.0185556 0.0294414 0.161596 0.0123702 0.00187619 0.0206387 
0.754164 0.0152729 0.0462144 0.154466 0.00540289 0.00146382 0.0230152 
0.681075 0.0174867 0.027509 0.242946 0.0154891 0.00126836 0.014226 
0.709763 0.0158993 0.0300154 0.214829 0.0126659 0.00181325 0.0150138 
0.723168 0.0152988 0.0245377 0.204843 0.0174197 0.00199181 0.012741 
0.698677 0.0167928 0.0177397 0.220411 0.0315945 0.00214727 0.012638 
0.714407 0.0150037 0.0229651 0.209645 0.0211967 0.00173856 0.0150443 
0.735105 0.0143042 0.0337124 0.185904 0.00823607 0.00206414 0.0206732 
0.724668 0.0124788 0.0219621 0.199709 0.0263382 0.00195557 0.0128884 
0.775026 0.0122005 0.0394776 0.138754 0.00857477 0.00146111 0.0245064 
0.710224 0.0165425 0.0249206 0.210425 0.0150546 0.00188185 0.0209511 
0.774774 0.0164166 0.0238331 0.145943 0.0192914 0.00132811 0.0184134 
0.790916 0.0237708 0.0240076 0.130577 0.0116589 0.00147729 0.0175922 
0.80344 0.0207513 0.0351797 0.101276 0.0097809 0.00132002 0.0282517 
0.782815 0.0270399 0.0292553 0.127435 0.00996776 0.00152817 0.0219594 
0.756398 0.0141021 0.0260137 0.172345 0.0139957 0.0012725 0.0158731 
0.843994 0.0183111 0.031189 0.0696997 0.00807932 0.00156299 0.0271639 
0.853279 0.0196031 0.021192 0.075194 0.0158955 0.00155873 0.0132776 
0.794424 0.0235951 0.0193978 0.128718 0.0209002 0.00175077 0.0112139 
0.842061 0.0156294 0.0329966 0.0798806 0.00710008 0.00142346 0.0209087 
0.834841 0.0183484 0.0268294 0.0844618 0.0133791 0.00139626 0.0207441 
0.845006 0.0135396 0.0220285 0.0873144 0.0167493 0.00152189 0.01384 
0.819124 0.0173684 0.0175911 0.0988754 0.0277243 0.0020957 0.0172211 
0.763964 0.0194241 0.0172578 0.143831 0.0367334 0.00181345 0.0169757 
0.785627 0.0193925 0.0183963 0.144259 0.0170823 0.00226772 0.0129743 
0.732189 0.0180155 0.0169518 0.20551 0.0172804 0.00169556 0.00835811 
0.77573 0.0197593 0.0204103 0.16171 0.00892379 0.00129748 0.0121687 
0.785861 0.015522 0.0214229 0.151915 0.0103862 0.00169408 0.0131992 
0.840588 0.0123768 0.0237112 0.0980793 0.0111232 0.00121752 0.0129037 
0.880949 0.0175443 0.0255435 0.0479975 0.0118364 0.00132211 0.0148067 
0.861721 0.0355935 0.0263313 0.0489232 0.00670091 0.00201233 0.018718 
0.809087 0.0277823 0.0199468 0.119731 0.0107213 0.00166064 0.0110713 
0.828422 0.01688 0.0207913 0.1091 0.01353 0.00155308 0.00972447 
0.773949 0.0119126 0.0298747 0.160795 0.00885736 0.00144906 0.0131623 
0.779585 0.0222496 0.0215597 0.156194 0.00947823 0.00121721 0.00971681 
0.787313 0.0228411 0.0215071 0.146617 0.00918232 0.00157565 0.0109639 
0.791271 0.0182849 0.0282499 0.137253 0.00919147 0.00123154 0.0145183 
0.705945 0.0203884 0.0224042 0.227 0.00951107 0.00157575 0.0131758 
0.798026 0.0235876 0.0202649 0.132853 0.0106749 0.0018234 0.0127706 
0.782809 0.01837 0.0267585 0.14988 0.00712961 0.001451 0.0136015 
0.781526 0.0156797 0.0215272 0.141824 0.0223259 0.00151255 0.0156051 
0.789806 0.016226 0.0219298 0.138673 0.0186646 0.00198188 0.0127186 
0.721542 0.0227989 0.0169014 0.208955 0.0184859 0.00177178 0.00954445 
0.775885 0.0192755 0.0265976 0.149015 0.00942367 0.00185794 0.0179449 
0.705785 0.0196536 0.0270462 0.223443 0.00751082 0.00178316 0.0147783 
0.736889 0.0184716 0.0304381 0.170334 0.0130731 0.00273656 0.028058 
0.717956 0.0180952 0.0220277 0.207179 0.0180384 0.00172519 0.014979 
0.800887 0.0177358 0.0270788 0.123997 0.0076678 0.00239765 0.0202353 
0.795586 0.0177626 0.0246809 0.120456 0.0202061 0.00189644 0.0194125 
0.724559 0.0228195 0.0191939 0.204229 0.0178585 0.00189942 0.00944067 
0.726067 0.0268196 0.019778 0.196258 0.0158841 0.00219033 0.0130034 
0.835571 0.0254601 0.0261312 0.0803063 0.00772368 0.00261153 0.0221962 
0.821452 0.0219231 0.0328589 0.0952027 0.00464128 0.00248141 0.021441 
0.744585 0.0263002 0.0265049 0.181089 0.00631199 0.00167235 0.0135361 
0.733928 0.0226251 0.021856 0.195348 0.0145151 0.00139659 0.010331 
0.742646 0.0237117 0.0265345 0.185785 0.00903034 0.00129826 0.0109941 
0.741663 0.0213254 0.0248049 0.192048 0.0081319 0.00162257 0.0104041 
0.738034 0.0259275 0.0203315 0.19584 0.00942389 0.00148966 0.0089531 
0.801864 0.0219125 0.0203618 0.128573 0.0138896 0.00242621 0.0109729 
0.745421 0.0224711 0.0174765 0.184186 0.0184951 0.00275951 0.00919121 
0.573078 0.023558 0.0150977 0.360152 0.0193493 0.00187404 0.00689137 
0.752992 0.0190414 0.0193087 0.181372 0.0147993 0.00231031 0.010176 
0.797352 0.0191764 0.0232579 0.134555 0.00990893 0.00228505 0.0134638 
