0.360901 0.17748 0.0153817 0.420991 0.0120296 0.00511941 0.00809796 
0.341182 0.134487 0.0167795 0.489245 0.00673716 0.00453616 0.00703393 
0.436308 0.186973 0.017665 0.335387 0.0073068 0.00657268 0.00978832 
0.466729 0.181975 0.0180526 0.306574 0.00790013 0.00870816 0.0100615 
0.275059 0.213001 0.0203325 0.465741 0.00770742 0.00704615 0.0111127 
0.347601 0.158081 0.0172851 0.458461 0.00569824 0.00618756 0.00668591 
0.371844 0.159365 0.0166001 0.431876 0.0076237 0.00467768 0.00801324 
0.390306 0.115042 0.0160334 0.458348 0.00767306 0.00453055 0.00806635 
0.436665 0.106895 0.0180203 0.421472 0.00529165 0.00397456 0.007682 
0.537654 0.111875 0.018295 0.314133 0.00532799 0.00508176 0.00763284 
0.466477 0.125348 0.0210714 0.368021 0.00435432 0.00693551 0.00779313 
0.482973 0.173022 0.0180249 0.30239 0.00701253 0.00676467 0.00981276 
0.450925 0.250901 0.0152296 0.252558 0.0128616 0.00772883 0.00979647 
0.429684 0.124139 0.0128362 0.404952 0.0162304 0.00439313 0.00776488 
0.564331 0.106935 0.0158575 0.289509 0.0115587 0.00424344 0.00756497 
0.481801 0.151899 0.0177555 0.326772 0.00765883 0.00639861 0.00771538 
0.445515 0.188886 0.019194 0.321097 0.00986667 0.00641138 0.00903033 
0.487081 0.195131 0.0148701 0.275546 0.012795 0.00646514 0.00811167 
0.464532 0.271042 0.0137835 0.224758 0.0108992 0.00723523 0.00775024 
0.473202 0.268394 0.0124605 0.215712 0.0143394 0.00788266 0.00800977 
0.398109 0.29679 0.0137796 0.257541 0.0158043 0.00844833 0.00952776 
0.402351 0.269087 0.016227 0.287492 0.00994686 0.00670427 0.00819249 
0.413772 0.176952 0.014142 0.361879 0.0192703 0.00536006 0.00862479 
0.352666 0.150984 0.0107041 0.436136 0.0380712 0.0040219 0.00741722 
0.385612 0.252343 0.0146084 0.321553 0.012865 0.00434374 0.00867422 
0.273699 0.220839 0.015034 0.44797 0.0253373 0.00684751 0.0102729 
0.244064 0.241978 0.0122071 0.457307 0.0294358 0.00595418 0.00905522 
0.294596 0.27521 0.0116423 0.379793 0.0244405 0.00537513 0.00894222 
0.302403 0.192616 0.0126859 0.441097 0.0353528 0.0058381 0.010007 
0.294055 0.327011 0.0125208 0.323455 0.0218817 0.00902934 0.0120459 
0.290047 0.546825 0.00459202 0.119516 0.02752 0.00454062 0.00695996 
0.249444 0.48285 0.00450902 0.193042 0.0585587 0.00445115 0.00714478 
0.228212 0.619181 0.00425129 0.114379 0.0219136 0.00445219 0.00761154 
0.292167 0.523645 0.00603175 0.140542 0.0224968 0.00523189 0.00988575 
0.317454 0.51661 0.00768751 0.136202 0.00944781 0.00470864 0.00788983 
0.303953 0.509695 0.00698797 0.153636 0.0128028 0.00448451 0.00844017 
0.367122 0.465073 0.00649908 0.132212 0.0164491 0.0047353 0.00790912 
0.330008 0.524978 0.00694044 0.111458 0.012398 0.00506914 0.00914847 
0.370688 0.432322 0.00787811 0.164885 0.0112772 0.00497296 0.00797681 
0.394243 0.364669 0.0121793 0.210593 0.00635728 0.00396243 0.00799616 
0.399248 0.344327 0.00917893 0.221147 0.0138553 0.0044373 0.00780686 
0.34474 0.396697 0.00863763 0.225901 0.0114305 0.00422387 0.00837097 
0.47218 0.253604 0.0143026 0.240334 0.00639166 0.00471514 0.00847256 
0.400845 0.412765 0.0112455 0.146975 0.00799091 0.00673124 0.0134469 
0.475958 0.310358 0.013202 0.175224 0.00823726 0.00728044 0.00974021 
0.362559 0.515282 0.00790674 0.0736114 0.0146429 0.0130616 0.0129365 
0.368259 0.507042 0.00816847 0.0835144 0.0136858 0.00831517 0.0110152 
0.404175 0.469854 0.00639861 0.083317 0.0216316 0.00681063 0.00781249 
0.420133 0.410654 0.00710039 0.132333 0.0162001 0.0057565 0.00782378 
0.55945 0.201338 0.0120912 0.20522 0.0108539 0.00474255 0.00630363 
0.543579 0.265705 0.0129479 0.156947 0.00819276 0.0054846 0.00714322 
0.490448 0.163875 0.013377 0.315705 0.00739191 0.00359166 0.00561118 
0.605925 0.200085 0.0148324 0.157026 0.00738175 0.00595457 0.00879429 
0.59084 0.203621 0.0126772 0.170379 0.00954555 0.00687055 0.00606709 
0.624043 0.156771 0.0192211 0.181277 0.00529143 0.00601251 0.00738414 
0.639257 0.207616 0.0151645 0.111987 0.00878589 0.0072885 0.00990068 
0.55445 0.2575 0.0111993 0.14577 0.0124869 0.00919753 0.00939571 
0.543753 0.207575 0.0145925 0.208252 0.00819973 0.00834984 0.00927828 
0.48791 0.301488 0.0100578 0.162259 0.0174644 0.0108472 0.00997346 
