0.842429 0.0219054 0.0298095 0.0770796 0.00833343 0.0017083 0.0187351 
0.641964 0.01825 0.0391422 0.281313 0.00413676 0.00127138 0.0139226 
0.721835 0.0158141 0.0284009 0.207623 0.00778971 0.00179474 0.0167431 
0.772163 0.0203341 0.0266351 0.15379 0.0077273 0.00179233 0.0175582 
0.790233 0.0116578 0.0444004 0.112136 0.00361644 0.00191758 0.0360386 
0.657831 0.0191384 0.0262599 0.266077 0.00927638 0.00221572 0.0192017 
0.757749 0.0148022 0.0382471 0.155663 0.00577816 0.00144837 0.026312 
0.754957 0.0261426 0.0221638 0.173274 0.00777858 0.00191545 0.0137686 
0.752922 0.0191428 0.0258745 0.168423 0.00941043 0.00183592 0.0223914 
0.722982 0.0446143 0.0154445 0.178749 0.0248492 0.00226844 0.0110928 
0.629411 0.0193847 0.0166461 0.310229 0.0125316 0.00206857 0.00972959 
0.748786 0.0168487 0.0166105 0.181815 0.0217023 0.00222364 0.0120133 
0.792454 0.0148859 0.029718 0.135 0.0071665 0.00158899 0.0191868 
0.81496 0.0193753 0.0198895 0.115282 0.0166073 0.00255634 0.0113297 
0.657623 0.0185156 0.0182842 0.280282 0.0159936 0.00139687 0.00790516 
0.730333 0.0160702 0.0238169 0.20355 0.013429 0.00125802 0.011543 
0.729769 0.0188587 0.0242004 0.206731 0.0096495 0.001481 0.00931068 
0.786315 0.0158247 0.0258228 0.144881 0.010742 0.00177104 0.0146439 
0.836172 0.016775 0.028628 0.0944956 0.00692284 0.00247413 0.0145326 
0.860459 0.0159514 0.0273333 0.0696495 0.00970175 0.00215733 0.014748 
0.813938 0.0201142 0.0299852 0.10184 0.00696862 0.00247312 0.024681 
0.84328 0.0169026 0.0363093 0.0739523 0.00432241 0.00182641 0.0234073 
0.72877 0.0142449 0.0413317 0.188958 0.00410825 0.00189144 0.0206956 
0.810587 0.02101 0.0326097 0.114443 0.0063701 0.00110807 0.0138725 
0.753087 0.0212386 0.0333411 0.168894 0.00520229 0.00167612 0.0165615 
0.645218 0.0227541 0.0265846 0.286446 0.00552118 0.00211268 0.0113633 
0.67047 0.0154086 0.0337943 0.257862 0.0065283 0.00176411 0.0141732 
0.783989 0.0188266 0.0314804 0.115658 0.0146256 0.00175539 0.033665 
0.759597 0.0292348 0.0227827 0.160575 0.0108377 0.00226549 0.0147079 
0.784595 0.0337838 0.0189793 0.124127 0.0197987 0.00256229 0.0161534 
0.744628 0.0256103 0.0185626 0.182692 0.01304 0.00184302 0.0136242 
0.787431 0.02558 0.0197485 0.134743 0.0149191 0.00232642 0.0152517 
0.764663 0.0298862 0.0168435 0.14547 0.023288 0.00327039 0.0165785 
0.774053 0.0230744 0.0197553 0.15331 0.0105784 0.00262473 0.0166042 
0.722017 0.0172962 0.0208568 0.208988 0.0143679 0.00165066 0.014824 
0.740157 0.0224932 0.0188448 0.192605 0.0130637 0.00171318 0.0111227 
0.826149 0.0238849 0.0146187 0.0905027 0.0268874 0.00212637 0.0158308 
0.847014 0.0197829 0.0222034 0.0780756 0.0136413 0.00230614 0.0169762 
0.779691 0.0167756 0.0307107 0.1479 0.0071544 0.00187644 0.0158919 
0.825893 0.0174972 0.0277939 0.102819 0.0109384 0.00177021 0.0132886 
0.799216 0.0153577 0.0272429 0.136611 0.0105351 0.00126474 0.00977265 
0.818643 0.0242668 0.0243938 0.11059 0.0101449 0.00151464 0.0104472 
0.74779 0.0193914 0.0250709 0.178715 0.00957772 0.0019942 0.0174608 
0.70444 0.0406524 0.0177662 0.205859 0.0169677 0.00273096 0.0115835 
0.720979 0.0272116 0.0223321 0.203772 0.0112784 0.00247877 0.0119478 
0.821505 0.0277722 0.0207988 0.0996459 0.015938 0.00251846 0.0118215 
0.73551 0.0373412 0.0179971 0.184394 0.0142642 0.00204276 0.00845089 
0.76121 0.0294171 0.0248809 0.161577 0.00910703 0.00164236 0.0121652 
0.585813 0.0176813 0.0188061 0.35646 0.012933 0.00137584 0.00693083 
0.833146 0.0212006 0.0298045 0.0885556 0.00797067 0.00181193 0.017511 
0.834181 0.0200254 0.0203637 0.0959771 0.0163846 0.00198848 0.0110802 
0.821038 0.0152251 0.0230294 0.113396 0.0153848 0.00166489 0.0102615 
0.838229 0.0211844 0.0234877 0.0911295 0.0118938 0.00195006 0.0121251 
0.821334 0.0189392 0.0203079 0.106843 0.0204165 0.0019355 0.0102234 
0.748587 0.0175212 0.0204231 0.188129 0.0152046 0.00179437 0.00834099 
0.842619 0.0271401 0.0160295 0.0721522 0.0299011 0.00195877 0.0101996 
0.821458 0.0420207 0.0150284 0.0794118 0.0280734 0.00245794 0.0115498 
0.823704 0.0586738 0.0195144 0.0654024 0.0148584 0.00319866 0.014648 
0.830247 0.0227451 0.0229959 0.0919175 0.0125625 0.00203564 0.0174966 
0.712004 0.0358578 0.0186385 0.210042 0.0119927 0.00146453 0.0100005 
0.688079 0.0238674 0.0263973 0.242701 0.00719558 0.00124367 0.0105166 
0.7892 0.0245452 0.0320915 0.123145 0.00670077 0.00103227 0.0232851 
0.775483 0.0313192 0.0207265 0.142122 0.0158802 0.00129585 0.0131734 
0.751384 0.0242089 0.0252389 0.165479 0.0127902 0.00139956 0.0194996 
0.768003 0.0416763 0.0163734 0.130101 0.0264905 0.0030213 0.0143341 
0.791414 0.0390649 0.017128 0.116537 0.0212224 0.00236709 0.0122667 
0.762506 0.0201687 0.0385613 0.152194 0.0046914 0.00153883 0.0203397 
0.789657 0.0329239 0.0223205 0.127432 0.0125546 0.0017633 0.0133491 
0.787247 0.018788 0.0273861 0.141166 0.00907998 0.00139224 0.0149398 
0.799608 0.0201849 0.0220634 0.128677 0.0145657 0.00180434 0.0130967 
0.851161 0.0181567 0.0228915 0.0737471 0.0130781 0.0027549 0.0182108 
