0.68261 0.0352328 0.0211732 0.225615 0.0097668 0.00693326 0.0186685 
0.794519 0.0458311 0.0209589 0.0985864 0.013157 0.0080045 0.0189428 
0.777063 0.0372662 0.0249794 0.125084 0.00635764 0.0075424 0.0217067 
0.766974 0.0391281 0.0286348 0.122551 0.00578922 0.00637205 0.0305507 
0.53069 0.0461252 0.0205674 0.364001 0.0096211 0.00534479 0.0236508 
0.502678 0.032726 0.0187199 0.416842 0.00819634 0.00498491 0.0158523 
0.730268 0.038462 0.0203139 0.171914 0.0114026 0.00641335 0.0212271 
0.631041 0.0611992 0.0159895 0.253445 0.017681 0.00571561 0.0149291 
0.722516 0.0433319 0.0202906 0.159142 0.0200948 0.00591674 0.0287078 
0.78531 0.0456275 0.021103 0.101214 0.0115451 0.00861712 0.0265835 
0.731582 0.0239364 0.0320134 0.163687 0.00643031 0.00410568 0.0382454 
0.811969 0.0242484 0.0303011 0.0735622 0.00671537 0.00375289 0.0494513 
0.830346 0.044093 0.0247626 0.0583776 0.00577056 0.00505453 0.031596 
0.85553 0.0330065 0.0270159 0.0470832 0.00453278 0.00477276 0.0280587 
0.856332 0.0352569 0.0231662 0.0612605 0.00610702 0.0045465 0.0133304 
0.855989 0.0317915 0.0268172 0.0568881 0.00352153 0.00657407 0.0184183 
0.869595 0.0270651 0.0253726 0.0439466 0.00413312 0.00613787 0.0237493 
0.87345 0.0227413 0.0277605 0.0381146 0.00416327 0.00711029 0.0266603 
0.854022 0.0204076 0.0326965 0.0465236 0.00399699 0.00634174 0.0360113 
0.857523 0.0224635 0.0306715 0.0457968 0.00446561 0.00479057 0.0342886 
0.830323 0.0300563 0.0269892 0.0768394 0.00531681 0.00486062 0.0256149 
0.82261 0.0247762 0.0333229 0.063404 0.00404334 0.00673173 0.0451119 
0.841278 0.0278596 0.0296516 0.0479379 0.0055687 0.00768229 0.0400221 
0.831157 0.0347253 0.0262132 0.0622885 0.00916433 0.00689952 0.0295523 
0.818259 0.0307996 0.0279743 0.0609061 0.0070712 0.00770493 0.0472844 
0.78629 0.042638 0.0231596 0.106737 0.00748695 0.00696599 0.0267229 
0.837618 0.028172 0.0312172 0.0534302 0.00413397 0.0052244 0.0402044 
0.847457 0.0255734 0.0341369 0.0273328 0.00492205 0.0042223 0.0563552 
0.858589 0.0343105 0.0302116 0.0304466 0.00671223 0.00529616 0.0344342 
0.858949 0.0290157 0.030548 0.0355479 0.00553375 0.00509337 0.0353126 
0.817082 0.0119371 0.0532968 0.0199172 0.00185508 0.0111504 0.0847615 
0.793482 0.0155753 0.0531579 0.00511976 0.00143728 0.0184759 0.112752 
0.784963 0.0194665 0.0449534 0.00738192 0.00178491 0.0232434 0.118207 
0.853816 0.0171149 0.0469639 0.013144 0.00228635 0.0109305 0.0557445 
0.849918 0.0157595 0.0497559 0.0110033 0.00279532 0.0137466 0.0570213 
0.750892 0.0120495 0.0599624 0.00741693 0.00302864 0.0250802 0.141571 
0.794837 0.0170204 0.0462154 0.00723075 0.00389512 0.0273871 0.103414 
0.779256 0.0138753 0.0566689 0.0124987 0.00299166 0.0216327 0.113077 
0.819183 0.0121375 0.0517839 0.0148893 0.00313618 0.0146129 0.0842573 
0.774238 0.0128954 0.0571775 0.00784394 0.00229333 0.0245103 0.121042 
0.780678 0.0132002 0.0605609 0.00836815 0.00339979 0.0147615 0.119031 
0.754758 0.0120028 0.0622766 0.010291 0.00410857 0.0136717 0.142891 
0.791944 0.0132521 0.0551843 0.0348096 0.0055959 0.00789907 0.091315 
0.72472 0.0155357 0.0507995 0.0143526 0.00547122 0.0119108 0.17721 
0.77385 0.0207374 0.0839366 0.0592076 0.0261731 0.00218044 0.0339152 
0.746909 0.016471 0.111747 0.0343353 0.0279907 0.00269215 0.0598552 
0.743152 0.0177099 0.129249 0.0338972 0.0167572 0.00261687 0.0566188 
0.749909 0.016573 0.112716 0.0506041 0.0247539 0.00235899 0.0430849 
0.704812 0.0153071 0.125442 0.0481086 0.0481039 0.00234901 0.0558781 
0.648199 0.00966575 0.159059 0.0659868 0.0282507 0.00200222 0.086837 
0.65435 0.0118438 0.147419 0.0834451 0.0304227 0.00212479 0.0703941 
0.682613 0.00856583 0.161201 0.0544312 0.0215312 0.00177107 0.0698866 
0.711302 0.0125919 0.139005 0.0328246 0.0186615 0.00234713 0.0832676 
0.77037 0.0163841 0.104562 0.0287313 0.0295688 0.00239625 0.0479876 
0.800913 0.0139528 0.088027 0.0389786 0.0159093 0.00214018 0.0400792 
0.812907 0.0151695 0.0901147 0.0427251 0.00912227 0.00161494 0.028347 
0.824573 0.0138753 0.094514 0.026233 0.0107102 0.00169283 0.028402 
0.806679 0.0161189 0.0836528 0.0483386 0.0150772 0.00185231 0.0282815 
0.808724 0.0119766 0.0751001 0.0614614 0.0201143 0.00182403 0.0207995 
0.790122 0.0127304 0.0803262 0.0651345 0.0232959 0.00196337 0.0264279 
0.802972 0.0105189 0.0818536 0.0610351 0.0169094 0.00161933 0.0250915 
0.838251 0.0136731 0.0630703 0.0421363 0.0202299 0.00162045 0.0210188 
0.821296 0.0110089 0.0807254 0.04163 0.017384 0.00155612 0.0264 
0.789134 0.0107714 0.0898963 0.0616336 0.0208106 0.00164241 0.0261121 
0.787826 0.00995192 0.0879047 0.0609595 0.0249822 0.00153583 0.0268399 
0.797208 0.0111197 0.0942587 0.0578408 0.0142238 0.00151379 0.0238349 
0.807749 0.0138317 0.0809134 0.0459708 0.0229772 0.00225111 0.0263064 
0.82368 0.0146045 0.0645411 0.0584494 0.0170762 0.00185776 0.0197913 
0.794107 0.0123242 0.0713306 0.0857151 0.0142612 0.0016393 0.0206222 
0.778937 0.0092925 0.103691 0.0610646 0.0133951 0.00142336 0.0321959 
0.832108 0.0185729 0.0727815 0.0426231 0.0100026 0.00168112 0.0222311 
0.761324 0.0105128 0.0741554 0.119244 0.0116674 0.00156282 0.0215338 
0.80927 0.0168299 0.0669889 0.0619917 0.0180765 0.00236414 0.0244787 
0.807966 0.0126048 0.0619126 0.0781359 0.0151886 0.00207116 0.0221205 
0.828998 0.0177397 0.0599367 0.0511694 0.0192825 0.00231942 0.0205542 
0.758204 0.0229969 0.0536881 0.0912573 0.0436272 0.00425346 0.0259732 
0.81634 0.0184676 0.0617153 0.0571884 0.0173128 0.00247521 0.0265008 
0.833648 0.0166579 0.0658774 0.0435685 0.0120415 0.00236319 0.0258438 
0.831362 0.0236954 0.0699558 0.0319386 0.013866 0.00261871 0.0265639 
0.840822 0.021551 0.0702033 0.0230022 0.0158889 0.00293241 0.0256004 
0.839643 0.0246122 0.0492199 0.0459776 0.0197635 0.00258694 0.0181973 
0.831938 0.0176946 0.072111 0.035477 0.0159311 0.00285426 0.0239937 
0.830192 0.0151549 0.0719794 0.0406241 0.0131353 0.00194431 0.0269701 
0.780731 0.0134748 0.0955103 0.056467 0.0151964 0.00235505 0.0362649 
0.788364 0.019482 0.0813754 0.0742422 0.00842527 0.00256518 0.025546 
0.780422 0.0140134 0.0705694 0.100266 0.013195 0.00208484 0.0194493 
0.725774 0.0146697 0.0696518 0.15052 0.0160163 0.00210523 0.0212624 
0.765144 0.00925866 0.0993757 0.094505 0.00705382 0.00142393 0.0232391 
0.716455 0.0281815 0.169032 0.0115722 0.038534 0.00388907 0.0323366 
0.71758 0.0171739 0.149443 0.0315033 0.0356136 0.00307981 0.0456061 
0.730063 0.0163417 0.148453 0.0653396 0.0122393 0.005217 0.0223462 
0.779707 0.0204904 0.0777258 0.0396911 0.0566785 0.0043732 0.0213343 
0.700401 0.0133058 0.144925 0.0401417 0.0586672 0.00535222 0.0372077 
0.618543 0.0339922 0.126987 0.0170302 0.158304 0.00843356 0.0367096 
0.629603 0.0375599 0.116207 0.016497 0.14912 0.00649315 0.0445195 
0.717827 0.0220862 0.116848 0.0179811 0.0652158 0.00295201 0.0570898 
0.719006 0.0244515 0.13543 0.0173007 0.0561191 0.00356076 0.0441314 
0.686625 0.0324599 0.12174 0.0259793 0.0837887 0.00596821 0.0434391 
0.734891 0.0234004 0.0937711 0.0328036 0.0673332 0.00377868 0.044022 
0.754916 0.0318336 0.0768311 0.0349813 0.0633909 0.00309764 0.0349494 
0.787853 0.0202073 0.0676732 0.0475677 0.0473359 0.00276652 0.0265964 
0.771356 0.0189053 0.0715706 0.0704912 0.0369477 0.00223676 0.0284928 
0.766569 0.0315482 0.0360679 0.0768152 0.0630382 0.00250616 0.0234554 
0.716455 0.0281815 0.169032 0.0115722 0.038534 0.00388907 0.0323366 
0.71758 0.0171739 0.149443 0.0315033 0.0356136 0.00307981 0.0456061 
0.730063 0.0163417 0.148453 0.0653396 0.0122393 0.005217 0.0223462 
0.779707 0.0204904 0.0777258 0.0396911 0.0566785 0.0043732 0.0213343 
0.700401 0.0133058 0.144925 0.0401417 0.0586672 0.00535222 0.0372077 
0.618543 0.0339922 0.126987 0.0170302 0.158304 0.00843356 0.0367096 
0.629603 0.0375599 0.116207 0.016497 0.14912 0.00649315 0.0445195 
0.717827 0.0220862 0.116848 0.0179811 0.0652158 0.00295201 0.0570898 
0.719006 0.0244515 0.13543 0.0173007 0.0561191 0.00356076 0.0441314 
0.686625 0.0324599 0.12174 0.0259793 0.0837887 0.00596821 0.0434391 
0.734891 0.0234004 0.0937711 0.0328036 0.0673332 0.00377868 0.044022 
0.754916 0.0318336 0.0768311 0.0349813 0.0633909 0.00309764 0.0349494 
0.787853 0.0202073 0.0676732 0.0475677 0.0473359 0.00276652 0.0265964 
0.771356 0.0189053 0.0715706 0.0704912 0.0369477 0.00223676 0.0284928 
0.766569 0.0315482 0.0360679 0.0768152 0.0630382 0.00250616 0.0234554 
0.683009 0.0155399 0.159468 0.0323151 0.0303848 0.00218414 0.0770984 
0.708666 0.0169668 0.132219 0.0435395 0.0318929 0.00245541 0.0642602 
0.698298 0.0211021 0.0668368 0.0456202 0.125205 0.00294015 0.0399978 
0.728284 0.0180119 0.0785472 0.051395 0.0797585 0.00274137 0.0412622 
0.719234 0.024439 0.0740358 0.0509918 0.0869371 0.00329428 0.0410683 
0.711525 0.0195277 0.0830287 0.0526664 0.087855 0.00298867 0.0424082 
0.644761 0.0234279 0.083776 0.035869 0.153504 0.00336977 0.0552927 
0.67497 0.0217791 0.077946 0.05615 0.119351 0.00299653 0.0468073 
0.68725 0.0196445 0.0850576 0.055296 0.099188 0.00305987 0.0505042 
0.682808 0.0252794 0.0894303 0.0299443 0.109831 0.00325928 0.059448 
0.696911 0.0235294 0.0557013 0.044769 0.135937 0.00327175 0.0398798 
0.69165 0.0241305 0.0754786 0.0530156 0.108782 0.00341256 0.0435306 
0.735355 0.0204507 0.06887 0.0652562 0.0677575 0.00281353 0.0394968 
0.697323 0.0250337 0.079774 0.0446042 0.099187 0.00343843 0.0506395 
0.710931 0.0269685 0.0748279 0.0355201 0.100502 0.00377859 0.0474725 
0.77463 0.0190063 0.0620949 0.106942 0.00841626 0.00216058 0.0267497 
0.750265 0.0145289 0.0751154 0.110632 0.00701332 0.00223903 0.0402066 
0.753402 0.0163983 0.0766522 0.108515 0.00740699 0.00230662 0.0353195 
0.7496 0.0132602 0.075739 0.114534 0.00865979 0.00275087 0.0354566 
0.695041 0.019413 0.0554291 0.189365 0.0116188 0.0024959 0.0266372 
0.786286 0.0227915 0.0464994 0.104974 0.0172534 0.00275907 0.0194367 
0.748722 0.0247147 0.0520072 0.139098 0.0111152 0.00286742 0.0214753 
0.707733 0.0201638 0.0836968 0.150149 0.00446339 0.00191916 0.0318751 
0.691861 0.0223706 0.078937 0.163979 0.00460955 0.00272263 0.0355204 
0.734349 0.016477 0.0801887 0.120371 0.00395173 0.00270546 0.0419569 
0.792022 0.0162 0.0790126 0.0602657 0.00571421 0.00340318 0.0433824 
0.791972 0.0163518 0.090311 0.0515477 0.00366984 0.00304719 0.0431006 
0.807345 0.0165938 0.0793142 0.0503606 0.00474773 0.00293366 0.0387047 
0.757375 0.018852 0.0647469 0.124979 0.00443606 0.00240127 0.0272097 
0.818625 0.020763 0.110114 0.0107973 0.00375398 0.00661638 0.0293301 
0.827247 0.020153 0.0865788 0.0242645 0.00474689 0.00442223 0.0325878 
0.818641 0.0189542 0.095766 0.0156725 0.00436593 0.00345897 0.0431412 
0.820026 0.0230914 0.0953931 0.0151709 0.00598633 0.00620135 0.0341309 
0.847079 0.0146594 0.0754322 0.0243335 0.00423059 0.00535832 0.0289073 
0.849898 0.0171345 0.0752002 0.019107 0.00263174 0.00541389 0.0306152 
0.819724 0.0124064 0.109277 0.0147587 0.00141873 0.00500253 0.037412 
0.821978 0.0179027 0.103798 0.0129314 0.00201173 0.00590203 0.0354762 
0.844307 0.0151668 0.0857772 0.0176556 0.00264225 0.00424826 0.0302025 
0.840147 0.0178633 0.0791955 0.0276817 0.00343502 0.00423011 0.027447 
0.830786 0.0130726 0.09657 0.013052 0.00141527 0.00410139 0.0410032 
0.825332 0.0117466 0.0950375 0.015725 0.0024955 0.00366328 0.0460001 
0.805447 0.00990718 0.118029 0.0107495 0.00224295 0.00350854 0.050116 
0.801113 0.0135847 0.105878 0.0250245 0.00536135 0.00341636 0.0456226 
0.726515 0.00919585 0.162844 0.0307606 0.00341603 0.00282498 0.064444 
0.789213 0.0139887 0.120586 0.0201518 0.00413972 0.00282535 0.0490949 
0.77521 0.0148664 0.133071 0.0110683 0.00428226 0.00379007 0.0577129 
0.770051 0.0133886 0.119981 0.0101116 0.00502078 0.00464416 0.0768024 
0.781849 0.012078 0.116811 0.0150106 0.00715611 0.00501745 0.0620779 
0.753466 0.0127179 0.136794 0.0220722 0.00639253 0.00419562 0.0643618 
0.711414 0.00885497 0.146336 0.0379989 0.00443244 0.00367727 0.0872866 
0.76259 0.00857385 0.141156 0.0307576 0.00430424 0.00279552 0.0498228 
0.80304 0.00831371 0.108059 0.0241875 0.00323723 0.00341733 0.0497455 
0.7896 0.0115482 0.101598 0.04126 0.00271557 0.00330091 0.0499774 
0.768508 0.0102392 0.102229 0.0633903 0.00328753 0.00288974 0.0494559 
0.696149 0.0139816 0.0991062 0.128962 0.0025105 0.00576553 0.053526 
0.774326 0.01051 0.0942995 0.0645548 0.0021859 0.00390895 0.0502149 
0.797774 0.00965147 0.0930072 0.0358714 0.00293462 0.00381581 0.0569454 
0.806968 0.0143571 0.0867745 0.0385812 0.00421643 0.00515491 0.0439475 
0.819148 0.0132349 0.0930472 0.0235031 0.00311555 0.00417378 0.0437776 
