0.881068 0.0134319 0.0418301 0.0302231 0.00511296 0.00340818 0.0249256 
0.845393 0.0107917 0.0612354 0.024896 0.00253808 0.00276979 0.0523755 
0.846351 0.00895822 0.0601017 0.041393 0.00243977 0.00331914 0.0374371 
0.835105 0.0106729 0.0598616 0.0171615 0.00189544 0.00444557 0.070858 
0.82524 0.00989376 0.0595453 0.0162162 0.00219087 0.00328577 0.0836282 
0.846241 0.0123406 0.0522863 0.0255826 0.00306665 0.00314461 0.0573387 
0.806068 0.0111711 0.0745107 0.024337 0.00223275 0.0023185 0.0793615 
0.783525 0.0115853 0.0754173 0.0280314 0.00124277 0.00319352 0.0970046 
0.857176 0.0110026 0.0613967 0.0244565 0.00217711 0.00196806 0.0418234 
0.852036 0.00978995 0.061427 0.0263148 0.00226962 0.0028816 0.0452808 
0.812579 0.0091029 0.0797947 0.023533 0.00159901 0.00257166 0.0708202 
0.853038 0.0108297 0.0556311 0.0249984 0.00298349 0.00366701 0.0488523 
0.836931 0.0102564 0.0680052 0.0311069 0.00192272 0.00265486 0.0491235 
0.829561 0.0132865 0.0630751 0.0385502 0.00223748 0.0044187 0.048871 
0.828626 0.0104726 0.0757292 0.0299078 0.00182961 0.00183772 0.051597 
0.823561 0.0133667 0.0581219 0.0538735 0.00314894 0.00278142 0.0451466 
0.81871 0.0103418 0.0638197 0.0480318 0.00299456 0.00290264 0.0531999 
0.846272 0.0138319 0.0558935 0.0467028 0.00312886 0.00252206 0.0316489 
0.836392 0.0140844 0.0610527 0.030224 0.00254194 0.00276892 0.0529357 
0.862868 0.014644 0.046074 0.0236516 0.00573339 0.00433587 0.0426934 
0.853584 0.0145949 0.0512184 0.0419737 0.00342724 0.00276342 0.0324385 
0.854607 0.0222955 0.0407019 0.0430528 0.00661793 0.0030391 0.0296859 
0.819747 0.0148746 0.0609248 0.0521815 0.00185711 0.00211308 0.0483017 
0.82093 0.00960363 0.0693589 0.0476797 0.00250438 0.00242951 0.0474934 
0.832838 0.0116256 0.0622673 0.023073 0.00312434 0.00252789 0.0645443 
0.842563 0.0122577 0.0569435 0.033918 0.00347176 0.00306949 0.0477768 
0.839969 0.0195458 0.0518589 0.041486 0.00336045 0.00211816 0.0416614 
0.846543 0.0184007 0.0444279 0.0525147 0.00522712 0.00272401 0.0301629 
0.849411 0.0131165 0.0552245 0.0413104 0.00593324 0.00242223 0.0325824 
0.85669 0.0108016 0.047151 0.043755 0.0078057 0.00222212 0.0315748 
0.866931 0.0100962 0.0450813 0.0347939 0.00614719 0.00307776 0.0338731 
0.857723 0.0116003 0.0584892 0.0286105 0.00295265 0.00266598 0.0379587 
0.847403 0.0132009 0.0571985 0.0198672 0.00182309 0.00286358 0.0576441 
0.786884 0.0105285 0.0735202 0.0301526 0.00154695 0.00224104 0.095127 
0.831328 0.0129298 0.0664954 0.0347089 0.00251672 0.00314215 0.0488792 
0.784995 0.00726223 0.0857451 0.0182986 0.00130763 0.00279784 0.0995933 
0.821366 0.0104593 0.064821 0.0205276 0.0032798 0.00230437 0.0772415 
0.806965 0.0149292 0.0672676 0.0177188 0.00283003 0.00314759 0.0871418 
0.719734 0.0113411 0.086372 0.0121332 0.00132258 0.00225424 0.166843 
0.732517 0.0112748 0.0887895 0.0361151 0.00163057 0.0015823 0.12809 
0.75272 0.0099646 0.10137 0.0316945 0.00119838 0.00251011 0.100542 
0.790286 0.0098764 0.0775405 0.0334317 0.0019681 0.00261663 0.0842806 
0.82654 0.00908432 0.0727154 0.0417507 0.0020201 0.0018502 0.0460394 
0.784023 0.00844484 0.0949347 0.0453607 0.00192953 0.00177203 0.0635353 
0.828637 0.0103382 0.0634753 0.0597003 0.00306375 0.00220722 0.0325783 
0.747661 0.0124118 0.0627179 0.123452 0.00336897 0.00345105 0.0469369 
0.790461 0.00948824 0.0688335 0.105662 0.00246785 0.00256099 0.0205271 
0.771376 0.0100557 0.0754359 0.0780144 0.00232284 0.00267456 0.0601205 
0.797246 0.00780657 0.0804449 0.0350167 0.00234256 0.0019687 0.075175 
0.822283 0.0117526 0.0758361 0.0460109 0.00160072 0.00254357 0.0399732 
0.849497 0.010777 0.0715752 0.0307 0.00189962 0.00213583 0.0334155 
0.866881 0.00918748 0.0631391 0.0238277 0.0028489 0.00381304 0.0303032 
0.862346 0.0112543 0.0506206 0.0377807 0.00627552 0.00261001 0.0291133 
0.84248 0.0143659 0.0545997 0.0363887 0.00353808 0.00365923 0.0449683 
0.850932 0.0147502 0.050703 0.0233042 0.00271068 0.00278897 0.0548108 
0.845276 0.01555 0.048715 0.0263276 0.00362389 0.00436571 0.056142 
0.854802 0.0165238 0.0444752 0.0315028 0.00993769 0.00240487 0.0403538 
0.834738 0.00967976 0.0371043 0.0804781 0.00762983 0.00451609 0.0258543 
0.835996 0.00925403 0.0470388 0.0693164 0.00415806 0.00461587 0.0296211 
0.830331 0.0106802 0.0414606 0.0802806 0.00520871 0.00342587 0.028613 
0.825345 0.0108013 0.050374 0.0618389 0.00371427 0.00270799 0.0452185 
0.864343 0.010909 0.0482228 0.0465059 0.00316512 0.00240734 0.024447 
0.840172 0.011298 0.0473444 0.0591957 0.00302692 0.00302438 0.0359386 
0.811839 0.00892331 0.0584041 0.0373655 0.00237297 0.0023954 0.0786998 
0.815559 0.00985635 0.0565897 0.0793507 0.00277721 0.00221074 0.0336567 
0.808878 0.00843885 0.0580855 0.0685706 0.00317264 0.00243587 0.0504187 
0.824481 0.0077407 0.0677806 0.0647162 0.00264574 0.00282856 0.0298072 
0.846821 0.0131694 0.0405046 0.0726222 0.00336233 0.00302186 0.0204987 
0.859383 0.0141442 0.04171 0.0527089 0.00434148 0.00368897 0.0240237 
0.838413 0.0109593 0.0450207 0.0763706 0.00352053 0.00232492 0.0233908 
0.841932 0.0116457 0.052095 0.0616169 0.00231294 0.00202304 0.0283741 
0.834738 0.00967976 0.0371043 0.0804781 0.00762983 0.00451609 0.0258543 
0.835996 0.00925403 0.0470388 0.0693164 0.00415806 0.00461587 0.0296211 
0.830331 0.0106802 0.0414606 0.0802806 0.00520871 0.00342587 0.028613 
0.825345 0.0108013 0.050374 0.0618389 0.00371427 0.00270799 0.0452185 
0.864343 0.010909 0.0482228 0.0465059 0.00316512 0.00240734 0.024447 
0.840172 0.011298 0.0473444 0.0591957 0.00302692 0.00302438 0.0359386 
0.811839 0.00892331 0.0584041 0.0373655 0.00237297 0.0023954 0.0786998 
0.815559 0.00985635 0.0565897 0.0793507 0.00277721 0.00221074 0.0336567 
0.808878 0.00843885 0.0580855 0.0685706 0.00317264 0.00243587 0.0504187 
0.824481 0.0077407 0.0677806 0.0647162 0.00264574 0.00282856 0.0298072 
0.846821 0.0131694 0.0405046 0.0726222 0.00336233 0.00302186 0.0204987 
0.859383 0.0141442 0.04171 0.0527089 0.00434148 0.00368897 0.0240237 
0.838413 0.0109593 0.0450207 0.0763706 0.00352053 0.00232492 0.0233908 
0.841932 0.0116457 0.052095 0.0616169 0.00231294 0.00202304 0.0283741 
0.861224 0.0128926 0.0492587 0.038181 0.00529434 0.00313986 0.030009 
0.875385 0.0105272 0.048406 0.0236906 0.00637316 0.00308852 0.0325293 
0.849333 0.0135696 0.0416432 0.053168 0.00790179 0.00345368 0.0309306 
0.832361 0.0153002 0.0571383 0.0721197 0.0027062 0.002614 0.0177608 
0.835536 0.0137669 0.059014 0.0533554 0.00303623 0.00209905 0.0331925 
0.862463 0.0105188 0.0543499 0.0290593 0.00522821 0.00233998 0.0360411 
0.874612 0.0130366 0.0391508 0.0356857 0.0107402 0.00360066 0.0231738 
0.825995 0.00949352 0.0742968 0.0297003 0.00238832 0.00210341 0.056023 
0.853854 0.0138831 0.0414754 0.0516558 0.0111268 0.00278288 0.0252223 
0.870616 0.0106 0.0598226 0.0147284 0.00383499 0.00254915 0.0378489 
0.877594 0.00897598 0.0501274 0.0245928 0.0070039 0.00311822 0.0285874 
0.853515 0.0117986 0.0559036 0.0195213 0.00296265 0.00247421 0.0538246 
0.852824 0.0115288 0.0629634 0.0312443 0.00360716 0.002188 0.0356444 
0.874991 0.0111829 0.0560127 0.0235923 0.00350841 0.00276742 0.0279449 
0.858031 0.0119187 0.052605 0.0360626 0.0028338 0.0032948 0.0352544 
0.87007 0.010388 0.0510223 0.0218477 0.00493779 0.00328167 0.0384521 
0.869268 0.0109717 0.049771 0.0219384 0.00407127 0.00398384 0.0399959 
0.850064 0.00919969 0.0447754 0.0434479 0.0179187 0.00296853 0.0316255 
0.865613 0.00842138 0.0607127 0.0198483 0.0054246 0.00288985 0.0370902 
0.833818 0.0104823 0.0388957 0.0517404 0.0300236 0.00479771 0.0302422 
0.860429 0.00705733 0.0586343 0.0296295 0.00730311 0.00579975 0.0311469 
0.814778 0.00709162 0.0787114 0.00843073 0.00403907 0.00334838 0.0836008 
0.835744 0.00711078 0.0769827 0.0102956 0.00565724 0.00403426 0.0601751 
0.864369 0.0104066 0.0564955 0.0131142 0.00318908 0.00418367 0.0482418 
0.853644 0.00857378 0.0657393 0.0146292 0.0028031 0.00390668 0.0507039 
0.86161 0.0174882 0.0496005 0.0175594 0.0046556 0.00314525 0.0459407 
0.824131 0.0121349 0.0486805 0.0365652 0.00493619 0.00340783 0.0701441 
0.834441 0.0100796 0.0481917 0.0475373 0.00998368 0.00277822 0.0469889 
0.837543 0.0123182 0.0542138 0.0235516 0.00713324 0.00261423 0.0626257 
0.846673 0.011596 0.0586601 0.0223669 0.00393868 0.0020619 0.0547033 
0.834738 0.00967976 0.0371043 0.0804781 0.00762983 0.00451609 0.0258543 
0.835996 0.00925403 0.0470388 0.0693164 0.00415806 0.00461587 0.0296211 
0.830331 0.0106802 0.0414606 0.0802806 0.00520871 0.00342587 0.028613 
0.825345 0.0108013 0.050374 0.0618389 0.00371427 0.00270799 0.0452185 
0.864343 0.010909 0.0482228 0.0465059 0.00316512 0.00240734 0.024447 
0.840172 0.011298 0.0473444 0.0591957 0.00302692 0.00302438 0.0359386 
0.811839 0.00892331 0.0584041 0.0373655 0.00237297 0.0023954 0.0786998 
0.815559 0.00985635 0.0565897 0.0793507 0.00277721 0.00221074 0.0336567 
0.808878 0.00843885 0.0580855 0.0685706 0.00317264 0.00243587 0.0504187 
0.824481 0.0077407 0.0677806 0.0647162 0.00264574 0.00282856 0.0298072 
0.846821 0.0131694 0.0405046 0.0726222 0.00336233 0.00302186 0.0204987 
0.859383 0.0141442 0.04171 0.0527089 0.00434148 0.00368897 0.0240237 
0.838413 0.0109593 0.0450207 0.0763706 0.00352053 0.00232492 0.0233908 
0.841932 0.0116457 0.052095 0.0616169 0.00231294 0.00202304 0.0283741 
0.851738 0.00969753 0.0628658 0.0303846 0.00316956 0.00187183 0.040273 
0.862748 0.0149363 0.0457683 0.0144396 0.00433787 0.00362276 0.0541471 
0.845913 0.0118665 0.054729 0.0295387 0.00283307 0.00271186 0.0524084 
0.850747 0.0102382 0.0616071 0.0253307 0.00334872 0.00253525 0.0461931 
0.852915 0.0114594 0.0622839 0.0270825 0.00242158 0.00324145 0.0405962 
0.861212 0.0127442 0.0504016 0.0357099 0.00488307 0.00314084 0.0319089 
0.853672 0.0113096 0.0467281 0.0484899 0.00557723 0.00309173 0.0311315 
0.870817 0.0109094 0.0468042 0.0321087 0.00600463 0.00260858 0.030747 
0.873722 0.0109727 0.0484549 0.0193274 0.00517337 0.00383228 0.0385178 
0.878503 0.0121632 0.0452752 0.0292941 0.00514712 0.00408342 0.0255342 
0.857987 0.0120854 0.0452618 0.052202 0.00784054 0.00387311 0.0207501 
0.853684 0.0116957 0.0421134 0.066581 0.00530532 0.00316962 0.0174506 
0.864784 0.011386 0.0475959 0.0463662 0.00403279 0.00272945 0.0231058 
0.864134 0.00950058 0.0566336 0.0337869 0.0024765 0.00242639 0.0310415 
0.822184 0.0110966 0.0576952 0.0634591 0.00235798 0.00243913 0.0407676 
0.834738 0.00967976 0.0371043 0.0804781 0.00762983 0.00451609 0.0258543 
0.835996 0.00925403 0.0470388 0.0693164 0.00415806 0.00461587 0.0296211 
0.830331 0.0106802 0.0414606 0.0802806 0.00520871 0.00342587 0.028613 
0.825345 0.0108013 0.050374 0.0618389 0.00371427 0.00270799 0.0452185 
0.864343 0.010909 0.0482228 0.0465059 0.00316512 0.00240734 0.024447 
0.840172 0.011298 0.0473444 0.0591957 0.00302692 0.00302438 0.0359386 
0.811839 0.00892331 0.0584041 0.0373655 0.00237297 0.0023954 0.0786998 
0.815559 0.00985635 0.0565897 0.0793507 0.00277721 0.00221074 0.0336567 
0.808878 0.00843885 0.0580855 0.0685706 0.00317264 0.00243587 0.0504187 
0.824481 0.0077407 0.0677806 0.0647162 0.00264574 0.00282856 0.0298072 
0.846821 0.0131694 0.0405046 0.0726222 0.00336233 0.00302186 0.0204987 
0.859383 0.0141442 0.04171 0.0527089 0.00434148 0.00368897 0.0240237 
0.838413 0.0109593 0.0450207 0.0763706 0.00352053 0.00232492 0.0233908 
0.841932 0.0116457 0.052095 0.0616169 0.00231294 0.00202304 0.0283741 
0.857637 0.00941676 0.0655845 0.0163024 0.0016785 0.00304522 0.0463352 
0.821735 0.00907633 0.0810675 0.0421457 0.00165259 0.00221729 0.0421052 
0.841405 0.00860043 0.071903 0.024698 0.00217879 0.00293397 0.0482807 
0.85288 0.00994909 0.0637152 0.0288948 0.00490283 0.00301878 0.0366388 
0.829721 0.0103605 0.0706702 0.0325228 0.0020885 0.00281089 0.0518265 
0.852636 0.00901484 0.0660978 0.0230999 0.00292011 0.0030911 0.0431407 
0.848042 0.00899199 0.0599566 0.0283394 0.00535799 0.00327667 0.0460351 
0.831354 0.00934592 0.0709644 0.0262191 0.00360836 0.00170296 0.0568049 
0.8186 0.0107531 0.0641936 0.030297 0.0031446 0.00306241 0.0699497 
0.822143 0.00810658 0.0766744 0.0219082 0.00435379 0.00247991 0.0643343 
0.842727 0.00803372 0.0634646 0.0324531 0.00554055 0.00304561 0.0447355 
0.818111 0.0084772 0.0608759 0.066269 0.00674398 0.00311011 0.0364132 
0.839089 0.0102983 0.0588811 0.0526834 0.00298577 0.00344298 0.0326199 
0.828955 0.00953259 0.064555 0.0244574 0.0027693 0.00376021 0.0659702 
0.864259 0.0112279 0.0576076 0.0172121 0.00244788 0.00341499 0.0438309 
0.823237 0.00867003 0.0717649 0.0309422 0.0023156 0.00247773 0.0605927 
0.87094 0.0113661 0.0532945 0.0344654 0.00364925 0.00220176 0.0240828 
0.838684 0.0102375 0.0578147 0.0527793 0.00546694 0.00178358 0.0332345 
0.832395 0.0124008 0.0618191 0.0512249 0.00242081 0.00224399 0.0374956 
0.86564 0.0116047 0.0548627 0.0327258 0.00337771 0.00219062 0.0295982 
0.856148 0.0094122 0.067839 0.0249063 0.00284037 0.00170367 0.0371508 
0.857676 0.012503 0.0536793 0.0336379 0.00329583 0.00319829 0.0360095 
0.837547 0.0106688 0.0652899 0.027687 0.00189147 0.00183013 0.0550858 
0.819533 0.0111217 0.067129 0.0268734 0.00498373 0.00210792 0.0682509 
0.857931 0.00964198 0.0584147 0.0345055 0.00456197 0.00240544 0.0325397 
0.850966 0.0135691 0.0523896 0.0550999 0.00432696 0.00202813 0.0216207 
0.792076 0.00919696 0.0709498 0.0546214 0.00255973 0.00340632 0.0671898 
0.828348 0.010005 0.0516096 0.063558 0.00575218 0.00272924 0.037998 
0.833731 0.00909467 0.0648254 0.0346551 0.00259207 0.00269885 0.0524024 
0.849869 0.0127653 0.0539024 0.0354948 0.00317289 0.0027804 0.042015 
