0.273891 0.200835 0.0165641 0.482218 0.010138 0.00730062 0.00905257 
0.2329 0.223099 0.0196099 0.4907 0.0112358 0.00952082 0.0129337 
0.446099 0.24961 0.0124251 0.258363 0.016484 0.00862631 0.00839159 
0.542844 0.261684 0.0119924 0.154891 0.0115399 0.0091924 0.00785741 
0.467077 0.367045 0.0102285 0.124444 0.0127965 0.0112591 0.00715065 
0.52653 0.325498 0.0101545 0.103703 0.0152631 0.0107008 0.00815039 
0.496815 0.244415 0.0122319 0.213623 0.0112524 0.0146014 0.00706121 
0.485148 0.293698 0.0107594 0.184328 0.0105471 0.00860359 0.00691506 
0.51016 0.323385 0.00707902 0.1271 0.0197185 0.00748278 0.0050747 
0.453227 0.324777 0.00801221 0.18424 0.0154963 0.00783083 0.00641598 
0.344437 0.430385 0.00621957 0.186509 0.017894 0.00876025 0.0057964 
0.305493 0.541868 0.00550257 0.120109 0.0108979 0.0111026 0.00502654 
0.219237 0.674152 0.00512236 0.0819899 0.00646526 0.0084756 0.00455774 
0.145396 0.770346 0.00443267 0.0624618 0.00435991 0.0078971 0.00510673 
0.180012 0.675613 0.00625046 0.124431 0.00407269 0.00381939 0.00580183 
0.156019 0.668632 0.00545782 0.152509 0.00662879 0.00383245 0.00692118 
0.180929 0.650359 0.00474173 0.141163 0.0130056 0.00471968 0.00508133 
0.148494 0.675171 0.00475106 0.144669 0.0164314 0.0048181 0.00566579 
0.187198 0.585553 0.00465267 0.182688 0.0289645 0.00428436 0.00665891 
0.232441 0.552307 0.00340755 0.158953 0.0439221 0.00407415 0.00489473 
0.106211 0.806717 0.00170455 0.0626783 0.0156128 0.00378703 0.00328919 
0.123277 0.692888 0.00221136 0.148802 0.0258311 0.00397745 0.00301299 
0.103355 0.799804 0.00148724 0.0621571 0.0248761 0.00537774 0.00294323 
0.109902 0.80244 0.00168823 0.0657753 0.0123044 0.00483164 0.00305833 
0.104946 0.765848 0.0027871 0.109871 0.00907804 0.0039613 0.00350813 
0.130466 0.641113 0.00450522 0.2044 0.0104134 0.00355751 0.00554485 
0.100329 0.745379 0.00311924 0.134135 0.00993668 0.00334721 0.00375407 
0.131964 0.773864 0.00309934 0.0775707 0.00602735 0.00410519 0.00336963 
0.154182 0.73493 0.00219818 0.089361 0.0131953 0.00363855 0.00249586 
0.131475 0.761379 0.00204714 0.0872363 0.0114087 0.00414815 0.00230553 
0.742486 0.11454 0.0208584 0.0933856 0.00464226 0.00914088 0.0149473 
0.727334 0.123153 0.023035 0.0936212 0.00432772 0.010255 0.0182744 
0.759582 0.0968731 0.023617 0.0843144 0.0046317 0.0111793 0.0198022 
0.742467 0.10669 0.0259415 0.0938432 0.00388335 0.00962297 0.0175516 
0.748565 0.109604 0.0242062 0.0898798 0.00398658 0.00797806 0.0157803 
0.792695 0.0835417 0.0219045 0.077792 0.00439134 0.00755551 0.0121195 
0.793628 0.0817937 0.0248006 0.0757962 0.00454511 0.00771652 0.0117194 
0.768765 0.0992707 0.0262772 0.0765833 0.00468676 0.007835 0.0165822 
0.729743 0.0853633 0.022405 0.139445 0.00464175 0.00700812 0.0113939 
0.659246 0.163826 0.020056 0.128376 0.00482499 0.0101477 0.0135235 
0.64345 0.16364 0.0164458 0.145859 0.00674167 0.0117904 0.0120724 
0.708361 0.100056 0.0189004 0.138328 0.00582227 0.0142289 0.0143037 
0.756139 0.0699972 0.0255886 0.121158 0.00415577 0.00695089 0.0160102 
0.769283 0.0650121 0.0207298 0.116208 0.00496076 0.00930104 0.014505 
0.739703 0.0797335 0.0205662 0.131414 0.00611068 0.00710408 0.015368 
0.785293 0.0536813 0.0247221 0.103665 0.00491322 0.00933293 0.0183922 
0.745703 0.0548263 0.0252479 0.147139 0.00340224 0.00780023 0.0158815 
0.77066 0.0809569 0.0248864 0.095012 0.00429926 0.0100413 0.0141441 
0.751096 0.122727 0.0266404 0.0588139 0.00372011 0.012289 0.024713 
0.776934 0.0689253 0.0313782 0.0927014 0.00292348 0.00636792 0.0207692 
0.797685 0.0581981 0.0239967 0.0962991 0.00408553 0.00746 0.0122755 
0.765607 0.0733029 0.0235352 0.11194 0.00402499 0.00757489 0.0140149 
0.664238 0.0759695 0.0225812 0.217943 0.00376551 0.00620911 0.00929293 
0.657506 0.0898947 0.0205197 0.2098 0.00364548 0.00749331 0.0111406 
0.718769 0.097089 0.0151995 0.144419 0.00689261 0.00828589 0.00934493 
0.648726 0.0689216 0.0260666 0.236378 0.00281311 0.00677183 0.0103226 
0.783305 0.040453 0.0302636 0.119553 0.00272893 0.0089673 0.0147288 
0.805669 0.0437699 0.0248366 0.103449 0.00333962 0.00661916 0.012317 
0.809072 0.0221373 0.0312761 0.107561 0.00349244 0.00890115 0.0175607 
0.788344 0.0183332 0.0468301 0.0939711 0.00269284 0.00769468 0.0421343 
0.751188 0.0137637 0.120375 0.0255219 0.0371118 0.00254545 0.0494943 
0.727543 0.0180576 0.13577 0.0280382 0.0384753 0.00344258 0.0486733 
0.728657 0.0184961 0.0987822 0.0522547 0.0517107 0.00386857 0.0462303 
0.681911 0.0193278 0.12806 0.038131 0.0705278 0.00404017 0.0580026 
0.709328 0.0149313 0.115604 0.0691207 0.0333363 0.00326696 0.0544133 
0.693252 0.0167371 0.116428 0.0636637 0.0555401 0.00348602 0.0508929 
0.718911 0.0193646 0.106992 0.0416238 0.0624627 0.00328052 0.0473648 
0.675776 0.0218551 0.130275 0.0408391 0.0716073 0.00384216 0.055805 
0.629204 0.0208292 0.159036 0.0357486 0.0807817 0.00430199 0.070098 
0.627761 0.019307 0.177464 0.0253921 0.0698409 0.00355505 0.0766795 
0.615144 0.0207665 0.161711 0.0334555 0.0905645 0.00445583 0.073903 
0.629967 0.0173355 0.17376 0.0264624 0.0606744 0.00297886 0.0888217 
0.69415 0.0229446 0.126431 0.0387215 0.0569924 0.00347169 0.0572884 
0.639746 0.022082 0.104096 0.0532092 0.122345 0.00375235 0.0547696 
0.659409 0.0172134 0.151132 0.0402189 0.0677552 0.0032201 0.0610505 
0.504408 0.00670689 0.365782 0.00696801 0.0120071 0.00328922 0.100839 
0.43408 0.007976 0.421188 0.00621033 0.0237018 0.00394002 0.102905 
0.573277 0.0156551 0.248183 0.0177952 0.0684794 0.00396193 0.0726482 
0.31715 0.0570283 0.33088 0.0126123 0.207456 0.0286527 0.046221 
0.250156 0.0990462 0.252716 0.0133683 0.317227 0.0362614 0.0312246 
0.487145 0.0510513 0.189799 0.011243 0.196676 0.0124652 0.0516207 
0.464661 0.0500075 0.261481 0.0103122 0.147541 0.0173522 0.0486455 
0.508433 0.0490009 0.225344 0.0104609 0.14151 0.0135809 0.0516697 
0.489026 0.0564312 0.244219 0.00846688 0.127627 0.0155025 0.0587272 
0.596932 0.0366429 0.178213 0.00974326 0.116724 0.00766983 0.0540749 
0.626468 0.0222951 0.217782 0.00792831 0.0572031 0.00541229 0.0629115 
0.591711 0.0332561 0.192952 0.0094377 0.1006 0.00738105 0.0646618 
0.658012 0.015326 0.186367 0.016642 0.0602475 0.00385349 0.059552 
0.680179 0.0137289 0.174336 0.0275941 0.0219134 0.00340975 0.0788383 
0.681653 0.0143786 0.183137 0.0113493 0.025684 0.00294789 0.0808501 
0.782495 0.0301241 0.0761655 0.0240324 0.0439939 0.0038046 0.0393845 
0.7869 0.0338368 0.0799069 0.0109405 0.0406568 0.00411205 0.0436473 
0.786059 0.0330904 0.0978279 0.00922844 0.0247209 0.00409174 0.0449814 
0.815172 0.0166409 0.0873682 0.0140439 0.0266226 0.00240982 0.0377423 
0.80601 0.0211089 0.0829548 0.0200329 0.0335496 0.00296881 0.0333754 
0.789932 0.0209823 0.0924644 0.0129564 0.033174 0.00372544 0.0467655 
0.791327 0.0208358 0.0854997 0.0139502 0.044513 0.00411974 0.0397546 
0.769345 0.0177235 0.107554 0.0130865 0.0453735 0.00422217 0.0426951 
0.76364 0.0165536 0.0945932 0.0207053 0.0603236 0.00303296 0.041151 
0.72635 0.0221408 0.138978 0.00837033 0.0441336 0.00391912 0.0561087 
0.724978 0.0124762 0.170039 0.00689035 0.0219883 0.00295624 0.0606719 
0.773069 0.0184746 0.121004 0.0143592 0.0288937 0.00347052 0.0407289 
0.796755 0.0182717 0.0917815 0.0230914 0.0359477 0.00273096 0.0314215 
0.811489 0.0229317 0.0843329 0.0228643 0.0251567 0.00319416 0.030031 
0.771202 0.038658 0.0736905 0.0218787 0.0603062 0.00556995 0.0286951 
0.504408 0.00670689 0.365782 0.00696801 0.0120071 0.00328922 0.100839 
0.43408 0.007976 0.421188 0.00621033 0.0237018 0.00394002 0.102905 
0.573277 0.0156551 0.248183 0.0177952 0.0684794 0.00396193 0.0726482 
0.31715 0.0570283 0.33088 0.0126123 0.207456 0.0286527 0.046221 
0.250156 0.0990462 0.252716 0.0133683 0.317227 0.0362614 0.0312246 
0.487145 0.0510513 0.189799 0.011243 0.196676 0.0124652 0.0516207 
0.464661 0.0500075 0.261481 0.0103122 0.147541 0.0173522 0.0486455 
0.508433 0.0490009 0.225344 0.0104609 0.14151 0.0135809 0.0516697 
0.489026 0.0564312 0.244219 0.00846688 0.127627 0.0155025 0.0587272 
0.596932 0.0366429 0.178213 0.00974326 0.116724 0.00766983 0.0540749 
0.626468 0.0222951 0.217782 0.00792831 0.0572031 0.00541229 0.0629115 
0.591711 0.0332561 0.192952 0.0094377 0.1006 0.00738105 0.0646618 
0.658012 0.015326 0.186367 0.016642 0.0602475 0.00385349 0.059552 
0.680179 0.0137289 0.174336 0.0275941 0.0219134 0.00340975 0.0788383 
0.681653 0.0143786 0.183137 0.0113493 0.025684 0.00294789 0.0808501 
0.782495 0.0301241 0.0761655 0.0240324 0.0439939 0.0038046 0.0393845 
0.7869 0.0338368 0.0799069 0.0109405 0.0406568 0.00411205 0.0436473 
0.786059 0.0330904 0.0978279 0.00922844 0.0247209 0.00409174 0.0449814 
0.815172 0.0166409 0.0873682 0.0140439 0.0266226 0.00240982 0.0377423 
0.80601 0.0211089 0.0829548 0.0200329 0.0335496 0.00296881 0.0333754 
0.789932 0.0209823 0.0924644 0.0129564 0.033174 0.00372544 0.0467655 
0.791327 0.0208358 0.0854997 0.0139502 0.044513 0.00411974 0.0397546 
0.769345 0.0177235 0.107554 0.0130865 0.0453735 0.00422217 0.0426951 
0.76364 0.0165536 0.0945932 0.0207053 0.0603236 0.00303296 0.041151 
0.72635 0.0221408 0.138978 0.00837033 0.0441336 0.00391912 0.0561087 
0.724978 0.0124762 0.170039 0.00689035 0.0219883 0.00295624 0.0606719 
0.773069 0.0184746 0.121004 0.0143592 0.0288937 0.00347052 0.0407289 
0.796755 0.0182717 0.0917815 0.0230914 0.0359477 0.00273096 0.0314215 
0.811489 0.0229317 0.0843329 0.0228643 0.0251567 0.00319416 0.030031 
0.771202 0.038658 0.0736905 0.0218787 0.0603062 0.00556995 0.0286951 
0.73905 0.0140804 0.126221 0.0349278 0.0236595 0.0029318 0.05913 
0.770741 0.0155535 0.100653 0.0335068 0.0261672 0.00326413 0.050114 
0.746502 0.0211535 0.0895858 0.0376918 0.0500114 0.00438659 0.050669 
0.731764 0.0217266 0.0704663 0.0401509 0.0831805 0.00467152 0.0480402 
0.761899 0.0175316 0.081991 0.0307012 0.0551571 0.00322865 0.0494919 
0.77637 0.0135271 0.108805 0.0279635 0.0232718 0.00254749 0.0475153 
0.782586 0.0125207 0.103936 0.0235345 0.0287256 0.00259398 0.0461029 
0.810982 0.0128895 0.0841014 0.0289863 0.0217998 0.00285533 0.038386 
0.817048 0.0183961 0.0686993 0.0308233 0.0329757 0.00289571 0.0291623 
0.758663 0.0170532 0.107529 0.0316977 0.0341326 0.00358534 0.0473398 
0.759882 0.0176989 0.119837 0.0195536 0.0294046 0.0034491 0.0501746 
0.771991 0.0181997 0.104775 0.0221104 0.0386108 0.00348559 0.040827 
0.777253 0.0175966 0.11364 0.0191298 0.0284305 0.00294074 0.0410092 
0.772627 0.0162319 0.109687 0.0311941 0.0235465 0.00345051 0.0432625 
0.754863 0.0164747 0.0881401 0.0546425 0.0431244 0.00333627 0.0394194 
0.74555 0.0142189 0.0984171 0.0577483 0.0370005 0.00338012 0.0436849 
0.734837 0.0154855 0.114409 0.0536355 0.0343436 0.00366792 0.0436213 
0.755584 0.016371 0.0994392 0.0536096 0.0339983 0.00333439 0.0376636 
0.769438 0.0161361 0.112825 0.0198954 0.0291987 0.00334972 0.0491577 
0.735541 0.0129724 0.126717 0.030831 0.0247666 0.00318028 0.0659918 
0.770587 0.0159551 0.103835 0.0313465 0.0316374 0.00272429 0.0439147 
0.730043 0.0153473 0.133553 0.0291773 0.0280898 0.00346658 0.0603237 
0.726794 0.015563 0.12123 0.0447325 0.0340713 0.00356192 0.0540475 
0.78499 0.0190345 0.0936156 0.0374257 0.0207923 0.00282669 0.0413153 
0.772255 0.0183904 0.105613 0.047763 0.019465 0.00274319 0.0337704 
0.732888 0.0148789 0.127672 0.0596442 0.0170371 0.00345484 0.0444243 
0.768709 0.0126651 0.106524 0.0459248 0.0200206 0.00269663 0.0434606 
0.761487 0.0123647 0.0978244 0.0489239 0.0348824 0.00227298 0.0422444 
0.79126 0.0158604 0.0764943 0.0519191 0.025927 0.00263726 0.0359024 
0.767728 0.0161714 0.101263 0.0410266 0.0275065 0.00339893 0.0429054 
0.759015 0.0153753 0.0788728 0.0890282 0.00471787 0.00265037 0.0503401 
0.821517 0.0213062 0.0691739 0.0380733 0.0056064 0.00355227 0.0407706 
0.801022 0.0193824 0.0754333 0.0432028 0.00455241 0.00356839 0.0528383 
0.732019 0.0171211 0.077547 0.123192 0.00530932 0.00303688 0.0417748 
0.754628 0.0157101 0.0846815 0.0953955 0.0030064 0.00263476 0.0439437 
0.748677 0.0131722 0.0908348 0.0900725 0.00380446 0.00228379 0.0511549 
0.75747 0.0153234 0.0692436 0.120282 0.00628007 0.00211033 0.0292906 
0.69127 0.011868 0.0689158 0.196266 0.00646197 0.00166806 0.0235495 
0.736529 0.0161868 0.0628751 0.133349 0.00784202 0.0031029 0.0401149 
0.655219 0.0169284 0.0541763 0.230639 0.00917403 0.00304366 0.0308202 
0.689791 0.0209472 0.0514737 0.197647 0.0123316 0.00310791 0.0247021 
0.667143 0.0171224 0.0602222 0.217992 0.00796431 0.00228481 0.0272708 
0.787878 0.0159456 0.0793409 0.0725195 0.00621443 0.00232682 0.0357753 
0.796374 0.0230396 0.060452 0.0809438 0.00907963 0.00270787 0.0274035 
0.785583 0.0203957 0.0588099 0.0880952 0.00885673 0.00323454 0.0350251 
0.781739 0.0249319 0.0675241 0.0754819 0.00546725 0.00355215 0.0413041 
0.483593 0.0440695 0.316794 0.00227924 0.0021365 0.0213835 0.129744 
0.513383 0.0242366 0.290408 0.00225514 0.00189485 0.0159061 0.151915 
0.54382 0.0108173 0.245612 0.00239274 7.70693E-4 0.00811228 0.188475 
0.721891 0.0141521 0.175235 0.00736728 0.00139331 0.00730012 0.072661 
0.69057 0.0164218 0.213822 0.00364106 0.00206344 0.0139079 0.0595735 
0.655478 0.0182913 0.249199 0.00256946 0.00232272 0.0158636 0.0562763 
0.65781 0.0511896 0.225197 0.0027396 0.00458746 0.0251546 0.033322 
0.68876 0.0137128 0.235318 0.0235635 0.00108237 0.00771292 0.0298509 
0.714227 0.0122323 0.210374 0.0316925 0.00105651 0.0077055 0.0227123 
0.699681 0.0379631 0.186491 0.00635874 0.0190323 0.0203597 0.0301146 
0.738213 0.0297304 0.1793 0.00485757 0.0038223 0.0111269 0.03295 
0.824157 0.0198496 0.10035 0.0180558 0.00490984 0.00450899 0.0281679 
0.822735 0.0233816 0.102178 0.0144039 0.00483181 0.00571035 0.0267598 
0.812556 0.0140463 0.123253 0.0070941 0.00127886 0.00813986 0.033632 
0.850735 0.00807242 0.100477 0.00961255 0.00322194 0.00115052 0.0267307 
0.862804 0.00722804 0.0971854 0.0104118 0.00255987 0.00101799 0.0187925 
0.880618 0.00725441 0.0806184 0.0074068 0.00287321 0.00139482 0.0198343 
0.855535 0.007077 0.0955074 0.00866566 0.00356415 0.00131162 0.0283395 
0.849593 0.00636509 0.0971113 0.0175664 0.00395036 0.00126584 0.0241477 
0.845043 0.0061479 0.101726 0.0168022 0.00235588 0.00192188 0.0260036 
0.849587 0.00961991 0.086908 0.0177407 0.00531309 0.00206756 0.0287638 
0.844444 0.00919937 0.090575 0.0151212 0.00429252 0.00320391 0.0331642 
0.841678 0.00677555 0.0960707 0.0189491 0.00262918 0.0028771 0.0310203 
0.849494 0.00988009 0.090836 0.01927 0.00361239 0.002142 0.0247654 
0.825227 0.0075952 0.109617 0.0151914 0.00271345 0.00270059 0.0369553 
0.831385 0.0093706 0.115144 0.00887434 0.00443487 0.00207069 0.0287204 
0.773131 0.0115056 0.139762 0.0173281 0.0121125 0.00265049 0.0435106 
0.794559 0.017572 0.11933 0.0341743 0.0100725 0.002162 0.0221297 
0.798491 0.0216644 0.0974096 0.0299158 0.0249052 0.00267112 0.0249424 
0.784944 0.0185333 0.100375 0.0340689 0.0332696 0.00231811 0.0264908 
0.793438 0.0117212 0.113937 0.0393638 0.0159727 0.00153242 0.0240355 
0.770574 0.0107089 0.143692 0.0309309 0.0150655 0.00151312 0.0275162 
0.766994 0.0126049 0.148078 0.0259352 0.015913 0.00181229 0.0286627 
0.769676 0.00701339 0.144484 0.0146925 0.00868673 0.00205894 0.0533883 
0.722294 0.00535568 0.167965 0.016066 0.00616057 0.00250089 0.0796579 
0.742271 0.0133856 0.14706 0.0221878 0.0185251 0.00293328 0.0536369 
0.705467 0.0111393 0.141055 0.0686176 0.012533 0.00429488 0.0568934 
0.648521 0.0140788 0.148572 0.099225 0.028885 0.00575804 0.0549609 
0.722552 0.015484 0.131216 0.0469294 0.0299448 0.0048108 0.0490625 
0.727823 0.0163977 0.121838 0.0400186 0.0409155 0.00435926 0.048648 
0.738462 0.0189872 0.0951575 0.0622574 0.0442996 0.00413017 0.0367063 
0.708946 0.0120712 0.125595 0.0881152 0.0200479 0.00366682 0.0415585 
0.762746 0.0112994 0.135605 0.0340252 0.00948145 0.00310425 0.0437388 
0.78827 0.0132908 0.113266 0.0334325 0.0121525 0.00317562 0.0364131 
0.823404 0.0183735 0.0868491 0.0240894 0.0128566 0.00316846 0.0312586 
0.773519 0.0175356 0.0923531 0.0570691 0.0244249 0.00366229 0.0314354 
0.778465 0.00699502 0.126146 0.0228647 0.00378396 0.00259287 0.0591533 
0.762796 0.00688935 0.124656 0.0122307 0.00471434 0.0022269 0.0864871 
0.712455 0.00571995 0.147655 0.00848426 0.0048208 0.00238881 0.118476 
0.69517 0.00508088 0.159876 0.0108254 0.00319346 0.0023472 0.123507 
0.740561 0.00489128 0.135693 0.0140087 0.00337988 0.00196017 0.0995062 
0.743941 0.00460276 0.130053 0.00873747 0.00310008 0.00243823 0.107128 
0.804535 0.00543582 0.109454 0.0188409 0.00365681 0.00177539 0.0563023 
0.811761 0.00692291 0.104449 0.0163461 0.00454359 0.00179985 0.0541783 
0.788222 0.00652158 0.120756 0.0085849 0.00428463 0.00276113 0.068869 
0.800385 0.00573779 0.122684 0.0130494 0.00330103 0.00220091 0.0526423 
0.818007 0.00907085 0.0983404 0.0245791 0.0056916 0.0022502 0.042061 
0.820569 0.00857455 0.0978705 0.0208953 0.00633164 0.00207113 0.0436883 
0.805208 0.00909272 0.0910212 0.032161 0.0069523 0.00290167 0.0526636 
0.812184 0.0103477 0.0881951 0.0289588 0.00596928 0.00251727 0.0518279 
0.776729 0.00724236 0.107425 0.0316965 0.00440384 0.00279899 0.0697044 
0.787342 0.00826051 0.107693 0.0197901 0.00560062 0.00282217 0.0684918 
0.730452 0.0069999 0.136277 0.0130021 0.00473712 0.00229742 0.106235 
0.7861 0.00689464 0.114791 0.0232639 0.00553615 0.00191609 0.0614977 
0.83437 0.00895368 0.0860465 0.0182364 0.00576463 0.00171514 0.0449135 
0.806628 0.0122255 0.103174 0.0106463 0.00789463 0.0017113 0.0577206 
0.784491 0.00752788 0.134089 0.0133984 0.0066344 0.00179658 0.0520627 
0.824414 0.0106228 0.0984205 0.0197999 0.0090788 0.00206647 0.0355971 
0.812452 0.00909204 0.107851 0.0130809 0.00818624 0.00182577 0.0475113 
0.834213 0.0103741 0.082859 0.0104072 0.00561838 0.00168587 0.0548423 
0.783183 0.00554523 0.110035 0.00913847 0.00271177 0.00182827 0.0875578 
0.791979 0.00535769 0.12046 0.0203048 0.00174465 0.00157758 0.0585764 
0.819866 0.00606198 0.101957 0.0155464 0.00383732 0.00201783 0.0507129 
0.826353 0.00694527 0.100594 0.0115068 0.0036708 0.0017436 0.0491858 
0.79793 0.00562587 0.109484 0.0129627 0.00317415 0.00172637 0.0690972 
0.798664 0.00547268 0.115944 0.0115733 0.00261132 0.0019903 0.0637447 
0.743661 0.00572624 0.133894 0.0166318 0.00270795 0.00214089 0.0952378 
0.791682 0.00667157 0.110911 0.0138091 0.00464255 0.00161255 0.0706715 
0.778465 0.00699502 0.126146 0.0228647 0.00378396 0.00259287 0.0591533 
0.762796 0.00688935 0.124656 0.0122307 0.00471434 0.0022269 0.0864871 
0.712455 0.00571995 0.147655 0.00848426 0.0048208 0.00238881 0.118476 
0.69517 0.00508088 0.159876 0.0108254 0.00319346 0.0023472 0.123507 
0.740561 0.00489128 0.135693 0.0140087 0.00337988 0.00196017 0.0995062 
0.743941 0.00460276 0.130053 0.00873747 0.00310008 0.00243823 0.107128 
0.804535 0.00543582 0.109454 0.0188409 0.00365681 0.00177539 0.0563023 
0.811761 0.00692291 0.104449 0.0163461 0.00454359 0.00179985 0.0541783 
0.788222 0.00652158 0.120756 0.0085849 0.00428463 0.00276113 0.068869 
0.800385 0.00573779 0.122684 0.0130494 0.00330103 0.00220091 0.0526423 
0.818007 0.00907085 0.0983404 0.0245791 0.0056916 0.0022502 0.042061 
0.820569 0.00857455 0.0978705 0.0208953 0.00633164 0.00207113 0.0436883 
0.805208 0.00909272 0.0910212 0.032161 0.0069523 0.00290167 0.0526636 
0.812184 0.0103477 0.0881951 0.0289588 0.00596928 0.00251727 0.0518279 
0.776729 0.00724236 0.107425 0.0316965 0.00440384 0.00279899 0.0697044 
0.787342 0.00826051 0.107693 0.0197901 0.00560062 0.00282217 0.0684918 
0.730452 0.0069999 0.136277 0.0130021 0.00473712 0.00229742 0.106235 
0.7861 0.00689464 0.114791 0.0232639 0.00553615 0.00191609 0.0614977 
0.83437 0.00895368 0.0860465 0.0182364 0.00576463 0.00171514 0.0449135 
0.806628 0.0122255 0.103174 0.0106463 0.00789463 0.0017113 0.0577206 
0.784491 0.00752788 0.134089 0.0133984 0.0066344 0.00179658 0.0520627 
0.824414 0.0106228 0.0984205 0.0197999 0.0090788 0.00206647 0.0355971 
0.812452 0.00909204 0.107851 0.0130809 0.00818624 0.00182577 0.0475113 
0.834213 0.0103741 0.082859 0.0104072 0.00561838 0.00168587 0.0548423 
0.783183 0.00554523 0.110035 0.00913847 0.00271177 0.00182827 0.0875578 
0.791979 0.00535769 0.12046 0.0203048 0.00174465 0.00157758 0.0585764 
0.819866 0.00606198 0.101957 0.0155464 0.00383732 0.00201783 0.0507129 
0.826353 0.00694527 0.100594 0.0115068 0.0036708 0.0017436 0.0491858 
0.79793 0.00562587 0.109484 0.0129627 0.00317415 0.00172637 0.0690972 
0.798664 0.00547268 0.115944 0.0115733 0.00261132 0.0019903 0.0637447 
0.743661 0.00572624 0.133894 0.0166318 0.00270795 0.00214089 0.0952378 
0.791682 0.00667157 0.110911 0.0138091 0.00464255 0.00161255 0.0706715 
0.810081 0.0170589 0.0935813 0.0128379 0.0116734 0.00319849 0.0515688 
0.803879 0.0170154 0.100153 0.010764 0.0132939 0.00314222 0.0517522 
0.832809 0.0179442 0.0766337 0.014268 0.0117269 0.00308259 0.0435352 
0.815341 0.012392 0.0916376 0.023211 0.0101418 0.00284631 0.0444302 
0.785536 0.0133573 0.0957339 0.0271081 0.0231527 0.00387008 0.0512417 
0.756409 0.0161579 0.112074 0.0266138 0.0252439 0.00568949 0.0578123 
0.800545 0.0196757 0.0807836 0.019806 0.032332 0.00418728 0.0426711 
0.792256 0.0178293 0.0935084 0.0260509 0.0287261 0.00450984 0.0371197 
0.791066 0.0113877 0.118852 0.0168221 0.0128526 0.00361138 0.0454081 
0.845721 0.0108293 0.0807644 0.022546 0.00923241 0.00194462 0.0289625 
0.854997 0.0111682 0.0805526 0.014124 0.00739134 0.0016792 0.0300877 
0.832295 0.00928087 0.0979317 0.0127926 0.00606326 0.00173774 0.0398993 
0.80682 0.0126903 0.0996966 0.0152454 0.0108419 0.00344181 0.051264 
0.801062 0.0112208 0.0989624 0.0318651 0.0103799 0.00332514 0.043185 
0.779648 0.0117205 0.11016 0.0209822 0.0141203 0.00436448 0.0590046 
0.796413 0.0117077 0.100078 0.0263203 0.011367 0.00310261 0.0510114 
0.800593 0.0117248 0.106059 0.0105512 0.00686632 0.00348441 0.0607218 
0.803275 0.0124609 0.106485 0.0104903 0.00820551 0.00343614 0.055648 
0.809639 0.0136916 0.0938814 0.0263613 0.0103166 0.00329924 0.0428106 
0.783775 0.0156471 0.0989899 0.0271202 0.0179015 0.0042073 0.0523589 
0.799718 0.0156569 0.0869496 0.0275423 0.0181643 0.00351049 0.0484579 
0.799278 0.0170803 0.0855726 0.0389471 0.0152441 0.00367439 0.0402033 
0.766605 0.0161647 0.0953491 0.0399891 0.0268186 0.00499635 0.0500772 
0.801336 0.0127648 0.0819417 0.0307094 0.0120547 0.00317494 0.0580186 
0.796664 0.0167949 0.0890624 0.0313828 0.0117978 0.00493506 0.049363 
0.791166 0.0156869 0.0881954 0.0478282 0.0145544 0.00448092 0.0380878 
0.814003 0.0156686 0.0729422 0.0460861 0.0135069 0.0037508 0.0340422 
0.793786 0.0146678 0.0925479 0.0290592 0.01462 0.00550778 0.0498108 
0.813433 0.0149043 0.0739308 0.0306495 0.0170079 0.00313965 0.0469348 
0.799374 0.0145151 0.0814812 0.0380671 0.0166863 0.00351503 0.0463613 
0.780766 0.0139114 0.0984665 0.0251941 0.013894 0.00333453 0.0644337 
0.781154 0.0150975 0.105201 0.0194699 0.0131257 0.00488607 0.0610656 
0.771541 0.012072 0.103606 0.0381939 0.0129549 0.00369649 0.0579356 
0.761491 0.0150562 0.100598 0.0480529 0.0181684 0.00512106 0.0515123 
0.793235 0.0226743 0.0775544 0.0392742 0.0274576 0.0050535 0.0347505 
0.798675 0.0151494 0.08086 0.0473994 0.0180068 0.00381004 0.0360992 
0.755167 0.0121736 0.122133 0.0454563 0.0182074 0.00413976 0.0427227 
0.811834 0.0136528 0.0957909 0.019874 0.014974 0.00380324 0.0400713 
0.801824 0.0322793 0.0728751 0.0151352 0.0350359 0.00513603 0.0377142 
0.781772 0.0463595 0.0709629 0.00497646 0.0392218 0.00363689 0.0530707 
0.842905 0.014252 0.0765474 0.0158923 0.0126074 0.00461581 0.0331805 
0.80944 0.0210321 0.0677357 0.0182697 0.0280239 0.00614712 0.0493519 
0.796588 0.0274164 0.0922573 0.00913181 0.019216 0.00514608 0.0502448 
0.793399 0.0190164 0.101243 0.0174264 0.018365 0.00446136 0.0460889 
0.747837 0.0208119 0.116799 0.0217008 0.0236811 0.00727249 0.0618977 
0.809309 0.0140586 0.0972163 0.0230654 0.0156792 0.00345372 0.037218 
0.837317 0.0112237 0.0921959 0.0137221 0.00699163 0.0020414 0.0365083 
0.803176 0.0129415 0.106185 0.0146341 0.0131508 0.00365564 0.0462569 
0.814774 0.029173 0.0667759 0.0170146 0.0337232 0.00497672 0.0335624 
0.801218 0.0195246 0.0936554 0.0262541 0.0222545 0.00373685 0.0333566 
0.791342 0.0110581 0.121405 0.0287098 0.00749909 0.00281633 0.0371697 
0.811959 0.0168483 0.0987928 0.0237299 0.0188089 0.00313542 0.026726 
0.799776 0.0206943 0.0979989 0.0209482 0.0294256 0.00326197 0.0278951 
0.806905 0.0161384 0.0952045 0.0315325 0.0192892 0.0035169 0.0274136 
0.809472 0.0269055 0.0808472 0.0162968 0.0319625 0.00356852 0.0309475 
0.825998 0.0288449 0.0657443 0.0161017 0.032124 0.00325159 0.0279351 
0.840351 0.0178685 0.0872723 0.0126642 0.0125273 0.00233405 0.0269825 
0.806661 0.0249366 0.0999218 0.00876195 0.0119725 0.00533163 0.042415 
0.834929 0.0162388 0.0818194 0.0137697 0.015552 0.00304103 0.0346503 
0.847644 0.012793 0.0756529 0.0137475 0.00759854 0.00284705 0.039717 
0.838525 0.011108 0.0850704 0.0219433 0.00433239 0.00180439 0.0372163 
0.856739 0.0172131 0.0784244 0.0154877 0.00560324 0.00269602 0.0238367 
0.827916 0.0164712 0.0864026 0.0320614 0.0102346 0.00271732 0.024197 
0.80358 0.010507 0.114778 0.030252 0.00576607 0.00279538 0.0323214 
0.791791 0.00950262 0.108608 0.0351692 0.0107184 0.00213094 0.0420796 
0.797454 0.00999194 0.107913 0.0259123 0.00706864 0.00209408 0.0495655 
0.781337 0.00967372 0.128081 0.0337844 0.00653077 0.00183941 0.038753 
0.791404 0.012946 0.102578 0.036162 0.0121265 0.00264007 0.0421431 
0.803354 0.0140918 0.101056 0.0276541 0.00866693 0.00292841 0.0422487 
0.819792 0.0171224 0.0939313 0.0201052 0.00953767 0.00290402 0.0366074 
0.818311 0.0139084 0.102959 0.0147712 0.00980521 0.0011993 0.0390462 
0.8215 0.0165575 0.0911111 0.0121336 0.0113228 0.00116604 0.0462089 
0.850919 0.00604063 0.10349 0.0110022 0.00222303 0.00227991 0.0240453 
0.828762 0.0146383 0.0913464 0.0329454 0.0068343 0.00252977 0.022944 
0.820468 0.0137215 0.08825 0.035267 0.00470245 0.00242844 0.0351624 
0.794985 0.0226571 0.0751498 0.0440834 0.0263014 0.00342724 0.0333956 
0.788374 0.0211382 0.0612778 0.0859998 0.0198713 0.0029054 0.020433 
0.828475 0.0221486 0.0695834 0.0407771 0.013777 0.00297369 0.0222654 
0.799681 0.0227037 0.0759497 0.045472 0.0246116 0.00335811 0.0282241 
0.75919 0.0250399 0.0886509 0.0606294 0.0295298 0.00425355 0.0327064 
0.792957 0.0200628 0.0787576 0.0625486 0.0165917 0.00248011 0.0266018 
0.775623 0.0182314 0.0750782 0.0874864 0.0189453 0.00211114 0.0225246 
0.757833 0.0214899 0.071149 0.0920827 0.0308847 0.00256352 0.0239972 
0.781436 0.025526 0.0716035 0.0674053 0.0288214 0.00280381 0.0224035 
0.783467 0.0188031 0.082665 0.0614449 0.0252401 0.00208763 0.0262919 
0.752132 0.0196041 0.092525 0.0867566 0.0168464 0.00281739 0.0293183 
0.783982 0.020505 0.0707123 0.0825061 0.0165972 0.00226611 0.0234311 
0.766916 0.0181607 0.0726096 0.103974 0.0130971 0.00190525 0.0233378 
0.771278 0.0218105 0.0732744 0.0856778 0.0197726 0.00235407 0.025833 
0.786581 0.0263845 0.0585529 0.0817007 0.0228426 0.00299843 0.0209395 
0.804058 0.0200984 0.0758412 0.0480117 0.0216226 0.00272973 0.0276381 
0.740552 0.0254749 0.064299 0.102541 0.0343308 0.00477448 0.0280279 
0.779787 0.0217562 0.0665937 0.0640452 0.0306364 0.00339598 0.0337852 
0.79753 0.0230794 0.0682119 0.0607922 0.0226658 0.00290155 0.0248193 
0.777497 0.0267011 0.0660162 0.0533136 0.0390937 0.00383494 0.0335438 
0.759275 0.0295802 0.105381 0.0274142 0.0311344 0.00381586 0.0433996 
0.78559 0.0114465 0.116285 0.0102232 0.00663683 0.0027757 0.0670423 
0.804286 0.0169518 0.0935095 0.0440159 0.0108768 0.00274516 0.0276145 
0.78286 0.0207444 0.0718361 0.0834537 0.0158824 0.00278757 0.0224357 
0.83543 0.0130507 0.0920151 0.0216187 0.00550219 0.00238453 0.029999 
0.801504 0.0175009 0.100484 0.0345647 0.0116748 0.00251761 0.0317549 
0.766518 0.0243798 0.103332 0.0411818 0.0259986 0.00325503 0.0353347 
0.783966 0.0309794 0.076866 0.0318276 0.0390757 0.00313223 0.0341533 
0.702529 0.0371801 0.0794981 0.0372933 0.0983759 0.00412378 0.0409995 
0.742682 0.02537 0.102344 0.0600824 0.0347585 0.00240206 0.0323616 
0.762677 0.0323021 0.0769592 0.0486458 0.0453004 0.00216392 0.0319519 
0.794985 0.0226571 0.0751498 0.0440834 0.0263014 0.00342724 0.0333956 
0.788374 0.0211382 0.0612778 0.0859998 0.0198713 0.0029054 0.020433 
0.828475 0.0221486 0.0695834 0.0407771 0.013777 0.00297369 0.0222654 
0.799681 0.0227037 0.0759497 0.045472 0.0246116 0.00335811 0.0282241 
0.75919 0.0250399 0.0886509 0.0606294 0.0295298 0.00425355 0.0327064 
0.792957 0.0200628 0.0787576 0.0625486 0.0165917 0.00248011 0.0266018 
0.775623 0.0182314 0.0750782 0.0874864 0.0189453 0.00211114 0.0225246 
0.757833 0.0214899 0.071149 0.0920827 0.0308847 0.00256352 0.0239972 
0.781436 0.025526 0.0716035 0.0674053 0.0288214 0.00280381 0.0224035 
0.783467 0.0188031 0.082665 0.0614449 0.0252401 0.00208763 0.0262919 
0.752132 0.0196041 0.092525 0.0867566 0.0168464 0.00281739 0.0293183 
0.783982 0.020505 0.0707123 0.0825061 0.0165972 0.00226611 0.0234311 
0.766916 0.0181607 0.0726096 0.103974 0.0130971 0.00190525 0.0233378 
0.771278 0.0218105 0.0732744 0.0856778 0.0197726 0.00235407 0.025833 
0.786581 0.0263845 0.0585529 0.0817007 0.0228426 0.00299843 0.0209395 
0.804058 0.0200984 0.0758412 0.0480117 0.0216226 0.00272973 0.0276381 
0.740552 0.0254749 0.064299 0.102541 0.0343308 0.00477448 0.0280279 
0.779787 0.0217562 0.0665937 0.0640452 0.0306364 0.00339598 0.0337852 
0.79753 0.0230794 0.0682119 0.0607922 0.0226658 0.00290155 0.0248193 
0.777497 0.0267011 0.0660162 0.0533136 0.0390937 0.00383494 0.0335438 
0.759275 0.0295802 0.105381 0.0274142 0.0311344 0.00381586 0.0433996 
0.78559 0.0114465 0.116285 0.0102232 0.00663683 0.0027757 0.0670423 
0.804286 0.0169518 0.0935095 0.0440159 0.0108768 0.00274516 0.0276145 
0.78286 0.0207444 0.0718361 0.0834537 0.0158824 0.00278757 0.0224357 
0.83543 0.0130507 0.0920151 0.0216187 0.00550219 0.00238453 0.029999 
0.801504 0.0175009 0.100484 0.0345647 0.0116748 0.00251761 0.0317549 
0.766518 0.0243798 0.103332 0.0411818 0.0259986 0.00325503 0.0353347 
0.783966 0.0309794 0.076866 0.0318276 0.0390757 0.00313223 0.0341533 
0.702529 0.0371801 0.0794981 0.0372933 0.0983759 0.00412378 0.0409995 
0.742682 0.02537 0.102344 0.0600824 0.0347585 0.00240206 0.0323616 
0.762677 0.0323021 0.0769592 0.0486458 0.0453004 0.00216392 0.0319519 
0.794114 0.0313438 0.0550858 0.0879787 0.0134324 0.00220898 0.0158358 
0.761691 0.0207747 0.0791921 0.112705 0.0074083 0.00136964 0.0168588 
0.768005 0.0335995 0.0458957 0.122269 0.0146095 0.00235745 0.0132636 
0.690508 0.022669 0.065072 0.176981 0.0133304 0.00292516 0.0285152 
0.750282 0.0199603 0.058212 0.122118 0.0224419 0.00239471 0.024591 
0.758424 0.0231466 0.065508 0.104784 0.021069 0.00209097 0.0249775 
0.76583 0.0290425 0.0595509 0.0974007 0.0225674 0.00260901 0.0229995 
0.781045 0.0251326 0.0795649 0.0624704 0.0195694 0.00241393 0.0298037 
0.765492 0.0283625 0.0617073 0.0968029 0.0218516 0.00275811 0.023026 
0.738434 0.0295637 0.0597437 0.111384 0.0358165 0.00288824 0.0221699 
0.768984 0.0377003 0.0532783 0.0998809 0.0214924 0.00244098 0.0162235 
0.810691 0.0345231 0.0459675 0.065967 0.0214767 0.00345926 0.0179154 
0.799624 0.0286054 0.0575796 0.0787892 0.0132221 0.00296888 0.0192112 
0.824561 0.0292091 0.0611898 0.0533122 0.0107951 0.00245522 0.0184772 
0.786348 0.0298855 0.0817883 0.0633675 0.0131133 0.00265196 0.0228451 
0.848982 0.024177 0.0751822 0.0280465 0.00450731 0.00180722 0.0172983 
0.816029 0.0256991 0.0833869 0.0343579 0.00959106 0.00377768 0.0271581 
0.821166 0.0206355 0.0857819 0.0404752 0.00589819 0.00256597 0.0234769 
0.821705 0.0255393 0.0592839 0.0547216 0.018835 0.00296416 0.0169514 
0.824247 0.0154682 0.0759206 0.0534044 0.00801735 0.00201457 0.0209279 
0.756616 0.0129821 0.0809572 0.11567 0.00849664 0.00225121 0.023027 
0.771376 0.0208843 0.0645008 0.107782 0.0110855 0.00292321 0.0214485 
0.720076 0.018062 0.0961889 0.102436 0.0133579 0.00619436 0.0436855 
0.718394 0.017355 0.0915721 0.118084 0.0126327 0.00396368 0.0379986 
0.773759 0.0163889 0.0867885 0.0669164 0.00850986 0.00362955 0.0440074 
0.781951 0.0185354 0.0804488 0.0669702 0.0132682 0.0043202 0.0345062 
0.740111 0.0163265 0.0967873 0.0887033 0.0133159 0.00461493 0.0401414 
0.797383 0.0196119 0.0833672 0.0554275 0.00833831 0.00462045 0.0312516 
0.786358 0.0212364 0.0910868 0.047867 0.0105601 0.00480127 0.03809 
0.780796 0.0267172 0.072442 0.0688099 0.0151902 0.00465916 0.0313856 
0.791761 0.0190226 0.0697829 0.0805954 0.00821345 0.00333218 0.0272929 
0.808363 0.0325229 0.0566611 0.0604905 0.0138811 0.00538829 0.022693 
0.821669 0.0239447 0.0699726 0.0421181 0.0112689 0.00510293 0.0259242 
0.823853 0.0240614 0.0804662 0.0306455 0.00859066 0.00512582 0.0272573 
0.813289 0.0199197 0.0806006 0.0389666 0.0149922 0.00444915 0.0277828 
0.81525 0.0303266 0.0710884 0.0334643 0.0190863 0.00469533 0.026089 
0.797107 0.0288139 0.0767868 0.0445896 0.0186643 0.00454352 0.029495 
0.822271 0.025248 0.0800683 0.0234484 0.00987936 0.00414893 0.0349359 
0.768133 0.0324251 0.0785032 0.0608603 0.0232567 0.00406372 0.0327578 
0.793021 0.0248609 0.0836204 0.0429667 0.0157461 0.00357045 0.0362145 
0.760394 0.0358588 0.0914872 0.0516404 0.0189187 0.00509671 0.036604 
0.746643 0.0170728 0.133523 0.0472133 0.0179476 0.00172451 0.0358754 
0.639947 0.0145374 0.275561 0.0196048 0.00517603 0.0013642 0.04381 
0.471238 0.0104244 0.351587 0.055515 0.0113831 0.00176013 0.098092 
0.631091 0.0215279 0.153841 0.139416 0.0136603 0.00221142 0.0382528 
0.765601 0.0212834 0.081245 0.0969643 0.0118468 0.00187565 0.0211841 
0.749887 0.0237653 0.0749887 0.0971662 0.0219507 0.00368862 0.028553 
0.652287 0.0208952 0.0689374 0.208241 0.0233991 0.00198203 0.0242579 
0.738666 0.0218285 0.0572121 0.144877 0.0192594 0.00180988 0.0163477 
0.78582 0.024909 0.0692819 0.0687956 0.0170556 0.00301137 0.0311268 
0.749249 0.0231128 0.0539283 0.131349 0.0231732 0.00169691 0.0174909 
0.763485 0.0240826 0.0579806 0.101597 0.0265515 0.00310363 0.0231997 
0.690907 0.0279013 0.0410563 0.179844 0.043106 0.00279397 0.0143915 
0.716782 0.0231508 0.0577033 0.157089 0.021002 0.00276528 0.0215073 
0.768726 0.0265733 0.0531503 0.114894 0.0178934 0.00235357 0.01641 
0.772008 0.0257125 0.065269 0.0969367 0.0206569 0.00158555 0.0178318 
0.772761 0.0246712 0.0635373 0.0995952 0.01922 0.00185246 0.0183626 
0.793933 0.035095 0.0523079 0.0636804 0.0277944 0.00362304 0.0235658 
0.79129 0.0221988 0.0860308 0.0572704 0.0147605 0.00181207 0.0266372 
0.80175 0.0300461 0.0561795 0.0610822 0.0226372 0.00252623 0.0257789 
0.675343 0.0168593 0.0707964 0.176822 0.0341681 0.00210107 0.0239112 
0.746288 0.0168351 0.0924481 0.0960695 0.0161741 0.00237165 0.0298137 
0.787144 0.0264631 0.0744527 0.0384724 0.038292 0.00285044 0.0323256 
0.786924 0.0148387 0.13293 0.0258707 0.00642491 0.00216671 0.030845 
0.698334 0.0141264 0.148077 0.085073 0.0140777 0.00177625 0.0385358 
0.782103 0.0289658 0.0606658 0.0631974 0.0386904 0.00279463 0.0235827 
0.745683 0.0179064 0.0656096 0.122752 0.023208 0.00260758 0.022234 
0.720756 0.0192452 0.114717 0.088705 0.0214487 0.00243451 0.0326935 
0.805484 0.0238497 0.093205 0.0337667 0.0107703 0.00156149 0.0313626 
0.65447 0.0145093 0.0954581 0.198397 0.0150618 0.00122575 0.0208785 
0.727708 0.018665 0.0701025 0.145042 0.0178677 0.00164254 0.018973 
0.781294 0.0217314 0.0656947 0.0944682 0.0150149 0.00175962 0.0200368 
0.732177 0.0293188 0.0668032 0.109091 0.0330839 0.00452978 0.0249967 
0.794985 0.0226571 0.0751498 0.0440834 0.0263014 0.00342724 0.0333956 
0.788374 0.0211382 0.0612778 0.0859998 0.0198713 0.0029054 0.020433 
0.828475 0.0221486 0.0695834 0.0407771 0.013777 0.00297369 0.0222654 
0.799681 0.0227037 0.0759497 0.045472 0.0246116 0.00335811 0.0282241 
0.75919 0.0250399 0.0886509 0.0606294 0.0295298 0.00425355 0.0327064 
0.792957 0.0200628 0.0787576 0.0625486 0.0165917 0.00248011 0.0266018 
0.775623 0.0182314 0.0750782 0.0874864 0.0189453 0.00211114 0.0225246 
0.757833 0.0214899 0.071149 0.0920827 0.0308847 0.00256352 0.0239972 
0.781436 0.025526 0.0716035 0.0674053 0.0288214 0.00280381 0.0224035 
0.783467 0.0188031 0.082665 0.0614449 0.0252401 0.00208763 0.0262919 
0.752132 0.0196041 0.092525 0.0867566 0.0168464 0.00281739 0.0293183 
0.783982 0.020505 0.0707123 0.0825061 0.0165972 0.00226611 0.0234311 
0.766916 0.0181607 0.0726096 0.103974 0.0130971 0.00190525 0.0233378 
0.771278 0.0218105 0.0732744 0.0856778 0.0197726 0.00235407 0.025833 
0.786581 0.0263845 0.0585529 0.0817007 0.0228426 0.00299843 0.0209395 
0.804058 0.0200984 0.0758412 0.0480117 0.0216226 0.00272973 0.0276381 
0.740552 0.0254749 0.064299 0.102541 0.0343308 0.00477448 0.0280279 
0.779787 0.0217562 0.0665937 0.0640452 0.0306364 0.00339598 0.0337852 
0.79753 0.0230794 0.0682119 0.0607922 0.0226658 0.00290155 0.0248193 
0.777497 0.0267011 0.0660162 0.0533136 0.0390937 0.00383494 0.0335438 
0.759275 0.0295802 0.105381 0.0274142 0.0311344 0.00381586 0.0433996 
0.78559 0.0114465 0.116285 0.0102232 0.00663683 0.0027757 0.0670423 
0.804286 0.0169518 0.0935095 0.0440159 0.0108768 0.00274516 0.0276145 
0.78286 0.0207444 0.0718361 0.0834537 0.0158824 0.00278757 0.0224357 
0.83543 0.0130507 0.0920151 0.0216187 0.00550219 0.00238453 0.029999 
0.801504 0.0175009 0.100484 0.0345647 0.0116748 0.00251761 0.0317549 
0.766518 0.0243798 0.103332 0.0411818 0.0259986 0.00325503 0.0353347 
0.783966 0.0309794 0.076866 0.0318276 0.0390757 0.00313223 0.0341533 
0.702529 0.0371801 0.0794981 0.0372933 0.0983759 0.00412378 0.0409995 
0.742682 0.02537 0.102344 0.0600824 0.0347585 0.00240206 0.0323616 
0.762677 0.0323021 0.0769592 0.0486458 0.0453004 0.00216392 0.0319519 
0.75331 0.0304753 0.0585238 0.108006 0.0224499 0.00352325 0.0237123 
0.819388 0.0205729 0.0979069 0.0180657 0.0100955 0.00214124 0.0318295 
0.828936 0.0267884 0.0583546 0.0500114 0.015263 0.0031276 0.0175188 
0.696573 0.0299638 0.0523466 0.188894 0.0117232 0.00526795 0.0152319 
0.778747 0.0449646 0.0385644 0.102657 0.0152376 0.00407831 0.0157514 
0.823632 0.0223686 0.082542 0.0331859 0.00462798 0.0029962 0.0306472 
0.750739 0.0269624 0.0731118 0.103319 0.0138982 0.00351824 0.0284514 
0.735351 0.0333117 0.0614664 0.119374 0.0237853 0.00446345 0.0222483 
0.80355 0.0454157 0.0441342 0.0445992 0.0354929 0.00545435 0.0213539 
0.804723 0.0395152 0.0456875 0.0538295 0.0298571 0.00546274 0.020925 
0.812003 0.0250257 0.0772893 0.0463751 0.0118548 0.00315737 0.0242949 
0.825764 0.0315483 0.0633782 0.0324266 0.0188952 0.00344004 0.0245476 
0.804453 0.0389609 0.0610677 0.0410443 0.0231063 0.00446988 0.026898 
0.779903 0.0329237 0.0609303 0.0845475 0.0175044 0.00350232 0.0206887 
0.797859 0.0302384 0.0835407 0.0437915 0.0132847 0.0028418 0.0284442 
0.808653 0.0321526 0.0622462 0.0646975 0.013066 0.00296571 0.0162186 
0.821117 0.0249288 0.0597018 0.0599452 0.0150549 0.0023496 0.0169023 
0.821007 0.0381171 0.0440727 0.0534491 0.0149672 0.00741409 0.0209728 
0.811539 0.0442929 0.071041 0.0302968 0.0182011 0.0020326 0.0225968 
0.806495 0.0249082 0.0837018 0.029592 0.0251315 0.00288176 0.0272896 
0.770324 0.0256058 0.0645347 0.0747089 0.0357168 0.00326687 0.025843 
0.809005 0.0412792 0.0533553 0.0481016 0.0215488 0.00470378 0.0220064 
0.807967 0.0295686 0.0650542 0.0516225 0.0155744 0.00362479 0.0265888 
0.827944 0.0184539 0.0838672 0.0309682 0.00601491 0.00254061 0.030211 
0.79508 0.0313089 0.0676524 0.0607577 0.0181994 0.00396244 0.023039 
0.784721 0.0284211 0.0647156 0.0758468 0.0212648 0.00307402 0.0219568 
0.80008 0.0250712 0.0654102 0.0583531 0.0187929 0.00358778 0.0287045 
0.771206 0.0412155 0.0549333 0.0737166 0.0290499 0.00353086 0.0263477 
0.804038 0.0456433 0.0403506 0.069931 0.0195679 0.00307866 0.0173902 
0.842044 0.0326249 0.059056 0.034662 0.0120165 0.001925 0.0176716 
0.826663 0.0276405 0.0674147 0.0525476 0.00652407 0.0018591 0.0173505 
0.824892 0.0232152 0.0758731 0.0491759 0.00576872 0.0029141 0.0181608 
0.785796 0.026794 0.0625578 0.0825244 0.0216746 0.00293883 0.0177142 
0.789316 0.0353477 0.052391 0.0736773 0.0250361 0.00429209 0.0199398 
0.7511 0.036665 0.0603713 0.0968166 0.0288262 0.00546477 0.0207561 
0.813039 0.0310584 0.0818503 0.0337618 0.0119957 0.00332117 0.0249737 
0.780067 0.030976 0.0764787 0.0658579 0.0171844 0.00474251 0.0246937 
0.720778 0.0281218 0.057782 0.148804 0.0232872 0.00283554 0.0183914 
