0.110715 0.743139 0.00209075 0.122402 0.016082 0.00360125 0.00196993 
0.0874012 0.761349 0.00208393 0.127681 0.016346 0.00309324 0.00204598 
0.0951682 0.728939 0.0016751 0.120015 0.0480868 0.00385001 0.0022658 
0.0988772 0.719691 0.0015473 0.124426 0.0494957 0.00418894 0.00177365 
0.115618 0.732532 0.00185923 0.113217 0.0318395 0.00312437 0.00180979 
0.0869934 0.62497 0.00307932 0.189889 0.0871761 0.00449273 0.00339876 
0.0661582 0.798442 0.00132001 0.0983771 0.0310377 0.00208104 0.00258382 
0.0708395 0.793633 0.00118365 0.097598 0.0319228 0.00246208 0.00236069 
0.0705039 0.818083 0.00103758 0.0703913 0.0353863 0.00268965 0.00190792 
0.0675632 0.80008 0.00116134 0.0697064 0.0567623 0.00296657 0.00176047 
0.0581086 0.843164 0.00106206 0.0617203 0.0322325 0.00212342 0.00158882 
0.0531795 0.873888 7.62165E-4 0.0366885 0.0315434 0.0023993 0.00153924 
0.0720676 0.825427 0.0012738 0.0763258 0.0206554 0.00242875 0.00182148 
0.076497 0.877417 9.51609E-4 0.0286382 0.0121225 0.00305703 0.00131697 
0.0932606 0.851138 0.0010918 0.0384828 0.0111327 0.00351363 0.00138053 
0.10409 0.854377 0.0013924 0.0273284 0.00611192 0.00440238 0.00229818 
0.0842943 0.869222 0.00117933 0.0331946 0.00675902 0.00330003 0.00205082 
0.0947533 0.852001 0.00146529 0.0396825 0.00674719 0.00324925 0.00210162 
0.118229 0.826539 0.00150281 0.0373774 0.0102828 0.00344457 0.00262375 
0.137421 0.790053 0.00189081 0.0529787 0.0107644 0.0042829 0.00260935 
0.128749 0.775791 0.00247013 0.0770445 0.00860551 0.00385628 0.00348276 
0.161166 0.745194 0.00325409 0.0757103 0.00640947 0.00453246 0.0037342 
0.149851 0.801249 0.00287574 0.0327388 0.00555279 0.00460688 0.00312518 
0.218661 0.596228 0.00394205 0.15648 0.0169036 0.00386758 0.00391842 
0.341051 0.492631 0.00501785 0.135985 0.0158111 0.00557801 0.0039261 
0.15397 0.753273 0.00210335 0.069878 0.0138586 0.00375635 0.00316044 
0.207273 0.670534 0.00333629 0.0990689 0.0113295 0.00460177 0.00385647 
0.16099 0.745863 0.0024096 0.0710717 0.0115777 0.00447836 0.00360877 
0.215083 0.653207 0.00273717 0.0999049 0.0213352 0.00409013 0.00364243 
0.207275 0.700859 0.00302737 0.0702521 0.0099541 0.00428153 0.0043508 
0.280705 0.621622 0.00497372 0.0780402 0.00611454 0.00445804 0.00408621 
0.304252 0.585324 0.00470562 0.087484 0.00872151 0.004949 0.00456364 
0.285169 0.538463 0.00451307 0.151297 0.0128814 0.00343518 0.00424193 
0.438892 0.386989 0.00763926 0.146229 0.0106327 0.00463962 0.0049786 
0.606048 0.154317 0.0144612 0.205538 0.00832946 0.004727 0.0065783 
0.416604 0.12735 0.0121443 0.418455 0.0129045 0.00492897 0.00761448 
0.523852 0.0998495 0.0150558 0.340579 0.00633889 0.00482464 0.00950036 
0.56203 0.0601406 0.0202285 0.334327 0.0036698 0.00484667 0.0147579 
0.626299 0.0872042 0.01841 0.236278 0.00603142 0.00789723 0.0178808 
0.376141 0.0658719 0.0173888 0.517874 0.00480915 0.00340989 0.0145054 
0.778564 0.0684275 0.0197061 0.0885427 0.00791067 0.00721982 0.0296296 
0.841723 0.030276 0.0319842 0.050747 0.00339522 0.00622286 0.0356515 
0.741771 0.042715 0.0226097 0.167551 0.00499931 0.00674688 0.0136067 
0.73161 0.0414793 0.0254774 0.164364 0.00482905 0.0102745 0.0219661 
0.705234 0.028376 0.0260143 0.201748 0.00676779 0.00817774 0.0236824 
0.590524 0.279075 0.0125375 0.0865593 0.0106859 0.0101639 0.0104543 
0.585817 0.278861 0.0157686 0.0951025 0.00577221 0.00885266 0.00982533 
0.597653 0.229253 0.0175907 0.130404 0.00612006 0.00841646 0.0105624 
0.581599 0.265896 0.0106351 0.0986698 0.0198439 0.012071 0.0112855 
0.585933 0.187621 0.0139522 0.18239 0.0110549 0.00778658 0.011262 
0.557502 0.248413 0.0126525 0.14546 0.0132042 0.0100114 0.012756 
0.642144 0.183093 0.0167041 0.125287 0.00799538 0.0118716 0.0129049 
0.565261 0.196658 0.0140529 0.19295 0.00855993 0.0103496 0.0121682 
0.624655 0.182275 0.0181851 0.148763 0.00509126 0.00819071 0.0128408 
0.592868 0.252735 0.0134188 0.109835 0.00886328 0.00927722 0.0130034 
0.630591 0.216178 0.0192696 0.0945462 0.00641423 0.0146113 0.0183898 
0.543384 0.340297 0.0113208 0.069203 0.0111145 0.0109762 0.0137048 
0.650338 0.195517 0.0155296 0.10953 0.00858737 0.00874938 0.0117489 
0.725928 0.136709 0.015857 0.0883148 0.00961123 0.0105921 0.0129874 
0.72934 0.139256 0.0185296 0.0741383 0.00990056 0.0103249 0.0185112 
0.755746 0.0941675 0.0171755 0.0982894 0.00916933 0.0108646 0.0145883 
0.760357 0.09721 0.0146138 0.0917239 0.0124228 0.0100005 0.0136725 
0.76025 0.104321 0.0175951 0.0851219 0.00851301 0.010453 0.0137457 
0.762146 0.110284 0.0193235 0.0722487 0.00809273 0.00931774 0.0185877 
0.706094 0.123975 0.0195365 0.115298 0.00738682 0.0110552 0.0166546 
0.738094 0.128393 0.0240182 0.0638637 0.00565592 0.012851 0.027124 
0.701014 0.148161 0.0246669 0.0892362 0.00420614 0.0121954 0.0205205 
0.674074 0.138369 0.0204009 0.131407 0.00533203 0.0126229 0.0177954 
0.680687 0.127152 0.0182002 0.137432 0.00685527 0.012058 0.0176153 
0.649193 0.120017 0.0201013 0.182213 0.00474692 0.0093056 0.014424 
0.674844 0.14767 0.015101 0.132315 0.0082078 0.0109563 0.0109049 
0.717096 0.154677 0.0194383 0.0741498 0.00464662 0.014764 0.0152284 
0.659245 0.167193 0.0186726 0.121251 0.00486299 0.0158594 0.0129161 
0.558948 0.172052 0.0166255 0.226163 0.00705922 0.00841711 0.0107355 
0.632528 0.165697 0.0165189 0.152786 0.00644396 0.0134789 0.0125466 
0.475499 0.162132 0.0178325 0.315793 0.00510052 0.0133228 0.0103202 
0.59522 0.170081 0.0182512 0.190799 0.00534625 0.0106358 0.00966732 
0.494602 0.168514 0.0188976 0.289234 0.00648373 0.0111865 0.0110821 
0.617452 0.152013 0.019412 0.184871 0.00533297 0.00911309 0.0118054 
0.627059 0.170467 0.0220024 0.152652 0.00394061 0.0118901 0.0119882 
0.627466 0.127428 0.0203016 0.200564 0.00419973 0.0106407 0.00939932 
0.641688 0.113777 0.0190378 0.201567 0.00459217 0.0101142 0.00922364 
0.667529 0.156564 0.0195924 0.122341 0.00497991 0.0148314 0.0141629 
0.680887 0.13046 0.021353 0.141411 0.0043706 0.0101537 0.0113647 
0.637523 0.126674 0.0182582 0.194681 0.00466581 0.00905772 0.00914049 
0.685862 0.109081 0.0206642 0.157713 0.00422214 0.0101764 0.0122816 
0.69682 0.140728 0.020824 0.11143 0.00372238 0.0119825 0.0144924 
0.71068 0.127533 0.0227617 0.110128 0.00357293 0.011177 0.0141476 
0.683335 0.0990675 0.0279589 0.161605 0.00265851 0.00980028 0.0155746 
0.744561 0.0987359 0.0201471 0.107333 0.00495083 0.0113092 0.0129631 
0.661592 0.0207591 0.0889249 0.0616901 0.121155 0.00350935 0.0423692 
0.631843 0.0205247 0.111732 0.0797245 0.101553 0.00482195 0.0498001 
0.634345 0.0256454 0.120861 0.0478588 0.112745 0.00526415 0.0532811 
0.602746 0.0232698 0.133269 0.0491207 0.127089 0.00491575 0.0595904 
0.651695 0.0161709 0.146832 0.0631033 0.0610722 0.00338778 0.0577379 
0.660281 0.0156185 0.125084 0.0901018 0.0487738 0.00336043 0.0567811 
0.621854 0.0120205 0.154313 0.0842655 0.0417783 0.0034098 0.0823594 
0.631728 0.0127115 0.161792 0.0739442 0.0287634 0.00272313 0.0883381 
0.652424 0.0210726 0.108535 0.103592 0.0533401 0.003335 0.057702 
0.628763 0.0205617 0.0673903 0.129825 0.110297 0.00278411 0.0403783 
0.599732 0.0165824 0.0924105 0.164088 0.075922 0.00308269 0.0481824 
0.587645 0.0205826 0.124481 0.0733106 0.11623 0.00370784 0.0740432 
0.549769 0.0140984 0.130228 0.137079 0.0949913 0.003489 0.0703454 
0.526508 0.0154193 0.151001 0.133954 0.101482 0.0040673 0.0675679 
0.578313 0.0170348 0.123055 0.110914 0.108545 0.00409099 0.058046 
0.591224 0.019481 0.142149 0.0573009 0.1135 0.00394646 0.072399 
0.545152 0.0181315 0.141241 0.0623278 0.158022 0.00462717 0.0704984 
0.594775 0.0141914 0.177262 0.0515561 0.0629524 0.00369883 0.0955643 
0.607003 0.0161532 0.131114 0.104613 0.0740549 0.00457962 0.0624818 
0.695543 0.0170633 0.137519 0.0335947 0.0466263 0.003054 0.0666002 
0.633327 0.0148246 0.178181 0.0394156 0.0480429 0.00353869 0.0826703 
0.620979 0.0155905 0.170249 0.0545516 0.061383 0.00417839 0.0730689 
0.69855 0.0150705 0.1308 0.0437746 0.0432066 0.00369484 0.0649034 
0.707477 0.0159247 0.128421 0.0345294 0.0480628 0.00430439 0.0612811 
0.762174 0.0185266 0.0838477 0.0384407 0.0532496 0.00387288 0.0398884 
0.772076 0.0110563 0.0850568 0.0590214 0.0304366 0.0026815 0.0396715 
0.729014 0.0126731 0.069862 0.106095 0.0421036 0.00282892 0.0374235 
0.767243 0.0126318 0.06713 0.0832286 0.0332222 0.00248394 0.0340603 
0.737472 0.0136299 0.0950096 0.0516332 0.0508362 0.00331996 0.0480995 
0.718479 0.0149074 0.0918825 0.0670532 0.0619018 0.00408349 0.041693 
0.531318 0.0131795 0.382726 0.0112944 0.0220725 0.00632313 0.033086 
0.459253 0.0209591 0.415911 0.00737754 0.0489886 0.00923627 0.0382746 
0.677212 0.0144966 0.201526 0.0204925 0.0400208 0.00384674 0.0424058 
0.733615 0.0133276 0.182062 0.0276562 0.0164272 0.00227849 0.024633 
0.378953 0.0355043 0.441515 0.00979752 0.0864125 0.0131981 0.0346193 
0.18619 0.0133513 0.718165 0.00652094 0.0385531 0.00726361 0.0299564 
0.276195 0.0156048 0.559442 0.0115444 0.0544954 0.00498364 0.0777353 
0.448138 0.0127196 0.401268 0.0301764 0.0337671 0.00369677 0.0702342 
0.384539 0.00988045 0.478512 0.0294728 0.029004 0.00398367 0.0646078 
0.524514 0.0131227 0.327047 0.0332777 0.0455617 0.00413709 0.0523396 
0.517207 0.0165081 0.301027 0.0325343 0.0834953 0.00398083 0.0452479 
0.607918 0.0163657 0.251422 0.0304899 0.0406126 0.003464 0.0497274 
0.542493 0.0132281 0.331783 0.00998064 0.0328389 0.0038241 0.0658522 
0.453841 0.0131398 0.411244 0.0118456 0.0444004 0.00559274 0.0599371 
0.445548 0.0112796 0.406593 0.00811519 0.0327876 0.00365763 0.0920197 
0.541611 0.0169559 0.295853 0.00900233 0.0474008 0.00401482 0.0851624 
0.595275 0.00940243 0.28161 0.00902516 0.0150669 0.00224403 0.0873768 
0.727191 0.0140021 0.202192 0.00935538 0.00966387 0.00195844 0.0356371 
0.692843 0.0214022 0.201102 0.00738676 0.0248618 0.00455696 0.0478472 
0.701943 0.0271337 0.139035 0.00688702 0.062172 0.00355234 0.0592764 
0.680068 0.033807 0.118462 0.00978953 0.113017 0.00539103 0.0394656 
0.696654 0.024442 0.186983 0.00845261 0.0446109 0.00643062 0.0324267 
0.641756 0.0175044 0.27822 0.0037008 0.00884218 0.0126031 0.0373738 
0.616032 0.01717 0.293132 0.00385042 0.00760997 0.00836994 0.0538355 
0.757125 0.0125309 0.168151 0.0120551 0.00600401 0.00298932 0.0411447 
0.8351 0.0186762 0.0927565 0.0256119 0.00411073 0.00257952 0.0211648 
0.84268 0.0202931 0.0835625 0.0241349 0.006238 0.00263111 0.0204599 
0.847183 0.0263846 0.067696 0.0338394 0.00529681 0.00235817 0.0172422 
0.846876 0.0177976 0.0739537 0.0244281 0.00514388 0.00268124 0.0291191 
0.846373 0.0223076 0.0730146 0.0219744 0.00424616 0.00255834 0.0295259 
0.531318 0.0131795 0.382726 0.0112944 0.0220725 0.00632313 0.033086 
0.459253 0.0209591 0.415911 0.00737754 0.0489886 0.00923627 0.0382746 
0.677212 0.0144966 0.201526 0.0204925 0.0400208 0.00384674 0.0424058 
0.733615 0.0133276 0.182062 0.0276562 0.0164272 0.00227849 0.024633 
0.378953 0.0355043 0.441515 0.00979752 0.0864125 0.0131981 0.0346193 
0.18619 0.0133513 0.718165 0.00652094 0.0385531 0.00726361 0.0299564 
0.276195 0.0156048 0.559442 0.0115444 0.0544954 0.00498364 0.0777353 
0.448138 0.0127196 0.401268 0.0301764 0.0337671 0.00369677 0.0702342 
0.384539 0.00988045 0.478512 0.0294728 0.029004 0.00398367 0.0646078 
0.524514 0.0131227 0.327047 0.0332777 0.0455617 0.00413709 0.0523396 
0.517207 0.0165081 0.301027 0.0325343 0.0834953 0.00398083 0.0452479 
0.607918 0.0163657 0.251422 0.0304899 0.0406126 0.003464 0.0497274 
0.542493 0.0132281 0.331783 0.00998064 0.0328389 0.0038241 0.0658522 
0.453841 0.0131398 0.411244 0.0118456 0.0444004 0.00559274 0.0599371 
0.445548 0.0112796 0.406593 0.00811519 0.0327876 0.00365763 0.0920197 
0.541611 0.0169559 0.295853 0.00900233 0.0474008 0.00401482 0.0851624 
0.595275 0.00940243 0.28161 0.00902516 0.0150669 0.00224403 0.0873768 
0.727191 0.0140021 0.202192 0.00935538 0.00966387 0.00195844 0.0356371 
0.692843 0.0214022 0.201102 0.00738676 0.0248618 0.00455696 0.0478472 
0.701943 0.0271337 0.139035 0.00688702 0.062172 0.00355234 0.0592764 
0.680068 0.033807 0.118462 0.00978953 0.113017 0.00539103 0.0394656 
0.696654 0.024442 0.186983 0.00845261 0.0446109 0.00643062 0.0324267 
0.641756 0.0175044 0.27822 0.0037008 0.00884218 0.0126031 0.0373738 
0.616032 0.01717 0.293132 0.00385042 0.00760997 0.00836994 0.0538355 
0.757125 0.0125309 0.168151 0.0120551 0.00600401 0.00298932 0.0411447 
0.8351 0.0186762 0.0927565 0.0256119 0.00411073 0.00257952 0.0211648 
0.84268 0.0202931 0.0835625 0.0241349 0.006238 0.00263111 0.0204599 
0.847183 0.0263846 0.067696 0.0338394 0.00529681 0.00235817 0.0172422 
0.846876 0.0177976 0.0739537 0.0244281 0.00514388 0.00268124 0.0291191 
0.846373 0.0223076 0.0730146 0.0219744 0.00424616 0.00255834 0.0295259 
0.727967 0.0109499 0.115786 0.0684731 0.0213751 0.00268658 0.0527632 
0.782517 0.0184289 0.092386 0.0386078 0.0273353 0.00381884 0.0369063 
0.737495 0.012865 0.11706 0.0446816 0.0313259 0.00322081 0.0533518 
0.660473 0.0186263 0.0983709 0.0685154 0.100586 0.00468008 0.0487477 
0.733285 0.0186701 0.108447 0.0373976 0.0510614 0.0041917 0.0469473 
0.747525 0.0190621 0.089116 0.032819 0.0649652 0.00403006 0.0424821 
0.753999 0.0177912 0.0899294 0.034605 0.0588667 0.00381212 0.0409968 
0.788726 0.0176407 0.0580136 0.0399998 0.0598476 0.00334912 0.0324233 
0.788119 0.0171295 0.105929 0.015566 0.0228497 0.00361474 0.0467928 
0.790245 0.0177697 0.0822878 0.035702 0.0333852 0.00312781 0.0374824 
0.776209 0.0240589 0.0890093 0.0249826 0.039637 0.00300508 0.0430979 
0.749278 0.0194618 0.116784 0.029343 0.0313777 0.0030432 0.0507118 
0.786439 0.0205653 0.0706164 0.0500998 0.0399301 0.00262202 0.0297273 
0.767755 0.0225618 0.0979411 0.0303008 0.0397584 0.00346978 0.0382133 
0.710414 0.0213049 0.129247 0.0200933 0.0598691 0.00429084 0.0547814 
0.643501 0.0164294 0.185178 0.0159353 0.0574203 0.003869 0.0776672 
0.671504 0.0224017 0.144497 0.0101951 0.0694608 0.00504803 0.0768929 
0.698519 0.023415 0.112705 0.0124199 0.0844043 0.00443738 0.0641 
0.755511 0.0173272 0.100514 0.0183462 0.0518012 0.00337715 0.053124 
0.749392 0.0157476 0.1211 0.00955143 0.0228217 0.00289019 0.0784964 
0.727631 0.0172462 0.125934 0.01383 0.0402558 0.00396008 0.0711431 
0.737119 0.0130796 0.145777 0.014462 0.0186769 0.00281125 0.0680749 
0.734412 0.0197506 0.140741 0.0142439 0.0274052 0.00418249 0.059265 
0.730274 0.0183232 0.136253 0.0196193 0.0400604 0.00333066 0.0521397 
0.739307 0.0224892 0.104139 0.0219078 0.0632435 0.00378907 0.0451242 
0.741816 0.0160707 0.115478 0.0290999 0.0444344 0.00320849 0.0498925 
0.763148 0.0197415 0.101627 0.0294341 0.0415611 0.00318879 0.0412995 
0.779033 0.0169892 0.0954836 0.0404567 0.0307758 0.00279881 0.0344632 
0.776889 0.0216748 0.0993879 0.0304478 0.0291797 0.00248124 0.0399392 
0.732222 0.0137776 0.129511 0.0382959 0.0327371 0.00191811 0.0515387 
0.755899 0.0122049 0.158679 0.0242546 0.00330177 0.00475947 0.0409015 
0.838908 0.0226089 0.0785589 0.02188 0.00561539 0.00380604 0.0286227 
0.765583 0.0262931 0.116137 0.015596 0.0125412 0.00735806 0.0564918 
0.800306 0.0187829 0.0754822 0.0355737 0.00876959 0.00494425 0.0561415 
0.80885 0.0311177 0.0640897 0.029357 0.0167193 0.00678286 0.043083 
0.830449 0.0510054 0.0433304 0.0352737 0.0107356 0.00575709 0.0234487 
0.828829 0.0261038 0.0492337 0.059364 0.00877406 0.00352615 0.0241697 
0.822959 0.0277275 0.0479418 0.0638113 0.00724826 0.00423758 0.0260745 
0.839445 0.0290906 0.048421 0.051785 0.00637476 0.0040869 0.0207965 
0.748823 0.0220648 0.0752665 0.112261 0.00315859 0.00362067 0.0348057 
0.774031 0.0232786 0.0658846 0.0919643 0.00417529 0.00437964 0.0362866 
0.737503 0.0167367 0.0665678 0.146469 0.00308524 0.00394242 0.0256962 
0.758951 0.0192788 0.0746258 0.0954151 0.00315006 0.00708748 0.0414921 
0.747878 0.014625 0.0967697 0.0826062 0.00285244 0.0126914 0.0425776 
0.785837 0.0130237 0.128879 0.0194375 0.00195734 0.0081551 0.04271 
0.783575 0.0206265 0.152741 0.0071753 0.00213229 0.00701942 0.0267305 
0.737305 0.0215702 0.183685 0.00623081 0.00250366 0.00745489 0.0412505 
0.731293 0.045104 0.170375 0.00676752 0.00458642 0.00703464 0.0348393 
0.697607 0.0614494 0.172806 0.0039202 0.00874544 0.0102889 0.0451827 
0.729793 0.0311922 0.175916 0.00523448 0.0074279 0.0087496 0.0416861 
0.715033 0.0226282 0.19574 0.00397041 0.00345035 0.0118825 0.0472949 
0.69628 0.0234779 0.211895 0.00405379 0.00588489 0.00857385 0.0498343 
0.716228 0.0213061 0.192373 0.00523945 0.00529146 0.00678312 0.0527787 
0.692386 0.0192942 0.206042 0.00436326 0.00505786 0.00819829 0.0646587 
0.656249 0.0153115 0.232836 0.004231 0.00481023 0.009361 0.0772011 
0.683512 0.0141401 0.203659 0.00473256 0.0040915 0.0088795 0.0809853 
0.717757 0.0151137 0.1756 0.00598722 0.00481068 0.00608979 0.0746413 
0.727933 0.0101012 0.168716 0.00840706 0.00268235 0.00501051 0.0771498 
0.713502 0.00905498 0.179706 0.00589958 0.0034486 0.00435161 0.0840372 
0.771666 0.0104141 0.133536 0.00512357 0.00302174 0.00621387 0.0700248 
