0.110715 0.743139 0.00209075 0.122402 0.016082 0.00360125 0.00196993 
0.0874012 0.761349 0.00208393 0.127681 0.016346 0.00309324 0.00204598 
0.0951682 0.728939 0.0016751 0.120015 0.0480868 0.00385001 0.0022658 
0.0988772 0.719691 0.0015473 0.124426 0.0494957 0.00418894 0.00177365 
0.115618 0.732532 0.00185923 0.113217 0.0318395 0.00312437 0.00180979 
0.0869934 0.62497 0.00307932 0.189889 0.0871761 0.00449273 0.00339876 
0.0661582 0.798442 0.00132001 0.0983771 0.0310377 0.00208104 0.00258382 
0.0708395 0.793633 0.00118365 0.097598 0.0319228 0.00246208 0.00236069 
0.0705039 0.818083 0.00103758 0.0703913 0.0353863 0.00268965 0.00190792 
0.0675632 0.80008 0.00116134 0.0697064 0.0567623 0.00296657 0.00176047 
0.0581086 0.843164 0.00106206 0.0617203 0.0322325 0.00212342 0.00158882 
0.0531795 0.873888 7.62165E-4 0.0366885 0.0315434 0.0023993 0.00153924 
0.0720676 0.825427 0.0012738 0.0763258 0.0206554 0.00242875 0.00182148 
0.076497 0.877417 9.51609E-4 0.0286382 0.0121225 0.00305703 0.00131697 
0.0932606 0.851138 0.0010918 0.0384828 0.0111327 0.00351363 0.00138053 
0.10409 0.854377 0.0013924 0.0273284 0.00611192 0.00440238 0.00229818 
0.0842943 0.869222 0.00117933 0.0331946 0.00675902 0.00330003 0.00205082 
0.0947533 0.852001 0.00146529 0.0396825 0.00674719 0.00324925 0.00210162 
0.118229 0.826539 0.00150281 0.0373774 0.0102828 0.00344457 0.00262375 
0.137421 0.790053 0.00189081 0.0529787 0.0107644 0.0042829 0.00260935 
0.128749 0.775791 0.00247013 0.0770445 0.00860551 0.00385628 0.00348276 
0.161166 0.745194 0.00325409 0.0757103 0.00640947 0.00453246 0.0037342 
0.149851 0.801249 0.00287574 0.0327388 0.00555279 0.00460688 0.00312518 
0.218661 0.596228 0.00394205 0.15648 0.0169036 0.00386758 0.00391842 
0.341051 0.492631 0.00501785 0.135985 0.0158111 0.00557801 0.0039261 
0.15397 0.753273 0.00210335 0.069878 0.0138586 0.00375635 0.00316044 
0.207273 0.670534 0.00333629 0.0990689 0.0113295 0.00460177 0.00385647 
0.16099 0.745863 0.0024096 0.0710717 0.0115777 0.00447836 0.00360877 
0.215083 0.653207 0.00273717 0.0999049 0.0213352 0.00409013 0.00364243 
0.207275 0.700859 0.00302737 0.0702521 0.0099541 0.00428153 0.0043508 
0.280705 0.621622 0.00497372 0.0780402 0.00611454 0.00445804 0.00408621 
0.304252 0.585324 0.00470562 0.087484 0.00872151 0.004949 0.00456364 
0.285169 0.538463 0.00451307 0.151297 0.0128814 0.00343518 0.00424193 
0.438892 0.386989 0.00763926 0.146229 0.0106327 0.00463962 0.0049786 
0.606048 0.154317 0.0144612 0.205538 0.00832946 0.004727 0.0065783 
0.416604 0.12735 0.0121443 0.418455 0.0129045 0.00492897 0.00761448 
0.523852 0.0998495 0.0150558 0.340579 0.00633889 0.00482464 0.00950036 
0.56203 0.0601406 0.0202285 0.334327 0.0036698 0.00484667 0.0147579 
0.626299 0.0872042 0.01841 0.236278 0.00603142 0.00789723 0.0178808 
0.376141 0.0658719 0.0173888 0.517874 0.00480915 0.00340989 0.0145054 
0.778564 0.0684275 0.0197061 0.0885427 0.00791067 0.00721982 0.0296296 
0.841723 0.030276 0.0319842 0.050747 0.00339522 0.00622286 0.0356515 
0.741771 0.042715 0.0226097 0.167551 0.00499931 0.00674688 0.0136067 
0.73161 0.0414793 0.0254774 0.164364 0.00482905 0.0102745 0.0219661 
0.705234 0.028376 0.0260143 0.201748 0.00676779 0.00817774 0.0236824 
0.590524 0.279075 0.0125375 0.0865593 0.0106859 0.0101639 0.0104543 
0.585817 0.278861 0.0157686 0.0951025 0.00577221 0.00885266 0.00982533 
0.597653 0.229253 0.0175907 0.130404 0.00612006 0.00841646 0.0105624 
0.581599 0.265896 0.0106351 0.0986698 0.0198439 0.012071 0.0112855 
0.585933 0.187621 0.0139522 0.18239 0.0110549 0.00778658 0.011262 
0.557502 0.248413 0.0126525 0.14546 0.0132042 0.0100114 0.012756 
0.642144 0.183093 0.0167041 0.125287 0.00799538 0.0118716 0.0129049 
0.565261 0.196658 0.0140529 0.19295 0.00855993 0.0103496 0.0121682 
0.624655 0.182275 0.0181851 0.148763 0.00509126 0.00819071 0.0128408 
0.592868 0.252735 0.0134188 0.109835 0.00886328 0.00927722 0.0130034 
0.630591 0.216178 0.0192696 0.0945462 0.00641423 0.0146113 0.0183898 
0.543384 0.340297 0.0113208 0.069203 0.0111145 0.0109762 0.0137048 
0.650338 0.195517 0.0155296 0.10953 0.00858737 0.00874938 0.0117489 
0.725928 0.136709 0.015857 0.0883148 0.00961123 0.0105921 0.0129874 
0.72934 0.139256 0.0185296 0.0741383 0.00990056 0.0103249 0.0185112 
0.755746 0.0941675 0.0171755 0.0982894 0.00916933 0.0108646 0.0145883 
0.760357 0.09721 0.0146138 0.0917239 0.0124228 0.0100005 0.0136725 
0.76025 0.104321 0.0175951 0.0851219 0.00851301 0.010453 0.0137457 
0.762146 0.110284 0.0193235 0.0722487 0.00809273 0.00931774 0.0185877 
0.706094 0.123975 0.0195365 0.115298 0.00738682 0.0110552 0.0166546 
0.738094 0.128393 0.0240182 0.0638637 0.00565592 0.012851 0.027124 
0.701014 0.148161 0.0246669 0.0892362 0.00420614 0.0121954 0.0205205 
0.674074 0.138369 0.0204009 0.131407 0.00533203 0.0126229 0.0177954 
0.680687 0.127152 0.0182002 0.137432 0.00685527 0.012058 0.0176153 
0.649193 0.120017 0.0201013 0.182213 0.00474692 0.0093056 0.014424 
0.674844 0.14767 0.015101 0.132315 0.0082078 0.0109563 0.0109049 
0.717096 0.154677 0.0194383 0.0741498 0.00464662 0.014764 0.0152284 
0.659245 0.167193 0.0186726 0.121251 0.00486299 0.0158594 0.0129161 
0.558948 0.172052 0.0166255 0.226163 0.00705922 0.00841711 0.0107355 
0.632528 0.165697 0.0165189 0.152786 0.00644396 0.0134789 0.0125466 
0.475499 0.162132 0.0178325 0.315793 0.00510052 0.0133228 0.0103202 
0.59522 0.170081 0.0182512 0.190799 0.00534625 0.0106358 0.00966732 
0.494602 0.168514 0.0188976 0.289234 0.00648373 0.0111865 0.0110821 
0.617452 0.152013 0.019412 0.184871 0.00533297 0.00911309 0.0118054 
0.627059 0.170467 0.0220024 0.152652 0.00394061 0.0118901 0.0119882 
0.627466 0.127428 0.0203016 0.200564 0.00419973 0.0106407 0.00939932 
0.641688 0.113777 0.0190378 0.201567 0.00459217 0.0101142 0.00922364 
0.667529 0.156564 0.0195924 0.122341 0.00497991 0.0148314 0.0141629 
0.680887 0.13046 0.021353 0.141411 0.0043706 0.0101537 0.0113647 
0.637523 0.126674 0.0182582 0.194681 0.00466581 0.00905772 0.00914049 
0.685862 0.109081 0.0206642 0.157713 0.00422214 0.0101764 0.0122816 
0.69682 0.140728 0.020824 0.11143 0.00372238 0.0119825 0.0144924 
0.71068 0.127533 0.0227617 0.110128 0.00357293 0.011177 0.0141476 
0.683335 0.0990675 0.0279589 0.161605 0.00265851 0.00980028 0.0155746 
0.744561 0.0987359 0.0201471 0.107333 0.00495083 0.0113092 0.0129631 
