0.825054 0.0310821 0.0247932 0.0857523 0.0158284 0.00416093 0.0133295 
0.816212 0.0325343 0.0234415 0.0930578 0.0192291 0.0042572 0.0112676 
0.840022 0.0316512 0.0365334 0.065324 0.00586551 0.00414104 0.0164631 
0.808316 0.0510048 0.0216934 0.066837 0.0337657 0.00633833 0.0120443 
0.821082 0.0395636 0.0197031 0.0655395 0.0335811 0.00837721 0.0121534 
0.845747 0.0464086 0.0257244 0.0414176 0.0200026 0.00656775 0.0141319 
0.844975 0.0257608 0.026401 0.0561521 0.0278284 0.00725497 0.0116279 
0.814602 0.0286985 0.0285273 0.0701297 0.0354214 0.0100973 0.0125241 
0.727531 0.0189393 0.0294986 0.156698 0.0467053 0.00764511 0.012983 
0.69408 0.0177133 0.0345256 0.171623 0.0592344 0.00941204 0.0134119 
0.715294 0.0234147 0.0298651 0.148655 0.0580494 0.0101939 0.0145277 
0.798782 0.0186469 0.0365984 0.0863943 0.0350187 0.00931059 0.0152489 
0.811657 0.0247772 0.0508461 0.0412985 0.032521 0.0150012 0.0238988 
0.821719 0.0264532 0.0412992 0.0603308 0.0200734 0.010771 0.0193531 
0.844001 0.0275947 0.0328919 0.0461136 0.0216758 0.0145266 0.0131967 
0.857666 0.0281369 0.0326571 0.0438476 0.0149962 0.00774283 0.0149534 
0.843443 0.0191588 0.0311192 0.0660247 0.0175659 0.00712813 0.01556 
0.847052 0.0279142 0.0350347 0.048785 0.0153071 0.00764607 0.0182613 
0.841608 0.024195 0.0333662 0.0619544 0.013093 0.00742853 0.0183553 
0.842586 0.031521 0.0278681 0.059291 0.0185182 0.00641566 0.0137998 
0.598925 0.175193 0.0142714 0.0138895 0.149577 0.0198864 0.0282576 
0.733222 0.0589424 0.0145753 0.0426545 0.120736 0.0105448 0.0193242 
0.80429 0.0184385 0.0211329 0.0953556 0.0432815 0.0038885 0.0136125 
0.820917 0.0132802 0.030755 0.0969239 0.0196999 0.00387906 0.014545 
0.869076 0.0163241 0.0369857 0.0340354 0.0160438 0.00330295 0.024232 
0.883361 0.0183102 0.0376567 0.0309302 0.0100216 0.00563999 0.0140804 
0.885654 0.0142559 0.0403473 0.0342557 0.00606556 0.00449028 0.0149315 
0.872729 0.0166517 0.0385627 0.0387236 0.00900633 0.0058982 0.0184287 
0.891129 0.0105607 0.04404 0.0181331 0.00610042 0.00591808 0.0241184 
0.875631 0.0186677 0.0333658 0.0379469 0.0105374 0.0079938 0.0158577 
0.867681 0.0184688 0.0350925 0.040486 0.0143438 0.00715483 0.0167731 
0.873478 0.0137321 0.0395656 0.0179774 0.0117722 0.00628553 0.037189 
0.876469 0.0144478 0.0469849 0.0225386 0.00740772 0.0104922 0.0216595 
0.873543 0.0140898 0.0419859 0.0298076 0.0121453 0.0072233 0.0212047 
0.868806 0.013684 0.0443697 0.0283909 0.0113207 0.0104585 0.02297 
0.798687 0.0172558 0.0281565 0.1105 0.0258094 0.0093034 0.0102876 
0.839832 0.0138617 0.0376085 0.0658541 0.0191197 0.00924488 0.0144793 
0.873265 0.0119323 0.052706 0.0314265 0.00448414 0.00679942 0.0193867 
0.871618 0.0167005 0.0399443 0.0379797 0.0084645 0.00761518 0.0176782 
0.845021 0.0173191 0.0311207 0.0644396 0.0130027 0.00782051 0.0212765 
0.86353 0.0144387 0.0494642 0.0413862 0.00311741 0.00540779 0.0226555 
0.88038 0.0248695 0.0343852 0.0247175 0.00888472 0.00571915 0.0210442 
0.872907 0.0139935 0.0462642 0.032985 0.00566428 0.00418029 0.0240058 
0.856233 0.0238537 0.0394145 0.0419942 0.0106621 0.00792068 0.0199219 
0.861962 0.0213328 0.0417296 0.0474909 0.00642562 0.004693 0.0163658 
0.815797 0.0258604 0.0347422 0.0995296 0.00620762 0.00620091 0.0116625 
0.828689 0.018232 0.0321104 0.0794046 0.019254 0.00628982 0.0160206 
0.852934 0.0175923 0.0290833 0.05849 0.0206473 0.00622728 0.0150253 
0.84549 0.0161036 0.0351962 0.0672953 0.0152762 0.00612586 0.0145127 
0.867739 0.0220931 0.0371419 0.0392725 0.0117121 0.00685766 0.0151833 
0.845769 0.0195932 0.0503482 0.0486093 0.00852814 0.00813134 0.019021 
0.854255 0.0171102 0.0490763 0.0483937 0.00783861 0.00567804 0.017648 
0.726995 0.0163733 0.0367082 0.122394 0.0499438 0.0327984 0.0147875 
0.773182 0.0325616 0.0293879 0.0851495 0.0482085 0.0185086 0.0130021 
0.707673 0.0947188 0.0208923 0.0534499 0.0879846 0.0187757 0.0165057 
0.55875 0.0933504 0.0476079 0.0178057 0.0370439 0.229945 0.0154975 
0.679715 0.0638698 0.0538933 0.020654 0.0620933 0.0935553 0.0262189 
0.74571 0.04307 0.0500845 0.0428138 0.0346318 0.0552612 0.0284288 
0.729888 0.0273136 0.0724934 0.0401911 0.0120249 0.0776088 0.04048 
0.79585 0.054496 0.0481346 0.0260131 0.024597 0.0283575 0.0225519 
0.821062 0.0354157 0.0553695 0.0270852 0.00682392 0.0320619 0.0221819 
0.792077 0.0438356 0.0408945 0.0269445 0.0275917 0.0444688 0.0241881 
0.733955 0.0326335 0.03184 0.0751615 0.0755526 0.0286288 0.0222286 
0.753492 0.0463266 0.0322637 0.0772076 0.03542 0.0363759 0.0189142 
0.787721 0.0549774 0.0267603 0.0738476 0.0229532 0.0171832 0.0165575 
0.828684 0.0450505 0.0294474 0.0420319 0.0190287 0.0183145 0.0174426 
0.845077 0.0382222 0.0225597 0.0480944 0.011603 0.0199164 0.0145273 
0.825245 0.0345188 0.0262748 0.070968 0.0108557 0.0197487 0.0123892 
0.8304 0.0449335 0.0232275 0.0515548 0.0133924 0.0186097 0.017882 
0.849914 0.0230882 0.0292231 0.0671137 0.00617372 0.00839005 0.0160975 
0.811028 0.0304286 0.0252596 0.0925659 0.0221925 0.00783584 0.0106894 
0.853505 0.0346471 0.0256294 0.0345613 0.0191163 0.0137283 0.0188129 
0.857979 0.0358282 0.028074 0.0378518 0.0106654 0.0125533 0.0170487 
0.817582 0.0348535 0.0260712 0.0625347 0.0270321 0.0138374 0.0180892 
0.835631 0.0175479 0.0414992 0.0595468 0.0108826 0.0120927 0.0228 
0.871209 0.0231833 0.0410789 0.0286607 0.00533058 0.00751516 0.0230225 
0.86494 0.0231101 0.050529 0.0252422 0.00796273 0.00850569 0.0197098 
0.84184 0.0219135 0.042585 0.0508047 0.015798 0.0106614 0.0163971 
0.805098 0.020076 0.0326971 0.0725442 0.0384039 0.0164193 0.0147611 
0.856739 0.0183857 0.0585699 0.0273432 0.00799826 0.0095532 0.0214109 
0.816204 0.012351 0.0528043 0.0628918 0.0305166 0.00865728 0.0165746 
0.824075 0.0165807 0.0498373 0.050603 0.0288326 0.0123304 0.0177415 
0.782762 0.0122527 0.0453781 0.0936012 0.0357242 0.0141171 0.0161649 
0.831202 0.0114186 0.0483712 0.0531353 0.0291273 0.0100792 0.0166665 
0.834543 0.0150996 0.0667996 0.0212779 0.0169376 0.0159909 0.029351 
0.834105 0.0117933 0.0708687 0.031244 0.0165977 0.00969736 0.0256943 
0.832962 0.0113401 0.0791618 0.0322811 0.0080463 0.0112708 0.0249378 
0.821334 0.0129633 0.0541292 0.0538216 0.031361 0.00863237 0.0177589 
0.818152 0.0140135 0.0632409 0.0403828 0.0261219 0.0124785 0.0256099 
0.832377 0.0166215 0.0559645 0.0303783 0.0277738 0.0154828 0.0214019 
0.838056 0.0122178 0.0779351 0.0185218 0.0138097 0.00911451 0.030345 
0.857255 0.0108493 0.0711761 0.024213 0.00833403 0.00868068 0.0194914 
0.819238 0.0116376 0.0703317 0.0448142 0.0162135 0.0135381 0.0242272 
0.81891 0.0126317 0.0636998 0.0515321 0.025286 0.00684435 0.0210962 
0.818801 0.0128073 0.0549979 0.0620905 0.0196283 0.00911288 0.0225622 
0.842618 0.0162588 0.063149 0.0306906 0.0104048 0.0125298 0.0243489 
0.835942 0.0144497 0.0467591 0.052219 0.0223132 0.0104988 0.0178182 
0.804608 0.0114211 0.0677072 0.0471596 0.0264733 0.00815927 0.0344713 
0.79761 0.0154016 0.061112 0.0424873 0.0399998 0.0140446 0.0293449 
0.839221 0.0119744 0.0617038 0.0219641 0.0212616 0.0127005 0.0311743 
0.846503 0.0135687 0.0327479 0.0637381 0.0162644 0.00545352 0.0217247 
0.823243 0.0341316 0.020344 0.0278799 0.0558081 0.00991571 0.0286772 
0.654973 0.115192 0.0271616 0.0191435 0.0468613 0.119657 0.0170113 
0.629063 0.0595495 0.0568122 0.0254299 0.0863226 0.118117 0.0247063 
0.807617 0.0667435 0.0384704 0.0132899 0.0153117 0.0268366 0.0317314 
0.742658 0.0847902 0.0365001 0.0229358 0.0428691 0.0400361 0.0302104 
0.747151 0.0812945 0.0317651 0.027799 0.050934 0.0424856 0.0185711 
0.778765 0.0643945 0.0465941 0.0178169 0.0143833 0.0517709 0.0262758 
0.780266 0.0587954 0.0343442 0.0405335 0.0236234 0.044149 0.0182882 
0.755988 0.0569101 0.0343058 0.0660026 0.0365375 0.035431 0.0148249 
0.795267 0.0451462 0.0371025 0.0358901 0.0410054 0.0251645 0.0204245 
0.759248 0.0461775 0.0292427 0.0633874 0.0548826 0.0279456 0.0191164 
0.778864 0.0316133 0.0279646 0.0556683 0.0555666 0.0317873 0.0185358 
0.809036 0.0279823 0.0432323 0.0420747 0.0204418 0.0277854 0.0294477 
0.798133 0.0451536 0.0282101 0.0658191 0.0270479 0.0177961 0.0178405 
0.77555 0.0670351 0.0307348 0.064308 0.021483 0.0207803 0.0201086 
0.792147 0.0573671 0.0233598 0.0478545 0.0391578 0.0199344 0.0201798 
0.779018 0.0586898 0.0263092 0.0551742 0.0432665 0.0179395 0.0196027 
0.830917 0.0353832 0.0291522 0.060363 0.0180296 0.0111427 0.0150127 
0.850472 0.0393156 0.0314736 0.0318253 0.0208655 0.00654916 0.0194994 
0.797225 0.0359696 0.0256358 0.082321 0.0369537 0.00792176 0.0139729 
0.835513 0.0397588 0.0299829 0.0343585 0.029282 0.0104376 0.0206676 
0.847965 0.0290662 0.0322815 0.0417252 0.0193008 0.0121907 0.0174704 
0.656843 0.0580693 0.0167998 0.237216 0.0174554 0.00459714 0.00901947 
0.654991 0.0569534 0.0209288 0.24349 0.0071377 0.00701848 0.0094806 
0.735396 0.0661947 0.0192943 0.156055 0.00711127 0.00523527 0.0107134 
0.645109 0.0656968 0.0215596 0.245056 0.00511629 0.00672956 0.0107324 
0.685785 0.0589518 0.0195219 0.213165 0.00469897 0.00828508 0.0095927 
0.602067 0.0655258 0.018086 0.29312 0.00671801 0.00601924 0.00846354 
0.583788 0.0801608 0.0175494 0.290328 0.00987968 0.00655737 0.0117367 
0.501909 0.0869744 0.0150114 0.365783 0.0148578 0.00627439 0.00918976 
0.352831 0.0751794 0.0125353 0.530401 0.0133644 0.00605934 0.00962964 
0.545244 0.059386 0.0132176 0.351427 0.0156297 0.00507379 0.0100215 
0.255252 0.0807397 0.011911 0.627657 0.0107641 0.00513705 0.00853888 
0.232984 0.0766116 0.0138181 0.655356 0.00852722 0.00535873 0.00734478 
0.20099 0.0766632 0.013185 0.678206 0.0126158 0.0120448 0.00629564 
0.359132 0.183835 0.0311628 0.331104 0.0349875 0.0484987 0.0112803 
0.360222 0.207596 0.0375309 0.26184 0.0286048 0.0879569 0.0162492 
0.145467 0.107857 0.0201459 0.653302 0.0296447 0.0348583 0.00872477 
0.106015 0.0797843 0.0138642 0.746876 0.0271795 0.0204883 0.00579287 
0.123327 0.116323 0.0126443 0.699264 0.0195227 0.0238168 0.00510284 
0.228743 0.12324 0.0117232 0.566448 0.0473923 0.0149548 0.00749826 
0.197324 0.141878 0.0137103 0.59099 0.0376701 0.00973836 0.00868857 
0.164623 0.144577 0.014058 0.639452 0.0196852 0.0087168 0.00888828 
0.119961 0.0801209 0.00857971 0.761589 0.0207618 0.00346742 0.00552014 
0.120498 0.0846578 0.00977851 0.75825 0.0164654 0.0038967 0.00645433 
0.119027 0.104108 0.00939191 0.713206 0.0419679 0.00485675 0.00744313 
0.136672 0.0987251 0.00981361 0.723642 0.020851 0.00371829 0.00657799 
0.186799 0.0957008 0.00954974 0.650847 0.0448093 0.00413507 0.00815909 
0.194483 0.0636386 0.00829802 0.70118 0.023976 0.00278275 0.00564207 
0.226015 0.0620463 0.0106966 0.678652 0.0135136 0.00260772 0.00646868 
0.395493 0.0687007 0.0108357 0.47459 0.0383742 0.00364486 0.00836212 
0.388302 0.0785228 0.0134552 0.485668 0.022324 0.0036853 0.00804275 
0.391876 0.0472031 0.0132716 0.52914 0.00806203 0.00325243 0.00719461 
0.298464 0.054507 0.0120383 0.605755 0.0191301 0.00299279 0.00711203 
0.322874 0.0653961 0.0128265 0.568097 0.0176077 0.00493531 0.0082633 
0.402789 0.0752444 0.0149246 0.483697 0.0113164 0.00380284 0.00822599 
0.496538 0.0959294 0.0159313 0.360834 0.0160972 0.00448771 0.0101822 
0.457531 0.0697216 0.0156463 0.434598 0.010915 0.00357473 0.00801255 
0.399984 0.0761621 0.0127851 0.479043 0.0202565 0.00360544 0.00816371 
0.515814 0.104765 0.0135599 0.321857 0.0295222 0.00464931 0.00983205 
0.373807 0.104887 0.0129058 0.441774 0.0486924 0.00564809 0.0122859 
0.487362 0.127234 0.0147874 0.32039 0.0318164 0.00579035 0.0126201 
0.41372 0.0731998 0.0155337 0.467655 0.0152027 0.00492202 0.00976682 
0.367374 0.079571 0.0145797 0.49978 0.0233547 0.00477814 0.0105623 
0.390394 0.0830123 0.0146947 0.481216 0.0153912 0.00445221 0.0108395 
0.294906 0.0789775 0.0138248 0.589649 0.010673 0.00280204 0.00916747 
0.373373 0.0532606 0.0134257 0.541904 0.00875804 0.00201479 0.0072636 
0.405905 0.047559 0.0148318 0.514737 0.00667426 0.00253757 0.00775535 
0.484685 0.0739524 0.0157092 0.397573 0.0119674 0.00463772 0.0114759 
0.413952 0.0555118 0.0144924 0.494853 0.00992712 0.00334064 0.0079235 
0.419034 0.0583914 0.0151417 0.488996 0.00783721 0.00332981 0.00726969 
0.346725 0.0633035 0.0137749 0.551206 0.0104072 0.00562707 0.00895697 
0.410594 0.104732 0.0156027 0.440749 0.014105 0.00460692 0.0096104 
0.461088 0.086129 0.0177813 0.409168 0.0112888 0.00401699 0.0105284 
0.530017 0.0922597 0.0168528 0.317492 0.0246678 0.00558113 0.0131295 
0.345153 0.212585 0.0107627 0.208388 0.163819 0.042112 0.0171799 
0.270253 0.14911 0.0131189 0.290201 0.239732 0.0209137 0.0166711 
0.244303 0.0984789 0.013299 0.513748 0.105011 0.0107129 0.0144479 
0.184053 0.0521318 0.0102778 0.70518 0.0364234 0.00423246 0.00770123 
0.156572 0.0305313 0.00799631 0.7631 0.0340379 0.00261764 0.00514416 
0.258965 0.061485 0.0100416 0.618291 0.0406333 0.00343087 0.00715344 
0.140426 0.0225982 0.00758853 0.779579 0.0411292 0.00286272 0.00581589 
0.254152 0.0276184 0.010291 0.674959 0.0220165 0.00414906 0.00681389 
0.368196 0.0447866 0.0137491 0.542197 0.0184123 0.00452085 0.00813763 
0.211442 0.0339639 0.00927202 0.71742 0.0189139 0.0031617 0.00582633 
0.122059 0.0196113 0.00580928 0.83673 0.0104543 0.00178704 0.00354917 
0.101997 0.0273021 0.00638268 0.842086 0.0155766 0.00255611 0.00409919 
0.122404 0.0226774 0.00600214 0.830811 0.0128612 0.00190175 0.0033432 
0.185963 0.0284623 0.00796026 0.743592 0.0265878 0.00236009 0.00507478 
0.221735 0.0565925 0.0107872 0.663997 0.0342158 0.00418918 0.00848344 
0.265372 0.0493288 0.0106774 0.621472 0.04069 0.00405852 0.00840179 
0.171841 0.0219935 0.00829185 0.759025 0.0295468 0.00292576 0.0063759 
0.159133 0.0457154 0.00958696 0.732796 0.0411597 0.00400253 0.00760693 
0.168036 0.0556349 0.0107253 0.722126 0.0310114 0.0049302 0.0075363 
0.220182 0.077805 0.0121034 0.646419 0.0293639 0.00539341 0.00873336 
0.184676 0.066338 0.00994276 0.663939 0.0622043 0.00414045 0.00875955 
0.279495 0.0635784 0.0110219 0.56406 0.0669859 0.00519967 0.00965921 
0.112825 0.0322797 0.00748087 0.713519 0.121676 0.00519366 0.00702539 
0.176281 0.0502013 0.00888261 0.61622 0.133427 0.00717905 0.00781023 
0.128102 0.0482531 0.00875209 0.744172 0.0599497 0.00475661 0.00601542 
0.101859 0.0315769 0.0075757 0.814088 0.0356634 0.00418031 0.0050559 
0.109772 0.0584302 0.0104781 0.76474 0.0431572 0.00660654 0.00681624 
0.0938084 0.0495573 0.00934278 0.78217 0.053043 0.00605773 0.00602127 
0.11133 0.0512031 0.00952104 0.763729 0.0521893 0.00635856 0.00566815 
0.208726 0.0585275 0.0134912 0.676942 0.0258805 0.00984665 0.00658646 
0.214514 0.0520769 0.0141237 0.686632 0.0115601 0.0150271 0.00606673 
0.260485 0.0255856 0.018448 0.658449 0.0092816 0.0182693 0.00948128 
0.319918 0.0481396 0.0177294 0.574331 0.0112386 0.0191314 0.00951267 
0.234042 0.0550676 0.0249169 0.630182 0.00974219 0.0361626 0.00988615 
0.258255 0.0551899 0.0324726 0.584941 0.0076278 0.0489371 0.0125774 
0.232797 0.0529302 0.0134266 0.656578 0.0315226 0.00555631 0.00718957 
0.194493 0.0534819 0.0121478 0.682032 0.0458418 0.00528638 0.00671745 
0.130572 0.0595883 0.0121867 0.692003 0.0899266 0.00674404 0.00897958 
0.0629733 0.0289569 0.00686917 0.800173 0.0918796 0.00420298 0.00494543 
0.0710716 0.0380252 0.00811447 0.754448 0.116761 0.00549319 0.00608643 
0.109495 0.0607619 0.0125408 0.673311 0.125282 0.00880595 0.00980399 
0.115034 0.065868 0.0108137 0.734027 0.0618023 0.0051424 0.00731255 
0.0548876 0.0183323 0.00626978 0.854299 0.0590561 0.00318428 0.00397084 
0.0793822 0.0321881 0.00835857 0.816217 0.0542127 0.00452944 0.0051118 
0.0692712 0.0420987 0.00872794 0.792452 0.0768371 0.00414098 0.00647233 
0.0705252 0.0360702 0.00742524 0.819422 0.0584367 0.00309988 0.00502042 
0.0538978 0.0243238 0.00669774 0.83974 0.0679686 0.00319381 0.00417826 
0.0746049 0.0375003 0.00938763 0.710895 0.153499 0.00684051 0.00727283 
0.136166 0.162904 0.014944 0.250644 0.377942 0.0401582 0.0172414 
0.254341 0.285622 0.0137197 0.202556 0.199939 0.027049 0.016773 
0.157732 0.0845978 0.013169 0.673448 0.054729 0.00756217 0.0087625 
0.0999505 0.0707066 0.0104489 0.767721 0.0398072 0.00490319 0.00646298 
0.116383 0.0522862 0.00930752 0.784566 0.0285997 0.00332792 0.00552909 
0.0879127 0.052224 0.00895164 0.827832 0.0153155 0.00281226 0.00495202 
0.142544 0.0738068 0.0123853 0.726042 0.032654 0.0054475 0.00712083 
0.0772128 0.0344066 0.0076042 0.831129 0.0418748 0.00328602 0.00448646 
0.154314 0.0532815 0.0113849 0.731132 0.037023 0.00610704 0.00675765 
0.141329 0.0699752 0.0115619 0.728159 0.0373967 0.00448072 0.00709754 
0.118693 0.0474015 0.00959219 0.776109 0.0379453 0.00445525 0.00580376 
0.0879435 0.0375984 0.00821361 0.821824 0.0352844 0.00365034 0.00548594 
0.0622346 0.0379773 0.00712895 0.866889 0.0185069 0.0028643 0.00439875 
0.0652428 0.039676 0.0071894 0.864009 0.0171096 0.0025513 0.00422174 
0.0779085 0.054448 0.00901447 0.834758 0.0151669 0.00305655 0.00564708 
0.0590948 0.0313029 0.00618633 0.873185 0.0234981 0.00241128 0.00432161 
0.0526328 0.018667 0.00464799 0.899608 0.0199912 0.001328 0.00312487 
0.0400422 0.0145526 0.00366735 0.921581 0.0167399 0.00124201 0.00217485 
0.0406254 0.01366 0.00325206 0.933248 0.00660531 0.00111325 0.00149558 
0.116887 0.0511403 0.00911231 0.794565 0.019408 0.00370878 0.00517848 
0.178674 0.0558979 0.0098125 0.725262 0.020727 0.0040789 0.00554742 
0.102151 0.0394913 0.00731142 0.830008 0.0143496 0.00264423 0.00404437 
0.118498 0.0410731 0.00823583 0.8083 0.0163554 0.00269057 0.00484761 
0.0763952 0.024315 0.00556296 0.854648 0.0327612 0.00217039 0.00414757 
0.159146 0.0429573 0.00823246 0.739307 0.0396693 0.00460408 0.00608329 
0.128952 0.0484262 0.00875294 0.759554 0.0424338 0.00545398 0.00642742 
0.151981 0.0354285 0.00766941 0.775636 0.0203134 0.00344218 0.00552969 
0.157466 0.0430148 0.00889609 0.708711 0.0690351 0.00504587 0.00783187 
0.0577205 0.0274583 0.00546216 0.870438 0.0325777 0.00214567 0.00419788 
0.083737 0.0504877 0.00775128 0.788669 0.0585287 0.00456881 0.00625742 
0.0915345 0.0532254 0.00869311 0.733751 0.0993706 0.00544053 0.00798493 
0.116928 0.0450871 0.00907695 0.665712 0.147896 0.00576131 0.00953862 
0.0763714 0.0382034 0.0083848 0.773948 0.0906234 0.0045625 0.00790643 
0.0665125 0.0309328 0.00724722 0.774925 0.109274 0.004192 0.00691644 
0.0478745 0.0325783 0.00541352 0.866775 0.0405616 0.0024376 0.00435986 
0.104836 0.040029 0.00813444 0.72686 0.107181 0.00531784 0.00764188 
0.36156 0.30568 0.0118993 0.13088 0.06671 0.0987308 0.0245395 
0.368521 0.216094 0.0147236 0.282576 0.0508058 0.0469176 0.0203619 
0.238274 0.14715 0.0125483 0.484627 0.0832813 0.0201602 0.0139587 
0.220299 0.0584867 0.0097908 0.677446 0.0205002 0.00569541 0.00778162 
0.427422 0.0805372 0.0174168 0.44257 0.00846965 0.00914092 0.0144434 
0.575171 0.11079 0.0196811 0.260879 0.00836002 0.0100887 0.0150302 
0.523183 0.113235 0.0184767 0.302149 0.0149864 0.0114209 0.0165492 
0.616379 0.105908 0.0194151 0.21928 0.00890361 0.00908281 0.0210313 
0.518992 0.103622 0.0155281 0.310515 0.027338 0.0068313 0.0171737 
0.547566 0.10613 0.0147967 0.290219 0.0168507 0.00857986 0.0158589 
0.516115 0.112491 0.0126786 0.317103 0.0187332 0.00778299 0.0150959 
0.351658 0.110603 0.0128649 0.486034 0.0178222 0.00654003 0.014478 
0.378946 0.107918 0.00983735 0.453619 0.0312248 0.00548757 0.0129674 
0.302449 0.0938522 0.00773128 0.546468 0.033385 0.00409974 0.0120151 
0.496883 0.120275 0.00932451 0.304971 0.0376182 0.00599076 0.0249371 
0.329239 0.09241 0.0100606 0.533866 0.0166585 0.00385822 0.0139079 
0.786034 0.0493343 0.0180128 0.0995847 0.0101143 0.00398696 0.0329332 
0.806108 0.0441177 0.0304904 0.0871276 0.0025774 0.00521621 0.0243629 
0.558775 0.0621639 0.0158594 0.334633 0.0105186 0.0040397 0.0140095 
0.692948 0.11921 0.0204057 0.128618 0.0113764 0.00723193 0.0202103 
0.756857 0.0721364 0.0241307 0.121068 0.00564156 0.00779774 0.0123695 
0.59961 0.128953 0.0214903 0.229398 0.00558157 0.00460158 0.0103658 
0.767118 0.0809744 0.0228045 0.0956926 0.00834527 0.010393 0.0146725 
0.751821 0.0834243 0.0190026 0.109606 0.00874985 0.0134233 0.0139729 
0.689708 0.0724794 0.0192576 0.17654 0.0111345 0.0182866 0.0125937 
0.756272 0.0902604 0.0198597 0.0860526 0.0150808 0.0172487 0.0152256 
0.452508 0.0574125 0.0189356 0.424204 0.00589804 0.03018 0.0108622 
0.429833 0.0695727 0.0179588 0.449569 0.0089691 0.0167881 0.00730893 
0.441741 0.063141 0.0227221 0.427629 0.00637478 0.0267428 0.0116494 
0.190051 0.027652 0.0107323 0.743367 0.00770652 0.0150178 0.00547308 
0.481402 0.0516001 0.0249165 0.379794 0.0132428 0.0367509 0.0122927 
0.505529 0.0982766 0.0380876 0.272721 0.022695 0.0469295 0.0157616 
0.642346 0.0427381 0.086153 0.0851852 0.0182893 0.108036 0.0172524 
0.371727 0.044996 0.0881131 0.053521 0.00539298 0.42676 0.00949011 
0.540145 0.0485405 0.081901 0.0634062 0.00549294 0.244647 0.0158678 
0.527364 0.0490843 0.0691389 0.0699045 0.00594961 0.260929 0.0176289 
0.580416 0.0566062 0.0687485 0.0552643 0.00614216 0.210644 0.0221786 
0.504588 0.0789056 0.0511395 0.146159 0.0100963 0.183132 0.02598 
0.590872 0.0436655 0.0635522 0.126495 0.00595644 0.140338 0.0291208 
0.611865 0.0292704 0.0153788 0.315506 0.0143625 0.00143242 0.0121857 
0.587277 0.0248138 0.0144802 0.354277 0.00956813 0.00107423 0.00850976 
0.62808 0.0292706 0.016693 0.306046 0.00909461 0.00116644 0.009649 
0.684211 0.0246874 0.0131228 0.229616 0.0322631 0.00138504 0.0147144 
0.774132 0.021508 0.0162547 0.149835 0.0196417 0.00167247 0.0169561 
0.656545 0.0196961 0.0192913 0.274301 0.012594 0.00147834 0.0160943 
0.820379 0.025389 0.0213924 0.0911616 0.0122383 0.00174196 0.027698 
0.82859 0.0151232 0.0262405 0.0903293 0.0113315 0.00131629 0.0270693 
0.792664 0.0235615 0.02423 0.106031 0.0118928 0.00100636 0.0406136 
0.799446 0.0448777 0.0183502 0.0835797 0.0199377 0.00217195 0.0316365 
0.819592 0.0426883 0.0160308 0.0830896 0.0186662 0.00257226 0.0173607 
0.757727 0.0347615 0.0174258 0.147498 0.0196765 0.0019126 0.0209994 
0.788825 0.0246324 0.023993 0.11679 0.0104981 0.00218465 0.0330769 
0.82491 0.0347611 0.0256774 0.0547236 0.0156403 0.00242847 0.0418595 
0.850929 0.0311531 0.027768 0.0332515 0.00943115 0.00282155 0.0446459 
0.839465 0.0285948 0.0274063 0.0529869 0.0124287 0.00273355 0.0363851 
0.802504 0.0242906 0.0268655 0.117717 0.00819394 0.00233382 0.0180951 
0.74189 0.0234423 0.0279063 0.180461 0.00890684 0.00173038 0.0156634 
0.818455 0.0252203 0.0236361 0.0977608 0.0161907 0.00183508 0.0169021 
0.596008 0.0232977 0.0166564 0.312814 0.0378091 0.00203711 0.0113776 
0.585863 0.0200408 0.0174979 0.335844 0.0278082 0.00212552 0.0108212 
0.660197 0.0311526 0.0181428 0.244554 0.0313948 0.0024633 0.0120951 
0.680362 0.0242187 0.0139078 0.221086 0.0481969 0.00231049 0.00991888 
0.720983 0.0279463 0.0163852 0.181785 0.038407 0.00267279 0.0118208 
0.654506 0.0303855 0.0161749 0.253862 0.0311237 0.0025281 0.0114197 
0.66458 0.0413439 0.0144876 0.172584 0.0881734 0.00467575 0.0141549 
0.601313 0.066616 0.0106489 0.0646488 0.232921 0.00793905 0.0159134 
0.693656 0.0309774 0.0179364 0.198552 0.0411742 0.00390475 0.0137994 
0.753994 0.0162368 0.0280984 0.165234 0.0138552 0.00300297 0.0195787 
0.817909 0.0204612 0.029758 0.0941414 0.010307 0.00319814 0.0242257 
0.723014 0.0163684 0.0295548 0.191314 0.0110059 0.00268023 0.0260627 
0.725582 0.0175513 0.0264574 0.191344 0.0153597 0.00239186 0.0213133 
0.706162 0.0238226 0.0169749 0.187382 0.0472009 0.0026177 0.0158398 
0.71606 0.027784 0.0190001 0.191395 0.0271326 0.00269351 0.0159351 
0.728559 0.0281005 0.0187136 0.169917 0.0358168 0.0036497 0.0152439 
0.755103 0.0298642 0.0189793 0.13028 0.0465062 0.00395225 0.015315 
0.6912 0.0298864 0.0191699 0.193335 0.0466773 0.00414883 0.0155828 
0.732536 0.0376275 0.0197893 0.167878 0.0232015 0.00431023 0.0146571 
0.807968 0.0384686 0.0231614 0.0907883 0.0209009 0.00491115 0.013802 
0.737221 0.0240521 0.0355116 0.169016 0.0140249 0.00512438 0.0150496 
0.730474 0.0338651 0.0718869 0.11328 0.00767426 0.0268314 0.015988 
0.736607 0.0627537 0.0663918 0.0656185 0.0147838 0.0371422 0.0167029 
0.756703 0.0223687 0.0544286 0.131381 0.004225 0.0133603 0.0175326 
0.750326 0.0430556 0.0317482 0.136563 0.00956721 0.014338 0.0144023 
0.708026 0.0258791 0.0329091 0.200757 0.00860419 0.0115138 0.0123106 
0.720087 0.0440702 0.0349526 0.15802 0.0131271 0.0186382 0.0111055 
0.647179 0.0345521 0.0412998 0.225128 0.0198406 0.0215939 0.0104063 
0.697126 0.0454519 0.0365268 0.1793 0.0136921 0.0185728 0.00933049 
0.647612 0.0410729 0.0328633 0.240055 0.0129225 0.0160375 0.00943651 
0.566481 0.0508654 0.0215971 0.323448 0.0171366 0.0124078 0.00806483 
0.234434 0.060242 0.00739479 0.291374 0.387699 0.00719989 0.0116558 
0.510829 0.0876726 0.0104438 0.271079 0.100407 0.00633042 0.013238 
0.388359 0.0523268 0.0105587 0.481294 0.0537429 0.00359592 0.0101226 
0.454371 0.0833758 0.0121879 0.376988 0.0563568 0.00558854 0.0111326 
0.29889 0.0954369 0.0122518 0.547415 0.0302973 0.00516792 0.0105408 
0.329739 0.0519385 0.0107289 0.559738 0.0360311 0.00365468 0.00816964 
0.247121 0.0365604 0.0102871 0.670309 0.0240768 0.0035443 0.00810124 
0.508254 0.0558933 0.0144678 0.385412 0.0235425 0.00368676 0.00874404 
0.194816 0.0149169 0.00719926 0.758189 0.0182525 0.00201408 0.00461219 
0.20559 0.0271644 0.00814745 0.716471 0.0332928 0.00257906 0.00675477 
0.325449 0.0319102 0.00958831 0.560661 0.0603052 0.00329766 0.00878886 
0.29359 0.0320347 0.0103578 0.596493 0.053879 0.00370753 0.00993863 
0.351835 0.0370185 0.0116437 0.545962 0.039942 0.00381903 0.00977982 
0.270848 0.0248285 0.0105753 0.618876 0.0611746 0.00365768 0.0100399 
0.298656 0.0259428 0.0110004 0.605593 0.0443946 0.00343979 0.0109728 
0.297079 0.0307866 0.0115364 0.607068 0.039762 0.00324481 0.0105229 
0.306441 0.0313765 0.0114364 0.608297 0.0302495 0.00291197 0.00928825 
0.285467 0.0421235 0.0102073 0.599152 0.0498814 0.00362141 0.00954717 
0.218891 0.0281562 0.00842511 0.686426 0.0468695 0.00268694 0.00854539 
0.305872 0.0295415 0.0101085 0.614402 0.0286434 0.00260919 0.00882383 
0.389513 0.0306122 0.0100036 0.52399 0.0334559 0.00274874 0.00967637 
0.330587 0.0253475 0.00930147 0.585055 0.0384221 0.00255744 0.00872936 
0.270363 0.0310557 0.0097179 0.641207 0.0350293 0.00338123 0.00924522 
0.265266 0.0253261 0.00979025 0.644784 0.041519 0.00258914 0.0107258 
0.351319 0.0407285 0.010727 0.550553 0.035176 0.00236444 0.00913231 
0.286952 0.0218748 0.0102699 0.652179 0.0192395 0.00182881 0.00765672 
0.271811 0.0298158 0.0106492 0.646572 0.0292284 0.00256223 0.00936176 
0.474313 0.0484193 0.0144527 0.420756 0.0259461 0.00406384 0.0120485 
0.567741 0.0576535 0.0157187 0.290826 0.0473965 0.00454834 0.0161157 
0.354482 0.0351667 0.0122555 0.565587 0.0199537 0.00323055 0.00932504 
0.299943 0.0388426 0.0107535 0.623597 0.0168451 0.00255219 0.00746685 
0.366209 0.0458926 0.0137556 0.531527 0.0249833 0.00651793 0.0111153 
0.276759 0.0236486 0.0130709 0.652841 0.0198394 0.00430673 0.00953406 
0.436921 0.0287748 0.0143671 0.474126 0.0296028 0.00483547 0.0113732 
0.234434 0.060242 0.00739479 0.291374 0.387699 0.00719989 0.0116558 
0.510829 0.0876726 0.0104438 0.271079 0.100407 0.00633042 0.013238 
0.388359 0.0523268 0.0105587 0.481294 0.0537429 0.00359592 0.0101226 
0.454371 0.0833758 0.0121879 0.376988 0.0563568 0.00558854 0.0111326 
0.29889 0.0954369 0.0122518 0.547415 0.0302973 0.00516792 0.0105408 
0.329739 0.0519385 0.0107289 0.559738 0.0360311 0.00365468 0.00816964 
0.247121 0.0365604 0.0102871 0.670309 0.0240768 0.0035443 0.00810124 
0.508254 0.0558933 0.0144678 0.385412 0.0235425 0.00368676 0.00874404 
0.194816 0.0149169 0.00719926 0.758189 0.0182525 0.00201408 0.00461219 
0.20559 0.0271644 0.00814745 0.716471 0.0332928 0.00257906 0.00675477 
0.325449 0.0319102 0.00958831 0.560661 0.0603052 0.00329766 0.00878886 
0.29359 0.0320347 0.0103578 0.596493 0.053879 0.00370753 0.00993863 
0.351835 0.0370185 0.0116437 0.545962 0.039942 0.00381903 0.00977982 
0.270848 0.0248285 0.0105753 0.618876 0.0611746 0.00365768 0.0100399 
0.298656 0.0259428 0.0110004 0.605593 0.0443946 0.00343979 0.0109728 
0.297079 0.0307866 0.0115364 0.607068 0.039762 0.00324481 0.0105229 
0.306441 0.0313765 0.0114364 0.608297 0.0302495 0.00291197 0.00928825 
0.285467 0.0421235 0.0102073 0.599152 0.0498814 0.00362141 0.00954717 
0.218891 0.0281562 0.00842511 0.686426 0.0468695 0.00268694 0.00854539 
0.305872 0.0295415 0.0101085 0.614402 0.0286434 0.00260919 0.00882383 
0.389513 0.0306122 0.0100036 0.52399 0.0334559 0.00274874 0.00967637 
0.330587 0.0253475 0.00930147 0.585055 0.0384221 0.00255744 0.00872936 
0.270363 0.0310557 0.0097179 0.641207 0.0350293 0.00338123 0.00924522 
0.265266 0.0253261 0.00979025 0.644784 0.041519 0.00258914 0.0107258 
0.351319 0.0407285 0.010727 0.550553 0.035176 0.00236444 0.00913231 
0.286952 0.0218748 0.0102699 0.652179 0.0192395 0.00182881 0.00765672 
0.271811 0.0298158 0.0106492 0.646572 0.0292284 0.00256223 0.00936176 
0.474313 0.0484193 0.0144527 0.420756 0.0259461 0.00406384 0.0120485 
0.567741 0.0576535 0.0157187 0.290826 0.0473965 0.00454834 0.0161157 
0.354482 0.0351667 0.0122555 0.565587 0.0199537 0.00323055 0.00932504 
0.299943 0.0388426 0.0107535 0.623597 0.0168451 0.00255219 0.00746685 
0.366209 0.0458926 0.0137556 0.531527 0.0249833 0.00651793 0.0111153 
0.276759 0.0236486 0.0130709 0.652841 0.0198394 0.00430673 0.00953406 
0.436921 0.0287748 0.0143671 0.474126 0.0296028 0.00483547 0.0113732 
0.334876 0.0509789 0.0218533 0.540782 0.00461059 0.0259241 0.0209746 
0.125336 0.0248007 0.00779714 0.812514 0.00514844 0.0132902 0.0111137 
0.288784 0.0396044 0.0106396 0.623644 0.0112385 0.0106373 0.0154521 
0.376143 0.0490193 0.0125131 0.524572 0.0115138 0.0108455 0.0153931 
0.206796 0.104724 0.00936126 0.634584 0.0228769 0.00880756 0.0128492 
0.298257 0.104968 0.0102313 0.54507 0.0178949 0.00892233 0.0146577 
0.181793 0.112942 0.00954974 0.656911 0.0199729 0.0101833 0.00864818 
0.175937 0.118158 0.0117044 0.660694 0.0110579 0.0120206 0.0104288 
0.148624 0.102062 0.00948659 0.701828 0.0170548 0.0114921 0.00945297 
0.162169 0.121129 0.00979318 0.668051 0.0202774 0.00962379 0.00895657 
0.260029 0.146788 0.00742222 0.537681 0.0319409 0.00759332 0.00854521 
0.236561 0.167598 0.0134774 0.543029 0.0137652 0.0132184 0.0123515 
0.214728 0.143957 0.00975905 0.580983 0.0281358 0.0113491 0.011088 
0.140741 0.098869 0.00927656 0.719671 0.0147846 0.00734397 0.00931391 
0.0860773 0.0969067 0.00782912 0.781584 0.0133993 0.00645192 0.00775216 
0.125407 0.0909555 0.00682058 0.738549 0.0261452 0.00506641 0.00705575 
0.10291 0.0848541 0.00642317 0.766182 0.0280159 0.00483838 0.00677665 
0.167888 0.151141 0.00960903 0.615033 0.0366137 0.00769948 0.0120163 
0.29789 0.115386 0.00999923 0.523311 0.0332424 0.00650675 0.0136651 
0.26115 0.125666 0.00880597 0.541839 0.0417644 0.00718636 0.0135891 
0.309767 0.13875 0.00892005 0.4756 0.0438736 0.00782412 0.0152658 
0.271366 0.11594 0.00917299 0.551374 0.0298388 0.00775549 0.014553 
0.301594 0.140323 0.00838532 0.503947 0.0280883 0.00562153 0.0120412 
0.35945 0.150487 0.0102192 0.436492 0.0212491 0.00663598 0.0154655 
0.314481 0.102933 0.0108234 0.540119 0.0136789 0.00573639 0.0122287 
0.237493 0.155882 0.00781274 0.395135 0.17625 0.0124753 0.014952 
0.428001 0.338183 0.007399 0.118717 0.0642025 0.0248874 0.0186103 
0.36871 0.227368 0.0116638 0.316788 0.0358597 0.0206413 0.0189698 
0.475815 0.113832 0.0171892 0.341196 0.0123237 0.0212731 0.0183709 
0.517659 0.0691334 0.0151137 0.356481 0.0170516 0.00906405 0.0154974 
0.501615 0.0936156 0.0140929 0.308533 0.0543658 0.00889668 0.018881 
0.486164 0.0681557 0.0142792 0.381269 0.0256323 0.00859389 0.0159057 
0.607219 0.0585562 0.0176448 0.272897 0.0143956 0.0101011 0.0191862 
0.504924 0.041708 0.0146855 0.412641 0.00803657 0.00591879 0.0120856 
0.546929 0.0558943 0.0145984 0.353856 0.00998573 0.00571202 0.0130247 
0.487012 0.0405276 0.0126458 0.432117 0.00953281 0.00605903 0.0121056 
0.362841 0.0328696 0.0124557 0.567006 0.00797561 0.00540962 0.0114428 
0.456858 0.0299688 0.0116592 0.469987 0.0147495 0.00764253 0.00913472 
0.489126 0.0517357 0.0127351 0.402816 0.0226159 0.00622842 0.0147432 
0.484103 0.0526608 0.0136353 0.413293 0.0130374 0.00756977 0.0157012 
0.363412 0.0561438 0.0119163 0.54053 0.0119054 0.00463372 0.0114582 
0.468293 0.0463174 0.0104774 0.439928 0.00774111 0.00241773 0.024825 
0.408931 0.0445714 0.00983146 0.500958 0.0137679 0.00328168 0.0186584 
0.368195 0.0394494 0.0100289 0.550713 0.013793 0.00283288 0.0149881 
0.38744 0.0945944 0.0130753 0.434446 0.0461303 0.00752347 0.0167907 
0.324504 0.0592698 0.0125069 0.56038 0.0276655 0.00558961 0.0100838 
0.211541 0.0683514 0.0129625 0.679049 0.0108592 0.0080816 0.00915441 
0.239533 0.0567021 0.0137432 0.662468 0.00980295 0.0100505 0.00769933 
0.372793 0.0551643 0.0202995 0.523685 0.00668367 0.0115936 0.00978127 
0.581031 0.0815816 0.0239675 0.269298 0.0100543 0.0171338 0.0169338 
0.332655 0.0465615 0.0168964 0.579271 0.00559392 0.00805657 0.0109657 
0.440641 0.0351264 0.0214424 0.476647 0.00453552 0.00795988 0.0136477 
0.234434 0.060242 0.00739479 0.291374 0.387699 0.00719989 0.0116558 
0.510829 0.0876726 0.0104438 0.271079 0.100407 0.00633042 0.013238 
0.388359 0.0523268 0.0105587 0.481294 0.0537429 0.00359592 0.0101226 
0.454371 0.0833758 0.0121879 0.376988 0.0563568 0.00558854 0.0111326 
0.29889 0.0954369 0.0122518 0.547415 0.0302973 0.00516792 0.0105408 
0.329739 0.0519385 0.0107289 0.559738 0.0360311 0.00365468 0.00816964 
0.247121 0.0365604 0.0102871 0.670309 0.0240768 0.0035443 0.00810124 
0.508254 0.0558933 0.0144678 0.385412 0.0235425 0.00368676 0.00874404 
0.194816 0.0149169 0.00719926 0.758189 0.0182525 0.00201408 0.00461219 
0.20559 0.0271644 0.00814745 0.716471 0.0332928 0.00257906 0.00675477 
0.325449 0.0319102 0.00958831 0.560661 0.0603052 0.00329766 0.00878886 
0.29359 0.0320347 0.0103578 0.596493 0.053879 0.00370753 0.00993863 
0.351835 0.0370185 0.0116437 0.545962 0.039942 0.00381903 0.00977982 
0.270848 0.0248285 0.0105753 0.618876 0.0611746 0.00365768 0.0100399 
0.298656 0.0259428 0.0110004 0.605593 0.0443946 0.00343979 0.0109728 
0.297079 0.0307866 0.0115364 0.607068 0.039762 0.00324481 0.0105229 
0.306441 0.0313765 0.0114364 0.608297 0.0302495 0.00291197 0.00928825 
0.285467 0.0421235 0.0102073 0.599152 0.0498814 0.00362141 0.00954717 
0.218891 0.0281562 0.00842511 0.686426 0.0468695 0.00268694 0.00854539 
0.305872 0.0295415 0.0101085 0.614402 0.0286434 0.00260919 0.00882383 
0.389513 0.0306122 0.0100036 0.52399 0.0334559 0.00274874 0.00967637 
0.330587 0.0253475 0.00930147 0.585055 0.0384221 0.00255744 0.00872936 
0.270363 0.0310557 0.0097179 0.641207 0.0350293 0.00338123 0.00924522 
0.265266 0.0253261 0.00979025 0.644784 0.041519 0.00258914 0.0107258 
0.351319 0.0407285 0.010727 0.550553 0.035176 0.00236444 0.00913231 
0.286952 0.0218748 0.0102699 0.652179 0.0192395 0.00182881 0.00765672 
0.271811 0.0298158 0.0106492 0.646572 0.0292284 0.00256223 0.00936176 
0.474313 0.0484193 0.0144527 0.420756 0.0259461 0.00406384 0.0120485 
0.567741 0.0576535 0.0157187 0.290826 0.0473965 0.00454834 0.0161157 
0.354482 0.0351667 0.0122555 0.565587 0.0199537 0.00323055 0.00932504 
0.299943 0.0388426 0.0107535 0.623597 0.0168451 0.00255219 0.00746685 
0.366209 0.0458926 0.0137556 0.531527 0.0249833 0.00651793 0.0111153 
0.276759 0.0236486 0.0130709 0.652841 0.0198394 0.00430673 0.00953406 
0.436921 0.0287748 0.0143671 0.474126 0.0296028 0.00483547 0.0113732 
0.345933 0.0550358 0.0120905 0.555469 0.0168725 0.00326522 0.0113345 
0.332915 0.0618268 0.0112808 0.55669 0.0240483 0.00304721 0.0101925 
0.331399 0.0551905 0.011668 0.545747 0.0400502 0.00446259 0.0114836 
0.443173 0.0626643 0.0130623 0.454139 0.0139891 0.00336937 0.00960239 
0.356628 0.0701111 0.0135676 0.526996 0.0186145 0.00332017 0.0107631 
0.326412 0.0529918 0.011936 0.579179 0.0154479 0.00327878 0.0107541 
0.323575 0.06406 0.010947 0.560145 0.0260833 0.003982 0.0112079 
0.511885 0.0532019 0.0136496 0.381596 0.0221616 0.00423682 0.0132693 
0.358204 0.0285106 0.01008 0.577726 0.0132393 0.00159968 0.0106398 
0.459472 0.060948 0.0122764 0.418083 0.030481 0.00388101 0.0148591 
0.413317 0.0571868 0.011642 0.473888 0.0281689 0.00388204 0.011916 
0.382173 0.0539361 0.0114624 0.495049 0.041286 0.00404143 0.0120522 
0.493966 0.0723569 0.0137433 0.369967 0.0294471 0.00544477 0.0150748 
0.430596 0.0430588 0.0118406 0.487261 0.014403 0.0024882 0.0103524 
0.322197 0.0532796 0.0117437 0.579254 0.0204542 0.00319321 0.00987775 
0.322448 0.0375545 0.0106706 0.611767 0.00721514 0.00244856 0.00789621 
0.44038 0.0700151 0.0134693 0.4412 0.0170281 0.00484971 0.0130581 
0.511443 0.0352658 0.0148929 0.416409 0.0057657 0.00324564 0.0129778 
0.234434 0.060242 0.00739479 0.291374 0.387699 0.00719989 0.0116558 
0.510829 0.0876726 0.0104438 0.271079 0.100407 0.00633042 0.013238 
0.388359 0.0523268 0.0105587 0.481294 0.0537429 0.00359592 0.0101226 
0.454371 0.0833758 0.0121879 0.376988 0.0563568 0.00558854 0.0111326 
0.29889 0.0954369 0.0122518 0.547415 0.0302973 0.00516792 0.0105408 
0.329739 0.0519385 0.0107289 0.559738 0.0360311 0.00365468 0.00816964 
0.247121 0.0365604 0.0102871 0.670309 0.0240768 0.0035443 0.00810124 
0.508254 0.0558933 0.0144678 0.385412 0.0235425 0.00368676 0.00874404 
0.194816 0.0149169 0.00719926 0.758189 0.0182525 0.00201408 0.00461219 
0.20559 0.0271644 0.00814745 0.716471 0.0332928 0.00257906 0.00675477 
0.325449 0.0319102 0.00958831 0.560661 0.0603052 0.00329766 0.00878886 
0.29359 0.0320347 0.0103578 0.596493 0.053879 0.00370753 0.00993863 
0.351835 0.0370185 0.0116437 0.545962 0.039942 0.00381903 0.00977982 
0.270848 0.0248285 0.0105753 0.618876 0.0611746 0.00365768 0.0100399 
0.298656 0.0259428 0.0110004 0.605593 0.0443946 0.00343979 0.0109728 
0.297079 0.0307866 0.0115364 0.607068 0.039762 0.00324481 0.0105229 
0.306441 0.0313765 0.0114364 0.608297 0.0302495 0.00291197 0.00928825 
0.285467 0.0421235 0.0102073 0.599152 0.0498814 0.00362141 0.00954717 
0.218891 0.0281562 0.00842511 0.686426 0.0468695 0.00268694 0.00854539 
0.305872 0.0295415 0.0101085 0.614402 0.0286434 0.00260919 0.00882383 
0.389513 0.0306122 0.0100036 0.52399 0.0334559 0.00274874 0.00967637 
0.330587 0.0253475 0.00930147 0.585055 0.0384221 0.00255744 0.00872936 
0.270363 0.0310557 0.0097179 0.641207 0.0350293 0.00338123 0.00924522 
0.265266 0.0253261 0.00979025 0.644784 0.041519 0.00258914 0.0107258 
0.351319 0.0407285 0.010727 0.550553 0.035176 0.00236444 0.00913231 
0.286952 0.0218748 0.0102699 0.652179 0.0192395 0.00182881 0.00765672 
0.271811 0.0298158 0.0106492 0.646572 0.0292284 0.00256223 0.00936176 
0.474313 0.0484193 0.0144527 0.420756 0.0259461 0.00406384 0.0120485 
0.567741 0.0576535 0.0157187 0.290826 0.0473965 0.00454834 0.0161157 
0.354482 0.0351667 0.0122555 0.565587 0.0199537 0.00323055 0.00932504 
0.299943 0.0388426 0.0107535 0.623597 0.0168451 0.00255219 0.00746685 
0.366209 0.0458926 0.0137556 0.531527 0.0249833 0.00651793 0.0111153 
0.276759 0.0236486 0.0130709 0.652841 0.0198394 0.00430673 0.00953406 
0.436921 0.0287748 0.0143671 0.474126 0.0296028 0.00483547 0.0113732 
0.522139 0.0503166 0.0130378 0.378811 0.0223694 0.00341633 0.00990914 
0.459505 0.0434477 0.0128865 0.442443 0.0302994 0.00328895 0.00813006 
0.595586 0.0590808 0.0158154 0.298044 0.0184421 0.00365449 0.00937727 
0.626781 0.0622558 0.0201368 0.232122 0.041727 0.00495516 0.0120219 
0.63775 0.0444522 0.0295926 0.225812 0.0398901 0.0103183 0.0121844 
0.66552 0.0325606 0.0363657 0.213386 0.0280859 0.0109149 0.013167 
0.431307 0.112475 0.0384641 0.0754355 0.0521655 0.27158 0.0185731 
0.615527 0.129637 0.0373983 0.0202351 0.0195637 0.154497 0.023142 
0.602094 0.146656 0.0302938 0.109154 0.0358143 0.0609171 0.0150708 
0.783706 0.0325346 0.0685657 0.0666749 0.00193528 0.0318281 0.0147556 
0.705993 0.0489532 0.0540375 0.139595 0.00297184 0.0341415 0.014308 
0.685707 0.0427242 0.0442814 0.192322 0.00426353 0.0183831 0.0123191 
0.617598 0.0403629 0.0336975 0.270048 0.00778655 0.0186963 0.01181 
0.62885 0.0530511 0.0338904 0.248323 0.00573158 0.0185566 0.0115974 
0.692778 0.0395397 0.0301214 0.207738 0.00609927 0.0135838 0.0101396 
0.763558 0.0345475 0.0325759 0.145099 0.00478962 0.00995431 0.00947607 
