0.808054 0.0108624 0.03135 0.0646708 0.0580327 0.00254911 0.0244806 
0.860332 0.0102263 0.0519196 0.037002 0.0123332 0.00259668 0.02559 
0.82053 0.011411 0.0430298 0.1028 0.0083934 0.00163809 0.012198 
0.798574 0.00905811 0.0510426 0.104536 0.0148351 0.00334094 0.0186129 
0.649802 0.00914778 0.185075 0.020521 0.0257044 0.0535288 0.0562206 
0.726181 0.00805257 0.136184 0.0319767 0.0222243 0.0320657 0.0433157 
0.512446 0.00896133 0.23108 0.0163806 0.0081469 0.170237 0.0527488 
0.618215 0.00978708 0.188499 0.0300469 0.0244823 0.0841218 0.0448481 
0.663985 0.00856474 0.179084 0.0225707 0.0209613 0.0548457 0.0499887 
0.679458 0.0110115 0.15984 0.0310432 0.0232391 0.0476644 0.0477443 
0.730766 0.0118047 0.131031 0.027745 0.0260212 0.0343636 0.038268 
0.722601 0.0121025 0.151535 0.0141918 0.0110363 0.0436883 0.0448446 
0.758111 0.0112001 0.129655 0.03586 0.00581997 0.0308179 0.0285365 
0.763467 0.0130912 0.141112 0.0140947 0.00630559 0.0285719 0.0333576 
0.749895 0.00755952 0.134419 0.0181771 0.00562674 0.0354778 0.0488445 
0.784002 0.0130871 0.0895148 0.0429047 0.0142328 0.030028 0.0262307 
0.777055 0.0087865 0.095368 0.0459292 0.00832209 0.03567 0.0288693 
0.769461 0.00849503 0.0832329 0.0742424 0.0146177 0.0251721 0.0247792 
0.652602 0.010191 0.106989 0.120736 0.0256836 0.0415221 0.0422757 
0.655423 0.00741988 0.118937 0.120982 0.0178602 0.0296339 0.0497435 
0.692528 0.00666151 0.126223 0.118536 0.0062182 0.018539 0.0312939 
0.666238 0.0102731 0.0950964 0.15028 0.0171622 0.0327409 0.0282091 
0.70853 0.00975901 0.0949498 0.124164 0.0138749 0.0243049 0.0244176 
0.740794 0.0102444 0.07956 0.113385 0.0113231 0.026462 0.0182317 
0.736732 0.0096431 0.0903744 0.0862448 0.0181687 0.0327577 0.0260795 
0.65277 0.0110951 0.0779758 0.17028 0.0288867 0.0342115 0.0247805 
0.788872 0.0116433 0.0596353 0.080512 0.017022 0.0160636 0.0262516 
0.80973 0.0106048 0.0860398 0.053676 0.00741317 0.0101382 0.0223975 
0.755295 0.00933183 0.0747268 0.111063 0.00735346 0.0142769 0.027953 
0.770665 0.00977307 0.0672488 0.116925 0.00751548 0.00848527 0.0193874 
0.821913 0.00971423 0.0600468 0.0655 0.01038 0.0131213 0.0193246 
0.784704 0.00778431 0.0695105 0.0957075 0.00882057 0.0097472 0.0237264 
0.806216 0.00919062 0.0769704 0.0722686 0.00499362 0.0068429 0.023518 
0.783915 0.0103647 0.0671031 0.0947498 0.00973349 0.00702693 0.0271064 
0.860168 0.0115607 0.0505473 0.0494539 0.00620269 0.00482453 0.0172431 
0.600272 0.0265385 0.069729 0.269073 0.00528497 0.0211233 0.00797921 
0.746037 0.0152947 0.100299 0.111658 0.00575139 0.00957187 0.0113879 
0.605664 0.0165451 0.0617156 0.283289 0.0147414 0.00866951 0.00937487 
0.575685 0.0136345 0.075092 0.314047 0.00554435 0.00744657 0.00855033 
0.0589948 0.0184828 0.0875108 0.703984 0.0061958 0.0858646 0.0389668 
0.109957 0.020149 0.351899 0.326912 0.0069256 0.110467 0.07369 
0.0878186 0.0236601 0.278148 0.447109 0.00674639 0.0964479 0.06007 
0.138193 0.0234225 0.415669 0.31916 0.00755494 0.032231 0.0637699 
0.139283 0.027813 0.408841 0.270399 0.00819 0.0632923 0.0821821 
0.207283 0.0292868 0.40412 0.232823 0.011142 0.0462011 0.0691444 
0.141999 0.0329457 0.49468 0.250416 0.00769214 0.036202 0.0360644 
0.158676 0.0272459 0.527451 0.219786 0.00937986 0.0253673 0.0320944 
0.0796738 0.0187747 0.270518 0.579415 0.00339792 0.0296326 0.0185883 
0.0640741 0.0171906 0.186464 0.679447 0.0022103 0.0235415 0.0270719 
0.0623133 0.023007 0.244681 0.627134 0.00203293 0.0222629 0.0185687 
0.0618614 0.0377593 0.119742 0.685727 0.00397931 0.0674373 0.0234939 
0.0690289 0.0128855 0.157881 0.736303 0.00204728 0.00943591 0.0124182 
0.0692571 0.0146245 0.158891 0.713957 0.00244776 0.0233004 0.0175224 
0.14331 0.0323434 0.331263 0.355627 0.00831879 0.0887077 0.0404306 
0.034413 0.0124762 0.0612201 0.851481 0.0015547 0.0278915 0.0109633 
0.103845 0.0343808 0.275435 0.28811 0.0102391 0.24716 0.0408302 
0.105393 0.0342487 0.140043 0.478532 0.0125121 0.194792 0.0344797 
0.11602 0.040619 0.218078 0.27821 0.0153582 0.284217 0.0474977 
0.112864 0.036964 0.288476 0.274599 0.0111396 0.227754 0.0482039 
0.115948 0.0367775 0.2515 0.26972 0.0130683 0.262104 0.0508821 
0.0981875 0.0352861 0.223365 0.310887 0.0118671 0.271284 0.0491234 
0.121137 0.0302403 0.26205 0.251958 0.0106621 0.250564 0.0733891 
0.124102 0.0347985 0.17224 0.334157 0.0148122 0.255682 0.0642076 
0.172094 0.021327 0.291934 0.318952 0.0114102 0.114878 0.0694047 
0.314301 0.0176564 0.26388 0.346906 0.00501174 0.0312598 0.0209848 
0.292187 0.0254856 0.265062 0.28479 0.00950276 0.0920021 0.03097 
0.678021 0.0299737 0.0602832 0.101316 0.0874156 0.0327027 0.010288 
0.622061 0.0289203 0.0563497 0.0780735 0.169289 0.0344417 0.0108641 
0.788468 0.0406063 0.0344606 0.0337872 0.0749694 0.0159416 0.0117672 
0.613076 0.0955491 0.0158428 0.251205 0.00994942 0.00273535 0.011642 
0.70151 0.104501 0.0161065 0.150943 0.0118742 0.00260343 0.012462 
0.677233 0.0556086 0.0144877 0.224788 0.0149196 0.00375303 0.00920991 
0.610822 0.0583634 0.0177385 0.294201 0.00730345 0.00262721 0.0089444 
0.420322 0.0730096 0.0153961 0.473049 0.00708138 0.0026555 0.00848683 
0.432682 0.0518598 0.0126336 0.482088 0.00911652 0.0026402 0.00898066 
0.53047 0.0932347 0.0131278 0.336052 0.0155963 0.00271057 0.00880956 
0.595354 0.0570773 0.0148829 0.307925 0.00917675 0.00337466 0.0122097 
0.667003 0.0615135 0.0146572 0.226658 0.0161939 0.00253275 0.0114413 
0.629563 0.079829 0.0214801 0.246378 0.00882731 0.00474505 0.00917813 
0.633395 0.0842882 0.0359096 0.211189 0.00564709 0.0198324 0.00973858 
0.606829 0.189657 0.0377159 0.0919229 0.0164228 0.0418812 0.0155715 
0.672363 0.144667 0.0386867 0.0843873 0.0117824 0.0341498 0.0139636 
0.675472 0.156605 0.0356063 0.0741844 0.0121081 0.0309451 0.0150789 
0.575478 0.0409843 0.0217 0.318743 0.0184556 0.010979 0.0136601 
0.742541 0.0379784 0.0268191 0.166445 0.0106727 0.00529904 0.0102443 
0.705118 0.0583877 0.0222892 0.17149 0.0225795 0.00796349 0.0121728 
0.767367 0.0642806 0.026511 0.111581 0.00933732 0.00906534 0.0118578 
0.498688 0.144309 0.0222223 0.289792 0.0179308 0.0140215 0.0130359 
0.357661 0.0781717 0.0164906 0.505322 0.02088 0.0123969 0.00907788 
0.467812 0.0909575 0.0211272 0.380342 0.0128578 0.014677 0.0122266 
0.727528 0.0959597 0.0284 0.106622 0.00780437 0.0194485 0.0142375 
0.54845 0.110353 0.0221794 0.279393 0.015201 0.0132752 0.0111478 
0.69265 0.0862752 0.0274881 0.149549 0.00935328 0.0232292 0.0114548 
0.60381 0.0514221 0.0412087 0.263317 0.00305888 0.0244505 0.0127326 
0.693131 0.0782222 0.0358258 0.157603 0.00421209 0.0178453 0.013161 
0.671133 0.0943602 0.0308418 0.164561 0.00513429 0.0202528 0.0137168 
0.655988 0.071018 0.0230817 0.216762 0.00624348 0.0144724 0.0124348 
0.654952 0.0359675 0.0165056 0.265962 0.00392788 0.00561619 0.017069 
0.751082 0.0331223 0.0181785 0.168053 0.00549553 0.00559856 0.01847 
0.706598 0.0398456 0.0188692 0.211183 0.00416507 0.00582933 0.0135091 
0.529407 0.0691836 0.0495893 0.185939 0.0083359 0.135098 0.0224459 
0.696657 0.0336311 0.0528853 0.144433 0.00365283 0.0511554 0.0175851 
0.519206 0.0199537 0.0312226 0.411012 0.00190513 0.00520423 0.0114972 
0.5876 0.0536552 0.0465673 0.253912 0.00318385 0.0424329 0.0126493 
0.519384 0.0551608 0.0336545 0.343291 0.00412132 0.0327138 0.0116747 
0.647949 0.0298267 0.0204146 0.281544 0.00529952 0.00604174 0.00892475 
0.586492 0.0388706 0.0219471 0.333988 0.00386284 0.00526924 0.0095706 
0.614141 0.0731146 0.0205033 0.267263 0.00563874 0.00777881 0.0115608 
0.676612 0.0530675 0.0227788 0.225269 0.00436679 0.00740627 0.0104988 
0.729141 0.0649481 0.0223899 0.156016 0.0050431 0.012137 0.010325 
0.716885 0.0553618 0.0240987 0.173318 0.006069 0.0124347 0.011833 
0.598398 0.0694993 0.0232363 0.279771 0.00891769 0.00957111 0.010606 
0.607491 0.0801089 0.0243197 0.256158 0.00741654 0.0125728 0.0119325 
0.656009 0.0636444 0.0271866 0.219959 0.00641662 0.0136797 0.0131044 
0.631684 0.0589589 0.0253479 0.256895 0.00560672 0.00968858 0.0118189 
0.575367 0.0439006 0.0233166 0.334094 0.00557064 0.00908873 0.00866246 
0.563952 0.0487994 0.0191761 0.342151 0.0108347 0.00673463 0.0083518 
0.594903 0.0527147 0.0221464 0.293614 0.0137962 0.0107858 0.0120399 
0.539499 0.0658083 0.019554 0.340709 0.0153025 0.0077732 0.0113535 
0.64358 0.0367699 0.022113 0.271121 0.00806495 0.0090838 0.00926683 
0.664945 0.0585476 0.0218709 0.221743 0.00909713 0.0126359 0.0111599 
0.648119 0.0413991 0.0305695 0.250958 0.00411129 0.0130356 0.0118077 
0.5918 0.23857 0.0161631 0.0464942 0.0387939 0.0496612 0.0185179 
0.498688 0.144309 0.0222223 0.289792 0.0179308 0.0140215 0.0130359 
0.357661 0.0781717 0.0164906 0.505322 0.02088 0.0123969 0.00907788 
0.467812 0.0909575 0.0211272 0.380342 0.0128578 0.014677 0.0122266 
0.727528 0.0959597 0.0284 0.106622 0.00780437 0.0194485 0.0142375 
0.54845 0.110353 0.0221794 0.279393 0.015201 0.0132752 0.0111478 
0.69265 0.0862752 0.0274881 0.149549 0.00935328 0.0232292 0.0114548 
0.60381 0.0514221 0.0412087 0.263317 0.00305888 0.0244505 0.0127326 
0.693131 0.0782222 0.0358258 0.157603 0.00421209 0.0178453 0.013161 
0.671133 0.0943602 0.0308418 0.164561 0.00513429 0.0202528 0.0137168 
0.655988 0.071018 0.0230817 0.216762 0.00624348 0.0144724 0.0124348 
0.654952 0.0359675 0.0165056 0.265962 0.00392788 0.00561619 0.017069 
0.751082 0.0331223 0.0181785 0.168053 0.00549553 0.00559856 0.01847 
0.706598 0.0398456 0.0188692 0.211183 0.00416507 0.00582933 0.0135091 
0.529407 0.0691836 0.0495893 0.185939 0.0083359 0.135098 0.0224459 
0.696657 0.0336311 0.0528853 0.144433 0.00365283 0.0511554 0.0175851 
0.519206 0.0199537 0.0312226 0.411012 0.00190513 0.00520423 0.0114972 
0.5876 0.0536552 0.0465673 0.253912 0.00318385 0.0424329 0.0126493 
0.519384 0.0551608 0.0336545 0.343291 0.00412132 0.0327138 0.0116747 
0.647949 0.0298267 0.0204146 0.281544 0.00529952 0.00604174 0.00892475 
0.586492 0.0388706 0.0219471 0.333988 0.00386284 0.00526924 0.0095706 
0.614141 0.0731146 0.0205033 0.267263 0.00563874 0.00777881 0.0115608 
0.676612 0.0530675 0.0227788 0.225269 0.00436679 0.00740627 0.0104988 
0.729141 0.0649481 0.0223899 0.156016 0.0050431 0.012137 0.010325 
0.716885 0.0553618 0.0240987 0.173318 0.006069 0.0124347 0.011833 
0.598398 0.0694993 0.0232363 0.279771 0.00891769 0.00957111 0.010606 
0.607491 0.0801089 0.0243197 0.256158 0.00741654 0.0125728 0.0119325 
0.656009 0.0636444 0.0271866 0.219959 0.00641662 0.0136797 0.0131044 
0.631684 0.0589589 0.0253479 0.256895 0.00560672 0.00968858 0.0118189 
0.575367 0.0439006 0.0233166 0.334094 0.00557064 0.00908873 0.00866246 
0.563952 0.0487994 0.0191761 0.342151 0.0108347 0.00673463 0.0083518 
0.594903 0.0527147 0.0221464 0.293614 0.0137962 0.0107858 0.0120399 
0.539499 0.0658083 0.019554 0.340709 0.0153025 0.0077732 0.0113535 
0.64358 0.0367699 0.022113 0.271121 0.00806495 0.0090838 0.00926683 
0.664945 0.0585476 0.0218709 0.221743 0.00909713 0.0126359 0.0111599 
0.648119 0.0413991 0.0305695 0.250958 0.00411129 0.0130356 0.0118077 
0.5918 0.23857 0.0161631 0.0464942 0.0387939 0.0496612 0.0185179 
0.0452662 0.0326131 0.00538449 0.876117 0.0347353 0.0022589 0.00362531 
0.0716702 0.055123 0.0085621 0.767282 0.0845084 0.0054377 0.0074162 
0.0528876 0.0373161 0.00640834 0.812636 0.0805475 0.00443604 0.00576795 
0.0499371 0.0291077 0.0051418 0.813079 0.0948308 0.00345888 0.00444437 
0.0433386 0.0253543 0.00562631 0.839587 0.0779329 0.00406847 0.00409225 
0.0337208 0.022829 0.00503101 0.88925 0.0426712 0.00268314 0.00381527 
0.0212579 0.018847 0.00354419 0.925157 0.0270035 0.0017341 0.00245587 
0.033533 0.0255092 0.00462139 0.886635 0.0442628 0.00213781 0.00330126 
0.0330503 0.0227724 0.00441044 0.886157 0.0484044 0.00208565 0.00311976 
0.0343891 0.0147046 0.0035618 0.88307 0.0596756 0.00175182 0.00284752 
0.0430033 0.0343084 0.00537552 0.85809 0.0522895 0.00251436 0.0044194 
0.0586408 0.0152235 0.00453419 0.888605 0.0279313 0.00228301 0.00278255 
0.0679143 0.0259511 0.00502088 0.852623 0.0429274 0.00218144 0.0033818 
0.0701353 0.0397791 0.00586038 0.830809 0.0467144 0.00262503 0.00407666 
0.0549344 0.0398402 0.00572295 0.837287 0.0548703 0.00294965 0.00439546 
0.0569592 0.0334566 0.00683594 0.809392 0.0834604 0.00442516 0.00547078 
0.0735146 0.0476104 0.00699103 0.7654 0.0963413 0.00494398 0.0051989 
0.0852451 0.0648744 0.00756916 0.733377 0.095984 0.00700064 0.00594987 
0.168321 0.157562 0.00938389 0.21975 0.39011 0.041825 0.0130482 
0.153591 0.142972 0.0121474 0.466804 0.190763 0.0211246 0.0125982 
0.0641055 0.0796342 0.00831773 0.796176 0.0404277 0.00584886 0.00549033 
0.0749438 0.0709893 0.00816128 0.803641 0.0332843 0.00362729 0.00535353 
0.0918815 0.0648931 0.00982292 0.774501 0.046136 0.00599914 0.00676664 
0.165692 0.123909 0.0157462 0.648192 0.0276995 0.00859055 0.0101711 
0.140885 0.0786166 0.0118912 0.728373 0.0276454 0.00510238 0.00748609 
0.286754 0.0908516 0.0133565 0.558988 0.0379028 0.00568975 0.0064571 
0.415236 0.0775715 0.027504 0.42114 0.0265703 0.021913 0.0100656 
0.507062 0.0543675 0.0755422 0.276257 0.0201842 0.0492214 0.0173654 
0.591381 0.0541763 0.0688772 0.200699 0.0292324 0.0404028 0.0152313 
0.513166 0.0521511 0.0357472 0.333554 0.0302544 0.0235875 0.0115398 
0.45307 0.0428934 0.0279536 0.440831 0.0166099 0.00923727 0.0094047 
0.386695 0.0768442 0.01808 0.474758 0.0270289 0.00913834 0.00745548 
0.297745 0.0629353 0.0151171 0.567119 0.0451774 0.00528729 0.00661962 
0.498688 0.144309 0.0222223 0.289792 0.0179308 0.0140215 0.0130359 
0.357661 0.0781717 0.0164906 0.505322 0.02088 0.0123969 0.00907788 
0.467812 0.0909575 0.0211272 0.380342 0.0128578 0.014677 0.0122266 
0.727528 0.0959597 0.0284 0.106622 0.00780437 0.0194485 0.0142375 
0.54845 0.110353 0.0221794 0.279393 0.015201 0.0132752 0.0111478 
0.69265 0.0862752 0.0274881 0.149549 0.00935328 0.0232292 0.0114548 
0.60381 0.0514221 0.0412087 0.263317 0.00305888 0.0244505 0.0127326 
0.693131 0.0782222 0.0358258 0.157603 0.00421209 0.0178453 0.013161 
0.671133 0.0943602 0.0308418 0.164561 0.00513429 0.0202528 0.0137168 
0.655988 0.071018 0.0230817 0.216762 0.00624348 0.0144724 0.0124348 
0.654952 0.0359675 0.0165056 0.265962 0.00392788 0.00561619 0.017069 
0.751082 0.0331223 0.0181785 0.168053 0.00549553 0.00559856 0.01847 
0.706598 0.0398456 0.0188692 0.211183 0.00416507 0.00582933 0.0135091 
0.529407 0.0691836 0.0495893 0.185939 0.0083359 0.135098 0.0224459 
0.696657 0.0336311 0.0528853 0.144433 0.00365283 0.0511554 0.0175851 
0.519206 0.0199537 0.0312226 0.411012 0.00190513 0.00520423 0.0114972 
0.5876 0.0536552 0.0465673 0.253912 0.00318385 0.0424329 0.0126493 
0.519384 0.0551608 0.0336545 0.343291 0.00412132 0.0327138 0.0116747 
0.647949 0.0298267 0.0204146 0.281544 0.00529952 0.00604174 0.00892475 
0.586492 0.0388706 0.0219471 0.333988 0.00386284 0.00526924 0.0095706 
0.614141 0.0731146 0.0205033 0.267263 0.00563874 0.00777881 0.0115608 
0.676612 0.0530675 0.0227788 0.225269 0.00436679 0.00740627 0.0104988 
0.729141 0.0649481 0.0223899 0.156016 0.0050431 0.012137 0.010325 
0.716885 0.0553618 0.0240987 0.173318 0.006069 0.0124347 0.011833 
0.598398 0.0694993 0.0232363 0.279771 0.00891769 0.00957111 0.010606 
0.607491 0.0801089 0.0243197 0.256158 0.00741654 0.0125728 0.0119325 
0.656009 0.0636444 0.0271866 0.219959 0.00641662 0.0136797 0.0131044 
0.631684 0.0589589 0.0253479 0.256895 0.00560672 0.00968858 0.0118189 
0.575367 0.0439006 0.0233166 0.334094 0.00557064 0.00908873 0.00866246 
0.563952 0.0487994 0.0191761 0.342151 0.0108347 0.00673463 0.0083518 
0.594903 0.0527147 0.0221464 0.293614 0.0137962 0.0107858 0.0120399 
0.539499 0.0658083 0.019554 0.340709 0.0153025 0.0077732 0.0113535 
0.64358 0.0367699 0.022113 0.271121 0.00806495 0.0090838 0.00926683 
0.664945 0.0585476 0.0218709 0.221743 0.00909713 0.0126359 0.0111599 
0.648119 0.0413991 0.0305695 0.250958 0.00411129 0.0130356 0.0118077 
0.5918 0.23857 0.0161631 0.0464942 0.0387939 0.0496612 0.0185179 
7.82418E-7 0.998633 4.01774E-7 9.29427E-7 3.98305E-5 0.00130142 2.4002E-5 
5.05661E-7 0.998866 2.72585E-7 5.62389E-7 4.08165E-5 0.00107635 1.58663E-5 
1.74622E-6 0.997955 8.66651E-7 2.14229E-6 2.57484E-5 0.00198955 2.45939E-5 
2.27745E-6 0.997647 1.15591E-6 2.8727E-6 2.59484E-5 0.00229931 2.12998E-5 
4.74819E-6 0.996642 2.3766E-6 5.76268E-6 1.42429E-5 0.00331665 1.44941E-5 
3.27664E-6 0.997158 1.71436E-6 4.03456E-6 4.12261E-5 0.00277123 2.0447E-5 
1.37834E-6 0.998135 7.58135E-7 1.72744E-6 3.19028E-5 0.00181521 1.37963E-5 
5.5964E-7 0.998842 3.0214E-7 7.40576E-7 2.78476E-5 0.00111073 1.82597E-5 
4.56719E-7 0.99892 2.56379E-7 5.82092E-7 3.33397E-5 0.00103226 1.32034E-5 
8.92895E-8 0.99949 5.42002E-8 9.79826E-8 4.64486E-5 4.4587E-4 1.77854E-5 
2.87136E-7 0.999131 1.58694E-7 3.42202E-7 4.4968E-5 7.95515E-4 2.79872E-5 
1.42517E-7 0.999367 8.35366E-8 1.54242E-7 4.90006E-5 5.61586E-4 2.16393E-5 
3.43571E-7 0.999001 2.05149E-7 3.70792E-7 6.94068E-5 9.10311E-4 1.813E-5 
3.30341E-7 0.999052 1.92294E-7 4.39036E-7 7.2574E-5 8.57353E-4 1.66218E-5 
5.3479E-6 0.996429 2.66372E-6 7.22354E-6 1.45598E-4 0.00336373 4.62927E-5 
3.93478E-4 0.985589 1.24373E-5 7.91379E-4 4.80677E-4 0.0126397 9.30114E-5 
0.00124616 0.96658 8.26909E-5 0.00845738 4.85796E-4 0.0230162 1.31359E-4 
0.00330186 0.947472 2.54767E-4 0.0160718 5.59767E-4 0.0320391 3.00454E-4 
0.00777851 0.908194 5.224E-4 0.0224889 0.00108569 0.0588454 0.0010852 
0.0146142 0.909641 5.9672E-4 0.044549 0.00354933 0.0252374 0.00181277 
0.0110118 0.950694 3.8076E-4 0.0217206 0.00415741 0.0108613 0.00117372 
0.0167693 0.927765 5.94229E-4 0.0333111 0.00279853 0.0171237 0.00163825 
0.0132651 0.911398 6.19404E-4 0.0380787 0.00283755 0.0327499 0.00105092 
0.00650993 0.927026 3.07113E-4 0.00736004 0.00125937 0.0571681 3.69001E-4 
0.00657648 0.793414 4.32715E-4 0.00520846 0.0011844 0.192768 4.16618E-4 
0.00695395 0.774365 5.10011E-4 0.00345093 8.54969E-4 0.213421 4.43985E-4 
0.0101762 0.705845 6.97332E-4 0.00473144 0.00129203 0.27664 6.18477E-4 
0.0226026 0.612272 0.00201018 0.00651851 8.96835E-4 0.35406 0.00164035 
0.0337656 0.303527 0.00293781 0.00314067 0.00101128 0.651939 0.00367823 
0.0789199 0.114631 0.0106336 0.00234303 0.00127026 0.765916 0.0262863 
0.0778555 0.113547 0.0119847 0.00334014 0.00112124 0.767671 0.0244802 
0.128519 0.27578 0.0186349 0.00821761 0.00148884 0.542578 0.0247812 
0.105653 0.172753 0.0190265 0.00709016 0.00114471 0.672863 0.0214698 
0.104031 0.191399 0.0196315 0.00561534 9.62722E-4 0.657291 0.0210689 
0.264343 0.175729 0.0343211 0.016774 0.00661254 0.426545 0.0756756 
0.22699 0.344913 0.0242673 0.019481 0.00487921 0.334448 0.0450213 
0.127139 0.333729 0.01858 0.0072394 0.00175913 0.470638 0.0409154 
0.12175 0.28758 0.0209118 0.0010792 7.28487E-4 0.544231 0.0237194 
0.0381886 0.118946 0.007443 2.12753E-4 3.65264E-4 0.82646 0.00838385 
0.0811074 0.0540141 0.0186259 0.0030698 0.00142814 0.788505 0.0532494 
0.180854 0.0586441 0.0296014 0.00898972 0.00532052 0.56585 0.150741 
0.125408 0.0415742 0.022853 0.00356424 0.00235757 0.718729 0.0855145 
0.204716 0.0367279 0.0449182 0.00837726 0.00404118 0.428572 0.272647 
0.250247 0.0389086 0.0407544 0.0074363 0.00404819 0.260269 0.398336 
0.434106 0.0490947 0.0892947 0.00856897 0.00488278 0.274748 0.139305 
0.253682 0.213173 0.0409263 0.00863923 0.0020564 0.449463 0.0320602 
0.177896 0.218633 0.0179563 0.0151503 0.00284246 0.541352 0.0261697 
0.28698 0.348832 0.0309924 0.0652052 0.00481156 0.229194 0.033985 
0.194853 0.354052 0.0203295 0.0779859 0.00543225 0.314411 0.0329365 
0.143298 0.482723 0.0154035 0.0620789 0.00375178 0.263551 0.0291929 
0.107864 0.599381 0.0121818 0.0825227 0.00715381 0.170779 0.0201177 
0.498688 0.144309 0.0222223 0.289792 0.0179308 0.0140215 0.0130359 
0.357661 0.0781717 0.0164906 0.505322 0.02088 0.0123969 0.00907788 
0.467812 0.0909575 0.0211272 0.380342 0.0128578 0.014677 0.0122266 
0.727528 0.0959597 0.0284 0.106622 0.00780437 0.0194485 0.0142375 
0.54845 0.110353 0.0221794 0.279393 0.015201 0.0132752 0.0111478 
0.69265 0.0862752 0.0274881 0.149549 0.00935328 0.0232292 0.0114548 
0.60381 0.0514221 0.0412087 0.263317 0.00305888 0.0244505 0.0127326 
0.693131 0.0782222 0.0358258 0.157603 0.00421209 0.0178453 0.013161 
0.671133 0.0943602 0.0308418 0.164561 0.00513429 0.0202528 0.0137168 
0.655988 0.071018 0.0230817 0.216762 0.00624348 0.0144724 0.0124348 
0.654952 0.0359675 0.0165056 0.265962 0.00392788 0.00561619 0.017069 
0.751082 0.0331223 0.0181785 0.168053 0.00549553 0.00559856 0.01847 
0.706598 0.0398456 0.0188692 0.211183 0.00416507 0.00582933 0.0135091 
0.529407 0.0691836 0.0495893 0.185939 0.0083359 0.135098 0.0224459 
0.696657 0.0336311 0.0528853 0.144433 0.00365283 0.0511554 0.0175851 
0.519206 0.0199537 0.0312226 0.411012 0.00190513 0.00520423 0.0114972 
0.5876 0.0536552 0.0465673 0.253912 0.00318385 0.0424329 0.0126493 
0.519384 0.0551608 0.0336545 0.343291 0.00412132 0.0327138 0.0116747 
0.647949 0.0298267 0.0204146 0.281544 0.00529952 0.00604174 0.00892475 
0.586492 0.0388706 0.0219471 0.333988 0.00386284 0.00526924 0.0095706 
0.614141 0.0731146 0.0205033 0.267263 0.00563874 0.00777881 0.0115608 
0.676612 0.0530675 0.0227788 0.225269 0.00436679 0.00740627 0.0104988 
0.729141 0.0649481 0.0223899 0.156016 0.0050431 0.012137 0.010325 
0.716885 0.0553618 0.0240987 0.173318 0.006069 0.0124347 0.011833 
0.598398 0.0694993 0.0232363 0.279771 0.00891769 0.00957111 0.010606 
0.607491 0.0801089 0.0243197 0.256158 0.00741654 0.0125728 0.0119325 
0.656009 0.0636444 0.0271866 0.219959 0.00641662 0.0136797 0.0131044 
0.631684 0.0589589 0.0253479 0.256895 0.00560672 0.00968858 0.0118189 
0.575367 0.0439006 0.0233166 0.334094 0.00557064 0.00908873 0.00866246 
0.563952 0.0487994 0.0191761 0.342151 0.0108347 0.00673463 0.0083518 
0.594903 0.0527147 0.0221464 0.293614 0.0137962 0.0107858 0.0120399 
0.539499 0.0658083 0.019554 0.340709 0.0153025 0.0077732 0.0113535 
0.64358 0.0367699 0.022113 0.271121 0.00806495 0.0090838 0.00926683 
0.664945 0.0585476 0.0218709 0.221743 0.00909713 0.0126359 0.0111599 
0.648119 0.0413991 0.0305695 0.250958 0.00411129 0.0130356 0.0118077 
0.5918 0.23857 0.0161631 0.0464942 0.0387939 0.0496612 0.0185179 
0.535614 0.0448557 0.0159158 0.37821 0.00490359 0.00867755 0.0118238 
0.632994 0.0508827 0.015738 0.272749 0.00685711 0.00864401 0.012136 
0.701938 0.0835861 0.0184301 0.157344 0.00744482 0.0179052 0.0133513 
0.702926 0.0427756 0.01681 0.20057 0.00928502 0.0136828 0.0139505 
0.469557 0.0377281 0.0145486 0.452136 0.00488337 0.0115163 0.00963096 
0.384391 0.0514269 0.0151593 0.520568 0.00543138 0.0119459 0.0110775 
0.553085 0.0483556 0.015659 0.352082 0.00555976 0.0138878 0.01137 
0.505929 0.0482328 0.0142111 0.40094 0.007608 0.0118385 0.0112406 
0.487536 0.0563066 0.0130606 0.408056 0.0150318 0.00970837 0.010301 
0.47245 0.0572988 0.0137302 0.427861 0.0104019 0.00838311 0.00987406 
0.483108 0.0918858 0.0158513 0.366216 0.0167537 0.0115692 0.0146161 
0.374216 0.066203 0.0144556 0.504106 0.0141655 0.0125809 0.0142725 
0.486118 0.265802 0.012499 0.0625077 0.0561568 0.0864072 0.0305088 
0.640142 0.161654 0.0132538 0.0857209 0.0314153 0.0425398 0.0252747 
0.527929 0.103511 0.0174495 0.282143 0.0222003 0.0259289 0.0208383 
0.383739 0.0749727 0.014538 0.482268 0.0156218 0.0146459 0.0142144 
0.366438 0.0565519 0.0135392 0.520594 0.0120983 0.0156698 0.015109 
0.401077 0.0535823 0.0139944 0.493502 0.0104319 0.012757 0.014655 
0.355019 0.0579733 0.0145088 0.542126 0.00639601 0.00703684 0.0169405 
0.221341 0.0393792 0.00963428 0.706335 0.0071882 0.00770621 0.00841627 
0.205996 0.0201762 0.00999676 0.746974 0.00489863 0.00349238 0.00846584 
0.410464 0.037458 0.0149099 0.513524 0.00608524 0.00491288 0.0126468 
0.360698 0.0521261 0.0142717 0.54306 0.0126524 0.00556901 0.0116227 
0.440306 0.0469506 0.0195898 0.463855 0.00434433 0.00894224 0.0160116 
0.41997 0.0382396 0.0184114 0.494744 0.00387534 0.00955799 0.0152016 
0.400271 0.0484496 0.0201756 0.501176 0.00332755 0.0113155 0.0152843 
0.243327 0.0365226 0.0117188 0.676518 0.00602585 0.01555 0.0103382 
0.366563 0.22595 0.015116 0.225698 0.0745706 0.0670698 0.0250328 
0.539604 0.197331 0.0179652 0.162111 0.0214529 0.0342355 0.0272999 
0.630199 0.0984795 0.0188469 0.186623 0.0114093 0.0277643 0.0266784 
0.538556 0.0434775 0.0201325 0.361127 0.00389135 0.0153652 0.0174504 
0.346105 0.0217002 0.0197767 0.586995 0.00239702 0.00914594 0.0138801 
0.257629 0.0299566 0.0136839 0.683226 0.00287954 0.00487942 0.00774604 
0.263209 0.0200723 0.0182569 0.676077 0.00191198 0.00634149 0.0141319 
0.44839 0.0263419 0.0159597 0.488131 0.00437264 0.00634712 0.0104576 
0.661299 0.0343784 0.0340795 0.236793 0.00622977 0.0130296 0.0141903 
0.666541 0.0780138 0.0250017 0.185456 0.0159654 0.0151169 0.0139053 
0.572449 0.0683329 0.0205933 0.292174 0.0168329 0.0143836 0.0152339 
0.477571 0.0755175 0.0187178 0.378408 0.0206092 0.0147429 0.0144334 
0.546684 0.0644875 0.0162277 0.329893 0.0180586 0.0108328 0.0138162 
0.5714 0.118269 0.0149616 0.245627 0.0236401 0.0117462 0.0143559 
0.409123 0.13504 0.0116954 0.376742 0.0447103 0.0103095 0.01238 
0.375892 0.106757 0.0123384 0.382029 0.0939773 0.0140624 0.0149438 
0.580718 0.135104 0.0144464 0.170932 0.0647962 0.0169862 0.0170181 
0.542226 0.114576 0.0134906 0.267671 0.0323645 0.0171564 0.012515 
0.47756 0.113095 0.0139223 0.32895 0.0362551 0.0163609 0.0138561 
0.502774 0.0808561 0.0124013 0.337986 0.0389765 0.0123547 0.0146514 
0.423412 0.0841615 0.0118678 0.407817 0.0478317 0.0119303 0.0129793 
0.571119 0.100136 0.0143245 0.243225 0.038365 0.0141462 0.0186848 
0.600911 0.138429 0.0136408 0.176953 0.0404231 0.0133901 0.0162534 
0.566461 0.0886567 0.0158414 0.27093 0.026818 0.0143916 0.0169016 
0.53537 0.0861421 0.0155109 0.300057 0.0332837 0.0125436 0.017093 
0.571002 0.102203 0.0190218 0.240697 0.0309863 0.0202874 0.0158022 
0.588023 0.0573231 0.0382541 0.252953 0.0154216 0.0284999 0.0195259 
0.626867 0.0699092 0.0338828 0.217843 0.014624 0.0214493 0.0154241 
0.453701 0.0795944 0.0301419 0.386039 0.0174637 0.0230777 0.0099816 
0.438556 0.0986091 0.032009 0.322678 0.0817928 0.0158462 0.0105087 
0.124499 0.0152849 0.0288017 0.804522 0.00796934 0.0136338 0.00528951 
0.0189509 0.00579676 0.0302086 0.930681 8.95864E-4 0.0103801 0.00308719 
0.00560951 0.00171062 0.0347691 0.951911 1.80026E-4 0.00264055 0.00317878 
0.0119105 0.00139582 0.0457956 0.933143 2.11964E-4 8.74789E-4 0.00666799 
0.00672375 4.92919E-4 0.0181269 0.96793 1.55809E-4 2.2747E-4 0.00634305 
0.00830233 4.5688E-4 0.0225974 0.960676 2.72968E-4 3.49642E-4 0.00734436 
0.00871343 5.94552E-4 0.026766 0.954464 2.4662E-4 4.29276E-4 0.00878613 
0.00868187 9.10051E-4 0.0295505 0.956851 1.65102E-4 7.77044E-4 0.00306443 
0.00372225 5.16721E-4 0.00883525 0.984874 1.92712E-4 2.61523E-4 0.00159769 
0.00497219 7.14592E-4 0.0192541 0.971005 1.88447E-4 9.18534E-4 0.00294713 
0.00817728 8.54617E-4 0.0185599 0.969587 1.98764E-4 6.84501E-4 0.00193749 
0.0145559 9.98788E-4 0.0589276 0.91798 2.40811E-4 8.56741E-4 0.00643992 
0.00812568 7.70799E-4 0.020946 0.964954 3.00674E-4 8.8015E-4 0.00402282 
0.198 0.494324 0.0126945 0.00315677 0.00671859 0.279279 0.00582763 
0.63107 0.0264329 0.112996 9.59451E-4 7.90117E-4 0.207129 0.0206233 
0.481703 0.0179373 0.0757107 0.00604357 0.0020815 0.0804646 0.336059 
0.454837 0.0999096 0.0253675 0.0164362 0.00394836 0.354762 0.0447393 
0.31518 0.0353639 0.0307421 0.00320585 0.00151631 0.567229 0.0467632 
0.496315 0.0310983 0.104063 0.0525231 0.00523809 0.22141 0.0893529 
0.774723 0.0344227 0.0441765 0.03032 0.00318216 0.0800205 0.0331555 
0.693184 0.0303457 0.035901 0.123955 0.00304629 0.0686267 0.0449418 
0.853611 0.025618 0.0213428 0.0499196 0.00150782 0.0173614 0.0306398 
0.791719 0.0447199 0.026774 0.0441315 0.00332807 0.068747 0.0205806 
0.535844 0.100187 0.0315948 0.194789 0.00892944 0.102465 0.0261912 
0.420735 0.0248362 0.0135973 0.513654 0.00285801 0.00462255 0.0196974 
0.451531 0.0465188 0.0136325 0.433798 0.0252358 0.0111345 0.0181489 
0.205749 0.132601 0.0245865 0.488721 0.0251316 0.100677 0.0225349 
0.332017 0.171413 0.0256968 0.275852 0.0141649 0.155385 0.0254718 
0.0336472 0.0597149 0.00779437 0.877777 0.00592801 0.00887183 0.00626695 
0.0632443 0.0344488 0.00536985 0.883615 0.00404322 0.00302331 0.00625543 
0.149968 0.0818921 0.0238021 0.554895 0.0231086 0.146343 0.0199911 
0.236583 0.122751 0.0250571 0.511778 0.0149151 0.0681367 0.0207792 
0.17586 0.0238133 0.00777393 0.77801 0.00151766 0.00248219 0.0105428 
0.0854318 0.0293867 0.00460601 0.864889 0.00766345 0.00284199 0.00518102 
0.278785 0.152807 0.0131914 0.5034 0.017265 0.0209772 0.0135743 
0.192587 0.131661 0.0121659 0.618113 0.0191102 0.0136573 0.0127062 
0.112154 0.101355 0.00957299 0.736749 0.0159603 0.0140398 0.0101693 
0.177305 0.147372 0.0131087 0.621193 0.0122762 0.0149952 0.0137492 
0.168445 0.230089 0.0100195 0.515078 0.0437929 0.0163468 0.0162299 
0.150576 0.247108 0.0103246 0.528713 0.03446 0.0134427 0.0153761 
0.198126 0.300805 0.01115 0.412579 0.0404817 0.0178642 0.0189944 
0.184806 0.280931 0.0112813 0.430182 0.0590685 0.0161611 0.0175696 
0.22916 0.264031 0.0111658 0.405149 0.0588012 0.0140596 0.017633 
0.200895 0.326019 0.0111099 0.353711 0.0792688 0.0136908 0.0153044 
0.233059 0.355281 0.0119252 0.310755 0.0585719 0.0132379 0.0171704 
0.193782 0.254529 0.0139572 0.458508 0.0486356 0.0123561 0.0182323 
0.164807 0.143503 0.00922296 0.623284 0.0377228 0.00979538 0.0116646 
0.253635 0.217659 0.0112802 0.407441 0.0755396 0.0163066 0.0181378 
0.229802 0.369257 0.0125742 0.296062 0.0560959 0.0172488 0.0189598 
0.25611 0.463212 0.011205 0.20175 0.0271606 0.0232351 0.0173273 
0.223138 0.407748 0.0179035 0.28567 0.0184179 0.0272197 0.0199024 
0.172306 0.473594 0.0155684 0.277087 0.0211516 0.0220719 0.0182216 
0.16532 0.341659 0.0171691 0.416571 0.0169091 0.0246688 0.017702 
0.140716 0.343945 0.0131998 0.442356 0.0265117 0.019017 0.0142547 
0.126697 0.22767 0.00807135 0.567971 0.0494236 0.0107796 0.00938784 
0.140358 0.323404 0.00943054 0.463999 0.0384966 0.0131792 0.0111328 
0.108603 0.347941 0.00997965 0.4934 0.0168561 0.0124623 0.0107586 
0.0953974 0.447785 0.00718296 0.405341 0.0251209 0.0112545 0.00791814 
0.0855638 0.397062 0.00787291 0.473542 0.0151382 0.0126308 0.00819091 
0.0840147 0.332948 0.00745155 0.528053 0.0275302 0.0120344 0.00796873 
0.0438368 0.511528 0.00485204 0.135637 0.274975 0.0229308 0.00624035 
0.0674727 0.659048 0.00411626 0.147574 0.101482 0.015067 0.00523968 
0.0869124 0.391727 0.00654374 0.434869 0.0576953 0.0149579 0.00729477 
0.0821033 0.261093 0.00831721 0.54365 0.0778881 0.0172806 0.00966807 
0.0991399 0.281454 0.00994614 0.541462 0.0417671 0.0146114 0.0116202 
0.105561 0.146817 0.00827147 0.598746 0.114636 0.00959386 0.0163745 
0.198 0.494324 0.0126945 0.00315677 0.00671859 0.279279 0.00582763 
0.63107 0.0264329 0.112996 9.59451E-4 7.90117E-4 0.207129 0.0206233 
0.481703 0.0179373 0.0757107 0.00604357 0.0020815 0.0804646 0.336059 
0.454837 0.0999096 0.0253675 0.0164362 0.00394836 0.354762 0.0447393 
0.31518 0.0353639 0.0307421 0.00320585 0.00151631 0.567229 0.0467632 
0.496315 0.0310983 0.104063 0.0525231 0.00523809 0.22141 0.0893529 
0.774723 0.0344227 0.0441765 0.03032 0.00318216 0.0800205 0.0331555 
0.693184 0.0303457 0.035901 0.123955 0.00304629 0.0686267 0.0449418 
0.853611 0.025618 0.0213428 0.0499196 0.00150782 0.0173614 0.0306398 
0.791719 0.0447199 0.026774 0.0441315 0.00332807 0.068747 0.0205806 
0.535844 0.100187 0.0315948 0.194789 0.00892944 0.102465 0.0261912 
0.420735 0.0248362 0.0135973 0.513654 0.00285801 0.00462255 0.0196974 
0.451531 0.0465188 0.0136325 0.433798 0.0252358 0.0111345 0.0181489 
0.205749 0.132601 0.0245865 0.488721 0.0251316 0.100677 0.0225349 
0.332017 0.171413 0.0256968 0.275852 0.0141649 0.155385 0.0254718 
0.0336472 0.0597149 0.00779437 0.877777 0.00592801 0.00887183 0.00626695 
0.0632443 0.0344488 0.00536985 0.883615 0.00404322 0.00302331 0.00625543 
0.149968 0.0818921 0.0238021 0.554895 0.0231086 0.146343 0.0199911 
0.236583 0.122751 0.0250571 0.511778 0.0149151 0.0681367 0.0207792 
0.17586 0.0238133 0.00777393 0.77801 0.00151766 0.00248219 0.0105428 
0.0854318 0.0293867 0.00460601 0.864889 0.00766345 0.00284199 0.00518102 
0.278785 0.152807 0.0131914 0.5034 0.017265 0.0209772 0.0135743 
0.192587 0.131661 0.0121659 0.618113 0.0191102 0.0136573 0.0127062 
0.112154 0.101355 0.00957299 0.736749 0.0159603 0.0140398 0.0101693 
0.177305 0.147372 0.0131087 0.621193 0.0122762 0.0149952 0.0137492 
0.168445 0.230089 0.0100195 0.515078 0.0437929 0.0163468 0.0162299 
0.150576 0.247108 0.0103246 0.528713 0.03446 0.0134427 0.0153761 
0.198126 0.300805 0.01115 0.412579 0.0404817 0.0178642 0.0189944 
0.184806 0.280931 0.0112813 0.430182 0.0590685 0.0161611 0.0175696 
0.22916 0.264031 0.0111658 0.405149 0.0588012 0.0140596 0.017633 
0.200895 0.326019 0.0111099 0.353711 0.0792688 0.0136908 0.0153044 
0.233059 0.355281 0.0119252 0.310755 0.0585719 0.0132379 0.0171704 
0.193782 0.254529 0.0139572 0.458508 0.0486356 0.0123561 0.0182323 
0.164807 0.143503 0.00922296 0.623284 0.0377228 0.00979538 0.0116646 
0.253635 0.217659 0.0112802 0.407441 0.0755396 0.0163066 0.0181378 
0.229802 0.369257 0.0125742 0.296062 0.0560959 0.0172488 0.0189598 
0.25611 0.463212 0.011205 0.20175 0.0271606 0.0232351 0.0173273 
0.223138 0.407748 0.0179035 0.28567 0.0184179 0.0272197 0.0199024 
0.172306 0.473594 0.0155684 0.277087 0.0211516 0.0220719 0.0182216 
0.16532 0.341659 0.0171691 0.416571 0.0169091 0.0246688 0.017702 
0.140716 0.343945 0.0131998 0.442356 0.0265117 0.019017 0.0142547 
0.126697 0.22767 0.00807135 0.567971 0.0494236 0.0107796 0.00938784 
0.140358 0.323404 0.00943054 0.463999 0.0384966 0.0131792 0.0111328 
0.108603 0.347941 0.00997965 0.4934 0.0168561 0.0124623 0.0107586 
0.0953974 0.447785 0.00718296 0.405341 0.0251209 0.0112545 0.00791814 
0.0855638 0.397062 0.00787291 0.473542 0.0151382 0.0126308 0.00819091 
0.0840147 0.332948 0.00745155 0.528053 0.0275302 0.0120344 0.00796873 
0.0438368 0.511528 0.00485204 0.135637 0.274975 0.0229308 0.00624035 
0.0674727 0.659048 0.00411626 0.147574 0.101482 0.015067 0.00523968 
0.0869124 0.391727 0.00654374 0.434869 0.0576953 0.0149579 0.00729477 
0.0821033 0.261093 0.00831721 0.54365 0.0778881 0.0172806 0.00966807 
0.0991399 0.281454 0.00994614 0.541462 0.0417671 0.0146114 0.0116202 
0.105561 0.146817 0.00827147 0.598746 0.114636 0.00959386 0.0163745 
0.36219 0.374689 0.00736863 0.20208 0.026425 0.00786626 0.019381 
0.359613 0.480533 0.00594182 0.106266 0.02188 0.00919812 0.0165685 
0.27589 0.519024 0.00510677 0.156582 0.0213087 0.00830348 0.0137861 
0.211214 0.650719 0.00377586 0.0932359 0.0214847 0.00865293 0.0109173 
0.14698 0.686692 0.00391263 0.129199 0.0171446 0.00916882 0.00690242 
0.164683 0.635591 0.00453986 0.143767 0.0263919 0.0174818 0.00754513 
0.194347 0.632363 0.00466081 0.118667 0.0163939 0.0266065 0.00696239 
0.206523 0.630294 0.00607857 0.113371 0.0124835 0.0238884 0.00736051 
0.18799 0.689642 0.00368926 0.0624629 0.0161217 0.0329791 0.00711528 
0.209786 0.628176 0.00606449 0.100827 0.0118165 0.0355109 0.00781954 
0.155527 0.695734 0.00422238 0.0886454 0.0179615 0.0313704 0.00653898 
0.159859 0.707787 0.00381952 0.0735485 0.0171593 0.0314245 0.00640257 
0.205697 0.640649 0.00479427 0.0763417 0.014428 0.0497322 0.00835777 
0.212226 0.591878 0.00654896 0.122764 0.0121278 0.0461137 0.00834153 
0.184949 0.607934 0.00629798 0.134751 0.0188257 0.0386625 0.00857985 
0.150789 0.637193 0.00527322 0.138983 0.0211809 0.039027 0.00755374 
0.128147 0.723328 0.0035709 0.0880781 0.018065 0.0323546 0.00645662 
0.104222 0.748764 0.00314223 0.0962638 0.0185003 0.0238084 0.00529942 
0.0990258 0.791241 0.00214503 0.0601099 0.0172821 0.0259393 0.00425728 
0.0620766 0.746645 0.00199638 0.142005 0.0315498 0.012238 0.00348943 
0.0451148 0.863498 0.0012968 0.0560663 0.0178073 0.0133378 0.00287897 
0.0204126 0.934553 3.80675E-4 0.0212699 0.0160156 0.00640051 9.6784E-4 
0.0105056 0.967347 1.84155E-4 0.0076504 0.00794651 0.00589599 4.70525E-4 
0.00368165 0.980912 7.65822E-5 0.00591232 0.00653483 0.00263708 2.45954E-4 
0.00546794 0.976919 1.28948E-4 0.00649207 0.0049053 0.00573844 3.48165E-4 
0.00421522 0.982476 8.68859E-5 0.00350841 0.00259598 0.00680979 3.07237E-4 
0.00449897 0.979585 9.44074E-5 0.00388822 0.00346185 0.00813939 3.3176E-4 
0.00318545 0.983894 6.40453E-5 0.00342548 0.0039649 0.00524862 2.17754E-4 
0.00331239 0.985088 5.85538E-5 0.00349638 0.00363962 0.00414421 2.60771E-4 
0.0033433 0.984132 6.06688E-5 0.00169765 0.00160921 0.0089151 2.41988E-4 
8.60796E-4 0.991772 1.72305E-5 2.51626E-4 6.43624E-4 0.00639043 6.40178E-5 
1.24925E-5 0.994968 5.49638E-6 1.1097E-5 2.29407E-4 0.00473973 3.36609E-5 
5.23904E-4 0.993553 1.02257E-5 1.78078E-4 2.18163E-4 0.0054656 5.11296E-5 
3.28823E-6 0.997541 1.38117E-6 3.29994E-6 6.77069E-5 0.00235415 2.93136E-5 
3.8518E-5 0.991654 1.46172E-5 3.12699E-5 1.4436E-4 0.00806265 5.40987E-5 
3.66223E-5 0.991644 1.41917E-5 3.46663E-5 8.72113E-5 0.00811694 6.67971E-5 
1.01752E-4 0.986426 3.73409E-5 8.19171E-5 1.02297E-4 0.0131778 7.34161E-5 
2.74241E-4 0.969058 1.37373E-5 4.24764E-5 1.14624E-4 0.0304597 3.68426E-5 
2.18818E-4 0.979834 8.51384E-5 1.30011E-4 1.7196E-4 0.0194618 9.77849E-5 
1.02001E-4 0.986328 4.09392E-5 6.9181E-5 1.25816E-4 0.0132834 5.07934E-5 
6.58623E-5 0.989116 2.70556E-5 3.63742E-5 1.04599E-4 0.0106131 3.73103E-5 
1.66219E-5 0.99451 6.78426E-6 1.0261E-5 9.53941E-5 0.00533639 2.41171E-5 
8.313E-6 0.995863 3.61317E-6 8.05077E-6 1.25148E-4 0.00395678 3.50182E-5 
5.52174E-4 0.987218 1.3207E-5 3.11581E-4 5.98738E-4 0.0112348 7.15748E-5 
0.00189386 0.976192 3.79252E-5 0.00170062 0.00137774 0.0187132 8.50311E-5 
0.00134051 0.978666 3.10874E-5 0.00139061 0.00140142 0.0170521 1.18225E-4 
0.00361449 0.814848 8.21192E-5 0.00513139 0.00232419 0.173774 2.25545E-4 
0.00249651 0.893236 1.17312E-4 0.00193206 9.39969E-4 0.101103 1.74756E-4 
0.00477517 0.859835 1.19102E-4 0.00819932 0.00393149 0.122899 2.41038E-4 
0.0110782 0.470411 0.00157901 0.0200191 7.1629E-4 0.495026 0.00117052 
0.0315584 0.804496 0.00187339 0.0581526 0.00497458 0.0940408 0.00490392 
0.0304959 0.698479 0.00217459 0.0657077 0.00617972 0.193097 0.0038663 
0.0324587 0.771733 0.00190418 0.053226 0.00549623 0.131894 0.0032886 
0.0230524 0.717586 7.8815E-4 0.0286272 0.00450867 0.224356 0.00108246 
0.0149918 0.738125 4.33753E-4 0.0175989 0.00340374 0.225081 3.65898E-4 
0.011411 0.773623 3.41128E-4 0.0148785 0.00232976 0.196877 5.39608E-4 
0.00559802 0.814904 1.66824E-4 0.0127734 0.00232164 0.163898 3.3761E-4 
0.0042357 0.881024 8.99848E-5 0.00611031 0.00230228 0.105946 2.92039E-4 
0.00290204 0.918606 9.48209E-5 0.00490022 0.00122478 0.0720537 2.18642E-4 
0.00290165 0.951093 6.47435E-5 0.00412662 0.00132819 0.0402783 2.0739E-4 
0.00207594 0.971049 4.23147E-5 0.0032858 9.70573E-4 0.0224128 1.63377E-4 
0.00263694 0.966667 6.60044E-5 0.0036111 6.89214E-4 0.0261918 1.37702E-4 
3.6679E-5 0.990721 1.76757E-5 3.57461E-5 5.1168E-4 0.00863003 4.67146E-5 
4.8433E-4 0.985539 1.59975E-5 3.01354E-4 1.09124E-4 0.0135013 4.87699E-5 
4.07776E-4 0.984985 1.17187E-5 2.2407E-4 1.5213E-4 0.0141571 6.17688E-5 
5.56129E-5 0.989505 2.20183E-5 5.5254E-5 9.79252E-5 0.0101945 6.98135E-5 
1.77916E-4 0.980206 7.38105E-5 1.88689E-4 1.24169E-4 0.0190965 1.32688E-4 
9.26475E-5 0.98562 4.03926E-5 1.0259E-4 1.04905E-4 0.0139494 8.98873E-5 
3.63977E-4 0.992995 9.89259E-6 2.42501E-4 1.08945E-4 0.00621823 6.12133E-5 
3.78099E-4 0.993034 9.90836E-6 2.66827E-4 1.14249E-4 0.00612353 7.33255E-5 
3.60095E-4 0.99476 9.00509E-6 2.08316E-4 1.21938E-4 0.00444661 9.35824E-5 
4.81854E-4 0.993829 1.18233E-5 3.65895E-4 1.76677E-4 0.00503626 9.88003E-5 
3.2603E-4 0.996039 8.32872E-6 1.36963E-4 1.61337E-4 0.00323271 9.56612E-5 
7.48153E-4 0.994869 1.69535E-5 2.73384E-4 1.24811E-4 0.00386786 9.9576E-5 
5.97569E-4 0.994003 9.17297E-6 4.1207E-4 4.4869E-4 0.00448669 4.25479E-5 
0.00546469 0.952775 1.36487E-4 3.05543E-4 3.42052E-4 0.0407134 2.63007E-4 
0.063971 0.55267 0.00613059 5.03327E-4 7.73859E-4 0.369153 0.00679808 
0.0363956 0.138877 0.00494982 7.82344E-4 9.83853E-4 0.809735 0.00827644 
0.0488419 0.112368 0.516694 0.0717708 0.0951972 0.122081 0.033047 
0.0445186 0.17089 0.315625 0.161446 0.12179 0.141668 0.0440613 
