0.360901 0.17748 0.0153817 0.420991 0.0120296 0.00511941 0.00809796 
0.341182 0.134487 0.0167795 0.489245 0.00673716 0.00453616 0.00703393 
0.436308 0.186973 0.017665 0.335387 0.0073068 0.00657268 0.00978832 
0.466729 0.181975 0.0180526 0.306574 0.00790013 0.00870816 0.0100615 
0.275059 0.213001 0.0203325 0.465741 0.00770742 0.00704615 0.0111127 
0.347601 0.158081 0.0172851 0.458461 0.00569824 0.00618756 0.00668591 
0.371844 0.159365 0.0166001 0.431876 0.0076237 0.00467768 0.00801324 
0.390306 0.115042 0.0160334 0.458348 0.00767306 0.00453055 0.00806635 
0.436665 0.106895 0.0180203 0.421472 0.00529165 0.00397456 0.007682 
0.537654 0.111875 0.018295 0.314133 0.00532799 0.00508176 0.00763284 
0.466477 0.125348 0.0210714 0.368021 0.00435432 0.00693551 0.00779313 
0.482973 0.173022 0.0180249 0.30239 0.00701253 0.00676467 0.00981276 
0.450925 0.250901 0.0152296 0.252558 0.0128616 0.00772883 0.00979647 
0.429684 0.124139 0.0128362 0.404952 0.0162304 0.00439313 0.00776488 
0.564331 0.106935 0.0158575 0.289509 0.0115587 0.00424344 0.00756497 
0.481801 0.151899 0.0177555 0.326772 0.00765883 0.00639861 0.00771538 
0.445515 0.188886 0.019194 0.321097 0.00986667 0.00641138 0.00903033 
0.487081 0.195131 0.0148701 0.275546 0.012795 0.00646514 0.00811167 
0.464532 0.271042 0.0137835 0.224758 0.0108992 0.00723523 0.00775024 
0.473202 0.268394 0.0124605 0.215712 0.0143394 0.00788266 0.00800977 
0.398109 0.29679 0.0137796 0.257541 0.0158043 0.00844833 0.00952776 
0.402351 0.269087 0.016227 0.287492 0.00994686 0.00670427 0.00819249 
0.413772 0.176952 0.014142 0.361879 0.0192703 0.00536006 0.00862479 
0.352666 0.150984 0.0107041 0.436136 0.0380712 0.0040219 0.00741722 
0.385612 0.252343 0.0146084 0.321553 0.012865 0.00434374 0.00867422 
0.273699 0.220839 0.015034 0.44797 0.0253373 0.00684751 0.0102729 
0.244064 0.241978 0.0122071 0.457307 0.0294358 0.00595418 0.00905522 
0.294596 0.27521 0.0116423 0.379793 0.0244405 0.00537513 0.00894222 
0.302403 0.192616 0.0126859 0.441097 0.0353528 0.0058381 0.010007 
0.294055 0.327011 0.0125208 0.323455 0.0218817 0.00902934 0.0120459 
0.290047 0.546825 0.00459202 0.119516 0.02752 0.00454062 0.00695996 
0.249444 0.48285 0.00450902 0.193042 0.0585587 0.00445115 0.00714478 
0.228212 0.619181 0.00425129 0.114379 0.0219136 0.00445219 0.00761154 
0.292167 0.523645 0.00603175 0.140542 0.0224968 0.00523189 0.00988575 
0.317454 0.51661 0.00768751 0.136202 0.00944781 0.00470864 0.00788983 
0.303953 0.509695 0.00698797 0.153636 0.0128028 0.00448451 0.00844017 
0.367122 0.465073 0.00649908 0.132212 0.0164491 0.0047353 0.00790912 
0.330008 0.524978 0.00694044 0.111458 0.012398 0.00506914 0.00914847 
0.370688 0.432322 0.00787811 0.164885 0.0112772 0.00497296 0.00797681 
0.394243 0.364669 0.0121793 0.210593 0.00635728 0.00396243 0.00799616 
0.399248 0.344327 0.00917893 0.221147 0.0138553 0.0044373 0.00780686 
0.34474 0.396697 0.00863763 0.225901 0.0114305 0.00422387 0.00837097 
0.47218 0.253604 0.0143026 0.240334 0.00639166 0.00471514 0.00847256 
0.400845 0.412765 0.0112455 0.146975 0.00799091 0.00673124 0.0134469 
0.475958 0.310358 0.013202 0.175224 0.00823726 0.00728044 0.00974021 
0.362559 0.515282 0.00790674 0.0736114 0.0146429 0.0130616 0.0129365 
0.368259 0.507042 0.00816847 0.0835144 0.0136858 0.00831517 0.0110152 
0.404175 0.469854 0.00639861 0.083317 0.0216316 0.00681063 0.00781249 
0.420133 0.410654 0.00710039 0.132333 0.0162001 0.0057565 0.00782378 
0.55945 0.201338 0.0120912 0.20522 0.0108539 0.00474255 0.00630363 
0.543579 0.265705 0.0129479 0.156947 0.00819276 0.0054846 0.00714322 
0.490448 0.163875 0.013377 0.315705 0.00739191 0.00359166 0.00561118 
0.605925 0.200085 0.0148324 0.157026 0.00738175 0.00595457 0.00879429 
0.59084 0.203621 0.0126772 0.170379 0.00954555 0.00687055 0.00606709 
0.624043 0.156771 0.0192211 0.181277 0.00529143 0.00601251 0.00738414 
0.639257 0.207616 0.0151645 0.111987 0.00878589 0.0072885 0.00990068 
0.55445 0.2575 0.0111993 0.14577 0.0124869 0.00919753 0.00939571 
0.543753 0.207575 0.0145925 0.208252 0.00819973 0.00834984 0.00927828 
0.48791 0.301488 0.0100578 0.162259 0.0174644 0.0108472 0.00997346 
0.64016 0.0193203 0.17435 0.037612 0.0592395 0.00446417 0.0648543 
0.672486 0.0157266 0.160725 0.0323113 0.0403527 0.0035673 0.0748302 
0.646706 0.0118507 0.164862 0.0574809 0.0392582 0.00305354 0.0767886 
0.734838 0.0151459 0.108322 0.042138 0.049433 0.00293268 0.0471896 
0.737045 0.0152149 0.101837 0.046518 0.0477558 0.00293428 0.0486954 
0.697814 0.0136005 0.126764 0.050376 0.0526304 0.0033007 0.055514 
0.671443 0.0193091 0.10101 0.0621994 0.0932834 0.00409998 0.0486558 
0.688052 0.0211447 0.0975879 0.0440629 0.0962438 0.00420196 0.048707 
0.717271 0.0203932 0.0968902 0.0444951 0.06965 0.00337082 0.04793 
0.712503 0.026016 0.101825 0.0300639 0.0799037 0.00422259 0.0454658 
0.696294 0.0209477 0.120738 0.0443246 0.0618753 0.00480428 0.0510158 
0.636428 0.02466 0.135447 0.0362393 0.105266 0.00568022 0.0562801 
0.66142 0.0180429 0.156769 0.039263 0.0596251 0.00460441 0.0602757 
0.725821 0.0196674 0.114102 0.0378355 0.0521797 0.00335594 0.0470389 
0.719091 0.0205018 0.116084 0.0207511 0.0665193 0.00311916 0.0539333 
0.699774 0.0427312 0.0507819 0.0297557 0.135526 0.00514384 0.0362877 
0.640547 0.04152 0.120576 0.0246 0.119091 0.00649035 0.0471759 
0.635715 0.0287377 0.097357 0.0388508 0.144203 0.00630428 0.0488318 
0.700397 0.0229461 0.0656735 0.0474501 0.123686 0.00435156 0.0354957 
0.731984 0.0234962 0.073922 0.0376235 0.0869521 0.00346968 0.0425523 
0.697968 0.0165798 0.0901061 0.0520653 0.0971493 0.00268664 0.0434443 
0.730101 0.0167834 0.102927 0.0578479 0.0577558 0.00283987 0.0317446 
0.721898 0.03838 0.145571 0.0119002 0.0506438 0.00624557 0.0253614 
0.614747 0.017887 0.294835 0.00878217 0.0265419 0.00647781 0.0307291 
0.613184 0.03266 0.274188 0.00603003 0.0306213 0.00752135 0.0357955 
0.731921 0.0249878 0.177687 0.00712537 0.019861 0.00395681 0.0344608 
0.775022 0.0221424 0.144974 0.00873318 0.0149064 0.00469462 0.0295271 
0.722342 0.0185734 0.195159 0.00859656 0.0162472 0.00545273 0.0336295 
0.683203 0.0205873 0.221244 0.00843549 0.0205408 0.00734235 0.0386473 
0.717112 0.0332499 0.186468 0.00800573 0.0173865 0.00728384 0.0304932 
0.699774 0.0427312 0.0507819 0.0297557 0.135526 0.00514384 0.0362877 
0.640547 0.04152 0.120576 0.0246 0.119091 0.00649035 0.0471759 
0.635715 0.0287377 0.097357 0.0388508 0.144203 0.00630428 0.0488318 
0.700397 0.0229461 0.0656735 0.0474501 0.123686 0.00435156 0.0354957 
0.731984 0.0234962 0.073922 0.0376235 0.0869521 0.00346968 0.0425523 
0.697968 0.0165798 0.0901061 0.0520653 0.0971493 0.00268664 0.0434443 
0.730101 0.0167834 0.102927 0.0578479 0.0577558 0.00283987 0.0317446 
0.721898 0.03838 0.145571 0.0119002 0.0506438 0.00624557 0.0253614 
0.614747 0.017887 0.294835 0.00878217 0.0265419 0.00647781 0.0307291 
0.613184 0.03266 0.274188 0.00603003 0.0306213 0.00752135 0.0357955 
0.731921 0.0249878 0.177687 0.00712537 0.019861 0.00395681 0.0344608 
0.775022 0.0221424 0.144974 0.00873318 0.0149064 0.00469462 0.0295271 
0.722342 0.0185734 0.195159 0.00859656 0.0162472 0.00545273 0.0336295 
0.683203 0.0205873 0.221244 0.00843549 0.0205408 0.00734235 0.0386473 
0.717112 0.0332499 0.186468 0.00800573 0.0173865 0.00728384 0.0304932 
0.710568 0.0386574 0.0475734 0.037933 0.128576 0.00379398 0.0328985 
0.68069 0.0232975 0.0637705 0.0464152 0.138377 0.0028363 0.0446137 
0.686553 0.0209867 0.0867025 0.0614424 0.0927747 0.00319252 0.0483485 
0.67216 0.0190686 0.0748619 0.0597393 0.122625 0.00291492 0.0486302 
0.678598 0.0203734 0.0996394 0.0623096 0.0902905 0.00363214 0.0451571 
0.708437 0.023752 0.0564244 0.0491197 0.125843 0.00291519 0.0335089 
0.710712 0.0183115 0.111687 0.0481389 0.0599801 0.00282608 0.0483438 
0.720521 0.0194384 0.118962 0.0314598 0.0492052 0.00320022 0.0572133 
0.721545 0.018063 0.107924 0.0391317 0.0576537 0.00321396 0.0524683 
0.654561 0.0176161 0.112786 0.0416767 0.109939 0.0034692 0.0599522 
0.694156 0.0160438 0.0825845 0.0673599 0.0885851 0.00285649 0.0484146 
0.634607 0.017279 0.160276 0.0354345 0.0785327 0.00295548 0.0709152 
0.668442 0.0188924 0.0733615 0.0488183 0.145201 0.00283476 0.0424498 
0.645685 0.0180299 0.0682522 0.054373 0.168168 0.00291946 0.0425722 
0.682368 0.0251067 0.0933779 0.045485 0.0983603 0.00317537 0.0521272 
0.770655 0.0163259 0.0796599 0.0838046 0.00370738 0.00251701 0.04333 
0.701439 0.0150968 0.0953184 0.127284 0.00284902 0.00282144 0.0551912 
0.744064 0.0134216 0.0900168 0.083382 0.00434296 0.00209891 0.0626736 
0.701574 0.0138103 0.104462 0.094985 0.00396379 0.00244285 0.0787614 
0.694967 0.0159099 0.076415 0.156068 0.00996827 0.00346432 0.0432072 
0.750933 0.0131347 0.0801428 0.0899236 0.00767693 0.00279611 0.0553925 
0.774762 0.0129327 0.0931031 0.0436011 0.00555652 0.00250589 0.0675389 
0.765285 0.0117322 0.102061 0.0681565 0.00282668 0.00263566 0.0473025 
0.759176 0.0137079 0.0863524 0.0927716 0.00457532 0.00236082 0.0410558 
0.751503 0.0157673 0.080363 0.109188 0.00720822 0.0023131 0.0336577 
0.690366 0.0148475 0.0715298 0.191097 0.0057464 0.00189481 0.0245178 
0.780262 0.0200116 0.0611785 0.0936448 0.0112848 0.00284834 0.0307705 
0.786129 0.01713 0.0663395 0.0914239 0.00771262 0.00266941 0.0285955 
0.780825 0.0166957 0.0778932 0.0734847 0.00627873 0.00286984 0.0419525 
0.724778 0.0108419 0.13552 0.0589825 0.00367501 0.00284775 0.0633551 
0.702264 0.0105267 0.155793 0.0600066 0.00259408 0.00273431 0.0660808 
0.672454 0.0117183 0.150374 0.103063 0.00301686 0.00305344 0.0563204 
0.763993 0.014496 0.114825 0.0557736 0.00389428 0.00386387 0.0431536 
0.795803 0.0191945 0.100963 0.0337182 0.00265006 0.00355638 0.0441147 
0.833053 0.0389261 0.0610429 0.0237629 0.00418063 0.00528061 0.0337543 
0.808946 0.0683276 0.0643361 0.0135124 0.00428548 0.0069618 0.0336311 
0.789668 0.0891031 0.0555281 0.0197569 0.00963205 0.0100719 0.0262401 
0.826507 0.0283516 0.0925018 0.0154851 0.00519179 0.00649856 0.0254642 
0.734376 0.0183601 0.106391 0.1036 0.00358014 0.00991693 0.023775 
0.739971 0.0225106 0.163298 0.0284005 0.00661437 0.0146343 0.0245714 
0.711157 0.0282854 0.177325 0.0315517 0.0114313 0.0118866 0.0283638 
0.716783 0.026237 0.16657 0.0421925 0.00856449 0.0103714 0.0292815 
0.649806 0.0291338 0.168442 0.108139 0.0130893 0.00862901 0.0227609 
0.744964 0.0186246 0.153814 0.036821 0.0113679 0.0067838 0.0276254 
0.792799 0.0117969 0.102127 0.0514544 0.0021712 0.00448121 0.0351705 
0.815638 0.0120623 0.0999766 0.0291251 0.00405852 0.00510454 0.0340348 
0.818585 0.0104097 0.107909 0.021171 0.0020694 0.0045892 0.0352669 
0.724042 0.0119197 0.171598 0.0161421 0.0026258 0.00517223 0.0685005 
0.729972 0.0121814 0.181455 0.0104026 0.0029877 0.00720777 0.0557933 
0.738387 0.0122615 0.178126 0.00963962 0.00289746 0.00706448 0.0516245 
0.719541 0.0123832 0.198179 0.00709513 0.00373802 0.00632982 0.0527336 
0.776402 0.0156703 0.15485 0.0115499 0.00305823 0.0102585 0.0282111 
0.671559 0.0249681 0.238136 0.00358246 0.00554683 0.0178378 0.0383694 
0.640079 0.048165 0.238514 0.00435345 0.00894629 0.030472 0.0294697 
0.685032 0.0388505 0.209096 0.00603136 0.00568772 0.0231358 0.0321666 
0.734576 0.022425 0.187832 0.00633228 0.00350545 0.0101493 0.0351793 
0.748127 0.0196024 0.174091 0.005038 0.00327033 0.0108732 0.0389976 
0.761308 0.0145481 0.171127 0.00653733 0.00158471 0.00823625 0.0366582 
0.770149 0.0137092 0.167326 0.00491352 0.00162816 0.00949049 0.0327835 
