0.273891 0.200835 0.0165641 0.482218 0.010138 0.00730062 0.00905257 
0.2329 0.223099 0.0196099 0.4907 0.0112358 0.00952082 0.0129337 
0.446099 0.24961 0.0124251 0.258363 0.016484 0.00862631 0.00839159 
0.542844 0.261684 0.0119924 0.154891 0.0115399 0.0091924 0.00785741 
0.467077 0.367045 0.0102285 0.124444 0.0127965 0.0112591 0.00715065 
0.52653 0.325498 0.0101545 0.103703 0.0152631 0.0107008 0.00815039 
0.496815 0.244415 0.0122319 0.213623 0.0112524 0.0146014 0.00706121 
0.485148 0.293698 0.0107594 0.184328 0.0105471 0.00860359 0.00691506 
0.51016 0.323385 0.00707902 0.1271 0.0197185 0.00748278 0.0050747 
0.453227 0.324777 0.00801221 0.18424 0.0154963 0.00783083 0.00641598 
0.344437 0.430385 0.00621957 0.186509 0.017894 0.00876025 0.0057964 
0.305493 0.541868 0.00550257 0.120109 0.0108979 0.0111026 0.00502654 
0.219237 0.674152 0.00512236 0.0819899 0.00646526 0.0084756 0.00455774 
0.145396 0.770346 0.00443267 0.0624618 0.00435991 0.0078971 0.00510673 
0.180012 0.675613 0.00625046 0.124431 0.00407269 0.00381939 0.00580183 
0.156019 0.668632 0.00545782 0.152509 0.00662879 0.00383245 0.00692118 
0.180929 0.650359 0.00474173 0.141163 0.0130056 0.00471968 0.00508133 
0.148494 0.675171 0.00475106 0.144669 0.0164314 0.0048181 0.00566579 
0.187198 0.585553 0.00465267 0.182688 0.0289645 0.00428436 0.00665891 
0.232441 0.552307 0.00340755 0.158953 0.0439221 0.00407415 0.00489473 
0.106211 0.806717 0.00170455 0.0626783 0.0156128 0.00378703 0.00328919 
0.123277 0.692888 0.00221136 0.148802 0.0258311 0.00397745 0.00301299 
0.103355 0.799804 0.00148724 0.0621571 0.0248761 0.00537774 0.00294323 
0.109902 0.80244 0.00168823 0.0657753 0.0123044 0.00483164 0.00305833 
0.104946 0.765848 0.0027871 0.109871 0.00907804 0.0039613 0.00350813 
0.130466 0.641113 0.00450522 0.2044 0.0104134 0.00355751 0.00554485 
0.100329 0.745379 0.00311924 0.134135 0.00993668 0.00334721 0.00375407 
0.131964 0.773864 0.00309934 0.0775707 0.00602735 0.00410519 0.00336963 
0.154182 0.73493 0.00219818 0.089361 0.0131953 0.00363855 0.00249586 
0.131475 0.761379 0.00204714 0.0872363 0.0114087 0.00414815 0.00230553 
0.742486 0.11454 0.0208584 0.0933856 0.00464226 0.00914088 0.0149473 
0.727334 0.123153 0.023035 0.0936212 0.00432772 0.010255 0.0182744 
0.759582 0.0968731 0.023617 0.0843144 0.0046317 0.0111793 0.0198022 
0.742467 0.10669 0.0259415 0.0938432 0.00388335 0.00962297 0.0175516 
0.748565 0.109604 0.0242062 0.0898798 0.00398658 0.00797806 0.0157803 
0.792695 0.0835417 0.0219045 0.077792 0.00439134 0.00755551 0.0121195 
0.793628 0.0817937 0.0248006 0.0757962 0.00454511 0.00771652 0.0117194 
0.768765 0.0992707 0.0262772 0.0765833 0.00468676 0.007835 0.0165822 
0.729743 0.0853633 0.022405 0.139445 0.00464175 0.00700812 0.0113939 
0.659246 0.163826 0.020056 0.128376 0.00482499 0.0101477 0.0135235 
0.64345 0.16364 0.0164458 0.145859 0.00674167 0.0117904 0.0120724 
0.708361 0.100056 0.0189004 0.138328 0.00582227 0.0142289 0.0143037 
0.756139 0.0699972 0.0255886 0.121158 0.00415577 0.00695089 0.0160102 
0.769283 0.0650121 0.0207298 0.116208 0.00496076 0.00930104 0.014505 
0.739703 0.0797335 0.0205662 0.131414 0.00611068 0.00710408 0.015368 
0.785293 0.0536813 0.0247221 0.103665 0.00491322 0.00933293 0.0183922 
0.745703 0.0548263 0.0252479 0.147139 0.00340224 0.00780023 0.0158815 
0.77066 0.0809569 0.0248864 0.095012 0.00429926 0.0100413 0.0141441 
0.751096 0.122727 0.0266404 0.0588139 0.00372011 0.012289 0.024713 
0.776934 0.0689253 0.0313782 0.0927014 0.00292348 0.00636792 0.0207692 
0.797685 0.0581981 0.0239967 0.0962991 0.00408553 0.00746 0.0122755 
0.765607 0.0733029 0.0235352 0.11194 0.00402499 0.00757489 0.0140149 
0.664238 0.0759695 0.0225812 0.217943 0.00376551 0.00620911 0.00929293 
0.657506 0.0898947 0.0205197 0.2098 0.00364548 0.00749331 0.0111406 
0.718769 0.097089 0.0151995 0.144419 0.00689261 0.00828589 0.00934493 
0.648726 0.0689216 0.0260666 0.236378 0.00281311 0.00677183 0.0103226 
0.783305 0.040453 0.0302636 0.119553 0.00272893 0.0089673 0.0147288 
0.805669 0.0437699 0.0248366 0.103449 0.00333962 0.00661916 0.012317 
0.809072 0.0221373 0.0312761 0.107561 0.00349244 0.00890115 0.0175607 
0.788344 0.0183332 0.0468301 0.0939711 0.00269284 0.00769468 0.0421343 
0.751188 0.0137637 0.120375 0.0255219 0.0371118 0.00254545 0.0494943 
0.727543 0.0180576 0.13577 0.0280382 0.0384753 0.00344258 0.0486733 
0.728657 0.0184961 0.0987822 0.0522547 0.0517107 0.00386857 0.0462303 
0.681911 0.0193278 0.12806 0.038131 0.0705278 0.00404017 0.0580026 
0.709328 0.0149313 0.115604 0.0691207 0.0333363 0.00326696 0.0544133 
0.693252 0.0167371 0.116428 0.0636637 0.0555401 0.00348602 0.0508929 
0.718911 0.0193646 0.106992 0.0416238 0.0624627 0.00328052 0.0473648 
0.675776 0.0218551 0.130275 0.0408391 0.0716073 0.00384216 0.055805 
0.629204 0.0208292 0.159036 0.0357486 0.0807817 0.00430199 0.070098 
0.627761 0.019307 0.177464 0.0253921 0.0698409 0.00355505 0.0766795 
0.615144 0.0207665 0.161711 0.0334555 0.0905645 0.00445583 0.073903 
0.629967 0.0173355 0.17376 0.0264624 0.0606744 0.00297886 0.0888217 
0.69415 0.0229446 0.126431 0.0387215 0.0569924 0.00347169 0.0572884 
0.639746 0.022082 0.104096 0.0532092 0.122345 0.00375235 0.0547696 
0.659409 0.0172134 0.151132 0.0402189 0.0677552 0.0032201 0.0610505 
0.504408 0.00670689 0.365782 0.00696801 0.0120071 0.00328922 0.100839 
0.43408 0.007976 0.421188 0.00621033 0.0237018 0.00394002 0.102905 
0.573277 0.0156551 0.248183 0.0177952 0.0684794 0.00396193 0.0726482 
0.31715 0.0570283 0.33088 0.0126123 0.207456 0.0286527 0.046221 
0.250156 0.0990462 0.252716 0.0133683 0.317227 0.0362614 0.0312246 
0.487145 0.0510513 0.189799 0.011243 0.196676 0.0124652 0.0516207 
0.464661 0.0500075 0.261481 0.0103122 0.147541 0.0173522 0.0486455 
0.508433 0.0490009 0.225344 0.0104609 0.14151 0.0135809 0.0516697 
0.489026 0.0564312 0.244219 0.00846688 0.127627 0.0155025 0.0587272 
0.596932 0.0366429 0.178213 0.00974326 0.116724 0.00766983 0.0540749 
0.626468 0.0222951 0.217782 0.00792831 0.0572031 0.00541229 0.0629115 
0.591711 0.0332561 0.192952 0.0094377 0.1006 0.00738105 0.0646618 
0.658012 0.015326 0.186367 0.016642 0.0602475 0.00385349 0.059552 
0.680179 0.0137289 0.174336 0.0275941 0.0219134 0.00340975 0.0788383 
0.681653 0.0143786 0.183137 0.0113493 0.025684 0.00294789 0.0808501 
0.782495 0.0301241 0.0761655 0.0240324 0.0439939 0.0038046 0.0393845 
0.7869 0.0338368 0.0799069 0.0109405 0.0406568 0.00411205 0.0436473 
0.786059 0.0330904 0.0978279 0.00922844 0.0247209 0.00409174 0.0449814 
0.815172 0.0166409 0.0873682 0.0140439 0.0266226 0.00240982 0.0377423 
0.80601 0.0211089 0.0829548 0.0200329 0.0335496 0.00296881 0.0333754 
0.789932 0.0209823 0.0924644 0.0129564 0.033174 0.00372544 0.0467655 
0.791327 0.0208358 0.0854997 0.0139502 0.044513 0.00411974 0.0397546 
0.769345 0.0177235 0.107554 0.0130865 0.0453735 0.00422217 0.0426951 
0.76364 0.0165536 0.0945932 0.0207053 0.0603236 0.00303296 0.041151 
0.72635 0.0221408 0.138978 0.00837033 0.0441336 0.00391912 0.0561087 
0.724978 0.0124762 0.170039 0.00689035 0.0219883 0.00295624 0.0606719 
0.773069 0.0184746 0.121004 0.0143592 0.0288937 0.00347052 0.0407289 
0.796755 0.0182717 0.0917815 0.0230914 0.0359477 0.00273096 0.0314215 
0.811489 0.0229317 0.0843329 0.0228643 0.0251567 0.00319416 0.030031 
0.771202 0.038658 0.0736905 0.0218787 0.0603062 0.00556995 0.0286951 
0.504408 0.00670689 0.365782 0.00696801 0.0120071 0.00328922 0.100839 
0.43408 0.007976 0.421188 0.00621033 0.0237018 0.00394002 0.102905 
0.573277 0.0156551 0.248183 0.0177952 0.0684794 0.00396193 0.0726482 
0.31715 0.0570283 0.33088 0.0126123 0.207456 0.0286527 0.046221 
0.250156 0.0990462 0.252716 0.0133683 0.317227 0.0362614 0.0312246 
0.487145 0.0510513 0.189799 0.011243 0.196676 0.0124652 0.0516207 
0.464661 0.0500075 0.261481 0.0103122 0.147541 0.0173522 0.0486455 
0.508433 0.0490009 0.225344 0.0104609 0.14151 0.0135809 0.0516697 
0.489026 0.0564312 0.244219 0.00846688 0.127627 0.0155025 0.0587272 
0.596932 0.0366429 0.178213 0.00974326 0.116724 0.00766983 0.0540749 
0.626468 0.0222951 0.217782 0.00792831 0.0572031 0.00541229 0.0629115 
0.591711 0.0332561 0.192952 0.0094377 0.1006 0.00738105 0.0646618 
0.658012 0.015326 0.186367 0.016642 0.0602475 0.00385349 0.059552 
0.680179 0.0137289 0.174336 0.0275941 0.0219134 0.00340975 0.0788383 
0.681653 0.0143786 0.183137 0.0113493 0.025684 0.00294789 0.0808501 
0.782495 0.0301241 0.0761655 0.0240324 0.0439939 0.0038046 0.0393845 
0.7869 0.0338368 0.0799069 0.0109405 0.0406568 0.00411205 0.0436473 
0.786059 0.0330904 0.0978279 0.00922844 0.0247209 0.00409174 0.0449814 
0.815172 0.0166409 0.0873682 0.0140439 0.0266226 0.00240982 0.0377423 
0.80601 0.0211089 0.0829548 0.0200329 0.0335496 0.00296881 0.0333754 
0.789932 0.0209823 0.0924644 0.0129564 0.033174 0.00372544 0.0467655 
0.791327 0.0208358 0.0854997 0.0139502 0.044513 0.00411974 0.0397546 
0.769345 0.0177235 0.107554 0.0130865 0.0453735 0.00422217 0.0426951 
0.76364 0.0165536 0.0945932 0.0207053 0.0603236 0.00303296 0.041151 
0.72635 0.0221408 0.138978 0.00837033 0.0441336 0.00391912 0.0561087 
0.724978 0.0124762 0.170039 0.00689035 0.0219883 0.00295624 0.0606719 
0.773069 0.0184746 0.121004 0.0143592 0.0288937 0.00347052 0.0407289 
0.796755 0.0182717 0.0917815 0.0230914 0.0359477 0.00273096 0.0314215 
0.811489 0.0229317 0.0843329 0.0228643 0.0251567 0.00319416 0.030031 
0.771202 0.038658 0.0736905 0.0218787 0.0603062 0.00556995 0.0286951 
0.73905 0.0140804 0.126221 0.0349278 0.0236595 0.0029318 0.05913 
0.770741 0.0155535 0.100653 0.0335068 0.0261672 0.00326413 0.050114 
0.746502 0.0211535 0.0895858 0.0376918 0.0500114 0.00438659 0.050669 
0.731764 0.0217266 0.0704663 0.0401509 0.0831805 0.00467152 0.0480402 
0.761899 0.0175316 0.081991 0.0307012 0.0551571 0.00322865 0.0494919 
0.77637 0.0135271 0.108805 0.0279635 0.0232718 0.00254749 0.0475153 
0.782586 0.0125207 0.103936 0.0235345 0.0287256 0.00259398 0.0461029 
0.810982 0.0128895 0.0841014 0.0289863 0.0217998 0.00285533 0.038386 
0.817048 0.0183961 0.0686993 0.0308233 0.0329757 0.00289571 0.0291623 
0.758663 0.0170532 0.107529 0.0316977 0.0341326 0.00358534 0.0473398 
0.759882 0.0176989 0.119837 0.0195536 0.0294046 0.0034491 0.0501746 
0.771991 0.0181997 0.104775 0.0221104 0.0386108 0.00348559 0.040827 
0.777253 0.0175966 0.11364 0.0191298 0.0284305 0.00294074 0.0410092 
0.772627 0.0162319 0.109687 0.0311941 0.0235465 0.00345051 0.0432625 
0.754863 0.0164747 0.0881401 0.0546425 0.0431244 0.00333627 0.0394194 
0.74555 0.0142189 0.0984171 0.0577483 0.0370005 0.00338012 0.0436849 
0.734837 0.0154855 0.114409 0.0536355 0.0343436 0.00366792 0.0436213 
0.755584 0.016371 0.0994392 0.0536096 0.0339983 0.00333439 0.0376636 
0.769438 0.0161361 0.112825 0.0198954 0.0291987 0.00334972 0.0491577 
0.735541 0.0129724 0.126717 0.030831 0.0247666 0.00318028 0.0659918 
0.770587 0.0159551 0.103835 0.0313465 0.0316374 0.00272429 0.0439147 
0.730043 0.0153473 0.133553 0.0291773 0.0280898 0.00346658 0.0603237 
0.726794 0.015563 0.12123 0.0447325 0.0340713 0.00356192 0.0540475 
0.78499 0.0190345 0.0936156 0.0374257 0.0207923 0.00282669 0.0413153 
0.772255 0.0183904 0.105613 0.047763 0.019465 0.00274319 0.0337704 
0.732888 0.0148789 0.127672 0.0596442 0.0170371 0.00345484 0.0444243 
0.768709 0.0126651 0.106524 0.0459248 0.0200206 0.00269663 0.0434606 
0.761487 0.0123647 0.0978244 0.0489239 0.0348824 0.00227298 0.0422444 
0.79126 0.0158604 0.0764943 0.0519191 0.025927 0.00263726 0.0359024 
0.767728 0.0161714 0.101263 0.0410266 0.0275065 0.00339893 0.0429054 
0.759015 0.0153753 0.0788728 0.0890282 0.00471787 0.00265037 0.0503401 
0.821517 0.0213062 0.0691739 0.0380733 0.0056064 0.00355227 0.0407706 
0.801022 0.0193824 0.0754333 0.0432028 0.00455241 0.00356839 0.0528383 
0.732019 0.0171211 0.077547 0.123192 0.00530932 0.00303688 0.0417748 
0.754628 0.0157101 0.0846815 0.0953955 0.0030064 0.00263476 0.0439437 
0.748677 0.0131722 0.0908348 0.0900725 0.00380446 0.00228379 0.0511549 
0.75747 0.0153234 0.0692436 0.120282 0.00628007 0.00211033 0.0292906 
0.69127 0.011868 0.0689158 0.196266 0.00646197 0.00166806 0.0235495 
0.736529 0.0161868 0.0628751 0.133349 0.00784202 0.0031029 0.0401149 
0.655219 0.0169284 0.0541763 0.230639 0.00917403 0.00304366 0.0308202 
0.689791 0.0209472 0.0514737 0.197647 0.0123316 0.00310791 0.0247021 
0.667143 0.0171224 0.0602222 0.217992 0.00796431 0.00228481 0.0272708 
0.787878 0.0159456 0.0793409 0.0725195 0.00621443 0.00232682 0.0357753 
0.796374 0.0230396 0.060452 0.0809438 0.00907963 0.00270787 0.0274035 
0.785583 0.0203957 0.0588099 0.0880952 0.00885673 0.00323454 0.0350251 
0.781739 0.0249319 0.0675241 0.0754819 0.00546725 0.00355215 0.0413041 
0.483593 0.0440695 0.316794 0.00227924 0.0021365 0.0213835 0.129744 
0.513383 0.0242366 0.290408 0.00225514 0.00189485 0.0159061 0.151915 
0.54382 0.0108173 0.245612 0.00239274 7.70693E-4 0.00811228 0.188475 
0.721891 0.0141521 0.175235 0.00736728 0.00139331 0.00730012 0.072661 
0.69057 0.0164218 0.213822 0.00364106 0.00206344 0.0139079 0.0595735 
0.655478 0.0182913 0.249199 0.00256946 0.00232272 0.0158636 0.0562763 
0.65781 0.0511896 0.225197 0.0027396 0.00458746 0.0251546 0.033322 
0.68876 0.0137128 0.235318 0.0235635 0.00108237 0.00771292 0.0298509 
0.714227 0.0122323 0.210374 0.0316925 0.00105651 0.0077055 0.0227123 
0.699681 0.0379631 0.186491 0.00635874 0.0190323 0.0203597 0.0301146 
0.738213 0.0297304 0.1793 0.00485757 0.0038223 0.0111269 0.03295 
0.824157 0.0198496 0.10035 0.0180558 0.00490984 0.00450899 0.0281679 
0.822735 0.0233816 0.102178 0.0144039 0.00483181 0.00571035 0.0267598 
0.812556 0.0140463 0.123253 0.0070941 0.00127886 0.00813986 0.033632 
