0.864876 0.013963 0.0387618 0.0377738 0.00651879 0.0048611 0.0332454 
0.889753 0.0161633 0.0342583 0.0235938 0.0117481 0.00336472 0.0211188 
0.861611 0.0123558 0.0490833 0.0268749 0.00517467 0.00317005 0.0417297 
0.870642 0.00983674 0.0462636 0.0381213 0.006768 0.00278559 0.0255832 
0.852466 0.00897267 0.052197 0.0587319 0.00387551 0.00335266 0.0204039 
0.886411 0.0111063 0.0406695 0.0289286 0.0040389 0.00238691 0.026459 
0.891441 0.0088971 0.0500067 0.0200123 0.00210172 0.00264857 0.0248925 
0.855479 0.0101001 0.0518679 0.0491328 0.00283549 0.00229383 0.0282903 
0.830474 0.00740397 0.0705893 0.0464024 0.00165752 0.00222629 0.0412467 
0.85914 0.00855674 0.0491563 0.0460127 0.00474837 0.00298631 0.0293991 
0.875402 0.0111581 0.0415574 0.044394 0.00314466 0.00336781 0.0209759 
0.868216 0.010622 0.039961 0.0574676 0.00441208 0.00416101 0.0151599 
0.847125 0.00973584 0.0483212 0.0392944 0.00508359 0.00374434 0.0466954 
0.849081 0.0110267 0.0471701 0.0450851 0.00387074 0.00284726 0.0409191 
0.865537 0.0115612 0.0469821 0.0427599 0.00492017 0.0022313 0.0260082 
0.836743 0.00749155 0.0596101 0.0443004 0.00272353 0.00259028 0.0465415 
0.850156 0.0109209 0.0472929 0.049626 0.00403754 0.00237802 0.0355884 
0.818817 0.012743 0.0527823 0.0788272 0.00266406 0.0026427 0.0315233 
0.864166 0.0115199 0.0448232 0.0480258 0.00396518 0.00275935 0.0247409 
0.853463 0.0112307 0.0315286 0.0645795 0.0154516 0.00332984 0.0204169 
0.859617 0.012019 0.0435999 0.0416415 0.00506875 0.00330939 0.0347442 
0.83687 0.0124364 0.0436316 0.0661629 0.00578729 0.00306947 0.0320426 
0.864876 0.013963 0.0387618 0.0377738 0.00651879 0.0048611 0.0332454 
0.889753 0.0161633 0.0342583 0.0235938 0.0117481 0.00336472 0.0211188 
0.861611 0.0123558 0.0490833 0.0268749 0.00517467 0.00317005 0.0417297 
0.870642 0.00983674 0.0462636 0.0381213 0.006768 0.00278559 0.0255832 
0.852466 0.00897267 0.052197 0.0587319 0.00387551 0.00335266 0.0204039 
0.886411 0.0111063 0.0406695 0.0289286 0.0040389 0.00238691 0.026459 
0.891441 0.0088971 0.0500067 0.0200123 0.00210172 0.00264857 0.0248925 
0.855479 0.0101001 0.0518679 0.0491328 0.00283549 0.00229383 0.0282903 
0.848928 0.0101592 0.0501904 0.0241765 0.00268033 0.00244774 0.0614178 
0.802097 0.00834846 0.0745483 0.0422973 0.00212199 0.0028536 0.0677335 
0.847144 0.0131654 0.0418735 0.0633328 0.0051509 0.00275473 0.0265784 
0.870923 0.00900718 0.0509402 0.021137 0.00431334 0.00265753 0.0410213 
0.89211 0.0100331 0.0427745 0.0283483 0.00468968 0.0029057 0.0191387 
0.878848 0.0154674 0.0399621 0.0396231 0.00461815 0.00307736 0.0184039 
0.879146 0.0108965 0.042063 0.0267555 0.00528241 0.00243012 0.0334262 
0.851744 0.0104045 0.0486565 0.0432823 0.00460468 0.00295408 0.0383537 
0.856878 0.0152728 0.034252 0.0625283 0.00459461 0.00357752 0.022897 
0.888409 0.0118126 0.0409766 0.0257935 0.00397102 0.00227405 0.0267629 
0.854994 0.0121785 0.0307202 0.0715696 0.0108781 0.00241291 0.0172464 
0.86997 0.013904 0.0302428 0.0635905 0.00728205 0.00197119 0.0130391 
0.85735 0.00975778 0.0467238 0.0456831 0.00500751 0.0025495 0.0329283 
0.850672 0.00961721 0.055971 0.0627169 0.00247723 0.00174248 0.0168032 
0.864057 0.00950154 0.0493652 0.0433676 0.00407561 0.00157682 0.0280564 
0.845833 0.0121586 0.0442922 0.0649942 0.00469029 0.00234539 0.025686 
0.863792 0.0146426 0.047892 0.0362727 0.00286254 0.00194227 0.0325956 
0.86766 0.00883264 0.0529981 0.0418952 0.00515146 0.00198912 0.0214734 
0.835265 0.0106641 0.0557252 0.020861 0.00497354 0.00330863 0.0692027 
0.849515 0.00894994 0.047732 0.0612385 0.00704595 0.0020556 0.0234626 
0.84975 0.0123771 0.0501591 0.0489286 0.00676385 0.00205009 0.0299716 
0.855879 0.012389 0.0475209 0.0457515 0.00787766 0.00163863 0.0289431 
0.818004 0.0108976 0.0421679 0.104009 0.00787496 0.00185279 0.0151934 
0.826785 0.0103974 0.0366306 0.0883566 0.0164075 0.00224357 0.0191795 
0.846215 0.0148982 0.0434153 0.0686134 0.00517827 0.00220403 0.0194758 
0.856544 0.0126223 0.0464319 0.0444182 0.004905 0.00175315 0.0333253 
0.869541 0.0132837 0.0465542 0.029501 0.00476364 0.00263061 0.0337256 
0.859711 0.00977279 0.0524224 0.0321261 0.00519749 0.00232112 0.0384495 
0.854462 0.00950705 0.0518307 0.026526 0.00348871 0.00279429 0.0513908 
0.859112 0.013911 0.0501448 0.0248341 0.00592778 0.00185968 0.0442105 
0.864876 0.013963 0.0387618 0.0377738 0.00651879 0.0048611 0.0332454 
0.889753 0.0161633 0.0342583 0.0235938 0.0117481 0.00336472 0.0211188 
0.861611 0.0123558 0.0490833 0.0268749 0.00517467 0.00317005 0.0417297 
0.870642 0.00983674 0.0462636 0.0381213 0.006768 0.00278559 0.0255832 
0.852466 0.00897267 0.052197 0.0587319 0.00387551 0.00335266 0.0204039 
0.886411 0.0111063 0.0406695 0.0289286 0.0040389 0.00238691 0.026459 
0.891441 0.0088971 0.0500067 0.0200123 0.00210172 0.00264857 0.0248925 
0.855479 0.0101001 0.0518679 0.0491328 0.00283549 0.00229383 0.0282903 
0.861863 0.0109586 0.0555783 0.0399997 0.00481246 0.00297261 0.0238158 
0.868368 0.0142393 0.0506792 0.0365964 0.00329283 0.00240679 0.0244173 
0.848916 0.0196809 0.0491282 0.0538978 0.00413057 0.00236672 0.02188 
0.859559 0.00939019 0.0611545 0.0214644 0.00190061 0.00263133 0.0438999 
0.826602 0.00901738 0.069768 0.0131911 0.0017965 0.00320671 0.0764184 
0.824832 0.00915781 0.0776776 0.0179824 0.00144275 0.00313898 0.0657685 
0.850844 0.010919 0.0512402 0.0386936 0.00267229 0.00327196 0.0423594 
0.88932 0.0120894 0.0456684 0.0228899 0.00601607 0.00261264 0.0214038 
0.865667 0.00938503 0.061667 0.0263919 0.00205903 0.00292626 0.031904 
0.859869 0.0107423 0.0513501 0.0322645 0.00278709 0.00269109 0.0402964 
0.866065 0.0107754 0.0514355 0.0226815 0.00343296 0.003303 0.0423062 
0.865425 0.00934714 0.0564703 0.0191026 0.00345349 0.00409997 0.0421016 
0.839655 0.00842438 0.0657 0.0240245 0.00258713 0.00350699 0.0561023 
0.828326 0.00964333 0.0773547 0.0241627 0.00150966 0.00390886 0.0550952 
0.872597 0.0129149 0.0476933 0.0357973 0.00280192 0.00326878 0.0249272 
0.848325 0.0100954 0.0753257 0.0191955 0.00201335 0.0024081 0.0426368 
0.843564 0.00868409 0.0818403 0.0107505 0.00161604 0.00235244 0.0511923 
0.854468 0.00868183 0.074379 0.0178985 0.00154896 0.00254145 0.0404823 
0.877887 0.010262 0.0549232 0.0231907 0.00229181 0.00345412 0.0279913 
0.875177 0.014898 0.0487357 0.0318846 0.00275558 0.00266933 0.0238802 
0.858241 0.0119236 0.0659133 0.0314897 0.00180718 0.00250597 0.0281196 
0.866539 0.0108553 0.0515801 0.0480727 0.00270309 0.00249645 0.017753 
0.856512 0.0110829 0.0618255 0.0362117 0.00226497 0.00283922 0.029264 
0.872107 0.0132229 0.0494483 0.0386378 0.00432783 0.00242925 0.0198266 
0.870566 0.00961831 0.0513109 0.0316796 0.00481667 0.00432332 0.0276848 
0.860872 0.00953292 0.0568247 0.0281154 0.00577718 0.00406689 0.0348114 
0.875339 0.0103132 0.05376 0.0210438 0.00352876 0.00326648 0.0327485 
0.857565 0.0115492 0.0472083 0.0573421 0.00542802 0.00235172 0.018556 
0.841361 0.0100318 0.0538004 0.0572854 0.00488905 0.00295308 0.0296792 
0.857728 0.010232 0.0462678 0.0542776 0.00629904 0.00275405 0.0224415 
0.798318 0.010265 0.0627142 0.0206677 0.00386367 0.00472327 0.0994477 
0.848142 0.00996692 0.0542921 0.0338806 0.00400142 0.00392035 0.0457962 
0.83253 0.00999954 0.0581548 0.0307285 0.00259619 0.00461029 0.0613812 
0.832477 0.0111123 0.0620658 0.0262123 0.0020303 0.00324201 0.06286 
0.849231 0.0135421 0.0550197 0.0266777 0.00181313 0.0041234 0.0495933 
0.832378 0.00820841 0.07201 0.0160454 0.00217878 0.0029017 0.0662775 
0.832836 0.00802115 0.0796296 0.0163243 0.00172647 0.00332443 0.0581379 
0.846963 0.0110789 0.0629763 0.0256802 0.003446 0.00312396 0.046732 
0.84696 0.00847395 0.0682284 0.0241698 0.00328521 0.00338825 0.0454941 
0.844194 0.00770612 0.0613586 0.0203332 0.00667593 0.00290963 0.0568228 
0.849094 0.0069707 0.066646 0.0308077 0.00608835 0.00376483 0.036628 
0.81864 0.00678821 0.0661396 0.0578805 0.00627113 0.00308849 0.0411924 
0.844592 0.00973219 0.0595931 0.0407079 0.00258656 0.00244637 0.0403414 
0.833696 0.00851489 0.0736601 0.0310585 0.00176542 0.00261255 0.0486928 
0.840643 0.0123964 0.0410887 0.0701232 0.00867624 0.00315897 0.0239131 
0.847153 0.00690937 0.0613733 0.0423511 0.00473218 0.00490997 0.0325711 
0.847101 0.00779915 0.0607045 0.0550899 0.00452222 0.00255407 0.022229 
0.835438 0.008494 0.0519873 0.0473837 0.0139433 0.00461139 0.0381423 
0.815928 0.00842167 0.0744629 0.0335835 0.00295548 0.00386338 0.0607855 
0.802883 0.00810158 0.0713971 0.0634136 0.00347469 0.00373652 0.0469936 
0.832438 0.00932953 0.0674809 0.0120387 0.00181211 0.00365842 0.0732428 
0.829752 0.00825231 0.0790322 0.0235758 0.00161521 0.00410526 0.0536677 
0.838671 0.00765384 0.0733852 0.0253966 0.00172385 0.00355468 0.0496151 
0.846802 0.0127107 0.0640629 0.0175116 0.00215006 0.00337151 0.0533917 
0.843114 0.00915667 0.0569285 0.0228416 0.00386624 0.00616959 0.0579236 
0.856966 0.0119483 0.0571836 0.0184497 0.00525589 0.00607844 0.0441179 
0.83008 0.00848535 0.0666615 0.0205736 0.00331321 0.00526141 0.0656247 
0.841238 0.00751309 0.0600975 0.0270936 0.00693186 0.0036813 0.0534443 
0.855399 0.0116264 0.0476258 0.026561 0.00687393 0.00491806 0.0469962 
0.850656 0.00978748 0.0482439 0.0355088 0.0204719 0.0041363 0.0311955 
0.85822 0.00898542 0.0600871 0.0218058 0.00794245 0.00374021 0.0392194 
0.87245 0.0102937 0.0586204 0.0204813 0.00535992 0.00280023 0.0299947 
0.860394 0.0103379 0.0569869 0.0165308 0.00328261 0.00473938 0.0477287 
0.856429 0.00919209 0.0604713 0.026379 0.00539321 0.00396627 0.038169 
0.811813 0.00870086 0.0434319 0.0850178 0.0184182 0.00545004 0.0271685 
0.839657 0.00940954 0.0424608 0.0498556 0.0187829 0.00446515 0.0353694 
0.834655 0.00807155 0.0544747 0.0443031 0.0122392 0.00429871 0.0419577 
0.839466 0.00933222 0.0526181 0.0351795 0.00676401 0.0038724 0.0527679 
0.85094 0.00835981 0.0612509 0.0292444 0.00369787 0.00312364 0.0433831 
0.866829 0.0122388 0.0507393 0.0249573 0.00595169 0.00313586 0.0361486 
0.845865 0.00898339 0.0567157 0.044974 0.00572588 0.00278496 0.0349507 
0.864619 0.0113561 0.0511116 0.0401948 0.00595165 0.00342015 0.0233468 
0.869576 0.010242 0.0430821 0.0387137 0.0117215 0.00329499 0.0233701 
0.875956 0.00935433 0.0475863 0.030693 0.00865397 0.00366944 0.0240869 
0.869972 0.00931546 0.0541425 0.0223607 0.00391772 0.00386957 0.0364223 
0.841552 0.00960576 0.0580118 0.0461851 0.00415103 0.00330589 0.0371884 
0.85226 0.0100449 0.057399 0.0305115 0.00214499 0.00352669 0.0441134 
0.831707 0.00996814 0.0770128 0.0139425 0.00121681 0.00308869 0.0630642 
0.858778 0.0102871 0.0516034 0.0197396 0.00392631 0.0037861 0.0518792 
0.858397 0.011912 0.047086 0.0326405 0.00465068 0.00266725 0.0426463 
0.855425 0.00983632 0.0568247 0.029893 0.00353197 0.00238702 0.0421023 
0.826597 0.0104603 0.0629692 0.0223334 0.00275062 0.00342008 0.0714696 
0.86408 0.0131759 0.0546108 0.0144148 0.00421783 0.00435151 0.0451493 
0.843458 0.0126107 0.0597358 0.0239134 0.00385744 0.00394011 0.0524849 
0.83776 0.00871235 0.0646259 0.0463176 0.00477641 0.00361125 0.034196 
0.861458 0.00973664 0.0581105 0.0358388 0.00513879 0.00400629 0.0257107 
0.851367 0.0129634 0.0451462 0.0519086 0.0117398 0.00391491 0.0229605 
0.846619 0.0115429 0.0660523 0.0281507 0.00284305 0.002846 0.0419463 
0.853889 0.0124319 0.0675796 0.0230933 0.00217694 0.003113 0.0377159 
0.872273 0.00955312 0.0582538 0.0249958 0.00222845 0.0034911 0.0292049 
0.869093 0.00960041 0.0586198 0.021788 0.00429285 0.00401049 0.0325958 
0.861 0.0132707 0.0572597 0.0225013 0.00363564 0.0042029 0.0381296 
0.824687 0.00877926 0.0763367 0.0262112 0.00246639 0.0035948 0.0579245 
0.844429 0.00883788 0.0694304 0.0134432 0.00267936 0.00481437 0.0563662 
0.84068 0.00984583 0.0530934 0.0531996 0.00599604 0.00392738 0.0332572 
0.877571 0.0099595 0.0488027 0.0264862 0.00700802 0.00314018 0.0270329 
0.848479 0.0106758 0.0314371 0.0732326 0.017874 0.00336506 0.0149365 
0.808613 0.0166018 0.0430573 0.0981293 0.00877144 0.00322975 0.0215975 
0.813293 0.0138777 0.0299649 0.103399 0.0245128 0.00270448 0.0122483 
0.874903 0.0185063 0.0358387 0.0296239 0.0143848 0.00427345 0.0224696 
0.853751 0.0231846 0.0359925 0.0501531 0.013678 0.00385666 0.0193837 
0.84863 0.0233977 0.0323255 0.0509933 0.0196758 0.00489033 0.0200873 
0.825393 0.0183706 0.0440753 0.077909 0.00697099 0.00285334 0.0244281 
0.74051 0.0162508 0.0419295 0.162412 0.00734749 0.00218673 0.0293641 
0.732775 0.0135395 0.0483001 0.141855 0.00747383 0.00357061 0.0524857 
0.705531 0.0167037 0.0429036 0.191115 0.00749049 0.00353969 0.0327169 
0.650375 0.0169761 0.0322431 0.270282 0.00482743 0.00314808 0.0221489 
0.691681 0.0299465 0.0212776 0.229305 0.0130157 0.0032395 0.011535 
0.648722 0.0244442 0.021189 0.266855 0.0258759 0.00320384 0.00970997 
0.707196 0.0184602 0.0201171 0.216276 0.0252569 0.00219674 0.0104969 
0.759149 0.0120121 0.036933 0.159052 0.0118569 0.00310212 0.0178948 
0.641462 0.0149535 0.0284021 0.294542 0.00864886 0.00261383 0.00937812 
0.558212 0.0113841 0.0449108 0.369942 0.00326242 0.00143666 0.0108521 
0.672252 0.00862034 0.0608551 0.234643 0.00708591 0.0020417 0.0145022 
0.766439 0.0107237 0.0451047 0.152147 0.00785851 0.00239918 0.0153287 
0.747342 0.0143153 0.0308756 0.178376 0.0106464 0.00337327 0.0150718 
0.73327 0.0125016 0.0257046 0.199477 0.0143613 0.00371852 0.0109679 
0.813452 0.0138496 0.0327481 0.120809 0.00778792 0.00275788 0.00859506 
0.785832 0.0187955 0.0290977 0.148603 0.00515377 0.00225566 0.0102623 
0.744992 0.0160461 0.0432255 0.178405 0.00270479 0.00249006 0.0121371 
0.765241 0.0191481 0.0526424 0.138905 0.00209085 0.00306366 0.0189088 
0.703354 0.0201733 0.0403664 0.217179 0.00312509 0.00258596 0.0132171 
0.807516 0.020213 0.0378831 0.104676 0.00456504 0.003704 0.0214432 
0.73769 0.0115694 0.0516015 0.171486 0.00450549 0.00268007 0.0204673 
0.81302 0.0111377 0.0553312 0.0777581 0.00378014 0.00404429 0.0349282 
0.857204 0.0113806 0.0475696 0.0555223 0.00331944 0.00286045 0.0221436 
0.767246 0.0114288 0.0585046 0.127081 0.00480733 0.00650907 0.0244229 
0.772526 0.0106125 0.050347 0.129912 0.00843632 0.00544973 0.0227157 
0.853276 0.00663478 0.0582252 0.0402645 0.0105769 0.00317707 0.0278458 
0.872726 0.00881596 0.0514851 0.0320649 0.00480908 0.00352008 0.026579 
0.780518 0.0102783 0.0506844 0.135545 0.0063787 0.00266804 0.0139276 
0.787521 0.0112709 0.0418629 0.124655 0.0151894 0.00321962 0.016282 
0.810894 0.0120164 0.0319602 0.100225 0.0247642 0.00424433 0.0158953 
0.842664 0.0135028 0.0506207 0.053095 0.0122307 0.00451502 0.0233714 
0.842777 0.0129259 0.0552182 0.0470296 0.00613395 0.00419099 0.031724 
0.866832 0.0138484 0.0542005 0.0211549 0.00408154 0.00371321 0.0361691 
0.860704 0.016029 0.0422454 0.0378925 0.00573414 0.00388639 0.0335088 
0.827838 0.0120893 0.0548384 0.0565441 0.00380347 0.00427038 0.0406168 
0.84008 0.0101741 0.0513887 0.0554314 0.00453931 0.003877 0.0345093 
0.840809 0.0142639 0.0451792 0.0712918 0.00533268 0.00405707 0.0190666 
0.846439 0.0115586 0.0570203 0.0481408 0.00522671 0.00377166 0.0278432 
0.835188 0.0117531 0.0586314 0.0596113 0.00313837 0.00411221 0.0275655 
0.829212 0.00720424 0.0714768 0.0303785 0.00435462 0.00718112 0.0501924 
0.855697 0.00834346 0.0716003 0.0254478 0.00404731 0.00409672 0.0307671 
0.80569 0.0120869 0.057744 0.073873 0.00533348 0.0053791 0.039894 
0.834559 0.0114971 0.0563625 0.0558143 0.00678973 0.00482171 0.0301555 
0.848282 0.0105405 0.0475466 0.0551529 0.0100918 0.00387085 0.0245155 
0.85261 0.0115103 0.0386869 0.0496918 0.020198 0.00662589 0.0206772 
0.860263 0.0102525 0.0524525 0.0302423 0.00756982 0.00386308 0.0353565 
0.828212 0.00701763 0.0669241 0.0362989 0.0132717 0.00459985 0.0436759 
0.835853 0.00809674 0.0682122 0.0463018 0.00461008 0.003918 0.0330081 
0.808688 0.00815527 0.0829154 0.0450578 0.00558498 0.00220726 0.0473917 
0.827503 0.00854389 0.0689956 0.0216302 0.00576095 0.00723937 0.0603271 
0.852656 0.0101751 0.0492994 0.0400201 0.00824267 0.00698503 0.0326217 
0.860902 0.0103183 0.0576788 0.0259602 0.00727728 0.00507389 0.0327891 
0.831634 0.00860603 0.0715785 0.020956 0.00543443 0.00600166 0.055789 
0.844142 0.00876411 0.058937 0.0375622 0.00611295 0.00521857 0.0392634 
0.849948 0.00895234 0.0656497 0.0202183 0.00734795 0.00451405 0.04337 
0.850469 0.0119078 0.0588531 0.0389288 0.00875637 0.00353455 0.0275505 
0.836123 0.0103314 0.0572965 0.0533067 0.0127366 0.00366703 0.0265388 
0.862071 0.0116518 0.0537178 0.0338681 0.00966692 0.00349082 0.0255332 
0.841985 0.00864218 0.0706223 0.0251322 0.00459572 0.00471809 0.0443047 
0.848976 0.00936242 0.060846 0.0324826 0.00429707 0.00438645 0.0396494 
0.847068 0.0104616 0.0564555 0.0419151 0.00516587 0.00423707 0.034697 
0.862144 0.0102417 0.0553064 0.0276212 0.00679007 0.00343453 0.0344624 
0.843307 0.00953061 0.0748607 0.0164368 0.00278797 0.00514318 0.047934 
0.849998 0.00879693 0.0651663 0.0336514 0.00573201 0.0035171 0.0331378 
0.847428 0.011355 0.0576189 0.0230777 0.00910945 0.00491462 0.0464968 
0.832359 0.0072381 0.073947 0.0139186 0.00284663 0.00378796 0.0659029 
0.760431 0.0101845 0.0783194 0.00811595 0.00189257 0.00555326 0.135503 
0.822077 0.00720251 0.073621 0.0186644 0.00256241 0.00508766 0.0707847 
0.828858 0.00806651 0.0760997 0.00980348 0.00248866 0.00494058 0.0697427 
0.844751 0.00929425 0.0523115 0.018644 0.00958797 0.00617584 0.0592353 
0.828149 0.00880118 0.0542112 0.0266336 0.0123651 0.00645538 0.0633847 
0.772351 0.00846122 0.082899 0.0144837 0.00299122 0.00535378 0.11346 
0.767393 0.00727066 0.082631 0.0239976 0.00351402 0.00673392 0.10846 
0.835387 0.00906645 0.0650229 0.0452947 0.00311897 0.00389695 0.038213 
0.84872 0.00875374 0.0594515 0.0409296 0.00773741 0.00409097 0.0303171 
0.856613 0.00829337 0.0648426 0.0261602 0.00530091 0.00413914 0.034651 
0.863505 0.0086252 0.0475203 0.0408065 0.00937176 0.00383023 0.0263414 
0.848539 0.0113084 0.0517708 0.0597702 0.00372774 0.00304956 0.0218342 
0.840839 0.00859775 0.0706644 0.0479775 0.00422279 0.00217182 0.0255267 
0.837533 0.00813793 0.0698299 0.0307592 0.00373916 0.00236441 0.0476365 
0.846095 0.00916435 0.0566944 0.0281928 0.00717603 0.00436223 0.0483156 
0.856537 0.00878395 0.0497077 0.0295744 0.0158967 0.0044122 0.0350877 
0.840447 0.00820111 0.0674861 0.0224895 0.00660798 0.00500254 0.0497657 
0.8203 0.00822004 0.0672611 0.00979017 0.00375264 0.00413942 0.0865366 
0.844781 0.00775304 0.0727368 0.0092353 0.00181572 0.00417462 0.0595038 
0.805794 0.00693474 0.0835559 0.0143666 0.00313014 0.00400538 0.0822133 
0.861723 0.008524 0.0632927 0.0170006 0.00188565 0.00422302 0.0433512 
0.809402 0.00889289 0.0627946 0.0210969 0.00353922 0.00490583 0.0893684 
0.827312 0.00966429 0.0750582 0.0257265 0.00209794 0.00391587 0.056225 
0.832772 0.0130015 0.0591649 0.0394005 0.00627115 0.00325426 0.0461362 
0.830794 0.0097556 0.0654264 0.0393096 0.00387614 0.00283724 0.0480012 
0.841853 0.00854358 0.056102 0.0503838 0.00487298 0.00314814 0.0350965 
0.840235 0.0110646 0.064336 0.0170798 0.00266335 0.00334674 0.0612745 
0.84429 0.00771732 0.0610237 0.0404516 0.00356329 0.00313914 0.0398147 
0.847028 0.0075378 0.0697661 0.0245877 0.00321089 0.00301383 0.0448557 
0.870373 0.00845727 0.0577301 0.0171303 0.00280037 0.00479355 0.0387158 
0.829926 0.00814904 0.0630142 0.0304048 0.0049671 0.00500606 0.0585329 
0.85094 0.00905237 0.0559167 0.0288209 0.00782866 0.00359051 0.0438505 
0.827566 0.0084459 0.0531653 0.0555431 0.0100947 0.00328128 0.0419033 
0.837517 0.00980324 0.0636583 0.0438355 0.00634805 0.00332438 0.0355129 
0.801675 0.00694961 0.0733472 0.0219417 0.00564852 0.00408034 0.086358 
0.857775 0.00771146 0.0654673 0.0250643 0.00412097 0.00267275 0.0371886 
0.873651 0.00951964 0.0554836 0.021985 0.00454135 0.00355631 0.031263 
0.853573 0.00880359 0.0560443 0.0438894 0.00492704 0.00318081 0.0295821 
0.847403 0.0131143 0.0521222 0.0356035 0.00554751 0.00380668 0.0424028 
0.842192 0.0109276 0.0583593 0.037019 0.00304996 0.00298562 0.0454668 
0.843763 0.00965821 0.0589426 0.0264667 0.00408019 0.00308262 0.0540071 
0.864713 0.010559 0.0582894 0.0220133 0.0026235 0.00238138 0.0394208 
0.850654 0.0129889 0.0510121 0.0460462 0.0036133 0.00275399 0.0329317 
0.870111 0.0136168 0.0399731 0.0440052 0.00473324 0.00269027 0.0248706 
0.876092 0.0100558 0.044716 0.0328697 0.00509316 0.00242679 0.0287468 
0.851105 0.011219 0.045582 0.0447845 0.00900342 0.00301006 0.0352959 
0.863759 0.0134904 0.0471511 0.0402481 0.00525982 0.00291993 0.0271716 
0.83434 0.0123609 0.045715 0.0786255 0.00379812 0.00206322 0.0230977 
0.833527 0.0116589 0.0477319 0.0676555 0.00581554 0.00185008 0.0317607 
0.872862 0.0116702 0.0473982 0.0311326 0.00433564 0.00316801 0.0294336 
0.839735 0.0181377 0.0336735 0.0837418 0.00475524 0.00240197 0.0175553 
0.844348 0.0109241 0.0590033 0.0313191 0.00330298 0.00278452 0.0483179 
0.871677 0.00992871 0.054339 0.0219637 0.0023227 0.0025522 0.0372162 
0.845824 0.00932996 0.0431803 0.073979 0.00537549 0.00245259 0.0198586 
0.85779 0.0131207 0.0463213 0.0517407 0.00426316 0.00303502 0.0237286 
0.863214 0.0110133 0.0520831 0.0243048 0.00604342 0.00199056 0.0413511 
0.832018 0.0108063 0.0543522 0.0549841 0.00683962 0.00254654 0.0384528 
0.863762 0.0100661 0.0556388 0.0344342 0.00429548 0.00206027 0.0297427 
0.835678 0.00888589 0.0751119 0.0321452 0.00309377 0.00251692 0.042568 
0.841295 0.00759675 0.0638849 0.0257136 0.00510393 0.00360844 0.0527972 
0.868418 0.00909007 0.067845 0.0200506 0.00308362 0.00257968 0.0289333 
0.837058 0.00835693 0.0868136 0.0211645 0.00243235 0.00180938 0.0423657 
0.855254 0.0141496 0.0564585 0.0358931 0.00359629 0.00258727 0.0320615 
0.8449 0.0112949 0.0701892 0.0113408 0.00193578 0.00345529 0.0568839 
0.855348 0.0107527 0.0621627 0.0212228 0.00368529 0.00306424 0.0437647 
0.860432 0.0151203 0.0546147 0.0185537 0.00796775 0.00353236 0.0397791 
0.843842 0.0106517 0.0680804 0.0123623 0.00521255 0.00395877 0.0558927 
0.834011 0.0111783 0.0700594 0.0221994 0.00846258 0.00273707 0.0513524 
0.836339 0.0100659 0.0766196 0.0300903 0.00304524 0.00314377 0.0406966 
0.837776 0.00864783 0.0777736 0.0159734 0.00190538 0.00362252 0.0543014 
0.829052 0.00976177 0.0808685 0.0313411 0.00288973 0.00441024 0.0416771 
0.823985 0.00836943 0.0639242 0.0558446 0.008293 0.0045962 0.0349873 
0.819693 0.00833087 0.0580159 0.0471368 0.0201999 0.00648754 0.0401356 
0.817708 0.00699598 0.0839912 0.0142089 0.00691072 0.00550307 0.0646822 
0.84512 0.0104427 0.0657846 0.022363 0.00560963 0.00477466 0.0459055 
0.832347 0.00762962 0.0766816 0.0291512 0.00232643 0.00485724 0.0470074 
0.824214 0.00741632 0.0867338 0.0157023 0.0038889 0.00348383 0.058561 
0.827834 0.00627752 0.0969607 0.013278 0.00275063 0.00206468 0.0508345 
0.793406 0.00691547 0.10682 0.0111353 0.00198576 0.00290616 0.0768305 
0.849621 0.00810659 0.0729204 0.0340929 0.00484528 0.00352912 0.0268844 
0.812438 0.00779061 0.0824583 0.0246202 0.00370468 0.0032198 0.0657684 
0.83649 0.00663154 0.0779844 0.0336493 0.00365141 0.00260663 0.0389863 
0.820331 0.00900485 0.0735694 0.0206628 0.00320484 0.00318127 0.0700463 
0.766203 0.007842 0.107712 0.0262839 0.00175638 0.00309069 0.0871121 
0.822448 0.0099671 0.0718452 0.030531 0.00543362 0.00410163 0.0556734 
0.769685 0.00764942 0.0966572 0.0129555 0.00438024 0.00425239 0.10442 
0.842844 0.00846713 0.0658049 0.0441307 0.00333668 0.00421338 0.0312032 
0.788393 0.00822645 0.0731095 0.080518 0.00413438 0.00344273 0.042176 
