0.879361 0.0106104 0.0404469 0.0379104 0.00600746 0.00301524 0.0226487 
0.875409 0.0105423 0.0377647 0.039619 0.00920886 0.00288365 0.0245721 
0.868107 0.0136743 0.0350536 0.0474896 0.0107411 0.00266983 0.0222648 
0.861083 0.0122664 0.033017 0.0603202 0.0113512 0.00282318 0.0191392 
0.882354 0.0118482 0.0391083 0.0370591 0.0044964 0.00301039 0.0221239 
0.868989 0.0112602 0.0378056 0.0490727 0.00871109 0.00259433 0.0215667 
0.880099 0.0126464 0.0380677 0.0346677 0.00801552 0.00245805 0.0240456 
0.888831 0.00949884 0.0379774 0.0252571 0.00893949 0.00278805 0.0267076 
0.875946 0.0088283 0.0516893 0.0260026 0.00291242 0.00185391 0.0327674 
0.883344 0.00966019 0.0451867 0.0275753 0.0053363 0.0027254 0.0261718 
0.885807 0.0134517 0.0308803 0.0456543 0.00832481 0.00307585 0.0128063 
0.58155 0.0142081 0.027044 0.348484 0.0113109 0.00461222 0.0127913 
0.124022 0.0036802 0.013074 0.838122 0.010059 0.00443973 0.0066032 
0.108842 0.00287833 0.0104302 0.857797 0.0119046 0.00404029 0.00410777 
0.13476 0.00365692 0.0129604 0.834234 0.00723277 0.00259733 0.00455791 
0.150006 0.00674875 0.00753052 0.817793 0.0123998 0.00218739 0.00333513 
0.138297 0.00458915 0.0109345 0.827585 0.0107674 0.00278749 0.00503972 
0.187319 0.00570977 0.0116779 0.77117 0.0153283 0.00392753 0.00486739 
0.163106 0.00701681 0.00642614 0.774016 0.0430147 0.00251195 0.0039087 
0.135866 0.0085595 0.00638895 0.809023 0.0327357 0.0036492 0.00377684 
0.0960374 0.00310611 0.00702788 0.868184 0.0188116 0.00320281 0.00362987 
0.193257 0.011546 0.0110096 0.766744 0.00899492 0.00375333 0.00469445 
0.0826863 0.00304806 0.00709294 0.89833 0.00504767 0.00117149 0.0026235 
0.12718 0.00723934 0.00990398 0.84789 0.00283193 0.00199754 0.0029579 
0.123978 0.00472006 0.00887042 0.851855 0.00642487 0.0012245 0.00292675 
0.130492 0.00639441 0.0060406 0.833678 0.0184854 0.00160552 0.00330396 
0.176311 0.00650034 0.00911335 0.791883 0.0103897 0.0016014 0.00420199 
0.0759471 0.00734695 0.0043558 0.897932 0.0103862 0.00146946 0.00256298 
0.20442 0.00756567 0.0110637 0.739641 0.0281075 0.00378178 0.00541991 
0.208167 0.00896216 0.00912926 0.750906 0.0173294 0.00144021 0.0040658 
0.091752 0.00509932 0.00495032 0.878576 0.0151562 0.00150748 0.00295886 
0.093688 0.00625917 0.00472248 0.882597 0.00868291 0.00152926 0.0025211 
0.109637 0.0119999 0.00610793 0.8611 0.00486596 0.00330093 0.00298879 
0.0635038 0.0101237 0.00312306 0.910562 0.00958973 0.00131882 0.00177855 
0.0862482 0.00786969 0.00366395 0.873282 0.0256664 0.00151812 0.00175129 
0.0387304 0.00376102 0.00262142 0.932859 0.0197473 8.55612E-4 0.00142518 
0.140345 0.00319541 0.0210482 0.811212 0.00699865 0.00362714 0.0135736 
0.140885 0.00374386 0.0110117 0.828031 0.00857633 0.00184118 0.00591171 
0.130857 0.00349859 0.00956528 0.837481 0.0114617 0.00207611 0.00506092 
0.13882 0.00530824 0.0106997 0.831584 0.00667682 0.00171564 0.00519602 
0.148487 0.00365405 0.0113391 0.820783 0.00949804 0.00208969 0.00414941 
0.133374 0.00465432 0.0101322 0.832227 0.0110594 0.00247168 0.00608145 
0.103815 0.0038657 0.0114649 0.864745 0.00780574 0.00237267 0.00593143 
0.875667 0.0170025 0.0265081 0.0397921 0.017867 0.0029247 0.0202389 
0.892614 0.0174656 0.0350854 0.0226288 0.00766573 0.00253545 0.0220051 
0.891162 0.0173879 0.0403732 0.0225691 0.00454378 0.00218267 0.0217817 
0.894437 0.0156138 0.0369615 0.0278796 0.00874534 0.00166352 0.0146995 
0.878391 0.0130448 0.0379475 0.0501343 0.0045179 0.00183122 0.0141337 
0.881214 0.0176163 0.0407984 0.0326305 0.00818382 0.00174689 0.0178096 
0.869438 0.0193811 0.0303621 0.0589935 0.00920565 0.00175631 0.0108629 
0.885559 0.0195497 0.0338078 0.0385109 0.00614165 0.00191475 0.0145159 
0.881262 0.016299 0.0329432 0.0380597 0.00827548 0.00229169 0.0208692 
0.879233 0.0205305 0.0269434 0.0453326 0.0110569 0.00269614 0.0142069 
0.889353 0.0195175 0.0326785 0.0289056 0.0065422 0.00268528 0.0203177 
0.867465 0.0139873 0.0293972 0.0502495 0.0155217 0.00326773 0.020111 
0.878739 0.0171871 0.0309395 0.0431872 0.0070903 0.00256571 0.0202915 
0.887043 0.0158177 0.0353616 0.0323157 0.00604685 0.00242628 0.0209894 
0.861716 0.0175517 0.0284923 0.0705064 0.00842661 0.00237917 0.010928 
0.818824 0.0168093 0.0214107 0.105544 0.0248484 0.00243798 0.0101249 
0.863161 0.0170726 0.0300703 0.0682804 0.00744141 0.00264639 0.011328 
0.877731 0.0114173 0.0391983 0.0432496 0.00552456 0.00252993 0.0203497 
0.825274 0.0110744 0.0352283 0.10134 0.00898716 0.00260015 0.0154963 
0.486588 0.0112048 0.0216102 0.458435 0.0127288 0.0024678 0.00696501 
0.293475 0.0092013 0.0157714 0.662164 0.0107449 0.00364726 0.00499634 
0.337771 0.00962502 0.0270733 0.606033 0.00689476 0.00384964 0.0087535 
0.152884 0.00452842 0.0155925 0.816267 0.0051759 0.0015017 0.00405013 
0.18822 0.00637387 0.0126326 0.779518 0.0072455 0.00180867 0.00420179 
0.226537 0.00718279 0.0124113 0.735002 0.0121934 0.0021779 0.00449603 
0.177359 0.0112506 0.00772898 0.781762 0.0150847 0.00298378 0.00383154 
0.224027 0.0110204 0.0109124 0.737818 0.009227 0.00256921 0.00442603 
0.109285 0.00875752 0.00577638 0.864769 0.00776696 0.00141272 0.0022327 
0.0688041 0.00716603 0.00461258 0.891337 0.0238063 0.0018138 0.00245991 
0.086738 0.0106498 0.00440307 0.884537 0.0096371 0.00196865 0.00206668 
0.0945991 0.00537676 0.00644924 0.882304 0.00675368 0.00162914 0.00288841 
0.142854 0.00435481 0.00724778 0.824083 0.017065 0.0012076 0.00318818 
0.195159 0.00894735 0.0115973 0.766049 0.0107551 0.00208521 0.00540701 
0.198965 0.00849982 0.011499 0.76664 0.0087268 0.00186329 0.00380619 
0.202795 0.00698332 0.0110497 0.760669 0.0128093 0.0019317 0.00376175 
0.389661 0.0111666 0.0175824 0.556322 0.0162858 0.00342251 0.00556037 
0.43571 0.011192 0.0179921 0.48546 0.0357092 0.00506593 0.00887103 
0.303162 0.0120017 0.0130479 0.64233 0.0192814 0.00405131 0.00612588 
0.285741 0.0101157 0.0139194 0.657688 0.0233711 0.00338419 0.00578086 
0.382174 0.0142468 0.0158898 0.552737 0.0229875 0.00406494 0.00790036 
0.410889 0.0121972 0.0163924 0.512634 0.0350196 0.00489932 0.00796886 
0.543384 0.0143796 0.0265026 0.382766 0.0178529 0.00493176 0.0101834 
0.509258 0.0116107 0.0271816 0.425412 0.0148245 0.00308105 0.0086321 
0.248446 0.00714731 0.0117377 0.697193 0.0278225 0.00245637 0.00519692 
0.351779 0.00827997 0.0197691 0.591415 0.0168513 0.00281217 0.00909398 
0.402786 0.00987869 0.0198394 0.535056 0.0214342 0.00254598 0.0084592 
0.321245 0.0131008 0.019649 0.633511 0.0041379 0.00237539 0.00598093 
0.281192 0.00910772 0.0191954 0.672823 0.0100457 0.00194169 0.00569448 
0.287366 0.00832077 0.0187557 0.667387 0.0113123 0.00212528 0.00473226 
0.248003 0.00892521 0.011089 0.692009 0.0321165 0.00302421 0.00483271 
0.159006 0.00464982 0.00980824 0.810169 0.0125336 0.00116173 0.00267083 
0.292867 0.0115902 0.0138025 0.662714 0.0112788 0.00302649 0.00472045 
0.417236 0.0162522 0.0199421 0.518504 0.0161095 0.00358772 0.00836869 
0.881215 0.0136061 0.0342975 0.0311979 0.0116626 0.00558527 0.0224357 
0.881741 0.0106772 0.0386762 0.0265535 0.0101094 0.0041708 0.0280718 
0.876033 0.0115782 0.0364305 0.0370399 0.00832713 0.00568692 0.0249043 
0.853078 0.01061 0.0465051 0.0618041 0.00371002 0.00515215 0.0191401 
0.880635 0.0116978 0.0402094 0.0436392 0.0047469 0.00404444 0.0150272 
0.88595 0.0124453 0.0344016 0.0383756 0.00784723 0.00542045 0.0155597 
0.849059 0.0155137 0.0310626 0.0747919 0.00736771 0.0060882 0.0161171 
0.879868 0.0131826 0.0359989 0.043516 0.00346505 0.00700189 0.0169678 
0.899799 0.0124259 0.0306119 0.0226239 0.00865517 0.00555778 0.0203261 
0.888617 0.0126893 0.0358619 0.018957 0.00840333 0.00606147 0.0294103 
0.884366 0.0145544 0.0343177 0.0286285 0.00643824 0.00525762 0.0264378 
0.876784 0.0103242 0.039988 0.0329561 0.00761562 0.00578405 0.0265477 
0.897512 0.0149945 0.0336455 0.0177862 0.00390172 0.0053577 0.0268021 
0.878181 0.0108835 0.0448454 0.0149017 0.00341325 0.00592864 0.041847 
0.874274 0.0128175 0.0398648 0.0296282 0.00771799 0.00517844 0.0305188 
0.884569 0.0116579 0.0410867 0.018628 0.0040603 0.00598445 0.0340134 
0.886999 0.0117987 0.0398014 0.0291074 0.00494066 0.00378538 0.0235679 
0.851523 0.0108516 0.0489137 0.0493576 0.00401063 0.00298722 0.0323563 
0.859753 0.011897 0.0460883 0.0211616 0.00636643 0.00447913 0.0502547 
0.867466 0.0108034 0.0462747 0.039551 0.00414287 0.00267774 0.0290844 
0.855309 0.0127864 0.0481477 0.0444021 0.00251155 0.00354156 0.0333019 
0.854925 0.0173384 0.0420518 0.0554667 0.00350559 0.00242172 0.0242911 
0.866981 0.0178667 0.040589 0.0504779 0.00311486 0.00296746 0.0180028 
0.885509 0.0179175 0.0351913 0.0343035 0.00410615 0.0041112 0.0188617 
0.873227 0.0134551 0.0478568 0.0349284 0.00218158 0.00427832 0.0240732 
0.883567 0.0146678 0.0395154 0.0258187 0.00439628 0.00472512 0.02731 
0.856701 0.0136337 0.0493415 0.0544874 0.00256486 0.00322815 0.0200435 
0.890017 0.0136445 0.0343893 0.0349414 0.00722234 0.00380397 0.0159813 
0.870395 0.0116637 0.044366 0.0325212 0.00613435 0.0040119 0.0309078 
0.884926 0.0154379 0.040334 0.0293346 0.00269108 0.00388584 0.0233908 
0.885988 0.0157003 0.0383975 0.0280809 0.00447873 0.00398401 0.0233709 
0.874225 0.0136497 0.0411611 0.0384452 0.00402798 0.00293408 0.025557 
0.87384 0.0171375 0.0314642 0.0496966 0.00889176 0.00282752 0.016142 
0.869283 0.0200981 0.0281999 0.0517009 0.0136948 0.0032523 0.0137707 
0.843073 0.0262183 0.0244016 0.0709534 0.0135376 0.00465676 0.0171588 
0.844175 0.01478 0.0280677 0.0522268 0.0335997 0.00355495 0.0235962 
0.876127 0.0220143 0.0278534 0.0321049 0.0152184 0.0030526 0.0236299 
0.854025 0.020816 0.0235285 0.0616695 0.0218354 0.00362999 0.0144955 
0.842677 0.0206944 0.0241628 0.0837925 0.0122268 0.00307694 0.0133692 
0.855166 0.0276229 0.0248147 0.0597409 0.0133854 0.00370283 0.0155677 
0.871509 0.0179863 0.0249468 0.0547087 0.0118418 0.00438492 0.014622 
0.87121 0.0216445 0.0251505 0.0383969 0.0162266 0.0042723 0.023099 
0.876273 0.0183238 0.0294546 0.0360333 0.01387 0.00400526 0.0220399 
0.876235 0.0183362 0.0316781 0.029611 0.0115163 0.00385925 0.0287637 
0.872413 0.020354 0.0282309 0.0436567 0.0145273 0.0031896 0.0176286 
0.862514 0.0164998 0.0351824 0.0538849 0.00747666 0.00298423 0.0214584 
0.865733 0.0165709 0.0328628 0.051445 0.011469 0.00313435 0.0187854 
0.873875 0.0159814 0.0303071 0.037338 0.0150028 0.00388524 0.0236104 
0.846012 0.016193 0.0279534 0.0757606 0.0140573 0.00325076 0.0167725 
0.881761 0.0174908 0.0332413 0.0326926 0.00685233 0.003116 0.0248464 
0.884417 0.0165214 0.0356773 0.0285597 0.00382963 0.00436465 0.0266308 
0.873454 0.0171559 0.0357598 0.0319908 0.00447007 0.00434348 0.0328264 
0.88321 0.0195597 0.0297912 0.0337099 0.00874676 0.00456286 0.02042 
0.876302 0.0164318 0.0224783 0.0539458 0.0143782 0.00354957 0.0129139 
0.856415 0.0159768 0.0326909 0.0289262 0.0135933 0.00445279 0.0479449 
0.87007 0.020289 0.0236536 0.0556318 0.00918095 0.00375347 0.0174212 
0.848956 0.0212083 0.0231831 0.0709711 0.0176601 0.00299698 0.0150247 
0.721014 0.0170093 0.0345163 0.20008 0.00775313 0.00125525 0.0183721 
0.771067 0.0150982 0.0302181 0.156145 0.011093 0.0020072 0.014371 
0.798166 0.0215526 0.0245599 0.125718 0.0138486 0.00217872 0.0139757 
0.728866 0.0176398 0.0318015 0.200118 0.00522594 0.00175658 0.0145925 
0.747931 0.0177686 0.0303516 0.174285 0.00852619 0.00226029 0.0188778 
0.740728 0.0171648 0.0324756 0.181901 0.00477011 0.0020576 0.0209021 
0.70611 0.0166905 0.0346837 0.204745 0.00836638 0.00158727 0.0278164 
0.692211 0.0143118 0.0223492 0.230616 0.023685 0.00195788 0.0148691 
0.755522 0.0185556 0.0294414 0.161596 0.0123702 0.00187619 0.0206387 
0.754164 0.0152729 0.0462144 0.154466 0.00540289 0.00146382 0.0230152 
0.681075 0.0174867 0.027509 0.242946 0.0154891 0.00126836 0.014226 
0.709763 0.0158993 0.0300154 0.214829 0.0126659 0.00181325 0.0150138 
0.723168 0.0152988 0.0245377 0.204843 0.0174197 0.00199181 0.012741 
0.698677 0.0167928 0.0177397 0.220411 0.0315945 0.00214727 0.012638 
0.714407 0.0150037 0.0229651 0.209645 0.0211967 0.00173856 0.0150443 
0.735105 0.0143042 0.0337124 0.185904 0.00823607 0.00206414 0.0206732 
0.724668 0.0124788 0.0219621 0.199709 0.0263382 0.00195557 0.0128884 
0.775026 0.0122005 0.0394776 0.138754 0.00857477 0.00146111 0.0245064 
0.710224 0.0165425 0.0249206 0.210425 0.0150546 0.00188185 0.0209511 
0.774774 0.0164166 0.0238331 0.145943 0.0192914 0.00132811 0.0184134 
0.790916 0.0237708 0.0240076 0.130577 0.0116589 0.00147729 0.0175922 
0.80344 0.0207513 0.0351797 0.101276 0.0097809 0.00132002 0.0282517 
0.782815 0.0270399 0.0292553 0.127435 0.00996776 0.00152817 0.0219594 
0.756398 0.0141021 0.0260137 0.172345 0.0139957 0.0012725 0.0158731 
0.843994 0.0183111 0.031189 0.0696997 0.00807932 0.00156299 0.0271639 
0.853279 0.0196031 0.021192 0.075194 0.0158955 0.00155873 0.0132776 
0.794424 0.0235951 0.0193978 0.128718 0.0209002 0.00175077 0.0112139 
0.842061 0.0156294 0.0329966 0.0798806 0.00710008 0.00142346 0.0209087 
0.834841 0.0183484 0.0268294 0.0844618 0.0133791 0.00139626 0.0207441 
0.845006 0.0135396 0.0220285 0.0873144 0.0167493 0.00152189 0.01384 
0.819124 0.0173684 0.0175911 0.0988754 0.0277243 0.0020957 0.0172211 
0.763964 0.0194241 0.0172578 0.143831 0.0367334 0.00181345 0.0169757 
0.785627 0.0193925 0.0183963 0.144259 0.0170823 0.00226772 0.0129743 
0.732189 0.0180155 0.0169518 0.20551 0.0172804 0.00169556 0.00835811 
0.77573 0.0197593 0.0204103 0.16171 0.00892379 0.00129748 0.0121687 
0.785861 0.015522 0.0214229 0.151915 0.0103862 0.00169408 0.0131992 
0.840588 0.0123768 0.0237112 0.0980793 0.0111232 0.00121752 0.0129037 
0.880949 0.0175443 0.0255435 0.0479975 0.0118364 0.00132211 0.0148067 
0.861721 0.0355935 0.0263313 0.0489232 0.00670091 0.00201233 0.018718 
0.809087 0.0277823 0.0199468 0.119731 0.0107213 0.00166064 0.0110713 
0.828422 0.01688 0.0207913 0.1091 0.01353 0.00155308 0.00972447 
0.773949 0.0119126 0.0298747 0.160795 0.00885736 0.00144906 0.0131623 
0.779585 0.0222496 0.0215597 0.156194 0.00947823 0.00121721 0.00971681 
0.787313 0.0228411 0.0215071 0.146617 0.00918232 0.00157565 0.0109639 
0.791271 0.0182849 0.0282499 0.137253 0.00919147 0.00123154 0.0145183 
0.705945 0.0203884 0.0224042 0.227 0.00951107 0.00157575 0.0131758 
0.798026 0.0235876 0.0202649 0.132853 0.0106749 0.0018234 0.0127706 
0.782809 0.01837 0.0267585 0.14988 0.00712961 0.001451 0.0136015 
0.781526 0.0156797 0.0215272 0.141824 0.0223259 0.00151255 0.0156051 
0.789806 0.016226 0.0219298 0.138673 0.0186646 0.00198188 0.0127186 
0.721542 0.0227989 0.0169014 0.208955 0.0184859 0.00177178 0.00954445 
0.775885 0.0192755 0.0265976 0.149015 0.00942367 0.00185794 0.0179449 
0.705785 0.0196536 0.0270462 0.223443 0.00751082 0.00178316 0.0147783 
0.736889 0.0184716 0.0304381 0.170334 0.0130731 0.00273656 0.028058 
0.717956 0.0180952 0.0220277 0.207179 0.0180384 0.00172519 0.014979 
0.800887 0.0177358 0.0270788 0.123997 0.0076678 0.00239765 0.0202353 
0.795586 0.0177626 0.0246809 0.120456 0.0202061 0.00189644 0.0194125 
0.724559 0.0228195 0.0191939 0.204229 0.0178585 0.00189942 0.00944067 
0.726067 0.0268196 0.019778 0.196258 0.0158841 0.00219033 0.0130034 
0.835571 0.0254601 0.0261312 0.0803063 0.00772368 0.00261153 0.0221962 
0.821452 0.0219231 0.0328589 0.0952027 0.00464128 0.00248141 0.021441 
0.744585 0.0263002 0.0265049 0.181089 0.00631199 0.00167235 0.0135361 
0.733928 0.0226251 0.021856 0.195348 0.0145151 0.00139659 0.010331 
0.742646 0.0237117 0.0265345 0.185785 0.00903034 0.00129826 0.0109941 
0.741663 0.0213254 0.0248049 0.192048 0.0081319 0.00162257 0.0104041 
0.738034 0.0259275 0.0203315 0.19584 0.00942389 0.00148966 0.0089531 
0.801864 0.0219125 0.0203618 0.128573 0.0138896 0.00242621 0.0109729 
0.745421 0.0224711 0.0174765 0.184186 0.0184951 0.00275951 0.00919121 
0.573078 0.023558 0.0150977 0.360152 0.0193493 0.00187404 0.00689137 
0.752992 0.0190414 0.0193087 0.181372 0.0147993 0.00231031 0.010176 
0.797352 0.0191764 0.0232579 0.134555 0.00990893 0.00228505 0.0134638 
