0.68261 0.0352328 0.0211732 0.225615 0.0097668 0.00693326 0.0186685 
0.794519 0.0458311 0.0209589 0.0985864 0.013157 0.0080045 0.0189428 
0.777063 0.0372662 0.0249794 0.125084 0.00635764 0.0075424 0.0217067 
0.766974 0.0391281 0.0286348 0.122551 0.00578922 0.00637205 0.0305507 
0.53069 0.0461252 0.0205674 0.364001 0.0096211 0.00534479 0.0236508 
0.502678 0.032726 0.0187199 0.416842 0.00819634 0.00498491 0.0158523 
0.730268 0.038462 0.0203139 0.171914 0.0114026 0.00641335 0.0212271 
0.631041 0.0611992 0.0159895 0.253445 0.017681 0.00571561 0.0149291 
0.722516 0.0433319 0.0202906 0.159142 0.0200948 0.00591674 0.0287078 
0.78531 0.0456275 0.021103 0.101214 0.0115451 0.00861712 0.0265835 
0.731582 0.0239364 0.0320134 0.163687 0.00643031 0.00410568 0.0382454 
0.811969 0.0242484 0.0303011 0.0735622 0.00671537 0.00375289 0.0494513 
0.830346 0.044093 0.0247626 0.0583776 0.00577056 0.00505453 0.031596 
0.85553 0.0330065 0.0270159 0.0470832 0.00453278 0.00477276 0.0280587 
0.856332 0.0352569 0.0231662 0.0612605 0.00610702 0.0045465 0.0133304 
0.855989 0.0317915 0.0268172 0.0568881 0.00352153 0.00657407 0.0184183 
0.869595 0.0270651 0.0253726 0.0439466 0.00413312 0.00613787 0.0237493 
0.87345 0.0227413 0.0277605 0.0381146 0.00416327 0.00711029 0.0266603 
0.854022 0.0204076 0.0326965 0.0465236 0.00399699 0.00634174 0.0360113 
0.857523 0.0224635 0.0306715 0.0457968 0.00446561 0.00479057 0.0342886 
0.830323 0.0300563 0.0269892 0.0768394 0.00531681 0.00486062 0.0256149 
0.82261 0.0247762 0.0333229 0.063404 0.00404334 0.00673173 0.0451119 
0.841278 0.0278596 0.0296516 0.0479379 0.0055687 0.00768229 0.0400221 
0.831157 0.0347253 0.0262132 0.0622885 0.00916433 0.00689952 0.0295523 
0.818259 0.0307996 0.0279743 0.0609061 0.0070712 0.00770493 0.0472844 
0.78629 0.042638 0.0231596 0.106737 0.00748695 0.00696599 0.0267229 
0.837618 0.028172 0.0312172 0.0534302 0.00413397 0.0052244 0.0402044 
0.847457 0.0255734 0.0341369 0.0273328 0.00492205 0.0042223 0.0563552 
0.858589 0.0343105 0.0302116 0.0304466 0.00671223 0.00529616 0.0344342 
0.858949 0.0290157 0.030548 0.0355479 0.00553375 0.00509337 0.0353126 
0.817082 0.0119371 0.0532968 0.0199172 0.00185508 0.0111504 0.0847615 
0.793482 0.0155753 0.0531579 0.00511976 0.00143728 0.0184759 0.112752 
0.784963 0.0194665 0.0449534 0.00738192 0.00178491 0.0232434 0.118207 
0.853816 0.0171149 0.0469639 0.013144 0.00228635 0.0109305 0.0557445 
0.849918 0.0157595 0.0497559 0.0110033 0.00279532 0.0137466 0.0570213 
0.750892 0.0120495 0.0599624 0.00741693 0.00302864 0.0250802 0.141571 
0.794837 0.0170204 0.0462154 0.00723075 0.00389512 0.0273871 0.103414 
0.779256 0.0138753 0.0566689 0.0124987 0.00299166 0.0216327 0.113077 
0.819183 0.0121375 0.0517839 0.0148893 0.00313618 0.0146129 0.0842573 
0.774238 0.0128954 0.0571775 0.00784394 0.00229333 0.0245103 0.121042 
0.780678 0.0132002 0.0605609 0.00836815 0.00339979 0.0147615 0.119031 
0.754758 0.0120028 0.0622766 0.010291 0.00410857 0.0136717 0.142891 
0.791944 0.0132521 0.0551843 0.0348096 0.0055959 0.00789907 0.091315 
0.72472 0.0155357 0.0507995 0.0143526 0.00547122 0.0119108 0.17721 
