0.373177 0.309662 0.0130376 0.27087 0.0155525 0.00804221 0.00965877 
0.360548 0.230365 0.00993378 0.355149 0.0315429 0.0053707 0.00709129 
0.129531 0.0661923 0.00611312 0.759717 0.031928 0.00227914 0.00423953 
0.230245 0.158453 0.00964046 0.568756 0.0219602 0.00448451 0.00646102 
0.289398 0.239015 0.0134304 0.407211 0.0296373 0.00982201 0.0114861 
0.280884 0.293612 0.0133256 0.363944 0.0259319 0.0108438 0.0114587 
0.384201 0.229829 0.0118398 0.325662 0.0288276 0.00864581 0.0109947 
0.487 0.226793 0.0146649 0.242123 0.0119601 0.00716398 0.0102941 
0.382542 0.238331 0.0153032 0.328316 0.015774 0.00873497 0.0109986 
0.470113 0.289774 0.0129355 0.187795 0.0182506 0.00966447 0.0114666 
0.399645 0.379555 0.0110709 0.172699 0.0172306 0.0098587 0.00993988 
0.341573 0.32267 0.0135028 0.280394 0.0210526 0.00888735 0.0119204 
0.26755 0.263348 0.0143347 0.415687 0.0170802 0.00997808 0.0120216 
0.329551 0.154583 0.0143371 0.474713 0.00970185 0.00788296 0.00923193 
0.331208 0.192053 0.0171329 0.433885 0.0081154 0.00798507 0.00962049 
0.843031 0.0249869 0.0376152 0.0399389 0.00196357 0.00958539 0.042879 
0.859382 0.0223566 0.0373503 0.0285354 0.00202848 0.00985782 0.0404889 
0.823068 0.0196465 0.0340714 0.0751588 0.00297211 0.0101604 0.0349225 
0.827782 0.0201124 0.0361625 0.0473902 0.00357196 0.00884802 0.0561332 
0.817427 0.0165116 0.0414518 0.0510101 0.0029636 0.0101949 0.0604407 
0.848815 0.0202768 0.0374673 0.0313274 0.00348872 0.0103043 0.0483201 
0.819432 0.018342 0.0437472 0.040053 0.00249262 0.0128462 0.063087 
0.79179 0.0173894 0.0504668 0.038613 0.00209481 0.0123965 0.0872497 
0.813156 0.0165916 0.0463152 0.0236032 0.00227666 0.0109183 0.0871395 
0.831119 0.0168325 0.0419548 0.0289053 0.00321817 0.00812894 0.0698418 
0.829529 0.017528 0.0400304 0.0438308 0.00370307 0.00964168 0.0557371 
0.818727 0.0155102 0.0453768 0.035121 0.00298189 0.00939202 0.0728907 
0.78405 0.0144087 0.0541777 0.0315568 0.00229942 0.00871381 0.104793 
0.817728 0.0148211 0.050176 0.0456384 0.00276391 0.0081554 0.060717 
0.810412 0.0135533 0.0489572 0.0277091 0.00307356 0.00912676 0.0871681 
0.799122 0.0128888 0.0503888 0.0213983 0.00251391 0.0101007 0.103587 
0.834648 0.0150493 0.0425856 0.027622 0.00351885 0.00586556 0.0707105 
0.830628 0.0179366 0.0424252 0.0179831 0.00309168 0.00709796 0.0808374 
0.831485 0.0164194 0.0417213 0.0208562 0.00299933 0.00725336 0.0792659 
0.84917 0.0133287 0.0412477 0.0348782 0.00396201 0.0072832 0.0501302 
0.831547 0.0162003 0.0364712 0.0397761 0.00636194 0.00778404 0.0618596 
0.834893 0.0191144 0.0337443 0.0517649 0.00847984 0.00861423 0.0433892 
0.848262 0.0176421 0.0378331 0.0396766 0.00304973 0.00780735 0.0457289 
0.841541 0.0231495 0.0383427 0.0539466 0.00275197 0.00662821 0.0336405 
0.84975 0.020167 0.0383491 0.0429239 0.00398002 0.0072458 0.037584 
0.851432 0.0218398 0.0347884 0.0403809 0.00360445 0.00769711 0.0402569 
0.852731 0.0238647 0.0306323 0.0445613 0.0052512 0.0063601 0.0365991 
0.849037 0.0252794 0.0340116 0.0300699 0.00399863 0.00718702 0.0504161 
0.831293 0.0146227 0.0403235 0.0539854 0.00377822 0.00662222 0.049375 
0.830323 0.0151039 0.0458608 0.0312227 0.00462287 0.0114774 0.0613891 
0.819987 0.0136188 0.0493512 0.0155755 0.00328811 0.00952486 0.0886545 
0.780522 0.0134646 0.0874344 0.0834747 0.00915434 0.00174719 0.0242026 
0.74056 0.0126829 0.0650106 0.128703 0.0306992 0.00202932 0.020315 
0.773593 0.0102683 0.0720363 0.0866183 0.0341627 0.00202918 0.0212918 
0.818068 0.0119784 0.0677044 0.0548718 0.0264091 0.00193524 0.0190332 
0.785516 0.0126921 0.0670224 0.0862649 0.0254815 0.00208883 0.0209339 
0.802919 0.0141181 0.0514877 0.0770204 0.0350305 0.00209063 0.0173333 
0.778212 0.0119863 0.077121 0.085285 0.0226514 0.00196473 0.0227793 
0.786059 0.0144886 0.0842992 0.0494898 0.0319992 0.00249542 0.0311687 
0.778531 0.0138909 0.0947137 0.0491692 0.0259705 0.00237046 0.0353544 
0.697817 0.0142377 0.0738722 0.120989 0.0563118 0.00261764 0.0341545 
0.690812 0.0181858 0.0922199 0.0760937 0.0773616 0.00345165 0.0418753 
0.606377 0.0262211 0.126234 0.0487651 0.134013 0.00546303 0.0529261 
0.633405 0.0277354 0.11156 0.0416017 0.132035 0.0054884 0.0481742 
0.633559 0.0309091 0.136281 0.0257985 0.113592 0.00579659 0.0540634 
0.629689 0.0235125 0.150164 0.0373529 0.0939678 0.00469268 0.0606215 
0.825403 0.0299028 0.0788894 0.0212933 0.00701908 0.00399396 0.0334983 
0.785165 0.0401122 0.0522446 0.0604639 0.0240748 0.00511939 0.0328204 
0.785645 0.0331108 0.0701428 0.0452035 0.0219673 0.00465358 0.0392766 
0.769722 0.0504273 0.0599074 0.0487104 0.0226664 0.00750057 0.0410655 
0.774406 0.0528018 0.0642023 0.0283073 0.0301822 0.0064158 0.0436851 
0.741224 0.0545595 0.0804447 0.0452467 0.029748 0.00693218 0.0418449 
0.716706 0.0285451 0.138921 0.0394623 0.0284728 0.0068396 0.0410528 
0.639687 0.0319932 0.246645 0.0131126 0.0212096 0.0120503 0.0353028 
0.61883 0.0340474 0.235947 0.0113408 0.0508816 0.0113632 0.0375905 
0.575907 0.0340978 0.24763 0.0106868 0.078351 0.0113777 0.0419493 
0.55336 0.0484107 0.16045 0.0127926 0.175901 0.0122852 0.0368007 
0.430333 0.0424846 0.291381 0.0134004 0.152839 0.0145573 0.0550048 
0.423511 0.0457811 0.287959 0.0139231 0.158595 0.0202635 0.0499679 
0.395812 0.0559949 0.280428 0.0136458 0.179465 0.0239325 0.0507209 
0.546353 0.0346729 0.216755 0.0103276 0.113229 0.00896407 0.0696972 
0.676888 0.0228493 0.149046 0.0131222 0.069509 0.0028774 0.0657085 
0.646718 0.0306448 0.186549 0.00726787 0.0550403 0.00549879 0.0682812 
0.56448 0.0809291 0.202692 0.00502834 0.0725054 0.0172075 0.0571576 
0.6129 0.0684302 0.171598 0.00822897 0.0848299 0.014769 0.039244 
0.606503 0.0854529 0.158361 0.00855115 0.0876579 0.0163576 0.0371157 
0.63293 0.0602245 0.164015 0.00801714 0.0842215 0.0139728 0.0366188 
0.793637 0.0216848 0.0968979 0.0155449 0.0375699 0.00264374 0.0320223 
0.784661 0.0185492 0.103706 0.023694 0.0328714 0.00225971 0.0342585 
0.764331 0.0127453 0.131795 0.0237676 0.0261251 0.00237299 0.0388631 
0.653554 0.0414554 0.1493 0.0101945 0.103228 0.0104045 0.031864 
0.628228 0.0302772 0.169777 0.0124179 0.107935 0.00924675 0.0421179 
0.665994 0.0142136 0.192044 0.0167912 0.0548865 0.00377379 0.0522962 
0.757281 0.00966783 0.119197 0.0430055 0.030561 0.00339671 0.036891 
0.704446 0.0109522 0.190025 0.0312393 0.0206987 0.00303351 0.0396051 
0.579091 0.00708498 0.292944 0.0114687 0.0153871 0.00276004 0.0912635 
0.825403 0.0299028 0.0788894 0.0212933 0.00701908 0.00399396 0.0334983 
0.785165 0.0401122 0.0522446 0.0604639 0.0240748 0.00511939 0.0328204 
0.785645 0.0331108 0.0701428 0.0452035 0.0219673 0.00465358 0.0392766 
0.769722 0.0504273 0.0599074 0.0487104 0.0226664 0.00750057 0.0410655 
0.774406 0.0528018 0.0642023 0.0283073 0.0301822 0.0064158 0.0436851 
0.741224 0.0545595 0.0804447 0.0452467 0.029748 0.00693218 0.0418449 
0.716706 0.0285451 0.138921 0.0394623 0.0284728 0.0068396 0.0410528 
0.639687 0.0319932 0.246645 0.0131126 0.0212096 0.0120503 0.0353028 
0.61883 0.0340474 0.235947 0.0113408 0.0508816 0.0113632 0.0375905 
0.575907 0.0340978 0.24763 0.0106868 0.078351 0.0113777 0.0419493 
0.55336 0.0484107 0.16045 0.0127926 0.175901 0.0122852 0.0368007 
0.430333 0.0424846 0.291381 0.0134004 0.152839 0.0145573 0.0550048 
0.423511 0.0457811 0.287959 0.0139231 0.158595 0.0202635 0.0499679 
0.395812 0.0559949 0.280428 0.0136458 0.179465 0.0239325 0.0507209 
0.546353 0.0346729 0.216755 0.0103276 0.113229 0.00896407 0.0696972 
0.676888 0.0228493 0.149046 0.0131222 0.069509 0.0028774 0.0657085 
0.646718 0.0306448 0.186549 0.00726787 0.0550403 0.00549879 0.0682812 
0.56448 0.0809291 0.202692 0.00502834 0.0725054 0.0172075 0.0571576 
0.6129 0.0684302 0.171598 0.00822897 0.0848299 0.014769 0.039244 
0.606503 0.0854529 0.158361 0.00855115 0.0876579 0.0163576 0.0371157 
0.63293 0.0602245 0.164015 0.00801714 0.0842215 0.0139728 0.0366188 
0.793637 0.0216848 0.0968979 0.0155449 0.0375699 0.00264374 0.0320223 
0.784661 0.0185492 0.103706 0.023694 0.0328714 0.00225971 0.0342585 
0.764331 0.0127453 0.131795 0.0237676 0.0261251 0.00237299 0.0388631 
0.653554 0.0414554 0.1493 0.0101945 0.103228 0.0104045 0.031864 
0.628228 0.0302772 0.169777 0.0124179 0.107935 0.00924675 0.0421179 
0.665994 0.0142136 0.192044 0.0167912 0.0548865 0.00377379 0.0522962 
0.757281 0.00966783 0.119197 0.0430055 0.030561 0.00339671 0.036891 
0.704446 0.0109522 0.190025 0.0312393 0.0206987 0.00303351 0.0396051 
0.579091 0.00708498 0.292944 0.0114687 0.0153871 0.00276004 0.0912635 
0.786329 0.017407 0.0584337 0.0654232 0.0326511 0.00379596 0.0359604 
0.813308 0.0181603 0.0546352 0.059804 0.0229621 0.00285988 0.0282704 
0.797348 0.0193914 0.0520731 0.0834043 0.0146512 0.00268138 0.0304508 
0.816852 0.0165999 0.0449006 0.0651361 0.022734 0.00260544 0.0311721 
0.808208 0.0203427 0.0507194 0.0554504 0.0297965 0.00333172 0.0321512 
0.82334 0.0227659 0.0567859 0.0358143 0.0239272 0.00307182 0.0342948 
0.812194 0.0203629 0.0523741 0.0576777 0.0197342 0.00318349 0.0344731 
0.788798 0.022662 0.0453333 0.0933286 0.0180458 0.00293001 0.0289027 
0.791988 0.0190421 0.0577144 0.082009 0.0141444 0.00242443 0.0326774 
0.806914 0.0157078 0.0557124 0.0626823 0.0206263 0.00254058 0.0358166 
0.84487 0.0192948 0.040593 0.0492249 0.0185209 0.00274281 0.0247533 
0.843751 0.0244017 0.0510439 0.0257926 0.0230064 0.00363886 0.028366 
0.82969 0.0190074 0.0596654 0.0408651 0.0150968 0.00317927 0.0324958 
0.850319 0.0230039 0.053159 0.0361415 0.01211 0.00241818 0.022848 
0.846981 0.0352745 0.0385254 0.0372253 0.0205459 0.00269108 0.0187563 
0.853205 0.0225769 0.040561 0.0467156 0.0181069 0.00212891 0.0167056 
0.842116 0.0185238 0.0438821 0.0549462 0.0175013 0.00231697 0.0207133 
0.839988 0.0217265 0.0397737 0.056201 0.0236792 0.00235559 0.0162758 
0.789592 0.017712 0.0508575 0.0795882 0.0328157 0.00312103 0.0263139 
0.830306 0.0200048 0.0488027 0.0496677 0.0265343 0.00263228 0.0220522 
0.822497 0.0224628 0.0530044 0.0592189 0.0167028 0.00272458 0.0233894 
0.821824 0.0173411 0.0527786 0.0603326 0.0176654 0.00275077 0.0273077 
0.811039 0.0156946 0.0539716 0.0701607 0.0252098 0.00221198 0.0217124 
0.772596 0.01473 0.0503976 0.0952963 0.0375442 0.0025445 0.0268917 
0.788576 0.0123216 0.0718955 0.0683843 0.016731 0.00262693 0.0394648 
0.754571 0.0179895 0.0532802 0.120291 0.0265319 0.00325519 0.0240811 
0.793597 0.0215882 0.0479342 0.096601 0.0197678 0.00268751 0.0178244 
0.785973 0.0171284 0.0555329 0.0759133 0.036415 0.00308022 0.0259575 
0.805853 0.0364819 0.0323529 0.0739786 0.0341206 0.00401034 0.0132022 
0.835514 0.0202669 0.0438914 0.0691783 0.0156997 0.00205867 0.0133911 
0.835664 0.0110439 0.0558469 0.0587148 0.0165124 0.00156176 0.020656 
0.847245 0.0206966 0.0648292 0.0349285 0.00726482 0.00182434 0.0232112 
0.853376 0.0139832 0.0637668 0.0313122 0.0129521 0.00177531 0.022834 
0.845288 0.0173412 0.0571904 0.0338719 0.017857 0.00221689 0.0262344 
0.825894 0.0192467 0.0715203 0.0461823 0.00841261 0.00212353 0.0266204 
0.832834 0.0187914 0.0721114 0.0450344 0.00765499 0.00179014 0.0217836 
0.841996 0.0158495 0.0548022 0.056127 0.0112155 0.00150207 0.0185075 
0.82467 0.0193337 0.0648083 0.0543244 0.0137127 0.00198438 0.0211662 
0.813119 0.0207283 0.0795737 0.0471036 0.0101616 0.00188188 0.0274323 
0.739719 0.0143577 0.0850555 0.119592 0.0118177 0.00194413 0.027513 
0.766213 0.0164377 0.103356 0.055286 0.0165289 0.00277477 0.0394039 
0.780487 0.0207546 0.0792574 0.0301431 0.0429242 0.00348402 0.0429495 
0.753767 0.0152351 0.113456 0.0368435 0.0276108 0.003115 0.0499725 
0.745246 0.012184 0.134832 0.0312832 0.0161104 0.00259856 0.0577463 
0.742977 0.0105632 0.144692 0.0244559 0.0164045 0.00239149 0.0585164 
0.871289 0.011952 0.0556104 0.0233945 0.00565992 0.00272466 0.0293698 
0.876497 0.0131264 0.0568703 0.0169085 0.00347201 0.00254849 0.0305771 
0.876952 0.0136832 0.0516904 0.0179634 0.00730072 0.0027935 0.029617 
0.866534 0.0130019 0.063266 0.0248515 0.00450953 0.0026847 0.0251525 
0.843791 0.0141152 0.0678301 0.0476431 0.00460846 0.00293558 0.019077 
0.762385 0.0136686 0.089304 0.105176 0.00390695 0.00419028 0.021369 
0.755957 0.0230132 0.149909 0.0319196 0.00360008 0.0101037 0.025497 
0.752385 0.0187595 0.160872 0.0328927 0.00277009 0.00825209 0.024069 
0.757089 0.0130212 0.157955 0.037923 0.00298699 0.00598444 0.0250408 
0.7521 0.0120401 0.151948 0.0464831 0.00254134 0.00485165 0.0300363 
0.759386 0.0125883 0.133189 0.0716374 0.00181231 0.00346706 0.0179201 
0.793453 0.0199522 0.114939 0.0457374 0.00397031 0.00429169 0.0176565 
0.797608 0.0234431 0.110064 0.0377059 0.00334297 0.00534334 0.0224931 
0.743963 0.0181059 0.126271 0.0783118 0.00237453 0.00456663 0.0264075 
0.815429 0.0197331 0.103041 0.0345098 0.00353467 0.00326697 0.0204856 
0.806667 0.0254489 0.0776949 0.0592463 0.00696889 0.00416275 0.0198117 
0.815686 0.0207783 0.0856769 0.0496951 0.0022618 0.00271903 0.0231833 
0.821841 0.0156574 0.0798442 0.0479897 0.00184393 0.00274591 0.0300782 
0.830191 0.0235256 0.0715677 0.0439718 0.00307155 0.00280284 0.0248697 
0.806184 0.0193674 0.068346 0.0706786 0.00308667 0.0020125 0.0303246 
0.792599 0.0173003 0.0834646 0.0367213 0.00248258 0.00265911 0.0647729 
0.810702 0.0202217 0.0712812 0.0447032 0.00336039 0.00227502 0.0474562 
0.793936 0.0176239 0.0765051 0.0707974 0.00235919 0.00206396 0.0367142 
0.77569 0.0119434 0.0988298 0.0441283 0.00227878 0.00219359 0.0649358 
0.776739 0.0146432 0.0906575 0.0749418 0.00281343 0.00189389 0.0383108 
0.814374 0.0126293 0.0866692 0.0398369 0.0036918 0.00189206 0.0409066 
0.810903 0.0159454 0.0796058 0.032399 0.00347325 0.0028932 0.0547803 
0.75571 0.0135259 0.0800613 0.108698 0.00507399 0.00196888 0.0349627 
0.783854 0.0119105 0.0837573 0.0583966 0.00391294 0.00211458 0.0560541 
0.653844 0.0207634 0.0475135 0.23919 0.0106107 0.00274008 0.0253386 
0.786984 0.00997369 0.124433 0.00866567 0.00231728 0.00675567 0.0608704 
0.800051 0.0110874 0.120274 0.0116623 0.00296384 0.00512806 0.0488333 
0.778286 0.00839602 0.138754 0.0102005 0.00304737 0.00403928 0.057277 
0.750356 0.0102284 0.159539 0.00882176 0.0023782 0.00441661 0.0642597 
0.719302 0.00905951 0.177556 0.0112519 0.00321876 0.00463503 0.0749767 
0.707695 0.0169276 0.175111 0.00666864 0.00701871 0.00608644 0.0804926 
0.739103 0.0260403 0.157693 0.00609502 0.00903631 0.00720138 0.0548312 
0.751896 0.0241878 0.154719 0.00992171 0.00898548 0.00671145 0.0435792 
0.754144 0.0277813 0.142567 0.00908728 0.0166801 0.00998918 0.0397508 
0.763355 0.0352115 0.13331 0.00670584 0.012436 0.00947575 0.0395052 
0.754157 0.0395846 0.135528 0.0103315 0.0180977 0.00789055 0.0344104 
0.71547 0.0474779 0.165969 0.0101242 0.0182211 0.0093727 0.0333651 
0.697567 0.0649242 0.149501 0.00856921 0.0339788 0.00945312 0.0360064 
0.723754 0.0269107 0.165654 0.0053344 0.00710747 0.00440988 0.0668298 
0.603508 0.0344113 0.180974 0.00216876 0.00785697 0.00511807 0.165963 
0.554693 0.00975657 0.327628 0.00231337 0.0018123 0.00511959 0.0986777 
0.499481 0.0141131 0.410419 0.00285227 0.0035932 0.0122247 0.0573167 
0.509229 0.00635792 0.395377 0.0182643 8.83702E-4 0.0294578 0.040431 
0.451117 0.00736231 0.405113 0.0284147 0.00105054 0.0614286 0.0455135 
0.427453 0.00889098 0.417666 0.0523387 0.0014333 0.0487164 0.0435016 
0.572629 0.00579318 0.364865 0.0041196 0.00102529 0.00858948 0.0429786 
0.748507 0.018518 0.182826 0.0134605 0.00324338 0.00271 0.0307351 
0.701149 0.0233467 0.222615 0.00539995 0.00497033 0.00578677 0.0367326 
0.680501 0.00991809 0.26126 0.00579837 0.00185433 0.0067289 0.0339399 
0.699052 0.00723276 0.239946 0.0226891 8.04423E-4 0.008388 0.0218873 
0.681733 0.00669006 0.253593 0.010471 9.27308E-4 0.013117 0.0334682 
0.724994 0.0203129 0.197956 0.00614587 0.00347271 0.0116212 0.0354973 
0.709714 0.0198786 0.221974 0.00448991 0.00462719 0.00746729 0.0318485 
0.669352 0.020364 0.253706 0.00466784 0.00445532 0.00902576 0.0384287 
0.673625 0.0227911 0.257548 0.00572304 0.00326143 0.00505895 0.0319923 
0.839835 0.0117188 0.0832545 0.0128015 0.00586913 0.00295516 0.0435657 
0.811813 0.0117624 0.0994499 0.0109167 0.00726374 0.00248247 0.0563121 
0.779262 0.00946709 0.113371 0.00844807 0.00561595 0.00243298 0.0814026 
0.795164 0.00964892 0.113538 0.00848636 0.00527308 0.00244148 0.0654485 
0.79177 0.00728756 0.122415 0.0155591 0.00397249 0.00274946 0.0562471 
0.812759 0.0100361 0.108781 0.0102379 0.00742267 0.0027589 0.048005 
0.814752 0.00962437 0.103739 0.0151592 0.00567958 0.00249837 0.0485476 
0.802714 0.00722225 0.124997 0.0198397 0.0037226 0.00211867 0.0393857 
0.793371 0.00757063 0.117959 0.0232097 0.00690549 0.00267985 0.0483042 
0.809325 0.00871506 0.102809 0.0159265 0.00583459 0.00342368 0.0539663 
0.787953 0.00898127 0.111891 0.0135774 0.00546698 0.00425639 0.0678736 
0.776575 0.0083617 0.126806 0.00832071 0.00477405 0.00369367 0.0714692 
0.740933 0.0072018 0.135784 0.00839647 0.00303205 0.00305413 0.101598 
0.784901 0.0088678 0.126055 0.00518193 0.00284684 0.00200577 0.070142 
0.798842 0.0105846 0.117561 0.00575526 0.00540954 0.00225649 0.0595905 
0.783911 0.0083726 0.115513 0.0119783 0.00333968 0.00202781 0.0748577 
0.812781 0.00645828 0.116189 0.0112937 0.00309192 0.00194568 0.0482408 
0.799242 0.00578837 0.130941 0.0093475 0.00293916 0.00196236 0.0497796 
0.779167 0.00623283 0.129934 0.0164986 0.00374538 0.00280163 0.0616207 
0.805318 0.00729617 0.105258 0.0208524 0.00586678 0.00246662 0.0529421 
0.821365 0.0105129 0.0917797 0.0120341 0.0053086 0.00316347 0.0558363 
0.791858 0.00854258 0.110722 0.0184345 0.00368009 0.00400051 0.0627624 
0.809162 0.00960221 0.109497 0.0116198 0.00423162 0.00291249 0.0529745 
0.800989 0.00909745 0.107943 0.00828803 0.00357868 0.00336252 0.0667406 
0.830258 0.0100167 0.095576 0.0105709 0.00359484 0.00244783 0.0475361 
0.806559 0.00958785 0.109646 0.0102918 0.00508003 0.00260726 0.0562288 
0.815593 0.00671996 0.114413 0.0162862 0.00356395 0.00191381 0.0415092 
0.814177 0.00886094 0.0974147 0.0213971 0.00665029 0.00225827 0.0492419 
0.807278 0.00962209 0.108486 0.0158411 0.00772316 0.00263417 0.0484151 
0.811443 0.00755456 0.0983575 0.0243967 0.00674804 0.00208745 0.0494129 
0.769137 0.00636591 0.142033 0.0173644 0.00487247 0.00188395 0.0583426 
0.797647 0.00801212 0.118585 0.00729232 0.00466818 0.00162278 0.0621724 
0.773714 0.0075321 0.116568 0.0124363 0.00834265 0.00343302 0.0779748 
0.769326 0.00757639 0.122453 0.0141043 0.00626173 0.00298868 0.0772899 
0.745924 0.00699107 0.139179 0.0116626 0.00462995 0.00243711 0.089176 
0.72605 0.00644976 0.153177 0.00980293 0.00275754 0.00264747 0.0991153 
0.748559 0.00611309 0.137139 0.0157343 0.003636 0.00247559 0.0863434 
0.730455 0.00599032 0.143614 0.0143085 0.00345756 0.00177356 0.100402 
0.717571 0.00783939 0.148847 0.00651619 0.00420121 0.00198352 0.113042 
0.775995 0.00761897 0.117469 0.0132182 0.00371854 0.00163967 0.080341 
0.7708 0.00658786 0.118661 0.0103397 0.00406406 0.00120379 0.0883434 
0.795965 0.00626444 0.11706 0.0110153 0.00402898 0.00136866 0.064298 
0.669028 0.00521796 0.157215 0.0324745 0.00174256 0.00298119 0.131341 
0.760295 0.00698569 0.123451 0.0120146 0.00291036 0.0018411 0.0925025 
0.756126 0.00683229 0.135166 0.00569252 0.00371433 0.00160844 0.0908599 
0.806423 0.0070129 0.104174 0.0175472 0.00527983 0.00146623 0.0580969 
0.792381 0.00707855 0.103156 0.0211869 0.00580483 0.00187575 0.0685169 
0.753939 0.00527678 0.125104 0.0278641 0.00450482 0.00210339 0.0812082 
0.743798 0.00501681 0.13534 0.016507 0.00308986 0.00210581 0.0941424 
0.73958 0.00520509 0.152383 0.0158637 0.00351287 0.00201596 0.0814394 
0.769847 0.008105 0.129866 0.0195643 0.00566744 0.0022003 0.0647501 
0.719665 0.0056472 0.164045 0.0123539 0.00294642 0.00203608 0.0933056 
0.727663 0.00668272 0.144909 0.013956 0.00528786 0.00243326 0.0990682 
0.75219 0.00683606 0.134034 0.0139934 0.00437565 0.00207899 0.086492 
0.734257 0.00663457 0.151374 0.0166426 0.00414614 0.00247857 0.0844669 
0.753582 0.00667376 0.147012 0.016445 0.00415979 0.00231933 0.0698089 
0.719993 0.00628994 0.169407 0.00966072 0.00349343 0.00336134 0.0877946 
0.692011 0.00605495 0.169656 0.0146603 0.00526819 0.00264827 0.109701 
0.741928 0.00542418 0.141921 0.00730687 0.00281804 0.0027222 0.0978795 
0.778233 0.00903581 0.128876 0.00412595 0.00792581 0.00206686 0.0697364 
0.773714 0.0075321 0.116568 0.0124363 0.00834265 0.00343302 0.0779748 
0.769326 0.00757639 0.122453 0.0141043 0.00626173 0.00298868 0.0772899 
0.745924 0.00699107 0.139179 0.0116626 0.00462995 0.00243711 0.089176 
0.72605 0.00644976 0.153177 0.00980293 0.00275754 0.00264747 0.0991153 
0.748559 0.00611309 0.137139 0.0157343 0.003636 0.00247559 0.0863434 
0.730455 0.00599032 0.143614 0.0143085 0.00345756 0.00177356 0.100402 
0.717571 0.00783939 0.148847 0.00651619 0.00420121 0.00198352 0.113042 
0.775995 0.00761897 0.117469 0.0132182 0.00371854 0.00163967 0.080341 
0.7708 0.00658786 0.118661 0.0103397 0.00406406 0.00120379 0.0883434 
0.795965 0.00626444 0.11706 0.0110153 0.00402898 0.00136866 0.064298 
0.669028 0.00521796 0.157215 0.0324745 0.00174256 0.00298119 0.131341 
0.760295 0.00698569 0.123451 0.0120146 0.00291036 0.0018411 0.0925025 
0.756126 0.00683229 0.135166 0.00569252 0.00371433 0.00160844 0.0908599 
0.806423 0.0070129 0.104174 0.0175472 0.00527983 0.00146623 0.0580969 
0.792381 0.00707855 0.103156 0.0211869 0.00580483 0.00187575 0.0685169 
0.753939 0.00527678 0.125104 0.0278641 0.00450482 0.00210339 0.0812082 
0.743798 0.00501681 0.13534 0.016507 0.00308986 0.00210581 0.0941424 
0.73958 0.00520509 0.152383 0.0158637 0.00351287 0.00201596 0.0814394 
0.769847 0.008105 0.129866 0.0195643 0.00566744 0.0022003 0.0647501 
0.719665 0.0056472 0.164045 0.0123539 0.00294642 0.00203608 0.0933056 
0.727663 0.00668272 0.144909 0.013956 0.00528786 0.00243326 0.0990682 
0.75219 0.00683606 0.134034 0.0139934 0.00437565 0.00207899 0.086492 
0.734257 0.00663457 0.151374 0.0166426 0.00414614 0.00247857 0.0844669 
0.753582 0.00667376 0.147012 0.016445 0.00415979 0.00231933 0.0698089 
0.719993 0.00628994 0.169407 0.00966072 0.00349343 0.00336134 0.0877946 
0.692011 0.00605495 0.169656 0.0146603 0.00526819 0.00264827 0.109701 
0.741928 0.00542418 0.141921 0.00730687 0.00281804 0.0027222 0.0978795 
0.778233 0.00903581 0.128876 0.00412595 0.00792581 0.00206686 0.0697364 
0.744324 0.0184928 0.09389 0.0719118 0.0191342 0.00613126 0.046116 
0.764444 0.0149006 0.0982092 0.0518903 0.0207461 0.0049772 0.0448323 
0.791166 0.0126247 0.094639 0.0468989 0.011645 0.00315637 0.0398702 
0.784848 0.0146136 0.0953609 0.0465246 0.0166152 0.00399122 0.0380463 
0.778652 0.0152392 0.094912 0.049432 0.0155924 0.00465845 0.0415135 
0.779471 0.0165468 0.0922539 0.0539043 0.0133027 0.00403799 0.0404832 
0.781237 0.0139221 0.0998254 0.0478535 0.0123276 0.00385838 0.0409759 
0.787537 0.018013 0.0889317 0.0415348 0.0226634 0.00463121 0.0366892 
0.771603 0.0235975 0.0882007 0.0390062 0.0345719 0.00543423 0.037586 
0.739904 0.0257154 0.0971214 0.0387974 0.0505974 0.0058364 0.0420283 
0.739931 0.0242949 0.0979957 0.0393042 0.0529893 0.00468336 0.040802 
0.753007 0.0217483 0.101156 0.0388276 0.0408714 0.00468223 0.0397079 
0.756085 0.0171677 0.127681 0.0239664 0.0224357 0.00394483 0.0487194 
0.725746 0.0196296 0.140494 0.0270788 0.0326491 0.00559657 0.0488054 
0.749361 0.0215224 0.122774 0.0254563 0.0339725 0.0057924 0.0411213 
0.76382 0.0197651 0.110825 0.0299913 0.0279722 0.00424365 0.0433823 
0.78048 0.0191337 0.106197 0.0168502 0.0192929 0.00499934 0.0530469 
0.81696 0.0250167 0.0744815 0.0197953 0.02285 0.00364546 0.0372511 
0.806762 0.0206599 0.0869865 0.0155472 0.0144902 0.0035166 0.0520372 
0.798142 0.0149622 0.0923207 0.0332112 0.0149515 0.00400402 0.042408 
0.801201 0.0141425 0.0919961 0.0333487 0.011822 0.00377497 0.0437143 
0.775483 0.0178378 0.0911335 0.0404667 0.0248957 0.00562667 0.0445571 
0.79305 0.0160527 0.0904173 0.034175 0.0204331 0.00436423 0.0415081 
0.762029 0.0177866 0.102675 0.0417552 0.0262014 0.00523103 0.044322 
0.793751 0.021196 0.073077 0.035894 0.0321508 0.00305255 0.0408786 
0.798262 0.0172481 0.0880379 0.0309771 0.0170372 0.00388664 0.0445513 
0.788029 0.026439 0.0931151 0.0128256 0.0251452 0.00246249 0.0519838 
0.778354 0.012447 0.105804 0.0420183 0.00918491 0.002142 0.0500507 
0.824946 0.013266 0.0922037 0.0261518 0.00685187 0.00185769 0.0347231 
0.830046 0.0171715 0.0768476 0.0194004 0.01705 0.00370483 0.0357792 
0.826445 0.0177175 0.0778199 0.0303698 0.0150479 0.00307335 0.0295267 
0.820072 0.0126611 0.0901918 0.0269852 0.00754619 0.00309067 0.0394532 
0.834932 0.0139401 0.0816759 0.0223316 0.00689081 0.00397735 0.0362525 
0.816355 0.015856 0.0809796 0.0341304 0.013154 0.0032884 0.036237 
0.77492 0.0197695 0.0908185 0.0399467 0.0233985 0.00512089 0.0460261 
0.809031 0.0170606 0.0874111 0.0279961 0.0168619 0.00380525 0.037834 
0.811432 0.0196291 0.0776963 0.0347772 0.0161426 0.0038639 0.0364588 
0.796775 0.0156121 0.092415 0.0299271 0.0136864 0.00422974 0.0473552 
0.810636 0.015929 0.0850969 0.0234585 0.014062 0.00429459 0.0465228 
0.788722 0.0141432 0.105024 0.0342544 0.0126771 0.00355478 0.0416253 
0.797848 0.0211367 0.0971518 0.0146902 0.0238529 0.00499255 0.0403279 
0.804624 0.0191796 0.0646212 0.043977 0.0209781 0.00593761 0.0406827 
0.795861 0.0167295 0.0855307 0.0463519 0.0213066 0.00356595 0.0306548 
0.813624 0.0140347 0.0921959 0.0306454 0.0105028 0.00277554 0.0362221 
0.793112 0.0145166 0.103804 0.0314581 0.00970514 0.00369773 0.0437063 
0.780766 0.016889 0.0946886 0.0434648 0.0200652 0.00359209 0.0405346 
0.800356 0.0136065 0.102381 0.0255845 0.0101932 0.00281871 0.0450599 
0.799197 0.0366595 0.0597292 0.0399001 0.0350543 0.00365739 0.0258023 
0.791325 0.0362562 0.0397946 0.0813245 0.0323327 0.00272363 0.0162435 
0.785138 0.0357219 0.0486264 0.0615473 0.0454356 0.00309753 0.0204332 
0.77169 0.047582 0.0401789 0.0612414 0.0578005 0.00347799 0.0180292 
0.771957 0.0605157 0.0424954 0.05279 0.0481572 0.00419453 0.0198906 
0.787152 0.0501042 0.0486914 0.0499167 0.038525 0.00303466 0.0225759 
0.798054 0.0561455 0.0410097 0.0352078 0.0438119 0.00330108 0.0224703 
0.773244 0.0643866 0.0378153 0.0325874 0.0636843 0.00335099 0.0249309 
0.772545 0.0710642 0.0410752 0.0353984 0.0536292 0.00293259 0.0233558 
0.770787 0.0600079 0.0354408 0.0358163 0.0716413 0.00296164 0.0233446 
0.769732 0.0577114 0.0407007 0.0369397 0.0656983 0.0029345 0.0262834 
0.792966 0.0438434 0.0611443 0.0326765 0.0378986 0.00221981 0.0292515 
0.7787 0.0581433 0.0524649 0.0293371 0.0480863 0.00280067 0.0304678 
0.803033 0.0250996 0.0748254 0.0522802 0.0161873 0.00160601 0.0269687 
0.820016 0.0245524 0.0489882 0.0666512 0.0220426 0.00131028 0.0164395 
0.8308 0.0294338 0.0461107 0.0453151 0.0273017 0.00199172 0.0190471 
0.811114 0.0370561 0.0534334 0.0374324 0.0347781 0.00314192 0.0230441 
0.822745 0.0337184 0.0596164 0.0367034 0.0206221 0.00201008 0.0245852 
0.825798 0.0304674 0.0656601 0.0360268 0.0163638 0.00218386 0.0234996 
0.831327 0.0271084 0.072487 0.0327948 0.0136031 0.0018475 0.0208326 
0.812004 0.0271453 0.0734387 0.0405974 0.0190042 0.00238818 0.025422 
0.832 0.0252164 0.0713777 0.0303796 0.0160805 0.00178517 0.0231603 
0.832361 0.0240712 0.0624952 0.0445544 0.0185409 0.00146444 0.0165126 
0.830887 0.0407892 0.0621248 0.0241848 0.0168582 0.00250707 0.0226494 
0.786532 0.0616542 0.0420715 0.0368391 0.050041 0.00274149 0.020121 
0.804073 0.0542501 0.0526506 0.0302375 0.035834 0.00272245 0.0202321 
0.781784 0.0720102 0.044978 0.0413256 0.041097 0.0023968 0.0164087 
0.798806 0.0587483 0.0533754 0.0333393 0.0323819 0.00247504 0.0208742 
0.818105 0.037729 0.0632354 0.030862 0.0261126 0.00206181 0.0218947 
0.829178 0.0314298 0.078988 0.0202047 0.0152254 0.00122469 0.0237496 
0.846975 0.0212836 0.0846916 0.0151483 0.0100918 0.00108882 0.0207212 
0.708465 0.0225196 0.163273 0.020384 0.0331355 0.00208269 0.0501397 
0.720177 0.0221122 0.124431 0.0285346 0.0563072 0.00273376 0.045704 
0.701677 0.0262278 0.105514 0.0320152 0.0820881 0.00303869 0.0494399 
0.707492 0.0315138 0.0840007 0.0223035 0.100032 0.00338594 0.0512715 
0.715088 0.0287132 0.0899067 0.040572 0.078 0.00290902 0.0448112 
0.740807 0.0218813 0.0854497 0.0342938 0.0674567 0.00237452 0.047737 
0.758236 0.026542 0.0775339 0.0347173 0.0588862 0.00403356 0.0400506 
0.757623 0.0255529 0.07616 0.0334018 0.0617638 0.00327824 0.0422205 
0.774681 0.0217198 0.0812875 0.0271825 0.045999 0.00272937 0.0464007 
0.750256 0.0215919 0.10029 0.0353009 0.0436414 0.00310575 0.0458137 
0.771626 0.0184849 0.0799512 0.0468164 0.0398603 0.00305569 0.0402055 
0.772193 0.0293226 0.0837394 0.0284217 0.044926 0.00370196 0.0376956 
0.766421 0.0245587 0.0726095 0.0425409 0.0540105 0.00284775 0.0370116 
0.724466 0.0231407 0.0764116 0.0549942 0.0760141 0.00381011 0.0411632 
0.771726 0.0242963 0.0822334 0.0294202 0.0491313 0.00295526 0.040237 
0.799013 0.0256792 0.0722095 0.0206928 0.0404092 0.00291779 0.0390781 
0.774554 0.0210613 0.0828478 0.0256506 0.050436 0.0035435 0.0419068 
0.742155 0.0270293 0.0648851 0.0289693 0.0875788 0.00335787 0.046025 
0.763508 0.0236151 0.0689082 0.037815 0.0620158 0.00370768 0.0404302 
0.710199 0.028715 0.0679473 0.0381322 0.107185 0.00359423 0.0442272 
0.71722 0.0272478 0.0809431 0.0355792 0.0859928 0.00362826 0.049389 
0.714917 0.0266588 0.0759832 0.0448102 0.0886009 0.00340767 0.0456226 
0.736554 0.0236201 0.0895647 0.0528895 0.0544556 0.00302226 0.0398942 
0.758243 0.0309419 0.0613543 0.0505506 0.0706077 0.00348701 0.0248156 
0.794573 0.017822 0.106589 0.0289535 0.0168339 0.00224413 0.0329843 
0.754666 0.0149787 0.134778 0.0281262 0.0154623 0.00257206 0.049417 
0.762191 0.0146628 0.0951011 0.0665916 0.0182442 0.00247862 0.0407307 
0.80602 0.0206513 0.0798204 0.0502224 0.0183706 0.0021051 0.0228096 
0.741275 0.0235961 0.0778842 0.0583479 0.0659278 0.00300015 0.0299689 
0.756712 0.0236163 0.0888412 0.0504622 0.0470653 0.00281566 0.0304871 
0.768676 0.0263071 0.113982 0.0183176 0.0209988 0.00312219 0.0485962 
0.708465 0.0225196 0.163273 0.020384 0.0331355 0.00208269 0.0501397 
0.720177 0.0221122 0.124431 0.0285346 0.0563072 0.00273376 0.045704 
0.701677 0.0262278 0.105514 0.0320152 0.0820881 0.00303869 0.0494399 
0.707492 0.0315138 0.0840007 0.0223035 0.100032 0.00338594 0.0512715 
0.715088 0.0287132 0.0899067 0.040572 0.078 0.00290902 0.0448112 
0.740807 0.0218813 0.0854497 0.0342938 0.0674567 0.00237452 0.047737 
0.758236 0.026542 0.0775339 0.0347173 0.0588862 0.00403356 0.0400506 
0.757623 0.0255529 0.07616 0.0334018 0.0617638 0.00327824 0.0422205 
0.774681 0.0217198 0.0812875 0.0271825 0.045999 0.00272937 0.0464007 
0.750256 0.0215919 0.10029 0.0353009 0.0436414 0.00310575 0.0458137 
0.771626 0.0184849 0.0799512 0.0468164 0.0398603 0.00305569 0.0402055 
0.772193 0.0293226 0.0837394 0.0284217 0.044926 0.00370196 0.0376956 
0.766421 0.0245587 0.0726095 0.0425409 0.0540105 0.00284775 0.0370116 
0.724466 0.0231407 0.0764116 0.0549942 0.0760141 0.00381011 0.0411632 
0.771726 0.0242963 0.0822334 0.0294202 0.0491313 0.00295526 0.040237 
0.799013 0.0256792 0.0722095 0.0206928 0.0404092 0.00291779 0.0390781 
0.774554 0.0210613 0.0828478 0.0256506 0.050436 0.0035435 0.0419068 
0.742155 0.0270293 0.0648851 0.0289693 0.0875788 0.00335787 0.046025 
0.763508 0.0236151 0.0689082 0.037815 0.0620158 0.00370768 0.0404302 
0.710199 0.028715 0.0679473 0.0381322 0.107185 0.00359423 0.0442272 
0.71722 0.0272478 0.0809431 0.0355792 0.0859928 0.00362826 0.049389 
0.714917 0.0266588 0.0759832 0.0448102 0.0886009 0.00340767 0.0456226 
0.736554 0.0236201 0.0895647 0.0528895 0.0544556 0.00302226 0.0398942 
0.758243 0.0309419 0.0613543 0.0505506 0.0706077 0.00348701 0.0248156 
0.794573 0.017822 0.106589 0.0289535 0.0168339 0.00224413 0.0329843 
0.754666 0.0149787 0.134778 0.0281262 0.0154623 0.00257206 0.049417 
0.762191 0.0146628 0.0951011 0.0665916 0.0182442 0.00247862 0.0407307 
0.80602 0.0206513 0.0798204 0.0502224 0.0183706 0.0021051 0.0228096 
0.741275 0.0235961 0.0778842 0.0583479 0.0659278 0.00300015 0.0299689 
0.756712 0.0236163 0.0888412 0.0504622 0.0470653 0.00281566 0.0304871 
0.768676 0.0263071 0.113982 0.0183176 0.0209988 0.00312219 0.0485962 
0.738573 0.0348256 0.102839 0.0532124 0.0400756 0.00266992 0.0278048 
0.746307 0.042406 0.0688536 0.0527584 0.0607249 0.0029684 0.0259815 
0.744034 0.0387127 0.0659279 0.0874288 0.0397553 0.00237446 0.0217667 
0.778282 0.05868 0.0558589 0.0575946 0.0239637 0.00289364 0.0227274 
0.776297 0.0331063 0.0702318 0.0696218 0.0214506 0.00230618 0.0269861 
0.807711 0.024773 0.0945152 0.0292698 0.0132513 0.00202905 0.0284512 
0.803328 0.0248755 0.082524 0.0473624 0.013428 0.00258384 0.0258987 
0.803998 0.0214266 0.0918804 0.0436994 0.0106021 0.00201799 0.0263752 
0.8314 0.0339529 0.0591003 0.0389971 0.0132901 0.00253805 0.0207216 
0.831133 0.0244592 0.0650594 0.0428073 0.0104595 0.00278095 0.0233011 
0.83488 0.0246263 0.0609826 0.0378246 0.0136079 0.00265975 0.0254191 
0.829931 0.0230641 0.0585278 0.0495629 0.0162681 0.00201358 0.0206328 
0.806889 0.0276864 0.0517388 0.0686494 0.0183755 0.00263248 0.0240285 
0.775427 0.0208795 0.0567708 0.106701 0.0150339 0.00192331 0.0232643 
0.756525 0.0240347 0.0728834 0.104614 0.0153486 0.00199698 0.0245977 
0.804231 0.0156935 0.102979 0.034871 0.00585419 0.00240094 0.033971 
0.798789 0.0131474 0.0996075 0.0597701 0.004757 0.00245721 0.0214721 
0.821036 0.0137084 0.0748804 0.0640013 0.00754186 0.00158485 0.0172466 
0.798115 0.0215551 0.0522067 0.0840288 0.0241455 0.00239768 0.0175515 
0.804448 0.02139 0.0778018 0.0589466 0.0115691 0.00208119 0.0237633 
0.779072 0.0204603 0.0547729 0.112108 0.0169457 0.00215799 0.0144824 
0.796283 0.0193462 0.0523419 0.103706 0.0121461 0.00168892 0.0144873 
0.788929 0.0196497 0.0541696 0.104837 0.0135822 0.00217438 0.0166577 
0.783882 0.0184429 0.0668943 0.0998816 0.00901944 0.00165029 0.0202298 
0.756887 0.0139121 0.0855559 0.106966 0.00791686 0.00169936 0.0270627 
0.784123 0.0243779 0.0749007 0.0657497 0.0209138 0.00261095 0.0273238 
0.813694 0.0189487 0.080212 0.0549633 0.00745694 0.00153915 0.0231862 
0.788178 0.0210339 0.0734476 0.0862407 0.0102502 0.00172409 0.0191258 
0.799129 0.0172404 0.0801036 0.0765717 0.00950799 0.00119307 0.0162544 
0.796339 0.0221587 0.0710544 0.074452 0.014724 0.00159645 0.0196751 
0.762349 0.0337222 0.0518081 0.0906875 0.0374357 0.00321424 0.0207832 
0.708465 0.0225196 0.163273 0.020384 0.0331355 0.00208269 0.0501397 
0.720177 0.0221122 0.124431 0.0285346 0.0563072 0.00273376 0.045704 
0.701677 0.0262278 0.105514 0.0320152 0.0820881 0.00303869 0.0494399 
0.707492 0.0315138 0.0840007 0.0223035 0.100032 0.00338594 0.0512715 
0.715088 0.0287132 0.0899067 0.040572 0.078 0.00290902 0.0448112 
0.740807 0.0218813 0.0854497 0.0342938 0.0674567 0.00237452 0.047737 
0.758236 0.026542 0.0775339 0.0347173 0.0588862 0.00403356 0.0400506 
0.757623 0.0255529 0.07616 0.0334018 0.0617638 0.00327824 0.0422205 
0.774681 0.0217198 0.0812875 0.0271825 0.045999 0.00272937 0.0464007 
0.750256 0.0215919 0.10029 0.0353009 0.0436414 0.00310575 0.0458137 
0.771626 0.0184849 0.0799512 0.0468164 0.0398603 0.00305569 0.0402055 
0.772193 0.0293226 0.0837394 0.0284217 0.044926 0.00370196 0.0376956 
0.766421 0.0245587 0.0726095 0.0425409 0.0540105 0.00284775 0.0370116 
0.724466 0.0231407 0.0764116 0.0549942 0.0760141 0.00381011 0.0411632 
0.771726 0.0242963 0.0822334 0.0294202 0.0491313 0.00295526 0.040237 
0.799013 0.0256792 0.0722095 0.0206928 0.0404092 0.00291779 0.0390781 
0.774554 0.0210613 0.0828478 0.0256506 0.050436 0.0035435 0.0419068 
0.742155 0.0270293 0.0648851 0.0289693 0.0875788 0.00335787 0.046025 
0.763508 0.0236151 0.0689082 0.037815 0.0620158 0.00370768 0.0404302 
0.710199 0.028715 0.0679473 0.0381322 0.107185 0.00359423 0.0442272 
0.71722 0.0272478 0.0809431 0.0355792 0.0859928 0.00362826 0.049389 
0.714917 0.0266588 0.0759832 0.0448102 0.0886009 0.00340767 0.0456226 
0.736554 0.0236201 0.0895647 0.0528895 0.0544556 0.00302226 0.0398942 
0.758243 0.0309419 0.0613543 0.0505506 0.0706077 0.00348701 0.0248156 
0.794573 0.017822 0.106589 0.0289535 0.0168339 0.00224413 0.0329843 
0.754666 0.0149787 0.134778 0.0281262 0.0154623 0.00257206 0.049417 
0.762191 0.0146628 0.0951011 0.0665916 0.0182442 0.00247862 0.0407307 
0.80602 0.0206513 0.0798204 0.0502224 0.0183706 0.0021051 0.0228096 
0.741275 0.0235961 0.0778842 0.0583479 0.0659278 0.00300015 0.0299689 
0.756712 0.0236163 0.0888412 0.0504622 0.0470653 0.00281566 0.0304871 
0.768676 0.0263071 0.113982 0.0183176 0.0209988 0.00312219 0.0485962 
0.687491 0.0202099 0.0718586 0.162379 0.0197045 0.00504523 0.0333121 
0.674046 0.0227052 0.0743942 0.171931 0.019021 0.00560189 0.0323004 
0.697262 0.0268084 0.0649187 0.153275 0.024997 0.00512113 0.0276183 
0.787461 0.0249159 0.0751745 0.075442 0.014514 0.0025838 0.0199086 
0.689832 0.0243806 0.0800289 0.158964 0.0136911 0.00458317 0.0285197 
0.649822 0.0345842 0.0899465 0.136228 0.0406687 0.00828198 0.0404691 
0.748837 0.0388715 0.0614955 0.0978486 0.0232051 0.00511377 0.0246287 
0.612768 0.0304129 0.0549021 0.221414 0.048194 0.00573309 0.0265766 
0.727425 0.0368662 0.0512929 0.104177 0.0493618 0.00523879 0.0256386 
0.715491 0.0377336 0.0633218 0.100497 0.0482122 0.00747466 0.0272701 
0.673557 0.0269985 0.0562141 0.18084 0.037546 0.00293828 0.0219065 
0.70245 0.0267373 0.0611381 0.156221 0.0240597 0.00365672 0.0257375 
0.730904 0.0354199 0.0524521 0.115264 0.0381603 0.00358112 0.0242185 
0.734467 0.0383143 0.0503216 0.0841437 0.0621925 0.00471335 0.0258479 
0.711397 0.0225225 0.087461 0.126558 0.0151858 0.00429604 0.0325803 
0.616689 0.0337883 0.0793362 0.159163 0.0709015 0.00839773 0.0317243 
0.666472 0.0345595 0.0758613 0.116149 0.0604906 0.00638956 0.0400787 
0.680402 0.0360529 0.0491029 0.170906 0.0361045 0.00395726 0.0234743 
0.766423 0.0257203 0.0595875 0.0947918 0.022574 0.00495773 0.0259455 
0.805091 0.0278466 0.0535149 0.0533839 0.0373716 0.00356865 0.0192238 
0.769578 0.0439333 0.0528846 0.0640656 0.0447502 0.0034933 0.0212948 
0.689472 0.0293159 0.054775 0.166903 0.028722 0.00486294 0.0259497 
0.73952 0.0288415 0.0725012 0.0887142 0.0311419 0.0068145 0.0324671 
0.752384 0.0237327 0.0755557 0.0881317 0.0190072 0.00455721 0.0366312 
0.728977 0.0309274 0.0556398 0.143842 0.0166997 0.00331567 0.0205982 
0.774002 0.0359863 0.0504775 0.101984 0.0135253 0.0033689 0.0206557 
0.757956 0.0336616 0.0587737 0.10175 0.0166013 0.00490374 0.0263544 
0.75021 0.0307121 0.0462322 0.117776 0.0300345 0.00378428 0.0212511 
0.772561 0.0352614 0.0442197 0.0878106 0.0342435 0.00456328 0.0213408 
0.359579 0.00701881 0.0255628 0.492461 0.0892438 0.00558536 0.020549 
0.31043 0.00595962 0.0322548 0.60331 0.0230804 0.00539165 0.0195733 
0.526945 0.00840928 0.0426028 0.354585 0.0346174 0.0057808 0.0270599 
0.684593 0.015843 0.046052 0.205373 0.0143904 0.00499369 0.0287548 
0.705217 0.0146524 0.0649519 0.151413 0.0131862 0.00459593 0.0459839 
0.637067 0.00850892 0.13117 0.0878562 0.00465663 0.00639138 0.124349 
0.732403 0.0114755 0.0864915 0.0710675 0.0064377 0.00942091 0.0827034 
0.711774 0.010677 0.101768 0.0839915 0.00425796 0.00805088 0.0794803 
0.741936 0.0125805 0.0996367 0.0659468 0.00617919 0.00849897 0.0652218 
0.752518 0.0148186 0.0635269 0.0456532 0.00973671 0.0117673 0.101979 
0.736156 0.0124356 0.0782868 0.0525993 0.00607105 0.009924 0.104528 
0.735365 0.0138122 0.0753698 0.0716739 0.00786667 0.00816872 0.0877438 
0.710314 0.0131197 0.0748771 0.12085 0.00642549 0.00735839 0.0670552 
0.726293 0.0127506 0.0758981 0.0992804 0.00643334 0.00896827 0.0703758 
0.766163 0.0142018 0.0745611 0.0504223 0.00805024 0.0123543 0.0742477 
0.722774 0.0117571 0.0827573 0.0561148 0.0083738 0.0104382 0.107785 
0.693959 0.00987012 0.0766808 0.128858 0.007624 0.00677763 0.0762309 
0.679692 0.00727129 0.13404 0.0698233 0.0055788 0.00669416 0.0969007 
0.719747 0.00916386 0.106357 0.0588091 0.00745669 0.00615134 0.0923156 
0.689201 0.00875869 0.109172 0.0922727 0.00935407 0.00564747 0.0855946 
0.700238 0.00795157 0.101416 0.0681272 0.00978716 0.00847198 0.104008 
0.709012 0.00844494 0.082767 0.130167 0.0139715 0.0041837 0.0514541 
0.723372 0.00688959 0.100494 0.0868199 0.00785989 0.00384306 0.0707208 
0.715863 0.00689363 0.107485 0.0814427 0.00875584 0.00419902 0.0753609 
