0.771817 0.0422909 0.0364082 0.0230274 0.0191068 0.0728114 0.034538 
0.374283 0.378719 0.0145353 0.00477118 0.0610601 0.143865 0.0227674 
0.667713 0.0918755 0.0394947 0.0168615 0.062778 0.0913029 0.0299748 
0.813893 0.0584076 0.0370111 0.014574 0.00782705 0.0429178 0.025369 
0.78908 0.0568213 0.0400004 0.0432992 0.00772576 0.0413381 0.0217351 
0.794574 0.0501418 0.0345503 0.0577383 0.00553544 0.037851 0.0196094 
0.790348 0.0786285 0.0362489 0.0416201 0.00694909 0.0279948 0.0182102 
0.734532 0.0869886 0.0303205 0.0753104 0.0183203 0.0371432 0.0173855 
0.734725 0.058086 0.0297813 0.0586027 0.0495776 0.0473074 0.0219195 
0.272826 0.0847676 0.0184584 0.107842 0.44483 0.0568332 0.014443 
0.520419 0.174964 0.0184883 0.0307409 0.168183 0.0700853 0.0171189 
0.659642 0.080286 0.017236 0.0836691 0.103475 0.039865 0.0158276 
0.713466 0.0804985 0.0454932 0.0380366 0.02511 0.0721202 0.0252754 
0.748084 0.0658379 0.030983 0.0336099 0.059185 0.0410248 0.0212758 
0.591287 0.034708 0.0320135 0.28648 0.0207304 0.0237841 0.0109966 
0.833492 0.0288025 0.0409964 0.0607379 0.00845397 0.0171539 0.0103629 
0.730229 0.0456531 0.0357918 0.136251 0.0140257 0.0266601 0.011389 
0.611135 0.0612266 0.0280652 0.215739 0.0463222 0.0269438 0.0105674 
0.697289 0.0468494 0.0334667 0.160555 0.0287822 0.0223428 0.0107148 
0.724963 0.0307311 0.0311266 0.139511 0.0464621 0.0146737 0.0125324 
0.711357 0.048652 0.0304882 0.123179 0.0591819 0.0129879 0.0141545 
0.735885 0.0312907 0.0215753 0.138212 0.0481938 0.0128655 0.0119776 
0.81545 0.04868 0.0191815 0.0676548 0.0266801 0.00704186 0.0153112 
0.766347 0.0463364 0.0203203 0.124666 0.0207086 0.00902534 0.0125969 
0.649589 0.0681549 0.0174148 0.221232 0.020782 0.0131318 0.00969573 
0.733008 0.068026 0.0211422 0.122188 0.0207979 0.0224946 0.0123436 
0.682894 0.0828303 0.0239366 0.133103 0.0291022 0.0349501 0.0131839 
0.758895 0.0834975 0.0203529 0.0734584 0.0254079 0.0241013 0.0142869 
0.725669 0.121821 0.0199207 0.0460621 0.0367506 0.0307258 0.0190507 
0.743517 0.0995546 0.0195613 0.0543841 0.047299 0.0175095 0.0181747 
0.692168 0.0803172 0.019842 0.146913 0.0368797 0.0132669 0.0106125 
0.786396 0.0608352 0.0214868 0.0968808 0.0140446 0.00933758 0.0110194 
0.725745 0.0643185 0.0243022 0.144483 0.0193386 0.00973205 0.0120808 
0.636542 0.0900308 0.0229208 0.20126 0.0236314 0.0134059 0.0122096 
0.766193 0.0443492 0.0232375 0.130024 0.0170918 0.00863625 0.0104682 
0.742951 0.03527 0.025301 0.165907 0.0112197 0.00908891 0.0102625 
0.798745 0.0351778 0.0257683 0.110712 0.0142193 0.00461241 0.0107654 
0.844293 0.0301607 0.0186836 0.071679 0.0210896 0.00504389 0.00904961 
0.819272 0.028963 0.016895 0.0908742 0.0282324 0.0047437 0.0110201 
0.850789 0.021687 0.0196492 0.0703422 0.0228992 0.00270684 0.0119261 
0.886966 0.0250769 0.0277283 0.0384081 0.00528325 0.00310108 0.0134368 
0.851169 0.0176205 0.0264642 0.0800894 0.0118951 0.00334696 0.00941467 
0.82611 0.0312788 0.0214683 0.0718018 0.030908 0.00353342 0.0148998 
0.816624 0.0257152 0.0188261 0.0726873 0.0495556 0.00430868 0.0122835 
0.840562 0.0272957 0.0202537 0.0609614 0.0322278 0.00405827 0.0146408 
0.810626 0.0409256 0.0186461 0.0720751 0.0390015 0.00490899 0.0138164 
0.842096 0.0385754 0.0214605 0.0543282 0.0242804 0.00508737 0.0141723 
0.849811 0.039959 0.0227457 0.056188 0.0131861 0.00535662 0.0127537 
0.855485 0.0366752 0.0294093 0.0519194 0.00835575 0.00424099 0.0139141 
0.815569 0.0451514 0.0239201 0.0874429 0.0134521 0.00316779 0.0112971 
0.869597 0.014163 0.0590534 0.0205487 0.00329317 0.00662405 0.0267203 
0.868803 0.0157559 0.0580353 0.025713 0.002763 0.00558885 0.0233414 
0.858653 0.0165976 0.0563917 0.0402884 0.00333203 0.00724264 0.017495 
0.865895 0.0148565 0.0408851 0.0375425 0.0155825 0.00677579 0.0184627 
0.858836 0.0227512 0.0455949 0.0230469 0.0200623 0.00784073 0.0218683 
0.8581 0.0144048 0.0545337 0.0371458 0.00820279 0.00716584 0.0204466 
0.85363 0.0154478 0.0431753 0.0467945 0.00861684 0.0100415 0.0222944 
0.862922 0.018042 0.0446543 0.0508994 0.00532929 0.00479763 0.0133552 
0.858102 0.0187305 0.0409597 0.0511349 0.00271689 0.00719488 0.0211614 
0.818519 0.058468 0.0260019 0.0166259 0.0318002 0.0182906 0.0302942 
0.725192 0.102236 0.0177851 0.0234688 0.0696931 0.0313339 0.0302908 
0.834614 0.0185531 0.0435702 0.062718 0.00196184 0.00432897 0.034254 
0.854408 0.0227847 0.0308085 0.0684491 0.00566255 0.00350129 0.0143858 
0.791353 0.015491 0.0282565 0.138659 0.00789406 0.0030639 0.0152828 
0.809756 0.0130048 0.0257523 0.122152 0.0132138 0.0020889 0.0140324 
0.834584 0.0184361 0.0212266 0.0945284 0.0170196 0.0024769 0.0117281 
0.847767 0.0118772 0.0251765 0.0786386 0.0127003 0.00449015 0.0193502 
0.776907 0.0135514 0.023685 0.153996 0.0109204 0.00308527 0.017855 
0.81372 0.0194741 0.0213937 0.118777 0.0144254 0.00191832 0.0102923 
0.805583 0.0195056 0.019912 0.116111 0.0194055 0.0017516 0.0177319 
0.80622 0.0177958 0.018513 0.12561 0.0194924 0.00192071 0.0104486 
0.809113 0.014682 0.0209277 0.108907 0.0267554 0.00288868 0.0167256 
0.811776 0.026339 0.0156556 0.103404 0.0263533 0.00354247 0.0129291 
0.807404 0.0203425 0.0180797 0.119961 0.0224479 0.00269798 0.00906669 
0.834146 0.0227205 0.0179998 0.0951211 0.0158704 0.00203678 0.0121056 
0.853402 0.0290497 0.0219835 0.0702232 0.0120212 0.00145705 0.0118635 
0.859194 0.0237356 0.0211277 0.0692866 0.0107873 0.00249901 0.0133701 
0.84372 0.0185148 0.0263036 0.0837278 0.00987885 0.00143147 0.0164238 
0.89607 0.0206738 0.0217224 0.0303133 0.0084914 0.00254202 0.0201867 
0.830276 0.0238743 0.0148124 0.0856212 0.0312137 0.00273004 0.0114724 
0.812818 0.0158277 0.0176417 0.126565 0.0146577 0.00201874 0.0104707 
0.828987 0.00782966 0.107944 0.00571004 0.00425192 0.0023409 0.0429362 
0.842093 0.0078567 0.0955041 0.00514119 0.00560639 0.0033993 0.040399 
0.835294 0.00768715 0.0942093 0.00560276 0.00365584 0.00335527 0.0501954 
0.826514 0.00750455 0.098142 0.00366597 0.00191115 0.00411961 0.0581426 
0.775872 0.00695851 0.107214 0.00245449 0.00189392 0.00595658 0.0996501 
0.766631 0.00526378 0.114001 0.0018268 0.00137261 0.00520597 0.1057 
0.756134 0.00898027 0.104144 0.00206643 0.00271969 0.00450402 0.121451 
0.785299 0.00837194 0.113165 0.00243525 0.00361823 0.00553472 0.0815767 
0.767295 0.00805996 0.116739 0.00212286 0.00341516 0.00510011 0.0972677 
0.755119 0.0110237 0.113606 0.00294574 0.00512476 0.00888375 0.103297 
0.790092 0.00932817 0.0970781 0.00220524 0.00361538 0.00442943 0.0932518 
0.806466 0.00964906 0.0887538 0.00308395 0.00634131 0.00422111 0.0814845 
0.836492 0.00889206 0.0926165 0.00595292 0.00397281 0.00321213 0.0488613 
0.821879 0.00697424 0.0943307 0.00385907 0.00257669 0.00387815 0.0665021 
0.823158 0.00668088 0.0956583 0.00307919 0.00173642 0.0035405 0.0661466 
0.785522 0.00633712 0.106826 0.00400913 0.00216761 0.00353784 0.0916003 
0.845499 0.00807352 0.0910069 0.00434536 0.00228402 0.00348674 0.045304 
0.798569 0.00708115 0.105275 0.00261095 0.00172027 0.00555377 0.0791906 
0.841467 0.00801823 0.0925 0.00342067 0.00251143 0.00477113 0.0473119 
0.852181 0.00671471 0.0985058 0.00346462 0.00202692 0.00269986 0.0344075 
0.84808 0.00884403 0.0865727 0.00448212 0.0029552 0.00337454 0.0456914 
0.808629 0.00635223 0.106263 0.00255819 0.00133041 0.00443341 0.0704338 
0.812453 0.00766541 0.111738 0.00162961 0.00152187 0.00347547 0.0615162 
0.83167 0.00807172 0.096091 0.00339243 0.00191386 0.00348081 0.0553807 
0.835249 0.00886221 0.0954281 0.00410324 0.0030064 0.00291233 0.0504389 
0.793974 0.00736318 0.121841 0.00277226 0.00183993 0.00281549 0.0693943 
0.811898 0.00817582 0.114144 0.00263809 0.00150405 0.00307471 0.0585655 
0.781667 0.00711072 0.110337 0.00202146 0.00172511 0.00196135 0.095178 
0.747045 0.0114856 0.101833 0.00163199 0.00461515 0.0168488 0.11654 
0.718944 0.0542718 0.0915349 0.00184131 0.035012 0.0254203 0.0729751 
0.796907 0.0212733 0.0802619 0.00297295 0.0119054 0.0107561 0.0759235 
0.645239 0.00495122 0.141211 0.00539166 0.00312659 0.00248199 0.197598 
0.773594 0.00607589 0.120112 0.00308514 0.00192214 0.00219416 0.0930175 
0.720603 0.00507601 0.142345 0.00304331 0.00153122 0.00253659 0.124864 
0.752825 0.00462828 0.150554 0.0059703 0.00221472 0.00115713 0.0826504 
0.786489 0.00489609 0.125674 0.0132836 0.00285701 0.0014387 0.0653617 
0.779095 0.00483103 0.141211 0.0126211 0.00194697 0.00115758 0.0591373 
0.7656 0.00517016 0.132043 0.0170714 0.00166357 0.00178577 0.0766657 
0.766478 0.00480924 0.137362 0.0123078 0.00189928 0.00135077 0.075793 
0.68298 0.00443175 0.155974 0.0115961 0.00125841 0.0017412 0.142019 
0.725495 0.00476813 0.128596 0.0144855 0.00360305 0.00190927 0.121143 
0.790279 0.00491015 0.108936 0.0238784 0.00530668 0.00177702 0.0649125 
0.747613 0.00503775 0.11198 0.0268577 0.0055243 0.00246191 0.100525 
0.832619 0.00760909 0.0921913 0.0058407 0.00704769 0.00318042 0.0515122 
0.800744 0.00608532 0.105809 0.00940706 0.00352101 0.0025699 0.071864 
0.805625 0.00687592 0.102608 0.0202191 0.00390937 0.00258943 0.0581724 
0.776962 0.00599878 0.102241 0.0167542 0.00445439 0.00377963 0.0898098 
0.800579 0.00644911 0.0962106 0.0200153 0.00380367 0.00452027 0.0684217 
0.8235 0.00674161 0.0854877 0.0185204 0.00822338 0.0039075 0.0536193 
0.792424 0.00625711 0.0931834 0.0379759 0.00677249 0.00319119 0.0601956 
0.755157 0.00509201 0.108226 0.0356158 0.00516294 0.00289976 0.0878472 
0.787233 0.00620782 0.0931327 0.0224599 0.00750579 0.00495698 0.0785035 
0.745557 0.00533973 0.10176 0.0284156 0.00706723 0.00421527 0.107645 
0.709924 0.00508669 0.115305 0.0165306 0.00535552 0.00408644 0.143712 
0.705552 0.00457138 0.13259 0.00615369 0.00330689 0.00226928 0.145557 
0.720628 0.00438625 0.139498 0.00755927 0.00245319 0.00251774 0.122958 
0.613654 0.00463172 0.156108 0.00806739 0.00323321 0.00282843 0.211477 
0.685979 0.00397586 0.14706 0.00742401 0.00286435 0.00291816 0.149778 
0.645078 0.00452495 0.145438 0.0106245 0.00356838 0.00348311 0.187283 
0.728718 0.00556345 0.105991 0.00489801 0.00383415 0.00355379 0.147442 
0.741294 0.00577426 0.100421 0.00643422 0.00348102 0.00699203 0.135604 
0.80042 0.00571019 0.100436 0.00741582 0.00358047 0.00409045 0.0783477 
0.851015 0.00593411 0.0773978 0.00740505 0.00309815 0.00314652 0.0520031 
0.846544 0.0051022 0.0865697 0.00599893 0.00255705 0.0038446 0.0493833 
0.794111 0.00530288 0.117432 0.00621022 0.00277399 0.0020954 0.0720744 
0.768333 0.00492741 0.108744 0.0115834 0.00483939 0.00233699 0.0992352 
0.812715 0.00568898 0.102191 0.0080828 0.00335772 0.00309171 0.0648727 
0.798339 0.00523097 0.106477 0.0027566 0.00223291 0.00180424 0.0831587 
0.806538 0.00547367 0.0971382 0.00461291 0.00477255 0.00235356 0.0791107 
0.73459 0.00567283 0.126921 0.00343599 0.00361365 0.00277647 0.12299 
0.832087 0.00679792 0.0943671 0.00713506 0.00380568 0.00246693 0.0533406 
0.852835 0.00560321 0.0846285 0.00508441 0.00297526 0.00189578 0.0469776 
0.798971 0.00543528 0.0927874 0.00329547 0.00246594 0.0027699 0.0942749 
0.810163 0.00559177 0.0996278 0.00272667 0.00170646 0.00233631 0.0778477 
0.830187 0.00578161 0.0870856 0.00210101 0.0021891 0.00244138 0.070214 
0.749683 0.00722965 0.0919885 0.00254763 0.00331226 0.00244026 0.142799 
0.808734 0.00670576 0.0909897 0.00253941 0.00229173 0.00217207 0.0865678 
0.79247 0.00607979 0.0891132 0.00339169 0.00192445 0.00283187 0.104189 
0.783307 0.00635693 0.0866888 0.00407996 0.00301494 0.00253535 0.114017 
0.694704 0.00748969 0.102937 0.002279 0.00268371 0.00340028 0.186507 
0.737313 0.00677309 0.0875255 0.00256578 0.0030176 0.00348565 0.159319 
0.736477 0.00710555 0.0870524 0.00268889 0.00408403 0.00345173 0.159141 
0.742965 0.00611355 0.103931 0.00207596 0.00224408 0.00363308 0.139037 
0.734767 0.00643672 0.101532 0.0027757 0.00238179 0.00194715 0.15016 
0.765771 0.00585366 0.103032 0.00240468 0.0021672 0.00284102 0.117931 
0.797891 0.00634018 0.0875902 0.00315292 0.00286875 0.00257418 0.0995831 
0.76616 0.00578733 0.0975344 0.00289551 0.00193666 0.0027487 0.122937 
0.60584 0.00679437 0.102434 0.00269811 0.00231144 0.00467553 0.275246 
0.775308 0.0050446 0.101846 0.00360018 0.00226546 0.00357982 0.108357 
0.767768 0.00601347 0.0925006 0.00426056 0.00333147 0.0050988 0.121027 
0.780199 0.0065202 0.0876211 0.00577823 0.00348722 0.0035823 0.112812 
0.82115 0.00666248 0.080177 0.00501194 0.00417191 0.00288983 0.079937 
0.835148 0.00622996 0.0742061 0.00450436 0.00481167 0.00305985 0.0720401 
0.835163 0.00607089 0.0769962 0.00469297 0.00427017 0.00317612 0.0696303 
0.873108 0.00735429 0.0598529 0.00681393 0.00487949 0.00276344 0.0452284 
0.833394 0.00920795 0.063179 0.00369741 0.00648783 0.00371318 0.0803207 
0.858107 0.00767666 0.0693946 0.00355734 0.00390446 0.00236802 0.0549917 
0.858368 0.00660656 0.0734638 0.0053306 0.0063588 0.00248317 0.0473895 
0.833429 0.00715695 0.0821624 0.00575712 0.00707341 0.00410288 0.0603187 
0.792943 0.00596624 0.0912958 0.00382263 0.00542743 0.00298591 0.0975595 
0.827133 0.00529134 0.0897399 0.0048563 0.00412873 0.00279603 0.0660547 
0.815394 0.00750786 0.0801755 0.00360757 0.00601681 0.00219703 0.0851013 
0.735724 0.00700875 0.0842428 0.00252144 0.00438582 0.00423229 0.161885 
0.701245 0.00947006 0.0876067 0.00209013 0.00450478 0.0040444 0.191039 
0.470759 0.0076299 0.130552 0.00217227 0.00262761 0.00513698 0.381122 
0.502648 0.007314 0.117257 0.00254808 0.00322052 0.00428437 0.362727 
0.43409 0.00702077 0.147819 0.00229197 0.00314874 0.00387003 0.40176 
0.546948 0.00662066 0.147997 0.00179159 0.0032859 0.00340609 0.28995 
0.57759 0.0048164 0.146539 0.00268292 0.00220581 0.00238412 0.263781 
0.448447 0.00629906 0.144825 0.00443671 0.00651715 0.0098838 0.379591 
0.52652 0.0063661 0.149906 0.00292747 0.00793257 0.00533329 0.301015 
0.570024 0.00617702 0.11973 0.00577798 0.0102583 0.00662734 0.281405 
0.648403 0.00682546 0.111381 0.00184692 0.00302412 0.00546674 0.223052 
0.727181 0.151124 0.0221069 0.0235549 0.0157009 0.0375264 0.0228059 
0.735827 0.0974189 0.0222323 0.0882394 0.0171277 0.022038 0.0171165 
0.829932 0.0531676 0.0322571 0.0474995 0.00390092 0.0170103 0.0162324 
0.810443 0.039404 0.0278332 0.0874553 0.00544296 0.0147155 0.0147063 
0.850531 0.0411175 0.0295195 0.0414835 0.00361087 0.0170558 0.0166816 
0.781142 0.0405517 0.0268057 0.117369 0.00766802 0.0133153 0.0131479 
0.762403 0.0594644 0.0245916 0.115491 0.0065093 0.0172408 0.0143003 
0.772037 0.059325 0.0253818 0.112001 0.00636122 0.0103219 0.0145718 
0.69442 0.0630078 0.0260474 0.17436 0.00778536 0.0185051 0.0158737 
0.735775 0.0508083 0.0262476 0.161264 0.00438079 0.0102139 0.0113106 
0.68398 0.0564329 0.0231099 0.209778 0.0056835 0.00912775 0.0118872 
0.688811 0.0599947 0.0230129 0.200254 0.00675029 0.00921521 0.0119612 
0.705829 0.058322 0.0221661 0.179258 0.00683322 0.0130063 0.0145851 
0.711232 0.0411977 0.0241911 0.188049 0.00712258 0.0122007 0.0160071 
0.688463 0.0377924 0.0259733 0.218958 0.00677683 0.00863436 0.0134023 
0.747932 0.0332708 0.0254096 0.160728 0.00791868 0.00969725 0.0150437 
0.642892 0.0316932 0.0288046 0.271173 0.00577345 0.00805225 0.0116114 
0.721047 0.0459764 0.0268721 0.176228 0.00655269 0.00963267 0.0136912 
0.720215 0.0611823 0.0198188 0.160397 0.0138989 0.0119813 0.0125064 
0.691446 0.0540773 0.0197725 0.20494 0.0101083 0.00781248 0.0118438 
0.67451 0.0517248 0.018561 0.218223 0.0172709 0.0082158 0.0114946 
0.602122 0.0570522 0.01799 0.287662 0.0171779 0.00748692 0.0105088 
0.558256 0.0591307 0.0175248 0.338442 0.0137809 0.00434243 0.00852368 
0.552619 0.0593677 0.0164812 0.332596 0.0237732 0.00628719 0.00887482 
0.632896 0.0380031 0.0182402 0.281428 0.0157956 0.00403972 0.00959716 
0.518934 0.061517 0.0158624 0.359476 0.0248525 0.00960635 0.00975147 
0.601223 0.0572332 0.0181315 0.280331 0.0233453 0.00805295 0.0116839 
0.661592 0.0510779 0.0192298 0.230922 0.0190938 0.00717612 0.0109083 
0.706375 0.0562751 0.021682 0.177682 0.013268 0.0101536 0.0145647 
0.612017 0.0553459 0.0221209 0.274847 0.0147166 0.00723097 0.0137214 
0.602195 0.0769392 0.020063 0.260027 0.0180982 0.0096173 0.0130601 
0.66546 0.067769 0.0176428 0.194868 0.034268 0.00703202 0.01296 
0.583983 0.0342803 0.019845 0.335663 0.0102726 0.0063289 0.00962737 
0.72644 0.0491891 0.020239 0.177182 0.0114676 0.00402032 0.0114621 
0.0788789 0.0363019 0.00606658 0.849628 0.0227093 0.00193151 0.00448404 
0.0982988 0.0460787 0.00754565 0.810281 0.029488 0.00254167 0.00576593 
0.103686 0.0791922 0.00887218 0.539394 0.250458 0.00767462 0.0107224 
0.259048 0.297916 0.0145541 0.244517 0.089526 0.0707423 0.023697 
0.444473 0.227548 0.015567 0.21851 0.0443446 0.0307374 0.0188202 
0.331078 0.157793 0.0171827 0.426098 0.0426048 0.00901936 0.0162251 
0.18134 0.0744547 0.011344 0.6973 0.0236376 0.00370266 0.00822171 
0.16139 0.0495588 0.00875765 0.751069 0.0208327 0.00228237 0.00610976 
0.175955 0.0709808 0.0109425 0.710171 0.0212758 0.00293532 0.00773879 
0.213459 0.0816534 0.0132547 0.663022 0.0164846 0.00303877 0.0090877 
0.11563 0.0439247 0.00763453 0.812732 0.0138097 0.00142813 0.00484171 
0.163603 0.0363931 0.00789856 0.766052 0.0192308 0.00180374 0.00501952 
0.14723 0.0406247 0.00814115 0.783175 0.0136586 0.00158009 0.00559088 
0.124105 0.0418907 0.00784257 0.806687 0.0131599 0.00174033 0.00457474 
0.0821007 0.0319612 0.00586839 0.843686 0.0301581 0.0017365 0.00448927 
0.0989634 0.0413787 0.00679344 0.809235 0.0363288 0.00180454 0.00549604 
0.0936043 0.0386595 0.00633356 0.834842 0.0207352 0.00138104 0.00444482 
0.0556659 0.0288508 0.00472039 0.866041 0.0393986 0.00150897 0.00381461 
0.0856193 0.044771 0.00697111 0.804773 0.0495087 0.00257925 0.00577741 
0.111538 0.0371444 0.00700014 0.796555 0.0408725 0.00193643 0.00495329 
0.0735235 0.0348908 0.00580445 0.86913 0.0114186 0.00117316 0.00405913 
0.0422672 0.0153694 0.00327548 0.930285 0.00594624 7.66569E-4 0.00209049 
0.0277913 0.0155093 0.00316605 0.933958 0.0166689 8.29907E-4 0.00207698 
0.041326 0.0176126 0.00366108 0.908505 0.0253746 0.00111261 0.00240785 
0.0432283 0.0171136 0.00357418 0.915477 0.017498 7.16035E-4 0.00239341 
0.0833989 0.0505334 0.00654688 0.825585 0.0276166 0.00167937 0.00463995 
0.047007 0.0302341 0.00420716 0.899109 0.0158837 9.45386E-4 0.00261389 
0.0733412 0.0243903 0.00437267 0.859557 0.0341096 0.00128472 0.00294428 
0.0729858 0.0181103 0.00403204 0.877613 0.023923 8.22485E-4 0.00251387 
0.157906 0.0362638 0.00726407 0.749337 0.0415896 0.00195176 0.00568798 
0.0637793 0.0259096 0.00487445 0.86739 0.0330222 0.00118074 0.00384384 
0.122974 0.0326195 0.00591992 0.783087 0.0487033 0.00175049 0.00494664 
0.106517 0.0303787 0.00552877 0.812421 0.0389111 0.00146448 0.0047789 
0.084597 0.0484323 0.00631534 0.830623 0.0236751 0.00155322 0.00480434 
0.0871268 0.0468978 0.00706289 0.829607 0.0223637 0.00207833 0.00486381 
0.102453 0.0328171 0.00711832 0.823761 0.0271496 0.00225473 0.00444652 
0.10292 0.0221184 0.00571853 0.84732 0.0170635 0.00157672 0.00328277 
0.312791 0.0531389 0.0125239 0.578719 0.0310752 0.00377519 0.00797751 
0.464447 0.165472 0.0130164 0.203652 0.122825 0.0150069 0.0155803 
0.373628 0.113034 0.018153 0.411594 0.0536268 0.0153296 0.0146343 
0.400148 0.112623 0.0254977 0.395891 0.0370568 0.0180345 0.010749 
0.503172 0.11749 0.0553441 0.237455 0.0123318 0.0607799 0.0134276 
0.436471 0.100312 0.046448 0.313307 0.0119387 0.0758173 0.0157071 
0.584049 0.0771019 0.0310758 0.274834 0.0125877 0.011625 0.00872705 
0.543311 0.110527 0.0317472 0.262888 0.0147364 0.0247357 0.0120541 
0.363417 0.454225 0.0132833 0.0406036 0.065196 0.0502941 0.0129802 
0.502003 0.275488 0.03545 0.0223901 0.0175858 0.116605 0.0304781 
0.711719 0.124046 0.0409614 0.0440088 0.0104437 0.0490715 0.0197496 
0.703543 0.123284 0.0410329 0.0822367 0.00691952 0.0280213 0.0149631 
0.382281 0.0957548 0.0248502 0.441092 0.0243992 0.0210828 0.0105396 
0.398152 0.0914361 0.0238095 0.433498 0.0263036 0.0172016 0.00959877 
0.447243 0.0712677 0.0218456 0.417457 0.01947 0.0136779 0.00903894 
0.273933 0.0700715 0.0198532 0.594427 0.0203497 0.0129818 0.00838461 
0.303382 0.0669414 0.0203568 0.568489 0.0175796 0.0151718 0.00807932 
0.243813 0.0401566 0.0151987 0.663584 0.0215866 0.0089633 0.00669763 
0.24754 0.07418 0.0197523 0.613556 0.0247506 0.0109912 0.00922994 
0.203904 0.0398456 0.0140185 0.70932 0.0185637 0.00741622 0.006932 
0.0870568 0.039602 0.0093432 0.835768 0.0190337 0.00463228 0.00456428 
0.220997 0.0736148 0.016413 0.646438 0.0248534 0.00922781 0.00845641 
0.208736 0.0604649 0.0161465 0.665969 0.0316057 0.0085977 0.00847987 
0.22003 0.0537801 0.0155478 0.681869 0.0144248 0.00686375 0.00748443 
0.25079 0.113209 0.0198834 0.556533 0.0385546 0.0101217 0.0109078 
0.174539 0.0476312 0.0107959 0.738269 0.0198601 0.00355171 0.00535361 
0.251815 0.0567647 0.0127633 0.638387 0.0279209 0.00556667 0.00678252 
0.11918 0.0401316 0.00876568 0.803705 0.0206033 0.00342438 0.00418941 
0.171425 0.0840192 0.0139943 0.671686 0.0451656 0.00609645 0.00761436 
0.159329 0.0778485 0.0137243 0.701296 0.0333949 0.00698799 0.0074192 
0.144403 0.0861776 0.0133999 0.712914 0.0297977 0.00617398 0.00713373 
0.245837 0.119735 0.0178819 0.568274 0.0310928 0.00744164 0.00973773 
0.198601 0.0871056 0.0146506 0.651804 0.0331854 0.00660726 0.00804672 
0.380787 0.0227705 0.0183785 0.553364 0.00308318 0.00807181 0.0135445 
0.414996 0.0178436 0.0229178 0.52041 0.00288051 0.00789076 0.0130615 
0.481168 0.0410686 0.0197256 0.431344 0.00392084 0.01012 0.0126532 
0.545172 0.033187 0.0201933 0.369951 0.00536205 0.0140311 0.012104 
0.259539 0.0305439 0.0114473 0.674314 0.00601482 0.00876162 0.00937955 
0.286598 0.0264158 0.0135772 0.651689 0.00376889 0.00807011 0.00988137 
0.485815 0.0286702 0.0187317 0.434443 0.00804951 0.00497396 0.0193166 
0.856248 0.0308903 0.0480445 0.0146368 0.00143178 0.0103084 0.0384402 
0.822778 0.0485552 0.0295258 0.0655805 0.00538182 0.0140857 0.0140932 
0.774649 0.0459561 0.0317192 0.117433 0.00535765 0.0101827 0.0147023 
0.763479 0.0454249 0.0315025 0.126433 0.00575596 0.012275 0.0151295 
0.395547 0.041243 0.0193411 0.496059 0.0103822 0.0257535 0.0116742 
0.727972 0.0465444 0.0218729 0.164816 0.00989913 0.0168756 0.0120197 
0.630751 0.0539014 0.0216202 0.245416 0.0152787 0.019508 0.0135254 
0.684765 0.0433408 0.0224483 0.202544 0.0118311 0.0194453 0.0156256 
0.714235 0.0319482 0.0351279 0.18533 0.00335997 0.0130815 0.0169181 
0.537864 0.0404524 0.0272382 0.349824 0.0107486 0.0160775 0.0177958 
0.533811 0.0435675 0.0223327 0.369324 0.0087145 0.0101501 0.0121005 
0.600174 0.0499024 0.0232053 0.294331 0.0146366 0.00935145 0.00840022 
0.542493 0.048283 0.0225475 0.358321 0.0104563 0.0094853 0.00841406 
0.503853 0.047436 0.0205296 0.394684 0.0128727 0.0114763 0.0091477 
0.468128 0.0353088 0.017541 0.44602 0.0124974 0.0120872 0.00841831 
0.668375 0.0484233 0.0199467 0.229189 0.0124136 0.00950903 0.0121428 
0.745145 0.0534258 0.0225228 0.144658 0.0101279 0.0095376 0.0145823 
0.726332 0.0602385 0.0225076 0.155546 0.00997651 0.0126584 0.0127407 
0.787786 0.0746233 0.023987 0.0664105 0.0114094 0.0179209 0.0178628 
0.812597 0.0458852 0.0262524 0.0816453 0.00758 0.011192 0.0148481 
0.802755 0.0417361 0.0246163 0.0993346 0.00653148 0.011838 0.0131883 
0.733228 0.0367064 0.0291104 0.176248 0.00584939 0.00801396 0.0108445 
0.77069 0.0379073 0.0257097 0.135112 0.00556635 0.010865 0.0141492 
0.812633 0.0566657 0.0223782 0.0738005 0.00922378 0.0107971 0.0145017 
0.722609 0.0529462 0.0201596 0.165892 0.0163009 0.00875293 0.0133393 
0.740046 0.0537674 0.0250939 0.143176 0.0132332 0.0105791 0.0141044 
0.601582 0.0313871 0.0229835 0.300641 0.0220772 0.00844268 0.0128869 
0.548116 0.0234147 0.0222615 0.384511 0.00827382 0.00501414 0.00840815 
0.757472 0.0202027 0.0237693 0.167474 0.0139555 0.00632363 0.0108026 
0.42182 0.0377043 0.0151823 0.500297 0.00817963 0.0058053 0.0110116 
0.478944 0.0448734 0.0231271 0.420296 0.00630381 0.00990099 0.0165546 
0.207176 0.0463947 0.0108293 0.703655 0.0175307 0.00607841 0.00833658 
0.226632 0.0550294 0.010025 0.624473 0.0615437 0.0106278 0.0116683 
0.179114 0.0300685 0.00811706 0.735274 0.0292309 0.00894616 0.00924867 
0.260067 0.0351259 0.0083306 0.641382 0.0384475 0.0080237 0.0086237 
0.196518 0.0451493 0.00767202 0.705178 0.0325657 0.00535821 0.00755881 
0.180343 0.0418131 0.00609158 0.717082 0.0425032 0.00421331 0.00795381 
0.19157 0.0598952 0.00816147 0.672899 0.0502289 0.00590462 0.0113403 
0.126346 0.052859 0.00801399 0.778298 0.0212005 0.00456102 0.00872118 
0.144847 0.0993149 0.00927157 0.697919 0.0308143 0.00728083 0.0105524 
0.224879 0.275273 0.010774 0.195989 0.173276 0.106097 0.0137111 
0.338416 0.124198 0.0140553 0.423906 0.032791 0.050245 0.0163882 
0.0748903 0.0345561 0.00611696 0.865829 0.00938416 0.00515021 0.00407283 
0.161241 0.0256905 0.0116103 0.782497 0.00293744 0.0105224 0.00550144 
0.309669 0.0443057 0.0145186 0.60859 0.00468404 0.00968054 0.00855214 
0.29439 0.0373241 0.0195365 0.622836 0.00188954 0.0129552 0.0110691 
0.549179 0.0735 0.0326298 0.313945 0.0037192 0.0171487 0.00987856 
0.389916 0.0748629 0.0237222 0.47531 0.0039096 0.0211726 0.0111067 
0.294573 0.0317632 0.0173337 0.627936 0.00230159 0.0141452 0.011948 
0.261115 0.0281841 0.0123161 0.678068 0.00201647 0.00548612 0.0128147 
0.0661429 0.0618026 0.0230425 0.367584 0.00487496 0.458869 0.017684 
0.181917 0.0855699 0.0420695 0.438817 0.00796546 0.21391 0.029751 
0.232555 0.0835541 0.040636 0.473721 0.00604479 0.135113 0.0283767 
0.233257 0.0805253 0.0184746 0.619869 0.00368738 0.0301826 0.0140034 
0.398094 0.102746 0.0190012 0.434989 0.00476241 0.0247204 0.0156875 
0.386559 0.169315 0.0213266 0.358557 0.00702713 0.0355327 0.0216823 
0.395603 0.226608 0.0216753 0.308048 0.00761823 0.0239669 0.0164805 
0.290511 0.227663 0.0243759 0.406248 0.00543311 0.0281256 0.0176438 
0.193756 0.203879 0.0221637 0.542748 0.00500899 0.0184348 0.0140091 
0.29205 0.355959 0.0150545 0.301927 0.00871482 0.0157855 0.0105088 
0.223917 0.372877 0.0216452 0.322702 0.0126691 0.0276486 0.0185413 
0.242875 0.394277 0.0163235 0.296729 0.0141412 0.0186048 0.0170505 
0.17865 0.371628 0.0143307 0.39059 0.0177285 0.0134236 0.0136482 
0.209476 0.441415 0.0166607 0.281874 0.0161773 0.018609 0.0157877 
0.293494 0.249684 0.0206679 0.35535 0.0308197 0.0342242 0.0157613 
0.339297 0.159538 0.0224371 0.352909 0.0217809 0.0838206 0.0202172 
0.378632 0.168377 0.0204503 0.334674 0.025037 0.0560855 0.0167445 
0.304986 0.121891 0.0263374 0.43998 0.0131743 0.0751227 0.0185088 
0.237055 0.201616 0.0225317 0.404534 0.0255041 0.0906979 0.0180613 
0.287858 0.140447 0.0265489 0.42198 0.0186245 0.0869141 0.0176275 
0.269605 0.14662 0.0243455 0.40625 0.0297467 0.1041 0.0193329 
0.365382 0.151568 0.0196906 0.328631 0.0407711 0.0783336 0.0156228 
0.466132 0.133633 0.0233744 0.274152 0.013352 0.0706434 0.018713 
0.392745 0.0805531 0.0147406 0.479427 0.00855426 0.0114915 0.0124881 
0.299525 0.387901 0.00779007 0.0282553 0.113397 0.138992 0.0241396 
0.443298 0.31296 0.00873096 0.0427734 0.0663078 0.0995554 0.0263743 
0.706138 0.102984 0.0145198 0.100957 0.013321 0.0411283 0.0209519 
0.72815 0.138425 0.0133338 0.0537301 0.0162678 0.0309766 0.0191174 
0.589723 0.0811209 0.0183118 0.272944 0.00557043 0.0159085 0.0164217 
0.638565 0.0868573 0.0183608 0.214244 0.00930414 0.0156412 0.0170266 
0.475105 0.101906 0.0186369 0.372689 0.00767659 0.00904916 0.0149386 
0.561289 0.078814 0.0175383 0.313699 0.00567702 0.00954946 0.013433 
0.521419 0.0925293 0.016809 0.341863 0.0078274 0.00692894 0.0126234 
0.610797 0.0740839 0.0170559 0.270795 0.00704069 0.00714735 0.0130803 
0.589316 0.101425 0.018935 0.25103 0.00934836 0.0117641 0.018182 
0.657792 0.11135 0.0187385 0.164876 0.0129578 0.0159083 0.0183775 
0.482765 0.105906 0.023617 0.302002 0.0202317 0.0494782 0.0160004 
0.687921 0.0979703 0.0276859 0.109856 0.0108506 0.050231 0.015485 
0.564501 0.0814988 0.0296207 0.23885 0.00948381 0.0585675 0.0174776 
0.652681 0.101637 0.0321608 0.141824 0.00698045 0.0458957 0.0188211 
0.57984 0.0581239 0.0308362 0.263 0.00599853 0.0454183 0.0167831 
0.589123 0.0786584 0.0231879 0.243838 0.00713267 0.0411227 0.016937 
0.653857 0.0583166 0.0316877 0.201295 0.00477072 0.0315201 0.0185539 
0.672179 0.107545 0.0293959 0.0946 0.00447079 0.0661413 0.0256674 
0.501317 0.165404 0.0391252 0.133884 0.00784696 0.132058 0.0203644 
0.481323 0.132953 0.0367834 0.204278 0.00684623 0.11532 0.0224964 
0.522179 0.213762 0.0223945 0.142011 0.0137474 0.0654916 0.0204143 
0.435635 0.175834 0.0198961 0.289472 0.0128593 0.0457924 0.0205109 
0.688704 0.043804 0.0237694 0.219022 0.00497261 0.0101669 0.0095611 
0.688517 0.0534126 0.0224411 0.213942 0.00734529 0.0052686 0.00907344 
0.68127 0.0552477 0.0223133 0.211495 0.00947931 0.00861881 0.0115765 
0.743735 0.0497895 0.0207698 0.162773 0.006812 0.00601877 0.0101017 
0.691886 0.0494249 0.0174761 0.220566 0.00757553 0.00474744 0.00832345 
0.671582 0.0635963 0.0165469 0.226081 0.00841078 0.00405205 0.00973096 
0.568589 0.0723647 0.0157345 0.319173 0.00972902 0.00456757 0.00984243 
0.635369 0.0757458 0.0179774 0.24338 0.00728742 0.00754103 0.0126996 
0.647053 0.0779407 0.0146466 0.231568 0.0139487 0.00483479 0.0100085 
0.530172 0.0517054 0.0140723 0.380376 0.011156 0.0039443 0.00857442 
0.555677 0.0663959 0.0151757 0.337075 0.0122297 0.00390191 0.0095441 
0.658587 0.069831 0.0161942 0.232724 0.00826238 0.00506177 0.00934006 
0.631609 0.0590596 0.017997 0.26732 0.00772912 0.00662878 0.0096558 
0.638638 0.0580968 0.020689 0.263853 0.00501868 0.00616497 0.00753939 
0.629458 0.0611534 0.0283546 0.259039 0.00448149 0.00890137 0.00861188 
0.604611 0.0478506 0.0281235 0.295806 0.00574722 0.00949062 0.00837181 
0.701734 0.0643173 0.0295877 0.172877 0.00566348 0.0146171 0.0112035 
0.734702 0.0651297 0.0291812 0.141213 0.00601214 0.0136219 0.0101401 
0.726888 0.0506163 0.0299476 0.164302 0.00758749 0.0109988 0.00965939 
0.598979 0.0922641 0.0249718 0.249747 0.00944754 0.0156369 0.00895326 
0.605506 0.0879352 0.0222882 0.236748 0.0206946 0.0172193 0.009609 
0.453857 0.0830909 0.0208272 0.40572 0.0123153 0.015533 0.00865584 
0.468936 0.0997965 0.0215628 0.355154 0.0226768 0.0211142 0.0107589 
0.450256 0.100977 0.0205984 0.382645 0.0242904 0.0115966 0.00963694 
0.456669 0.0892254 0.020222 0.385421 0.0182688 0.0199998 0.010194 
0.421848 0.0710881 0.0160464 0.44183 0.0290368 0.0112291 0.00892178 
0.543117 0.125824 0.0175744 0.249857 0.0398297 0.0141571 0.00964135 
0.548605 0.0975122 0.0180969 0.289869 0.0259321 0.0115104 0.00847425 
0.528609 0.0755466 0.0209847 0.319013 0.0342455 0.012487 0.00911504 
0.608452 0.0453963 0.0321703 0.279593 0.010907 0.0142431 0.00923838 
0.543235 0.0403812 0.028995 0.366577 0.00485205 0.00874887 0.00721055 
0.27267 0.0211194 0.0130025 0.679578 0.00371721 0.00482472 0.00508825 
0.457662 0.0250404 0.0100981 0.464985 0.0283027 0.00209623 0.0118153 
0.483337 0.0237432 0.0121749 0.449962 0.0139398 0.00175662 0.0150865 
0.37449 0.0331953 0.0119108 0.527887 0.0383906 0.0041065 0.0100196 
