0.68261 0.0352328 0.0211732 0.225615 0.0097668 0.00693326 0.0186685 
0.794519 0.0458311 0.0209589 0.0985864 0.013157 0.0080045 0.0189428 
0.777063 0.0372662 0.0249794 0.125084 0.00635764 0.0075424 0.0217067 
0.766974 0.0391281 0.0286348 0.122551 0.00578922 0.00637205 0.0305507 
0.53069 0.0461252 0.0205674 0.364001 0.0096211 0.00534479 0.0236508 
0.502678 0.032726 0.0187199 0.416842 0.00819634 0.00498491 0.0158523 
0.730268 0.038462 0.0203139 0.171914 0.0114026 0.00641335 0.0212271 
0.631041 0.0611992 0.0159895 0.253445 0.017681 0.00571561 0.0149291 
0.722516 0.0433319 0.0202906 0.159142 0.0200948 0.00591674 0.0287078 
0.78531 0.0456275 0.021103 0.101214 0.0115451 0.00861712 0.0265835 
0.731582 0.0239364 0.0320134 0.163687 0.00643031 0.00410568 0.0382454 
0.811969 0.0242484 0.0303011 0.0735622 0.00671537 0.00375289 0.0494513 
0.830346 0.044093 0.0247626 0.0583776 0.00577056 0.00505453 0.031596 
0.85553 0.0330065 0.0270159 0.0470832 0.00453278 0.00477276 0.0280587 
0.856332 0.0352569 0.0231662 0.0612605 0.00610702 0.0045465 0.0133304 
0.855989 0.0317915 0.0268172 0.0568881 0.00352153 0.00657407 0.0184183 
0.869595 0.0270651 0.0253726 0.0439466 0.00413312 0.00613787 0.0237493 
0.87345 0.0227413 0.0277605 0.0381146 0.00416327 0.00711029 0.0266603 
0.854022 0.0204076 0.0326965 0.0465236 0.00399699 0.00634174 0.0360113 
0.857523 0.0224635 0.0306715 0.0457968 0.00446561 0.00479057 0.0342886 
0.830323 0.0300563 0.0269892 0.0768394 0.00531681 0.00486062 0.0256149 
0.82261 0.0247762 0.0333229 0.063404 0.00404334 0.00673173 0.0451119 
0.841278 0.0278596 0.0296516 0.0479379 0.0055687 0.00768229 0.0400221 
0.831157 0.0347253 0.0262132 0.0622885 0.00916433 0.00689952 0.0295523 
0.818259 0.0307996 0.0279743 0.0609061 0.0070712 0.00770493 0.0472844 
0.78629 0.042638 0.0231596 0.106737 0.00748695 0.00696599 0.0267229 
0.837618 0.028172 0.0312172 0.0534302 0.00413397 0.0052244 0.0402044 
0.847457 0.0255734 0.0341369 0.0273328 0.00492205 0.0042223 0.0563552 
0.858589 0.0343105 0.0302116 0.0304466 0.00671223 0.00529616 0.0344342 
0.858949 0.0290157 0.030548 0.0355479 0.00553375 0.00509337 0.0353126 
0.817082 0.0119371 0.0532968 0.0199172 0.00185508 0.0111504 0.0847615 
0.793482 0.0155753 0.0531579 0.00511976 0.00143728 0.0184759 0.112752 
0.784963 0.0194665 0.0449534 0.00738192 0.00178491 0.0232434 0.118207 
0.853816 0.0171149 0.0469639 0.013144 0.00228635 0.0109305 0.0557445 
0.849918 0.0157595 0.0497559 0.0110033 0.00279532 0.0137466 0.0570213 
0.750892 0.0120495 0.0599624 0.00741693 0.00302864 0.0250802 0.141571 
0.794837 0.0170204 0.0462154 0.00723075 0.00389512 0.0273871 0.103414 
0.779256 0.0138753 0.0566689 0.0124987 0.00299166 0.0216327 0.113077 
0.819183 0.0121375 0.0517839 0.0148893 0.00313618 0.0146129 0.0842573 
0.774238 0.0128954 0.0571775 0.00784394 0.00229333 0.0245103 0.121042 
0.780678 0.0132002 0.0605609 0.00836815 0.00339979 0.0147615 0.119031 
0.754758 0.0120028 0.0622766 0.010291 0.00410857 0.0136717 0.142891 
0.791944 0.0132521 0.0551843 0.0348096 0.0055959 0.00789907 0.091315 
0.72472 0.0155357 0.0507995 0.0143526 0.00547122 0.0119108 0.17721 
0.77385 0.0207374 0.0839366 0.0592076 0.0261731 0.00218044 0.0339152 
0.746909 0.016471 0.111747 0.0343353 0.0279907 0.00269215 0.0598552 
0.743152 0.0177099 0.129249 0.0338972 0.0167572 0.00261687 0.0566188 
0.749909 0.016573 0.112716 0.0506041 0.0247539 0.00235899 0.0430849 
0.704812 0.0153071 0.125442 0.0481086 0.0481039 0.00234901 0.0558781 
0.648199 0.00966575 0.159059 0.0659868 0.0282507 0.00200222 0.086837 
0.65435 0.0118438 0.147419 0.0834451 0.0304227 0.00212479 0.0703941 
0.682613 0.00856583 0.161201 0.0544312 0.0215312 0.00177107 0.0698866 
0.711302 0.0125919 0.139005 0.0328246 0.0186615 0.00234713 0.0832676 
0.77037 0.0163841 0.104562 0.0287313 0.0295688 0.00239625 0.0479876 
0.800913 0.0139528 0.088027 0.0389786 0.0159093 0.00214018 0.0400792 
0.812907 0.0151695 0.0901147 0.0427251 0.00912227 0.00161494 0.028347 
0.824573 0.0138753 0.094514 0.026233 0.0107102 0.00169283 0.028402 
0.806679 0.0161189 0.0836528 0.0483386 0.0150772 0.00185231 0.0282815 
0.808724 0.0119766 0.0751001 0.0614614 0.0201143 0.00182403 0.0207995 
0.790122 0.0127304 0.0803262 0.0651345 0.0232959 0.00196337 0.0264279 
0.802972 0.0105189 0.0818536 0.0610351 0.0169094 0.00161933 0.0250915 
0.838251 0.0136731 0.0630703 0.0421363 0.0202299 0.00162045 0.0210188 
0.821296 0.0110089 0.0807254 0.04163 0.017384 0.00155612 0.0264 
0.789134 0.0107714 0.0898963 0.0616336 0.0208106 0.00164241 0.0261121 
0.787826 0.00995192 0.0879047 0.0609595 0.0249822 0.00153583 0.0268399 
0.797208 0.0111197 0.0942587 0.0578408 0.0142238 0.00151379 0.0238349 
0.807749 0.0138317 0.0809134 0.0459708 0.0229772 0.00225111 0.0263064 
0.82368 0.0146045 0.0645411 0.0584494 0.0170762 0.00185776 0.0197913 
0.794107 0.0123242 0.0713306 0.0857151 0.0142612 0.0016393 0.0206222 
0.778937 0.0092925 0.103691 0.0610646 0.0133951 0.00142336 0.0321959 
0.832108 0.0185729 0.0727815 0.0426231 0.0100026 0.00168112 0.0222311 
0.761324 0.0105128 0.0741554 0.119244 0.0116674 0.00156282 0.0215338 
0.80927 0.0168299 0.0669889 0.0619917 0.0180765 0.00236414 0.0244787 
0.807966 0.0126048 0.0619126 0.0781359 0.0151886 0.00207116 0.0221205 
0.828998 0.0177397 0.0599367 0.0511694 0.0192825 0.00231942 0.0205542 
0.758204 0.0229969 0.0536881 0.0912573 0.0436272 0.00425346 0.0259732 
0.81634 0.0184676 0.0617153 0.0571884 0.0173128 0.00247521 0.0265008 
0.833648 0.0166579 0.0658774 0.0435685 0.0120415 0.00236319 0.0258438 
0.831362 0.0236954 0.0699558 0.0319386 0.013866 0.00261871 0.0265639 
0.840822 0.021551 0.0702033 0.0230022 0.0158889 0.00293241 0.0256004 
0.839643 0.0246122 0.0492199 0.0459776 0.0197635 0.00258694 0.0181973 
0.831938 0.0176946 0.072111 0.035477 0.0159311 0.00285426 0.0239937 
0.830192 0.0151549 0.0719794 0.0406241 0.0131353 0.00194431 0.0269701 
0.780731 0.0134748 0.0955103 0.056467 0.0151964 0.00235505 0.0362649 
0.788364 0.019482 0.0813754 0.0742422 0.00842527 0.00256518 0.025546 
0.780422 0.0140134 0.0705694 0.100266 0.013195 0.00208484 0.0194493 
0.725774 0.0146697 0.0696518 0.15052 0.0160163 0.00210523 0.0212624 
0.765144 0.00925866 0.0993757 0.094505 0.00705382 0.00142393 0.0232391 
0.716455 0.0281815 0.169032 0.0115722 0.038534 0.00388907 0.0323366 
0.71758 0.0171739 0.149443 0.0315033 0.0356136 0.00307981 0.0456061 
0.730063 0.0163417 0.148453 0.0653396 0.0122393 0.005217 0.0223462 
0.779707 0.0204904 0.0777258 0.0396911 0.0566785 0.0043732 0.0213343 
0.700401 0.0133058 0.144925 0.0401417 0.0586672 0.00535222 0.0372077 
0.618543 0.0339922 0.126987 0.0170302 0.158304 0.00843356 0.0367096 
0.629603 0.0375599 0.116207 0.016497 0.14912 0.00649315 0.0445195 
0.717827 0.0220862 0.116848 0.0179811 0.0652158 0.00295201 0.0570898 
0.719006 0.0244515 0.13543 0.0173007 0.0561191 0.00356076 0.0441314 
0.686625 0.0324599 0.12174 0.0259793 0.0837887 0.00596821 0.0434391 
0.734891 0.0234004 0.0937711 0.0328036 0.0673332 0.00377868 0.044022 
0.754916 0.0318336 0.0768311 0.0349813 0.0633909 0.00309764 0.0349494 
0.787853 0.0202073 0.0676732 0.0475677 0.0473359 0.00276652 0.0265964 
0.771356 0.0189053 0.0715706 0.0704912 0.0369477 0.00223676 0.0284928 
0.766569 0.0315482 0.0360679 0.0768152 0.0630382 0.00250616 0.0234554 
0.716455 0.0281815 0.169032 0.0115722 0.038534 0.00388907 0.0323366 
0.71758 0.0171739 0.149443 0.0315033 0.0356136 0.00307981 0.0456061 
0.730063 0.0163417 0.148453 0.0653396 0.0122393 0.005217 0.0223462 
0.779707 0.0204904 0.0777258 0.0396911 0.0566785 0.0043732 0.0213343 
0.700401 0.0133058 0.144925 0.0401417 0.0586672 0.00535222 0.0372077 
0.618543 0.0339922 0.126987 0.0170302 0.158304 0.00843356 0.0367096 
0.629603 0.0375599 0.116207 0.016497 0.14912 0.00649315 0.0445195 
0.717827 0.0220862 0.116848 0.0179811 0.0652158 0.00295201 0.0570898 
0.719006 0.0244515 0.13543 0.0173007 0.0561191 0.00356076 0.0441314 
0.686625 0.0324599 0.12174 0.0259793 0.0837887 0.00596821 0.0434391 
0.734891 0.0234004 0.0937711 0.0328036 0.0673332 0.00377868 0.044022 
0.754916 0.0318336 0.0768311 0.0349813 0.0633909 0.00309764 0.0349494 
0.787853 0.0202073 0.0676732 0.0475677 0.0473359 0.00276652 0.0265964 
0.771356 0.0189053 0.0715706 0.0704912 0.0369477 0.00223676 0.0284928 
0.766569 0.0315482 0.0360679 0.0768152 0.0630382 0.00250616 0.0234554 
0.683009 0.0155399 0.159468 0.0323151 0.0303848 0.00218414 0.0770984 
0.708666 0.0169668 0.132219 0.0435395 0.0318929 0.00245541 0.0642602 
0.698298 0.0211021 0.0668368 0.0456202 0.125205 0.00294015 0.0399978 
0.728284 0.0180119 0.0785472 0.051395 0.0797585 0.00274137 0.0412622 
0.719234 0.024439 0.0740358 0.0509918 0.0869371 0.00329428 0.0410683 
0.711525 0.0195277 0.0830287 0.0526664 0.087855 0.00298867 0.0424082 
0.644761 0.0234279 0.083776 0.035869 0.153504 0.00336977 0.0552927 
0.67497 0.0217791 0.077946 0.05615 0.119351 0.00299653 0.0468073 
0.68725 0.0196445 0.0850576 0.055296 0.099188 0.00305987 0.0505042 
0.682808 0.0252794 0.0894303 0.0299443 0.109831 0.00325928 0.059448 
0.696911 0.0235294 0.0557013 0.044769 0.135937 0.00327175 0.0398798 
0.69165 0.0241305 0.0754786 0.0530156 0.108782 0.00341256 0.0435306 
0.735355 0.0204507 0.06887 0.0652562 0.0677575 0.00281353 0.0394968 
0.697323 0.0250337 0.079774 0.0446042 0.099187 0.00343843 0.0506395 
0.710931 0.0269685 0.0748279 0.0355201 0.100502 0.00377859 0.0474725 
0.77463 0.0190063 0.0620949 0.106942 0.00841626 0.00216058 0.0267497 
0.750265 0.0145289 0.0751154 0.110632 0.00701332 0.00223903 0.0402066 
0.753402 0.0163983 0.0766522 0.108515 0.00740699 0.00230662 0.0353195 
0.7496 0.0132602 0.075739 0.114534 0.00865979 0.00275087 0.0354566 
0.695041 0.019413 0.0554291 0.189365 0.0116188 0.0024959 0.0266372 
0.786286 0.0227915 0.0464994 0.104974 0.0172534 0.00275907 0.0194367 
0.748722 0.0247147 0.0520072 0.139098 0.0111152 0.00286742 0.0214753 
0.707733 0.0201638 0.0836968 0.150149 0.00446339 0.00191916 0.0318751 
0.691861 0.0223706 0.078937 0.163979 0.00460955 0.00272263 0.0355204 
0.734349 0.016477 0.0801887 0.120371 0.00395173 0.00270546 0.0419569 
0.792022 0.0162 0.0790126 0.0602657 0.00571421 0.00340318 0.0433824 
0.791972 0.0163518 0.090311 0.0515477 0.00366984 0.00304719 0.0431006 
0.807345 0.0165938 0.0793142 0.0503606 0.00474773 0.00293366 0.0387047 
0.757375 0.018852 0.0647469 0.124979 0.00443606 0.00240127 0.0272097 
0.818625 0.020763 0.110114 0.0107973 0.00375398 0.00661638 0.0293301 
0.827247 0.020153 0.0865788 0.0242645 0.00474689 0.00442223 0.0325878 
0.818641 0.0189542 0.095766 0.0156725 0.00436593 0.00345897 0.0431412 
0.820026 0.0230914 0.0953931 0.0151709 0.00598633 0.00620135 0.0341309 
0.847079 0.0146594 0.0754322 0.0243335 0.00423059 0.00535832 0.0289073 
0.849898 0.0171345 0.0752002 0.019107 0.00263174 0.00541389 0.0306152 
0.819724 0.0124064 0.109277 0.0147587 0.00141873 0.00500253 0.037412 
0.821978 0.0179027 0.103798 0.0129314 0.00201173 0.00590203 0.0354762 
0.844307 0.0151668 0.0857772 0.0176556 0.00264225 0.00424826 0.0302025 
0.840147 0.0178633 0.0791955 0.0276817 0.00343502 0.00423011 0.027447 
0.830786 0.0130726 0.09657 0.013052 0.00141527 0.00410139 0.0410032 
0.825332 0.0117466 0.0950375 0.015725 0.0024955 0.00366328 0.0460001 
0.805447 0.00990718 0.118029 0.0107495 0.00224295 0.00350854 0.050116 
0.801113 0.0135847 0.105878 0.0250245 0.00536135 0.00341636 0.0456226 
0.726515 0.00919585 0.162844 0.0307606 0.00341603 0.00282498 0.064444 
0.789213 0.0139887 0.120586 0.0201518 0.00413972 0.00282535 0.0490949 
0.77521 0.0148664 0.133071 0.0110683 0.00428226 0.00379007 0.0577129 
0.770051 0.0133886 0.119981 0.0101116 0.00502078 0.00464416 0.0768024 
0.781849 0.012078 0.116811 0.0150106 0.00715611 0.00501745 0.0620779 
0.753466 0.0127179 0.136794 0.0220722 0.00639253 0.00419562 0.0643618 
0.711414 0.00885497 0.146336 0.0379989 0.00443244 0.00367727 0.0872866 
0.76259 0.00857385 0.141156 0.0307576 0.00430424 0.00279552 0.0498228 
0.80304 0.00831371 0.108059 0.0241875 0.00323723 0.00341733 0.0497455 
0.7896 0.0115482 0.101598 0.04126 0.00271557 0.00330091 0.0499774 
0.768508 0.0102392 0.102229 0.0633903 0.00328753 0.00288974 0.0494559 
0.696149 0.0139816 0.0991062 0.128962 0.0025105 0.00576553 0.053526 
0.774326 0.01051 0.0942995 0.0645548 0.0021859 0.00390895 0.0502149 
0.797774 0.00965147 0.0930072 0.0358714 0.00293462 0.00381581 0.0569454 
0.806968 0.0143571 0.0867745 0.0385812 0.00421643 0.00515491 0.0439475 
0.819148 0.0132349 0.0930472 0.0235031 0.00311555 0.00417378 0.0437776 
0.757733 0.0175458 0.103384 0.0597691 0.0212935 0.00408349 0.0361909 
0.781541 0.0148833 0.111561 0.0371377 0.0115729 0.00345054 0.0398537 
0.768519 0.0116153 0.113612 0.0541699 0.0114924 0.00298429 0.0376069 
0.755003 0.011977 0.138352 0.0353934 0.0151637 0.00330132 0.0408102 
0.747942 0.0110332 0.143939 0.0369388 0.0162387 0.00313199 0.0407761 
0.751732 0.0147503 0.133951 0.0339096 0.0241934 0.00368738 0.0377764 
0.796112 0.0149633 0.0988838 0.025948 0.0235893 0.00317942 0.0373242 
0.798391 0.0125311 0.104933 0.0184877 0.0211472 0.00221631 0.0422936 
0.801053 0.0118621 0.0964301 0.0310563 0.0194251 0.0025735 0.0376003 
0.78574 0.0100494 0.110575 0.0376976 0.0171208 0.00187934 0.0369378 
0.787016 0.0106762 0.115167 0.0173599 0.0164263 0.00311357 0.0502415 
0.797391 0.00947284 0.11556 0.0156891 0.0115376 0.00197497 0.0483752 
0.785091 0.00774786 0.130592 0.0182641 0.00801514 0.0018448 0.0484447 
0.789885 0.00868913 0.114408 0.0268412 0.00919223 0.00216977 0.0488152 
0.796005 0.00877213 0.0977217 0.0271165 0.00972803 0.00308347 0.0575732 
0.767951 0.00719766 0.122867 0.0275349 0.00725179 0.0028524 0.0643455 
0.754521 0.00790389 0.128893 0.0114452 0.00819673 0.00358335 0.0854559 
0.754551 0.00798928 0.132242 0.00798714 0.00815153 0.00304348 0.0860353 
0.78687 0.0104711 0.11828 0.0113877 0.010068 0.00317 0.0597528 
0.763122 0.0144362 0.128229 0.00898698 0.0179336 0.00444052 0.0628521 
0.804539 0.0133939 0.106165 0.0190132 0.00977178 0.00382738 0.0432903 
0.802975 0.0131605 0.0951745 0.0355923 0.0127433 0.00353409 0.0368205 
0.790933 0.0132683 0.0980088 0.0213875 0.0180546 0.00356819 0.05478 
0.808082 0.00916631 0.106491 0.0151501 0.00591916 0.00265024 0.0525418 
0.801016 0.00863735 0.10822 0.0228205 0.00690259 0.00207141 0.0503318 
0.825638 0.0125018 0.0918806 0.023232 0.0110335 0.00212275 0.0335915 
0.836705 0.012504 0.07605 0.0239484 0.0117709 0.00178832 0.037233 
0.819079 0.00910377 0.101667 0.0229468 0.00832099 0.00187506 0.0370074 
0.81807 0.010725 0.100071 0.0235858 0.0133612 0.00184481 0.0323414 
0.813983 0.00797765 0.118222 0.0136072 0.00679152 0.00170262 0.0377166 
0.82802 0.00873507 0.0867365 0.0214409 0.00993331 0.00175801 0.0433766 
0.818389 0.0120888 0.0897578 0.0222281 0.0148097 0.00189779 0.0408293 
0.827174 0.0116279 0.0924067 0.0202261 0.0100621 0.00176769 0.0367358 
0.83606 0.0120193 0.0777841 0.0245903 0.0143728 0.00180529 0.0333684 
0.830765 0.0110684 0.0893231 0.0150734 0.00974965 0.00230189 0.0417189 
0.793722 0.0103604 0.115045 0.0125941 0.00994939 0.00177274 0.0565573 
0.792043 0.0133818 0.107768 0.0258451 0.0160378 0.00180124 0.0431231 
0.779016 0.0152808 0.109277 0.034567 0.0195539 0.00261798 0.0396871 
0.744625 0.0161663 0.139028 0.0263507 0.0248256 0.00340955 0.045595 
0.776065 0.014057 0.123856 0.0178655 0.0156986 0.00310913 0.0493487 
0.781746 0.0117293 0.12231 0.0124508 0.00709188 0.00414189 0.0605297 
0.793184 0.0124877 0.108901 0.0182792 0.0135526 0.00367748 0.0499176 
0.78244 0.0139714 0.103733 0.030936 0.0141862 0.00444911 0.0502847 
0.746524 0.0138476 0.131338 0.0364743 0.0153434 0.00501646 0.0514568 
0.790089 0.0171048 0.0952983 0.0302362 0.0194521 0.00340756 0.0444123 
0.780515 0.0138185 0.107856 0.0207755 0.018605 0.00285434 0.0555764 
0.787101 0.010452 0.117301 0.014153 0.00921137 0.00238155 0.0594007 
0.711427 0.00791602 0.167121 0.0212664 0.00676361 0.00353607 0.0819699 
0.804476 0.00712746 0.117188 0.00867365 0.00516716 0.00173942 0.0556286 
0.819343 0.00689955 0.0978972 0.0113221 0.00490754 0.00242177 0.0572086 
0.784535 0.00877702 0.119418 0.00833269 0.00778777 0.00229278 0.0688571 
0.762689 0.00737243 0.128533 0.00671162 0.00424257 0.00228652 0.0881653 
0.700637 0.00570631 0.147914 0.00742333 0.00208574 0.00186079 0.134373 
0.740931 0.00662223 0.12578 0.0154013 0.00354866 0.00246462 0.105252 
0.71142 0.00718386 0.134343 0.01192 0.00510044 0.00354512 0.126487 
0.743614 0.007773 0.120743 0.0282126 0.00675283 0.0030067 0.0898978 
0.726734 0.00614804 0.132239 0.018544 0.00339472 0.00307375 0.109866 
0.727784 0.00653885 0.138481 0.0115602 0.0034899 0.00296441 0.109182 
0.763996 0.00917828 0.118096 0.0063756 0.00741949 0.00250639 0.0924285 
0.735402 0.00682377 0.132197 0.00950786 0.00801866 0.00251039 0.10554 
0.733968 0.00727388 0.134715 0.0133749 0.0124348 0.00189141 0.0963419 
0.767766 0.00981122 0.128248 0.0156535 0.0163761 0.00245678 0.0596889 
0.733526 0.00790602 0.151823 0.0254229 0.0140955 0.00256838 0.0646577 
0.709608 0.00603735 0.158314 0.0150991 0.0091989 0.00247733 0.099265 
0.761677 0.00870388 0.138106 0.0112119 0.0123955 0.00250892 0.0653963 
0.763232 0.00726197 0.129817 0.00956711 0.00417096 0.00349998 0.0824512 
0.756514 0.0109071 0.139878 0.0084008 0.0111955 0.00476153 0.0683429 
0.740239 0.0131722 0.159781 0.0140712 0.0147766 0.00505048 0.0529097 
0.73294 0.00526138 0.148504 0.0352138 0.00150051 0.00311555 0.0734649 
0.722204 0.00683651 0.136977 0.00557114 0.00248759 0.00376576 0.122159 
0.51973 0.01044 0.168351 0.00179748 0.00259217 0.00286047 0.29423 
0.714057 0.00817344 0.173544 0.00290483 0.00469811 0.00456146 0.0920615 
0.669495 0.00720287 0.169344 0.0109746 0.00720468 0.00540398 0.130375 
0.643184 0.00575154 0.142496 0.00624674 0.00211085 0.00441825 0.195793 
0.730803 0.0449358 0.120762 0.00596024 0.0292151 0.0105965 0.0577275 
0.653408 0.0195728 0.211379 0.00649086 0.0197418 0.0124694 0.0769379 
0.78509 0.0124197 0.135655 0.00978031 0.00747362 0.00546314 0.0441189 
0.748793 0.0148052 0.149183 0.00401148 0.00839767 0.00240611 0.0724045 
0.790665 0.0124574 0.133948 0.0060228 0.00933493 0.00240987 0.0451623 
0.668215 0.0108468 0.182594 0.00382785 0.0111289 0.0061171 0.117271 
0.804476 0.00712746 0.117188 0.00867365 0.00516716 0.00173942 0.0556286 
0.819343 0.00689955 0.0978972 0.0113221 0.00490754 0.00242177 0.0572086 
0.784535 0.00877702 0.119418 0.00833269 0.00778777 0.00229278 0.0688571 
0.762689 0.00737243 0.128533 0.00671162 0.00424257 0.00228652 0.0881653 
0.700637 0.00570631 0.147914 0.00742333 0.00208574 0.00186079 0.134373 
0.740931 0.00662223 0.12578 0.0154013 0.00354866 0.00246462 0.105252 
0.71142 0.00718386 0.134343 0.01192 0.00510044 0.00354512 0.126487 
0.743614 0.007773 0.120743 0.0282126 0.00675283 0.0030067 0.0898978 
0.726734 0.00614804 0.132239 0.018544 0.00339472 0.00307375 0.109866 
0.727784 0.00653885 0.138481 0.0115602 0.0034899 0.00296441 0.109182 
0.763996 0.00917828 0.118096 0.0063756 0.00741949 0.00250639 0.0924285 
0.735402 0.00682377 0.132197 0.00950786 0.00801866 0.00251039 0.10554 
0.733968 0.00727388 0.134715 0.0133749 0.0124348 0.00189141 0.0963419 
0.767766 0.00981122 0.128248 0.0156535 0.0163761 0.00245678 0.0596889 
0.733526 0.00790602 0.151823 0.0254229 0.0140955 0.00256838 0.0646577 
0.709608 0.00603735 0.158314 0.0150991 0.0091989 0.00247733 0.099265 
0.761677 0.00870388 0.138106 0.0112119 0.0123955 0.00250892 0.0653963 
0.763232 0.00726197 0.129817 0.00956711 0.00417096 0.00349998 0.0824512 
0.756514 0.0109071 0.139878 0.0084008 0.0111955 0.00476153 0.0683429 
0.740239 0.0131722 0.159781 0.0140712 0.0147766 0.00505048 0.0529097 
0.73294 0.00526138 0.148504 0.0352138 0.00150051 0.00311555 0.0734649 
0.722204 0.00683651 0.136977 0.00557114 0.00248759 0.00376576 0.122159 
0.51973 0.01044 0.168351 0.00179748 0.00259217 0.00286047 0.29423 
0.714057 0.00817344 0.173544 0.00290483 0.00469811 0.00456146 0.0920615 
0.669495 0.00720287 0.169344 0.0109746 0.00720468 0.00540398 0.130375 
0.643184 0.00575154 0.142496 0.00624674 0.00211085 0.00441825 0.195793 
0.730803 0.0449358 0.120762 0.00596024 0.0292151 0.0105965 0.0577275 
0.653408 0.0195728 0.211379 0.00649086 0.0197418 0.0124694 0.0769379 
0.78509 0.0124197 0.135655 0.00978031 0.00747362 0.00546314 0.0441189 
0.748793 0.0148052 0.149183 0.00401148 0.00839767 0.00240611 0.0724045 
0.790665 0.0124574 0.133948 0.0060228 0.00933493 0.00240987 0.0451623 
0.668215 0.0108468 0.182594 0.00382785 0.0111289 0.0061171 0.117271 
0.820486 0.0124136 0.0897057 0.0262228 0.0101766 0.00348136 0.0375143 
0.772132 0.0106035 0.118065 0.023736 0.0135727 0.00427181 0.0576184 
0.801702 0.0125101 0.100441 0.0204914 0.00714132 0.00404236 0.0536721 
0.79129 0.0126835 0.103692 0.0380597 0.00740713 0.00398154 0.042886 
0.811962 0.0149222 0.0983086 0.0216104 0.00686393 0.00383306 0.0424996 
0.798352 0.0141394 0.0991016 0.0281738 0.00895371 0.0049522 0.0463274 
0.785942 0.0163449 0.0980416 0.038837 0.00957225 0.00492808 0.0463342 
0.770375 0.0234363 0.0805798 0.0549413 0.0271393 0.00696923 0.0365586 
0.763097 0.0202748 0.0929443 0.0550902 0.0176509 0.00632496 0.0446175 
0.791532 0.017767 0.117924 0.0156843 0.0107632 0.00532827 0.0410017 
0.852905 0.02532 0.0602257 0.0189323 0.0135297 0.00400185 0.0250857 
0.836539 0.0218648 0.0614993 0.0354648 0.0181041 0.00367159 0.0228561 
0.839931 0.0221785 0.0698893 0.0279524 0.0135969 0.00348308 0.0229693 
0.828262 0.0227351 0.0804211 0.0156876 0.0131883 0.00485919 0.0348466 
0.847135 0.0143651 0.0815483 0.0148271 0.00648419 0.00398942 0.0316514 
0.847862 0.0122019 0.0886441 0.00873467 0.00485254 0.0025165 0.0351879 
0.81239 0.011825 0.0871795 0.0095807 0.00561412 0.00293398 0.0704764 
0.802072 0.0167985 0.0835103 0.0171274 0.0118192 0.00376549 0.0649069 
0.763485 0.0159109 0.11994 0.0206938 0.0143096 0.00444174 0.0612186 
0.828476 0.0273227 0.0719281 0.0193478 0.0145076 0.00415862 0.0342595 
0.79131 0.0169752 0.0984571 0.0282468 0.0165362 0.00438497 0.0440892 
0.806846 0.0161506 0.0905533 0.0284743 0.0134201 0.00424311 0.0403126 
0.804441 0.0166896 0.0863856 0.0298454 0.0188076 0.00407914 0.0397512 
0.800062 0.017179 0.0947831 0.0249485 0.0169564 0.00423508 0.0418358 
0.787123 0.0131887 0.0983906 0.0189204 0.0187865 0.00344872 0.0601424 
0.77608 0.0153296 0.0988781 0.0282508 0.0238587 0.00377043 0.0538322 
0.793292 0.0190959 0.098498 0.0229969 0.0183015 0.00340947 0.0444061 
0.773138 0.0155437 0.0885939 0.0495992 0.0200088 0.00448073 0.0486354 
0.827742 0.0229425 0.0812348 0.0133052 0.0174297 0.00330716 0.0340383 
0.841206 0.0162378 0.0845388 0.0103199 0.00922861 0.00261987 0.0358488 
0.844583 0.0149224 0.0784604 0.0159633 0.00639499 0.00412265 0.0355534 
0.793596 0.0158723 0.0847565 0.0307215 0.016315 0.00478933 0.053949 
0.820465 0.0240431 0.0626389 0.0357162 0.02591 0.00284529 0.0283816 
0.809293 0.0247607 0.0556394 0.0332585 0.0401955 0.00268009 0.0341725 
0.813598 0.0220615 0.0693602 0.0291075 0.0272927 0.00281655 0.0357637 
0.80669 0.0216567 0.0772408 0.0285443 0.025768 0.00249254 0.0376078 
0.822534 0.0151752 0.0796188 0.0324765 0.0144205 0.00239069 0.0333846 
0.825998 0.0216979 0.0833327 0.0173975 0.0115212 0.00260134 0.0374515 
0.82313 0.0238163 0.0685429 0.0323253 0.0184493 0.00237687 0.0313591 
0.843537 0.0221619 0.0656076 0.0224917 0.0200191 0.00196793 0.0242144 
0.846879 0.0117374 0.0818482 0.016127 0.00448496 0.00238037 0.0365425 
0.852818 0.0163537 0.0792854 0.0153255 0.00552978 0.00380051 0.0268872 
0.841487 0.0296993 0.0681398 0.0177992 0.0150373 0.00316497 0.0246729 
0.862624 0.0191102 0.0585652 0.0245232 0.00896445 0.00192201 0.0242914 
0.866262 0.0131638 0.0708444 0.0171753 0.00649383 0.00157388 0.0244863 
0.85889 0.0143039 0.0753922 0.0217515 0.00566119 0.00198845 0.022013 
0.829038 0.0156319 0.0915283 0.0221068 0.00703293 0.00179878 0.0328635 
0.830922 0.0138629 0.0797371 0.0419285 0.00703302 0.00141304 0.0251032 
0.800478 0.013847 0.104135 0.0406784 0.00610594 0.00255343 0.0322021 
0.833452 0.0158004 0.0770011 0.0345908 0.00859286 0.001839 0.0287242 
0.816737 0.0233698 0.0904056 0.0215466 0.0173867 0.00231599 0.0282387 
0.792319 0.0299219 0.0738885 0.0324332 0.0431384 0.00287409 0.0254253 
0.789379 0.0283053 0.0589887 0.0554528 0.0377516 0.00273897 0.0273841 
0.810223 0.0213362 0.0724672 0.0314023 0.028051 0.00305457 0.0334654 
0.840863 0.021071 0.0694523 0.0267768 0.0135054 0.00215824 0.0261736 
0.810199 0.0269835 0.0571519 0.0447451 0.0324576 0.00313734 0.0253251 
0.821721 0.0226997 0.068885 0.0334378 0.0207152 0.00306066 0.0294809 
0.789595 0.0306125 0.0703593 0.0299784 0.0395977 0.00377504 0.0360823 
0.784139 0.0222158 0.0801537 0.0469873 0.0307557 0.00273239 0.0330159 
0.763957 0.0178243 0.0833176 0.0497897 0.0400057 0.00218834 0.0429174 
0.809195 0.0164899 0.0783987 0.0231945 0.022472 0.00203558 0.048214 
0.830371 0.0115377 0.0737895 0.0347283 0.0117541 0.00171801 0.0361009 
0.822032 0.0141902 0.0841656 0.0181228 0.0117342 0.00220915 0.0475458 
0.809296 0.024976 0.0910617 0.0368844 0.00845304 0.00179037 0.0275385 
0.786491 0.0133283 0.0810893 0.0752054 0.0124367 0.00179094 0.0296579 
0.733009 0.0132472 0.0895924 0.109845 0.015722 0.00221728 0.0363675 
0.788382 0.0112821 0.109354 0.0504143 0.0061365 0.00191789 0.0325138 
0.794657 0.0107154 0.105395 0.0337651 0.0124709 0.0020766 0.0409195 
0.741307 0.0203666 0.12173 0.056285 0.0216876 0.00336766 0.035256 
0.723512 0.00915715 0.152676 0.0485901 0.0088096 0.00330724 0.053948 
0.746747 0.00877974 0.148901 0.0425058 0.00636172 0.00235093 0.0443537 
0.736178 0.0131371 0.1174 0.0774958 0.0184027 0.00206379 0.0353228 
0.725829 0.0103326 0.173109 0.0285447 0.0101648 0.00277443 0.049245 
0.768638 0.016125 0.127461 0.0319358 0.0163156 0.00356933 0.0359548 
0.790348 0.0101171 0.140748 0.0210955 0.00449886 0.0023402 0.0308526 
0.764775 0.00893586 0.151791 0.0356235 0.00445586 0.0022389 0.03218 
0.821229 0.013149 0.108563 0.0207849 0.00469001 0.00241871 0.0291649 
0.747701 0.01148 0.123529 0.0776684 0.00661169 0.00270568 0.030304 
0.809296 0.024976 0.0910617 0.0368844 0.00845304 0.00179037 0.0275385 
0.786491 0.0133283 0.0810893 0.0752054 0.0124367 0.00179094 0.0296579 
0.733009 0.0132472 0.0895924 0.109845 0.015722 0.00221728 0.0363675 
0.788382 0.0112821 0.109354 0.0504143 0.0061365 0.00191789 0.0325138 
0.794657 0.0107154 0.105395 0.0337651 0.0124709 0.0020766 0.0409195 
0.741307 0.0203666 0.12173 0.056285 0.0216876 0.00336766 0.035256 
0.723512 0.00915715 0.152676 0.0485901 0.0088096 0.00330724 0.053948 
0.746747 0.00877974 0.148901 0.0425058 0.00636172 0.00235093 0.0443537 
0.736178 0.0131371 0.1174 0.0774958 0.0184027 0.00206379 0.0353228 
0.725829 0.0103326 0.173109 0.0285447 0.0101648 0.00277443 0.049245 
0.768638 0.016125 0.127461 0.0319358 0.0163156 0.00356933 0.0359548 
0.790348 0.0101171 0.140748 0.0210955 0.00449886 0.0023402 0.0308526 
0.764775 0.00893586 0.151791 0.0356235 0.00445586 0.0022389 0.03218 
0.821229 0.013149 0.108563 0.0207849 0.00469001 0.00241871 0.0291649 
0.747701 0.01148 0.123529 0.0776684 0.00661169 0.00270568 0.030304 
0.770425 0.0118998 0.091541 0.102126 0.00408492 0.00189296 0.0180304 
0.840504 0.0176314 0.0743812 0.0387428 0.00616547 0.00235741 0.0202173 
0.818168 0.0193834 0.0847869 0.0363674 0.00889039 0.00204033 0.0303631 
0.830642 0.014803 0.0862926 0.0509241 0.00347422 0.00108581 0.0127785 
0.803802 0.0133271 0.0995532 0.0658894 0.00361964 9.98937E-4 0.0128093 
0.80624 0.0356942 0.0496684 0.0806884 0.0117416 0.00169099 0.0142766 
0.822587 0.0294805 0.0610843 0.0646859 0.00718921 0.00160608 0.0133666 
0.796479 0.0240717 0.0632478 0.0921671 0.00859699 0.00113658 0.0143008 
0.77686 0.0187223 0.0771348 0.0999109 0.00511279 0.00225878 0.0200001 
0.798168 0.0130211 0.106423 0.0645081 0.00377047 0.00101389 0.0130963 
0.831638 0.0177154 0.0866962 0.0422521 0.00437262 0.00112752 0.0161983 
0.667417 0.0128719 0.139324 0.151794 0.0062478 0.00107333 0.021272 
0.737697 0.0168952 0.128506 0.0823107 0.00608092 0.00144284 0.0270673 
0.814162 0.0150858 0.106119 0.0395323 0.0054369 0.00122091 0.0184434 
0.713644 0.00857717 0.214701 0.0458652 0.00234211 7.12833E-4 0.0141579 
0.775794 0.0143101 0.126526 0.0565588 0.00495599 0.00117585 0.0206786 
0.752657 0.0156934 0.1135 0.0747048 0.00729478 0.00196155 0.0341882 
0.765402 0.0150923 0.102598 0.0893414 0.005953 0.00105506 0.0205583 
0.648547 0.0157109 0.093873 0.208088 0.0107178 0.00161541 0.0214488 
0.75486 0.019247 0.07815 0.116933 0.00954942 0.00154902 0.019711 
0.804538 0.00898724 0.143529 0.00686837 0.00164525 0.00162627 0.0328055 
0.810642 0.00847452 0.136592 0.022103 0.00112934 0.00124435 0.0198144 
0.764889 0.0164454 0.0878772 0.0976912 0.00497986 0.00268716 0.0254299 
0.768119 0.0115415 0.124636 0.0620856 0.00284007 0.00200874 0.0287692 
0.765967 0.0126817 0.126703 0.0529595 0.002294 0.00229882 0.0370966 
0.771932 0.0148775 0.0948952 0.0786896 0.0049449 0.00289069 0.0317705 
0.789888 0.0222522 0.0651041 0.0984345 0.00764352 0.00218908 0.0144885 
0.847052 0.0206111 0.0720335 0.031782 0.00628351 0.00253047 0.0197072 
0.727635 0.0117638 0.133386 0.0830754 0.00644752 0.00132882 0.0363628 
0.718865 0.0137775 0.0843021 0.149828 0.00673307 0.00147139 0.0250229 
0.812404 0.0226475 0.0672884 0.0593512 0.0133709 0.00219888 0.0227395 
0.780635 0.0219309 0.0667664 0.0921663 0.0145628 0.00214544 0.021793 
0.784214 0.0183535 0.0564826 0.112239 0.0138306 0.0013957 0.0134841 
0.811846 0.0242206 0.0576553 0.0663315 0.0225681 0.00209667 0.015282 
0.805408 0.0224857 0.0550468 0.0794314 0.0212992 0.00186125 0.0144673 
0.780374 0.0170643 0.0955611 0.0767181 0.00780787 0.00220951 0.0202653 
0.801648 0.016709 0.0771527 0.0717648 0.0114724 0.00201094 0.0192425 
0.819982 0.0126383 0.0812119 0.0543313 0.0138242 0.00151957 0.0164923 
0.78085 0.0150997 0.0926391 0.0749036 0.00956607 0.00202308 0.0249184 
0.784187 0.0169315 0.0732481 0.0865581 0.0130417 0.00185919 0.0241742 
0.796173 0.0173542 0.0767935 0.0724346 0.0121661 0.00210566 0.022973 
0.774639 0.0191734 0.08225 0.0697451 0.0195857 0.00228883 0.0323179 
0.725883 0.0132869 0.137899 0.0856466 0.00999917 0.00116175 0.0261237 
0.7401 0.0278701 0.0738461 0.0505051 0.0642694 0.00262642 0.0407829 
0.763493 0.0473058 0.0600477 0.032378 0.0614375 0.00334367 0.0319945 
0.809296 0.024976 0.0910617 0.0368844 0.00845304 0.00179037 0.0275385 
0.786491 0.0133283 0.0810893 0.0752054 0.0124367 0.00179094 0.0296579 
0.733009 0.0132472 0.0895924 0.109845 0.015722 0.00221728 0.0363675 
0.788382 0.0112821 0.109354 0.0504143 0.0061365 0.00191789 0.0325138 
0.794657 0.0107154 0.105395 0.0337651 0.0124709 0.0020766 0.0409195 
0.741307 0.0203666 0.12173 0.056285 0.0216876 0.00336766 0.035256 
0.723512 0.00915715 0.152676 0.0485901 0.0088096 0.00330724 0.053948 
0.746747 0.00877974 0.148901 0.0425058 0.00636172 0.00235093 0.0443537 
0.736178 0.0131371 0.1174 0.0774958 0.0184027 0.00206379 0.0353228 
0.725829 0.0103326 0.173109 0.0285447 0.0101648 0.00277443 0.049245 
0.768638 0.016125 0.127461 0.0319358 0.0163156 0.00356933 0.0359548 
0.790348 0.0101171 0.140748 0.0210955 0.00449886 0.0023402 0.0308526 
0.764775 0.00893586 0.151791 0.0356235 0.00445586 0.0022389 0.03218 
0.821229 0.013149 0.108563 0.0207849 0.00469001 0.00241871 0.0291649 
0.747701 0.01148 0.123529 0.0776684 0.00661169 0.00270568 0.030304 
0.790349 0.0346827 0.0511114 0.0812594 0.0180001 0.00329442 0.0213026 
0.802054 0.0324904 0.0575661 0.0590932 0.0173933 0.00468795 0.0267148 
0.753724 0.0334756 0.0534348 0.096694 0.0335197 0.00547957 0.0236719 
0.705031 0.0332634 0.0670708 0.134226 0.025592 0.00554505 0.0292711 
0.686562 0.0339065 0.0611651 0.151911 0.0337253 0.00461858 0.0281112 
0.711582 0.0294315 0.0793225 0.102484 0.0363221 0.00637102 0.0344874 
0.754464 0.0263857 0.0960921 0.0744231 0.0203564 0.00273292 0.0255455 
0.717273 0.0209042 0.142275 0.0729695 0.013457 0.00293843 0.0301828 
0.76585 0.0224148 0.124247 0.0391689 0.0180384 0.00285232 0.0274289 
0.77351 0.0222053 0.0920066 0.0608727 0.0200154 0.00335277 0.0280372 
0.779782 0.0214731 0.0779967 0.0775918 0.0178362 0.00259195 0.0227279 
0.699296 0.0231154 0.059551 0.173416 0.0225511 0.00321136 0.0188597 
0.693375 0.0198147 0.0809937 0.134715 0.0342499 0.00417545 0.0326766 
0.752453 0.0294752 0.0624779 0.0989408 0.0262249 0.00422571 0.0262029 
0.688746 0.0515627 0.06343 0.11093 0.0533522 0.00751854 0.0244602 
0.730238 0.0315852 0.0786846 0.0872099 0.0332414 0.00491751 0.0341234 
0.78627 0.0410136 0.0538903 0.0601282 0.0316369 0.00263498 0.0244264 
0.800176 0.0613494 0.0783315 0.00436421 0.0072564 0.00809275 0.0404301 
0.801897 0.0273241 0.107149 0.024291 0.0100005 0.00427745 0.0250608 
0.679345 0.0317284 0.0807301 0.168099 0.0155935 0.00369739 0.0208071 
0.718372 0.0444683 0.0655305 0.124417 0.0130865 0.00418017 0.0299452 
0.773352 0.0211344 0.071578 0.0938093 0.00947624 0.00251344 0.0281369 
0.75195 0.0485808 0.0818639 0.0639253 0.0207611 0.00456866 0.0283502 
0.737991 0.025911 0.104789 0.0834093 0.0136103 0.00428875 0.0300008 
0.746283 0.0343504 0.0712766 0.109291 0.0146903 0.00370015 0.0204079 
0.790372 0.041373 0.0650607 0.0661989 0.0129043 0.00293436 0.0211571 
0.83088 0.0279381 0.0862083 0.013418 0.00679925 0.00294129 0.031815 
0.784751 0.0141396 0.114792 0.0395088 0.00653328 0.002412 0.0378633 
0.789506 0.0304672 0.0663132 0.064745 0.0217867 0.00251957 0.0246624 
0.801903 0.0373812 0.0509939 0.0526026 0.0374867 0.002708 0.0169249 
0.816995 0.0471627 0.0722246 0.0196608 0.0102854 0.00424083 0.0294302 
0.784617 0.0389999 0.0734581 0.0566913 0.0131075 0.00419855 0.0289278 
0.717601 0.0336275 0.0741092 0.108376 0.0318058 0.00557063 0.0289092 
0.751563 0.0404339 0.0740835 0.0688311 0.0317644 0.00615543 0.0271684 
0.751385 0.0384089 0.0794326 0.0634867 0.0356965 0.00560315 0.0259871 
0.768604 0.056059 0.0592495 0.0480493 0.0425197 0.00299268 0.0225257 
0.757726 0.0290771 0.0672004 0.0982764 0.0299145 0.00262235 0.0151831 
0.723057 0.0259028 0.10087 0.112627 0.0117512 0.00217191 0.0236197 
0.764388 0.0330647 0.0815932 0.0763507 0.0217942 0.00218777 0.0206211 
0.811926 0.0215732 0.084242 0.0559561 0.00841857 0.00210177 0.0157819 
0.779614 0.0222826 0.0816912 0.0839954 0.00922471 0.00195495 0.0212368 
0.750302 0.035137 0.0490328 0.104694 0.037933 0.00357864 0.0193218 
0.746235 0.0225351 0.067717 0.120989 0.015154 0.00422789 0.0231429 
0.549715 0.0443745 0.0625137 0.243536 0.064383 0.0111131 0.0243652 
0.770396 0.031822 0.0704665 0.0729019 0.0147262 0.004043 0.0356442 
0.627986 0.032711 0.0643781 0.213867 0.0287107 0.00545467 0.0268929 
0.6246 0.0426573 0.0675547 0.200708 0.0316516 0.00726731 0.0255608 
0.740997 0.0480807 0.0581855 0.0660407 0.0512977 0.00690236 0.0284962 
0.753214 0.0681135 0.0634477 0.0195406 0.0518806 0.00536547 0.0384382 
0.795425 0.0295224 0.0936404 0.0383721 0.0134587 0.00265713 0.0269239 
0.763981 0.0260184 0.0765957 0.0843016 0.0236616 0.00350201 0.0219394 
0.780996 0.0308286 0.0746556 0.0699884 0.0169463 0.00284094 0.0237441 
0.743653 0.0462447 0.0893259 0.0735391 0.0242961 0.00220984 0.020731 
0.79317 0.0365012 0.11419 0.0267623 0.00425445 0.00230783 0.0228138 
0.804436 0.0192982 0.106065 0.0445247 0.00317636 0.00186689 0.020632 
0.755401 0.0214271 0.109506 0.0822753 0.00596211 0.00272969 0.0226989 
0.774963 0.0232312 0.0849658 0.0819787 0.00651429 0.00325141 0.0250961 
0.812713 0.0214079 0.101236 0.0401766 0.00390406 0.00207098 0.0184913 
0.774056 0.0306915 0.0761167 0.0891325 0.00923423 0.00243369 0.0183351 
0.792695 0.0239832 0.0748213 0.0675692 0.0195766 0.00286931 0.0184856 
0.805102 0.028501 0.0947626 0.035627 0.0112184 0.0031343 0.021655 
0.807299 0.0277178 0.0864829 0.0338391 0.0185772 0.00351255 0.0225717 
0.798457 0.00542199 0.106946 0.0103767 0.0127728 0.00236528 0.0636609 
0.827186 0.0108988 0.0695499 0.0173448 0.0047021 0.00216351 0.0681552 
0.625761 0.00818065 0.0768346 0.259557 0.00359497 0.0031296 0.0229423 
0.59986 0.00696068 0.0751279 0.286047 0.00578285 0.00624088 0.01998 
0.76747 0.00383271 0.108173 0.0607547 0.00884366 0.00403568 0.0468902 
0.809642 0.00705158 0.0663053 0.0673597 0.00806735 0.00533839 0.0362351 
0.786729 0.00600121 0.087813 0.0448118 0.00642108 0.00474966 0.0634742 
0.71945 0.00941119 0.05918 0.161165 0.0130463 0.00424712 0.0335009 
0.73585 0.0162019 0.036976 0.14961 0.0296678 0.00622961 0.0254651 
0.598844 0.00906754 0.0601706 0.259235 0.0355907 0.00596549 0.031127 
0.580455 0.015679 0.0447034 0.255771 0.05543 0.00684029 0.0411222 
0.668418 0.0250065 0.0413298 0.192104 0.0321599 0.00527666 0.0357056 
0.74521 0.0304572 0.0493444 0.0967534 0.0144513 0.00936984 0.0544143 
0.672426 0.0184711 0.0693578 0.0684609 0.0468862 0.00672121 0.117677 
0.721626 0.0142695 0.0680654 0.0961126 0.0205858 0.00689783 0.0724434 
0.660074 0.017147 0.0559625 0.207677 0.0105857 0.00436429 0.0441898 
0.480904 0.0147166 0.124373 0.190763 0.00809036 0.0142923 0.166861 
0.524523 0.0104888 0.123157 0.142226 0.0104781 0.00826034 0.180867 
0.464511 0.013016 0.0944728 0.351867 0.00521174 0.00486257 0.0660593 
0.573627 0.012021 0.0805645 0.263195 0.00622072 0.00359037 0.0607818 
0.524937 0.00906435 0.093036 0.291797 0.00898554 0.00620527 0.0659751 
0.728863 0.0130994 0.0678637 0.12159 0.0073418 0.00485942 0.0563835 
0.596361 0.0105038 0.0549813 0.264775 0.0186898 0.00767014 0.0470182 
0.481645 0.00830842 0.0490662 0.383197 0.0275029 0.00842925 0.041851 
0.270082 0.00625357 0.0243046 0.562243 0.105671 0.00620993 0.0252356 
0.385165 0.00795295 0.0281696 0.467605 0.0805852 0.00554224 0.0249798 
0.739436 0.00999234 0.107703 0.0480728 0.00445736 0.00371958 0.086619 
0.779537 0.0109741 0.0805915 0.053605 0.00428461 0.00463927 0.0663689 
0.791331 0.0153892 0.0726229 0.054487 0.00666132 0.00466343 0.0548455 
0.765609 0.0112222 0.0826643 0.0736477 0.00698353 0.00369644 0.0561771 
0.699802 0.00930895 0.0918463 0.119296 0.00808036 0.00417924 0.0674867 
0.697557 0.00746706 0.111083 0.0777072 0.00554285 0.00438403 0.0962582 
0.745874 0.00920645 0.0948954 0.0730062 0.0084959 0.00465963 0.0638629 
0.689542 0.00770353 0.116681 0.0618311 0.0116705 0.00547118 0.107101 
0.737007 0.00756583 0.108153 0.0376417 0.0146364 0.00560769 0.0893883 
0.765447 0.00973707 0.0906116 0.0523316 0.0086778 0.00620193 0.0669934 
0.755647 0.0107631 0.0777819 0.0922619 0.0112572 0.00587756 0.0464111 
0.764023 0.0120016 0.0764595 0.0831999 0.00828386 0.00494478 0.0510872 
0.743557 0.0111871 0.0866202 0.0861048 0.00782532 0.00648086 0.0582245 
0.69884 0.0109039 0.0922511 0.122475 0.00710986 0.00495999 0.0634603 
0.627659 0.00915907 0.100166 0.168479 0.011433 0.0062782 0.0768253 
0.82224 0.00956163 0.0749946 0.0200535 0.00828579 0.00680824 0.0580566 
0.777766 0.00906638 0.0814023 0.0708399 0.00643315 0.0061269 0.0483656 
0.763939 0.00737549 0.1064 0.0143091 0.00419208 0.00504442 0.0987398 
0.737977 0.0080218 0.100265 0.0570936 0.00578458 0.00577252 0.0850852 
0.751842 0.0128723 0.0840163 0.0816872 0.00555674 0.0060751 0.0579499 
0.801962 0.0131103 0.0781686 0.0516787 0.00456832 0.00675868 0.0437533 
0.7588 0.0085467 0.0857648 0.079488 0.00726432 0.00525584 0.0548803 
0.736714 0.00879475 0.081786 0.0908284 0.00624998 0.00501778 0.0706095 
0.639022 0.00717707 0.110999 0.139415 0.0082383 0.00632673 0.0888225 
0.679321 0.00950472 0.0861529 0.12903 0.00617753 0.00658124 0.0832325 
0.739436 0.00999234 0.107703 0.0480728 0.00445736 0.00371958 0.086619 
0.779537 0.0109741 0.0805915 0.053605 0.00428461 0.00463927 0.0663689 
0.791331 0.0153892 0.0726229 0.054487 0.00666132 0.00466343 0.0548455 
0.765609 0.0112222 0.0826643 0.0736477 0.00698353 0.00369644 0.0561771 
0.699802 0.00930895 0.0918463 0.119296 0.00808036 0.00417924 0.0674867 
0.697557 0.00746706 0.111083 0.0777072 0.00554285 0.00438403 0.0962582 
0.745874 0.00920645 0.0948954 0.0730062 0.0084959 0.00465963 0.0638629 
0.689542 0.00770353 0.116681 0.0618311 0.0116705 0.00547118 0.107101 
0.737007 0.00756583 0.108153 0.0376417 0.0146364 0.00560769 0.0893883 
0.765447 0.00973707 0.0906116 0.0523316 0.0086778 0.00620193 0.0669934 
0.755647 0.0107631 0.0777819 0.0922619 0.0112572 0.00587756 0.0464111 
0.764023 0.0120016 0.0764595 0.0831999 0.00828386 0.00494478 0.0510872 
0.743557 0.0111871 0.0866202 0.0861048 0.00782532 0.00648086 0.0582245 
