0.373177 0.309662 0.0130376 0.27087 0.0155525 0.00804221 0.00965877 
0.360548 0.230365 0.00993378 0.355149 0.0315429 0.0053707 0.00709129 
0.129531 0.0661923 0.00611312 0.759717 0.031928 0.00227914 0.00423953 
0.230245 0.158453 0.00964046 0.568756 0.0219602 0.00448451 0.00646102 
0.289398 0.239015 0.0134304 0.407211 0.0296373 0.00982201 0.0114861 
0.280884 0.293612 0.0133256 0.363944 0.0259319 0.0108438 0.0114587 
0.384201 0.229829 0.0118398 0.325662 0.0288276 0.00864581 0.0109947 
0.487 0.226793 0.0146649 0.242123 0.0119601 0.00716398 0.0102941 
0.382542 0.238331 0.0153032 0.328316 0.015774 0.00873497 0.0109986 
0.470113 0.289774 0.0129355 0.187795 0.0182506 0.00966447 0.0114666 
0.399645 0.379555 0.0110709 0.172699 0.0172306 0.0098587 0.00993988 
0.341573 0.32267 0.0135028 0.280394 0.0210526 0.00888735 0.0119204 
0.26755 0.263348 0.0143347 0.415687 0.0170802 0.00997808 0.0120216 
0.329551 0.154583 0.0143371 0.474713 0.00970185 0.00788296 0.00923193 
0.331208 0.192053 0.0171329 0.433885 0.0081154 0.00798507 0.00962049 
0.843031 0.0249869 0.0376152 0.0399389 0.00196357 0.00958539 0.042879 
0.859382 0.0223566 0.0373503 0.0285354 0.00202848 0.00985782 0.0404889 
0.823068 0.0196465 0.0340714 0.0751588 0.00297211 0.0101604 0.0349225 
0.827782 0.0201124 0.0361625 0.0473902 0.00357196 0.00884802 0.0561332 
0.817427 0.0165116 0.0414518 0.0510101 0.0029636 0.0101949 0.0604407 
0.848815 0.0202768 0.0374673 0.0313274 0.00348872 0.0103043 0.0483201 
0.819432 0.018342 0.0437472 0.040053 0.00249262 0.0128462 0.063087 
0.79179 0.0173894 0.0504668 0.038613 0.00209481 0.0123965 0.0872497 
0.813156 0.0165916 0.0463152 0.0236032 0.00227666 0.0109183 0.0871395 
0.831119 0.0168325 0.0419548 0.0289053 0.00321817 0.00812894 0.0698418 
0.829529 0.017528 0.0400304 0.0438308 0.00370307 0.00964168 0.0557371 
0.818727 0.0155102 0.0453768 0.035121 0.00298189 0.00939202 0.0728907 
0.78405 0.0144087 0.0541777 0.0315568 0.00229942 0.00871381 0.104793 
0.817728 0.0148211 0.050176 0.0456384 0.00276391 0.0081554 0.060717 
0.810412 0.0135533 0.0489572 0.0277091 0.00307356 0.00912676 0.0871681 
0.799122 0.0128888 0.0503888 0.0213983 0.00251391 0.0101007 0.103587 
0.834648 0.0150493 0.0425856 0.027622 0.00351885 0.00586556 0.0707105 
0.830628 0.0179366 0.0424252 0.0179831 0.00309168 0.00709796 0.0808374 
0.831485 0.0164194 0.0417213 0.0208562 0.00299933 0.00725336 0.0792659 
0.84917 0.0133287 0.0412477 0.0348782 0.00396201 0.0072832 0.0501302 
0.831547 0.0162003 0.0364712 0.0397761 0.00636194 0.00778404 0.0618596 
0.834893 0.0191144 0.0337443 0.0517649 0.00847984 0.00861423 0.0433892 
0.848262 0.0176421 0.0378331 0.0396766 0.00304973 0.00780735 0.0457289 
0.841541 0.0231495 0.0383427 0.0539466 0.00275197 0.00662821 0.0336405 
0.84975 0.020167 0.0383491 0.0429239 0.00398002 0.0072458 0.037584 
0.851432 0.0218398 0.0347884 0.0403809 0.00360445 0.00769711 0.0402569 
0.852731 0.0238647 0.0306323 0.0445613 0.0052512 0.0063601 0.0365991 
0.849037 0.0252794 0.0340116 0.0300699 0.00399863 0.00718702 0.0504161 
0.831293 0.0146227 0.0403235 0.0539854 0.00377822 0.00662222 0.049375 
0.830323 0.0151039 0.0458608 0.0312227 0.00462287 0.0114774 0.0613891 
0.819987 0.0136188 0.0493512 0.0155755 0.00328811 0.00952486 0.0886545 
