0.110715 0.743139 0.00209075 0.122402 0.016082 0.00360125 0.00196993 
0.0874012 0.761349 0.00208393 0.127681 0.016346 0.00309324 0.00204598 
0.0951682 0.728939 0.0016751 0.120015 0.0480868 0.00385001 0.0022658 
0.0988772 0.719691 0.0015473 0.124426 0.0494957 0.00418894 0.00177365 
0.115618 0.732532 0.00185923 0.113217 0.0318395 0.00312437 0.00180979 
0.0869934 0.62497 0.00307932 0.189889 0.0871761 0.00449273 0.00339876 
0.0661582 0.798442 0.00132001 0.0983771 0.0310377 0.00208104 0.00258382 
0.0708395 0.793633 0.00118365 0.097598 0.0319228 0.00246208 0.00236069 
0.0705039 0.818083 0.00103758 0.0703913 0.0353863 0.00268965 0.00190792 
0.0675632 0.80008 0.00116134 0.0697064 0.0567623 0.00296657 0.00176047 
0.0581086 0.843164 0.00106206 0.0617203 0.0322325 0.00212342 0.00158882 
0.0531795 0.873888 7.62165E-4 0.0366885 0.0315434 0.0023993 0.00153924 
0.0720676 0.825427 0.0012738 0.0763258 0.0206554 0.00242875 0.00182148 
0.076497 0.877417 9.51609E-4 0.0286382 0.0121225 0.00305703 0.00131697 
0.0932606 0.851138 0.0010918 0.0384828 0.0111327 0.00351363 0.00138053 
0.10409 0.854377 0.0013924 0.0273284 0.00611192 0.00440238 0.00229818 
0.0842943 0.869222 0.00117933 0.0331946 0.00675902 0.00330003 0.00205082 
0.0947533 0.852001 0.00146529 0.0396825 0.00674719 0.00324925 0.00210162 
0.118229 0.826539 0.00150281 0.0373774 0.0102828 0.00344457 0.00262375 
0.137421 0.790053 0.00189081 0.0529787 0.0107644 0.0042829 0.00260935 
0.128749 0.775791 0.00247013 0.0770445 0.00860551 0.00385628 0.00348276 
0.161166 0.745194 0.00325409 0.0757103 0.00640947 0.00453246 0.0037342 
0.149851 0.801249 0.00287574 0.0327388 0.00555279 0.00460688 0.00312518 
0.218661 0.596228 0.00394205 0.15648 0.0169036 0.00386758 0.00391842 
0.341051 0.492631 0.00501785 0.135985 0.0158111 0.00557801 0.0039261 
0.15397 0.753273 0.00210335 0.069878 0.0138586 0.00375635 0.00316044 
0.207273 0.670534 0.00333629 0.0990689 0.0113295 0.00460177 0.00385647 
0.16099 0.745863 0.0024096 0.0710717 0.0115777 0.00447836 0.00360877 
0.215083 0.653207 0.00273717 0.0999049 0.0213352 0.00409013 0.00364243 
0.207275 0.700859 0.00302737 0.0702521 0.0099541 0.00428153 0.0043508 
0.280705 0.621622 0.00497372 0.0780402 0.00611454 0.00445804 0.00408621 
0.304252 0.585324 0.00470562 0.087484 0.00872151 0.004949 0.00456364 
0.285169 0.538463 0.00451307 0.151297 0.0128814 0.00343518 0.00424193 
0.438892 0.386989 0.00763926 0.146229 0.0106327 0.00463962 0.0049786 
0.606048 0.154317 0.0144612 0.205538 0.00832946 0.004727 0.0065783 
0.416604 0.12735 0.0121443 0.418455 0.0129045 0.00492897 0.00761448 
0.523852 0.0998495 0.0150558 0.340579 0.00633889 0.00482464 0.00950036 
0.56203 0.0601406 0.0202285 0.334327 0.0036698 0.00484667 0.0147579 
0.626299 0.0872042 0.01841 0.236278 0.00603142 0.00789723 0.0178808 
0.376141 0.0658719 0.0173888 0.517874 0.00480915 0.00340989 0.0145054 
0.778564 0.0684275 0.0197061 0.0885427 0.00791067 0.00721982 0.0296296 
0.841723 0.030276 0.0319842 0.050747 0.00339522 0.00622286 0.0356515 
0.741771 0.042715 0.0226097 0.167551 0.00499931 0.00674688 0.0136067 
0.73161 0.0414793 0.0254774 0.164364 0.00482905 0.0102745 0.0219661 
0.705234 0.028376 0.0260143 0.201748 0.00676779 0.00817774 0.0236824 
0.590524 0.279075 0.0125375 0.0865593 0.0106859 0.0101639 0.0104543 
0.585817 0.278861 0.0157686 0.0951025 0.00577221 0.00885266 0.00982533 
0.597653 0.229253 0.0175907 0.130404 0.00612006 0.00841646 0.0105624 
0.581599 0.265896 0.0106351 0.0986698 0.0198439 0.012071 0.0112855 
0.585933 0.187621 0.0139522 0.18239 0.0110549 0.00778658 0.011262 
0.557502 0.248413 0.0126525 0.14546 0.0132042 0.0100114 0.012756 
0.642144 0.183093 0.0167041 0.125287 0.00799538 0.0118716 0.0129049 
0.565261 0.196658 0.0140529 0.19295 0.00855993 0.0103496 0.0121682 
0.624655 0.182275 0.0181851 0.148763 0.00509126 0.00819071 0.0128408 
0.592868 0.252735 0.0134188 0.109835 0.00886328 0.00927722 0.0130034 
0.630591 0.216178 0.0192696 0.0945462 0.00641423 0.0146113 0.0183898 
0.543384 0.340297 0.0113208 0.069203 0.0111145 0.0109762 0.0137048 
0.650338 0.195517 0.0155296 0.10953 0.00858737 0.00874938 0.0117489 
0.725928 0.136709 0.015857 0.0883148 0.00961123 0.0105921 0.0129874 
0.72934 0.139256 0.0185296 0.0741383 0.00990056 0.0103249 0.0185112 
0.755746 0.0941675 0.0171755 0.0982894 0.00916933 0.0108646 0.0145883 
0.760357 0.09721 0.0146138 0.0917239 0.0124228 0.0100005 0.0136725 
0.76025 0.104321 0.0175951 0.0851219 0.00851301 0.010453 0.0137457 
0.762146 0.110284 0.0193235 0.0722487 0.00809273 0.00931774 0.0185877 
0.706094 0.123975 0.0195365 0.115298 0.00738682 0.0110552 0.0166546 
0.738094 0.128393 0.0240182 0.0638637 0.00565592 0.012851 0.027124 
0.701014 0.148161 0.0246669 0.0892362 0.00420614 0.0121954 0.0205205 
0.674074 0.138369 0.0204009 0.131407 0.00533203 0.0126229 0.0177954 
0.680687 0.127152 0.0182002 0.137432 0.00685527 0.012058 0.0176153 
0.649193 0.120017 0.0201013 0.182213 0.00474692 0.0093056 0.014424 
0.674844 0.14767 0.015101 0.132315 0.0082078 0.0109563 0.0109049 
0.717096 0.154677 0.0194383 0.0741498 0.00464662 0.014764 0.0152284 
0.659245 0.167193 0.0186726 0.121251 0.00486299 0.0158594 0.0129161 
0.558948 0.172052 0.0166255 0.226163 0.00705922 0.00841711 0.0107355 
0.632528 0.165697 0.0165189 0.152786 0.00644396 0.0134789 0.0125466 
0.475499 0.162132 0.0178325 0.315793 0.00510052 0.0133228 0.0103202 
0.59522 0.170081 0.0182512 0.190799 0.00534625 0.0106358 0.00966732 
0.494602 0.168514 0.0188976 0.289234 0.00648373 0.0111865 0.0110821 
0.617452 0.152013 0.019412 0.184871 0.00533297 0.00911309 0.0118054 
0.627059 0.170467 0.0220024 0.152652 0.00394061 0.0118901 0.0119882 
0.627466 0.127428 0.0203016 0.200564 0.00419973 0.0106407 0.00939932 
0.641688 0.113777 0.0190378 0.201567 0.00459217 0.0101142 0.00922364 
0.667529 0.156564 0.0195924 0.122341 0.00497991 0.0148314 0.0141629 
0.680887 0.13046 0.021353 0.141411 0.0043706 0.0101537 0.0113647 
0.637523 0.126674 0.0182582 0.194681 0.00466581 0.00905772 0.00914049 
0.685862 0.109081 0.0206642 0.157713 0.00422214 0.0101764 0.0122816 
0.69682 0.140728 0.020824 0.11143 0.00372238 0.0119825 0.0144924 
0.71068 0.127533 0.0227617 0.110128 0.00357293 0.011177 0.0141476 
0.683335 0.0990675 0.0279589 0.161605 0.00265851 0.00980028 0.0155746 
0.744561 0.0987359 0.0201471 0.107333 0.00495083 0.0113092 0.0129631 
0.661592 0.0207591 0.0889249 0.0616901 0.121155 0.00350935 0.0423692 
0.631843 0.0205247 0.111732 0.0797245 0.101553 0.00482195 0.0498001 
0.634345 0.0256454 0.120861 0.0478588 0.112745 0.00526415 0.0532811 
0.602746 0.0232698 0.133269 0.0491207 0.127089 0.00491575 0.0595904 
0.651695 0.0161709 0.146832 0.0631033 0.0610722 0.00338778 0.0577379 
0.660281 0.0156185 0.125084 0.0901018 0.0487738 0.00336043 0.0567811 
0.621854 0.0120205 0.154313 0.0842655 0.0417783 0.0034098 0.0823594 
0.631728 0.0127115 0.161792 0.0739442 0.0287634 0.00272313 0.0883381 
0.652424 0.0210726 0.108535 0.103592 0.0533401 0.003335 0.057702 
0.628763 0.0205617 0.0673903 0.129825 0.110297 0.00278411 0.0403783 
0.599732 0.0165824 0.0924105 0.164088 0.075922 0.00308269 0.0481824 
0.587645 0.0205826 0.124481 0.0733106 0.11623 0.00370784 0.0740432 
0.549769 0.0140984 0.130228 0.137079 0.0949913 0.003489 0.0703454 
0.526508 0.0154193 0.151001 0.133954 0.101482 0.0040673 0.0675679 
0.578313 0.0170348 0.123055 0.110914 0.108545 0.00409099 0.058046 
0.591224 0.019481 0.142149 0.0573009 0.1135 0.00394646 0.072399 
0.545152 0.0181315 0.141241 0.0623278 0.158022 0.00462717 0.0704984 
0.594775 0.0141914 0.177262 0.0515561 0.0629524 0.00369883 0.0955643 
0.607003 0.0161532 0.131114 0.104613 0.0740549 0.00457962 0.0624818 
0.695543 0.0170633 0.137519 0.0335947 0.0466263 0.003054 0.0666002 
0.633327 0.0148246 0.178181 0.0394156 0.0480429 0.00353869 0.0826703 
0.620979 0.0155905 0.170249 0.0545516 0.061383 0.00417839 0.0730689 
0.69855 0.0150705 0.1308 0.0437746 0.0432066 0.00369484 0.0649034 
0.707477 0.0159247 0.128421 0.0345294 0.0480628 0.00430439 0.0612811 
0.762174 0.0185266 0.0838477 0.0384407 0.0532496 0.00387288 0.0398884 
0.772076 0.0110563 0.0850568 0.0590214 0.0304366 0.0026815 0.0396715 
0.729014 0.0126731 0.069862 0.106095 0.0421036 0.00282892 0.0374235 
0.767243 0.0126318 0.06713 0.0832286 0.0332222 0.00248394 0.0340603 
0.737472 0.0136299 0.0950096 0.0516332 0.0508362 0.00331996 0.0480995 
0.718479 0.0149074 0.0918825 0.0670532 0.0619018 0.00408349 0.041693 
0.531318 0.0131795 0.382726 0.0112944 0.0220725 0.00632313 0.033086 
0.459253 0.0209591 0.415911 0.00737754 0.0489886 0.00923627 0.0382746 
0.677212 0.0144966 0.201526 0.0204925 0.0400208 0.00384674 0.0424058 
0.733615 0.0133276 0.182062 0.0276562 0.0164272 0.00227849 0.024633 
0.378953 0.0355043 0.441515 0.00979752 0.0864125 0.0131981 0.0346193 
0.18619 0.0133513 0.718165 0.00652094 0.0385531 0.00726361 0.0299564 
0.276195 0.0156048 0.559442 0.0115444 0.0544954 0.00498364 0.0777353 
0.448138 0.0127196 0.401268 0.0301764 0.0337671 0.00369677 0.0702342 
0.384539 0.00988045 0.478512 0.0294728 0.029004 0.00398367 0.0646078 
0.524514 0.0131227 0.327047 0.0332777 0.0455617 0.00413709 0.0523396 
0.517207 0.0165081 0.301027 0.0325343 0.0834953 0.00398083 0.0452479 
0.607918 0.0163657 0.251422 0.0304899 0.0406126 0.003464 0.0497274 
0.542493 0.0132281 0.331783 0.00998064 0.0328389 0.0038241 0.0658522 
0.453841 0.0131398 0.411244 0.0118456 0.0444004 0.00559274 0.0599371 
0.445548 0.0112796 0.406593 0.00811519 0.0327876 0.00365763 0.0920197 
0.541611 0.0169559 0.295853 0.00900233 0.0474008 0.00401482 0.0851624 
0.595275 0.00940243 0.28161 0.00902516 0.0150669 0.00224403 0.0873768 
0.727191 0.0140021 0.202192 0.00935538 0.00966387 0.00195844 0.0356371 
0.692843 0.0214022 0.201102 0.00738676 0.0248618 0.00455696 0.0478472 
0.701943 0.0271337 0.139035 0.00688702 0.062172 0.00355234 0.0592764 
0.680068 0.033807 0.118462 0.00978953 0.113017 0.00539103 0.0394656 
0.696654 0.024442 0.186983 0.00845261 0.0446109 0.00643062 0.0324267 
0.641756 0.0175044 0.27822 0.0037008 0.00884218 0.0126031 0.0373738 
0.616032 0.01717 0.293132 0.00385042 0.00760997 0.00836994 0.0538355 
0.757125 0.0125309 0.168151 0.0120551 0.00600401 0.00298932 0.0411447 
0.8351 0.0186762 0.0927565 0.0256119 0.00411073 0.00257952 0.0211648 
0.84268 0.0202931 0.0835625 0.0241349 0.006238 0.00263111 0.0204599 
0.847183 0.0263846 0.067696 0.0338394 0.00529681 0.00235817 0.0172422 
0.846876 0.0177976 0.0739537 0.0244281 0.00514388 0.00268124 0.0291191 
0.846373 0.0223076 0.0730146 0.0219744 0.00424616 0.00255834 0.0295259 
0.531318 0.0131795 0.382726 0.0112944 0.0220725 0.00632313 0.033086 
0.459253 0.0209591 0.415911 0.00737754 0.0489886 0.00923627 0.0382746 
0.677212 0.0144966 0.201526 0.0204925 0.0400208 0.00384674 0.0424058 
0.733615 0.0133276 0.182062 0.0276562 0.0164272 0.00227849 0.024633 
0.378953 0.0355043 0.441515 0.00979752 0.0864125 0.0131981 0.0346193 
0.18619 0.0133513 0.718165 0.00652094 0.0385531 0.00726361 0.0299564 
0.276195 0.0156048 0.559442 0.0115444 0.0544954 0.00498364 0.0777353 
0.448138 0.0127196 0.401268 0.0301764 0.0337671 0.00369677 0.0702342 
0.384539 0.00988045 0.478512 0.0294728 0.029004 0.00398367 0.0646078 
0.524514 0.0131227 0.327047 0.0332777 0.0455617 0.00413709 0.0523396 
0.517207 0.0165081 0.301027 0.0325343 0.0834953 0.00398083 0.0452479 
0.607918 0.0163657 0.251422 0.0304899 0.0406126 0.003464 0.0497274 
0.542493 0.0132281 0.331783 0.00998064 0.0328389 0.0038241 0.0658522 
0.453841 0.0131398 0.411244 0.0118456 0.0444004 0.00559274 0.0599371 
0.445548 0.0112796 0.406593 0.00811519 0.0327876 0.00365763 0.0920197 
0.541611 0.0169559 0.295853 0.00900233 0.0474008 0.00401482 0.0851624 
0.595275 0.00940243 0.28161 0.00902516 0.0150669 0.00224403 0.0873768 
0.727191 0.0140021 0.202192 0.00935538 0.00966387 0.00195844 0.0356371 
0.692843 0.0214022 0.201102 0.00738676 0.0248618 0.00455696 0.0478472 
0.701943 0.0271337 0.139035 0.00688702 0.062172 0.00355234 0.0592764 
0.680068 0.033807 0.118462 0.00978953 0.113017 0.00539103 0.0394656 
0.696654 0.024442 0.186983 0.00845261 0.0446109 0.00643062 0.0324267 
0.641756 0.0175044 0.27822 0.0037008 0.00884218 0.0126031 0.0373738 
0.616032 0.01717 0.293132 0.00385042 0.00760997 0.00836994 0.0538355 
0.757125 0.0125309 0.168151 0.0120551 0.00600401 0.00298932 0.0411447 
0.8351 0.0186762 0.0927565 0.0256119 0.00411073 0.00257952 0.0211648 
0.84268 0.0202931 0.0835625 0.0241349 0.006238 0.00263111 0.0204599 
0.847183 0.0263846 0.067696 0.0338394 0.00529681 0.00235817 0.0172422 
0.846876 0.0177976 0.0739537 0.0244281 0.00514388 0.00268124 0.0291191 
0.846373 0.0223076 0.0730146 0.0219744 0.00424616 0.00255834 0.0295259 
0.727967 0.0109499 0.115786 0.0684731 0.0213751 0.00268658 0.0527632 
0.782517 0.0184289 0.092386 0.0386078 0.0273353 0.00381884 0.0369063 
0.737495 0.012865 0.11706 0.0446816 0.0313259 0.00322081 0.0533518 
0.660473 0.0186263 0.0983709 0.0685154 0.100586 0.00468008 0.0487477 
0.733285 0.0186701 0.108447 0.0373976 0.0510614 0.0041917 0.0469473 
0.747525 0.0190621 0.089116 0.032819 0.0649652 0.00403006 0.0424821 
0.753999 0.0177912 0.0899294 0.034605 0.0588667 0.00381212 0.0409968 
0.788726 0.0176407 0.0580136 0.0399998 0.0598476 0.00334912 0.0324233 
0.788119 0.0171295 0.105929 0.015566 0.0228497 0.00361474 0.0467928 
0.790245 0.0177697 0.0822878 0.035702 0.0333852 0.00312781 0.0374824 
0.776209 0.0240589 0.0890093 0.0249826 0.039637 0.00300508 0.0430979 
0.749278 0.0194618 0.116784 0.029343 0.0313777 0.0030432 0.0507118 
0.786439 0.0205653 0.0706164 0.0500998 0.0399301 0.00262202 0.0297273 
0.767755 0.0225618 0.0979411 0.0303008 0.0397584 0.00346978 0.0382133 
0.710414 0.0213049 0.129247 0.0200933 0.0598691 0.00429084 0.0547814 
0.643501 0.0164294 0.185178 0.0159353 0.0574203 0.003869 0.0776672 
0.671504 0.0224017 0.144497 0.0101951 0.0694608 0.00504803 0.0768929 
0.698519 0.023415 0.112705 0.0124199 0.0844043 0.00443738 0.0641 
0.755511 0.0173272 0.100514 0.0183462 0.0518012 0.00337715 0.053124 
0.749392 0.0157476 0.1211 0.00955143 0.0228217 0.00289019 0.0784964 
0.727631 0.0172462 0.125934 0.01383 0.0402558 0.00396008 0.0711431 
0.737119 0.0130796 0.145777 0.014462 0.0186769 0.00281125 0.0680749 
0.734412 0.0197506 0.140741 0.0142439 0.0274052 0.00418249 0.059265 
0.730274 0.0183232 0.136253 0.0196193 0.0400604 0.00333066 0.0521397 
0.739307 0.0224892 0.104139 0.0219078 0.0632435 0.00378907 0.0451242 
0.741816 0.0160707 0.115478 0.0290999 0.0444344 0.00320849 0.0498925 
0.763148 0.0197415 0.101627 0.0294341 0.0415611 0.00318879 0.0412995 
0.779033 0.0169892 0.0954836 0.0404567 0.0307758 0.00279881 0.0344632 
0.776889 0.0216748 0.0993879 0.0304478 0.0291797 0.00248124 0.0399392 
0.732222 0.0137776 0.129511 0.0382959 0.0327371 0.00191811 0.0515387 
0.755899 0.0122049 0.158679 0.0242546 0.00330177 0.00475947 0.0409015 
0.838908 0.0226089 0.0785589 0.02188 0.00561539 0.00380604 0.0286227 
0.765583 0.0262931 0.116137 0.015596 0.0125412 0.00735806 0.0564918 
0.800306 0.0187829 0.0754822 0.0355737 0.00876959 0.00494425 0.0561415 
0.80885 0.0311177 0.0640897 0.029357 0.0167193 0.00678286 0.043083 
0.830449 0.0510054 0.0433304 0.0352737 0.0107356 0.00575709 0.0234487 
0.828829 0.0261038 0.0492337 0.059364 0.00877406 0.00352615 0.0241697 
0.822959 0.0277275 0.0479418 0.0638113 0.00724826 0.00423758 0.0260745 
0.839445 0.0290906 0.048421 0.051785 0.00637476 0.0040869 0.0207965 
0.748823 0.0220648 0.0752665 0.112261 0.00315859 0.00362067 0.0348057 
0.774031 0.0232786 0.0658846 0.0919643 0.00417529 0.00437964 0.0362866 
0.737503 0.0167367 0.0665678 0.146469 0.00308524 0.00394242 0.0256962 
0.758951 0.0192788 0.0746258 0.0954151 0.00315006 0.00708748 0.0414921 
0.747878 0.014625 0.0967697 0.0826062 0.00285244 0.0126914 0.0425776 
0.785837 0.0130237 0.128879 0.0194375 0.00195734 0.0081551 0.04271 
0.783575 0.0206265 0.152741 0.0071753 0.00213229 0.00701942 0.0267305 
0.737305 0.0215702 0.183685 0.00623081 0.00250366 0.00745489 0.0412505 
0.731293 0.045104 0.170375 0.00676752 0.00458642 0.00703464 0.0348393 
0.697607 0.0614494 0.172806 0.0039202 0.00874544 0.0102889 0.0451827 
0.729793 0.0311922 0.175916 0.00523448 0.0074279 0.0087496 0.0416861 
0.715033 0.0226282 0.19574 0.00397041 0.00345035 0.0118825 0.0472949 
0.69628 0.0234779 0.211895 0.00405379 0.00588489 0.00857385 0.0498343 
0.716228 0.0213061 0.192373 0.00523945 0.00529146 0.00678312 0.0527787 
0.692386 0.0192942 0.206042 0.00436326 0.00505786 0.00819829 0.0646587 
0.656249 0.0153115 0.232836 0.004231 0.00481023 0.009361 0.0772011 
0.683512 0.0141401 0.203659 0.00473256 0.0040915 0.0088795 0.0809853 
0.717757 0.0151137 0.1756 0.00598722 0.00481068 0.00608979 0.0746413 
0.727933 0.0101012 0.168716 0.00840706 0.00268235 0.00501051 0.0771498 
0.713502 0.00905498 0.179706 0.00589958 0.0034486 0.00435161 0.0840372 
0.771666 0.0104141 0.133536 0.00512357 0.00302174 0.00621387 0.0700248 
0.777018 0.00688313 0.139613 0.0102698 0.00498432 0.00205769 0.0591742 
0.759751 0.00557897 0.133482 0.00848238 0.00347361 0.00197456 0.0872573 
0.786124 0.00625011 0.124767 0.00425786 0.00289451 0.00243635 0.0732698 
0.809131 0.00769503 0.111477 0.0056497 0.00262288 0.00205374 0.0613698 
0.820063 0.00955594 0.0979685 0.0115025 0.00803419 0.00219055 0.0506855 
0.764553 0.00924439 0.142516 0.0043839 0.00641648 0.00182377 0.071063 
0.815581 0.00869853 0.110303 0.00970546 0.00643543 0.00187574 0.047401 
0.778116 0.0100666 0.108393 0.00426887 0.00528607 0.00186385 0.0920061 
0.836909 0.0101429 0.0879412 0.00696855 0.00598504 0.00132893 0.0507248 
0.815837 0.00942334 0.106292 0.00570625 0.00549735 0.00143751 0.0558065 
0.818282 0.00744429 0.111638 0.00850419 0.00559058 0.0010123 0.0475285 
0.760416 0.00718932 0.112848 0.0115177 0.0087708 0.00142513 0.0978332 
0.743291 0.00684214 0.140269 0.0073243 0.00605543 0.00216701 0.0940514 
0.770833 0.00668633 0.117078 0.00935967 0.00365285 0.00233057 0.09006 
0.73783 0.00596983 0.128421 0.00597663 0.00380482 0.00277013 0.115228 
0.800405 0.00804724 0.105634 0.0171318 0.00664914 0.00297156 0.0591611 
0.794152 0.00843776 0.100398 0.0303333 0.00940663 0.00278582 0.0544865 
0.816408 0.00894392 0.092395 0.0203782 0.00740912 0.00253555 0.0519307 
0.814527 0.00844553 0.0973395 0.0273906 0.00711387 0.0020485 0.0431351 
0.786726 0.00699251 0.123979 0.0194205 0.0047056 0.00218876 0.0559877 
0.790799 0.00741727 0.120435 0.0160609 0.00497845 0.00290359 0.0574057 
0.77578 0.00757613 0.127086 0.0170411 0.0055401 0.00247996 0.0644971 
0.785094 0.00587141 0.139495 0.0166831 0.00339042 0.00226025 0.0472051 
0.773742 0.00667552 0.130564 0.00462395 0.00630433 0.00223256 0.0758573 
0.803202 0.0071883 0.105566 0.00741176 0.00962619 0.00220806 0.0647978 
0.777586 0.00591941 0.103578 0.0104213 0.00305519 0.00338653 0.0960531 
0.813258 0.00821174 0.0854798 0.0226336 0.0056814 0.00302057 0.0617144 
0.78825 0.00818099 0.109758 0.0185135 0.00530089 0.00432687 0.0656698 
0.802563 0.00761907 0.109691 0.0116327 0.00306918 0.00321865 0.062206 
0.811987 0.00850016 0.0994028 0.013557 0.00632913 0.00340229 0.0568213 
0.779954 0.00816934 0.112012 0.015084 0.00420069 0.00338154 0.0771987 
0.727989 0.00663434 0.142483 0.00667151 0.00195904 0.00383408 0.110428 
0.807468 0.00612423 0.119635 0.0151815 0.00371293 0.00136235 0.0465154 
0.746687 0.00587822 0.145343 0.0113414 0.00326573 0.00203569 0.0854487 
0.792864 0.00679095 0.119655 0.0142375 0.00401406 0.00250102 0.0599384 
0.768821 0.00855709 0.143633 0.00975531 0.00557803 0.00231855 0.0613372 
0.807944 0.00802717 0.106051 0.0252211 0.00538874 0.00320707 0.0441602 
0.782722 0.0092981 0.103384 0.0300551 0.00749913 0.00446461 0.0625769 
0.802737 0.0096244 0.103811 0.021294 0.00778783 0.0038691 0.0508766 
0.766499 0.00739964 0.116814 0.00638742 0.00417582 0.00378541 0.0949395 
0.774639 0.00704802 0.11951 0.00989705 0.0052307 0.00253843 0.0811372 
0.791813 0.00802151 0.120214 0.0110153 0.00602056 0.00340926 0.0595068 
0.789387 0.00886742 0.121959 0.0100308 0.00593465 0.00324377 0.0605776 
0.780808 0.00980869 0.119494 0.01417 0.00731682 0.00285177 0.0655511 
0.706289 0.00743316 0.168602 0.0144717 0.00969217 0.00406593 0.0894455 
0.760987 0.00720759 0.137739 0.0109567 0.00544654 0.00259225 0.0750712 
0.746687 0.00607032 0.139359 0.0101513 0.00392466 0.00425312 0.0895549 
0.713367 0.010316 0.139874 0.00532164 0.00617867 0.00333411 0.121609 
0.761335 0.0083862 0.132754 0.0119895 0.00528472 0.00348926 0.076762 
0.807468 0.00612423 0.119635 0.0151815 0.00371293 0.00136235 0.0465154 
0.746687 0.00587822 0.145343 0.0113414 0.00326573 0.00203569 0.0854487 
0.792864 0.00679095 0.119655 0.0142375 0.00401406 0.00250102 0.0599384 
0.768821 0.00855709 0.143633 0.00975531 0.00557803 0.00231855 0.0613372 
0.807944 0.00802717 0.106051 0.0252211 0.00538874 0.00320707 0.0441602 
0.782722 0.0092981 0.103384 0.0300551 0.00749913 0.00446461 0.0625769 
0.802737 0.0096244 0.103811 0.021294 0.00778783 0.0038691 0.0508766 
0.766499 0.00739964 0.116814 0.00638742 0.00417582 0.00378541 0.0949395 
0.774639 0.00704802 0.11951 0.00989705 0.0052307 0.00253843 0.0811372 
0.791813 0.00802151 0.120214 0.0110153 0.00602056 0.00340926 0.0595068 
0.789387 0.00886742 0.121959 0.0100308 0.00593465 0.00324377 0.0605776 
0.780808 0.00980869 0.119494 0.01417 0.00731682 0.00285177 0.0655511 
0.706289 0.00743316 0.168602 0.0144717 0.00969217 0.00406593 0.0894455 
0.760987 0.00720759 0.137739 0.0109567 0.00544654 0.00259225 0.0750712 
0.746687 0.00607032 0.139359 0.0101513 0.00392466 0.00425312 0.0895549 
0.713367 0.010316 0.139874 0.00532164 0.00617867 0.00333411 0.121609 
0.761335 0.0083862 0.132754 0.0119895 0.00528472 0.00348926 0.076762 
0.808437 0.0158243 0.101662 0.0199703 0.0177001 0.00221585 0.0341898 
0.77602 0.0119607 0.107442 0.055787 0.0100051 0.00224495 0.0365409 
0.805636 0.0181109 0.0972503 0.010242 0.0129352 0.0025226 0.0533028 
0.759264 0.0502986 0.0927597 0.00636567 0.023805 0.00277918 0.0647276 
0.789122 0.0181456 0.102056 0.0438788 0.0075897 0.00452419 0.0346844 
0.779305 0.0175527 0.0970125 0.0380084 0.0156923 0.00474391 0.047685 
0.759564 0.0162609 0.101759 0.0424235 0.0207166 0.00586237 0.0534127 
0.782162 0.0238567 0.11078 0.00510979 0.0161818 0.00246844 0.0594409 
0.786487 0.0123579 0.118803 0.0245843 0.0104563 0.00492949 0.0423825 
0.793945 0.02055 0.0898291 0.0241062 0.0283277 0.00456227 0.03868 
0.780017 0.0191879 0.0952151 0.0330589 0.0283998 0.00455691 0.0395642 
0.724333 0.0155636 0.13262 0.0329085 0.0167875 0.00599997 0.0717871 
0.753549 0.0151655 0.106876 0.04928 0.0201655 0.0042782 0.050686 
0.770739 0.0180309 0.0965109 0.044378 0.0217776 0.00592801 0.0426351 
0.759728 0.0220954 0.0905596 0.0570521 0.027178 0.00588197 0.037505 
0.798597 0.0157882 0.104416 0.023551 0.00757024 0.00351648 0.0465606 
0.770232 0.0165327 0.113428 0.0355641 0.0123327 0.00479479 0.0471158 
0.791805 0.0170071 0.09853 0.0485881 0.0129849 0.00423785 0.0268465 
0.782907 0.0225459 0.103365 0.0413955 0.0138195 0.00312225 0.0328446 
0.777543 0.0275691 0.0992597 0.0168156 0.0211925 0.00366607 0.0539543 
0.794243 0.0184734 0.0989628 0.018796 0.0134529 0.00321679 0.0528549 
0.809968 0.0190781 0.0979674 0.0210897 0.0147579 0.00327775 0.0338612 
0.786101 0.0165588 0.0847818 0.042778 0.0171642 0.00517519 0.0474414 
0.771188 0.0163326 0.102833 0.0402439 0.0188709 0.00416524 0.0463671 
0.768372 0.0189842 0.107875 0.0200438 0.0250303 0.00450291 0.0551911 
0.785906 0.0215938 0.0955017 0.0200822 0.0269136 0.00555254 0.0444498 
0.762439 0.0259508 0.090916 0.0250578 0.0454195 0.0057525 0.044464 
0.764827 0.0308742 0.0897399 0.0202062 0.0435735 0.00585888 0.0449208 
0.759476 0.0210555 0.0951691 0.0358184 0.0378597 0.00518387 0.0454378 
0.789217 0.0202073 0.100746 0.0262628 0.0188893 0.00596848 0.0387089 
0.780572 0.0296185 0.076161 0.0289075 0.0486714 0.00580303 0.0302668 
0.793051 0.0281382 0.0596229 0.0447978 0.0469338 0.00386621 0.0235896 
0.77286 0.0266484 0.10275 0.0155054 0.0331202 0.00399343 0.0451231 
0.812439 0.0208726 0.0762057 0.0217618 0.027655 0.00330975 0.0377557 
0.775332 0.021152 0.0852438 0.0390031 0.0337017 0.00478949 0.0407778 
0.740976 0.0186483 0.108408 0.0357264 0.0462082 0.00404714 0.045986 
0.780343 0.01684 0.0911822 0.0299148 0.0328988 0.00408231 0.0447387 
0.798386 0.0160564 0.0915036 0.0268682 0.0227663 0.00315269 0.0412671 
0.772237 0.0180627 0.105004 0.0223137 0.031418 0.00334487 0.0476198 
0.787039 0.0212396 0.0926799 0.0239151 0.0318535 0.00398161 0.0392916 
0.783793 0.0165169 0.086835 0.0439995 0.0241644 0.00317941 0.0415118 
0.752374 0.0172701 0.121296 0.0368106 0.0207997 0.00468389 0.0467654 
0.812847 0.0142427 0.116525 0.0138529 0.00388993 0.00389631 0.0347461 
0.773032 0.0167259 0.101678 0.0394904 0.0205637 0.00507878 0.0434311 
0.776981 0.0230892 0.0896512 0.041697 0.0214287 0.00402994 0.0431225 
0.772699 0.0192248 0.0982655 0.0380811 0.0221764 0.00423772 0.0453156 
0.84022 0.0179157 0.0787886 0.0306737 0.00961597 0.00124267 0.0215436 
0.835102 0.0159321 0.078165 0.0386518 0.0123308 0.00124099 0.0185768 
0.844332 0.0328583 0.0491222 0.0309098 0.0288138 0.00160637 0.0123573 
0.827731 0.0181593 0.0825201 0.0335601 0.0178901 0.00159221 0.0185477 
0.833763 0.0117155 0.0958895 0.0285637 0.00723437 9.67451E-4 0.0218662 
0.825211 0.0209339 0.0624032 0.0445341 0.0219381 0.00159012 0.0233892 
0.815547 0.0322727 0.070627 0.0421764 0.0210605 0.00152462 0.0167914 
0.796487 0.0332873 0.0400423 0.0824768 0.034642 0.00171164 0.0113531 
0.815391 0.0214535 0.0568262 0.0675171 0.0208002 0.00167742 0.0163347 
0.806423 0.0213541 0.0622415 0.0797238 0.0133768 0.00188554 0.0149948 
0.821215 0.0275134 0.0622406 0.053434 0.0157105 0.00199466 0.0178918 
0.798712 0.0297586 0.042932 0.0786422 0.0324343 0.00225322 0.0152672 
0.815865 0.0169306 0.0563686 0.0740676 0.018792 0.00169522 0.0162812 
0.818683 0.0189627 0.06505 0.0494509 0.0227291 0.0021519 0.0229727 
0.829028 0.0224679 0.0686098 0.0439923 0.0158771 0.00125134 0.0187736 
0.825235 0.0228473 0.0807514 0.036949 0.00639153 0.00132996 0.0264955 
0.821887 0.0188974 0.0713298 0.0579054 0.00965023 0.00115276 0.019177 
0.767567 0.0233257 0.0585159 0.114723 0.0174753 0.00166856 0.0167247 
0.810342 0.0239337 0.0686588 0.0586583 0.015148 0.00197621 0.0212834 
0.796861 0.0193163 0.0652514 0.0854454 0.0132913 0.00189206 0.0179421 
0.815162 0.0204827 0.0971156 0.0263934 0.0100657 0.0015878 0.0291932 
0.833093 0.0212806 0.0646996 0.0407227 0.0156351 0.00180051 0.0227688 
0.827121 0.0175086 0.106761 0.0193973 0.00544851 0.00195127 0.0218124 
0.806137 0.0166932 0.115664 0.022322 0.0101986 0.00193752 0.0270484 
0.829697 0.0212507 0.0813609 0.0185947 0.0179948 0.00154477 0.0295571 
0.830164 0.0233259 0.0790253 0.015881 0.0177544 0.00200734 0.0318425 
0.837619 0.0192303 0.0744421 0.0239171 0.0131421 0.00216836 0.0294807 
0.832332 0.0262924 0.0758275 0.0249309 0.0137039 0.00226754 0.0246456 
0.824082 0.0200253 0.0848361 0.0287613 0.0135271 0.002083 0.0266855 
0.844682 0.0197536 0.0648855 0.0256328 0.0152605 0.00210889 0.0276771 
0.829812 0.0286302 0.0588104 0.0305289 0.0241276 0.00228001 0.025811 
0.810373 0.0183989 0.0872869 0.0383106 0.0155251 0.00261816 0.0274873 
0.747987 0.0140351 0.143299 0.0490635 0.0095392 0.00223541 0.0338407 
0.811604 0.0108387 0.129063 0.0138701 0.00270489 0.0020452 0.0298744 
0.801356 0.0128185 0.104412 0.0514441 0.00692578 0.00188946 0.0211542 
0.741269 0.0129123 0.0715954 0.141905 0.0165449 0.00165239 0.0141202 
0.781733 0.0163118 0.0852497 0.0740106 0.016393 0.00170798 0.0245941 
0.766259 0.0296305 0.078204 0.0548682 0.0365945 0.00298246 0.0314619 
0.785694 0.0103444 0.134207 0.0213516 0.011731 0.00255236 0.0341192 
0.805394 0.0160401 0.0993107 0.0361853 0.0121753 0.00237577 0.0285186 
0.823269 0.0113899 0.0929553 0.0329447 0.00888047 0.00185733 0.0287034 
0.793989 0.0118148 0.116727 0.047927 0.00565632 0.00193259 0.0219541 
0.78841 0.0110863 0.119641 0.0413772 0.0116145 0.00188597 0.0259846 
0.708887 0.0229087 0.0867239 0.10315 0.0464691 0.003882 0.0279794 
0.799835 0.0285033 0.0966559 0.0201533 0.0192273 0.00274314 0.0328816 
0.810566 0.012427 0.10044 0.0318318 0.00763178 0.00188034 0.0352233 
0.785187 0.0142183 0.104548 0.0438598 0.0083551 0.00314617 0.0406855 
0.760032 0.0150016 0.077414 0.0981278 0.0143423 0.00297252 0.0321093 
0.791277 0.0222717 0.0778748 0.0511594 0.0189006 0.00328278 0.0352335 
0.775167 0.0177335 0.121145 0.0271824 0.0121616 0.00357555 0.0430352 
0.80254 0.0145093 0.0958149 0.0465618 0.00927465 0.00245525 0.0288443 
0.816165 0.0202053 0.0817594 0.0357842 0.0142162 0.00244132 0.0294284 
0.844289 0.0115129 0.0925713 0.0169737 0.0065034 0.00224347 0.0259057 
0.820217 0.012585 0.101091 0.0322061 0.00781489 0.0018593 0.0242261 
0.768962 0.0270849 0.0770571 0.0747416 0.0197975 0.0036875 0.0286699 
0.792267 0.0211593 0.0823654 0.0571024 0.0174742 0.00238891 0.0272429 
0.768454 0.0173104 0.0896911 0.0851931 0.0105258 0.00198861 0.0268372 
0.794647 0.0239639 0.070709 0.0636515 0.0209147 0.0023588 0.0237549 
0.75941 0.0280562 0.0533763 0.0914179 0.0427344 0.00271908 0.0222866 
0.740646 0.0224089 0.0707707 0.115905 0.026182 0.00265074 0.0214366 
0.814146 0.0209475 0.0642126 0.0603139 0.018691 0.00238054 0.0193089 
0.810373 0.0183989 0.0872869 0.0383106 0.0155251 0.00261816 0.0274873 
0.747987 0.0140351 0.143299 0.0490635 0.0095392 0.00223541 0.0338407 
0.811604 0.0108387 0.129063 0.0138701 0.00270489 0.0020452 0.0298744 
0.801356 0.0128185 0.104412 0.0514441 0.00692578 0.00188946 0.0211542 
0.741269 0.0129123 0.0715954 0.141905 0.0165449 0.00165239 0.0141202 
0.781733 0.0163118 0.0852497 0.0740106 0.016393 0.00170798 0.0245941 
0.766259 0.0296305 0.078204 0.0548682 0.0365945 0.00298246 0.0314619 
0.785694 0.0103444 0.134207 0.0213516 0.011731 0.00255236 0.0341192 
0.805394 0.0160401 0.0993107 0.0361853 0.0121753 0.00237577 0.0285186 
0.823269 0.0113899 0.0929553 0.0329447 0.00888047 0.00185733 0.0287034 
0.793989 0.0118148 0.116727 0.047927 0.00565632 0.00193259 0.0219541 
0.78841 0.0110863 0.119641 0.0413772 0.0116145 0.00188597 0.0259846 
0.708887 0.0229087 0.0867239 0.10315 0.0464691 0.003882 0.0279794 
0.799835 0.0285033 0.0966559 0.0201533 0.0192273 0.00274314 0.0328816 
0.810566 0.012427 0.10044 0.0318318 0.00763178 0.00188034 0.0352233 
0.785187 0.0142183 0.104548 0.0438598 0.0083551 0.00314617 0.0406855 
0.760032 0.0150016 0.077414 0.0981278 0.0143423 0.00297252 0.0321093 
0.791277 0.0222717 0.0778748 0.0511594 0.0189006 0.00328278 0.0352335 
0.775167 0.0177335 0.121145 0.0271824 0.0121616 0.00357555 0.0430352 
0.80254 0.0145093 0.0958149 0.0465618 0.00927465 0.00245525 0.0288443 
0.816165 0.0202053 0.0817594 0.0357842 0.0142162 0.00244132 0.0294284 
0.844289 0.0115129 0.0925713 0.0169737 0.0065034 0.00224347 0.0259057 
0.820217 0.012585 0.101091 0.0322061 0.00781489 0.0018593 0.0242261 
0.768962 0.0270849 0.0770571 0.0747416 0.0197975 0.0036875 0.0286699 
0.792267 0.0211593 0.0823654 0.0571024 0.0174742 0.00238891 0.0272429 
0.768454 0.0173104 0.0896911 0.0851931 0.0105258 0.00198861 0.0268372 
0.794647 0.0239639 0.070709 0.0636515 0.0209147 0.0023588 0.0237549 
0.75941 0.0280562 0.0533763 0.0914179 0.0427344 0.00271908 0.0222866 
0.740646 0.0224089 0.0707707 0.115905 0.026182 0.00265074 0.0214366 
0.814146 0.0209475 0.0642126 0.0603139 0.018691 0.00238054 0.0193089 
0.780572 0.0171741 0.0845568 0.0860377 0.0104367 0.00159069 0.0196315 
0.737332 0.0155483 0.105209 0.107229 0.00950046 0.00155963 0.023622 
0.847314 0.0196912 0.0877729 0.0229117 0.00400551 0.0013177 0.0169867 
0.729124 0.0164171 0.169505 0.00569518 0.00199023 0.00173118 0.0755377 
0.738285 0.0109743 0.126056 0.10514 0.00286905 0.00101935 0.0156563 
0.84408 0.0185178 0.0555342 0.0599973 0.00591532 0.00100332 0.0149523 
0.815122 0.0224639 0.0908874 0.037777 0.00553855 0.00191267 0.0262986 
0.743951 0.0369832 0.0685517 0.0976507 0.0242578 0.00296537 0.0256401 
0.844003 0.0285688 0.0613079 0.0368735 0.00945236 0.0022008 0.0175932 
0.838256 0.018617 0.0726496 0.0499355 0.00471833 0.00160049 0.0142228 
0.798381 0.0255936 0.0649358 0.0675578 0.0153629 0.00240123 0.0257676 
0.805086 0.0361953 0.0612019 0.0463752 0.022753 0.00235865 0.0260301 
0.81421 0.0168004 0.117585 0.0135443 0.00618617 0.00139285 0.0302815 
0.774035 0.0103692 0.127234 0.0449688 0.00321404 0.00194697 0.0382322 
0.801852 0.0158578 0.0996338 0.0462685 0.00473601 0.00154195 0.0301104 
0.710146 0.021167 0.0704932 0.158323 0.0142277 0.00155012 0.0240931 
0.793278 0.0249176 0.0603635 0.0714042 0.0193225 0.0023077 0.0284061 
0.750443 0.0146465 0.0808133 0.116709 0.0127288 0.00120346 0.0234559 
0.645659 0.0109543 0.14456 0.14518 0.0176917 0.00135095 0.0346036 
0.66049 0.0176403 0.149266 0.120178 0.0187895 0.00139557 0.0322409 
0.679824 0.0180501 0.162043 0.0680304 0.0220851 0.00157504 0.0483927 
0.717593 0.0185483 0.137919 0.0621508 0.0222569 0.00188034 0.0396511 
0.765708 0.0139537 0.131746 0.0468433 0.0135275 0.00133397 0.0268875 
0.658729 0.0135603 0.155266 0.130771 0.0152369 0.00117154 0.0252647 
0.633551 0.0134045 0.123735 0.190088 0.0125 0.00142841 0.0252934 
0.740158 0.0136585 0.0831445 0.128023 0.0167191 0.00143179 0.0168651 
0.764912 0.00643915 0.159809 0.0348451 0.00259367 0.00104076 0.0303601 
0.794182 0.0139522 0.0993055 0.0471751 0.0085153 0.00266001 0.0342097 
0.782252 0.016804 0.103191 0.0558259 0.0124627 0.00203694 0.0274267 
0.799812 0.0190289 0.0864753 0.0615769 0.00874282 0.00215375 0.0222106 
0.816014 0.00854377 0.117701 0.0342064 0.00194657 0.00153683 0.0200518 
0.810373 0.0183989 0.0872869 0.0383106 0.0155251 0.00261816 0.0274873 
0.747987 0.0140351 0.143299 0.0490635 0.0095392 0.00223541 0.0338407 
0.811604 0.0108387 0.129063 0.0138701 0.00270489 0.0020452 0.0298744 
0.801356 0.0128185 0.104412 0.0514441 0.00692578 0.00188946 0.0211542 
0.741269 0.0129123 0.0715954 0.141905 0.0165449 0.00165239 0.0141202 
0.781733 0.0163118 0.0852497 0.0740106 0.016393 0.00170798 0.0245941 
0.766259 0.0296305 0.078204 0.0548682 0.0365945 0.00298246 0.0314619 
0.785694 0.0103444 0.134207 0.0213516 0.011731 0.00255236 0.0341192 
0.805394 0.0160401 0.0993107 0.0361853 0.0121753 0.00237577 0.0285186 
0.823269 0.0113899 0.0929553 0.0329447 0.00888047 0.00185733 0.0287034 
0.793989 0.0118148 0.116727 0.047927 0.00565632 0.00193259 0.0219541 
0.78841 0.0110863 0.119641 0.0413772 0.0116145 0.00188597 0.0259846 
0.708887 0.0229087 0.0867239 0.10315 0.0464691 0.003882 0.0279794 
0.799835 0.0285033 0.0966559 0.0201533 0.0192273 0.00274314 0.0328816 
0.810566 0.012427 0.10044 0.0318318 0.00763178 0.00188034 0.0352233 
0.785187 0.0142183 0.104548 0.0438598 0.0083551 0.00314617 0.0406855 
0.760032 0.0150016 0.077414 0.0981278 0.0143423 0.00297252 0.0321093 
0.791277 0.0222717 0.0778748 0.0511594 0.0189006 0.00328278 0.0352335 
0.775167 0.0177335 0.121145 0.0271824 0.0121616 0.00357555 0.0430352 
0.80254 0.0145093 0.0958149 0.0465618 0.00927465 0.00245525 0.0288443 
0.816165 0.0202053 0.0817594 0.0357842 0.0142162 0.00244132 0.0294284 
0.844289 0.0115129 0.0925713 0.0169737 0.0065034 0.00224347 0.0259057 
0.820217 0.012585 0.101091 0.0322061 0.00781489 0.0018593 0.0242261 
0.768962 0.0270849 0.0770571 0.0747416 0.0197975 0.0036875 0.0286699 
0.792267 0.0211593 0.0823654 0.0571024 0.0174742 0.00238891 0.0272429 
0.768454 0.0173104 0.0896911 0.0851931 0.0105258 0.00198861 0.0268372 
0.794647 0.0239639 0.070709 0.0636515 0.0209147 0.0023588 0.0237549 
0.75941 0.0280562 0.0533763 0.0914179 0.0427344 0.00271908 0.0222866 
0.740646 0.0224089 0.0707707 0.115905 0.026182 0.00265074 0.0214366 
0.814146 0.0209475 0.0642126 0.0603139 0.018691 0.00238054 0.0193089 
0.778113 0.0289073 0.0812069 0.0536066 0.0225561 0.00411411 0.0314958 
0.776605 0.0417402 0.0754336 0.048142 0.0233406 0.00498272 0.0297556 
0.692688 0.113952 0.0557594 0.0142695 0.0814107 0.0119046 0.0300153 
0.729548 0.0214843 0.133401 0.0595334 0.0160747 0.00300783 0.0369504 
0.754021 0.0176414 0.112031 0.0707872 0.011002 0.00183218 0.0326848 
0.831908 0.0223223 0.0648303 0.0476741 0.0119259 0.00261346 0.018726 
0.744162 0.0355403 0.0549292 0.108398 0.0245552 0.00534526 0.0270704 
0.699994 0.0384642 0.0510405 0.138747 0.041035 0.00699598 0.0237234 
0.749704 0.0260688 0.12925 0.0522397 0.00925575 0.00331702 0.0301643 
0.720146 0.0208098 0.162108 0.0464086 0.00723698 0.00399524 0.0392952 
0.680921 0.02201 0.0807401 0.177765 0.0111984 0.00456699 0.0227983 
0.754409 0.0173428 0.0963611 0.0936946 0.00594301 0.00288201 0.0293676 
0.815216 0.0286007 0.0827957 0.0370675 0.0120658 0.00170445 0.0225501 
0.823185 0.0300886 0.081339 0.0181586 0.0157794 0.00236856 0.0290812 
0.732933 0.0292842 0.132362 0.0222638 0.0387148 0.00348956 0.040952 
0.732508 0.019723 0.133389 0.0175456 0.0327947 0.00456081 0.0594795 
0.719918 0.0256244 0.110692 0.0862643 0.0226487 0.00241446 0.0324382 
0.76157 0.0357769 0.106435 0.0554577 0.0125535 0.00163623 0.0265711 
0.72548 0.0478367 0.09063 0.038084 0.0559401 0.00299881 0.03903 
0.776592 0.0361834 0.105342 0.0231293 0.0239675 0.00329087 0.0314952 
0.741834 0.0400086 0.0828143 0.073335 0.0234615 0.0102132 0.028334 
0.749857 0.0370452 0.0450133 0.0815413 0.0583126 0.00480522 0.0234252 
0.744866 0.0414678 0.095234 0.0234085 0.0517085 0.00514115 0.0381739 
0.805428 0.0278512 0.089083 0.0399389 0.0132795 0.00256861 0.021851 
0.809581 0.0286996 0.080881 0.0464598 0.0106985 0.00362708 0.020053 
0.729598 0.018906 0.0884045 0.106294 0.0186111 0.0051435 0.0330433 
0.776344 0.0487498 0.0496009 0.0739522 0.0247722 0.00297136 0.0236092 
0.796927 0.03632 0.0587266 0.0689939 0.0114774 0.00322602 0.0243286 
0.809647 0.0221961 0.0746369 0.0544669 0.00674621 0.00356594 0.0287414 
0.743188 0.0197539 0.0787307 0.112721 0.0137519 0.00428014 0.0275747 
0.78565 0.0187653 0.0742623 0.0758644 0.0166093 0.0025582 0.0262901 
0.73461 0.0185621 0.0899913 0.112932 0.0130003 0.00234795 0.028556 
0.784772 0.0207914 0.0754212 0.0813617 0.00759108 0.00253269 0.0275299 
0.796157 0.0357871 0.0578312 0.0671095 0.0198884 0.00352007 0.0197072 
0.794126 0.0283343 0.0671781 0.055128 0.0242264 0.00424297 0.0267647 
0.755911 0.0195849 0.0745406 0.105489 0.0138687 0.00381825 0.0267876 
0.695836 0.0318273 0.049252 0.160722 0.0383464 0.00540227 0.0186137 
0.759712 0.0563953 0.0661714 0.0404317 0.0451261 0.00529258 0.0268705 
0.573402 0.0382332 0.0746086 0.242416 0.0317516 0.00957743 0.0300118 
0.719486 0.0472311 0.0845786 0.0869092 0.0253893 0.00779671 0.028609 
0.77487 0.0320014 0.0601539 0.0895405 0.0154237 0.00487385 0.0231368 
0.791067 0.0353998 0.0484348 0.0660765 0.0345194 0.00422073 0.0202813 
0.76286 0.0277721 0.0507556 0.0918627 0.041637 0.00406757 0.0210446 
0.775441 0.0310098 0.0644544 0.076762 0.0166884 0.00677311 0.0288715 
0.782833 0.0237149 0.0592297 0.0811777 0.0230052 0.0045024 0.0255372 
0.754996 0.0292074 0.0621638 0.100071 0.025675 0.00437904 0.023508 
0.758645 0.0261581 0.0823603 0.0787515 0.0153935 0.00526468 0.0334265 
0.685825 0.0090585 0.100906 0.0553816 0.0042961 0.00646645 0.138067 
0.70615 0.0111063 0.0853033 0.0827935 0.00709635 0.00634366 0.101207 
0.720086 0.0117756 0.0729292 0.112963 0.0074576 0.00468366 0.070105 
0.699871 0.00929254 0.0863119 0.109375 0.00795319 0.004301 0.0828954 
0.692196 0.0104252 0.0822382 0.122928 0.00744982 0.00476695 0.079996 
0.751191 0.0125119 0.0703016 0.088901 0.0113659 0.0043112 0.0614173 
0.800952 0.0099413 0.076508 0.0376069 0.00434162 0.00292278 0.0677271 
0.748279 0.00907403 0.0781203 0.0904834 0.00662722 0.00418682 0.0632291 
0.801996 0.00809366 0.0844667 0.0504809 0.00408521 0.00350098 0.0473769 
0.666399 0.00704412 0.139854 0.053677 0.00250539 0.0109687 0.119551 
0.745609 0.00924771 0.100037 0.0317766 0.00292378 0.00680483 0.103601 
0.76195 0.0116491 0.0874511 0.0593814 0.00385609 0.00720708 0.0685052 
0.684545 0.0101937 0.0779352 0.158199 0.00818881 0.00461575 0.0563228 
0.695347 0.00754934 0.0797088 0.166078 0.00883435 0.00376038 0.0387217 
0.720747 0.0110417 0.0817731 0.132306 0.00533395 0.00383942 0.0449594 
0.67304 0.010599 0.0730522 0.192077 0.00585451 0.00349832 0.041879 
0.735397 0.00761339 0.0842067 0.10292 0.017313 0.00240673 0.0501436 
0.629411 0.00695136 0.116261 0.140453 0.00927343 0.00519178 0.0924584 
