0.807477 0.0151629 0.0464364 0.0605926 0.0327634 0.0135811 0.0239867 
0.845393 0.019095 0.0483557 0.0468421 0.0134921 0.0111189 0.015703 
0.824424 0.0168369 0.0414445 0.0606014 0.0278863 0.0110356 0.0177707 
0.835464 0.0106702 0.0467514 0.0558509 0.0137405 0.0120156 0.0255073 
0.816244 0.00934019 0.0571318 0.0742152 0.00733465 0.0101258 0.0256084 
0.824443 0.0101721 0.0450501 0.0858224 0.00701796 0.00671767 0.0207763 
0.846677 0.012893 0.0342311 0.0680951 0.00680851 0.00709715 0.0241985 
0.827943 0.0170347 0.0338072 0.0812835 0.00971329 0.00880325 0.021415 
0.813522 0.0200725 0.0357978 0.0971621 0.00874823 0.00772123 0.0169757 
0.838134 0.0131773 0.043645 0.0721089 0.00405751 0.00640927 0.022468 
0.803584 0.0123751 0.030444 0.115758 0.0141719 0.0079318 0.0157353 
0.697492 0.0251239 0.0210021 0.0818702 0.13085 0.0127007 0.0309601 
0.729043 0.0377248 0.0140203 0.0656417 0.12597 0.00823567 0.0193639 
0.793773 0.0180101 0.0261661 0.135478 0.0103759 0.00524332 0.0109537 
0.857686 0.0198633 0.0236864 0.0751477 0.0119463 0.00295832 0.00871253 
0.814884 0.0128585 0.0396561 0.106908 0.00884931 0.00228876 0.0145547 
0.810623 0.0114828 0.0501637 0.0977375 0.00571511 0.0022689 0.0220091 
0.87164 0.0112758 0.054824 0.0347046 0.00271571 0.00262542 0.0222146 
0.854038 0.0154743 0.0528963 0.0536248 0.00326944 0.0021249 0.0185723 
0.878052 0.0125856 0.0510457 0.0338087 0.00232887 0.00245785 0.0197215 
0.844768 0.0116603 0.0534245 0.0657291 0.00352227 0.00270647 0.0181894 
0.772685 0.0111112 0.0641277 0.123756 0.00253472 0.00226508 0.0235202 
0.741153 0.00917555 0.0499667 0.169736 0.00823647 0.00211405 0.0196179 
0.815679 0.00725049 0.0369336 0.107772 0.0151947 0.00247478 0.0146952 
0.771649 0.0105079 0.0218452 0.162646 0.0214865 0.00297575 0.00888994 
0.796491 0.00655774 0.0334158 0.11646 0.0228895 0.00310928 0.0210763 
0.703428 0.00875679 0.0310933 0.217865 0.0198848 0.00281504 0.0161569 
0.776419 0.0101859 0.0486248 0.127829 0.0111853 0.0040263 0.0217306 
0.824651 0.0136244 0.0500546 0.0665071 0.00669174 0.00432012 0.0341506 
0.72253 0.0113081 0.049616 0.19127 0.00448958 0.00281598 0.0179704 
0.81865 0.0147776 0.0442354 0.0882342 0.00935696 0.00386912 0.0208769 
0.744115 0.00802097 0.0587001 0.14096 0.0122184 0.00250143 0.0334838 
0.800379 0.00665485 0.0497763 0.107584 0.0109703 0.00272798 0.0219073 
0.878522 0.00954607 0.0439158 0.0322201 0.00840457 0.00316423 0.024227 
0.868695 0.0125096 0.0403578 0.0471117 0.00617392 0.0038275 0.0213241 
0.84194 0.011921 0.0608019 0.0479538 0.00208357 0.00344229 0.0318572 
0.83374 0.0115393 0.0527755 0.0696006 0.00521274 0.0032201 0.0239122 
0.831255 0.010354 0.040604 0.0832468 0.0128191 0.00316829 0.0185529 
0.849142 0.010835 0.0502481 0.057098 0.0048206 0.00194498 0.0259109 
0.866971 0.0128192 0.0511443 0.031764 0.00563834 0.00147065 0.0301929 
0.871251 0.0117826 0.0457302 0.034996 0.00551483 0.00234961 0.0283759 
0.870709 0.0135142 0.0456085 0.0327946 0.00717285 0.00385466 0.026346 
0.846954 0.013369 0.0472778 0.0613373 0.00940267 0.00284479 0.0188149 
0.830388 0.0142281 0.0326626 0.0725115 0.0334902 0.0034212 0.013298 
0.734392 0.0147664 0.0615681 0.0682291 0.091677 0.00900128 0.0203661 
0.717744 0.0105623 0.136219 0.0431323 0.0359872 0.024263 0.0320925 
0.718822 0.0085551 0.141937 0.0467968 0.0233546 0.023019 0.0375159 
0.496829 0.00996936 0.26986 0.0396632 0.0318613 0.0959976 0.0558195 
0.733337 0.00777665 0.149755 0.019565 0.00863344 0.0339882 0.0469452 
0.792671 0.0097852 0.100052 0.0228365 0.021011 0.0192919 0.034352 
0.787597 0.0113362 0.0664326 0.0618747 0.0372154 0.00948245 0.0260612 
0.751253 0.011918 0.0741153 0.100863 0.0194312 0.0140467 0.0283734 
0.818355 0.0133383 0.0784303 0.0430559 0.0112166 0.00837401 0.0272299 
0.79567 0.00717118 0.0933839 0.0635318 0.00910255 0.00668367 0.0244565 
0.81858 0.0085934 0.0952971 0.0348134 0.00463112 0.00872557 0.0293595 
0.754909 0.00925442 0.0940641 0.0876925 0.0112791 0.0159117 0.0268888 
0.834212 0.0124177 0.0772508 0.025702 0.0141947 0.0123341 0.0238885 
0.825686 0.0129305 0.0692246 0.0475739 0.0149026 0.0106874 0.0189953 
0.833481 0.00970281 0.0721931 0.0314148 0.0142474 0.00943851 0.0295225 
0.820239 0.0117474 0.0732235 0.0586834 0.00680115 0.00583958 0.0234657 
0.829012 0.0116843 0.0740445 0.036966 0.00627911 0.00770744 0.0343069 
0.851948 0.0115364 0.0632235 0.0397623 0.00659907 0.00656776 0.0203632 
0.862217 0.0146155 0.0539037 0.0306321 0.0108155 0.00547294 0.0223435 
0.83718 0.01542 0.0457787 0.0652557 0.0122867 0.00420237 0.0198764 
0.841203 0.0123434 0.0440323 0.057058 0.0192851 0.00441186 0.0216667 
0.854379 0.0140066 0.0413324 0.0602299 0.0150002 0.00435992 0.0106919 
0.838622 0.0124651 0.0455328 0.0703227 0.0129804 0.00446128 0.0156156 
0.807636 0.0154141 0.0449296 0.0935975 0.0176157 0.00428378 0.0165236 
0.801252 0.0107068 0.0403019 0.105233 0.024469 0.00351547 0.0145227 
0.851711 0.0163049 0.0206005 0.0759456 0.0189798 0.00156919 0.0148887 
0.808726 0.0228812 0.0164082 0.120773 0.017701 0.0018752 0.011636 
0.786082 0.0116354 0.0153128 0.139359 0.0291895 0.00203805 0.016384 
0.814912 0.0125342 0.0196738 0.11492 0.0151932 0.00196255 0.0208042 
0.820097 0.0204166 0.017359 0.105236 0.0171312 0.00425915 0.0155006 
0.89023 0.015745 0.0182854 0.0457197 0.0171244 0.00201809 0.0108777 
0.808268 0.0195278 0.0145472 0.122121 0.0252782 0.00318578 0.00707254 
0.865276 0.0122097 0.0275069 0.0532987 0.0188043 0.00234944 0.0205549 
0.843923 0.0184956 0.0244522 0.0808261 0.0139525 0.00217758 0.016173 
0.805038 0.0242493 0.0192013 0.120151 0.0146027 0.00200496 0.0147525 
0.850994 0.0216469 0.0259102 0.0738955 0.00826316 0.00220212 0.0170885 
0.770183 0.0235115 0.0184624 0.157371 0.0174491 0.00187737 0.0111462 
0.608815 0.0909765 0.00770297 0.052585 0.212095 0.00872834 0.0190969 
0.897478 0.0179395 0.0393448 0.0116249 0.00599987 0.00222648 0.0253863 
0.889232 0.0121284 0.0513369 0.00377285 6.09162E-4 0.00668428 0.036237 
0.839994 0.00764934 0.115208 0.00139691 3.24861E-4 0.00184388 0.0335832 
0.868956 0.0103431 0.0516579 0.00388428 0.00124027 0.00677052 0.057148 
0.892105 0.00967743 0.0474219 0.00924401 0.00187873 0.00921927 0.030454 
0.885783 0.0176372 0.0485385 0.00708348 0.00147401 0.00616431 0.0333194 
0.846421 0.0299293 0.0472126 0.0247625 0.00436442 0.00904666 0.0382631 
0.609485 0.206042 0.0284241 0.010937 0.0222268 0.0710419 0.051843 
0.491463 0.287332 0.0114694 0.0307864 0.116774 0.0408237 0.0213514 
0.780544 0.0692263 0.016888 0.0398443 0.0546812 0.00943217 0.0293843 
0.879229 0.0181983 0.0209601 0.0586548 0.00857634 0.00284203 0.0115391 
0.809535 0.0133853 0.0200092 0.112864 0.019881 0.00286242 0.0214637 
0.73053 0.0209109 0.0223988 0.201907 0.0112561 0.00131959 0.0116772 
0.658896 0.0113314 0.0271633 0.271038 0.0132071 0.0010569 0.0173067 
0.823758 0.0233128 0.0241984 0.0974421 0.00980991 0.00157669 0.019902 
0.763547 0.0210172 0.0228774 0.164652 0.0116232 0.00161932 0.0146641 
0.855866 0.0185768 0.034791 0.0633046 0.006343 0.00136725 0.0197512 
0.836541 0.0222028 0.0308698 0.0732369 0.010784 8.64402E-4 0.0255015 
0.816261 0.0219855 0.0187434 0.103618 0.0225736 0.001746 0.0150722 
0.796095 0.0248493 0.0199678 0.130063 0.0145037 0.00156755 0.0129536 
0.843283 0.016961 0.027442 0.0836789 0.0104815 0.00100426 0.0171491 
0.716225 0.0102498 0.0674173 0.176943 0.00259223 0.00133279 0.0252407 
0.852676 0.0223287 0.036448 0.0659462 0.00452959 0.00119414 0.0168775 
0.885066 0.0159337 0.0239445 0.0520172 0.00769173 0.00247896 0.0128676 
0.867465 0.015035 0.0296855 0.0513618 0.0120021 0.00287151 0.0215787 
0.887843 0.0118955 0.0299399 0.0446258 0.00559013 0.00343801 0.0166678 
0.858691 0.00998417 0.0403399 0.0689856 0.00519785 0.0019246 0.0148769 
0.860595 0.0144647 0.0334432 0.0548029 0.00932691 0.00210511 0.0252619 
0.748057 0.014279 0.0167329 0.191049 0.0183818 0.00286565 0.00863489 
0.8629 0.00987048 0.0254242 0.0698742 0.0130286 0.00285333 0.0160496 
0.868725 0.0215037 0.0193266 0.0563989 0.0184397 0.00248203 0.013124 
0.842448 0.0129136 0.0236256 0.0868335 0.0187852 0.00209644 0.0132973 
0.832373 0.0107225 0.0283318 0.102041 0.0101423 0.00141246 0.014977 
0.832118 0.0114588 0.0232058 0.100845 0.0166226 0.00212803 0.0136215 
0.828363 0.0170907 0.0220465 0.106231 0.0115094 0.00174627 0.013013 
0.841186 0.0172566 0.0217873 0.0926568 0.0130858 0.00163425 0.0123929 
0.853489 0.0134066 0.0298997 0.0650543 0.0127691 0.00220447 0.0231767 
0.826705 0.0138866 0.0335689 0.0982879 0.00652892 0.00190333 0.0191189 
0.852409 0.0122015 0.0311918 0.0765087 0.0104007 0.00166509 0.0156228 
0.863571 0.0138607 0.0349841 0.0655681 0.00796952 0.00130427 0.0127423 
0.843166 0.0112216 0.022642 0.0899924 0.0173668 0.00241528 0.0131964 
0.82322 0.0203308 0.0157953 0.0773381 0.0467571 0.0029539 0.0136048 
0.874634 0.0135843 0.0229487 0.0539616 0.0168951 0.00310948 0.014867 
0.844696 0.0153351 0.0240076 0.0837967 0.0147635 0.0025109 0.0148899 
0.871998 0.0231676 0.0352034 0.0344858 0.00593221 0.00211111 0.0271015 
0.808747 0.0177151 0.0346183 0.101872 0.00602404 0.00221327 0.0288098 
0.837348 0.0180611 0.0403464 0.0709756 0.00261956 0.00226247 0.0283873 
0.830878 0.0186169 0.039441 0.0833269 0.00356149 0.00133845 0.0228372 
0.843446 0.0171361 0.0300446 0.0730361 0.00584176 0.00231306 0.0281822 
0.860093 0.0248399 0.0287662 0.0542681 0.00791812 0.0027427 0.0213719 
0.713971 0.0149848 0.0167239 0.223911 0.0206393 0.0015411 0.00822892 
0.659382 0.0174596 0.0111586 0.212171 0.0857473 0.00336356 0.0107173 
0.81988 0.0223087 0.0177766 0.104905 0.0213783 0.0029967 0.0107544 
0.498702 0.0697493 0.00868066 0.190526 0.210291 0.00817301 0.0138776 
0.746213 0.0872987 0.0145023 0.0453536 0.0720691 0.010117 0.0244459 
0.793836 0.0656015 0.0249063 0.0636527 0.0175804 0.00681509 0.0276085 
0.820653 0.0161412 0.0329551 0.0869516 0.0214671 0.00461953 0.0172126 
0.769587 0.0114435 0.0509843 0.122104 0.0266334 0.0046124 0.0146351 
0.114447 0.473044 0.03059 0.216585 0.0102164 0.142826 0.0122928 
0.00999263 0.953897 7.54106E-4 0.0155875 8.70903E-4 0.0181339 7.64424E-4 
0.0192358 0.926858 9.85597E-4 0.0314426 0.00250626 0.0173918 0.00157948 
0.018064 0.94253 8.89325E-4 0.0152573 0.00205345 0.0198015 0.00140493 
0.0211559 0.928609 9.73751E-4 0.0237463 0.00317179 0.0205365 0.00180696 
0.0212298 0.937465 0.00135893 0.0211199 0.0015576 0.015677 0.00159198 
0.0470662 0.861268 0.00229989 0.0416813 0.00489385 0.039056 0.00373451 
0.0480691 0.84196 0.00246349 0.0753584 0.00688823 0.0211403 0.00412089 
0.0857163 0.783828 0.00479067 0.0837461 0.00685511 0.027334 0.00773022 
0.0685443 0.8111 0.00358335 0.0954305 0.00656253 0.00919457 0.00558513 
0.08123 0.821981 0.00249253 0.0643541 0.010877 0.0133356 0.00572978 
0.0610944 0.85243 0.00226535 0.0627824 0.00879315 0.00773614 0.0048983 
0.0616222 0.848173 0.00242312 0.0658884 0.00756842 0.00954774 0.00477744 
0.0517067 0.875809 0.00166134 0.0539165 0.00893849 0.00455712 0.00341037 
0.0740723 0.817211 0.00270952 0.083279 0.0101311 0.00802089 0.0045758 
0.0676799 0.82623 0.003488 0.085245 0.00579428 0.00597298 0.00558987 
0.0422967 0.889417 0.00141733 0.0504777 0.006793 0.0068033 0.00279519 
0.0367345 0.866698 0.00281247 0.0580701 0.00372805 0.0287942 0.00316239 
0.0488527 0.7745 0.00460983 0.0635036 0.00490277 0.0996421 0.00398932 
0.0678297 0.724382 0.00657232 0.0796517 0.0069822 0.108881 0.00570114 
0.0878793 0.740394 0.00697617 0.110402 0.00808915 0.0387868 0.00747241 
0.0999362 0.718563 0.00851929 0.116578 0.00957328 0.0378183 0.00901175 
0.161767 0.532614 0.0110928 0.23613 0.0262977 0.018831 0.0132677 
0.167948 0.475073 0.0154196 0.285136 0.0223314 0.0151244 0.0189685 
0.230645 0.371632 0.0234436 0.313636 0.0159162 0.0201269 0.0245998 
0.217537 0.361453 0.0185687 0.346868 0.0207752 0.0149498 0.0198479 
0.291418 0.352139 0.0190507 0.292128 0.0113891 0.0142943 0.0195821 
0.214983 0.358513 0.0219917 0.359544 0.0113749 0.0136821 0.0199112 
0.239819 0.477098 0.0135395 0.220342 0.0191137 0.0134534 0.0166347 
0.191028 0.530173 0.00690347 0.189051 0.0618722 0.00961077 0.0113613 
0.172 0.472444 0.0100975 0.277845 0.043654 0.0101644 0.0137952 
0.139825 0.564667 0.00940943 0.248103 0.0183623 0.00779826 0.0118353 
0.128101 0.662092 0.00916988 0.166826 0.0134953 0.00836344 0.0119514 
0.0983554 0.723824 0.0058167 0.13343 0.0215008 0.00878892 0.00828411 
0.107962 0.705134 0.00680257 0.133958 0.0217389 0.0142424 0.0101619 
0.114485 0.752763 0.00541367 0.0985991 0.011099 0.00890835 0.00873194 
0.141428 0.655503 0.00657087 0.156933 0.0201545 0.00850797 0.0109026 
0.11041 0.731625 0.00562318 0.120307 0.0128213 0.00930994 0.00990385 
0.123419 0.61874 0.00733291 0.205485 0.0242726 0.0101041 0.0106456 
0.129853 0.716742 0.00534232 0.11247 0.016401 0.00916134 0.0100295 
0.159772 0.662742 0.00763877 0.131966 0.0143271 0.0106389 0.0129153 
0.140628 0.661151 0.00843143 0.142679 0.0213109 0.0137895 0.0120104 
0.137653 0.673621 0.00849806 0.139006 0.0172094 0.0111493 0.0128632 
0.122569 0.730327 0.00577392 0.103212 0.0186022 0.00986267 0.00965359 
0.141097 0.641496 0.00952308 0.166813 0.0143259 0.0125842 0.0141608 
0.105443 0.742785 0.00472918 0.109063 0.0181972 0.0106034 0.00917881 
0.0560083 0.888713 9.33114E-4 0.0130745 0.0163363 0.0198821 0.00505312 
0.147397 0.75949 0.00332158 0.050045 0.0193962 0.0111754 0.00917504 
0.281 0.430376 0.0191038 0.217746 0.0144698 0.0153979 0.0219054 
0.33564 0.277534 0.0152357 0.314359 0.0295523 0.00714048 0.0205386 
0.336448 0.134407 0.0178613 0.448236 0.0397283 0.00542593 0.0178945 
0.71898 0.0732599 0.0281238 0.143486 0.0231206 0.00205717 0.010972 
0.717667 0.0524196 0.0466788 0.128386 0.015073 0.0272863 0.0124897 
0.629824 0.156371 0.0382142 0.0819135 0.015339 0.0650004 0.013338 
0.537681 0.0448806 0.0301028 0.351392 0.00875023 0.0175165 0.00967729 
0.380031 0.0587058 0.01876 0.513722 0.00925128 0.0106206 0.00890892 
0.434443 0.0663704 0.021559 0.44149 0.0110739 0.0138397 0.0112235 
0.533562 0.0472802 0.0224741 0.369662 0.00858671 0.00719572 0.0112389 
0.577067 0.0322997 0.0212401 0.343634 0.00721794 0.0044111 0.0141301 
0.509938 0.049334 0.0175407 0.400745 0.0104932 0.00374876 0.00820035 
0.673425 0.0551924 0.0159591 0.231143 0.0122908 0.0028649 0.0091253 
0.671405 0.0725422 0.0183619 0.219716 0.00648681 0.0028607 0.00862734 
0.700914 0.0633846 0.019434 0.197038 0.00579993 0.00276826 0.0106611 
0.54893 0.118687 0.0168695 0.290057 0.00954217 0.00411325 0.0118018 
0.649914 0.094388 0.0159473 0.214676 0.0106362 0.00310132 0.0113368 
0.753754 0.0607591 0.0323194 0.118372 0.00927689 0.0106128 0.0149055 
0.806376 0.0364455 0.0413108 0.0766186 0.00543469 0.0156891 0.0181249 
0.706978 0.0996845 0.0241241 0.123998 0.013717 0.0175292 0.0139695 
0.734126 0.0909 0.0269542 0.106012 0.0117605 0.0151808 0.0150667 
0.709556 0.113754 0.0296362 0.0890203 0.0150556 0.0241412 0.0188361 
0.740321 0.0675471 0.035979 0.110139 0.00935804 0.0216098 0.015046 
0.720648 0.0313326 0.0353231 0.188626 0.00275845 0.00953749 0.0117744 
0.74758 0.04643 0.0307977 0.142866 0.00356157 0.0179586 0.0108059 
0.793909 0.0548465 0.0339049 0.0634245 0.00268821 0.0340759 0.0171512 
0.800521 0.0701679 0.0289656 0.0581438 0.00574826 0.0208581 0.0155951 
0.727827 0.124049 0.0287447 0.0543662 0.0104506 0.0302596 0.0243031 
0.696626 0.128693 0.0266345 0.0976472 0.00925231 0.0213933 0.0197544 
0.570582 0.176634 0.0262389 0.178429 0.00745981 0.0227262 0.0179309 
0.552674 0.307066 0.0245186 0.0431942 0.0126006 0.0320519 0.0278949 
0.665477 0.135161 0.0420759 0.0873462 0.00636022 0.0430863 0.0204934 
0.561953 0.237326 0.0291637 0.0776881 0.0112138 0.0656197 0.0170363 
0.54423 0.233699 0.0297805 0.121705 0.013386 0.0432444 0.0139547 
0.2029 0.613297 0.00680941 0.00919827 0.021646 0.132741 0.0134087 
0.362323 0.460669 0.0121318 0.0131263 0.0189304 0.110838 0.0219815 
0.529039 0.29994 0.018454 0.0491831 0.017512 0.0642614 0.0216102 
0.540419 0.237448 0.0272195 0.105827 0.00932419 0.058778 0.020985 
0.530792 0.259306 0.0270727 0.0836065 0.00965996 0.0667147 0.0228483 
0.450273 0.246211 0.0341206 0.183742 0.00861205 0.0576501 0.0193911 
0.541939 0.207817 0.0273628 0.147128 0.0105134 0.0473971 0.0178425 
0.494374 0.136422 0.0189979 0.307485 0.00961345 0.020672 0.0124351 
0.522899 0.128987 0.0171875 0.279884 0.0179195 0.0205195 0.0126045 
0.47198 0.201375 0.014906 0.255085 0.023279 0.0210839 0.012291 
0.330573 0.134136 0.0165858 0.472547 0.0199363 0.014707 0.0115154 
0.415321 0.156989 0.0175915 0.368465 0.0174245 0.0128632 0.011345 
0.402615 0.13251 0.0192079 0.405236 0.0164514 0.0126451 0.0113343 
0.247263 0.076867 0.0135763 0.629633 0.0188487 0.00732068 0.00649219 
0.302361 0.0513151 0.0146733 0.591989 0.0226946 0.0094962 0.00747113 
0.430397 0.0979123 0.0199244 0.408874 0.0170211 0.0141805 0.0116905 
0.394649 0.102025 0.0199397 0.441762 0.0181638 0.0118322 0.011628 
0.279159 0.0527581 0.028969 0.590126 0.00649503 0.0317036 0.0107897 
0.149067 0.0583347 0.0117686 0.756352 0.00663223 0.0112119 0.00663312 
0.0264151 0.0156339 0.00273235 0.945315 0.00648088 0.00159446 0.00182786 
0.0269386 0.0272263 0.00378298 0.924471 0.0132165 0.00180403 0.00256038 
0.0228661 0.0297177 0.00347235 0.908593 0.0301157 0.00244653 0.00278876 
0.0287138 0.0289223 0.00360719 0.904523 0.0293333 0.00206758 0.00283301 
0.0367209 0.0457243 0.00465109 0.875811 0.0301106 0.00251156 0.00447078 
0.0280814 0.0416483 0.00387237 0.89481 0.0259845 0.00195368 0.00364964 
0.0541135 0.087555 0.00682233 0.802408 0.0381371 0.0038767 0.00708723 
0.0262019 0.0450333 0.00411748 0.902627 0.0162778 0.00211443 0.00362865 
0.0327509 0.0303069 0.00340363 0.887977 0.0396672 0.002254 0.00364013 
0.0324544 0.0209391 0.00295201 0.856625 0.0810854 0.00280466 0.00313916 
0.0283436 0.0230555 0.00251247 0.893814 0.0478593 0.00162839 0.002787 
0.0267749 0.0195263 0.00241331 0.924695 0.023308 0.00112444 0.0021576 
0.0453451 0.033731 0.00310241 0.851065 0.0612567 0.00197633 0.00352307 
0.0629604 0.0530188 0.00490452 0.821754 0.0491339 0.00301919 0.00520939 
0.313 0.357307 0.0123964 0.200194 0.0396509 0.0532616 0.0241895 
0.778787 0.0816181 0.0301033 0.0674572 0.00418026 0.0141822 0.023672 
0.549759 0.0753274 0.0177893 0.326942 0.0151635 0.00421507 0.0108042 
0.390813 0.08674 0.0167606 0.472222 0.0156632 0.00494369 0.0128568 
0.239692 0.0852147 0.0152948 0.629802 0.014054 0.00463044 0.011312 
0.37826 0.070646 0.0165246 0.514994 0.00847153 0.00275582 0.00834751 
0.426107 0.0742867 0.0182264 0.461525 0.00712507 0.00382399 0.00890586 
0.43381 0.0640256 0.0165396 0.461486 0.00798736 0.00604398 0.0101081 
0.606338 0.0483907 0.019625 0.306533 0.00515875 0.00402104 0.00993348 
0.504406 0.0420871 0.025397 0.408101 0.00294518 0.00547012 0.0115933 
0.487357 0.0440649 0.0181239 0.433572 0.00652609 0.00367171 0.00668461 
0.546934 0.0329949 0.0227208 0.374989 0.00562498 0.00548295 0.0112536 
0.519692 0.0556581 0.0246778 0.376249 0.00402223 0.0078963 0.0118043 
0.495742 0.0701233 0.0188509 0.388139 0.0122338 0.00462771 0.0102832 
0.459742 0.108353 0.0219091 0.380365 0.0104968 0.00584935 0.0132836 
0.324488 0.104533 0.0185423 0.509508 0.0208404 0.0106992 0.0113892 
0.41406 0.0825612 0.0166151 0.454353 0.0161703 0.0064686 0.00977192 
0.297623 0.125349 0.0165183 0.492004 0.0453923 0.0100274 0.0130859 
0.326566 0.379039 0.0134368 0.180028 0.0422461 0.0412206 0.0174634 
0.421383 0.231045 0.0174917 0.238284 0.050825 0.0217168 0.0192548 
0.528446 0.20061 0.0169921 0.191816 0.0344667 0.0120145 0.0156547 
0.465619 0.0953549 0.0193955 0.391533 0.00947945 0.0069205 0.0116969 
0.333659 0.0360529 0.0135204 0.592581 0.0144071 0.00343482 0.00634415 
0.39021 0.056165 0.0144642 0.511751 0.015326 0.00376798 0.00831497 
0.361141 0.0432279 0.0121555 0.547515 0.0262086 0.00279566 0.00695687 
0.394975 0.0670624 0.0143151 0.472782 0.0337757 0.0065994 0.0104896 
0.412376 0.0500404 0.0178639 0.494762 0.0120677 0.00478705 0.00810352 
0.435983 0.0541035 0.019038 0.466028 0.0113614 0.00394986 0.00953611 
0.314272 0.0419994 0.0126485 0.607296 0.0132886 0.00311279 0.0073836 
0.298435 0.0621332 0.0140728 0.59008 0.0238856 0.00371495 0.00767823 
0.163282 0.0707141 0.0113638 0.721196 0.0218413 0.00442853 0.00717461 
0.261493 0.0794611 0.012766 0.590459 0.0421597 0.00483427 0.00882775 
0.0408991 0.0170819 0.00404611 0.916099 0.0183212 0.00126269 0.00228992 
0.0179752 0.0123775 0.0021458 0.94809 0.0174521 6.22448E-4 0.00133648 
0.0201695 0.0095037 0.00208063 0.944495 0.0217694 7.58111E-4 0.00122401 
0.0212828 0.00862049 0.00252586 0.924135 0.0408555 8.7809E-4 0.00170254 
0.0203095 0.00816221 0.00228569 0.935528 0.0312895 9.90283E-4 0.00143472 
0.0541193 0.0274761 0.00401459 0.828084 0.0806258 0.00217058 0.00350943 
0.0419756 0.0314427 0.00457688 0.83424 0.0817234 0.00236302 0.00367825 
0.0652821 0.0436438 0.00637887 0.697898 0.175595 0.00494278 0.00626019 
0.0839525 0.0577555 0.0068051 0.726145 0.114019 0.00477091 0.0065514 
0.122242 0.0622773 0.00793569 0.626708 0.166605 0.00587441 0.0083579 
0.0756761 0.0470482 0.00662557 0.675222 0.183596 0.00498935 0.00684279 
0.0533587 0.0301706 0.00448393 0.817812 0.087477 0.00254879 0.00414886 
0.0557008 0.0377532 0.00542757 0.824057 0.0695878 0.00325441 0.00421958 
0.0853809 0.0608024 0.00647019 0.736669 0.100373 0.00469273 0.00561191 
0.0770764 0.0547137 0.00586043 0.78664 0.0670011 0.00335131 0.00535748 
0.0694169 0.0415266 0.00682905 0.779234 0.0931591 0.0033338 0.00650005 
0.0247751 0.0187944 0.00370111 0.918612 0.0299416 0.0016576 0.00251783 
0.0326327 0.017449 0.00383734 0.901348 0.0398103 0.00196363 0.0029587 
0.0546638 0.0263456 0.00544918 0.819348 0.0859312 0.00313707 0.00512513 
0.0696762 0.041437 0.00644108 0.778963 0.0935528 0.00377704 0.00615318 
0.0868507 0.052864 0.00645558 0.778533 0.0665549 0.00322939 0.00551262 
0.0579609 0.0362356 0.00523691 0.844853 0.0492108 0.00223805 0.00426467 
0.0712527 0.0351127 0.00578288 0.774093 0.105015 0.00328838 0.0054552 
0.0293657 0.0182258 0.00324273 0.916462 0.0293493 0.00119364 0.00216056 
0.0285273 0.0208523 0.00350983 0.925478 0.0184101 0.0011986 0.00202348 
0.0335763 0.0240779 0.00317984 0.899582 0.0361947 0.00115241 0.00223649 
0.0328792 0.0224919 0.00352198 0.898225 0.03885 0.00138665 0.0026456 
0.0254697 0.020486 0.0031457 0.918476 0.0291105 0.00112465 0.00218761 
0.0520223 0.0339447 0.00447135 0.819832 0.0830359 0.00251096 0.00418291 
0.0626369 0.0524322 0.00618347 0.792219 0.077107 0.00361938 0.00580239 
0.0377643 0.032671 0.00398094 0.856909 0.0628271 0.00255403 0.00329328 
0.0277907 0.0326857 0.00358739 0.881034 0.0500583 0.00217996 0.00266419 
0.0510337 0.0475335 0.00522826 0.745288 0.141853 0.00438894 0.00467547 
0.0272678 0.0289666 0.00372843 0.85853 0.0755366 0.00321482 0.00275544 
0.0397525 0.0456485 0.00428744 0.799969 0.103367 0.0036013 0.00337437 
0.135822 0.508448 0.00937571 0.179591 0.0909775 0.061945 0.0138408 
0.145309 0.336352 0.014195 0.37417 0.0763928 0.0371435 0.0164378 
0.151056 0.247114 0.0144751 0.427775 0.122507 0.022054 0.0150192 
0.121794 0.138235 0.0127997 0.624574 0.0824085 0.00909341 0.0110954 
0.0740208 0.0826622 0.00710312 0.742605 0.0829616 0.00468379 0.0059631 
0.0556215 0.0711082 0.00695099 0.812477 0.0444554 0.00427878 0.00510829 
0.0447845 0.0477485 0.00589445 0.881387 0.014451 0.00229894 0.00343539 
0.105097 0.0995451 0.00906151 0.716044 0.0581072 0.00486631 0.00727922 
0.0749884 0.0805874 0.00756715 0.781819 0.0461303 0.00308447 0.00582339 
0.0648569 0.0707428 0.00701245 0.815005 0.0349225 0.00230011 0.00515996 
0.0760761 0.0857927 0.00774459 0.781174 0.0400337 0.00312727 0.00605123 
0.103235 0.133282 0.00982615 0.671405 0.0681217 0.0059776 0.00815254 
0.0753673 0.0712796 0.00749412 0.799955 0.0378922 0.00256165 0.00545013 
0.0794021 0.0546383 0.00682103 0.786283 0.0643499 0.00310507 0.00540028 
0.0861878 0.0491048 0.00655218 0.79541 0.0545871 0.00293105 0.00522711 
0.0907277 0.0237477 0.00535809 0.842035 0.032345 0.00207357 0.00371322 
0.029215 0.0202254 0.00326472 0.932006 0.0127003 8.44738E-4 0.00174391 
0.0424585 0.0220239 0.00408086 0.902581 0.0249301 0.00124724 0.00267849 
0.0466917 0.0266589 0.00429092 0.887231 0.0305484 0.00141775 0.00316122 
0.0465449 0.0262117 0.00427011 0.871906 0.0462194 0.0014539 0.00339401 
0.0569607 0.0366148 0.00549232 0.813081 0.0803513 0.002537 0.00496315 
0.0457799 0.0314883 0.00440871 0.857317 0.0554929 0.00196537 0.00354744 
0.178539 0.376419 0.00869004 0.267875 0.130532 0.0237883 0.0141575 
0.248576 0.21421 0.0124381 0.363262 0.12942 0.0164246 0.0156689 
0.206481 0.124105 0.0128877 0.448251 0.181255 0.0104493 0.0165711 
0.0965445 0.0671595 0.00876397 0.692106 0.120541 0.00584915 0.00903601 
0.083495 0.0640847 0.00806563 0.771479 0.0619706 0.00415725 0.00674771 
0.0475756 0.0315497 0.00505878 0.872793 0.0372371 0.00191682 0.00386896 
0.183794 0.189785 0.0113183 0.451529 0.106883 0.0396001 0.0170905 
0.149831 0.191692 0.0133977 0.485026 0.126424 0.0180993 0.0155293 
0.323446 0.149036 0.0145932 0.417601 0.0729168 0.00946088 0.0129459 
0.215218 0.109076 0.0121663 0.528972 0.1143 0.00798016 0.0122874 
0.0895872 0.0389412 0.00685112 0.817962 0.0380983 0.00295766 0.00560243 
0.151137 0.0624523 0.0111604 0.732652 0.0295467 0.00426611 0.00878598 
0.138516 0.0557794 0.00937492 0.762203 0.0240998 0.00274691 0.00727962 
0.0798 0.0317073 0.00606729 0.856906 0.0188857 0.00204379 0.00459022 
0.177684 0.063088 0.0103732 0.697564 0.0395945 0.00333896 0.00835742 
0.225566 0.0673684 0.0120594 0.663506 0.02027 0.0032202 0.0080106 
0.151726 0.0509655 0.00932126 0.741281 0.0363372 0.00325376 0.00711527 
0.104572 0.0406998 0.00742717 0.812149 0.027306 0.00223725 0.0056091 
0.279159 0.0527581 0.028969 0.590126 0.00649503 0.0317036 0.0107897 
0.149067 0.0583347 0.0117686 0.756352 0.00663223 0.0112119 0.00663312 
0.0264151 0.0156339 0.00273235 0.945315 0.00648088 0.00159446 0.00182786 
0.0269386 0.0272263 0.00378298 0.924471 0.0132165 0.00180403 0.00256038 
0.0228661 0.0297177 0.00347235 0.908593 0.0301157 0.00244653 0.00278876 
0.0287138 0.0289223 0.00360719 0.904523 0.0293333 0.00206758 0.00283301 
0.0367209 0.0457243 0.00465109 0.875811 0.0301106 0.00251156 0.00447078 
0.0280814 0.0416483 0.00387237 0.89481 0.0259845 0.00195368 0.00364964 
0.0541135 0.087555 0.00682233 0.802408 0.0381371 0.0038767 0.00708723 
0.0262019 0.0450333 0.00411748 0.902627 0.0162778 0.00211443 0.00362865 
0.0327509 0.0303069 0.00340363 0.887977 0.0396672 0.002254 0.00364013 
0.0324544 0.0209391 0.00295201 0.856625 0.0810854 0.00280466 0.00313916 
0.0283436 0.0230555 0.00251247 0.893814 0.0478593 0.00162839 0.002787 
0.0267749 0.0195263 0.00241331 0.924695 0.023308 0.00112444 0.0021576 
0.0453451 0.033731 0.00310241 0.851065 0.0612567 0.00197633 0.00352307 
0.0629604 0.0530188 0.00490452 0.821754 0.0491339 0.00301919 0.00520939 
0.313 0.357307 0.0123964 0.200194 0.0396509 0.0532616 0.0241895 
0.778787 0.0816181 0.0301033 0.0674572 0.00418026 0.0141822 0.023672 
0.549759 0.0753274 0.0177893 0.326942 0.0151635 0.00421507 0.0108042 
0.390813 0.08674 0.0167606 0.472222 0.0156632 0.00494369 0.0128568 
0.239692 0.0852147 0.0152948 0.629802 0.014054 0.00463044 0.011312 
0.37826 0.070646 0.0165246 0.514994 0.00847153 0.00275582 0.00834751 
0.426107 0.0742867 0.0182264 0.461525 0.00712507 0.00382399 0.00890586 
0.43381 0.0640256 0.0165396 0.461486 0.00798736 0.00604398 0.0101081 
0.606338 0.0483907 0.019625 0.306533 0.00515875 0.00402104 0.00993348 
0.504406 0.0420871 0.025397 0.408101 0.00294518 0.00547012 0.0115933 
0.487357 0.0440649 0.0181239 0.433572 0.00652609 0.00367171 0.00668461 
0.546934 0.0329949 0.0227208 0.374989 0.00562498 0.00548295 0.0112536 
0.519692 0.0556581 0.0246778 0.376249 0.00402223 0.0078963 0.0118043 
0.495742 0.0701233 0.0188509 0.388139 0.0122338 0.00462771 0.0102832 
0.459742 0.108353 0.0219091 0.380365 0.0104968 0.00584935 0.0132836 
0.324488 0.104533 0.0185423 0.509508 0.0208404 0.0106992 0.0113892 
0.41406 0.0825612 0.0166151 0.454353 0.0161703 0.0064686 0.00977192 
0.297623 0.125349 0.0165183 0.492004 0.0453923 0.0100274 0.0130859 
0.326566 0.379039 0.0134368 0.180028 0.0422461 0.0412206 0.0174634 
0.421383 0.231045 0.0174917 0.238284 0.050825 0.0217168 0.0192548 
0.528446 0.20061 0.0169921 0.191816 0.0344667 0.0120145 0.0156547 
0.465619 0.0953549 0.0193955 0.391533 0.00947945 0.0069205 0.0116969 
0.333659 0.0360529 0.0135204 0.592581 0.0144071 0.00343482 0.00634415 
0.39021 0.056165 0.0144642 0.511751 0.015326 0.00376798 0.00831497 
0.361141 0.0432279 0.0121555 0.547515 0.0262086 0.00279566 0.00695687 
0.394975 0.0670624 0.0143151 0.472782 0.0337757 0.0065994 0.0104896 
0.412376 0.0500404 0.0178639 0.494762 0.0120677 0.00478705 0.00810352 
0.435983 0.0541035 0.019038 0.466028 0.0113614 0.00394986 0.00953611 
0.314272 0.0419994 0.0126485 0.607296 0.0132886 0.00311279 0.0073836 
0.298435 0.0621332 0.0140728 0.59008 0.0238856 0.00371495 0.00767823 
0.163282 0.0707141 0.0113638 0.721196 0.0218413 0.00442853 0.00717461 
0.261493 0.0794611 0.012766 0.590459 0.0421597 0.00483427 0.00882775 
0.0408991 0.0170819 0.00404611 0.916099 0.0183212 0.00126269 0.00228992 
0.0179752 0.0123775 0.0021458 0.94809 0.0174521 6.22448E-4 0.00133648 
0.0201695 0.0095037 0.00208063 0.944495 0.0217694 7.58111E-4 0.00122401 
0.0212828 0.00862049 0.00252586 0.924135 0.0408555 8.7809E-4 0.00170254 
0.0203095 0.00816221 0.00228569 0.935528 0.0312895 9.90283E-4 0.00143472 
0.0541193 0.0274761 0.00401459 0.828084 0.0806258 0.00217058 0.00350943 
0.0419756 0.0314427 0.00457688 0.83424 0.0817234 0.00236302 0.00367825 
0.0652821 0.0436438 0.00637887 0.697898 0.175595 0.00494278 0.00626019 
0.0839525 0.0577555 0.0068051 0.726145 0.114019 0.00477091 0.0065514 
0.122242 0.0622773 0.00793569 0.626708 0.166605 0.00587441 0.0083579 
0.0756761 0.0470482 0.00662557 0.675222 0.183596 0.00498935 0.00684279 
0.0533587 0.0301706 0.00448393 0.817812 0.087477 0.00254879 0.00414886 
0.0557008 0.0377532 0.00542757 0.824057 0.0695878 0.00325441 0.00421958 
0.0853809 0.0608024 0.00647019 0.736669 0.100373 0.00469273 0.00561191 
0.0770764 0.0547137 0.00586043 0.78664 0.0670011 0.00335131 0.00535748 
0.0694169 0.0415266 0.00682905 0.779234 0.0931591 0.0033338 0.00650005 
0.0247751 0.0187944 0.00370111 0.918612 0.0299416 0.0016576 0.00251783 
0.0326327 0.017449 0.00383734 0.901348 0.0398103 0.00196363 0.0029587 
0.0546638 0.0263456 0.00544918 0.819348 0.0859312 0.00313707 0.00512513 
0.0696762 0.041437 0.00644108 0.778963 0.0935528 0.00377704 0.00615318 
0.0868507 0.052864 0.00645558 0.778533 0.0665549 0.00322939 0.00551262 
0.0579609 0.0362356 0.00523691 0.844853 0.0492108 0.00223805 0.00426467 
0.0712527 0.0351127 0.00578288 0.774093 0.105015 0.00328838 0.0054552 
0.0293657 0.0182258 0.00324273 0.916462 0.0293493 0.00119364 0.00216056 
0.0285273 0.0208523 0.00350983 0.925478 0.0184101 0.0011986 0.00202348 
0.0335763 0.0240779 0.00317984 0.899582 0.0361947 0.00115241 0.00223649 
0.0328792 0.0224919 0.00352198 0.898225 0.03885 0.00138665 0.0026456 
0.0254697 0.020486 0.0031457 0.918476 0.0291105 0.00112465 0.00218761 
0.0520223 0.0339447 0.00447135 0.819832 0.0830359 0.00251096 0.00418291 
0.0626369 0.0524322 0.00618347 0.792219 0.077107 0.00361938 0.00580239 
0.0377643 0.032671 0.00398094 0.856909 0.0628271 0.00255403 0.00329328 
0.0277907 0.0326857 0.00358739 0.881034 0.0500583 0.00217996 0.00266419 
0.0510337 0.0475335 0.00522826 0.745288 0.141853 0.00438894 0.00467547 
0.0272678 0.0289666 0.00372843 0.85853 0.0755366 0.00321482 0.00275544 
0.0397525 0.0456485 0.00428744 0.799969 0.103367 0.0036013 0.00337437 
0.135822 0.508448 0.00937571 0.179591 0.0909775 0.061945 0.0138408 
0.145309 0.336352 0.014195 0.37417 0.0763928 0.0371435 0.0164378 
0.151056 0.247114 0.0144751 0.427775 0.122507 0.022054 0.0150192 
0.121794 0.138235 0.0127997 0.624574 0.0824085 0.00909341 0.0110954 
0.0740208 0.0826622 0.00710312 0.742605 0.0829616 0.00468379 0.0059631 
0.0556215 0.0711082 0.00695099 0.812477 0.0444554 0.00427878 0.00510829 
0.0447845 0.0477485 0.00589445 0.881387 0.014451 0.00229894 0.00343539 
0.105097 0.0995451 0.00906151 0.716044 0.0581072 0.00486631 0.00727922 
0.0749884 0.0805874 0.00756715 0.781819 0.0461303 0.00308447 0.00582339 
0.0648569 0.0707428 0.00701245 0.815005 0.0349225 0.00230011 0.00515996 
0.0760761 0.0857927 0.00774459 0.781174 0.0400337 0.00312727 0.00605123 
0.103235 0.133282 0.00982615 0.671405 0.0681217 0.0059776 0.00815254 
0.0753673 0.0712796 0.00749412 0.799955 0.0378922 0.00256165 0.00545013 
0.0794021 0.0546383 0.00682103 0.786283 0.0643499 0.00310507 0.00540028 
0.0861878 0.0491048 0.00655218 0.79541 0.0545871 0.00293105 0.00522711 
0.0907277 0.0237477 0.00535809 0.842035 0.032345 0.00207357 0.00371322 
0.029215 0.0202254 0.00326472 0.932006 0.0127003 8.44738E-4 0.00174391 
0.0424585 0.0220239 0.00408086 0.902581 0.0249301 0.00124724 0.00267849 
0.0466917 0.0266589 0.00429092 0.887231 0.0305484 0.00141775 0.00316122 
0.0465449 0.0262117 0.00427011 0.871906 0.0462194 0.0014539 0.00339401 
0.0569607 0.0366148 0.00549232 0.813081 0.0803513 0.002537 0.00496315 
0.0457799 0.0314883 0.00440871 0.857317 0.0554929 0.00196537 0.00354744 
0.178539 0.376419 0.00869004 0.267875 0.130532 0.0237883 0.0141575 
0.248576 0.21421 0.0124381 0.363262 0.12942 0.0164246 0.0156689 
0.206481 0.124105 0.0128877 0.448251 0.181255 0.0104493 0.0165711 
0.0965445 0.0671595 0.00876397 0.692106 0.120541 0.00584915 0.00903601 
0.083495 0.0640847 0.00806563 0.771479 0.0619706 0.00415725 0.00674771 
0.0475756 0.0315497 0.00505878 0.872793 0.0372371 0.00191682 0.00386896 
0.183794 0.189785 0.0113183 0.451529 0.106883 0.0396001 0.0170905 
0.149831 0.191692 0.0133977 0.485026 0.126424 0.0180993 0.0155293 
0.323446 0.149036 0.0145932 0.417601 0.0729168 0.00946088 0.0129459 
0.215218 0.109076 0.0121663 0.528972 0.1143 0.00798016 0.0122874 
0.0895872 0.0389412 0.00685112 0.817962 0.0380983 0.00295766 0.00560243 
0.151137 0.0624523 0.0111604 0.732652 0.0295467 0.00426611 0.00878598 
0.138516 0.0557794 0.00937492 0.762203 0.0240998 0.00274691 0.00727962 
0.0798 0.0317073 0.00606729 0.856906 0.0188857 0.00204379 0.00459022 
0.177684 0.063088 0.0103732 0.697564 0.0395945 0.00333896 0.00835742 
0.225566 0.0673684 0.0120594 0.663506 0.02027 0.0032202 0.0080106 
0.151726 0.0509655 0.00932126 0.741281 0.0363372 0.00325376 0.00711527 
0.104572 0.0406998 0.00742717 0.812149 0.027306 0.00223725 0.0056091 
0.785901 0.0300002 0.0398926 0.114228 0.00348464 0.0158385 0.0106557 
0.758588 0.0251107 0.0319807 0.161914 0.00255635 0.00770247 0.0121478 
0.674771 0.0256269 0.0385806 0.242048 0.00218683 0.00756625 0.0092202 
0.6081 0.0700258 0.0975896 0.032348 0.0025141 0.173925 0.015498 
0.677993 0.0319075 0.0837417 0.0239537 0.00185512 0.150193 0.0303563 
0.784714 0.0114348 0.0538353 0.0172553 0.00128654 0.0512909 0.0801832 
0.488177 0.0925139 0.0236872 0.0159916 0.0171966 0.304697 0.0577371 
0.378821 0.21749 0.0478981 0.0118542 0.00388394 0.321917 0.0181357 
0.537563 0.115786 0.0370825 0.0265991 0.00454166 0.250286 0.0281411 
0.616641 0.0754227 0.0413602 0.04121 0.00331879 0.188649 0.0333987 
0.546863 0.148919 0.034094 0.0989755 0.00607111 0.135563 0.0295157 
0.472641 0.195801 0.0289284 0.131789 0.00801215 0.133822 0.0290066 
0.417004 0.239401 0.0297666 0.137145 0.00685359 0.142051 0.0277788 
0.452612 0.242594 0.022857 0.0768826 0.00802277 0.170461 0.0265711 
0.238133 0.20693 0.0318797 0.352012 0.00886055 0.135751 0.0264338 
0.155298 0.295604 0.0131892 0.0639312 0.0057835 0.455613 0.0105805 
0.0973697 0.386628 0.00801271 0.0251557 0.00389159 0.475185 0.00375704 
0.0670154 0.415442 0.00690929 0.0189401 0.00213698 0.486543 0.00301285 
0.0906258 0.308829 0.0106808 0.0342636 0.00297929 0.545733 0.00688882 
0.119844 0.244037 0.021541 0.183064 0.00660598 0.393269 0.0316387 
0.246239 0.229764 0.0212022 0.193198 0.0123796 0.256311 0.0409069 
0.130526 0.199741 0.0263272 0.202842 0.0060717 0.403285 0.0312078 
0.129462 0.284774 0.0296589 0.180702 0.00553482 0.350211 0.0196577 
0.119296 0.442904 0.0191556 0.142069 0.00554678 0.254625 0.0164041 
0.0131245 0.843195 0.00247468 0.0387351 5.56594E-4 0.100878 0.00103656 
0.00670884 0.90534 0.00215652 0.0188775 2.1057E-4 0.0661199 5.86154E-4 
6.03516E-4 0.979816 3.21986E-5 4.41184E-4 1.99993E-4 0.0188356 7.19098E-5 
4.28983E-5 0.990488 1.89888E-5 4.48651E-5 1.07071E-4 0.00923902 5.92113E-5 
6.49885E-5 0.988065 2.91075E-5 7.11577E-5 8.09097E-5 0.0116126 7.59923E-5 
9.95465E-6 0.994596 6.38529E-6 1.25935E-5 1.69386E-4 0.00519061 1.47657E-5 
4.10768E-6 0.996658 2.39249E-6 4.71287E-6 1.13144E-4 0.00320069 1.66905E-5 
2.46702E-6 0.99737 1.4661E-6 2.58711E-6 1.40995E-4 0.00246006 2.25477E-5 
6.08388E-7 0.998688 3.6762E-7 6.32209E-7 7.79308E-5 0.00121624 1.60681E-5 
2.8075E-7 0.999089 1.83055E-7 3.28343E-7 1.32402E-4 7.67048E-4 1.04248E-5 
4.53009E-7 0.998885 2.7004E-7 5.47221E-7 6.43371E-5 0.0010379 1.10348E-5 
0.279159 0.0527581 0.028969 0.590126 0.00649503 0.0317036 0.0107897 
0.149067 0.0583347 0.0117686 0.756352 0.00663223 0.0112119 0.00663312 
0.0264151 0.0156339 0.00273235 0.945315 0.00648088 0.00159446 0.00182786 
0.0269386 0.0272263 0.00378298 0.924471 0.0132165 0.00180403 0.00256038 
0.0228661 0.0297177 0.00347235 0.908593 0.0301157 0.00244653 0.00278876 
0.0287138 0.0289223 0.00360719 0.904523 0.0293333 0.00206758 0.00283301 
0.0367209 0.0457243 0.00465109 0.875811 0.0301106 0.00251156 0.00447078 
0.0280814 0.0416483 0.00387237 0.89481 0.0259845 0.00195368 0.00364964 
0.0541135 0.087555 0.00682233 0.802408 0.0381371 0.0038767 0.00708723 
0.0262019 0.0450333 0.00411748 0.902627 0.0162778 0.00211443 0.00362865 
0.0327509 0.0303069 0.00340363 0.887977 0.0396672 0.002254 0.00364013 
0.0324544 0.0209391 0.00295201 0.856625 0.0810854 0.00280466 0.00313916 
0.0283436 0.0230555 0.00251247 0.893814 0.0478593 0.00162839 0.002787 
0.0267749 0.0195263 0.00241331 0.924695 0.023308 0.00112444 0.0021576 
0.0453451 0.033731 0.00310241 0.851065 0.0612567 0.00197633 0.00352307 
0.0629604 0.0530188 0.00490452 0.821754 0.0491339 0.00301919 0.00520939 
0.313 0.357307 0.0123964 0.200194 0.0396509 0.0532616 0.0241895 
0.778787 0.0816181 0.0301033 0.0674572 0.00418026 0.0141822 0.023672 
0.549759 0.0753274 0.0177893 0.326942 0.0151635 0.00421507 0.0108042 
0.390813 0.08674 0.0167606 0.472222 0.0156632 0.00494369 0.0128568 
0.239692 0.0852147 0.0152948 0.629802 0.014054 0.00463044 0.011312 
0.37826 0.070646 0.0165246 0.514994 0.00847153 0.00275582 0.00834751 
0.426107 0.0742867 0.0182264 0.461525 0.00712507 0.00382399 0.00890586 
0.43381 0.0640256 0.0165396 0.461486 0.00798736 0.00604398 0.0101081 
0.606338 0.0483907 0.019625 0.306533 0.00515875 0.00402104 0.00993348 
0.504406 0.0420871 0.025397 0.408101 0.00294518 0.00547012 0.0115933 
0.487357 0.0440649 0.0181239 0.433572 0.00652609 0.00367171 0.00668461 
0.546934 0.0329949 0.0227208 0.374989 0.00562498 0.00548295 0.0112536 
0.519692 0.0556581 0.0246778 0.376249 0.00402223 0.0078963 0.0118043 
0.495742 0.0701233 0.0188509 0.388139 0.0122338 0.00462771 0.0102832 
0.459742 0.108353 0.0219091 0.380365 0.0104968 0.00584935 0.0132836 
0.324488 0.104533 0.0185423 0.509508 0.0208404 0.0106992 0.0113892 
0.41406 0.0825612 0.0166151 0.454353 0.0161703 0.0064686 0.00977192 
0.297623 0.125349 0.0165183 0.492004 0.0453923 0.0100274 0.0130859 
0.326566 0.379039 0.0134368 0.180028 0.0422461 0.0412206 0.0174634 
0.421383 0.231045 0.0174917 0.238284 0.050825 0.0217168 0.0192548 
0.528446 0.20061 0.0169921 0.191816 0.0344667 0.0120145 0.0156547 
0.465619 0.0953549 0.0193955 0.391533 0.00947945 0.0069205 0.0116969 
0.333659 0.0360529 0.0135204 0.592581 0.0144071 0.00343482 0.00634415 
0.39021 0.056165 0.0144642 0.511751 0.015326 0.00376798 0.00831497 
0.361141 0.0432279 0.0121555 0.547515 0.0262086 0.00279566 0.00695687 
0.394975 0.0670624 0.0143151 0.472782 0.0337757 0.0065994 0.0104896 
0.412376 0.0500404 0.0178639 0.494762 0.0120677 0.00478705 0.00810352 
0.435983 0.0541035 0.019038 0.466028 0.0113614 0.00394986 0.00953611 
0.314272 0.0419994 0.0126485 0.607296 0.0132886 0.00311279 0.0073836 
0.298435 0.0621332 0.0140728 0.59008 0.0238856 0.00371495 0.00767823 
0.163282 0.0707141 0.0113638 0.721196 0.0218413 0.00442853 0.00717461 
