0.778289 0.0169784 0.025136 0.146978 0.0175383 0.00218329 0.0128968 
0.819199 0.0219079 0.0239472 0.108491 0.0133696 0.00237632 0.0107092 
0.802863 0.0261371 0.0224979 0.124257 0.0132396 0.00212734 0.00887792 
0.85389 0.0173971 0.0351516 0.0716551 0.00500555 0.0019952 0.0149058 
0.81645 0.0270567 0.0269152 0.107143 0.0076297 0.00207091 0.0127348 
0.791215 0.0253658 0.0292615 0.133616 0.00617253 0.0025723 0.0117962 
0.808479 0.0368545 0.0267308 0.104601 0.00820873 0.00250466 0.0126211 
0.768551 0.0325781 0.0215061 0.153523 0.0132398 0.00172828 0.00887342 
0.749086 0.0355966 0.0283309 0.173016 0.00358327 0.00173853 0.00864885 
0.751823 0.0496793 0.024347 0.156638 0.00538826 0.00220994 0.00991399 
0.80862 0.028993 0.020412 0.112594 0.0192061 0.0018194 0.00835533 
0.829913 0.0213787 0.0230674 0.100433 0.0137162 0.00175483 0.00973728 
0.83077 0.0172782 0.0252183 0.102734 0.0117891 0.00216614 0.0100439 
0.805822 0.0325714 0.0230319 0.113343 0.0128061 0.00199634 0.0104286 
0.839561 0.0260757 0.0204757 0.0794203 0.0216931 0.00281346 0.00996115 
0.779923 0.0217365 0.0233146 0.150446 0.0141144 0.00196431 0.00850107 
0.866031 0.0231138 0.0267601 0.0597032 0.00976146 0.00244723 0.0121828 
0.857706 0.019351 0.0299144 0.0649544 0.0070653 0.00241569 0.0185934 
0.763626 0.0207029 0.0215402 0.167311 0.0167342 0.00174694 0.00833936 
0.80013 0.0197525 0.0227407 0.129136 0.0143402 0.00233492 0.0115659 
0.846575 0.0216266 0.0296366 0.0739952 0.0119353 0.00233789 0.0138938 
0.687056 0.0192314 0.0170069 0.23349 0.0324192 0.0020039 0.00879303 
0.332372 0.0140273 0.0108623 0.592884 0.0416605 0.00163268 0.00656121 
0.0682159 0.00623748 0.00325044 0.898017 0.0212008 8.7252E-4 0.00220599 
0.0307488 0.0053829 0.00154279 0.957133 0.00419865 2.32964E-4 7.6077E-4 
0.0188231 0.0106768 0.00148433 0.958362 0.00906898 5.18046E-4 0.00106636 
0.0160158 0.0167137 0.00132868 0.953388 0.011235 4.31206E-4 8.87114E-4 
0.0134652 0.00986395 0.00102753 0.953393 0.0209219 4.87499E-4 8.41182E-4 
0.0103532 0.00765887 8.16426E-4 0.950219 0.0297983 5.04786E-4 6.49312E-4 
0.0195158 0.00918211 0.00131849 0.891301 0.0763511 0.00109176 0.00123952 
0.0083941 0.00326113 5.62745E-4 0.94975 0.0372913 3.38833E-4 4.02354E-4 
0.00943254 0.004139 8.39182E-4 0.948174 0.0363008 4.50573E-4 6.6379E-4 
0.00725299 0.00255589 8.21488E-4 0.96036 0.0279309 4.48345E-4 6.30884E-4 
0.00949591 0.00584533 0.00103721 0.951364 0.0306719 6.36446E-4 9.49352E-4 
0.00454214 0.00143594 5.05079E-4 0.97696 0.0159708 2.12833E-4 3.73568E-4 
0.00979041 0.00303814 8.1489E-4 0.950046 0.0349171 5.86405E-4 8.06729E-4 
0.00756181 0.00176262 8.72518E-4 0.962132 0.0265449 4.43022E-4 6.83611E-4 
0.00334482 9.76734E-4 5.88571E-4 0.981951 0.0126053 2.24792E-4 3.09091E-4 
0.0235857 0.00320921 0.0012174 0.783749 0.186146 0.00115685 9.35565E-4 
0.0113164 0.00114405 0.00107236 0.951438 0.0338277 6.16954E-4 5.84139E-4 
0.0331249 0.00186481 0.00180759 0.951327 0.0103249 5.29781E-4 0.00102064 
0.0387731 0.00342259 0.00304528 0.920604 0.0306498 0.00135175 0.00215357 
0.0250149 0.00208787 0.00226859 0.953418 0.0151314 7.33001E-4 0.00134583 
0.048413 0.00659198 0.00294968 0.916201 0.0225523 0.00120226 0.00208962 
0.0503374 0.00395305 0.00265938 0.924332 0.0162631 9.48473E-4 0.00150681 
0.136944 0.00880045 0.00496255 0.823454 0.0211982 0.00152487 0.00311571 
0.0694989 0.00686449 0.00344142 0.88848 0.0284048 0.00107236 0.0022384 
0.049656 0.00718478 0.00313318 0.874563 0.0617401 0.00133216 0.00239079 
0.0825823 0.0116269 0.00494889 0.858336 0.0375773 0.00165855 0.00326989 
0.133757 0.0188689 0.00855144 0.685513 0.142117 0.00516109 0.0060314 
0.171587 0.0154704 0.00723136 0.758293 0.041344 0.00186222 0.00421126 
0.10515 0.00933302 0.00481133 0.854523 0.0222297 0.00122553 0.00272669 
0.266498 0.0184712 0.00965797 0.665658 0.031375 0.00300055 0.00533971 
0.175234 0.0260186 0.00754943 0.719041 0.0633038 0.00349204 0.00536139 
0.242602 0.0276474 0.0106137 0.647498 0.0605293 0.00486629 0.00624364 
0.207582 0.020261 0.00959888 0.64213 0.107857 0.00534828 0.00722323 
0.181625 0.0281834 0.00825764 0.739195 0.0329712 0.00541537 0.00435233 
0.125612 0.0203562 0.00728281 0.770069 0.0686236 0.00363904 0.00441679 
0.194779 0.0238527 0.00797849 0.712226 0.0536777 0.00294486 0.00454045 
0.22048 0.0197722 0.0070833 0.727363 0.0203184 0.00150091 0.0034822 
0.263675 0.0150964 0.00794349 0.692597 0.0161692 0.00126965 0.00324929 
0.496998 0.0205563 0.0141808 0.439125 0.02104 0.0020367 0.00606383 
0.604303 0.0292518 0.0177995 0.319261 0.0184509 0.00293446 0.00800008 
0.604464 0.0267408 0.0180835 0.320097 0.0215993 0.00203861 0.00697684 
0.505363 0.0233243 0.0203377 0.435356 0.0089544 0.00142991 0.00523399 
0.431059 0.0178373 0.0230811 0.517973 0.00486724 8.08643E-4 0.00437336 
0.699714 0.0224142 0.0229522 0.232728 0.015063 0.0010436 0.00608514 
0.656527 0.0160733 0.0184494 0.278573 0.0238896 0.00109993 0.00538791 
0.728463 0.0229601 0.0193934 0.19841 0.022073 0.00161519 0.0070853 
0.606284 0.017627 0.0207542 0.335579 0.0129347 0.00125179 0.00556943 
0.513772 0.021354 0.0156618 0.421928 0.0203916 0.0011637 0.00572938 
0.537675 0.0162858 0.0215755 0.398119 0.0186912 0.00131345 0.00633956 
0.395614 0.0117377 0.0188246 0.552278 0.0127004 0.0023437 0.00650214 
0.37723 0.0178095 0.0163274 0.571235 0.0110463 0.00116224 0.00518939 
0.245606 0.0125854 0.0112784 0.71767 0.00835709 6.91444E-4 0.00381138 
0.445501 0.0255275 0.0159485 0.47797 0.0246314 0.00247013 0.00795162 
0.341733 0.00628713 0.0156152 0.605553 0.0229051 0.00159408 0.0063122 
0.332288 0.00849245 0.0159759 0.622797 0.0122169 0.00139158 0.00683876 
0.233656 0.00489714 0.0221315 0.723201 0.0077767 0.00112122 0.00721719 
0.289713 0.00674132 0.0136614 0.660457 0.0218295 0.00133325 0.00626406 
0.377597 0.00921295 0.0151154 0.555841 0.0340065 0.00146818 0.00675894 
0.499456 0.0123848 0.0175365 0.413093 0.0458659 0.00183873 0.00982493 
0.613642 0.0127239 0.0194405 0.316396 0.0277767 0.00198345 0.00803759 
0.683298 0.0124728 0.0250344 0.25194 0.0149273 0.00212396 0.0102039 
0.569758 0.00880286 0.0204387 0.361836 0.0292058 0.00130843 0.00865086 
0.405533 0.00962939 0.0205659 0.542821 0.0131425 0.00132134 0.00698702 
0.5353 0.00840588 0.0287205 0.387084 0.0198994 0.0032587 0.0173315 
0.516275 0.0113029 0.0203765 0.415608 0.0243305 0.00151784 0.0105894 
0.439201 0.0105706 0.0215459 0.502103 0.016153 0.00195434 0.00847215 
0.505516 0.00851911 0.0268956 0.425393 0.0196512 0.00222623 0.0117985 
0.590667 0.0143756 0.0273824 0.334967 0.0173297 0.00307247 0.0122059 
0.697245 0.0163128 0.0289489 0.223498 0.0143397 0.00367801 0.0159771 
0.647089 0.0131319 0.0280244 0.285041 0.0140956 0.00234418 0.0102736 
0.529515 0.0149594 0.0211304 0.40264 0.0184958 0.00370849 0.00955105 
0.386818 0.0162391 0.0161202 0.543639 0.0219362 0.00338224 0.0118657 
0.54718 0.0193765 0.0170187 0.285572 0.110804 0.00534748 0.0147022 
0.345329 0.0277396 0.0116123 0.575952 0.0292067 0.00293507 0.00722567 
0.363698 0.016878 0.0112022 0.585528 0.015794 0.00157931 0.00532016 
0.371051 0.0206305 0.0124228 0.576881 0.0124987 0.00160994 0.00490607 
0.301306 0.0141038 0.0108193 0.647143 0.0205159 0.00149667 0.00461539 
0.601112 0.0179015 0.0178395 0.304496 0.0447991 0.00475229 0.00909934 
0.686407 0.0187004 0.0153231 0.218038 0.0502393 0.00297052 0.00832273 
0.821436 0.0182475 0.0331592 0.10601 0.00586062 0.00184547 0.0134408 
0.893371 0.0146177 0.0317022 0.0332592 0.00812754 0.00315151 0.0157708 
0.891766 0.0143632 0.0328703 0.0320684 0.00958482 0.00278033 0.0165673 
0.889462 0.0103543 0.0415669 0.0359743 0.00519044 0.00182582 0.0156262 
0.905165 0.0124838 0.0375944 0.025783 0.00641742 0.00195008 0.0106057 
0.887967 0.00994545 0.0440762 0.037035 0.00734511 0.00220206 0.0114295 
0.878657 0.00981095 0.0498643 0.0300858 0.00514588 0.00278453 0.0236513 
0.895053 0.0166665 0.0466834 0.0110739 0.00402784 0.00338529 0.0231105 
0.897614 0.0119636 0.0482977 0.0197404 0.00316197 0.00319816 0.0160243 
0.883473 0.0115919 0.0525658 0.0218602 0.00451175 0.00561326 0.0203845 
0.891316 0.0221378 0.0375518 0.0219786 0.0102482 0.00373375 0.0130334 
0.889579 0.00892818 0.0502233 0.0287495 0.00614165 0.00465693 0.011722 
0.87799 0.0101264 0.0574258 0.0294837 0.00379639 0.00355869 0.0176189 
0.863004 0.0100166 0.0672107 0.0242746 0.00910498 0.0041349 0.0222547 
0.864663 0.0138116 0.0568097 0.0313829 0.0126531 0.00651542 0.0141641 
0.867608 0.0112488 0.075091 0.0100104 0.00507192 0.00737895 0.0235914 
0.87916 0.0113218 0.0609464 0.0177672 0.0117925 0.00439251 0.0146201 
0.856579 0.0102443 0.0865316 0.0103889 0.00996233 0.00493104 0.0213629 
0.827943 0.00859151 0.0977485 0.0117583 0.0166455 0.00970324 0.0276103 
0.842631 0.00808015 0.0990344 0.0105312 0.0076776 0.0110752 0.0209701 
0.78343 0.00610915 0.135633 0.0147756 0.0183002 0.0110663 0.0306862 
0.770646 0.00509363 0.158007 0.0114004 0.0107576 0.0114901 0.0326058 
0.08424 0.00266695 0.0432573 0.846634 0.00844359 0.00455584 0.0102028 
0.0796494 0.00639326 0.136635 0.673411 0.00515172 0.0220659 0.0766935 
0.707223 0.00446133 0.200901 0.00812462 0.00447891 0.00536269 0.0694482 
0.48311 0.00482011 0.214827 0.00136167 6.5149E-4 0.0247807 0.270449 
0.745452 0.046303 0.129796 0.00217461 0.0187926 0.0081732 0.0493086 
0.85006 0.0189607 0.0301205 0.0737847 0.00481893 0.00326772 0.0189872 
0.826907 0.0150122 0.0277842 0.103776 0.00721228 0.00240815 0.0169004 
0.829849 0.0176711 0.0329887 0.0952458 0.00479893 0.0031335 0.016313 
0.829827 0.0293554 0.0207819 0.0922658 0.0106639 0.00408403 0.013022 
0.808422 0.0136047 0.0311644 0.113612 0.00732153 0.00283471 0.0230403 
0.812656 0.0154311 0.0375288 0.106597 0.00488616 0.00249071 0.0204102 
0.863265 0.0120604 0.0324014 0.0661501 0.00688937 0.00259831 0.0166352 
0.839181 0.0171075 0.0248409 0.0906751 0.010144 0.0025364 0.0155151 
0.803879 0.0149568 0.024383 0.126026 0.012892 0.00212847 0.0157339 
0.806944 0.0190792 0.0336929 0.116258 0.00541522 0.00209596 0.0165146 
0.836858 0.0136164 0.033523 0.0859566 0.00876074 0.00204165 0.0192436 
0.777284 0.0168249 0.0256267 0.151362 0.0123754 0.00211221 0.0144146 
0.788594 0.0152524 0.0438093 0.120468 0.00267536 0.00387129 0.0253301 
0.781175 0.0195291 0.0312376 0.144263 0.00607931 0.00258236 0.0151331 
0.740737 0.0154301 0.0360105 0.18311 0.00503281 0.0024636 0.0172163 
0.827893 0.0214038 0.0312441 0.0924168 0.00537627 0.00262839 0.019038 
0.832907 0.0203226 0.0292457 0.0856428 0.00599436 0.00231003 0.0235772 
0.843641 0.0282137 0.0256251 0.0819367 0.00511662 0.00236762 0.013099 
0.855325 0.0337658 0.0246735 0.0632515 0.00699648 0.0026337 0.0133543 
0.862026 0.0238187 0.0286741 0.0671846 0.00426676 0.00210835 0.0119215 
0.855636 0.0306075 0.0230883 0.071594 0.00673471 0.00201923 0.01032 
0.831916 0.0223585 0.0261794 0.102722 0.00552022 0.00182921 0.00947504 
0.865638 0.0213865 0.02343 0.0691807 0.00845739 0.00194406 0.00996278 
0.893546 0.0259118 0.0239177 0.0363917 0.00568129 0.0030857 0.0114657 
0.884055 0.0208221 0.0236568 0.0547521 0.00522099 0.00245927 0.00903403 
0.844275 0.0179923 0.0300887 0.0873856 0.00502125 0.00215503 0.0130822 
0.827684 0.0189082 0.028779 0.104714 0.00432793 0.00240671 0.01318 
0.829185 0.0164026 0.0295155 0.10027 0.00493214 0.00250753 0.0171863 
0.820227 0.0186484 0.0242281 0.116552 0.00619961 0.00317995 0.0109655 
