0.831763 0.00758285 0.0518485 0.076193 0.00516254 0.0023007 0.0251493 
0.82963 0.00796107 0.0611518 0.0525898 0.00239085 0.0026183 0.0436579 
0.856767 0.00818316 0.0534199 0.0473285 0.0029305 0.00265292 0.0287177 
0.842388 0.0107765 0.0417918 0.0748523 0.00513442 0.0029885 0.0220684 
0.870457 0.0103011 0.042916 0.0376255 0.00679432 0.00216956 0.0297362 
0.84617 0.0103142 0.0477505 0.0648128 0.00374856 0.00182528 0.0253784 
0.848444 0.00887444 0.05522 0.0377017 0.00333638 0.00237294 0.0440505 
0.863264 0.0087737 0.0444359 0.05244 0.00568779 0.00219409 0.0232044 
0.851421 0.0101983 0.0472614 0.0634109 0.00396371 0.00192728 0.021818 
0.85734 0.0114216 0.0610695 0.0426115 0.00197361 0.00139837 0.0241852 
0.779321 0.00914487 0.051699 0.123495 0.0039562 0.0023823 0.0300022 
0.812629 0.0103766 0.0561115 0.0783526 0.00312212 0.0016783 0.03773 
0.822811 0.00789976 0.0476952 0.090557 0.00649307 0.0019699 0.022574 
0.830078 0.00837657 0.0587422 0.0587224 0.00293541 0.0024433 0.0387025 
0.834239 0.00838981 0.0601461 0.0523631 0.00232344 0.00300257 0.0395355 
0.851893 0.00693774 0.0626817 0.0435781 0.00205347 0.00248908 0.0303667 
0.879697 0.0144901 0.0399196 0.0274238 0.00694551 0.00340618 0.0281179 
0.857407 0.0157168 0.0503719 0.0263317 0.00263629 0.00367401 0.0438618 
0.876268 0.0114866 0.0387154 0.0326234 0.0101294 0.00262503 0.0281517 
0.849426 0.0148296 0.0303393 0.0676532 0.018411 0.00339806 0.015943 
0.818154 0.00840697 0.0660815 0.0458471 0.00350051 0.00297045 0.05504 
0.840531 0.00848088 0.0646607 0.0268755 0.00460805 0.00284011 0.0520041 
0.831922 0.00988316 0.0795273 0.0163937 0.00155478 0.00224023 0.0584792 
0.8858 0.0124015 0.0452924 0.022032 0.0057353 0.00284978 0.0258886 
0.848569 0.0114226 0.0488033 0.0433126 0.00916785 0.00295428 0.0357703 
0.867744 0.0146906 0.0480081 0.0320427 0.00706488 0.00246584 0.0279835 
0.862573 0.0117868 0.0503889 0.0151445 0.0046457 0.00325258 0.0522084 
0.879172 0.0109814 0.0499847 0.0246597 0.00609053 0.00299602 0.0261155 
0.871272 0.0100665 0.0465966 0.0343436 0.0113374 0.00214407 0.0242401 
0.815185 0.00737056 0.0800358 0.0290553 0.00265921 0.00182851 0.0638651 
0.827759 0.00843787 0.0643178 0.0285972 0.00567894 0.00278688 0.0624226 
0.838906 0.0157997 0.0348651 0.0729828 0.0110888 0.00436662 0.0219908 
0.860406 0.0115027 0.0422493 0.0626743 0.00700038 0.00235843 0.0138092 
0.859616 0.010585 0.0510512 0.0474046 0.00424105 0.00241347 0.0246886 
0.856805 0.0151284 0.0447336 0.0558866 0.00366957 0.00220356 0.0215733 
0.878921 0.0161176 0.0413489 0.0384501 0.00284124 0.00290474 0.0194165 
0.890578 0.0150811 0.0465929 0.0165742 0.00230564 0.00243147 0.0264367 
0.858018 0.0106534 0.0573387 0.0390763 0.00261673 0.00235321 0.0299441 
0.834827 0.00880666 0.057678 0.0650751 0.00336169 0.00210354 0.0281481 
0.842182 0.00932764 0.0603779 0.024521 0.00427194 0.00311308 0.0562064 
0.846057 0.0109721 0.0607818 0.0383623 0.00393808 0.00186027 0.038028 
0.856687 0.0132661 0.0467634 0.0332538 0.00426581 0.00441826 0.0413454 
0.883566 0.0106164 0.0444361 0.0235525 0.00429366 0.00391779 0.0296173 
0.861855 0.00841879 0.0552069 0.0354926 0.00293946 0.00424008 0.0318472 
0.751095 0.00820539 0.0894951 0.013767 0.00112462 0.00311753 0.133195 
0.863368 0.00856301 0.0551075 0.0179985 0.0022725 0.00384654 0.0488437 
0.800335 0.00716214 0.0701176 0.0366489 0.0055703 0.00401606 0.0761504 
0.82327 0.00763567 0.0701074 0.0191027 0.00420401 0.00320774 0.0724724 
0.815942 0.00798584 0.0612646 0.0420805 0.0088726 0.0033286 0.0605257 
0.824493 0.0104227 0.0739069 0.0233969 0.00483276 0.00371755 0.0592297 
0.841932 0.0090902 0.0615371 0.0366153 0.00520344 0.00331926 0.0423026 
0.852615 0.00965111 0.0600805 0.0339941 0.00533679 0.00346922 0.0348528 
0.85011 0.00926924 0.0597811 0.0367222 0.00417667 0.0037815 0.0361596 
0.867344 0.0121968 0.0537583 0.028176 0.00570417 0.002474 0.0303462 
0.841216 0.00757019 0.0689026 0.0295039 0.0053051 0.00241631 0.0450856 
0.833901 0.00898634 0.0613315 0.0402161 0.00956972 0.00299342 0.0430021 
0.844586 0.00873338 0.0603929 0.0350943 0.00541898 0.00306649 0.0427083 
0.831605 0.0090571 0.0714356 0.0268299 0.00415269 0.00224861 0.0546712 
0.833381 0.0104597 0.0635654 0.0427209 0.0047973 0.00241334 0.0426626 
0.859278 0.0144231 0.0432367 0.0395343 0.010274 0.00277247 0.0304809 
0.821498 0.00950928 0.0636214 0.0388407 0.00323715 0.0029887 0.0603052 
0.823166 0.00782442 0.0687464 0.0148625 0.003456 0.00268422 0.0792608 
0.816319 0.008597 0.0738038 0.0181799 0.00172724 0.00322689 0.0781458 
0.813002 0.0117097 0.0649777 0.0227736 0.00664714 0.00241395 0.078476 
0.827444 0.0104743 0.0603719 0.0512462 0.00658507 0.00244564 0.0414328 
0.824614 0.0103778 0.0551037 0.062247 0.00824024 0.00356851 0.0358488 
0.832492 0.00962353 0.0642436 0.0322554 0.00404492 0.00215551 0.0551852 
0.849667 0.0109431 0.0596631 0.0298889 0.0043903 0.00259614 0.0428519 
0.813675 0.0105077 0.0632808 0.0269762 0.00332959 0.00497397 0.0772571 
0.837006 0.0117412 0.0540451 0.0263555 0.00358378 0.00272478 0.0645441 
0.85961 0.0109739 0.0502928 0.0323057 0.00695842 0.00286169 0.0369976 
0.856438 0.0109906 0.0511052 0.0309261 0.00510958 0.0036819 0.0417487 
0.834676 0.0114512 0.0429406 0.057378 0.0130028 0.00541199 0.0351394 
0.862189 0.0104937 0.0504916 0.0223291 0.00620483 0.00402726 0.0442649 
0.847424 0.011144 0.057709 0.021181 0.00458426 0.00429591 0.0536618 
0.864564 0.00989406 0.0515095 0.0310609 0.0077239 0.00404414 0.0312032 
