0.373177 0.309662 0.0130376 0.27087 0.0155525 0.00804221 0.00965877 
0.360548 0.230365 0.00993378 0.355149 0.0315429 0.0053707 0.00709129 
0.129531 0.0661923 0.00611312 0.759717 0.031928 0.00227914 0.00423953 
0.230245 0.158453 0.00964046 0.568756 0.0219602 0.00448451 0.00646102 
0.289398 0.239015 0.0134304 0.407211 0.0296373 0.00982201 0.0114861 
0.280884 0.293612 0.0133256 0.363944 0.0259319 0.0108438 0.0114587 
0.384201 0.229829 0.0118398 0.325662 0.0288276 0.00864581 0.0109947 
0.487 0.226793 0.0146649 0.242123 0.0119601 0.00716398 0.0102941 
0.382542 0.238331 0.0153032 0.328316 0.015774 0.00873497 0.0109986 
0.470113 0.289774 0.0129355 0.187795 0.0182506 0.00966447 0.0114666 
0.399645 0.379555 0.0110709 0.172699 0.0172306 0.0098587 0.00993988 
0.341573 0.32267 0.0135028 0.280394 0.0210526 0.00888735 0.0119204 
0.26755 0.263348 0.0143347 0.415687 0.0170802 0.00997808 0.0120216 
0.329551 0.154583 0.0143371 0.474713 0.00970185 0.00788296 0.00923193 
0.331208 0.192053 0.0171329 0.433885 0.0081154 0.00798507 0.00962049 
0.843031 0.0249869 0.0376152 0.0399389 0.00196357 0.00958539 0.042879 
0.859382 0.0223566 0.0373503 0.0285354 0.00202848 0.00985782 0.0404889 
0.823068 0.0196465 0.0340714 0.0751588 0.00297211 0.0101604 0.0349225 
0.827782 0.0201124 0.0361625 0.0473902 0.00357196 0.00884802 0.0561332 
0.817427 0.0165116 0.0414518 0.0510101 0.0029636 0.0101949 0.0604407 
0.848815 0.0202768 0.0374673 0.0313274 0.00348872 0.0103043 0.0483201 
0.819432 0.018342 0.0437472 0.040053 0.00249262 0.0128462 0.063087 
0.79179 0.0173894 0.0504668 0.038613 0.00209481 0.0123965 0.0872497 
0.813156 0.0165916 0.0463152 0.0236032 0.00227666 0.0109183 0.0871395 
0.831119 0.0168325 0.0419548 0.0289053 0.00321817 0.00812894 0.0698418 
0.829529 0.017528 0.0400304 0.0438308 0.00370307 0.00964168 0.0557371 
0.818727 0.0155102 0.0453768 0.035121 0.00298189 0.00939202 0.0728907 
0.78405 0.0144087 0.0541777 0.0315568 0.00229942 0.00871381 0.104793 
0.817728 0.0148211 0.050176 0.0456384 0.00276391 0.0081554 0.060717 
0.810412 0.0135533 0.0489572 0.0277091 0.00307356 0.00912676 0.0871681 
0.799122 0.0128888 0.0503888 0.0213983 0.00251391 0.0101007 0.103587 
0.834648 0.0150493 0.0425856 0.027622 0.00351885 0.00586556 0.0707105 
0.830628 0.0179366 0.0424252 0.0179831 0.00309168 0.00709796 0.0808374 
0.831485 0.0164194 0.0417213 0.0208562 0.00299933 0.00725336 0.0792659 
0.84917 0.0133287 0.0412477 0.0348782 0.00396201 0.0072832 0.0501302 
0.831547 0.0162003 0.0364712 0.0397761 0.00636194 0.00778404 0.0618596 
0.834893 0.0191144 0.0337443 0.0517649 0.00847984 0.00861423 0.0433892 
0.848262 0.0176421 0.0378331 0.0396766 0.00304973 0.00780735 0.0457289 
0.841541 0.0231495 0.0383427 0.0539466 0.00275197 0.00662821 0.0336405 
0.84975 0.020167 0.0383491 0.0429239 0.00398002 0.0072458 0.037584 
0.851432 0.0218398 0.0347884 0.0403809 0.00360445 0.00769711 0.0402569 
0.852731 0.0238647 0.0306323 0.0445613 0.0052512 0.0063601 0.0365991 
0.849037 0.0252794 0.0340116 0.0300699 0.00399863 0.00718702 0.0504161 
0.831293 0.0146227 0.0403235 0.0539854 0.00377822 0.00662222 0.049375 
0.830323 0.0151039 0.0458608 0.0312227 0.00462287 0.0114774 0.0613891 
0.819987 0.0136188 0.0493512 0.0155755 0.00328811 0.00952486 0.0886545 
0.780522 0.0134646 0.0874344 0.0834747 0.00915434 0.00174719 0.0242026 
0.74056 0.0126829 0.0650106 0.128703 0.0306992 0.00202932 0.020315 
0.773593 0.0102683 0.0720363 0.0866183 0.0341627 0.00202918 0.0212918 
0.818068 0.0119784 0.0677044 0.0548718 0.0264091 0.00193524 0.0190332 
0.785516 0.0126921 0.0670224 0.0862649 0.0254815 0.00208883 0.0209339 
0.802919 0.0141181 0.0514877 0.0770204 0.0350305 0.00209063 0.0173333 
0.778212 0.0119863 0.077121 0.085285 0.0226514 0.00196473 0.0227793 
0.786059 0.0144886 0.0842992 0.0494898 0.0319992 0.00249542 0.0311687 
0.778531 0.0138909 0.0947137 0.0491692 0.0259705 0.00237046 0.0353544 
0.697817 0.0142377 0.0738722 0.120989 0.0563118 0.00261764 0.0341545 
0.690812 0.0181858 0.0922199 0.0760937 0.0773616 0.00345165 0.0418753 
0.606377 0.0262211 0.126234 0.0487651 0.134013 0.00546303 0.0529261 
0.633405 0.0277354 0.11156 0.0416017 0.132035 0.0054884 0.0481742 
0.633559 0.0309091 0.136281 0.0257985 0.113592 0.00579659 0.0540634 
0.629689 0.0235125 0.150164 0.0373529 0.0939678 0.00469268 0.0606215 
0.825403 0.0299028 0.0788894 0.0212933 0.00701908 0.00399396 0.0334983 
0.785165 0.0401122 0.0522446 0.0604639 0.0240748 0.00511939 0.0328204 
0.785645 0.0331108 0.0701428 0.0452035 0.0219673 0.00465358 0.0392766 
0.769722 0.0504273 0.0599074 0.0487104 0.0226664 0.00750057 0.0410655 
0.774406 0.0528018 0.0642023 0.0283073 0.0301822 0.0064158 0.0436851 
0.741224 0.0545595 0.0804447 0.0452467 0.029748 0.00693218 0.0418449 
0.716706 0.0285451 0.138921 0.0394623 0.0284728 0.0068396 0.0410528 
0.639687 0.0319932 0.246645 0.0131126 0.0212096 0.0120503 0.0353028 
0.61883 0.0340474 0.235947 0.0113408 0.0508816 0.0113632 0.0375905 
0.575907 0.0340978 0.24763 0.0106868 0.078351 0.0113777 0.0419493 
0.55336 0.0484107 0.16045 0.0127926 0.175901 0.0122852 0.0368007 
0.430333 0.0424846 0.291381 0.0134004 0.152839 0.0145573 0.0550048 
0.423511 0.0457811 0.287959 0.0139231 0.158595 0.0202635 0.0499679 
0.395812 0.0559949 0.280428 0.0136458 0.179465 0.0239325 0.0507209 
0.546353 0.0346729 0.216755 0.0103276 0.113229 0.00896407 0.0696972 
0.676888 0.0228493 0.149046 0.0131222 0.069509 0.0028774 0.0657085 
0.646718 0.0306448 0.186549 0.00726787 0.0550403 0.00549879 0.0682812 
0.56448 0.0809291 0.202692 0.00502834 0.0725054 0.0172075 0.0571576 
0.6129 0.0684302 0.171598 0.00822897 0.0848299 0.014769 0.039244 
0.606503 0.0854529 0.158361 0.00855115 0.0876579 0.0163576 0.0371157 
0.63293 0.0602245 0.164015 0.00801714 0.0842215 0.0139728 0.0366188 
0.793637 0.0216848 0.0968979 0.0155449 0.0375699 0.00264374 0.0320223 
0.784661 0.0185492 0.103706 0.023694 0.0328714 0.00225971 0.0342585 
0.764331 0.0127453 0.131795 0.0237676 0.0261251 0.00237299 0.0388631 
0.653554 0.0414554 0.1493 0.0101945 0.103228 0.0104045 0.031864 
0.628228 0.0302772 0.169777 0.0124179 0.107935 0.00924675 0.0421179 
0.665994 0.0142136 0.192044 0.0167912 0.0548865 0.00377379 0.0522962 
0.757281 0.00966783 0.119197 0.0430055 0.030561 0.00339671 0.036891 
0.704446 0.0109522 0.190025 0.0312393 0.0206987 0.00303351 0.0396051 
0.579091 0.00708498 0.292944 0.0114687 0.0153871 0.00276004 0.0912635 
0.825403 0.0299028 0.0788894 0.0212933 0.00701908 0.00399396 0.0334983 
0.785165 0.0401122 0.0522446 0.0604639 0.0240748 0.00511939 0.0328204 
0.785645 0.0331108 0.0701428 0.0452035 0.0219673 0.00465358 0.0392766 
0.769722 0.0504273 0.0599074 0.0487104 0.0226664 0.00750057 0.0410655 
0.774406 0.0528018 0.0642023 0.0283073 0.0301822 0.0064158 0.0436851 
0.741224 0.0545595 0.0804447 0.0452467 0.029748 0.00693218 0.0418449 
0.716706 0.0285451 0.138921 0.0394623 0.0284728 0.0068396 0.0410528 
0.639687 0.0319932 0.246645 0.0131126 0.0212096 0.0120503 0.0353028 
0.61883 0.0340474 0.235947 0.0113408 0.0508816 0.0113632 0.0375905 
0.575907 0.0340978 0.24763 0.0106868 0.078351 0.0113777 0.0419493 
0.55336 0.0484107 0.16045 0.0127926 0.175901 0.0122852 0.0368007 
0.430333 0.0424846 0.291381 0.0134004 0.152839 0.0145573 0.0550048 
0.423511 0.0457811 0.287959 0.0139231 0.158595 0.0202635 0.0499679 
0.395812 0.0559949 0.280428 0.0136458 0.179465 0.0239325 0.0507209 
0.546353 0.0346729 0.216755 0.0103276 0.113229 0.00896407 0.0696972 
0.676888 0.0228493 0.149046 0.0131222 0.069509 0.0028774 0.0657085 
0.646718 0.0306448 0.186549 0.00726787 0.0550403 0.00549879 0.0682812 
0.56448 0.0809291 0.202692 0.00502834 0.0725054 0.0172075 0.0571576 
0.6129 0.0684302 0.171598 0.00822897 0.0848299 0.014769 0.039244 
0.606503 0.0854529 0.158361 0.00855115 0.0876579 0.0163576 0.0371157 
0.63293 0.0602245 0.164015 0.00801714 0.0842215 0.0139728 0.0366188 
0.793637 0.0216848 0.0968979 0.0155449 0.0375699 0.00264374 0.0320223 
0.784661 0.0185492 0.103706 0.023694 0.0328714 0.00225971 0.0342585 
0.764331 0.0127453 0.131795 0.0237676 0.0261251 0.00237299 0.0388631 
0.653554 0.0414554 0.1493 0.0101945 0.103228 0.0104045 0.031864 
0.628228 0.0302772 0.169777 0.0124179 0.107935 0.00924675 0.0421179 
0.665994 0.0142136 0.192044 0.0167912 0.0548865 0.00377379 0.0522962 
0.757281 0.00966783 0.119197 0.0430055 0.030561 0.00339671 0.036891 
0.704446 0.0109522 0.190025 0.0312393 0.0206987 0.00303351 0.0396051 
0.579091 0.00708498 0.292944 0.0114687 0.0153871 0.00276004 0.0912635 
0.786329 0.017407 0.0584337 0.0654232 0.0326511 0.00379596 0.0359604 
0.813308 0.0181603 0.0546352 0.059804 0.0229621 0.00285988 0.0282704 
0.797348 0.0193914 0.0520731 0.0834043 0.0146512 0.00268138 0.0304508 
0.816852 0.0165999 0.0449006 0.0651361 0.022734 0.00260544 0.0311721 
0.808208 0.0203427 0.0507194 0.0554504 0.0297965 0.00333172 0.0321512 
0.82334 0.0227659 0.0567859 0.0358143 0.0239272 0.00307182 0.0342948 
0.812194 0.0203629 0.0523741 0.0576777 0.0197342 0.00318349 0.0344731 
0.788798 0.022662 0.0453333 0.0933286 0.0180458 0.00293001 0.0289027 
0.791988 0.0190421 0.0577144 0.082009 0.0141444 0.00242443 0.0326774 
0.806914 0.0157078 0.0557124 0.0626823 0.0206263 0.00254058 0.0358166 
0.84487 0.0192948 0.040593 0.0492249 0.0185209 0.00274281 0.0247533 
0.843751 0.0244017 0.0510439 0.0257926 0.0230064 0.00363886 0.028366 
0.82969 0.0190074 0.0596654 0.0408651 0.0150968 0.00317927 0.0324958 
0.850319 0.0230039 0.053159 0.0361415 0.01211 0.00241818 0.022848 
0.846981 0.0352745 0.0385254 0.0372253 0.0205459 0.00269108 0.0187563 
0.853205 0.0225769 0.040561 0.0467156 0.0181069 0.00212891 0.0167056 
0.842116 0.0185238 0.0438821 0.0549462 0.0175013 0.00231697 0.0207133 
0.839988 0.0217265 0.0397737 0.056201 0.0236792 0.00235559 0.0162758 
0.789592 0.017712 0.0508575 0.0795882 0.0328157 0.00312103 0.0263139 
0.830306 0.0200048 0.0488027 0.0496677 0.0265343 0.00263228 0.0220522 
0.822497 0.0224628 0.0530044 0.0592189 0.0167028 0.00272458 0.0233894 
0.821824 0.0173411 0.0527786 0.0603326 0.0176654 0.00275077 0.0273077 
0.811039 0.0156946 0.0539716 0.0701607 0.0252098 0.00221198 0.0217124 
0.772596 0.01473 0.0503976 0.0952963 0.0375442 0.0025445 0.0268917 
0.788576 0.0123216 0.0718955 0.0683843 0.016731 0.00262693 0.0394648 
0.754571 0.0179895 0.0532802 0.120291 0.0265319 0.00325519 0.0240811 
0.793597 0.0215882 0.0479342 0.096601 0.0197678 0.00268751 0.0178244 
0.785973 0.0171284 0.0555329 0.0759133 0.036415 0.00308022 0.0259575 
0.805853 0.0364819 0.0323529 0.0739786 0.0341206 0.00401034 0.0132022 
0.835514 0.0202669 0.0438914 0.0691783 0.0156997 0.00205867 0.0133911 
0.835664 0.0110439 0.0558469 0.0587148 0.0165124 0.00156176 0.020656 
0.847245 0.0206966 0.0648292 0.0349285 0.00726482 0.00182434 0.0232112 
0.853376 0.0139832 0.0637668 0.0313122 0.0129521 0.00177531 0.022834 
0.845288 0.0173412 0.0571904 0.0338719 0.017857 0.00221689 0.0262344 
0.825894 0.0192467 0.0715203 0.0461823 0.00841261 0.00212353 0.0266204 
0.832834 0.0187914 0.0721114 0.0450344 0.00765499 0.00179014 0.0217836 
0.841996 0.0158495 0.0548022 0.056127 0.0112155 0.00150207 0.0185075 
0.82467 0.0193337 0.0648083 0.0543244 0.0137127 0.00198438 0.0211662 
0.813119 0.0207283 0.0795737 0.0471036 0.0101616 0.00188188 0.0274323 
0.739719 0.0143577 0.0850555 0.119592 0.0118177 0.00194413 0.027513 
0.766213 0.0164377 0.103356 0.055286 0.0165289 0.00277477 0.0394039 
0.780487 0.0207546 0.0792574 0.0301431 0.0429242 0.00348402 0.0429495 
0.753767 0.0152351 0.113456 0.0368435 0.0276108 0.003115 0.0499725 
0.745246 0.012184 0.134832 0.0312832 0.0161104 0.00259856 0.0577463 
0.742977 0.0105632 0.144692 0.0244559 0.0164045 0.00239149 0.0585164 
0.871289 0.011952 0.0556104 0.0233945 0.00565992 0.00272466 0.0293698 
0.876497 0.0131264 0.0568703 0.0169085 0.00347201 0.00254849 0.0305771 
0.876952 0.0136832 0.0516904 0.0179634 0.00730072 0.0027935 0.029617 
0.866534 0.0130019 0.063266 0.0248515 0.00450953 0.0026847 0.0251525 
0.843791 0.0141152 0.0678301 0.0476431 0.00460846 0.00293558 0.019077 
0.762385 0.0136686 0.089304 0.105176 0.00390695 0.00419028 0.021369 
0.755957 0.0230132 0.149909 0.0319196 0.00360008 0.0101037 0.025497 
0.752385 0.0187595 0.160872 0.0328927 0.00277009 0.00825209 0.024069 
0.757089 0.0130212 0.157955 0.037923 0.00298699 0.00598444 0.0250408 
0.7521 0.0120401 0.151948 0.0464831 0.00254134 0.00485165 0.0300363 
0.759386 0.0125883 0.133189 0.0716374 0.00181231 0.00346706 0.0179201 
0.793453 0.0199522 0.114939 0.0457374 0.00397031 0.00429169 0.0176565 
0.797608 0.0234431 0.110064 0.0377059 0.00334297 0.00534334 0.0224931 
0.743963 0.0181059 0.126271 0.0783118 0.00237453 0.00456663 0.0264075 
0.815429 0.0197331 0.103041 0.0345098 0.00353467 0.00326697 0.0204856 
0.806667 0.0254489 0.0776949 0.0592463 0.00696889 0.00416275 0.0198117 
0.815686 0.0207783 0.0856769 0.0496951 0.0022618 0.00271903 0.0231833 
0.821841 0.0156574 0.0798442 0.0479897 0.00184393 0.00274591 0.0300782 
0.830191 0.0235256 0.0715677 0.0439718 0.00307155 0.00280284 0.0248697 
0.806184 0.0193674 0.068346 0.0706786 0.00308667 0.0020125 0.0303246 
0.792599 0.0173003 0.0834646 0.0367213 0.00248258 0.00265911 0.0647729 
0.810702 0.0202217 0.0712812 0.0447032 0.00336039 0.00227502 0.0474562 
0.793936 0.0176239 0.0765051 0.0707974 0.00235919 0.00206396 0.0367142 
0.77569 0.0119434 0.0988298 0.0441283 0.00227878 0.00219359 0.0649358 
0.776739 0.0146432 0.0906575 0.0749418 0.00281343 0.00189389 0.0383108 
0.814374 0.0126293 0.0866692 0.0398369 0.0036918 0.00189206 0.0409066 
0.810903 0.0159454 0.0796058 0.032399 0.00347325 0.0028932 0.0547803 
0.75571 0.0135259 0.0800613 0.108698 0.00507399 0.00196888 0.0349627 
0.783854 0.0119105 0.0837573 0.0583966 0.00391294 0.00211458 0.0560541 
0.653844 0.0207634 0.0475135 0.23919 0.0106107 0.00274008 0.0253386 
0.786984 0.00997369 0.124433 0.00866567 0.00231728 0.00675567 0.0608704 
0.800051 0.0110874 0.120274 0.0116623 0.00296384 0.00512806 0.0488333 
0.778286 0.00839602 0.138754 0.0102005 0.00304737 0.00403928 0.057277 
0.750356 0.0102284 0.159539 0.00882176 0.0023782 0.00441661 0.0642597 
0.719302 0.00905951 0.177556 0.0112519 0.00321876 0.00463503 0.0749767 
0.707695 0.0169276 0.175111 0.00666864 0.00701871 0.00608644 0.0804926 
0.739103 0.0260403 0.157693 0.00609502 0.00903631 0.00720138 0.0548312 
0.751896 0.0241878 0.154719 0.00992171 0.00898548 0.00671145 0.0435792 
0.754144 0.0277813 0.142567 0.00908728 0.0166801 0.00998918 0.0397508 
0.763355 0.0352115 0.13331 0.00670584 0.012436 0.00947575 0.0395052 
0.754157 0.0395846 0.135528 0.0103315 0.0180977 0.00789055 0.0344104 
0.71547 0.0474779 0.165969 0.0101242 0.0182211 0.0093727 0.0333651 
0.697567 0.0649242 0.149501 0.00856921 0.0339788 0.00945312 0.0360064 
0.723754 0.0269107 0.165654 0.0053344 0.00710747 0.00440988 0.0668298 
0.603508 0.0344113 0.180974 0.00216876 0.00785697 0.00511807 0.165963 
0.554693 0.00975657 0.327628 0.00231337 0.0018123 0.00511959 0.0986777 
0.499481 0.0141131 0.410419 0.00285227 0.0035932 0.0122247 0.0573167 
0.509229 0.00635792 0.395377 0.0182643 8.83702E-4 0.0294578 0.040431 
0.451117 0.00736231 0.405113 0.0284147 0.00105054 0.0614286 0.0455135 
0.427453 0.00889098 0.417666 0.0523387 0.0014333 0.0487164 0.0435016 
0.572629 0.00579318 0.364865 0.0041196 0.00102529 0.00858948 0.0429786 
0.748507 0.018518 0.182826 0.0134605 0.00324338 0.00271 0.0307351 
0.701149 0.0233467 0.222615 0.00539995 0.00497033 0.00578677 0.0367326 
0.680501 0.00991809 0.26126 0.00579837 0.00185433 0.0067289 0.0339399 
0.699052 0.00723276 0.239946 0.0226891 8.04423E-4 0.008388 0.0218873 
0.681733 0.00669006 0.253593 0.010471 9.27308E-4 0.013117 0.0334682 
0.724994 0.0203129 0.197956 0.00614587 0.00347271 0.0116212 0.0354973 
0.709714 0.0198786 0.221974 0.00448991 0.00462719 0.00746729 0.0318485 
0.669352 0.020364 0.253706 0.00466784 0.00445532 0.00902576 0.0384287 
0.673625 0.0227911 0.257548 0.00572304 0.00326143 0.00505895 0.0319923 
