0.273891 0.200835 0.0165641 0.482218 0.010138 0.00730062 0.00905257 
0.2329 0.223099 0.0196099 0.4907 0.0112358 0.00952082 0.0129337 
0.446099 0.24961 0.0124251 0.258363 0.016484 0.00862631 0.00839159 
0.542844 0.261684 0.0119924 0.154891 0.0115399 0.0091924 0.00785741 
0.467077 0.367045 0.0102285 0.124444 0.0127965 0.0112591 0.00715065 
0.52653 0.325498 0.0101545 0.103703 0.0152631 0.0107008 0.00815039 
0.496815 0.244415 0.0122319 0.213623 0.0112524 0.0146014 0.00706121 
0.485148 0.293698 0.0107594 0.184328 0.0105471 0.00860359 0.00691506 
0.51016 0.323385 0.00707902 0.1271 0.0197185 0.00748278 0.0050747 
0.453227 0.324777 0.00801221 0.18424 0.0154963 0.00783083 0.00641598 
0.344437 0.430385 0.00621957 0.186509 0.017894 0.00876025 0.0057964 
0.305493 0.541868 0.00550257 0.120109 0.0108979 0.0111026 0.00502654 
0.219237 0.674152 0.00512236 0.0819899 0.00646526 0.0084756 0.00455774 
0.145396 0.770346 0.00443267 0.0624618 0.00435991 0.0078971 0.00510673 
0.180012 0.675613 0.00625046 0.124431 0.00407269 0.00381939 0.00580183 
0.156019 0.668632 0.00545782 0.152509 0.00662879 0.00383245 0.00692118 
0.180929 0.650359 0.00474173 0.141163 0.0130056 0.00471968 0.00508133 
0.148494 0.675171 0.00475106 0.144669 0.0164314 0.0048181 0.00566579 
0.187198 0.585553 0.00465267 0.182688 0.0289645 0.00428436 0.00665891 
0.232441 0.552307 0.00340755 0.158953 0.0439221 0.00407415 0.00489473 
0.106211 0.806717 0.00170455 0.0626783 0.0156128 0.00378703 0.00328919 
0.123277 0.692888 0.00221136 0.148802 0.0258311 0.00397745 0.00301299 
0.103355 0.799804 0.00148724 0.0621571 0.0248761 0.00537774 0.00294323 
0.109902 0.80244 0.00168823 0.0657753 0.0123044 0.00483164 0.00305833 
0.104946 0.765848 0.0027871 0.109871 0.00907804 0.0039613 0.00350813 
0.130466 0.641113 0.00450522 0.2044 0.0104134 0.00355751 0.00554485 
0.100329 0.745379 0.00311924 0.134135 0.00993668 0.00334721 0.00375407 
0.131964 0.773864 0.00309934 0.0775707 0.00602735 0.00410519 0.00336963 
0.154182 0.73493 0.00219818 0.089361 0.0131953 0.00363855 0.00249586 
0.131475 0.761379 0.00204714 0.0872363 0.0114087 0.00414815 0.00230553 
0.742486 0.11454 0.0208584 0.0933856 0.00464226 0.00914088 0.0149473 
0.727334 0.123153 0.023035 0.0936212 0.00432772 0.010255 0.0182744 
0.759582 0.0968731 0.023617 0.0843144 0.0046317 0.0111793 0.0198022 
0.742467 0.10669 0.0259415 0.0938432 0.00388335 0.00962297 0.0175516 
0.748565 0.109604 0.0242062 0.0898798 0.00398658 0.00797806 0.0157803 
0.792695 0.0835417 0.0219045 0.077792 0.00439134 0.00755551 0.0121195 
0.793628 0.0817937 0.0248006 0.0757962 0.00454511 0.00771652 0.0117194 
0.768765 0.0992707 0.0262772 0.0765833 0.00468676 0.007835 0.0165822 
0.729743 0.0853633 0.022405 0.139445 0.00464175 0.00700812 0.0113939 
0.659246 0.163826 0.020056 0.128376 0.00482499 0.0101477 0.0135235 
0.64345 0.16364 0.0164458 0.145859 0.00674167 0.0117904 0.0120724 
0.708361 0.100056 0.0189004 0.138328 0.00582227 0.0142289 0.0143037 
0.756139 0.0699972 0.0255886 0.121158 0.00415577 0.00695089 0.0160102 
0.769283 0.0650121 0.0207298 0.116208 0.00496076 0.00930104 0.014505 
0.739703 0.0797335 0.0205662 0.131414 0.00611068 0.00710408 0.015368 
0.785293 0.0536813 0.0247221 0.103665 0.00491322 0.00933293 0.0183922 
0.745703 0.0548263 0.0252479 0.147139 0.00340224 0.00780023 0.0158815 
0.77066 0.0809569 0.0248864 0.095012 0.00429926 0.0100413 0.0141441 
0.751096 0.122727 0.0266404 0.0588139 0.00372011 0.012289 0.024713 
0.776934 0.0689253 0.0313782 0.0927014 0.00292348 0.00636792 0.0207692 
0.797685 0.0581981 0.0239967 0.0962991 0.00408553 0.00746 0.0122755 
0.765607 0.0733029 0.0235352 0.11194 0.00402499 0.00757489 0.0140149 
0.664238 0.0759695 0.0225812 0.217943 0.00376551 0.00620911 0.00929293 
0.657506 0.0898947 0.0205197 0.2098 0.00364548 0.00749331 0.0111406 
0.718769 0.097089 0.0151995 0.144419 0.00689261 0.00828589 0.00934493 
0.648726 0.0689216 0.0260666 0.236378 0.00281311 0.00677183 0.0103226 
0.783305 0.040453 0.0302636 0.119553 0.00272893 0.0089673 0.0147288 
0.805669 0.0437699 0.0248366 0.103449 0.00333962 0.00661916 0.012317 
0.809072 0.0221373 0.0312761 0.107561 0.00349244 0.00890115 0.0175607 
0.788344 0.0183332 0.0468301 0.0939711 0.00269284 0.00769468 0.0421343 
