0.811884 0.0170589 0.0136665 0.0793882 0.0389709 0.00555486 0.0334763 
0.851469 0.0301717 0.0120472 0.0593346 0.0195138 0.00459146 0.0228721 
0.862461 0.0226701 0.0124944 0.0610487 0.0116064 0.00583728 0.0238816 
0.798607 0.0392733 0.0107638 0.0800755 0.0374231 0.00692873 0.0269286 
0.833376 0.0335152 0.0133928 0.0480873 0.0279017 0.00720432 0.0365232 
0.833287 0.0479902 0.0118894 0.039176 0.0277561 0.0108119 0.0290892 
0.798284 0.0362101 0.0113655 0.0462818 0.0654594 0.00900938 0.0333895 
0.817693 0.0330269 0.0112413 0.0885992 0.0206888 0.00648903 0.022262 
0.840091 0.0174384 0.0130325 0.0590947 0.0224989 0.00609576 0.0417483 
0.723782 0.0243643 0.0111706 0.183548 0.0326841 0.0052218 0.0192289 
0.791859 0.0170509 0.0152249 0.123763 0.0153494 0.00691331 0.0298393 
0.65151 0.0185736 0.0126619 0.279877 0.0120516 0.00633506 0.0189905 
0.630172 0.0177468 0.0123891 0.268685 0.0278258 0.0112957 0.0318855 
0.71909 0.0333815 0.0104076 0.166021 0.0289494 0.0119659 0.030185 
0.715771 0.0395368 0.0108542 0.184503 0.0126649 0.0106277 0.0260421 
0.714525 0.0232137 0.0123802 0.205464 0.00879118 0.00519571 0.0304295 
0.694012 0.0196638 0.0120698 0.237818 0.00838792 0.00526016 0.0227887 
0.75605 0.0235069 0.0130161 0.171574 0.00636915 0.0089633 0.020521 
0.701042 0.0251026 0.0132117 0.226426 0.00563203 0.00650295 0.0220828 
0.725109 0.0187621 0.0123588 0.204701 0.00940304 0.00751462 0.022152 
0.591271 0.0190376 0.0102513 0.343164 0.0162808 0.00488699 0.0151085 
0.588351 0.02303 0.0124179 0.329215 0.0118641 0.00579039 0.0293313 
0.682948 0.0193233 0.0128906 0.232888 0.0105793 0.00571928 0.0356522 
0.627051 0.0164399 0.0112266 0.29836 0.0108329 0.00391582 0.0321745 
0.471908 0.0221192 0.00829637 0.468011 0.0113803 0.00442329 0.0138625 
0.517114 0.0150795 0.0091054 0.432553 0.0104547 0.00379602 0.0118965 
0.617062 0.0179354 0.0134159 0.328767 0.00540981 0.00278611 0.0146241 
0.597431 0.0202471 0.00877315 0.343774 0.0145939 0.00432387 0.0108573 
0.474274 0.029831 0.00970828 0.451399 0.0176541 0.00399132 0.0131416 
0.829747 0.0212052 0.0117945 0.0729209 0.0215847 0.00846575 0.0342824 
0.767638 0.0233842 0.0131982 0.118205 0.0238546 0.010109 0.0436111 
0.828873 0.0320782 0.013368 0.055186 0.0178583 0.0115138 0.0411223 
0.825684 0.0315202 0.0157254 0.0567998 0.00914565 0.01385 0.0472752 
0.820552 0.0360107 0.0135876 0.0298455 0.0338845 0.0185458 0.0475734 
0.740865 0.0485983 0.0136403 0.0221637 0.116273 0.0278634 0.0305957 
0.279777 0.0930848 0.00843958 0.0123057 0.579903 0.0169138 0.00957611 
0.0707551 0.140274 0.00194146 0.00461272 0.76731 0.0130005 0.00210672 
0.0505497 0.556678 0.00134689 0.00439187 0.372406 0.0133016 0.00132525 
0.0488218 0.756488 6.50721E-4 0.00398416 0.178656 0.0104711 9.28262E-4 
0.0407161 0.879259 4.42429E-4 0.00357292 0.0688339 0.00671646 4.59195E-4 
0.0289073 0.937477 2.85877E-4 0.00229581 0.0256965 0.00502674 3.10842E-4 
0.0356499 0.935087 2.96334E-4 0.00306138 0.0193928 0.00616139 3.50792E-4 
0.0419611 0.900956 3.65561E-4 0.00405325 0.0447224 0.00744897 4.92965E-4 
0.034567 0.939832 3.2384E-4 0.00489556 0.015083 0.00489111 4.07122E-4 
0.0153212 0.969071 1.57587E-4 0.00126626 0.0115203 0.00240453 2.58785E-4 
0.0214124 0.951298 1.73137E-4 0.00153931 0.021527 0.00373 3.19775E-4 
0.10471 0.869277 9.61825E-4 0.00469905 0.0123184 0.00684107 0.00119273 
0.289427 0.611846 0.00330911 0.0163239 0.0642917 0.0112885 0.00351433 
0.256122 0.458057 0.0039851 0.0204823 0.243145 0.0138494 0.00435885 
0.280907 0.245388 0.00766988 0.0186547 0.417307 0.0222459 0.0078276 
0.275662 0.196185 0.00969626 0.0209174 0.470612 0.0176295 0.00929803 
0.210991 0.134878 0.0128621 0.0124234 0.598908 0.0197733 0.0101634 
0.227601 0.0932539 0.0106952 0.0163263 0.628162 0.0156225 0.00833873 
0.34937 0.129969 0.0125043 0.0215228 0.459797 0.0163186 0.0105187 
0.262928 0.158332 0.00989451 0.0199286 0.520231 0.019027 0.00965893 
0.239873 0.10465 0.00701394 0.022493 0.605634 0.0133083 0.00702724 
0.253977 0.0810179 0.00807139 0.0154477 0.620651 0.0131628 0.00767275 
0.515296 0.189921 0.0131029 0.0174152 0.233111 0.0135331 0.0176215 
0.47593 0.120156 0.0103476 0.0214496 0.350577 0.0110827 0.0104571 
0.609485 0.082553 0.0105607 0.023152 0.25525 0.00897705 0.0100224 
0.721577 0.0369453 0.0137644 0.0294082 0.178464 0.0055298 0.0143114 
0.716687 0.0241201 0.0141393 0.0304219 0.198297 0.00363825 0.012696 
0.793544 0.0242939 0.0174616 0.0442481 0.101778 0.00578341 0.0128912 
0.823833 0.0243203 0.019774 0.0350279 0.0705808 0.00682988 0.0196337 
0.726081 0.0196047 0.0175901 0.0537703 0.158683 0.00615784 0.0181122 
0.797491 0.0179038 0.0272158 0.0581368 0.071756 0.00447228 0.0230244 
0.735851 0.0230715 0.0161157 0.0648597 0.141031 0.00399944 0.0150718 
0.78239 0.0291162 0.0179829 0.0380249 0.103963 0.00763851 0.020884 
0.745625 0.0406222 0.0233408 0.0178026 0.135365 0.0131906 0.0240532 
0.706313 0.0318685 0.0215604 0.0218387 0.182871 0.011586 0.0239621 
0.635837 0.0186286 0.0128037 0.0328541 0.278452 0.00359359 0.0178308 
0.788535 0.0117252 0.0200424 0.0819417 0.0754876 0.00378915 0.0184785 
0.817608 0.0333492 0.0173686 0.00781478 0.0976023 0.00573638 0.0205204 
0.745119 0.032983 0.015059 0.0175558 0.160469 0.0064185 0.0223957 
0.817893 0.0402146 0.0179389 0.0452705 0.0539987 0.00770943 0.0169753 
0.812315 0.026226 0.026917 0.0173179 0.0823209 0.00975546 0.0251479 
0.52625 0.0264664 0.0144402 0.265954 0.148315 0.00802469 0.0105495 
0.775409 0.0445995 0.0219158 0.022726 0.10224 0.00939845 0.0237116 
0.835277 0.0320487 0.0244038 0.0124409 0.0625996 0.00679566 0.0264347 
0.739882 0.0608142 0.0135375 0.0544674 0.104629 0.00916712 0.0175026 
0.704227 0.0829821 0.0218295 0.00733098 0.13115 0.0282391 0.0242415 
0.788328 0.0530561 0.0189 0.0138739 0.0781883 0.0141179 0.0335361 
0.871184 0.0299671 0.0212944 0.0121399 0.0209264 0.00684658 0.0376419 
0.822129 0.0280268 0.0244052 0.0186367 0.0614149 0.00962671 0.0357611 
0.863994 0.0207557 0.0145583 0.0702558 0.0161907 0.00332019 0.0109256 
0.777022 0.0188672 0.0152974 0.116486 0.0502427 0.00689254 0.0151924 
0.825743 0.0214117 0.021249 0.0470594 0.0409848 0.00943836 0.0341132 
0.850008 0.0248396 0.0161696 0.0450216 0.0381856 0.00829764 0.017478 
0.816191 0.0221423 0.0145389 0.0605159 0.0648705 0.00682134 0.0149197 
0.749419 0.0266612 0.0165554 0.117448 0.0619128 0.010756 0.0172474 
0.80819 0.0264335 0.0181457 0.0684918 0.0482375 0.00954748 0.0209541 
0.811803 0.0302141 0.0141517 0.0486816 0.0740284 0.00718483 0.0139368 
0.781564 0.0290854 0.0150183 0.0592811 0.0881736 0.00711339 0.0197644 
0.794922 0.0242084 0.0180779 0.0542248 0.071968 0.00701708 0.0295818 
0.833047 0.0216598 0.0193807 0.0431898 0.0423182 0.0104566 0.0299476 
0.818357 0.0223445 0.0158161 0.0688663 0.0472814 0.00793102 0.0194036 
0.741153 0.0334873 0.0118017 0.0354121 0.155804 0.00828153 0.0140611 
0.828982 0.0380358 0.016669 0.0188184 0.0647127 0.0108592 0.0219227 
0.854534 0.0338928 0.0172669 0.0213257 0.043547 0.0082255 0.0212083 
0.840882 0.0324775 0.011844 0.052473 0.0285318 0.00685778 0.0269344 
0.829183 0.0361756 0.0111934 0.0686276 0.0252899 0.00950223 0.0200279 
0.854911 0.0298504 0.0138233 0.0556587 0.0108858 0.00957232 0.0252982 
0.860729 0.0309227 0.0124284 0.0386145 0.0133823 0.004798 0.0391256 
0.867829 0.0264458 0.0137055 0.0333835 0.00898816 0.0110293 0.0386188 
0.844502 0.0271321 0.0153439 0.0332033 0.00892258 0.0103507 0.0605458 
0.834333 0.0389197 0.0115426 0.050722 0.0191665 0.00866194 0.0366546 
0.850332 0.0226631 0.0135365 0.0383459 0.0131812 0.0114462 0.0504951 
0.889486 0.0243157 0.0106693 0.0269517 0.011585 0.00797085 0.0290212 
0.872441 0.0311691 0.0117265 0.0187243 0.0140651 0.00849649 0.0433774 
0.884764 0.0198249 0.0133765 0.0394257 0.0076904 0.00480303 0.0301151 
0.873647 0.0239894 0.0133126 0.0283724 0.00853781 0.00684922 0.0452914 
0.869818 0.0267953 0.0124235 0.0454666 0.00955351 0.00351819 0.0324246 
0.869705 0.0197627 0.0151096 0.0333302 0.014316 0.00401418 0.0437623 
0.86791 0.027119 0.0124586 0.0226491 0.0233619 0.00725103 0.0392499 
0.849739 0.0230697 0.0118907 0.0329367 0.0374134 0.00630136 0.0386496 
0.863241 0.0184266 0.0132495 0.031868 0.027912 0.00514383 0.040159 
0.834768 0.015514 0.0149747 0.0568201 0.0202749 0.00428232 0.0533664 
0.863851 0.0197987 0.0130935 0.0349766 0.021288 0.00569156 0.0413004 
0.86618 0.0218512 0.0134934 0.0487333 0.0109052 0.00485345 0.0339835 
0.89057 0.0199983 0.0140742 0.0390651 0.00593714 0.00465039 0.0257047 
0.882756 0.0254325 0.0144809 0.0349131 0.00764191 0.00575669 0.0290191 
0.876181 0.0220603 0.018418 0.0313979 0.00686846 0.00603132 0.0390426 
0.754752 0.0722956 0.0245556 0.00410649 0.013438 0.0121123 0.11874 
0.812596 0.0399145 0.0244461 0.00370075 0.00924735 0.0262107 0.083885 
0.818856 0.0372849 0.0203937 0.0188372 0.0240672 0.022312 0.0582488 
0.847884 0.0374545 0.0200313 0.0073667 0.0147665 0.0133737 0.0591229 
0.866628 0.0418061 0.014514 0.01186 0.0218751 0.00864808 0.0346688 
0.885144 0.0370983 0.0126822 0.0224704 0.0151631 0.00572424 0.0217175 
0.901789 0.0195664 0.0167663 0.0212104 0.0156908 0.00516154 0.0198161 
0.867272 0.0427698 0.0144818 0.0247655 0.0132481 0.0107554 0.0267073 
0.837875 0.0397475 0.01218 0.0240444 0.0490973 0.00853289 0.0285229 
0.873105 0.0289052 0.017059 0.0201775 0.0177074 0.00618582 0.0368606 
0.87973 0.0387797 0.0136424 0.0199165 0.0157663 0.00670403 0.0254613 
0.878982 0.0361922 0.014431 0.0153343 0.0171574 0.00867197 0.0292314 
0.881756 0.0334304 0.0137885 0.025731 0.0125275 0.00799195 0.0247742 
0.881297 0.0353311 0.0161321 0.0157791 0.0109613 0.00841072 0.0320889 
0.852725 0.0399363 0.0137375 0.0268095 0.0272042 0.0106035 0.0289836 
0.896678 0.021182 0.014873 0.0251034 0.0081833 0.00684563 0.0271344 
0.860727 0.0268916 0.0132403 0.0349514 0.0317152 0.00576154 0.0267134 
0.851721 0.0253157 0.015999 0.0218584 0.0284455 0.00797556 0.0486844 
0.863845 0.0230049 0.0162615 0.0261761 0.0225264 0.00526848 0.042918 
0.863906 0.0286454 0.0166646 0.0304967 0.0120816 0.00661976 0.0415858 
0.844025 0.0317444 0.0165573 0.0418765 0.0182604 0.00851197 0.0390248 
0.785213 0.0298177 0.015537 0.110565 0.00791048 0.0161379 0.0348192 
0.827155 0.030298 0.0152152 0.0803986 0.00838212 0.0112539 0.0272978 
0.690672 0.0221858 0.0127484 0.231924 0.0120761 0.00830594 0.0220882 
0.746873 0.0188141 0.0174166 0.153774 0.0112593 0.0143587 0.0375049 
0.831164 0.0252356 0.0146561 0.0659962 0.01455 0.0114967 0.0369018 
0.840275 0.0314706 0.01278 0.0615141 0.0148211 0.0108881 0.0282515 
0.828194 0.0385939 0.0153694 0.0589602 0.017235 0.0135519 0.0280961 
0.756497 0.0354877 0.0140056 0.138106 0.015815 0.0174748 0.0226135 
0.802729 0.0277599 0.0146022 0.10275 0.00873254 0.0135447 0.0298821 
0.844663 0.0248628 0.014147 0.0355913 0.0121363 0.0163246 0.0522755 
0.851424 0.0240169 0.0157946 0.0243497 0.0119104 0.0145087 0.0579954 
0.814261 0.0256313 0.0127847 0.0777803 0.0155213 0.0154855 0.0385355 
0.840028 0.0208013 0.0160459 0.0298788 0.0122279 0.0203742 0.0606435 
0.853567 0.0260597 0.0154038 0.0307558 0.0130999 0.0162735 0.0448407 
0.75845 0.0228799 0.0132498 0.142095 0.00833529 0.0124133 0.0425766 
0.812412 0.0201063 0.0108427 0.103834 0.0129471 0.0105931 0.029264 
0.815785 0.0229194 0.0125252 0.106291 0.00719868 0.00749039 0.0277902 
0.85564 0.0187016 0.013323 0.0793711 0.00638569 0.00518212 0.0213966 
0.851101 0.0160839 0.0127921 0.0763106 0.00843197 0.00506858 0.0302123 
0.865819 0.0189055 0.0116232 0.053538 0.0119745 0.00696961 0.03117 
0.832037 0.0222745 0.0158484 0.0360438 0.0133443 0.0141489 0.066303 
0.797513 0.0227293 0.0119992 0.0785942 0.0231097 0.0122622 0.0537928 
0.819125 0.0250463 0.0157582 0.0481115 0.0126824 0.0171395 0.0621368 
0.741568 0.02474 0.0164255 0.111524 0.0228761 0.0188854 0.0639809 
0.773186 0.0298917 0.0171438 0.0282317 0.0240169 0.020164 0.107366 
0.73254 0.0328171 0.0250425 0.0138301 0.0166234 0.0369216 0.142226 
0.790182 0.0286719 0.017905 0.020339 0.0246048 0.0241059 0.0941912 
0.827418 0.0257939 0.0150482 0.0271452 0.00734966 0.0170171 0.0802276 
0.780912 0.0210932 0.0179146 0.0435901 0.0197951 0.018328 0.0983672 
0.83184 0.0199301 0.0169698 0.0266323 0.0077196 0.0116748 0.0852333 
0.845318 0.0178642 0.0177988 0.0370184 0.00468665 0.0101201 0.0671938 
0.803357 0.0219556 0.0150403 0.0926399 0.00941684 0.00992614 0.0476642 
0.862328 0.0279878 0.0134007 0.0341693 0.0168439 0.0106616 0.0346086 
0.869007 0.0334293 0.0120387 0.0418446 0.0143845 0.00543081 0.0238648 
0.837993 0.0406353 0.010725 0.0725602 0.0146636 0.00578044 0.0176424 
0.872218 0.0334827 0.0103913 0.0432154 0.0147126 0.00625579 0.0197246 
0.868697 0.027579 0.0123896 0.0426752 0.00919273 0.00775332 0.0317132 
0.889905 0.0232099 0.0101234 0.0336192 0.0124777 0.00537018 0.0252943 
0.841382 0.0187929 0.0123413 0.0675358 0.022403 0.00664903 0.0308955 
0.830777 0.0204529 0.0142307 0.0635952 0.0240562 0.00655834 0.0403295 
0.852168 0.0202981 0.0132328 0.0457448 0.021186 0.00663284 0.040737 
0.858777 0.0212753 0.0112099 0.0530986 0.0200975 0.00618969 0.0293515 
0.841654 0.0324489 0.0108475 0.0546364 0.0235327 0.00802763 0.028853 
0.842251 0.0341175 0.0113965 0.0696488 0.0168139 0.00575839 0.0200143 
0.826864 0.0225203 0.0137792 0.058585 0.033487 0.00672118 0.0380435 
0.843718 0.0232097 0.0119122 0.0574614 0.0276894 0.0075054 0.028504 
0.864874 0.0213792 0.011996 0.0415899 0.0248904 0.00612915 0.0291416 
0.816189 0.0201156 0.0131069 0.0875541 0.019266 0.00619061 0.0375773 
0.84038 0.0286765 0.0125757 0.0662643 0.019624 0.00651017 0.0259695 
0.857393 0.0305243 0.0102375 0.0664123 0.0127455 0.00494664 0.0177411 
0.817518 0.028514 0.00960306 0.108616 0.0151186 0.00392601 0.0167042 
0.787506 0.0196666 0.0114066 0.154786 0.00906552 0.00242104 0.0151486 
0.838308 0.0274499 0.0125917 0.0758229 0.0105348 0.00502641 0.0302662 
0.846123 0.0226255 0.0114715 0.0713507 0.0196502 0.00420698 0.0245724 
0.809656 0.0219425 0.0160743 0.064991 0.0263552 0.0050262 0.0559544 
0.845361 0.0164809 0.013798 0.0548417 0.0181697 0.004237 0.0471113 
0.84289 0.0152593 0.0177571 0.0259943 0.0122062 0.00496847 0.0809248 
0.863669 0.0215352 0.0145118 0.0379038 0.00875176 0.00506021 0.0485686 
0.824476 0.0203139 0.0146491 0.0526814 0.0198805 0.0054394 0.0625592 
0.853177 0.0276646 0.0144712 0.0491199 0.0112059 0.00432355 0.0400377 
0.895026 0.0247602 0.0132189 0.0239843 0.00981599 0.00471836 0.0284762 
0.874535 0.0296179 0.0133881 0.0154441 0.0116797 0.00673233 0.0486029 
0.887396 0.0339322 0.0131835 0.0123385 0.012896 0.00605979 0.0341937 
0.885173 0.0329429 0.0153567 0.0118848 0.0143292 0.00704 0.0332739 
0.873189 0.0218906 0.0157984 0.0134276 0.0149774 0.00566485 0.0550523 
0.882974 0.0238261 0.0156475 0.0121519 0.00984014 0.00507716 0.0504834 
0.856653 0.0229285 0.0183685 0.0185819 0.0079106 0.00537265 0.070185 
0.846844 0.0208811 0.0180804 0.015077 0.0101805 0.00592208 0.083015 
0.761537 0.0215368 0.0278046 0.0174403 0.0140877 0.0165411 0.141052 
0.822299 0.0234633 0.0180646 0.0147702 0.0105491 0.0114369 0.0994165 
0.843398 0.0186369 0.0177069 0.0313146 0.00461516 0.00664945 0.0776791 
0.848375 0.0201265 0.0151562 0.0522356 0.00818619 0.00521315 0.0507069 
0.845896 0.0161843 0.0130694 0.0819676 0.0111473 0.00358068 0.0281547 
0.867689 0.0172572 0.0131751 0.0558281 0.0136071 0.00254098 0.0299027 
0.799887 0.0142274 0.0138727 0.118325 0.0149046 0.00472561 0.034058 
0.871291 0.0145777 0.0124639 0.0452101 0.0187838 0.00374425 0.0339295 
0.876057 0.0192695 0.0127607 0.0410797 0.0118815 0.00452195 0.0344294 
0.8478 0.0149032 0.0141884 0.0515108 0.0182637 0.00413075 0.0492026 
0.864523 0.016176 0.0125206 0.0476254 0.0185291 0.00423098 0.0363946 
0.847146 0.0157736 0.0132437 0.0726749 0.0167876 0.00477533 0.0295992 
0.836524 0.0157173 0.0136166 0.0711649 0.0266676 0.00349903 0.0328104 
0.87943 0.0140977 0.0122385 0.0575024 0.0121029 0.00263481 0.0219937 
0.832654 0.0186484 0.0115092 0.0933162 0.0188087 0.00341082 0.0216526 
0.855764 0.0160988 0.0121619 0.0706586 0.0122748 0.00339672 0.0296451 
0.859442 0.0198089 0.0122717 0.0767986 0.0081581 0.00297776 0.0205432 
0.859994 0.0163006 0.0130153 0.0572703 0.0144329 0.00419173 0.0347955 
0.883026 0.0238443 0.0106968 0.0436263 0.011828 0.00415751 0.0228211 
0.871053 0.0297082 0.0107759 0.0400251 0.0170997 0.00578797 0.0255506 
0.860174 0.0193663 0.011795 0.0446598 0.030555 0.00588435 0.0275658 
0.834169 0.031963 0.0104328 0.0715807 0.0235606 0.00522576 0.0230683 
0.823594 0.0240524 0.0109498 0.0848511 0.0174342 0.00668403 0.0324346 
0.821 0.0308608 0.0130874 0.0794567 0.0149721 0.00586261 0.0347604 
0.813473 0.0184646 0.0123963 0.083919 0.0319307 0.00563276 0.0341833 
0.846779 0.0137096 0.0152946 0.0692901 0.012128 0.00332364 0.0394755 
0.814339 0.0163555 0.0127429 0.0966532 0.0207867 0.00582076 0.0333018 
0.860768 0.0172931 0.010694 0.0756386 0.013055 0.00365441 0.0188969 
0.849759 0.0183882 0.0100239 0.0778832 0.0176438 0.00559615 0.0207061 
0.854082 0.0153569 0.0131039 0.073328 0.00832172 0.00560628 0.0302009 
0.872613 0.0146681 0.0121294 0.0504323 0.0154434 0.00508466 0.0296286 
0.831534 0.0164253 0.0128987 0.0991734 0.00914074 0.00515269 0.0256751 
0.872778 0.0149798 0.0136251 0.0482156 0.00700039 0.0061271 0.0372744 
0.816043 0.0128146 0.0129367 0.0965181 0.0229413 0.00521018 0.033536 
0.855899 0.0145818 0.0127353 0.0672976 0.0110959 0.00388472 0.0345055 
0.86211 0.017174 0.0137863 0.0300638 0.0197862 0.0042955 0.052784 
0.869171 0.0142882 0.0145453 0.043566 0.0164579 0.00301956 0.0389516 
0.850619 0.0121069 0.0141968 0.0651696 0.0195131 0.00316573 0.035229 
0.870597 0.016674 0.014021 0.0525171 0.0145652 0.00262836 0.0289979 
0.889354 0.0193493 0.0106458 0.044951 0.0144877 0.00259194 0.0186204 
0.863619 0.0116183 0.0123089 0.0697294 0.0137409 0.0027598 0.0262239 
0.822908 0.0174817 0.0114537 0.0786251 0.0408796 0.00352467 0.0251274 
0.868202 0.0181537 0.0152651 0.0409491 0.0165743 0.00342885 0.0374266 
0.849393 0.0281107 0.0157121 0.0333915 0.0120039 0.00339295 0.0579956 
0.834375 0.0179115 0.0161949 0.0659683 0.00891109 0.00330112 0.0533377 
0.834639 0.0259598 0.018307 0.0452477 0.0072512 0.00259215 0.0660031 
0.860759 0.0191473 0.0191421 0.0351557 0.00760144 0.0031368 0.055058 
0.850723 0.0201427 0.0158169 0.0494056 0.00765404 0.00333722 0.0529201 
0.855022 0.0246639 0.0154188 0.0506638 0.00773464 0.00380868 0.0426886 
0.852268 0.0186228 0.0171689 0.065208 0.00664653 0.00298307 0.037103 
0.853788 0.0236501 0.0166653 0.0318093 0.0127591 0.0029523 0.0583758 
0.879203 0.021427 0.0163101 0.0394304 0.00669911 0.00217786 0.034753 
0.852505 0.0367027 0.0129664 0.0493849 0.0124661 0.00369205 0.0322826 
0.860385 0.0248075 0.0161791 0.0293124 0.0133551 0.00327623 0.052685 
0.877195 0.0270755 0.0143322 0.0316581 0.0130316 0.00236891 0.0343387 
0.87612 0.022163 0.0143339 0.0401557 0.00871342 0.0032993 0.0352144 
0.852181 0.0297085 0.0128335 0.0564418 0.0132033 0.00242239 0.0332093 
0.855708 0.0222094 0.0111738 0.0620663 0.0204372 0.00299767 0.0254079 
0.844797 0.0208158 0.0107655 0.0589538 0.0348446 0.00311476 0.0267088 
0.888842 0.0171154 0.0114975 0.0372349 0.0187377 0.00259697 0.0239756 
0.874955 0.0171176 0.011086 0.0629018 0.0179719 0.00224256 0.0137247 
0.878071 0.0453092 0.0108397 0.0177732 0.0143392 0.00866378 0.0250041 
0.86699 0.0345608 0.0121901 0.0283862 0.0208065 0.00545976 0.0316069 
0.879111 0.0384244 0.013146 0.0350955 0.00870528 0.00389097 0.0216274 
0.871406 0.0448952 0.0119562 0.0268563 0.0140526 0.00586923 0.024964 
0.884876 0.0326927 0.0099019 0.0389542 0.0157064 0.00341492 0.0144535 
0.872729 0.0369997 0.0120036 0.029665 0.0207005 0.00364125 0.0242614 
0.871712 0.0320621 0.0122636 0.0396762 0.0130452 0.00321951 0.0280216 
0.853867 0.0504112 0.013787 0.0228698 0.0128049 0.0062331 0.0400268 
0.895822 0.0293211 0.0139035 0.0330015 0.00781262 0.00220015 0.0179387 
0.870014 0.0247923 0.0133356 0.0423919 0.0145954 0.00282524 0.0320452 
0.893869 0.021893 0.0122296 0.0433722 0.0106722 0.00219558 0.0157689 
0.882255 0.0248555 0.0139682 0.0370875 0.0150041 0.00217189 0.0246581 
0.876872 0.0324208 0.0139814 0.029173 0.0147529 0.00324268 0.0295573 
0.861928 0.0263614 0.0145949 0.0659419 0.0068332 0.00377946 0.0205608 
0.854618 0.0189619 0.0157027 0.0603333 0.00887975 0.00372499 0.0377794 
0.894436 0.0171089 0.0132945 0.044564 0.0120504 0.00233053 0.016216 
0.888355 0.013757 0.0152266 0.0373918 0.0122167 0.00374932 0.0293031 
0.884467 0.0199045 0.0131185 0.0412807 0.012156 0.00276103 0.0263122 
0.899894 0.0168563 0.0145967 0.0320392 0.0107237 0.00334205 0.0225484 
0.854799 0.0204144 0.0165788 0.0494048 0.0102182 0.0039424 0.0446423 
0.880134 0.0177678 0.016619 0.0366682 0.00477403 0.00349545 0.040541 
0.869643 0.0223879 0.0144777 0.0289394 0.0169842 0.00342134 0.0441467 
0.883683 0.0250821 0.0130235 0.037047 0.00671298 0.00391254 0.0305386 
0.860142 0.023558 0.014157 0.0363845 0.0167281 0.00455247 0.0444783 
0.886718 0.0259165 0.0113092 0.045213 0.00940805 0.00339244 0.0180427 
0.878899 0.0227883 0.0119245 0.0482452 0.0133918 0.00304314 0.0217076 
0.849319 0.0187743 0.0121948 0.040707 0.037385 0.00312316 0.038497 
0.887053 0.0188028 0.0151295 0.0277818 0.0133546 0.00247377 0.0354044 
0.854512 0.0161696 0.0179197 0.034439 0.013462 0.00366652 0.0598316 
0.859257 0.0192542 0.016118 0.0596999 0.0133712 0.00300611 0.0292938 
0.833657 0.0215338 0.016616 0.0676843 0.00795163 0.00419181 0.0483652 
0.84863 0.024852 0.0156251 0.0352829 0.0180211 0.00413941 0.0534497 
0.860736 0.0193193 0.0153794 0.0482403 0.0135326 0.00279383 0.0399981 
0.84917 0.0212982 0.0172918 0.0503508 0.0086691 0.00292847 0.050292 
0.819123 0.0257453 0.0151253 0.0677869 0.010817 0.00331969 0.058083 
0.816582 0.0226088 0.0185471 0.045935 0.0156858 0.00308959 0.0775521 
0.821804 0.0244668 0.0173587 0.0530227 0.00930177 0.00365542 0.0703903 
0.840386 0.0234275 0.014797 0.0585557 0.0114796 0.00276156 0.0485931 
0.87063 0.0197046 0.0158205 0.0433872 0.00900769 0.00325653 0.0381931 
0.844463 0.0183136 0.0163888 0.0350903 0.0161748 0.00355369 0.0660162 
0.878909 0.0199042 0.0165604 0.0220706 0.0108995 0.00316658 0.0484901 
0.878818 0.0255635 0.0156405 0.0340148 0.00939164 0.00286415 0.0337075 
0.864174 0.0166855 0.0171592 0.0578353 0.00367958 0.00365595 0.0368105 
0.837026 0.0192256 0.0157109 0.0569472 0.0147111 0.00336427 0.0530148 
0.824905 0.0225962 0.0144277 0.0591825 0.0221664 0.00480228 0.0519201 
0.81813 0.019174 0.0135938 0.0982256 0.0115349 0.00251071 0.0368305 
0.801535 0.0210545 0.0138585 0.111581 0.0168669 0.0037046 0.0313991 
0.842623 0.0260118 0.0127178 0.0693446 0.0116475 0.00409327 0.0335617 
0.852936 0.0217115 0.0113203 0.0588022 0.0243221 0.00413375 0.0267741 
0.880518 0.0251408 0.0117449 0.044443 0.0104428 0.00437537 0.0233352 
0.863974 0.0308865 0.0113839 0.038267 0.0195006 0.00457848 0.0314093 
0.849143 0.029112 0.0120072 0.0619599 0.0104733 0.00414285 0.0331613 
0.857697 0.029761 0.0111852 0.0368852 0.0290399 0.00557182 0.02986 
0.829616 0.0334692 0.0109075 0.0852496 0.0115161 0.00291822 0.0263236 
0.847837 0.0205027 0.0109096 0.0776865 0.0192413 0.00345446 0.0203685 
0.775038 0.0124136 0.0110875 0.137739 0.0277249 0.00266547 0.0333312 
0.781492 0.0195398 0.0104655 0.121451 0.0286952 0.00309776 0.0352582 
0.782586 0.0124058 0.00959766 0.147494 0.023356 0.00177461 0.0227864 
0.650493 0.0144981 0.00995973 0.265409 0.0211515 0.00235454 0.0361339 
0.597716 0.0167997 0.00809935 0.342252 0.0205584 0.00220363 0.0123702 
0.823486 0.0230008 0.00953345 0.0877553 0.0366826 0.0031181 0.0164235 
0.763262 0.0297162 0.00917489 0.156123 0.0253294 0.00278747 0.0136068 
0.762481 0.0198114 0.00932944 0.169331 0.0209294 0.00232594 0.0157915 
0.797417 0.0148857 0.0112601 0.0836596 0.0565701 0.00335547 0.0328525 
0.782194 0.0179171 0.0092169 0.127716 0.0352443 0.0031776 0.0245341 
0.798388 0.0202278 0.00832657 0.110374 0.0405826 0.00401029 0.0180912 
0.768898 0.0161039 0.0101674 0.130422 0.0311552 0.0035493 0.0397036 
0.70959 0.0127535 0.0108047 0.183664 0.0461224 0.00250293 0.0345628 
0.718585 0.0146016 0.0133097 0.134504 0.0680943 0.00487995 0.0460254 
0.694413 0.0143334 0.0104911 0.212777 0.0198516 0.00271231 0.0454218 
0.611399 0.0157225 0.00858526 0.312731 0.0228439 0.00227624 0.0264415 
0.713637 0.0124844 0.015654 0.110983 0.041689 0.0025793 0.102973 
0.567283 0.0149762 0.0107182 0.311262 0.061773 0.00212953 0.0318576 
0.564183 0.0137482 0.00984328 0.345112 0.022153 0.00341113 0.0415494 
0.548484 0.0219306 0.0125051 0.227322 0.0355999 0.0106655 0.143494 
0.615016 0.0232788 0.0235881 0.01864 0.016244 0.026116 0.277117 
0.525656 0.0162314 0.0354183 0.00683038 0.00794935 0.0175815 0.390333 
0.74146 0.0260101 0.0353917 0.00682598 0.0277555 0.00592014 0.156636 
0.492765 0.0121168 0.046496 0.00850452 0.00620523 0.00179542 0.432117 
0.794416 0.0153211 0.0300338 0.0105626 0.00234102 0.00825212 0.139073 
0.55349 0.0177747 0.0370012 0.00401079 0.00401125 0.00426134 0.379451 
0.549434 0.0531576 0.0378861 0.00470094 0.00574675 0.00423765 0.344837 
0.752445 0.0452283 0.026456 0.0035188 0.00790084 0.0068534 0.157598 
0.620478 0.0256704 0.035071 0.00380893 0.00532837 0.0110475 0.298596 
0.822635 0.0132099 0.0266997 0.0142467 0.00818983 0.00835311 0.106666 
0.812271 0.0213641 0.0228704 0.0115444 0.00430848 0.027374 0.100267 
0.845785 0.0319493 0.0147986 0.0241272 0.0234028 0.0176983 0.0422391 
0.82737 0.0188765 0.0117817 0.0705357 0.0359924 0.0091477 0.0262963 
0.859584 0.0253894 0.0117585 0.0383385 0.0230456 0.0107348 0.0311495 
0.852834 0.0280124 0.0151861 0.0337508 0.0210985 0.00584084 0.0432773 
0.847268 0.0192906 0.0182644 0.022099 0.0154742 0.00835168 0.069252 
0.810023 0.0199909 0.0245103 0.0147786 0.0278569 0.00812019 0.0947205 
0.836479 0.0155395 0.0238402 0.0156337 0.0192036 0.00557413 0.0837298 
0.835318 0.0220673 0.0206831 0.0411157 0.010168 0.00738897 0.0632587 
0.850725 0.0328179 0.0133605 0.0495158 0.00951815 0.00691074 0.0371515 
0.644605 0.0157867 0.0116491 0.263599 0.035943 0.00497592 0.0234418 
0.840817 0.0133639 0.0152866 0.051336 0.013057 0.00532657 0.0608126 
0.792904 0.0126937 0.0168749 0.0740748 0.0177988 0.00516866 0.0804852 
0.846483 0.020734 0.0151649 0.0216274 0.023947 0.00807594 0.0639682 
0.832721 0.0135996 0.0139595 0.0613604 0.0233859 0.00327741 0.0516962 
0.818287 0.0143507 0.0149753 0.0451778 0.019688 0.00513273 0.0823882 
0.791716 0.0146193 0.0171919 0.0433161 0.0269829 0.00571973 0.100454 
0.799446 0.0150276 0.0127692 0.0956609 0.020151 0.0043787 0.0525668 
0.862859 0.012459 0.0152696 0.0326289 0.0278726 0.00418824 0.0447225 
0.828381 0.0135459 0.0112933 0.0680919 0.039853 0.00538719 0.0334476 
0.8387 0.0150175 0.0106115 0.050651 0.0341577 0.00579708 0.0450655 
0.881944 0.0140398 0.0121465 0.029015 0.0126517 0.00597194 0.0442315 
0.800518 0.0133085 0.0138878 0.0611922 0.0205323 0.0064717 0.0840897 
0.699163 0.0158435 0.02057 0.0230035 0.0306901 0.00828537 0.202444 
0.779256 0.0140662 0.0143149 0.0735792 0.0183529 0.00783358 0.0925976 
0.825 0.0181617 0.00942617 0.0285416 0.0698938 0.00839984 0.040577 
0.856805 0.0306525 0.0115934 0.0107805 0.0262616 0.0097397 0.0541678 
0.840487 0.0218951 0.0150498 0.0231698 0.00473941 0.00777911 0.08688 
0.576968 0.0201485 0.0228165 0.013455 0.00567161 0.0183354 0.342605 
0.602963 0.0213672 0.0270461 0.0214312 0.027642 0.0124068 0.287144 
0.799603 0.0180671 0.0204837 0.0296402 0.0211734 0.00933065 0.101702 
0.789005 0.0188447 0.0166967 0.0546136 0.0193941 0.00943926 0.0920064 
0.753059 0.0154104 0.0160199 0.113627 0.015224 0.00629014 0.0803696 
0.850886 0.0138731 0.0130979 0.0452246 0.0145543 0.00376073 0.0586034 
0.809637 0.0288405 0.0138971 0.0191631 0.0171956 0.0140263 0.09724 
0.758711 0.0257935 0.0208684 0.012587 0.0170713 0.0104463 0.154523 
0.881858 0.0132367 0.0167233 0.0188165 0.00650873 0.00504679 0.0578099 
0.731695 0.0167907 0.0225392 0.0196723 0.00648085 0.0107645 0.192057 
0.88818 0.0200258 0.0154234 0.0141463 0.00645686 0.0125629 0.0432047 
0.74467 0.0267713 0.0223048 0.0161147 0.0144448 0.0244639 0.151231 
0.860554 0.0171396 0.0142072 0.0395771 0.00604745 0.0044651 0.0580097 
0.867791 0.0147438 0.0154818 0.0628115 0.00618306 0.00381091 0.0291781 
0.834064 0.0202165 0.011223 0.083448 0.0118757 0.00579617 0.0333768 
0.80307 0.0123899 0.00936121 0.134613 0.0186471 0.00272664 0.0191926 
0.677819 0.0123829 0.0114178 0.265676 0.0118308 0.00365913 0.0172141 
0.803425 0.0228821 0.0133083 0.0908255 0.0102021 0.00777587 0.0515808 
0.837506 0.0176204 0.0122576 0.0533476 0.01821 0.00773069 0.0533276 
0.853345 0.0316957 0.0105328 0.0316609 0.0162381 0.00988217 0.0466455 
0.820849 0.0273571 0.0119079 0.0504608 0.0147179 0.0126654 0.0620422 
0.85552 0.019239 0.00966338 0.0693674 0.0170899 0.00456106 0.0245597 
0.843208 0.0254249 0.0116825 0.0592092 0.0110217 0.0054377 0.0440162 
0.839147 0.023075 0.00972861 0.0744794 0.0262761 0.00511193 0.0221819 
0.844687 0.0144483 0.012348 0.0663266 0.0190569 0.00321861 0.0399144 
0.779937 0.0136407 0.0100082 0.135734 0.0301583 0.00330688 0.027215 
0.790616 0.0176089 0.0117316 0.0976721 0.0373436 0.00684021 0.038188 
0.737604 0.0168699 0.0136407 0.158946 0.0189484 0.00505639 0.0489348 
0.785269 0.0175782 0.0136633 0.0862811 0.021804 0.00456294 0.0708413 
0.798026 0.0142059 0.0108779 0.109711 0.0233471 0.00343109 0.0404016 
0.720921 0.022195 0.0116754 0.153165 0.0295002 0.00741607 0.055127 
0.800934 0.0205388 0.009976 0.0971906 0.0139213 0.00626524 0.0511741 
0.698879 0.0131903 0.0131556 0.142312 0.0562903 0.00711964 0.0690538 
0.776679 0.0143068 0.0111741 0.0913156 0.029935 0.00480287 0.071787 
0.838557 0.0150871 0.0120082 0.0638553 0.0186176 0.00471389 0.047161 
0.815554 0.0174648 0.0103342 0.101399 0.0206899 0.00413438 0.030423 
0.836246 0.0142766 0.011169 0.0628621 0.0205445 0.0059664 0.0489358 
0.790275 0.0188389 0.0114899 0.112986 0.0107559 0.00695366 0.0487007 
0.78349 0.0172573 0.0109038 0.104567 0.0175236 0.00761989 0.0586385 
0.762757 0.0190525 0.0138079 0.0964219 0.0200754 0.00636225 0.0815233 
0.768837 0.0193792 0.0134067 0.0938172 0.0178181 0.00730995 0.0794323 
0.829972 0.0198117 0.0120513 0.0591211 0.0151708 0.00844009 0.0554326 
0.801677 0.0221347 0.0131647 0.0302586 0.023982 0.00788971 0.100893 
0.854142 0.018908 0.0097137 0.0566171 0.0160797 0.00814328 0.036396 
0.814828 0.0190793 0.0139912 0.0544714 0.00845581 0.0119453 0.0772289 
0.839621 0.0180341 0.0142587 0.0482801 0.00652576 0.00915241 0.0641278 
0.747669 0.0213638 0.0143072 0.0914839 0.0170781 0.0171154 0.0909828 
0.746054 0.0177379 0.0141252 0.111582 0.0195389 0.0147347 0.0762277 
0.792848 0.0281824 0.0117642 0.0770084 0.0214764 0.0143393 0.0543818 
0.809927 0.0185323 0.0148018 0.0602741 0.00841641 0.0138824 0.0741663 
0.805209 0.0242056 0.00972097 0.0975715 0.0147594 0.0193804 0.029153 
0.738332 0.0205817 0.0115599 0.136332 0.0298718 0.0194275 0.0438949 
0.750299 0.0243361 0.010052 0.161453 0.0145129 0.0124731 0.0268733 
0.848845 0.0189352 0.0130079 0.0465858 0.0129958 0.0140406 0.0455897 
0.659512 0.0249507 0.0223388 0.0190884 0.0168488 0.0294574 0.227804 
0.716149 0.0268838 0.0214683 0.0132749 0.0154176 0.0308301 0.175976 
0.811901 0.0251131 0.0158646 0.00925879 0.00658019 0.0171759 0.114107 
0.867526 0.0174795 0.0151302 0.0284247 0.00701222 0.00588747 0.05854 
0.804506 0.0188604 0.0179141 0.0500965 0.00956247 0.00914922 0.0899109 
0.851868 0.0235907 0.0132605 0.0583331 0.00751567 0.00746164 0.0379701 
0.821096 0.0178583 0.0181961 0.0374612 0.0107837 0.00826796 0.0863367 
0.776229 0.0182136 0.0200396 0.0900511 0.00581893 0.00641025 0.0832377 
0.779309 0.0217011 0.0157859 0.0979906 0.0128754 0.00586763 0.0664703 
0.844607 0.0143691 0.0126117 0.0557151 0.0199665 0.00614016 0.0465907 
0.78831 0.0230798 0.0131446 0.103733 0.0136962 0.00622505 0.0518114 
0.797643 0.0181422 0.0150957 0.0888753 0.016893 0.00607897 0.0572723 
0.837554 0.0196195 0.0135547 0.0776741 0.00810741 0.00599091 0.0374998 
0.833709 0.0260229 0.0152091 0.0371706 0.0270497 0.00712455 0.0537141 
0.858341 0.0267424 0.0134307 0.0371897 0.0141872 0.00590182 0.0442072 
0.822563 0.022572 0.0142218 0.0656295 0.0132411 0.00616618 0.055606 
0.82752 0.0152774 0.0171344 0.0750999 0.00597893 0.00489905 0.0540902 
0.860644 0.016535 0.0132843 0.0323373 0.0187118 0.00386689 0.054621 
0.773133 0.0148609 0.0223001 0.0492874 0.0355448 0.00690187 0.0979717 
0.842354 0.013824 0.012482 0.0719535 0.0203609 0.00347142 0.0355541 
0.831561 0.0150432 0.0163452 0.0750953 0.0100078 0.00536598 0.0465815 
0.874045 0.016154 0.0138847 0.0428682 0.0098178 0.0031149 0.0401159 
0.850004 0.0231828 0.0134667 0.0579609 0.0100186 0.00584112 0.0395258 
0.861479 0.0190831 0.0129428 0.0645584 0.00937483 0.00391934 0.0286425 
0.80817 0.0187586 0.0140247 0.0754043 0.0131587 0.00490481 0.0655791 
0.803445 0.0133113 0.0162476 0.0847653 0.0127761 0.00595612 0.0634987 
0.803132 0.0168332 0.0114897 0.138007 0.00824754 0.00278231 0.0195077 
0.694976 0.0128023 0.0172112 0.185616 0.0107409 0.00518175 0.073472 
0.814782 0.014137 0.0134223 0.124475 0.00728761 0.00531704 0.0205793 
0.828366 0.0178316 0.0155834 0.103424 0.00436594 0.0041179 0.0263107 
0.784087 0.0172714 0.0119322 0.144839 0.00936785 0.00310868 0.0293937 
0.855068 0.0150966 0.0125878 0.0844052 0.0103876 0.00376574 0.0186895 
0.78116 0.0172325 0.017461 0.1202 0.00506962 0.00421033 0.054667 
0.796302 0.0156023 0.0199891 0.0802605 0.00581144 0.00485861 0.0771756 
0.774731 0.0145832 0.0152699 0.13794 0.00728987 0.00429531 0.0458914 
0.752531 0.0183743 0.0135185 0.109987 0.0184305 0.00891673 0.0782419 
0.700307 0.0138481 0.0192849 0.0953688 0.0250052 0.00876258 0.137424 
0.789449 0.0167643 0.0124879 0.105862 0.0185597 0.00523915 0.0516384 
0.690893 0.015279 0.0139472 0.164859 0.0152784 0.00474026 0.0950036 
0.745896 0.0161645 0.0135534 0.106714 0.0425557 0.00776089 0.0673558 
0.76767 0.0138102 0.0132546 0.105227 0.0244019 0.00595043 0.0696861 
0.7869 0.0144734 0.0127685 0.0917077 0.0261543 0.00602684 0.0619688 
0.829897 0.0231149 0.0116041 0.0716832 0.0150623 0.0059196 0.0427189 
0.828936 0.0156952 0.0115249 0.0917488 0.0123029 0.00837421 0.0314181 
0.823749 0.0193823 0.0164563 0.0197863 0.0114489 0.00958865 0.0995884 
0.818371 0.0189199 0.0139098 0.0533096 0.0145253 0.00714059 0.0738237 
0.759933 0.0218276 0.0153254 0.119485 0.00828982 0.0062161 0.0689225 
0.609196 0.00967785 0.0154149 0.297225 0.0141798 0.00552371 0.0487826 
0.671522 0.0230586 0.0121493 0.22524 0.0126844 0.00946806 0.0458772 
0.762561 0.0180908 0.0119923 0.109534 0.0256339 0.0100375 0.0621514 
0.791553 0.019837 0.0121495 0.0939239 0.0146923 0.00639819 0.061446 
0.775281 0.0213939 0.0105603 0.118086 0.0301181 0.00745947 0.0371013 
0.727763 0.0198317 0.0114626 0.161343 0.0226959 0.00521684 0.0516866 
0.728143 0.0142653 0.0122513 0.160943 0.0258392 0.0040341 0.0545242 
0.678334 0.0127826 0.00981688 0.240354 0.019286 0.0038081 0.0356183 
0.821747 0.0149278 0.0104783 0.0851634 0.0172172 0.00361238 0.0468543 
0.763597 0.0116685 0.013965 0.10956 0.0266852 0.00529788 0.0692267 
0.830584 0.0174448 0.0106876 0.0818656 0.0175499 0.00558469 0.0362832 
0.797538 0.0139047 0.0118807 0.100755 0.0181684 0.00573242 0.0520206 
0.759766 0.019416 0.016459 0.041044 0.0251083 0.0137218 0.124485 
0.833555 0.0228802 0.012879 0.031091 0.0205019 0.0102981 0.0687944 
0.701194 0.02081 0.0176071 0.0492258 0.0249258 0.0236662 0.162571 
0.709134 0.0231508 0.0171314 0.0603946 0.0092808 0.0297553 0.151153 
0.785908 0.0239885 0.0117642 0.071184 0.0211381 0.0150311 0.0709864 
0.619322 0.0221523 0.0246226 0.0436767 0.0429524 0.0193253 0.227949 
0.748853 0.0220554 0.0151857 0.0571691 0.0161304 0.0125704 0.128036 
0.682634 0.0203987 0.0179701 0.0490835 0.027691 0.0164562 0.185767 
0.737729 0.0172344 0.0168008 0.0709113 0.0233368 0.0100265 0.123962 
0.74472 0.0126966 0.0177857 0.0612066 0.0188009 0.00734494 0.137445 
0.702193 0.0162214 0.0162808 0.120475 0.0293117 0.00767839 0.10784 
0.73134 0.0150196 0.0176863 0.088589 0.0162654 0.00964767 0.121452 
0.766313 0.0156931 0.0154089 0.0735685 0.0293396 0.00944366 0.0902332 
0.693827 0.0197979 0.0190709 0.0530945 0.02653 0.0136998 0.17398 
0.805332 0.0155248 0.0143014 0.0490202 0.0256159 0.00508424 0.0851216 
0.704482 0.0128321 0.0167168 0.111244 0.0502122 0.0077638 0.0967494 
0.693485 0.0177342 0.0162553 0.103988 0.0395175 0.00850501 0.120514 
0.776829 0.0183124 0.0118141 0.0975922 0.0220742 0.00608509 0.0672932 
0.801546 0.0190495 0.0132067 0.0569755 0.0250225 0.00848631 0.0757138 
0.80147 0.0168135 0.0157425 0.0596321 0.00953112 0.00558455 0.091226 
0.782607 0.0103911 0.0144648 0.115044 0.0183595 0.00555439 0.0535794 
0.82227 0.0178221 0.0129246 0.0770489 0.0180046 0.00574041 0.046189 
0.735921 0.0133204 0.0127018 0.158591 0.0209288 0.00489161 0.0536458 
0.82402 0.0246975 0.011727 0.0624544 0.0103686 0.00839253 0.0583403 
0.746769 0.0207673 0.0145541 0.0692504 0.0318928 0.0132481 0.103518 
0.768952 0.029977 0.0142049 0.0367628 0.0210633 0.00899085 0.120049 
0.741133 0.0160841 0.0169148 0.0612859 0.0289147 0.0100518 0.125616 
0.78059 0.0206751 0.0126429 0.106396 0.0143971 0.00975182 0.0555468 
0.830221 0.0192516 0.0127919 0.0449206 0.0245225 0.012378 0.0559145 
0.785007 0.0266881 0.0128094 0.0960143 0.00848494 0.0102779 0.0607186 
0.761366 0.0185288 0.0134502 0.10806 0.0141925 0.0071448 0.077258 
0.783613 0.0170739 0.0127665 0.13745 0.00525226 0.00565739 0.0381865 
0.859516 0.0202465 0.011297 0.0520934 0.0100728 0.00771047 0.0390636 
0.814744 0.015522 0.0176398 0.0356622 0.00535617 0.00940091 0.101675 
0.793479 0.0207103 0.010123 0.122321 0.016896 0.0045107 0.0319607 
0.690894 0.0145164 0.0184799 0.187043 0.00720749 0.0099431 0.071916 
0.713821 0.0150861 0.0138881 0.199109 0.00683402 0.00786914 0.043393 
0.694667 0.0205175 0.0156021 0.111681 0.00996154 0.0111077 0.136463 
0.753747 0.0175115 0.0151241 0.129525 0.00669186 0.00882125 0.0685799 
0.822991 0.0180737 0.0111147 0.055696 0.0167727 0.00873982 0.0666117 
0.831507 0.012541 0.0124262 0.0465298 0.0228449 0.00695841 0.0671929 
0.791512 0.0169593 0.0116952 0.0720613 0.0183723 0.0128086 0.0765914 
0.712199 0.0166056 0.0138779 0.11365 0.0144297 0.0107702 0.118468 
0.748008 0.0233108 0.0131008 0.0944715 0.00841836 0.0155564 0.0971337 
0.596829 0.03622 0.0203433 0.0207639 0.0183642 0.0522486 0.255231 
0.768285 0.0224886 0.0164417 0.0427374 0.0107586 0.0228953 0.116393 
0.793008 0.0119002 0.017874 0.0508335 0.0125395 0.0082507 0.105594 
0.856003 0.0157585 0.0150342 0.0589526 0.00466824 0.00536508 0.0442186 
0.8261 0.0361488 0.0114362 0.0721824 0.00363037 0.00885655 0.0416453 
0.879212 0.0270249 0.00955758 0.0384611 0.00741934 0.00719228 0.0311324 
0.808494 0.0209153 0.0109529 0.102706 0.00846699 0.00592529 0.0425393 
0.814013 0.0204343 0.0113672 0.0970492 0.00742541 0.00729358 0.0424173 
0.770487 0.02664 0.0110486 0.138952 0.00963284 0.00619134 0.0370485 
0.757585 0.0194717 0.0123263 0.125992 0.0134008 0.00662538 0.0645985 
0.792115 0.0182718 0.0103063 0.115564 0.0154194 0.00647821 0.041846 
0.782926 0.0149927 0.0124865 0.0918686 0.0185819 0.00469201 0.0744525 
0.826241 0.0192862 0.0132623 0.0592503 0.00896048 0.00755684 0.0654432 
0.662389 0.0157981 0.011177 0.237215 0.0165898 0.00630472 0.0505272 
0.788349 0.0221392 0.0093351 0.133207 0.0103582 0.00585939 0.0307519 
0.760826 0.0118636 0.0105017 0.155172 0.0189195 0.00501114 0.0377063 
0.713127 0.00986192 0.013386 0.163364 0.0242634 0.00605597 0.0699419 
0.715712 0.0120334 0.0122018 0.187965 0.0119583 0.00729651 0.0528328 
0.632079 0.0171619 0.0158717 0.153567 0.0164785 0.0131755 0.151666 
0.722269 0.0223834 0.0165773 0.0595397 0.00853901 0.017294 0.153397 
0.738201 0.0210015 0.0141766 0.0759979 0.0183356 0.0134959 0.118792 
0.570306 0.0178771 0.0199951 0.137533 0.0132971 0.0169693 0.224022 
0.811049 0.0165831 0.0128111 0.0488479 0.0110785 0.0114333 0.0881971 
0.758491 0.0225827 0.0121661 0.0659568 0.0115671 0.0157957 0.113441 
0.584823 0.0145622 0.0127699 0.249586 0.0187006 0.00830636 0.111252 
0.740871 0.0181311 0.0136289 0.0911987 0.0197786 0.0096453 0.106746 
0.818254 0.0212093 0.0120775 0.043144 0.0205346 0.0153179 0.0694629 
0.876872 0.0324208 0.0139814 0.029173 0.0147529 0.00324268 0.0295573 
0.861928 0.0263614 0.0145949 0.0659419 0.0068332 0.00377946 0.0205608 
