0.786318 0.0267205 0.0163725 0.0306424 0.0075582 0.00543618 0.126952 
0.814884 0.0303456 0.0136356 0.0367693 0.00655262 0.00559112 0.0922216 
0.806932 0.0300726 0.0128417 0.0658499 0.00819186 0.00544702 0.0706647 
0.738275 0.0410571 0.0121717 0.12078 0.00902168 0.0063931 0.0723011 
0.793775 0.0241066 0.0152633 0.0425359 0.00948116 0.00393736 0.1109 
0.826912 0.0309936 0.0153299 0.044329 0.00435167 0.00406727 0.0740168 
0.805539 0.0307355 0.0213883 0.0698225 0.00222068 0.00273574 0.067558 
0.856214 0.0229043 0.0155564 0.049659 0.00350191 0.00269311 0.0494714 
0.799228 0.0267032 0.0145592 0.119293 0.0038939 0.00247983 0.0338422 
0.851469 0.0214273 0.0189451 0.0544639 0.00190036 0.00441697 0.0473774 
0.8703 0.0206473 0.0166533 0.0542347 0.00257088 0.00263974 0.0329545 
0.765715 0.0347455 0.0125455 0.151899 0.00436152 0.00297711 0.0277567 
0.857623 0.0248268 0.0138685 0.0504533 0.00496021 0.00451508 0.0437534 
0.824789 0.0256721 0.0148413 0.0872853 0.00315501 0.00327714 0.0409805 
0.802737 0.0280325 0.0156575 0.119036 0.00284004 0.00314616 0.0285504 
0.812677 0.017585 0.0206167 0.0611254 0.00522674 0.00255885 0.0802105 
0.745087 0.0197544 0.0212074 0.0921934 0.00409312 0.0038504 0.113814 
0.804874 0.0235766 0.0157058 0.0620975 0.00805161 0.00332022 0.0823745 
0.84937 0.0198182 0.0172331 0.0480241 0.00368446 0.0022296 0.0596406 
0.853106 0.0241457 0.0128411 0.038736 0.00504437 0.00626758 0.0598596 
0.816985 0.0542084 0.0124254 0.0141559 0.015333 0.0127017 0.0741908 
0.839778 0.0343416 0.0151124 0.00897715 0.00636296 0.0113042 0.0841232 
0.801765 0.0272584 0.0136027 0.0322775 0.0210316 0.0105455 0.093519 
0.860982 0.0208318 0.0115989 0.0586772 0.00866538 0.00409817 0.0351462 
0.705903 0.0123199 0.0145648 0.231825 0.00513144 0.00146471 0.0287905 
0.834614 0.0186153 0.0135727 0.0954555 0.00566063 0.00187608 0.0302055 
0.856069 0.0222434 0.0130886 0.0645169 0.00873326 0.00283128 0.0325179 
0.89048 0.0337832 0.0111764 0.0241816 0.00689389 0.00575512 0.0277298 
0.886254 0.0376961 0.00912998 0.036528 0.00999085 0.00548747 0.014913 
0.87974 0.0432436 0.0116032 0.0134638 0.00536207 0.00884634 0.0377412 
0.796247 0.0983141 0.00960198 0.0109126 0.0162043 0.0193906 0.0493294 
0.828566 0.077516 0.00886468 0.0109422 0.0189284 0.00937897 0.0458037 
0.822554 0.0719466 0.00919002 0.0203294 0.0239266 0.00975248 0.0423011 
0.805176 0.0627747 0.00998317 0.0558574 0.0204687 0.0102561 0.0354842 
0.778317 0.0629327 0.0097431 0.109652 0.0170665 0.0034431 0.0188453 
0.760885 0.0556373 0.0103457 0.126153 0.018188 0.00550893 0.0232828 
0.823967 0.0417481 0.0094073 0.0774227 0.0177938 0.0055452 0.0241156 
0.844194 0.0663925 0.009223 0.0248256 0.0136539 0.011053 0.0306575 
0.815807 0.0551049 0.0127471 0.0097012 0.00595732 0.0157009 0.0849813 
0.825543 0.0921713 0.0103255 0.0138036 0.00645332 0.0129878 0.0387155 
0.866963 0.0388231 0.0111312 0.0209995 0.00877176 0.00733092 0.0459809 
0.825437 0.0503731 0.0134518 0.0456603 0.00577605 0.00798688 0.0513146 
0.8052 0.0405807 0.0125298 0.0758386 0.00979103 0.00763115 0.0484286 
0.847188 0.0472566 0.00929167 0.0365457 0.0156425 0.00618843 0.0378869 
0.862897 0.042874 0.0115029 0.0219308 0.0094733 0.00759722 0.0437244 
0.841825 0.0608199 0.0106727 0.0129004 0.0187798 0.0101935 0.0448091 
0.868406 0.064072 0.0120313 0.00732637 0.00868208 0.00480709 0.0346753 
0.846583 0.0860023 0.0114219 0.00659122 0.00963126 0.00489432 0.0348761 
0.824724 0.0830807 0.0106365 0.0116367 0.0256359 0.00610008 0.0381861 
0.874233 0.0698615 0.0119749 0.00997168 0.00500347 0.00446353 0.0244923 
0.866912 0.0710012 0.010038 0.0109723 0.00868417 0.00488765 0.0275043 
0.831545 0.097788 0.007694 0.0152824 0.0132691 0.00845255 0.0259688 
0.86976 0.0294219 0.0111673 0.0138931 0.00956861 0.00815146 0.0580371 
0.864018 0.0487091 0.0115779 0.0119747 0.0064441 0.0113111 0.0459646 
0.829484 0.067068 0.0120946 0.00903064 0.00631721 0.0146861 0.0613195 
0.831627 0.0577577 0.00990799 0.0180282 0.0105043 0.0229998 0.0491752 
0.818347 0.0771852 0.0095387 0.0115649 0.00929323 0.027901 0.0461698 
0.813253 0.0844533 0.00998601 0.0151649 0.00939847 0.0220619 0.045682 
0.83691 0.0492209 0.00876362 0.0164862 0.0222011 0.00932069 0.057097 
0.787717 0.0799384 0.00806259 0.0147998 0.0288866 0.0105588 0.0700365 
0.782235 0.120532 0.0076756 0.0237195 0.0112245 0.0102866 0.044327 
0.762789 0.136015 0.00630891 0.0424145 0.0171606 0.00647111 0.0288411 
0.665738 0.0975869 0.00679707 0.180929 0.030605 0.00427526 0.0140691 
0.508042 0.112 0.00786277 0.337942 0.0185253 0.00323696 0.0123902 
0.51511 0.0879 0.00722024 0.361609 0.0138664 0.0044716 0.00982285 
0.46713 0.13956 0.00919595 0.330105 0.0288702 0.00600059 0.0191386 
0.558743 0.134216 0.00679964 0.257747 0.023369 0.0045556 0.0145698 
0.658725 0.157174 0.0069573 0.141537 0.0151482 0.00501039 0.0154477 
0.681402 0.172563 0.00567243 0.075772 0.0413889 0.00648849 0.0167128 
0.712228 0.122664 0.00489805 0.0505767 0.0810578 0.00579812 0.0227768 
0.683465 0.150825 0.00565054 0.0964726 0.0390068 0.00268948 0.0218907 
0.674857 0.106091 0.00521654 0.139476 0.0564917 0.00320917 0.014659 
0.619712 0.0653738 0.00495713 0.252306 0.043229 0.00249132 0.0119309 
0.462938 0.0916929 0.00688689 0.40711 0.0144589 0.00185513 0.0150581 
0.468825 0.131255 0.00859759 0.347619 0.0178252 0.00476134 0.0211166 
0.432979 0.133007 0.00906954 0.39225 0.0108343 0.0038942 0.0179664 
0.526597 0.0836802 0.00725456 0.363877 0.00691402 0.00175646 0.00992008 
0.460382 0.0872565 0.00759408 0.407436 0.0139203 0.00392225 0.0194888 
0.564265 0.0887836 0.00682201 0.300703 0.0191247 0.00349353 0.0168081 
0.468397 0.123245 0.0081727 0.32938 0.0413146 0.00685174 0.0226385 
0.624017 0.188262 0.00545792 0.0861885 0.0594837 0.0107136 0.0258768 
0.485464 0.204512 0.0061568 0.248419 0.0350814 0.00522804 0.0151396 
0.377067 0.160608 0.00748297 0.397728 0.0335132 0.0080215 0.0155795 
0.390307 0.149064 0.00595636 0.395284 0.0392631 0.00540409 0.0147223 
0.32259 0.151352 0.00666048 0.463184 0.0361315 0.00633171 0.0137499 
0.324727 0.197548 0.00530303 0.394894 0.0568638 0.00731997 0.0133431 
0.31552 0.185435 0.00735179 0.426097 0.0425994 0.00751941 0.0154776 
0.46106 0.182261 0.00454347 0.240365 0.0908914 0.00655417 0.0143254 
0.464485 0.175065 0.00562419 0.29413 0.0396713 0.00445445 0.01657 
0.339851 0.136371 0.00694444 0.487273 0.0151307 0.00321912 0.01121 
0.371021 0.117889 0.00547887 0.477033 0.0154982 0.00309221 0.00998823 
0.401034 0.107092 0.00578857 0.454854 0.0182832 0.00354789 0.00940057 
0.390536 0.122404 0.00672805 0.438275 0.0225546 0.00498994 0.0145119 
0.567325 0.116397 0.00616434 0.271341 0.0211517 0.00333437 0.0142866 
0.656617 0.0618148 0.00749827 0.246949 0.00829503 0.00375406 0.0150719 
0.657249 0.0560819 0.00666129 0.245768 0.0157922 0.00535416 0.0130932 
0.494947 0.0548524 0.00692866 0.410502 0.0128753 0.00399679 0.0158976 
0.620046 0.0447829 0.0070403 0.286584 0.0172146 0.00445246 0.0198798 
0.674733 0.0608666 0.00774137 0.223189 0.00945475 0.0052549 0.0187601 
0.618338 0.0843128 0.00777688 0.258456 0.0139149 0.00322079 0.0139809 
0.475162 0.0703445 0.00567968 0.384959 0.0379908 0.00376777 0.0220964 
0.591163 0.0643572 0.00525791 0.276565 0.0474503 0.00313709 0.012069 
0.624027 0.131095 0.0061309 0.17484 0.0445266 0.00511302 0.0142668 
0.646677 0.0915139 0.00652894 0.201076 0.0339499 0.00642962 0.0138246 
0.586563 0.0979346 0.00865866 0.268247 0.0165009 0.00682195 0.0152742 
0.562152 0.0806582 0.00781415 0.320731 0.0131583 0.00452428 0.0109618 
0.546566 0.0810254 0.00783535 0.322509 0.021668 0.00618712 0.0142092 
0.6131 0.0565497 0.00621513 0.276116 0.0340047 0.00444055 0.00957385 
0.495252 0.0753388 0.00816072 0.358043 0.0380469 0.0078041 0.0173548 
0.280272 0.0744508 0.00651936 0.600039 0.0250249 0.00421936 0.00947449 
0.410571 0.0872718 0.00857692 0.462272 0.0145009 0.00547583 0.0113312 
0.469183 0.117344 0.0109997 0.373006 0.00864459 0.00740192 0.0134201 
0.466691 0.0766903 0.00703211 0.406734 0.0259017 0.00756818 0.00938347 
0.611322 0.100257 0.00613359 0.2279 0.037031 0.00516783 0.0121885 
0.633655 0.107396 0.0053937 0.203135 0.0237617 0.0125275 0.0141312 
0.5599 0.133318 0.00520513 0.241132 0.0355752 0.0105536 0.014316 
0.373602 0.090757 0.00600464 0.484813 0.0258747 0.00732068 0.011628 
0.646556 0.142991 0.00865555 0.136274 0.0128966 0.0227829 0.029843 
0.60486 0.198629 0.00738499 0.123635 0.0287416 0.013306 0.0234426 
0.435476 0.198836 0.00646179 0.248837 0.0844398 0.00710133 0.0188474 
0.66946 0.0932407 0.00862447 0.204065 0.0113174 0.00447623 0.00881626 
0.653794 0.0665915 0.00895025 0.236738 0.0115391 0.00400361 0.0183836 
0.474006 0.143197 0.00782804 0.340173 0.0112028 0.00513213 0.018461 
0.470149 0.12644 0.00541707 0.345881 0.0324235 0.00433578 0.0153541 
0.53101 0.070436 0.00538454 0.361878 0.0160756 0.00407436 0.0111421 
0.666702 0.105361 0.00609073 0.164578 0.0269437 0.00667132 0.0236537 
0.712682 0.0668111 0.00623991 0.160527 0.0239188 0.00581382 0.0240069 
0.605351 0.113435 0.00805349 0.237849 0.0125502 0.00686043 0.0159005 
0.670132 0.0786826 0.00680906 0.209622 0.0147616 0.00490505 0.0150875 
0.632571 0.0456948 0.00819663 0.259573 0.0109774 0.0100324 0.0329541 
0.740524 0.0110033 0.0204505 0.177279 0.0220359 0.00456266 0.0241455 
0.69686 0.00563823 0.0531628 0.183219 0.00996666 0.00323169 0.0479215 
0.616898 0.00598688 0.0659949 0.224883 0.0275542 0.00530051 0.0533827 
0.766478 0.00666909 0.0363694 0.159957 0.0115564 0.00475815 0.0142123 
0.698455 0.00706741 0.0371107 0.204546 0.0208539 0.004617 0.0273499 
0.771114 0.0083453 0.0354736 0.116093 0.037761 0.00488842 0.0263253 
0.836173 0.0311819 0.0102711 0.0943558 0.00513656 0.00448474 0.0183966 
0.760896 0.038174 0.011934 0.17372 0.00372097 0.00187093 0.00968423 
0.846249 0.0371597 0.0117095 0.0805743 0.00495586 0.00442993 0.0149215 
0.82774 0.040951 0.0091484 0.0866532 0.0105944 0.00561213 0.0193003 
0.858133 0.0430237 0.00833066 0.0672202 0.00824433 0.00359905 0.0114491 
0.803566 0.032388 0.0101822 0.138819 0.00364263 0.00282908 0.00857319 
0.762314 0.0353666 0.0109246 0.162131 0.00388923 0.00500404 0.0203699 
0.771515 0.061509 0.00975278 0.131901 0.00656699 0.00470308 0.0140527 
0.680462 0.0308815 0.0114972 0.251961 0.00396343 0.0018449 0.0193904 
0.695428 0.0254147 0.0102718 0.239633 0.00753996 0.00357291 0.0181401 
0.820289 0.0233277 0.0116196 0.113252 0.0054709 0.00414605 0.0218944 
0.754885 0.0265191 0.0115039 0.176883 0.00607447 0.00415366 0.0199817 
0.823269 0.0361747 0.0112068 0.0917284 0.00744993 0.00358639 0.0265845 
0.820156 0.0277432 0.0134265 0.0932743 0.00470447 0.00410695 0.0365891 
0.822448 0.0259245 0.0111507 0.10774 0.00562386 0.00593451 0.0211784 
0.75113 0.0335375 0.010709 0.185216 0.00409509 0.00408821 0.0112251 
0.782037 0.0328335 0.0132049 0.129087 0.00397511 0.00753414 0.0313279 
0.844275 0.0211336 0.0122334 0.0875293 0.00425558 0.00376596 0.0268072 
0.838197 0.0302565 0.012548 0.080812 0.0039894 0.0046531 0.0295437 
0.702244 0.039134 0.0112126 0.216205 0.00470658 0.00632938 0.0201675 
0.76421 0.031539 0.0111727 0.163526 0.00530549 0.00420859 0.0200384 
0.784048 0.0266405 0.0143845 0.134064 0.00282312 0.00441979 0.0336202 
0.822787 0.0306036 0.0147664 0.0971513 0.00277316 0.00414506 0.0277734 
0.808795 0.0174407 0.0125125 0.131583 0.00624878 0.00467547 0.0187443 
0.745756 0.0273669 0.0105755 0.171134 0.0091918 0.00765458 0.0283206 
0.81328 0.0251442 0.0115951 0.112273 0.0040484 0.00671699 0.026943 
0.856221 0.0226062 0.0122449 0.0707762 0.00538306 0.00568598 0.0270828 
0.735254 0.0445267 0.0123454 0.176215 0.00643993 0.010022 0.0151968 
0.805209 0.0360001 0.0136098 0.102123 0.0062352 0.0128965 0.0239265 
0.864051 0.0191531 0.0120544 0.0591577 0.00889201 0.011144 0.0255478 
0.884796 0.0216566 0.0128078 0.0235559 0.00699151 0.0170068 0.0331854 
0.896815 0.0256931 0.00991942 0.0288151 0.0128417 0.00643254 0.0194833 
0.87162 0.0263926 0.0103032 0.0495685 0.0127617 0.00825017 0.0211038 
0.813193 0.0240267 0.00909943 0.118575 0.0164848 0.00503863 0.0135822 
0.842602 0.0305552 0.0110907 0.0679503 0.0117222 0.00713651 0.0289434 
0.862014 0.0273047 0.0107651 0.049907 0.0157636 0.00738965 0.0268559 
0.821361 0.0563859 0.0100513 0.0760402 0.0158804 0.00474685 0.0155345 
0.855887 0.0423762 0.00957799 0.0339569 0.0159041 0.00597076 0.0363267 
0.841787 0.026998 0.0133277 0.0339855 0.00574132 0.0104797 0.0676808 
0.831354 0.0271193 0.0171296 0.0147534 0.00601993 0.0162495 0.0873744 
0.87958 0.0353745 0.0100008 0.0371376 0.0104403 0.00753146 0.019935 
0.851823 0.0350882 0.00971591 0.0697597 0.0118272 0.00555724 0.0162291 
0.879077 0.0353552 0.00771968 0.0398351 0.0193005 0.00459016 0.0141222 
0.848286 0.0422263 0.0087694 0.0571175 0.0127818 0.0066519 0.0241671 
0.86084 0.0638484 0.00864261 0.0287216 0.0121598 0.00556793 0.02022 
0.881644 0.0247053 0.00993648 0.0454195 0.013411 0.00322888 0.0216554 
0.863398 0.0405165 0.0118993 0.0581935 0.00516405 0.00318872 0.0176402 
0.840044 0.032039 0.00885103 0.0739622 0.0167621 0.00705003 0.0212922 
0.823276 0.0179075 0.0108963 0.119931 0.0111287 0.00302118 0.0138395 
0.77164 0.0177467 0.0106206 0.147633 0.0168419 0.00344084 0.0320777 
0.833729 0.0171129 0.0117867 0.0946812 0.0169545 0.00257823 0.0231572 
0.800399 0.015063 0.0122065 0.123892 0.0126982 0.00261673 0.0331248 
0.796761 0.0218861 0.0106518 0.111872 0.0242363 0.00242176 0.0321715 
0.824451 0.0283877 0.0100982 0.0943266 0.0105958 0.00434407 0.0277969 
0.811865 0.0208426 0.0095031 0.128784 0.00778657 0.0025428 0.0186757 
0.845593 0.0183386 0.0122663 0.0626636 0.00779842 0.00287468 0.0504649 
0.803379 0.0138912 0.020417 0.0810171 0.00460905 0.00426888 0.0724178 
0.633294 0.0128949 0.0145418 0.310075 0.00524172 0.00167933 0.0222731 
0.67044 0.0132827 0.0136514 0.244609 0.0104834 0.00235578 0.0451777 
0.845315 0.0171514 0.0167182 0.0787792 0.00383852 0.00314551 0.0350526 
0.777183 0.0164721 0.0168874 0.129426 0.00432161 0.00203139 0.0536781 
0.769573 0.0160817 0.0189404 0.160187 0.00257997 0.0032848 0.0293531 
0.793309 0.0220213 0.0112878 0.123423 0.00683801 0.00269826 0.0404229 
0.795311 0.0164691 0.0112591 0.152556 0.00595385 0.00224583 0.0162047 
0.820831 0.0204576 0.0131711 0.109674 0.00459259 0.00316506 0.028109 
0.69435 0.0168093 0.0127187 0.226399 0.00698818 0.0042875 0.0384474 
0.782617 0.0191242 0.0148849 0.122232 0.00747563 0.0033028 0.0503639 
0.813767 0.0162983 0.020007 0.0536332 0.00390478 0.00334101 0.0890489 
0.728983 0.0191504 0.0323997 0.123777 0.00207926 0.00203849 0.0915721 
0.699377 0.0209663 0.0121033 0.227109 0.00694416 0.00269908 0.0308013 
0.661643 0.0181225 0.020348 0.219259 0.0036043 0.00316834 0.0738545 
0.736989 0.0274103 0.0126311 0.17073 0.0050855 0.0031969 0.0439574 
0.699077 0.0195286 0.0131492 0.203868 0.00671577 0.00218378 0.0554778 
0.63821 0.0132952 0.0149786 0.247474 0.00865116 0.00203351 0.0753571 
0.638581 0.0144605 0.0158158 0.195125 0.0112411 0.00402931 0.120747 
0.710979 0.0142245 0.0119539 0.231173 0.0055611 0.00161175 0.0244964 
0.485825 0.0116901 0.0085836 0.473708 0.00798826 0.00127856 0.0109267 
0.452737 0.024866 0.00985726 0.49197 0.00418664 0.00192702 0.0144556 
0.499357 0.0345771 0.00936736 0.437927 0.00445072 0.00219252 0.0121279 
0.498643 0.0750597 0.00658252 0.380141 0.0262116 0.00375763 0.00960483 
0.192389 0.0979946 0.00553588 0.593254 0.0916621 0.00885607 0.0103091 
0.148395 0.235981 0.00720819 0.492007 0.0895143 0.0140922 0.0128014 
0.13504 0.215232 0.00798034 0.576006 0.0408233 0.0123255 0.0125932 
0.169335 0.111328 0.00603636 0.639369 0.0563452 0.00817809 0.00940836 
0.234833 0.0584586 0.00788327 0.662402 0.0133136 0.0137645 0.00934522 
0.0854433 0.0348488 0.00758392 0.833535 0.00677417 0.0222986 0.00951629 
0.070995 0.0316942 0.00921396 0.82167 0.00651634 0.0451558 0.0147543 
0.10876 0.0190066 0.00622735 0.846471 0.00454833 0.00867726 0.00630938 
0.128521 0.0234518 0.00927628 0.794011 0.0069465 0.0191223 0.0186713 
0.456897 0.0464253 0.0243354 0.298894 0.0340645 0.0587946 0.0805888 
0.108066 0.0358813 0.00758309 0.794073 0.0170258 0.026885 0.0104854 
0.175786 0.17458 0.03504 0.475642 0.0260921 0.067375 0.0454845 
0.232649 0.12356 0.0220159 0.512904 0.0275737 0.0501164 0.0311813 
0.416591 0.14584 0.0133733 0.311915 0.0617085 0.0230786 0.0274931 
0.249486 0.262582 0.0156421 0.296859 0.108643 0.0358565 0.0309308 
0.17065 0.229976 0.0155593 0.434677 0.0789491 0.0386061 0.0315827 
0.0515483 0.085144 0.00634998 0.795803 0.0404381 0.0109671 0.0097494 
0.0292068 0.0539462 0.00355551 0.884579 0.0188337 0.00509052 0.00478811 
0.0538909 0.0384832 0.00238442 0.879954 0.0187206 0.00362504 0.00294183 
0.0216138 0.0350996 0.00156644 0.903541 0.0315719 0.00399052 0.00261666 
0.0115072 0.0219457 6.61098E-4 0.94279 0.0203987 0.00159416 0.00110338 
0.0188936 0.0325566 0.00118622 0.921406 0.0211389 0.00286509 0.0019538 
0.00690662 0.0147256 5.83497E-4 0.970791 0.00517013 9.95566E-4 8.27508E-4 
0.00728104 0.0126349 6.00081E-4 0.973085 0.00452926 9.89874E-4 8.79578E-4 
0.0115589 0.0253282 0.00125037 0.94938 0.00764696 0.0028418 0.00199362 
0.00826077 0.0156745 7.34461E-4 0.968162 0.00450222 0.0016272 0.00103853 
0.0158384 0.0314662 0.00109998 0.930827 0.0173453 0.00165053 0.00177282 
0.00999878 0.0240604 0.00111722 0.95381 0.00609131 0.00312705 0.00179479 
0.0052419 0.0150675 5.31698E-4 0.972815 0.00461664 0.00105623 6.70913E-4 
0.885144 0.0370983 0.0126822 0.0224704 0.0151631 0.00572424 0.0217175 
0.901789 0.0195664 0.0167663 0.0212104 0.0156908 0.00516154 0.0198161 
0.867272 0.0427698 0.0144818 0.0247655 0.0132481 0.0107554 0.0267073 
0.837875 0.0397475 0.01218 0.0240444 0.0490973 0.00853289 0.0285229 
0.873105 0.0289052 0.017059 0.0201775 0.0177074 0.00618582 0.0368606 
0.87973 0.0387797 0.0136424 0.0199165 0.0157663 0.00670403 0.0254613 
0.878982 0.0361922 0.014431 0.0153343 0.0171574 0.00867197 0.0292314 
0.881756 0.0334304 0.0137885 0.025731 0.0125275 0.00799195 0.0247742 
0.881297 0.0353311 0.0161321 0.0157791 0.0109613 0.00841072 0.0320889 
0.852725 0.0399363 0.0137375 0.0268095 0.0272042 0.0106035 0.0289836 
0.896678 0.021182 0.014873 0.0251034 0.0081833 0.00684563 0.0271344 
0.860727 0.0268916 0.0132403 0.0349514 0.0317152 0.00576154 0.0267134 
0.851721 0.0253157 0.015999 0.0218584 0.0284455 0.00797556 0.0486844 
0.863845 0.0230049 0.0162615 0.0261761 0.0225264 0.00526848 0.042918 
0.863906 0.0286454 0.0166646 0.0304967 0.0120816 0.00661976 0.0415858 
0.844025 0.0317444 0.0165573 0.0418765 0.0182604 0.00851197 0.0390248 
0.785213 0.0298177 0.015537 0.110565 0.00791048 0.0161379 0.0348192 
0.827155 0.030298 0.0152152 0.0803986 0.00838212 0.0112539 0.0272978 
0.690672 0.0221858 0.0127484 0.231924 0.0120761 0.00830594 0.0220882 
0.746873 0.0188141 0.0174166 0.153774 0.0112593 0.0143587 0.0375049 
0.831164 0.0252356 0.0146561 0.0659962 0.01455 0.0114967 0.0369018 
0.840275 0.0314706 0.01278 0.0615141 0.0148211 0.0108881 0.0282515 
0.828194 0.0385939 0.0153694 0.0589602 0.017235 0.0135519 0.0280961 
0.756497 0.0354877 0.0140056 0.138106 0.015815 0.0174748 0.0226135 
0.802729 0.0277599 0.0146022 0.10275 0.00873254 0.0135447 0.0298821 
0.844663 0.0248628 0.014147 0.0355913 0.0121363 0.0163246 0.0522755 
0.851424 0.0240169 0.0157946 0.0243497 0.0119104 0.0145087 0.0579954 
0.814261 0.0256313 0.0127847 0.0777803 0.0155213 0.0154855 0.0385355 
0.840028 0.0208013 0.0160459 0.0298788 0.0122279 0.0203742 0.0606435 
0.853567 0.0260597 0.0154038 0.0307558 0.0130999 0.0162735 0.0448407 
0.75845 0.0228799 0.0132498 0.142095 0.00833529 0.0124133 0.0425766 
0.812412 0.0201063 0.0108427 0.103834 0.0129471 0.0105931 0.029264 
0.815785 0.0229194 0.0125252 0.106291 0.00719868 0.00749039 0.0277902 
0.85564 0.0187016 0.013323 0.0793711 0.00638569 0.00518212 0.0213966 
0.851101 0.0160839 0.0127921 0.0763106 0.00843197 0.00506858 0.0302123 
0.865819 0.0189055 0.0116232 0.053538 0.0119745 0.00696961 0.03117 
0.832037 0.0222745 0.0158484 0.0360438 0.0133443 0.0141489 0.066303 
0.797513 0.0227293 0.0119992 0.0785942 0.0231097 0.0122622 0.0537928 
0.819125 0.0250463 0.0157582 0.0481115 0.0126824 0.0171395 0.0621368 
0.741568 0.02474 0.0164255 0.111524 0.0228761 0.0188854 0.0639809 
0.773186 0.0298917 0.0171438 0.0282317 0.0240169 0.020164 0.107366 
0.73254 0.0328171 0.0250425 0.0138301 0.0166234 0.0369216 0.142226 
0.790182 0.0286719 0.017905 0.020339 0.0246048 0.0241059 0.0941912 
0.827418 0.0257939 0.0150482 0.0271452 0.00734966 0.0170171 0.0802276 
0.780912 0.0210932 0.0179146 0.0435901 0.0197951 0.018328 0.0983672 
0.83184 0.0199301 0.0169698 0.0266323 0.0077196 0.0116748 0.0852333 
0.845318 0.0178642 0.0177988 0.0370184 0.00468665 0.0101201 0.0671938 
0.803357 0.0219556 0.0150403 0.0926399 0.00941684 0.00992614 0.0476642 
0.862328 0.0279878 0.0134007 0.0341693 0.0168439 0.0106616 0.0346086 
0.869007 0.0334293 0.0120387 0.0418446 0.0143845 0.00543081 0.0238648 
0.837993 0.0406353 0.010725 0.0725602 0.0146636 0.00578044 0.0176424 
0.872218 0.0334827 0.0103913 0.0432154 0.0147126 0.00625579 0.0197246 
0.868697 0.027579 0.0123896 0.0426752 0.00919273 0.00775332 0.0317132 
0.889905 0.0232099 0.0101234 0.0336192 0.0124777 0.00537018 0.0252943 
0.841382 0.0187929 0.0123413 0.0675358 0.022403 0.00664903 0.0308955 
0.830777 0.0204529 0.0142307 0.0635952 0.0240562 0.00655834 0.0403295 
0.852168 0.0202981 0.0132328 0.0457448 0.021186 0.00663284 0.040737 
0.858777 0.0212753 0.0112099 0.0530986 0.0200975 0.00618969 0.0293515 
0.620478 0.0256704 0.035071 0.00380893 0.00532837 0.0110475 0.298596 
0.822635 0.0132099 0.0266997 0.0142467 0.00818983 0.00835311 0.106666 
0.812271 0.0213641 0.0228704 0.0115444 0.00430848 0.027374 0.100267 
0.845785 0.0319493 0.0147986 0.0241272 0.0234028 0.0176983 0.0422391 
0.82737 0.0188765 0.0117817 0.0705357 0.0359924 0.0091477 0.0262963 
0.859584 0.0253894 0.0117585 0.0383385 0.0230456 0.0107348 0.0311495 
0.852834 0.0280124 0.0151861 0.0337508 0.0210985 0.00584084 0.0432773 
0.847268 0.0192906 0.0182644 0.022099 0.0154742 0.00835168 0.069252 
0.810023 0.0199909 0.0245103 0.0147786 0.0278569 0.00812019 0.0947205 
0.836479 0.0155395 0.0238402 0.0156337 0.0192036 0.00557413 0.0837298 
0.835318 0.0220673 0.0206831 0.0411157 0.010168 0.00738897 0.0632587 
0.850725 0.0328179 0.0133605 0.0495158 0.00951815 0.00691074 0.0371515 
0.644605 0.0157867 0.0116491 0.263599 0.035943 0.00497592 0.0234418 
0.840817 0.0133639 0.0152866 0.051336 0.013057 0.00532657 0.0608126 
0.792904 0.0126937 0.0168749 0.0740748 0.0177988 0.00516866 0.0804852 
0.846483 0.020734 0.0151649 0.0216274 0.023947 0.00807594 0.0639682 
0.832721 0.0135996 0.0139595 0.0613604 0.0233859 0.00327741 0.0516962 
0.818287 0.0143507 0.0149753 0.0451778 0.019688 0.00513273 0.0823882 
0.791716 0.0146193 0.0171919 0.0433161 0.0269829 0.00571973 0.100454 
0.799446 0.0150276 0.0127692 0.0956609 0.020151 0.0043787 0.0525668 
0.862859 0.012459 0.0152696 0.0326289 0.0278726 0.00418824 0.0447225 
0.828381 0.0135459 0.0112933 0.0680919 0.039853 0.00538719 0.0334476 
0.8387 0.0150175 0.0106115 0.050651 0.0341577 0.00579708 0.0450655 
0.881944 0.0140398 0.0121465 0.029015 0.0126517 0.00597194 0.0442315 
0.800518 0.0133085 0.0138878 0.0611922 0.0205323 0.0064717 0.0840897 
0.699163 0.0158435 0.02057 0.0230035 0.0306901 0.00828537 0.202444 
0.779256 0.0140662 0.0143149 0.0735792 0.0183529 0.00783358 0.0925976 
0.825 0.0181617 0.00942617 0.0285416 0.0698938 0.00839984 0.040577 
0.856805 0.0306525 0.0115934 0.0107805 0.0262616 0.0097397 0.0541678 
0.840487 0.0218951 0.0150498 0.0231698 0.00473941 0.00777911 0.08688 
0.576968 0.0201485 0.0228165 0.013455 0.00567161 0.0183354 0.342605 
0.602963 0.0213672 0.0270461 0.0214312 0.027642 0.0124068 0.287144 
0.799603 0.0180671 0.0204837 0.0296402 0.0211734 0.00933065 0.101702 
0.789005 0.0188447 0.0166967 0.0546136 0.0193941 0.00943926 0.0920064 
0.753059 0.0154104 0.0160199 0.113627 0.015224 0.00629014 0.0803696 
0.850886 0.0138731 0.0130979 0.0452246 0.0145543 0.00376073 0.0586034 
0.809637 0.0288405 0.0138971 0.0191631 0.0171956 0.0140263 0.09724 
0.758711 0.0257935 0.0208684 0.012587 0.0170713 0.0104463 0.154523 
0.881858 0.0132367 0.0167233 0.0188165 0.00650873 0.00504679 0.0578099 
0.731695 0.0167907 0.0225392 0.0196723 0.00648085 0.0107645 0.192057 
0.88818 0.0200258 0.0154234 0.0141463 0.00645686 0.0125629 0.0432047 
0.74467 0.0267713 0.0223048 0.0161147 0.0144448 0.0244639 0.151231 
0.860554 0.0171396 0.0142072 0.0395771 0.00604745 0.0044651 0.0580097 
0.840962 0.0109594 0.020097 0.070069 0.0318281 0.00193918 0.0241457 
0.778974 0.0128707 0.0262447 0.0417966 0.0899773 0.00200953 0.0481271 
0.810225 0.0127676 0.0290813 0.0354326 0.0739824 0.00316859 0.0353429 
0.872223 0.0144955 0.029286 0.0197975 0.0213361 0.00190426 0.0409573 
0.830811 0.0122451 0.030896 0.0280641 0.0585987 0.00343608 0.0359494 
0.851693 0.0128146 0.0261113 0.0309858 0.0450804 0.00182681 0.0314885 
0.841148 0.0108067 0.0298607 0.0300585 0.0379247 0.0022434 0.0479577 
0.841962 0.011251 0.0342911 0.0267284 0.0236644 0.00216278 0.0599398 
0.858319 0.00953517 0.0298572 0.0391147 0.022366 0.00230217 0.0385055 
0.842999 0.0126933 0.0279213 0.0414323 0.0310294 0.00200292 0.0419221 
0.85769 0.00987375 0.0357901 0.0426938 0.00807567 0.00177483 0.0441023 
0.866896 0.0124953 0.0297385 0.023669 0.0203442 0.001837 0.0450195 
0.855043 0.0124106 0.0365884 0.0229826 0.018492 0.00196422 0.052519 
0.877026 0.0168649 0.025595 0.0289911 0.020113 0.00264735 0.0287626 
0.858878 0.0135455 0.0278735 0.0372963 0.0157928 0.00272499 0.0438891 
0.836356 0.0109636 0.0208666 0.0637228 0.0441624 0.00186161 0.0220665 
0.797776 0.0139168 0.0253058 0.0368179 0.0725799 0.00217718 0.051426 
0.826544 0.0125405 0.0256881 0.0391243 0.0445254 0.00181044 0.0497671 
0.860744 0.00951956 0.0330898 0.0198731 0.0112226 0.00407909 0.0614719 
0.804437 0.0247468 0.0182826 0.0217713 0.0984482 0.0050847 0.0272299 
0.802169 0.0232171 0.0257997 0.012441 0.0891613 0.00619306 0.0410185 
0.826315 0.0237536 0.0327686 0.00984766 0.0303551 0.00953964 0.0674201 
0.638353 0.0377397 0.0659411 0.00475948 0.0397227 0.0294923 0.183992 
0.704847 0.0454911 0.0428839 0.00718477 0.0488884 0.0415062 0.109199 
0.62335 0.0337126 0.0582178 0.00481901 0.0223527 0.0537768 0.203771 
0.742207 0.0278048 0.048622 0.00635838 0.0691105 0.0188443 0.0870535 
0.728073 0.0224792 0.0566754 0.00680097 0.070628 0.0143709 0.100973 
0.812261 0.00980622 0.0548555 0.00706346 0.0118079 0.00722032 0.0969852 
0.832444 0.0089028 0.0390125 0.022762 0.0139416 0.0113668 0.0715699 
0.687261 0.0124839 0.0625822 0.0214867 0.0728299 0.0097423 0.133614 
0.697365 0.00959115 0.0241966 0.0699984 0.161383 0.00506711 0.0323987 
0.763235 0.0103475 0.0436892 0.0125634 0.0549381 0.00544833 0.109778 
0.705449 0.00902961 0.0449207 0.0127771 0.0133894 0.0165039 0.19793 
0.746348 0.00868234 0.049373 0.0184523 0.0067968 0.0111388 0.159209 
0.755066 0.0093546 0.0345364 0.10096 0.029061 0.00756693 0.0634542 
0.694054 0.00909704 0.0658458 0.0297013 0.0305405 0.0146786 0.156083 
0.786734 0.0095068 0.0471977 0.0383736 0.0291979 0.010098 0.0788923 
0.752044 0.0162781 0.0572643 0.0149727 0.0768582 0.0123185 0.0702641 
0.662335 0.0314937 0.0685122 0.00554519 0.0884483 0.0123897 0.131276 
0.681338 0.0307085 0.0688118 0.00327851 0.0237592 0.00794586 0.184158 
0.748405 0.0254656 0.0669541 0.00341742 0.0118011 0.00827674 0.13568 
0.664978 0.0376017 0.0746201 0.00395308 0.0457755 0.00691784 0.166153 
0.259415 0.0447065 0.120083 0.00405623 0.0233081 0.0135841 0.534846 
0.387451 0.0445292 0.148646 0.00589747 0.0365321 0.0150577 0.361887 
0.387268 0.0169474 0.142312 0.00229454 0.00664784 0.0235454 0.420985 
0.39047 0.0182834 0.149485 0.00407631 0.0175052 0.0525349 0.367645 
0.345704 0.0238309 0.19881 0.00714618 0.047494 0.0802014 0.296814 
0.371993 0.0244854 0.198483 0.005567 0.042403 0.0596059 0.297462 
0.473231 0.022812 0.185501 0.00678951 0.0710454 0.046294 0.194326 
0.391491 0.0166397 0.162145 0.00509474 0.0316802 0.0216749 0.371274 
0.711093 0.10393 0.00863993 0.125118 0.0357834 0.00382067 0.0116155 
0.637222 0.0920506 0.010279 0.20744 0.0315859 0.00659824 0.014824 
0.712616 0.092851 0.0114274 0.16184 0.00640389 0.00411033 0.0107517 
0.503486 0.113336 0.0085058 0.341884 0.0194813 0.00311712 0.0101899 
0.56044 0.121382 0.00900705 0.275242 0.0195276 0.00424883 0.0101531 
0.626485 0.0902024 0.00848166 0.247865 0.0165656 0.00240217 0.00799872 
0.715209 0.0642115 0.00749754 0.173318 0.0275786 0.00273248 0.00945228 
0.73 0.108173 0.00747719 0.0828313 0.0490313 0.00725322 0.015234 
0.750442 0.125513 0.00767629 0.0508478 0.0407124 0.00641588 0.0183927 
0.806212 0.0589176 0.0098248 0.0564216 0.0351363 0.00623276 0.0272547 
0.767974 0.0946786 0.0114317 0.102471 0.00829128 0.00374029 0.0114132 
0.86845 0.0472689 0.0127962 0.0339917 0.0133767 0.0049107 0.0192063 
0.85715 0.064142 0.0164797 0.0148307 0.00664181 0.0168469 0.0239091 
0.734107 0.0428237 0.0243607 0.0211535 0.00881442 0.147308 0.0214328 
0.787423 0.0553326 0.0333401 0.00952822 0.015273 0.0775203 0.0215826 
0.80862 0.0345214 0.0303328 0.00805543 0.00918945 0.0801534 0.0291273 
0.830374 0.0209795 0.0323197 0.0144863 0.00649383 0.0634872 0.0318599 
0.852082 0.0136252 0.0317879 0.00848552 0.0160421 0.0230018 0.0549757 
0.866861 0.0163054 0.034964 0.0206559 0.00416439 0.0272886 0.029761 
0.820212 0.0203665 0.0292648 0.0812779 0.00315713 0.0311614 0.01456 
0.863498 0.030082 0.0248706 0.0267806 0.00692074 0.0304018 0.0174461 
0.840544 0.0468426 0.0254217 0.0275636 0.0113872 0.0283557 0.0198854 
0.845066 0.031347 0.0251816 0.0462673 0.0111458 0.0244227 0.0165696 
0.858283 0.0320839 0.0277156 0.0163774 0.00987885 0.0288976 0.0267637 
0.882339 0.0245432 0.0252228 0.0164696 0.0118161 0.0185787 0.0210302 
0.818008 0.0366906 0.0220519 0.0413761 0.0262157 0.0293385 0.0263197 
0.78913 0.0376441 0.0149307 0.121906 0.0120294 0.0131376 0.0112219 
0.751233 0.0233449 0.0159359 0.175528 0.00992752 0.0101682 0.0138627 
0.727813 0.022241 0.0161638 0.207651 0.00728952 0.00839895 0.0104428 
0.780097 0.0307787 0.0139264 0.134826 0.0144079 0.00905278 0.0169114 
0.873264 0.0225444 0.0181292 0.0458995 0.00521681 0.0112367 0.0237089 
0.824054 0.0409853 0.0114504 0.0986848 0.0113035 0.00612337 0.00739847 
0.838417 0.0466576 0.016566 0.0708466 0.00396611 0.00851901 0.0150278 
0.649074 0.0679238 0.0110967 0.242266 0.0121931 0.00841938 0.00902739 
0.746239 0.0516956 0.00938739 0.151469 0.0220651 0.0104832 0.00866005 
0.723518 0.0562384 0.0110064 0.175378 0.00979915 0.0132816 0.0107783 
0.802764 0.0409668 0.0120239 0.11032 0.00865249 0.011488 0.0137847 
0.819011 0.041055 0.0109878 0.0882971 0.01531 0.0116168 0.0137219 
0.792204 0.0501673 0.0103619 0.0756673 0.0404417 0.00989577 0.0212625 
0.838639 0.0343743 0.0134665 0.0496516 0.0190712 0.00830979 0.0364877 
0.802741 0.0312874 0.00972184 0.0857339 0.0390125 0.00853358 0.0229702 
0.833125 0.031506 0.0103264 0.0853317 0.0169745 0.00717684 0.0155598 
0.766961 0.0698294 0.00943351 0.106525 0.0249658 0.00779078 0.0144943 
0.89732 0.0166179 0.014491 0.0366977 0.0038899 0.00452612 0.0264571 
0.808532 0.0133579 0.0155542 0.138435 0.00522799 0.00198916 0.0169039 
0.865646 0.0178234 0.0138076 0.0542339 0.00897312 0.00274639 0.0367698 
0.88206 0.0167166 0.0122789 0.0486521 0.0054028 0.00371689 0.031173 
0.80442 0.0211813 0.023991 0.0781088 0.0015867 0.00311039 0.0676015 
0.772563 0.0121081 0.0149825 0.168332 0.00353464 0.00253586 0.025944 
0.731031 0.0175174 0.0118628 0.208805 0.0063686 0.00510225 0.019313 
0.873544 0.012218 0.014752 0.063297 0.00933714 0.00202998 0.0248219 
0.860287 0.015171 0.0151513 0.0590809 0.00873254 0.00331807 0.038259 
0.778024 0.013001 0.014062 0.165446 0.00875392 0.00242062 0.0182922 
0.856044 0.00923194 0.0197139 0.08051 0.00636419 0.00216341 0.0259724 
0.849849 0.0112181 0.0181845 0.0799577 0.00656255 0.00294428 0.0312844 
0.824265 0.0122047 0.0160758 0.0970902 0.00628388 0.00440338 0.0396774 
0.834914 0.0145826 0.020131 0.0753874 0.00268296 0.00433046 0.0479714 
0.899854 0.0159678 0.0143588 0.0302928 0.00359663 0.00458391 0.0313457 
0.859921 0.0131573 0.0161707 0.0657953 0.00446833 0.00350341 0.0369838 
0.815543 0.0169091 0.0152279 0.105354 0.00474683 0.00595842 0.0362613 
0.858667 0.013331 0.0186367 0.0668927 0.0037085 0.00305765 0.035706 
0.710248 0.0195705 0.0129327 0.225471 0.0058437 0.00245999 0.0234742 
0.819582 0.0137638 0.0144401 0.114538 0.01018 0.00286611 0.0246304 
0.819282 0.00952526 0.0168843 0.119277 0.00550882 0.00321789 0.0263046 
0.748956 0.0119869 0.0147334 0.187447 0.00506057 0.00390328 0.0279131 
0.710385 0.0112302 0.0125392 0.239227 0.00832801 0.00277384 0.0155166 
0.801356 0.0201372 0.0131528 0.129636 0.0032457 0.00510052 0.0273717 
0.847063 0.0389535 0.0103756 0.0560081 0.00648586 0.00401238 0.0371012 
0.764529 0.0324533 0.0146199 0.146318 0.0023769 0.00361691 0.0360854 
0.559127 0.043538 0.00998767 0.368719 0.00367337 0.00402716 0.0109282 
0.591499 0.0382524 0.00891078 0.343315 0.00372185 0.00301759 0.0112833 
0.711093 0.10393 0.00863993 0.125118 0.0357834 0.00382067 0.0116155 
0.637222 0.0920506 0.010279 0.20744 0.0315859 0.00659824 0.014824 
0.712616 0.092851 0.0114274 0.16184 0.00640389 0.00411033 0.0107517 
0.503486 0.113336 0.0085058 0.341884 0.0194813 0.00311712 0.0101899 
0.56044 0.121382 0.00900705 0.275242 0.0195276 0.00424883 0.0101531 
0.626485 0.0902024 0.00848166 0.247865 0.0165656 0.00240217 0.00799872 
0.715209 0.0642115 0.00749754 0.173318 0.0275786 0.00273248 0.00945228 
0.73 0.108173 0.00747719 0.0828313 0.0490313 0.00725322 0.015234 
0.750442 0.125513 0.00767629 0.0508478 0.0407124 0.00641588 0.0183927 
0.806212 0.0589176 0.0098248 0.0564216 0.0351363 0.00623276 0.0272547 
0.767974 0.0946786 0.0114317 0.102471 0.00829128 0.00374029 0.0114132 
0.86845 0.0472689 0.0127962 0.0339917 0.0133767 0.0049107 0.0192063 
0.85715 0.064142 0.0164797 0.0148307 0.00664181 0.0168469 0.0239091 
0.734107 0.0428237 0.0243607 0.0211535 0.00881442 0.147308 0.0214328 
0.787423 0.0553326 0.0333401 0.00952822 0.015273 0.0775203 0.0215826 
0.80862 0.0345214 0.0303328 0.00805543 0.00918945 0.0801534 0.0291273 
0.830374 0.0209795 0.0323197 0.0144863 0.00649383 0.0634872 0.0318599 
0.852082 0.0136252 0.0317879 0.00848552 0.0160421 0.0230018 0.0549757 
0.866861 0.0163054 0.034964 0.0206559 0.00416439 0.0272886 0.029761 
0.820212 0.0203665 0.0292648 0.0812779 0.00315713 0.0311614 0.01456 
0.863498 0.030082 0.0248706 0.0267806 0.00692074 0.0304018 0.0174461 
0.840544 0.0468426 0.0254217 0.0275636 0.0113872 0.0283557 0.0198854 
0.845066 0.031347 0.0251816 0.0462673 0.0111458 0.0244227 0.0165696 
0.858283 0.0320839 0.0277156 0.0163774 0.00987885 0.0288976 0.0267637 
0.882339 0.0245432 0.0252228 0.0164696 0.0118161 0.0185787 0.0210302 
0.818008 0.0366906 0.0220519 0.0413761 0.0262157 0.0293385 0.0263197 
0.78913 0.0376441 0.0149307 0.121906 0.0120294 0.0131376 0.0112219 
0.751233 0.0233449 0.0159359 0.175528 0.00992752 0.0101682 0.0138627 
0.727813 0.022241 0.0161638 0.207651 0.00728952 0.00839895 0.0104428 
0.780097 0.0307787 0.0139264 0.134826 0.0144079 0.00905278 0.0169114 
0.873264 0.0225444 0.0181292 0.0458995 0.00521681 0.0112367 0.0237089 
0.824054 0.0409853 0.0114504 0.0986848 0.0113035 0.00612337 0.00739847 
0.838417 0.0466576 0.016566 0.0708466 0.00396611 0.00851901 0.0150278 
0.649074 0.0679238 0.0110967 0.242266 0.0121931 0.00841938 0.00902739 
0.746239 0.0516956 0.00938739 0.151469 0.0220651 0.0104832 0.00866005 
0.723518 0.0562384 0.0110064 0.175378 0.00979915 0.0132816 0.0107783 
0.802764 0.0409668 0.0120239 0.11032 0.00865249 0.011488 0.0137847 
0.819011 0.041055 0.0109878 0.0882971 0.01531 0.0116168 0.0137219 
0.792204 0.0501673 0.0103619 0.0756673 0.0404417 0.00989577 0.0212625 
0.838639 0.0343743 0.0134665 0.0496516 0.0190712 0.00830979 0.0364877 
0.802741 0.0312874 0.00972184 0.0857339 0.0390125 0.00853358 0.0229702 
0.833125 0.031506 0.0103264 0.0853317 0.0169745 0.00717684 0.0155598 
0.766961 0.0698294 0.00943351 0.106525 0.0249658 0.00779078 0.0144943 
0.835531 0.00962015 0.0153157 0.110731 0.00826921 0.00144729 0.0190865 
0.797866 0.0112138 0.0145505 0.140589 0.0107654 0.00159753 0.0234179 
0.667083 0.0143562 0.0147266 0.273954 0.00819446 0.00152888 0.0201568 
0.529094 0.0127691 0.0144604 0.425706 0.00366209 0.00124612 0.0130626 
0.472206 0.01743 0.0153199 0.471545 0.00274931 0.0016809 0.0190684 
0.535254 0.0146962 0.0141054 0.419805 0.00398298 0.00129141 0.0108651 
0.633431 0.0100929 0.0145941 0.320648 0.00611149 0.00140001 0.0137222 
0.697521 0.015058 0.0128737 0.233022 0.01082 0.00180216 0.028903 
0.69613 0.0119609 0.0146331 0.254096 0.00640577 0.00225719 0.0145166 
0.646869 0.0115922 0.0124389 0.300988 0.0107964 0.00203873 0.015276 
0.659113 0.0117331 0.01115 0.286127 0.0109485 0.00208652 0.0188427 
0.725355 0.0128423 0.0123421 0.222682 0.00778791 0.00282633 0.0161643 
0.760047 0.0147348 0.013016 0.169122 0.00706618 0.00459508 0.0314187 
0.710954 0.0150754 0.0153442 0.204973 0.00502835 0.00424858 0.0443764 
0.673983 0.0118809 0.0138624 0.268267 0.00859328 0.00231581 0.0210982 
0.762454 0.0149153 0.0122961 0.163833 0.0121287 0.00239824 0.0319747 
0.636825 0.0119085 0.0101376 0.314154 0.00964718 0.00207968 0.0152479 
0.794523 0.0272414 0.0103739 0.132505 0.00851209 0.00317345 0.0236705 
0.779815 0.0164555 0.0113373 0.14159 0.018448 0.00314148 0.0292133 
0.843621 0.0198335 0.0121569 0.0780123 0.00526122 0.00460066 0.0365139 
0.813208 0.0183531 0.0120366 0.10077 0.00997177 0.00510591 0.0405551 
0.776014 0.0153219 0.012023 0.170314 0.00671081 0.00242911 0.0171878 
0.777922 0.0187056 0.011055 0.160081 0.0083753 0.00372221 0.0201389 
0.772771 0.0156903 0.0125506 0.176316 0.00582951 0.00221008 0.0146326 
0.583926 0.0103488 0.0127341 0.359811 0.00688539 0.00224838 0.0240461 
0.713419 0.0096202 0.0166058 0.176273 0.0141577 0.00314656 0.0667778 
0.837611 0.0102644 0.0146703 0.0821964 0.0133686 0.00268411 0.0392048 
0.678917 0.0106938 0.0140427 0.248784 0.0108212 0.00282453 0.0339171 
0.747271 0.00932814 0.0174551 0.155394 0.0121886 0.0025396 0.0558232 
0.711093 0.10393 0.00863993 0.125118 0.0357834 0.00382067 0.0116155 
0.637222 0.0920506 0.010279 0.20744 0.0315859 0.00659824 0.014824 
0.712616 0.092851 0.0114274 0.16184 0.00640389 0.00411033 0.0107517 
0.503486 0.113336 0.0085058 0.341884 0.0194813 0.00311712 0.0101899 
0.56044 0.121382 0.00900705 0.275242 0.0195276 0.00424883 0.0101531 
0.626485 0.0902024 0.00848166 0.247865 0.0165656 0.00240217 0.00799872 
0.715209 0.0642115 0.00749754 0.173318 0.0275786 0.00273248 0.00945228 
0.73 0.108173 0.00747719 0.0828313 0.0490313 0.00725322 0.015234 
0.750442 0.125513 0.00767629 0.0508478 0.0407124 0.00641588 0.0183927 
0.806212 0.0589176 0.0098248 0.0564216 0.0351363 0.00623276 0.0272547 
0.767974 0.0946786 0.0114317 0.102471 0.00829128 0.00374029 0.0114132 
0.86845 0.0472689 0.0127962 0.0339917 0.0133767 0.0049107 0.0192063 
0.85715 0.064142 0.0164797 0.0148307 0.00664181 0.0168469 0.0239091 
0.734107 0.0428237 0.0243607 0.0211535 0.00881442 0.147308 0.0214328 
0.787423 0.0553326 0.0333401 0.00952822 0.015273 0.0775203 0.0215826 
0.80862 0.0345214 0.0303328 0.00805543 0.00918945 0.0801534 0.0291273 
0.830374 0.0209795 0.0323197 0.0144863 0.00649383 0.0634872 0.0318599 
0.852082 0.0136252 0.0317879 0.00848552 0.0160421 0.0230018 0.0549757 
0.866861 0.0163054 0.034964 0.0206559 0.00416439 0.0272886 0.029761 
0.820212 0.0203665 0.0292648 0.0812779 0.00315713 0.0311614 0.01456 
0.863498 0.030082 0.0248706 0.0267806 0.00692074 0.0304018 0.0174461 
0.840544 0.0468426 0.0254217 0.0275636 0.0113872 0.0283557 0.0198854 
0.845066 0.031347 0.0251816 0.0462673 0.0111458 0.0244227 0.0165696 
0.858283 0.0320839 0.0277156 0.0163774 0.00987885 0.0288976 0.0267637 
0.882339 0.0245432 0.0252228 0.0164696 0.0118161 0.0185787 0.0210302 
0.818008 0.0366906 0.0220519 0.0413761 0.0262157 0.0293385 0.0263197 
0.78913 0.0376441 0.0149307 0.121906 0.0120294 0.0131376 0.0112219 
0.751233 0.0233449 0.0159359 0.175528 0.00992752 0.0101682 0.0138627 
0.727813 0.022241 0.0161638 0.207651 0.00728952 0.00839895 0.0104428 
0.780097 0.0307787 0.0139264 0.134826 0.0144079 0.00905278 0.0169114 
0.873264 0.0225444 0.0181292 0.0458995 0.00521681 0.0112367 0.0237089 
