0.860411 0.0288579 0.00969576 0.0536725 0.0112469 0.00513576 0.03098 
0.86095 0.0370659 0.010376 0.043464 0.0125505 0.00517873 0.030415 
0.863434 0.0267546 0.0134501 0.0287969 0.00639444 0.00617833 0.0549912 
0.841996 0.0364017 0.0115971 0.0473973 0.0151846 0.00688151 0.0405419 
0.818457 0.0299068 0.01174 0.0910785 0.00833558 0.00486693 0.0356149 
0.854292 0.0268603 0.0123124 0.0523548 0.00788403 0.00516347 0.0411332 
0.861178 0.0271791 0.0125188 0.0484338 0.0038867 0.00666681 0.0401369 
0.852503 0.021199 0.0125711 0.056977 0.00457634 0.00918555 0.0429878 
0.809402 0.0198276 0.0122381 0.124283 0.00515248 0.00327734 0.0258196 
0.797349 0.0226246 0.0123384 0.105582 0.00630932 0.00538818 0.0504085 
0.814577 0.0158093 0.0140558 0.0920924 0.00828487 0.00539297 0.0497874 
0.799671 0.0217642 0.0147302 0.088007 0.00726278 0.00528638 0.0632786 
0.829865 0.0142444 0.0134359 0.0841928 0.00905261 0.00402274 0.045187 
0.762012 0.0237605 0.0150945 0.0629199 0.0282343 0.00789032 0.100089 
0.829316 0.0235594 0.0116494 0.0708977 0.0111298 0.00483946 0.0486078 
0.823791 0.0254434 0.0157496 0.0309746 0.0110445 0.00753864 0.0854579 
0.739438 0.0222866 0.0195577 0.0141744 0.00672747 0.0147458 0.18307 
0.712214 0.0362027 0.0177259 0.0106025 0.0131064 0.0308372 0.179311 
0.782575 0.0318991 0.0156696 0.0187246 0.0183714 0.00855741 0.124203 
0.833274 0.025052 0.0137138 0.0412628 0.0078886 0.00722836 0.0715804 
0.8533 0.0287779 0.014487 0.0256309 0.00559006 0.00776412 0.0644498 
0.829406 0.0317937 0.00892731 0.0879519 0.0173318 0.00557895 0.0190103 
0.795343 0.0330251 0.0111083 0.112793 0.00663895 0.00541466 0.0356777 
0.853187 0.0348387 0.012743 0.0611865 0.00287235 0.00547176 0.0297003 
0.844648 0.0278069 0.00920778 0.0790935 0.00861852 0.00544081 0.0251849 
0.698181 0.0312186 0.010086 0.225326 0.00476595 0.00261986 0.027802 
0.849524 0.0391857 0.00852214 0.0643281 0.0130804 0.00433011 0.0210294 
0.843465 0.0380892 0.0114733 0.0335702 0.0136505 0.00709544 0.0526559 
0.837143 0.0675787 0.0109793 0.0145075 0.0152879 0.00709384 0.0474096 
0.809546 0.0845015 0.010826 0.00734821 0.00522044 0.0131028 0.0694553 
0.795292 0.0685266 0.0138649 0.026795 0.00507066 0.00823687 0.0822139 
0.738264 0.0634281 0.0112178 0.14732 0.00569256 0.00317614 0.0309015 
0.816378 0.0843631 0.0091599 0.0450006 0.0132805 0.00514371 0.0266743 
0.575254 0.0400223 0.00837687 0.353048 0.00788134 0.00182393 0.0135935 
0.742839 0.0611225 0.00943112 0.149782 0.0100011 0.00444775 0.0223768 
0.789359 0.0513496 0.00770263 0.110748 0.0179823 0.00467136 0.0181864 
0.658029 0.0487108 0.00806223 0.245702 0.022362 0.00326665 0.0138669 
0.631408 0.0661842 0.0119991 0.249163 0.00566157 0.00763684 0.0279465 
0.769753 0.0433422 0.00959415 0.133225 0.0110027 0.00648348 0.0265991 
0.677004 0.0396382 0.0107471 0.239618 0.00502784 0.00585988 0.0221057 
0.768172 0.0774446 0.00960239 0.111591 0.0101987 0.0067125 0.0162786 
0.721815 0.0454651 0.0115804 0.175451 0.00653948 0.00740845 0.0317408 
0.813979 0.0436672 0.00945097 0.0688659 0.0099506 0.010096 0.0439901 
0.751944 0.0368446 0.00984675 0.123434 0.0135753 0.0106403 0.0537155 
0.827423 0.0676342 0.0122058 0.0118778 0.00912373 0.0198996 0.0518363 
0.793082 0.0613767 0.0128432 0.0102147 0.00704347 0.0161153 0.0993246 
0.771935 0.0512856 0.0115742 0.0967682 0.00693979 0.0120175 0.0494801 
0.821363 0.0291045 0.0141035 0.0802171 0.00312236 0.00841682 0.043673 
0.811348 0.0285454 0.0114797 0.0677229 0.00828696 0.00800426 0.0646124 
0.642213 0.0342784 0.0092747 0.268963 0.00891524 0.00553365 0.0308227 
0.813533 0.0546099 0.0159126 0.0741518 0.00190724 0.00844175 0.0314438 
0.815719 0.0635675 0.0125547 0.0714968 0.00340699 0.00829479 0.0249605 
0.834639 0.0259598 0.018307 0.0452477 0.0072512 0.00259215 0.0660031 
0.860759 0.0191473 0.0191421 0.0351557 0.00760144 0.0031368 0.055058 
0.850723 0.0201427 0.0158169 0.0494056 0.00765404 0.00333722 0.0529201 
0.855022 0.0246639 0.0154188 0.0506638 0.00773464 0.00380868 0.0426886 
0.852268 0.0186228 0.0171689 0.065208 0.00664653 0.00298307 0.037103 
0.853788 0.0236501 0.0166653 0.0318093 0.0127591 0.0029523 0.0583758 
0.879203 0.021427 0.0163101 0.0394304 0.00669911 0.00217786 0.034753 
0.852505 0.0367027 0.0129664 0.0493849 0.0124661 0.00369205 0.0322826 
0.860385 0.0248075 0.0161791 0.0293124 0.0133551 0.00327623 0.052685 
0.877195 0.0270755 0.0143322 0.0316581 0.0130316 0.00236891 0.0343387 
0.87612 0.022163 0.0143339 0.0401557 0.00871342 0.0032993 0.0352144 
0.852181 0.0297085 0.0128335 0.0564418 0.0132033 0.00242239 0.0332093 
0.855708 0.0222094 0.0111738 0.0620663 0.0204372 0.00299767 0.0254079 
0.844797 0.0208158 0.0107655 0.0589538 0.0348446 0.00311476 0.0267088 
0.888842 0.0171154 0.0114975 0.0372349 0.0187377 0.00259697 0.0239756 
0.874955 0.0171176 0.011086 0.0629018 0.0179719 0.00224256 0.0137247 
0.878071 0.0453092 0.0108397 0.0177732 0.0143392 0.00866378 0.0250041 
0.86699 0.0345608 0.0121901 0.0283862 0.0208065 0.00545976 0.0316069 
0.879111 0.0384244 0.013146 0.0350955 0.00870528 0.00389097 0.0216274 
0.871406 0.0448952 0.0119562 0.0268563 0.0140526 0.00586923 0.024964 
0.884876 0.0326927 0.0099019 0.0389542 0.0157064 0.00341492 0.0144535 
0.872729 0.0369997 0.0120036 0.029665 0.0207005 0.00364125 0.0242614 
0.871712 0.0320621 0.0122636 0.0396762 0.0130452 0.00321951 0.0280216 
0.853867 0.0504112 0.013787 0.0228698 0.0128049 0.0062331 0.0400268 
0.895822 0.0293211 0.0139035 0.0330015 0.00781262 0.00220015 0.0179387 
0.870014 0.0247923 0.0133356 0.0423919 0.0145954 0.00282524 0.0320452 
0.893869 0.021893 0.0122296 0.0433722 0.0106722 0.00219558 0.0157689 
0.882255 0.0248555 0.0139682 0.0370875 0.0150041 0.00217189 0.0246581 
0.785007 0.0266881 0.0128094 0.0960143 0.00848494 0.0102779 0.0607186 
0.761366 0.0185288 0.0134502 0.10806 0.0141925 0.0071448 0.077258 
0.783613 0.0170739 0.0127665 0.13745 0.00525226 0.00565739 0.0381865 
0.859516 0.0202465 0.011297 0.0520934 0.0100728 0.00771047 0.0390636 
0.814744 0.015522 0.0176398 0.0356622 0.00535617 0.00940091 0.101675 
0.793479 0.0207103 0.010123 0.122321 0.016896 0.0045107 0.0319607 
0.690894 0.0145164 0.0184799 0.187043 0.00720749 0.0099431 0.071916 
0.713821 0.0150861 0.0138881 0.199109 0.00683402 0.00786914 0.043393 
0.694667 0.0205175 0.0156021 0.111681 0.00996154 0.0111077 0.136463 
0.753747 0.0175115 0.0151241 0.129525 0.00669186 0.00882125 0.0685799 
0.822991 0.0180737 0.0111147 0.055696 0.0167727 0.00873982 0.0666117 
0.831507 0.012541 0.0124262 0.0465298 0.0228449 0.00695841 0.0671929 
0.791512 0.0169593 0.0116952 0.0720613 0.0183723 0.0128086 0.0765914 
0.712199 0.0166056 0.0138779 0.11365 0.0144297 0.0107702 0.118468 
0.748008 0.0233108 0.0131008 0.0944715 0.00841836 0.0155564 0.0971337 
0.596829 0.03622 0.0203433 0.0207639 0.0183642 0.0522486 0.255231 
0.768285 0.0224886 0.0164417 0.0427374 0.0107586 0.0228953 0.116393 
0.793008 0.0119002 0.017874 0.0508335 0.0125395 0.0082507 0.105594 
0.856003 0.0157585 0.0150342 0.0589526 0.00466824 0.00536508 0.0442186 
0.8261 0.0361488 0.0114362 0.0721824 0.00363037 0.00885655 0.0416453 
0.879212 0.0270249 0.00955758 0.0384611 0.00741934 0.00719228 0.0311324 
0.808494 0.0209153 0.0109529 0.102706 0.00846699 0.00592529 0.0425393 
0.814013 0.0204343 0.0113672 0.0970492 0.00742541 0.00729358 0.0424173 
0.770487 0.02664 0.0110486 0.138952 0.00963284 0.00619134 0.0370485 
0.757585 0.0194717 0.0123263 0.125992 0.0134008 0.00662538 0.0645985 
0.792115 0.0182718 0.0103063 0.115564 0.0154194 0.00647821 0.041846 
0.782926 0.0149927 0.0124865 0.0918686 0.0185819 0.00469201 0.0744525 
0.826241 0.0192862 0.0132623 0.0592503 0.00896048 0.00755684 0.0654432 
0.662389 0.0157981 0.011177 0.237215 0.0165898 0.00630472 0.0505272 
0.788349 0.0221392 0.0093351 0.133207 0.0103582 0.00585939 0.0307519 
0.760826 0.0118636 0.0105017 0.155172 0.0189195 0.00501114 0.0377063 
0.713127 0.00986192 0.013386 0.163364 0.0242634 0.00605597 0.0699419 
0.715712 0.0120334 0.0122018 0.187965 0.0119583 0.00729651 0.0528328 
0.632079 0.0171619 0.0158717 0.153567 0.0164785 0.0131755 0.151666 
0.722269 0.0223834 0.0165773 0.0595397 0.00853901 0.017294 0.153397 
0.738201 0.0210015 0.0141766 0.0759979 0.0183356 0.0134959 0.118792 
0.570306 0.0178771 0.0199951 0.137533 0.0132971 0.0169693 0.224022 
0.811049 0.0165831 0.0128111 0.0488479 0.0110785 0.0114333 0.0881971 
0.758491 0.0225827 0.0121661 0.0659568 0.0115671 0.0157957 0.113441 
0.584823 0.0145622 0.0127699 0.249586 0.0187006 0.00830636 0.111252 
0.740871 0.0181311 0.0136289 0.0911987 0.0197786 0.0096453 0.106746 
0.818254 0.0212093 0.0120775 0.043144 0.0205346 0.0153179 0.0694629 
0.782797 0.0214604 0.012667 0.13746 0.0153608 0.00359035 0.0266641 
0.785889 0.0235093 0.0123798 0.129622 0.0144448 0.00333635 0.0308183 
0.615676 0.0114368 0.012245 0.288966 0.0162644 0.0028737 0.052538 
0.639908 0.0200809 0.00992784 0.304001 0.00771425 0.00386904 0.0144982 
0.742093 0.013023 0.0153545 0.17534 0.0126969 0.00279051 0.0387026 
0.79236 0.0181963 0.017752 0.130134 0.0057513 0.0033832 0.0324233 
0.665378 0.019206 0.0289037 0.195964 0.00243804 0.00589682 0.082213 
0.72699 0.0214517 0.0217111 0.0999846 0.00600753 0.00653803 0.117317 
0.663537 0.0160833 0.0317613 0.161713 0.00249989 0.0035764 0.120829 
0.71034 0.0137719 0.0258818 0.141141 0.00342931 0.00345075 0.101985 
0.769772 0.0134089 0.0200433 0.126394 0.00527827 0.0020681 0.0630351 
0.774234 0.0119342 0.0247796 0.106926 0.00319932 0.00241818 0.0765088 
0.777706 0.011368 0.024567 0.107852 0.00486479 0.00254561 0.0710969 
0.42727 0.00875892 0.0154093 0.519593 0.00325849 0.00124009 0.02447 
0.611759 0.0115499 0.026801 0.194535 0.00655779 0.00207108 0.146726 
0.645556 0.0101704 0.0464903 0.0128599 0.00888094 0.00184352 0.274199 
0.611296 0.0100754 0.04955 0.072349 0.00425733 0.00507951 0.247392 
0.663576 0.0120432 0.0225498 0.130728 0.0106379 0.00654418 0.153921 
0.460489 0.011075 0.0225482 0.382165 0.00570198 0.00909892 0.108921 
0.664746 0.0198439 0.0238933 0.0560175 0.0101467 0.0171533 0.208199 
0.649076 0.0159709 0.0291366 0.0538254 0.0166468 0.0115533 0.223791 
0.282876 0.0108887 0.0506752 0.00884484 0.0088807 0.0148724 0.622963 
0.326037 0.0179817 0.0341963 0.00518534 0.00781536 0.0245468 0.584237 
0.479808 0.0270965 0.0293524 0.00883249 0.0110514 0.00457509 0.439284 
0.701659 0.0229222 0.0220775 0.0122036 0.00738942 0.00721785 0.226531 
0.792123 0.0204877 0.0199848 0.0315645 0.00673527 0.00701899 0.122086 
0.847528 0.0470464 0.0105517 0.0373802 0.0188582 0.00512303 0.0335126 
0.844785 0.0592318 0.0132402 0.0423417 0.00571385 0.00519347 0.0294938 
0.344451 0.132421 0.0108685 0.48441 0.00755207 0.00247552 0.0178213 
0.398949 0.324837 0.0107556 0.230134 0.00797749 0.00606516 0.021282 
0.167388 0.326191 0.0118772 0.459797 0.0114902 0.00589743 0.0173593 
0.135914 0.186894 0.00688633 0.610238 0.0439653 0.00506776 0.0110349 
0.245421 0.342726 0.00831315 0.250777 0.126406 0.0113725 0.0149842 
0.218995 0.371213 0.00718549 0.252554 0.1289 0.0100164 0.0111361 
0.287352 0.264424 0.00456477 0.399091 0.0292396 0.00913218 0.00619641 
0.227193 0.18319 0.00392659 0.534529 0.0400038 0.00504411 0.00611353 
0.330271 0.0917106 0.00347089 0.546198 0.0216085 0.00243037 0.00431117 
0.312166 0.0342203 0.00500335 0.628358 0.0149479 0.00124239 0.00406172 
0.25255 0.00933508 0.00549724 0.716101 0.00840621 8.63928E-4 0.00724637 
0.377013 0.00896092 0.00618585 0.572712 0.0248066 0.00139187 0.0089292 
0.740149 0.0116639 0.0185778 0.162163 0.0244471 0.00523572 0.0377636 
0.665342 0.0200508 0.0285965 0.236532 0.0233298 0.0072306 0.018918 
0.702466 0.00840238 0.0209491 0.18182 0.0660192 0.00309321 0.0172501 
0.718545 0.0103695 0.0207602 0.189653 0.0470267 0.00207959 0.011566 
0.798429 0.00715352 0.033166 0.107706 0.0318367 0.00323559 0.0184733 
0.725602 0.011873 0.021961 0.159429 0.0659584 0.0030481 0.0121289 
0.834533 0.0146507 0.0219959 0.0590368 0.0544874 0.00383089 0.0114653 
0.824655 0.00953013 0.0346948 0.0682733 0.0379457 0.00593029 0.0189707 
0.848722 0.0120133 0.0287984 0.059613 0.0197604 0.00917388 0.0219191 
0.852755 0.0162327 0.0245472 0.0479331 0.0383163 0.00547305 0.0147424 
0.824814 0.0104396 0.0409132 0.0714034 0.028742 0.00461638 0.0190716 
0.821143 0.0127893 0.0316051 0.0610415 0.0487578 0.00733541 0.017328 
0.872544 0.0141679 0.0354267 0.0245662 0.0245117 0.00617565 0.0226084 
0.815387 0.0251678 0.0375688 0.0187362 0.0701909 0.00875969 0.0241891 
0.83098 0.0239928 0.0381157 0.0187049 0.0513956 0.00847596 0.0283344 
0.788626 0.0260704 0.0345302 0.0260587 0.0910754 0.00832952 0.0253099 
0.807008 0.0185184 0.0474686 0.0145762 0.0527696 0.0126068 0.0470524 
0.785007 0.0266881 0.0128094 0.0960143 0.00848494 0.0102779 0.0607186 
0.761366 0.0185288 0.0134502 0.10806 0.0141925 0.0071448 0.077258 
0.783613 0.0170739 0.0127665 0.13745 0.00525226 0.00565739 0.0381865 
0.859516 0.0202465 0.011297 0.0520934 0.0100728 0.00771047 0.0390636 
0.814744 0.015522 0.0176398 0.0356622 0.00535617 0.00940091 0.101675 
0.793479 0.0207103 0.010123 0.122321 0.016896 0.0045107 0.0319607 
0.690894 0.0145164 0.0184799 0.187043 0.00720749 0.0099431 0.071916 
0.713821 0.0150861 0.0138881 0.199109 0.00683402 0.00786914 0.043393 
0.694667 0.0205175 0.0156021 0.111681 0.00996154 0.0111077 0.136463 
0.753747 0.0175115 0.0151241 0.129525 0.00669186 0.00882125 0.0685799 
0.822991 0.0180737 0.0111147 0.055696 0.0167727 0.00873982 0.0666117 
0.831507 0.012541 0.0124262 0.0465298 0.0228449 0.00695841 0.0671929 
0.791512 0.0169593 0.0116952 0.0720613 0.0183723 0.0128086 0.0765914 
0.712199 0.0166056 0.0138779 0.11365 0.0144297 0.0107702 0.118468 
0.748008 0.0233108 0.0131008 0.0944715 0.00841836 0.0155564 0.0971337 
0.596829 0.03622 0.0203433 0.0207639 0.0183642 0.0522486 0.255231 
0.768285 0.0224886 0.0164417 0.0427374 0.0107586 0.0228953 0.116393 
0.793008 0.0119002 0.017874 0.0508335 0.0125395 0.0082507 0.105594 
0.856003 0.0157585 0.0150342 0.0589526 0.00466824 0.00536508 0.0442186 
0.8261 0.0361488 0.0114362 0.0721824 0.00363037 0.00885655 0.0416453 
0.879212 0.0270249 0.00955758 0.0384611 0.00741934 0.00719228 0.0311324 
0.808494 0.0209153 0.0109529 0.102706 0.00846699 0.00592529 0.0425393 
0.814013 0.0204343 0.0113672 0.0970492 0.00742541 0.00729358 0.0424173 
0.770487 0.02664 0.0110486 0.138952 0.00963284 0.00619134 0.0370485 
0.757585 0.0194717 0.0123263 0.125992 0.0134008 0.00662538 0.0645985 
0.792115 0.0182718 0.0103063 0.115564 0.0154194 0.00647821 0.041846 
0.782926 0.0149927 0.0124865 0.0918686 0.0185819 0.00469201 0.0744525 
0.826241 0.0192862 0.0132623 0.0592503 0.00896048 0.00755684 0.0654432 
0.662389 0.0157981 0.011177 0.237215 0.0165898 0.00630472 0.0505272 
0.788349 0.0221392 0.0093351 0.133207 0.0103582 0.00585939 0.0307519 
0.760826 0.0118636 0.0105017 0.155172 0.0189195 0.00501114 0.0377063 
0.713127 0.00986192 0.013386 0.163364 0.0242634 0.00605597 0.0699419 
0.715712 0.0120334 0.0122018 0.187965 0.0119583 0.00729651 0.0528328 
0.632079 0.0171619 0.0158717 0.153567 0.0164785 0.0131755 0.151666 
0.722269 0.0223834 0.0165773 0.0595397 0.00853901 0.017294 0.153397 
0.738201 0.0210015 0.0141766 0.0759979 0.0183356 0.0134959 0.118792 
0.570306 0.0178771 0.0199951 0.137533 0.0132971 0.0169693 0.224022 
0.811049 0.0165831 0.0128111 0.0488479 0.0110785 0.0114333 0.0881971 
0.758491 0.0225827 0.0121661 0.0659568 0.0115671 0.0157957 0.113441 
0.584823 0.0145622 0.0127699 0.249586 0.0187006 0.00830636 0.111252 
0.740871 0.0181311 0.0136289 0.0911987 0.0197786 0.0096453 0.106746 
0.818254 0.0212093 0.0120775 0.043144 0.0205346 0.0153179 0.0694629 
0.554999 0.0264136 0.00977817 0.378573 0.00919992 0.00203034 0.0190065 
0.246834 0.0239791 0.00638751 0.705334 0.00293476 0.0020448 0.0124862 
0.297602 0.0161486 0.00549951 0.657545 0.0136139 0.00122422 0.00836692 
0.145767 0.00793394 0.00301331 0.827188 0.00486254 6.77155E-4 0.0105584 
0.0479855 0.00612408 0.00345247 0.916133 0.00163238 0.00290531 0.0217671 
0.397829 0.0147246 0.0184667 0.430948 0.0033357 0.0100926 0.124604 
0.801417 0.0125898 0.0175037 0.046948 0.0113963 0.00412824 0.106017 
0.769931 0.0209105 0.0231294 0.0357212 0.00610709 0.00192664 0.142274 
0.797968 0.0210875 0.0179177 0.0328001 0.0039275 0.00301655 0.123282 
0.65524 0.0121616 0.0154153 0.284347 0.00227474 0.00186041 0.028701 
0.549955 0.0115736 0.0130022 0.402233 0.00272238 0.00100713 0.0195066 
0.614018 0.0219361 0.0106826 0.322218 0.0035415 0.00305286 0.0245511 
0.82877 0.0164562 0.0117062 0.117906 0.00635193 0.00149677 0.0173131 
0.838493 0.0237761 0.015942 0.0981148 0.00215751 0.00158271 0.019934 
0.751606 0.0281351 0.0159472 0.168185 0.00263606 0.0023732 0.0311179 
0.629458 0.0175231 0.0178737 0.294736 0.00287383 9.65538E-4 0.0365698 
0.825549 0.0243462 0.0137518 0.0859818 0.00558761 0.00169085 0.0430927 
0.872239 0.0169994 0.0136519 0.0668537 0.00537199 0.00152473 0.0233592 
0.689434 0.0128941 0.0118186 0.270615 0.00391153 0.00229655 0.00903045 
0.65432 0.0153112 0.00982759 0.305643 0.00553274 0.00176136 0.00760335 
0.746476 0.0186465 0.0164039 0.196536 0.00254763 0.00226132 0.0171293 
0.804138 0.0217796 0.0149806 0.118862 0.00325432 0.00194119 0.0350445 
0.668291 0.0274954 0.0114774 0.279455 0.00324566 0.00198207 0.00805335 
0.587994 0.0190981 0.0236103 0.339682 0.0013975 0.0044706 0.0237472 
0.486504 0.011938 0.0131107 0.458488 0.00367653 0.00204155 0.0242411 
0.503069 0.0145762 0.0123006 0.440088 0.00325517 0.00207659 0.0246348 
0.601657 0.0166292 0.0128823 0.333474 0.00403772 0.0039899 0.0273299 
0.476628 0.0156588 0.00867249 0.466607 0.00499114 0.0043525 0.0230903 
0.652011 0.0226454 0.0130198 0.22035 0.00593837 0.00758935 0.0784469 
0.75227 0.0257499 0.0154957 0.030482 0.00869139 0.025896 0.141415 
0.617316 0.0242948 0.0209362 0.0613627 0.0090038 0.024945 0.242141 
0.729684 0.0234733 0.018713 0.0537732 0.00516339 0.0143797 0.154813 
0.684696 0.0212508 0.0201474 0.15308 0.00321356 0.0088234 0.108789 
0.860708 0.033724 0.0104421 0.0224866 0.0110156 0.00545346 0.0561698 
0.892395 0.0237429 0.0102574 0.0273342 0.00669306 0.00443411 0.0351429 
0.874245 0.0219758 0.0097362 0.0415348 0.0125126 0.00281758 0.0371776 
0.872733 0.0157002 0.0107622 0.0607396 0.00620213 0.00228756 0.0315754 
0.871695 0.0226057 0.00965473 0.0555369 0.00629291 0.0017114 0.0325036 
0.841014 0.0250939 0.0100074 0.0943458 0.00454316 0.00195677 0.0230388 
0.836427 0.0317359 0.0116815 0.0935079 0.0031068 0.00150904 0.0220316 
0.858131 0.0275206 0.0113125 0.0805839 0.00287092 0.00223005 0.0173513 
0.820051 0.0434365 0.0103599 0.078476 0.00577763 0.00521938 0.0366796 
0.840088 0.0304562 0.0103346 0.0794741 0.0136148 0.00245181 0.0235801 
0.826619 0.0321294 0.0125022 0.104786 0.0051429 0.00138251 0.0174383 
0.71241 0.0263774 0.0137565 0.224452 0.00609879 8.58838E-4 0.0160465 
0.829735 0.0242388 0.0128427 0.107604 0.00565844 0.00125043 0.0186716 
0.773666 0.0185731 0.0114112 0.163382 0.0117673 0.00113349 0.0200672 
0.700153 0.0197086 0.010599 0.237337 0.00673867 0.00168786 0.0237766 
0.724463 0.0196891 0.00975392 0.225142 0.00786438 0.00133575 0.0117526 
0.813423 0.0263804 0.00946646 0.115362 0.0101274 0.00261334 0.0226273 
0.73331 0.0198892 0.013758 0.204303 0.00307142 0.00277983 0.0228882 
0.551622 0.0175863 0.0150476 0.391646 0.00270748 0.00172876 0.0196616 
0.541931 0.0195005 0.010901 0.407018 0.00398826 0.00204131 0.0146194 
0.712528 0.0190449 0.0121798 0.237844 0.00508122 0.00184911 0.011473 
0.703305 0.0281539 0.013013 0.238819 0.00245925 0.00133579 0.0129142 
0.658316 0.040174 0.00881676 0.272397 0.0104684 0.00157284 0.0082557 
0.795138 0.0240249 0.00804278 0.148231 0.0137064 0.0023899 0.00846719 
0.676874 0.0428313 0.00799741 0.246767 0.0110624 0.00454327 0.0099249 
0.749826 0.0310616 0.00823243 0.175873 0.0140677 0.00468033 0.0162586 
0.79119 0.0226233 0.0082009 0.144339 0.0117529 0.00360061 0.0182933 
0.794938 0.0246278 0.00986581 0.119327 0.0192519 0.00386551 0.0281234 
0.81558 0.0208618 0.00988927 0.119044 0.00834846 0.00321672 0.0230598 
0.820465 0.0175198 0.0106801 0.102034 0.0126505 0.00449046 0.0321606 
0.874523 0.0293046 0.0103898 0.0389867 0.0104672 0.00417781 0.0321508 
0.857765 0.020557 0.0113469 0.0680055 0.00589658 0.00496958 0.0314599 
0.802456 0.0267654 0.0118826 0.0915722 0.0195261 0.00564612 0.0421518 
0.845262 0.0263635 0.00987347 0.0783765 0.0110541 0.00395954 0.0251109 
0.763022 0.0318935 0.00853652 0.153822 0.0229817 0.00439128 0.0153526 
0.859564 0.0277713 0.00807884 0.0727912 0.0181648 0.00249438 0.0111351 
0.811186 0.0299098 0.00928791 0.111403 0.0157817 0.0050751 0.0173566 
0.795744 0.0239147 0.00952785 0.144652 0.00777747 0.00285082 0.0155327 
0.765631 0.0178128 0.00872767 0.159082 0.0229598 0.00450653 0.0212795 
0.81905 0.024962 0.00800061 0.114448 0.0121349 0.00264106 0.0187632 
0.770178 0.0238559 0.00902339 0.163313 0.0109854 0.00272075 0.0199242 
0.793281 0.033833 0.0086856 0.120273 0.0196478 0.00439783 0.0198815 
0.852602 0.0342611 0.0079678 0.0593562 0.0236177 0.00375331 0.018442 
0.736119 0.0248216 0.00830108 0.197271 0.0153794 0.00363477 0.0144728 
0.782675 0.0367021 0.0086376 0.129274 0.0211913 0.0043993 0.0171206 
0.734034 0.0306496 0.00928177 0.202495 0.00808594 0.00319312 0.0122604 
0.852611 0.0330864 0.0108064 0.0679294 0.00656365 0.00701442 0.0219891 
0.893589 0.0296198 0.0111975 0.0119598 0.00497976 0.014106 0.0345476 
0.843205 0.0272716 0.010568 0.0966541 0.00459488 0.00530387 0.0124026 
0.84622 0.0222675 0.0106391 0.0964075 0.00449858 0.00528382 0.0146836 
0.717746 0.0270686 0.0108676 0.222821 0.00713931 0.00320526 0.0111527 
0.787166 0.0370933 0.00971813 0.140563 0.00756214 0.00357971 0.0143182 
0.850665 0.0129342 0.0175323 0.0653272 0.0147132 0.012828 0.0260005 
0.748214 0.0221182 0.0150439 0.155082 0.0181398 0.0190221 0.0223802 
0.759708 0.0285082 0.018544 0.129481 0.00989816 0.0244916 0.0293694 
0.715473 0.0211047 0.0221834 0.106932 0.0297815 0.0516966 0.052829 
0.778302 0.0218451 0.0235564 0.0681856 0.0175584 0.0376432 0.052909 
0.701695 0.0219128 0.0161052 0.188386 0.0206569 0.0255383 0.0257066 
0.795038 0.0235468 0.0157776 0.102612 0.0183426 0.0194566 0.0252263 
0.813372 0.0156204 0.0223844 0.0718118 0.0172263 0.0150451 0.0445397 
0.796811 0.0147095 0.0182018 0.101835 0.0248829 0.0123924 0.0311673 
0.791108 0.0211586 0.0203655 0.0785201 0.0140487 0.0203188 0.0544806 
0.749404 0.0202607 0.0272816 0.0786246 0.039064 0.0213499 0.0640157 
0.752916 0.0161257 0.0271884 0.0959114 0.018142 0.0170725 0.0726442 
0.842679 0.0180418 0.0161738 0.0599693 0.0132494 0.0170331 0.0328533 
0.829603 0.0214623 0.0152757 0.0779417 0.0205788 0.00998503 0.0251535 
0.853383 0.0163292 0.0225315 0.0400821 0.00868952 0.0155763 0.0434079 
0.816093 0.0239276 0.0204053 0.0360689 0.0307197 0.0242085 0.0485767 
0.852197 0.0233408 0.0175926 0.0260887 0.00981591 0.0273278 0.0436369 
0.799954 0.0305019 0.0167027 0.05342 0.0244336 0.0260368 0.0489509 
0.838068 0.0162676 0.0158772 0.0473009 0.0183251 0.0222717 0.0418895 
0.70282 0.0167602 0.0234829 0.119903 0.0142475 0.0486524 0.0741344 
0.745379 0.0133081 0.0241081 0.105939 0.0130577 0.031097 0.0671114 
0.743144 0.0112119 0.0247896 0.114442 0.0132666 0.0273622 0.0657837 
0.778586 0.0140471 0.0207264 0.0703531 0.0141326 0.0207127 0.0814421 
0.765141 0.0190087 0.0133245 0.126949 0.0159703 0.023345 0.0362616 
0.789811 0.0209192 0.0129446 0.126093 0.0124816 0.0145334 0.0232169 
0.824752 0.0176982 0.0163302 0.0638336 0.00850702 0.0168969 0.0519818 
0.747785 0.0133704 0.0196929 0.142779 0.0104396 0.0162899 0.0496428 
0.664387 0.0130317 0.0225723 0.205463 0.0130358 0.01945 0.0620608 
0.778559 0.0121169 0.02679 0.0654654 0.0151605 0.0108452 0.0910631 
0.783539 0.011599 0.0191798 0.109891 0.0125997 0.0129016 0.0502893 
0.794208 0.0134819 0.0178661 0.0863295 0.0134039 0.0185341 0.0561764 
0.804142 0.015791 0.0175263 0.089346 0.0135065 0.0136477 0.0460404 
0.689484 0.0201464 0.0293058 0.0513087 0.0269546 0.0233789 0.159422 
0.755543 0.0219192 0.0227181 0.028062 0.0152696 0.0448015 0.111687 
0.690742 0.0334275 0.0275502 0.015669 0.0190363 0.0989275 0.114647 
0.655309 0.0318533 0.0322637 0.0117825 0.0221045 0.117103 0.129585 
0.604373 0.0355739 0.0332195 0.0121477 0.0227848 0.137987 0.153915 
0.334548 0.0366991 0.0512607 0.00839705 0.0284076 0.208885 0.331803 
0.62096 0.0387797 0.0306628 0.00784752 0.0210206 0.171511 0.109219 
0.323254 0.0414462 0.039158 0.00385691 0.0152113 0.196227 0.380847 
0.420061 0.0363142 0.0463883 0.00269441 0.0113785 0.0109829 0.472181 
0.860009 0.019794 0.0552613 0.0180182 4.77386E-4 0.00323843 0.0432018 
0.566564 0.0941853 0.0175908 0.29072 0.00302939 0.00723612 0.0206741 
0.12009 0.0661133 0.0104269 0.789262 0.00133444 0.00295826 0.00981461 
0.436218 0.21335 0.0152618 0.292855 0.0104134 0.0112466 0.0206555 
0.0965724 0.314228 0.00711632 0.474062 0.0874218 0.00972103 0.0108782 
0.164892 0.573801 0.00565673 0.14621 0.0846341 0.0148326 0.0099735 
0.115644 0.705933 0.00357524 0.0923627 0.0447631 0.0287564 0.00896598 
0.0737211 0.51505 0.0101046 0.13137 0.231157 0.0228983 0.0156989 
0.0824591 0.315192 0.0198157 0.225881 0.287566 0.0391182 0.0299681 
0.0596952 0.774979 0.00229963 0.0683514 0.0628939 0.0258419 0.00593877 
0.0805609 0.385231 0.0125 0.3125 0.166042 0.0239896 0.0191756 
0.0765255 0.679194 0.00348003 0.157521 0.0628092 0.0138344 0.00663571 
0.0528299 0.597311 0.0089975 0.137888 0.168581 0.020065 0.0143282 
0.0456488 0.819791 0.00168567 0.0630623 0.0574533 0.00792826 0.00443065 
0.0591637 0.821506 0.00165404 0.0822211 0.0226078 0.00834394 0.00450343 
0.0329933 0.806051 8.63385E-4 0.117733 0.0321533 0.00774806 0.00245739 
0.0596196 0.760739 0.00164008 0.143431 0.023179 0.00596636 0.0054248 
0.0306791 0.795858 7.52191E-4 0.13791 0.029618 0.00276805 0.0024145 
0.0591127 0.793817 0.00173459 0.117233 0.0160869 0.0070956 0.0049197 
0.0595306 0.860026 0.00137524 0.0538626 0.0130202 0.00676735 0.00541773 
0.125188 0.638658 0.00744865 0.153255 0.0504482 0.0127948 0.0122076 
0.158294 0.53207 0.00739773 0.231949 0.0471825 0.0093621 0.013744 
0.310928 0.460416 0.00514385 0.13546 0.061863 0.00335671 0.0228329 
0.621656 0.158522 0.00695545 0.195544 0.00996765 0.00127989 0.00607471 
0.718017 0.17852 0.0114484 0.0549937 0.00723241 0.00216985 0.0276185 
0.77488 0.154733 0.00909924 0.0295419 0.00578861 0.00331389 0.0226442 
0.727942 0.108592 0.00698433 0.126598 0.0177439 0.00454088 0.00759844 
0.674306 0.0849954 0.00525178 0.137362 0.0846418 0.00431678 0.00912618 
0.768191 0.140643 0.00745052 0.02168 0.042134 0.00466186 0.0152396 
0.813753 0.0994291 0.0127374 0.0108394 0.0196487 0.00722298 0.0363697 
0.910241 0.0314272 0.0151044 0.0240386 0.00454687 0.00482428 0.00981732 
0.816724 0.0385635 0.0125699 0.115637 0.00626954 0.00283614 0.00739975 
0.869687 0.0404262 0.0194113 0.0452916 0.00438149 0.00292476 0.0178773 
0.825527 0.0359891 0.0147199 0.108 0.00548419 0.00304032 0.00723937 
0.817037 0.047568 0.0130467 0.105293 0.00773763 0.00238282 0.00693458 
0.875703 0.0348083 0.0141805 0.0485589 0.00672925 0.00662165 0.0133986 
0.740587 0.040913 0.0095135 0.153884 0.0335673 0.00867682 0.0128588 
0.620536 0.0712065 0.00747288 0.192606 0.0895622 0.00747255 0.0111448 
0.834274 0.0311694 0.0312607 0.0250668 0.0295613 0.0104174 0.0382501 
0.852669 0.016207 0.0353895 0.0525231 0.0123968 0.0179804 0.0128338 
0.73096 0.0137263 0.0201469 0.162789 0.056112 0.00702749 0.00923837 
0.776337 0.00833843 0.0220054 0.129366 0.0506096 0.00490047 0.00844357 
0.766904 0.0377042 0.0123312 0.0574338 0.0775516 0.0238036 0.0242714 
0.737056 0.135113 0.0114438 0.0140583 0.0513985 0.0168379 0.0340918 
0.823465 0.0599906 0.0140003 0.0432039 0.0134002 0.0190188 0.0269209 
0.850665 0.0129342 0.0175323 0.0653272 0.0147132 0.012828 0.0260005 
0.748214 0.0221182 0.0150439 0.155082 0.0181398 0.0190221 0.0223802 
0.759708 0.0285082 0.018544 0.129481 0.00989816 0.0244916 0.0293694 
0.715473 0.0211047 0.0221834 0.106932 0.0297815 0.0516966 0.052829 
0.778302 0.0218451 0.0235564 0.0681856 0.0175584 0.0376432 0.052909 
0.701695 0.0219128 0.0161052 0.188386 0.0206569 0.0255383 0.0257066 
0.795038 0.0235468 0.0157776 0.102612 0.0183426 0.0194566 0.0252263 
0.813372 0.0156204 0.0223844 0.0718118 0.0172263 0.0150451 0.0445397 
0.796811 0.0147095 0.0182018 0.101835 0.0248829 0.0123924 0.0311673 
0.791108 0.0211586 0.0203655 0.0785201 0.0140487 0.0203188 0.0544806 
0.749404 0.0202607 0.0272816 0.0786246 0.039064 0.0213499 0.0640157 
0.752916 0.0161257 0.0271884 0.0959114 0.018142 0.0170725 0.0726442 
0.842679 0.0180418 0.0161738 0.0599693 0.0132494 0.0170331 0.0328533 
0.829603 0.0214623 0.0152757 0.0779417 0.0205788 0.00998503 0.0251535 
0.853383 0.0163292 0.0225315 0.0400821 0.00868952 0.0155763 0.0434079 
0.816093 0.0239276 0.0204053 0.0360689 0.0307197 0.0242085 0.0485767 
0.852197 0.0233408 0.0175926 0.0260887 0.00981591 0.0273278 0.0436369 
0.799954 0.0305019 0.0167027 0.05342 0.0244336 0.0260368 0.0489509 
0.838068 0.0162676 0.0158772 0.0473009 0.0183251 0.0222717 0.0418895 
0.70282 0.0167602 0.0234829 0.119903 0.0142475 0.0486524 0.0741344 
0.745379 0.0133081 0.0241081 0.105939 0.0130577 0.031097 0.0671114 
0.743144 0.0112119 0.0247896 0.114442 0.0132666 0.0273622 0.0657837 
0.778586 0.0140471 0.0207264 0.0703531 0.0141326 0.0207127 0.0814421 
0.765141 0.0190087 0.0133245 0.126949 0.0159703 0.023345 0.0362616 
0.789811 0.0209192 0.0129446 0.126093 0.0124816 0.0145334 0.0232169 
0.824752 0.0176982 0.0163302 0.0638336 0.00850702 0.0168969 0.0519818 
0.747785 0.0133704 0.0196929 0.142779 0.0104396 0.0162899 0.0496428 
0.664387 0.0130317 0.0225723 0.205463 0.0130358 0.01945 0.0620608 
0.778559 0.0121169 0.02679 0.0654654 0.0151605 0.0108452 0.0910631 
0.783539 0.011599 0.0191798 0.109891 0.0125997 0.0129016 0.0502893 
0.794208 0.0134819 0.0178661 0.0863295 0.0134039 0.0185341 0.0561764 
0.804142 0.015791 0.0175263 0.089346 0.0135065 0.0136477 0.0460404 
0.689484 0.0201464 0.0293058 0.0513087 0.0269546 0.0233789 0.159422 
0.755543 0.0219192 0.0227181 0.028062 0.0152696 0.0448015 0.111687 
0.690742 0.0334275 0.0275502 0.015669 0.0190363 0.0989275 0.114647 
0.655309 0.0318533 0.0322637 0.0117825 0.0221045 0.117103 0.129585 
0.604373 0.0355739 0.0332195 0.0121477 0.0227848 0.137987 0.153915 
0.334548 0.0366991 0.0512607 0.00839705 0.0284076 0.208885 0.331803 
0.62096 0.0387797 0.0306628 0.00784752 0.0210206 0.171511 0.109219 
0.323254 0.0414462 0.039158 0.00385691 0.0152113 0.196227 0.380847 
0.420061 0.0363142 0.0463883 0.00269441 0.0113785 0.0109829 0.472181 
0.860009 0.019794 0.0552613 0.0180182 4.77386E-4 0.00323843 0.0432018 
0.566564 0.0941853 0.0175908 0.29072 0.00302939 0.00723612 0.0206741 
0.12009 0.0661133 0.0104269 0.789262 0.00133444 0.00295826 0.00981461 
0.436218 0.21335 0.0152618 0.292855 0.0104134 0.0112466 0.0206555 
0.0965724 0.314228 0.00711632 0.474062 0.0874218 0.00972103 0.0108782 
0.164892 0.573801 0.00565673 0.14621 0.0846341 0.0148326 0.0099735 
0.115644 0.705933 0.00357524 0.0923627 0.0447631 0.0287564 0.00896598 
0.0737211 0.51505 0.0101046 0.13137 0.231157 0.0228983 0.0156989 
0.0824591 0.315192 0.0198157 0.225881 0.287566 0.0391182 0.0299681 
0.0596952 0.774979 0.00229963 0.0683514 0.0628939 0.0258419 0.00593877 
0.0805609 0.385231 0.0125 0.3125 0.166042 0.0239896 0.0191756 
0.0765255 0.679194 0.00348003 0.157521 0.0628092 0.0138344 0.00663571 
0.0528299 0.597311 0.0089975 0.137888 0.168581 0.020065 0.0143282 
0.0456488 0.819791 0.00168567 0.0630623 0.0574533 0.00792826 0.00443065 
0.0591637 0.821506 0.00165404 0.0822211 0.0226078 0.00834394 0.00450343 
0.0329933 0.806051 8.63385E-4 0.117733 0.0321533 0.00774806 0.00245739 
0.0596196 0.760739 0.00164008 0.143431 0.023179 0.00596636 0.0054248 
0.0306791 0.795858 7.52191E-4 0.13791 0.029618 0.00276805 0.0024145 
0.0591127 0.793817 0.00173459 0.117233 0.0160869 0.0070956 0.0049197 
0.0595306 0.860026 0.00137524 0.0538626 0.0130202 0.00676735 0.00541773 
0.125188 0.638658 0.00744865 0.153255 0.0504482 0.0127948 0.0122076 
0.158294 0.53207 0.00739773 0.231949 0.0471825 0.0093621 0.013744 
0.310928 0.460416 0.00514385 0.13546 0.061863 0.00335671 0.0228329 
0.621656 0.158522 0.00695545 0.195544 0.00996765 0.00127989 0.00607471 
0.718017 0.17852 0.0114484 0.0549937 0.00723241 0.00216985 0.0276185 
0.77488 0.154733 0.00909924 0.0295419 0.00578861 0.00331389 0.0226442 
0.727942 0.108592 0.00698433 0.126598 0.0177439 0.00454088 0.00759844 
0.674306 0.0849954 0.00525178 0.137362 0.0846418 0.00431678 0.00912618 
0.768191 0.140643 0.00745052 0.02168 0.042134 0.00466186 0.0152396 
0.813753 0.0994291 0.0127374 0.0108394 0.0196487 0.00722298 0.0363697 
0.910241 0.0314272 0.0151044 0.0240386 0.00454687 0.00482428 0.00981732 
0.816724 0.0385635 0.0125699 0.115637 0.00626954 0.00283614 0.00739975 
0.869687 0.0404262 0.0194113 0.0452916 0.00438149 0.00292476 0.0178773 
0.825527 0.0359891 0.0147199 0.108 0.00548419 0.00304032 0.00723937 
0.817037 0.047568 0.0130467 0.105293 0.00773763 0.00238282 0.00693458 
0.875703 0.0348083 0.0141805 0.0485589 0.00672925 0.00662165 0.0133986 
0.740587 0.040913 0.0095135 0.153884 0.0335673 0.00867682 0.0128588 
0.620536 0.0712065 0.00747288 0.192606 0.0895622 0.00747255 0.0111448 
0.834274 0.0311694 0.0312607 0.0250668 0.0295613 0.0104174 0.0382501 
0.852669 0.016207 0.0353895 0.0525231 0.0123968 0.0179804 0.0128338 
0.73096 0.0137263 0.0201469 0.162789 0.056112 0.00702749 0.00923837 
0.776337 0.00833843 0.0220054 0.129366 0.0506096 0.00490047 0.00844357 
0.766904 0.0377042 0.0123312 0.0574338 0.0775516 0.0238036 0.0242714 
0.737056 0.135113 0.0114438 0.0140583 0.0513985 0.0168379 0.0340918 
0.823465 0.0599906 0.0140003 0.0432039 0.0134002 0.0190188 0.0269209 
0.723706 0.0173989 0.0115903 0.183256 0.0209873 0.00403485 0.0390265 
0.75627 0.0213091 0.0106243 0.167082 0.0134885 0.00362042 0.0276052 
0.737854 0.0172242 0.0118841 0.180888 0.0198636 0.00325186 0.0290341 
0.758929 0.0220241 0.0112298 0.153756 0.0206059 0.00551257 0.0279425 
0.803653 0.0158135 0.011104 0.128226 0.016795 0.00292241 0.0214859 
0.739655 0.01237 0.0107592 0.196015 0.019556 0.00253349 0.0191107 
0.715974 0.0169305 0.00951606 0.211916 0.0225537 0.00314394 0.0199656 
0.569061 0.0283495 0.00812062 0.360767 0.015874 0.0031862 0.0146419 
0.81265 0.0313988 0.0100319 0.107912 0.0164298 0.00256688 0.0190103 
0.787481 0.036921 0.0100534 0.126897 0.0226506 0.00339317 0.012604 
0.826308 0.0234722 0.009573 0.0707078 0.0470309 0.00355669 0.0193515 
0.867867 0.0241561 0.0159809 0.0227137 0.00844327 0.00617078 0.0546681 
0.860723 0.0370113 0.0208147 0.011159 0.00732604 0.00322328 0.0597429 
0.846141 0.0469965 0.021128 0.0103366 0.00412381 0.00322614 0.0680478 
0.871327 0.015011 0.035721 0.0250453 0.00480469 0.00268801 0.0454032 
0.857893 0.0150253 0.0397091 0.0383298 0.00546932 0.00311647 0.0404571 
0.829635 0.00777118 0.0484613 0.0539653 0.00312963 0.00493452 0.0521035 
0.787944 0.0123484 0.0511104 0.0905148 0.00315229 0.00349932 0.0514309 
0.824508 0.0164584 0.0402336 0.0400188 0.00702478 0.00423739 0.0675187 
0.808149 0.0158979 0.0501012 0.0312615 0.00475489 0.00175173 0.0880836 
0.834767 0.0186835 0.0322807 0.0579168 0.0094943 0.00192706 0.0449306 
0.779719 0.0130417 0.0371383 0.111919 0.00695218 0.00200647 0.0492236 
0.81776 0.0134222 0.0412446 0.0569638 0.00454981 0.00203189 0.0640278 
0.813987 0.0137605 0.0383105 0.0724767 0.00472722 0.00192392 0.0548142 
0.846203 0.0120868 0.0470205 0.0234259 0.00247205 0.00232683 0.0664647 
0.81609 0.0116775 0.046507 0.0353985 0.00427451 0.00261106 0.0834412 
0.824667 0.0113105 0.0420859 0.0296903 0.00617149 0.00550812 0.0805667 
0.823529 0.0155389 0.0365066 0.0516454 0.00684162 0.0059917 0.0599468 
0.835408 0.0141386 0.0372611 0.0435575 0.0092475 0.00441113 0.0559762 
0.837829 0.0153605 0.0335461 0.0362097 0.00483713 0.00554737 0.0666699 
0.800018 0.0125873 0.04082 0.0510766 0.00617761 0.00323222 0.0860883 
0.783274 0.0134632 0.0473509 0.0816131 0.00492189 0.00390454 0.0654719 
0.683905 0.0148474 0.0499905 0.181083 0.00733215 0.00403398 0.0588082 
0.755206 0.0117443 0.0579531 0.0898899 0.00450428 0.00475783 0.0759446 
0.628797 0.0175584 0.0304069 0.284876 0.00577721 0.00452294 0.0280617 
0.630107 0.0197104 0.018107 0.298303 0.00740247 0.00228462 0.0240853 
0.255831 0.0207983 0.00709654 0.69763 0.00834045 0.00116951 0.00913413 
0.023999 0.0104142 0.0035274 0.959037 5.90432E-4 8.8203E-4 0.00154951 
0.00976367 0.0307475 0.0052703 0.945243 0.00144725 0.00427079 0.0032579 
0.0535001 0.126143 0.0323082 0.716746 0.0044033 0.0537423 0.0131569 
0.0966928 0.20502 0.0636552 0.274181 0.0133855 0.261602 0.0854643 
0.0714557 0.273593 0.0726352 0.324613 0.00933659 0.19412 0.0542472 
0.0472255 0.229348 0.0484157 0.46646 0.0066679 0.147661 0.0542214 
0.0717069 0.44165 0.106154 0.1487 0.00994773 0.174645 0.0471966 
0.0500705 0.375518 0.0472767 0.24366 0.00881836 0.216797 0.0578595 
0.0169464 0.0871514 0.0118768 0.816656 0.00383124 0.0470213 0.0165168 
0.033732 0.195778 0.0235427 0.616477 0.00744343 0.0846603 0.0383672 
0.0393472 0.336799 0.0243085 0.442911 0.00531041 0.108489 0.0428349 
0.0623698 0.496664 0.0211788 0.307241 0.00588391 0.0724727 0.0341896 
0.0800524 0.374543 0.0247024 0.368328 0.00918928 0.109176 0.0340079 
0.0659045 0.379097 0.022204 0.356505 0.00922914 0.130568 0.0364917 
0.0531341 0.533658 0.0117894 0.265097 0.01088 0.0939742 0.0314663 
0.0689862 0.442206 0.013443 0.381792 0.0108197 0.0619614 0.0207917 
0.0528452 0.712719 0.0118649 0.155287 0.00420074 0.0536294 0.00945324 
0.0337592 0.737878 0.00572967 0.104275 0.00442404 0.102815 0.0111187 
0.0258534 0.787445 0.0052026 0.087844 0.0026538 0.0822841 0.00871751 
0.871327 0.015011 0.035721 0.0250453 0.00480469 0.00268801 0.0454032 
0.857893 0.0150253 0.0397091 0.0383298 0.00546932 0.00311647 0.0404571 
0.829635 0.00777118 0.0484613 0.0539653 0.00312963 0.00493452 0.0521035 
0.787944 0.0123484 0.0511104 0.0905148 0.00315229 0.00349932 0.0514309 
0.824508 0.0164584 0.0402336 0.0400188 0.00702478 0.00423739 0.0675187 
0.808149 0.0158979 0.0501012 0.0312615 0.00475489 0.00175173 0.0880836 
0.834767 0.0186835 0.0322807 0.0579168 0.0094943 0.00192706 0.0449306 
0.779719 0.0130417 0.0371383 0.111919 0.00695218 0.00200647 0.0492236 
0.81776 0.0134222 0.0412446 0.0569638 0.00454981 0.00203189 0.0640278 
0.813987 0.0137605 0.0383105 0.0724767 0.00472722 0.00192392 0.0548142 
0.846203 0.0120868 0.0470205 0.0234259 0.00247205 0.00232683 0.0664647 
0.81609 0.0116775 0.046507 0.0353985 0.00427451 0.00261106 0.0834412 
0.824667 0.0113105 0.0420859 0.0296903 0.00617149 0.00550812 0.0805667 
0.823529 0.0155389 0.0365066 0.0516454 0.00684162 0.0059917 0.0599468 
0.835408 0.0141386 0.0372611 0.0435575 0.0092475 0.00441113 0.0559762 
0.837829 0.0153605 0.0335461 0.0362097 0.00483713 0.00554737 0.0666699 
0.800018 0.0125873 0.04082 0.0510766 0.00617761 0.00323222 0.0860883 
0.783274 0.0134632 0.0473509 0.0816131 0.00492189 0.00390454 0.0654719 
0.683905 0.0148474 0.0499905 0.181083 0.00733215 0.00403398 0.0588082 
0.755206 0.0117443 0.0579531 0.0898899 0.00450428 0.00475783 0.0759446 
0.628797 0.0175584 0.0304069 0.284876 0.00577721 0.00452294 0.0280617 
0.630107 0.0197104 0.018107 0.298303 0.00740247 0.00228462 0.0240853 
0.255831 0.0207983 0.00709654 0.69763 0.00834045 0.00116951 0.00913413 
0.023999 0.0104142 0.0035274 0.959037 5.90432E-4 8.8203E-4 0.00154951 
0.00976367 0.0307475 0.0052703 0.945243 0.00144725 0.00427079 0.0032579 
0.0535001 0.126143 0.0323082 0.716746 0.0044033 0.0537423 0.0131569 
0.0966928 0.20502 0.0636552 0.274181 0.0133855 0.261602 0.0854643 
0.0714557 0.273593 0.0726352 0.324613 0.00933659 0.19412 0.0542472 
0.0472255 0.229348 0.0484157 0.46646 0.0066679 0.147661 0.0542214 
0.0717069 0.44165 0.106154 0.1487 0.00994773 0.174645 0.0471966 
0.0500705 0.375518 0.0472767 0.24366 0.00881836 0.216797 0.0578595 
0.0169464 0.0871514 0.0118768 0.816656 0.00383124 0.0470213 0.0165168 
0.033732 0.195778 0.0235427 0.616477 0.00744343 0.0846603 0.0383672 
0.0393472 0.336799 0.0243085 0.442911 0.00531041 0.108489 0.0428349 
0.0623698 0.496664 0.0211788 0.307241 0.00588391 0.0724727 0.0341896 
0.0800524 0.374543 0.0247024 0.368328 0.00918928 0.109176 0.0340079 
0.0659045 0.379097 0.022204 0.356505 0.00922914 0.130568 0.0364917 
