0.686322 0.155519 0.0121511 0.0831843 0.0354785 0.0131518 0.0141941 
0.746084 0.1222 0.017109 0.0625937 0.0264179 0.00883498 0.0167605 
0.684225 0.157435 0.0144623 0.0970823 0.0236178 0.00725984 0.0159175 
0.658764 0.184233 0.0140588 0.0748995 0.0387769 0.00872507 0.0205428 
0.698676 0.124169 0.0127771 0.095158 0.0438157 0.00881677 0.0165877 
0.587136 0.22988 0.00898018 0.0861701 0.0637154 0.00806776 0.01605 
0.648119 0.218889 0.00996384 0.064097 0.0372243 0.00826207 0.0134442 
0.609123 0.228348 0.00970261 0.0882969 0.0435904 0.00761142 0.0133281 
0.609343 0.157453 0.0105937 0.149937 0.0539019 0.00496495 0.0138058 
0.571333 0.217249 0.00847742 0.0965233 0.0840642 0.00756532 0.0147882 
0.616227 0.172391 0.00986484 0.0955412 0.0801528 0.007861 0.0179622 
0.620009 0.192978 0.0106114 0.0856404 0.0655215 0.00734464 0.017895 
0.664405 0.174062 0.0100069 0.0807181 0.0478044 0.00742804 0.0155758 
0.589393 0.161137 0.00890153 0.0908651 0.122986 0.00798511 0.0187323 
0.554459 0.182849 0.00738547 0.0773955 0.154655 0.00876803 0.014488 
0.591971 0.158222 0.00937174 0.0783598 0.13539 0.00776751 0.0189172 
0.708919 0.11864 0.014142 0.0913455 0.0426499 0.00619551 0.0181077 
0.661161 0.148739 0.0103195 0.111173 0.0483546 0.00715855 0.0130955 
0.631403 0.165565 0.00923118 0.0979909 0.0719161 0.00832883 0.0155656 
0.646685 0.0874502 0.0121974 0.184839 0.0470414 0.00422191 0.0175652 
0.648678 0.0901284 0.0122897 0.191973 0.040855 0.00276508 0.0133102 
0.491405 0.0826703 0.00832563 0.300539 0.102362 0.00293881 0.0117591 
0.618002 0.0991346 0.00860577 0.180817 0.0770871 0.00545362 0.0109002 
0.496871 0.0745695 0.00934403 0.307922 0.0960619 0.00312609 0.0121058 
0.516462 0.0801816 0.00995523 0.267176 0.109224 0.00429552 0.0127063 
0.599978 0.13086 0.00981714 0.1405 0.0935926 0.00598346 0.0192684 
0.594912 0.129093 0.0107428 0.170789 0.0736964 0.00502799 0.0157397 
0.579772 0.123223 0.0105086 0.16103 0.102093 0.00510197 0.0182712 
0.618573 0.0924675 0.00983494 0.15592 0.100988 0.00521243 0.0170045 
0.616177 0.0882368 0.0103055 0.185947 0.0792462 0.00499487 0.0150925 
0.591372 0.128427 0.0096427 0.121144 0.124875 0.0074286 0.0171112 
0.552333 0.159858 0.00893487 0.109775 0.147589 0.00703243 0.0144783 
0.57 0.147557 0.0094275 0.0851413 0.160712 0.00909277 0.0180694 
0.661294 0.13474 0.0101806 0.0932341 0.0768804 0.00535765 0.0183134 
0.731769 0.0785524 0.012596 0.107229 0.0504361 0.00471813 0.0146988 
0.807101 0.0497206 0.0156194 0.0742262 0.0297408 0.00457267 0.0190195 
0.756703 0.0652019 0.0146687 0.102846 0.0410125 0.00312066 0.0164474 
0.687633 0.153926 0.0136333 0.0652695 0.0507935 0.00450639 0.024239 
0.757937 0.0825493 0.0179583 0.0811424 0.040531 0.00368181 0.0162002 
0.693674 0.0956194 0.0128384 0.0729047 0.100278 0.00582056 0.0188647 
0.674601 0.115952 0.0130604 0.0461385 0.11714 0.00729012 0.0258177 
0.624196 0.145034 0.0115593 0.11358 0.0841799 0.00549378 0.0159572 
0.652676 0.0749126 0.010779 0.133194 0.111215 0.00483133 0.0123911 
0.691485 0.100549 0.0128106 0.084067 0.0865007 0.00523586 0.0193522 
0.707598 0.115185 0.0144272 0.0774373 0.0607566 0.00516231 0.0194337 
0.672355 0.113484 0.0134516 0.0937432 0.0853729 0.00530467 0.0162885 
0.739675 0.0969583 0.0167237 0.0748416 0.049844 0.00501759 0.0169393 
0.647984 0.0621947 0.0112703 0.0922642 0.165977 0.00534048 0.0149698 
0.693656 0.0958932 0.012893 0.0901106 0.0838318 0.00472102 0.0188942 
0.69676 0.114456 0.0119959 0.0707328 0.0841609 0.00500742 0.0168869 
0.700619 0.129387 0.0121118 0.0861699 0.0523794 0.00448929 0.0148434 
0.659069 0.0563632 0.0117373 0.145981 0.111089 0.00404555 0.0117144 
0.70266 0.087764 0.0136609 0.0938872 0.0837194 0.00444649 0.0138621 
0.721621 0.070663 0.0160245 0.130251 0.0439754 0.00454071 0.0129251 
0.742593 0.0498219 0.0207603 0.142653 0.0266893 0.00385097 0.0136314 
0.746598 0.0507654 0.022439 0.138852 0.0194107 0.00474408 0.0171905 
0.685174 0.0547955 0.0183944 0.186277 0.0368113 0.00406049 0.0144871 
0.724218 0.0614627 0.0166759 0.130041 0.0492802 0.00398053 0.0143413 
0.681014 0.0797852 0.0167132 0.15977 0.0462562 0.00468342 0.0117778 
0.755984 0.0427225 0.0178781 0.110432 0.0529435 0.00619398 0.0138462 
0.76867 0.0379864 0.0224679 0.128333 0.0257993 0.00332129 0.0134223 
0.784418 0.0477995 0.022678 0.0878798 0.0408461 0.00258511 0.0137935 
0.824395 0.0311422 0.0213146 0.0738385 0.0353863 0.00291084 0.0110129 
0.599268 0.114268 0.0110919 0.145172 0.112431 0.00769591 0.0100728 
0.736446 0.0739302 0.0187677 0.100314 0.051154 0.00444881 0.0149394 
0.670952 0.104786 0.0142708 0.135155 0.0576112 0.00542717 0.0117984 
0.776848 0.0734377 0.0227982 0.091752 0.0167786 0.00355421 0.0148313 
0.795514 0.0714235 0.0213255 0.0664865 0.0242801 0.00409955 0.0168707 
0.78272 0.0577483 0.0245497 0.0842303 0.029196 0.00446388 0.0170918 
0.802261 0.062914 0.0263597 0.0618991 0.0255716 0.00375305 0.0172412 
0.769158 0.0795312 0.0177652 0.0608208 0.0542919 0.00454002 0.013893 
0.766958 0.0824251 0.0210566 0.0833336 0.0263691 0.00434055 0.0155175 
0.71533 0.0707621 0.0145048 0.0938653 0.0894429 0.00411996 0.0119752 
0.703951 0.0586488 0.014253 0.11098 0.0970862 0.00390751 0.0111731 
0.602826 0.0550654 0.01293 0.0884367 0.225382 0.00331319 0.0120467 
0.680907 0.0579566 0.0180565 0.0853874 0.139121 0.00303813 0.0155329 
0.794198 0.0519934 0.0215559 0.0506834 0.0635839 0.00284948 0.0151359 
0.764462 0.0643811 0.0165396 0.0434951 0.0902754 0.00409906 0.0167476 
0.762423 0.0850806 0.0192116 0.0505368 0.0637222 0.00323775 0.0157882 
0.727475 0.076041 0.0176967 0.0756897 0.0866401 0.00371812 0.0127393 
0.802049 0.059293 0.0236997 0.0540863 0.0468795 0.0028575 0.0111349 
0.744035 0.0495892 0.0183652 0.0974921 0.0769382 0.00264005 0.0109406 
0.681945 0.0515983 0.0179094 0.0852476 0.145994 0.00319667 0.0141095 
0.615798 0.0604439 0.0143785 0.0603259 0.229724 0.00400056 0.0153293 
0.671507 0.059892 0.0160048 0.0659973 0.169056 0.00419355 0.0133488 
0.760747 0.0557414 0.022981 0.0651486 0.0749878 0.00300815 0.0173857 
0.676654 0.0915549 0.0173111 0.0614952 0.129926 0.00560529 0.0174536 
0.742968 0.0838794 0.0178492 0.0473323 0.08693 0.00461249 0.0164285 
0.739072 0.0697498 0.019972 0.0545705 0.0945611 0.0047889 0.0172855 
0.71247 0.0611792 0.018023 0.0790502 0.111017 0.00348423 0.0147766 
0.789259 0.0571777 0.0236695 0.0542401 0.0588693 0.00273664 0.0140477 
0.786466 0.0427576 0.0212288 0.0626137 0.0706592 0.00250156 0.0137734 
0.763199 0.0622311 0.0211288 0.0669782 0.0664902 0.00284281 0.0171298 
0.78486 0.0652197 0.0249992 0.0596634 0.0455577 0.00303966 0.0166605 
0.746627 0.0435258 0.0181458 0.0785301 0.0973138 0.00296604 0.0128916 
0.73814 0.0642535 0.0197272 0.0761203 0.084108 0.00340381 0.0142475 
0.697165 0.0869195 0.0164504 0.0460153 0.133236 0.0050855 0.0151278 
0.724591 0.0974845 0.017687 0.0394042 0.0990825 0.00409557 0.0176547 
0.776487 0.0780057 0.0226262 0.0492768 0.0522173 0.00325198 0.0181348 
0.689001 0.0725609 0.0148032 0.0772073 0.128527 0.00402109 0.0138798 
0.775418 0.05955 0.0225829 0.0591818 0.0656475 0.00269822 0.0149214 
0.773775 0.049281 0.0228931 0.0729856 0.0638774 0.0022694 0.0149185 
0.809263 0.0531944 0.0230423 0.0475828 0.0494908 0.00243846 0.0149885 
0.747204 0.0652492 0.0176463 0.060247 0.0930255 0.00326756 0.0133608 
0.819829 0.0643858 0.0288485 0.0370513 0.0298753 0.00289052 0.0171194 
0.826271 0.0592013 0.0269218 0.0373989 0.0302271 0.00288298 0.0170975 
0.776084 0.0720933 0.0278155 0.0727837 0.0320839 0.00252145 0.0166183 
0.736445 0.0823741 0.0318842 0.0336191 0.0878848 0.00505765 0.0227348 
0.747347 0.0665036 0.037723 0.0437321 0.0793524 0.00377019 0.0215714 
0.709602 0.0601262 0.0585722 0.064131 0.079904 0.00345797 0.0242065 
0.696246 0.0505551 0.0878883 0.0668552 0.0652207 0.00396432 0.0292703 
0.692596 0.0572036 0.0566279 0.0297009 0.13112 0.00492621 0.0278251 
0.67428 0.0740793 0.0501897 0.0302835 0.137158 0.00575248 0.0282566 
0.689912 0.0594372 0.0574691 0.0431354 0.116386 0.00486792 0.0287929 
0.698519 0.0634705 0.0737599 0.0413209 0.08914 0.00570959 0.0280797 
0.620309 0.0641235 0.070208 0.069553 0.142511 0.00623612 0.0270595 
0.547619 0.0694376 0.0466791 0.0659782 0.241528 0.00700767 0.0217502 
0.563224 0.0789761 0.045329 0.0947489 0.190985 0.0084017 0.0183351 
0.646394 0.0905687 0.0552098 0.0711256 0.108645 0.00762596 0.0204314 
0.242393 0.0393414 0.0209557 0.225761 0.450306 0.00901138 0.0122324 
0.332005 0.0489824 0.0304772 0.326002 0.239885 0.00890295 0.0137453 
0.31189 0.0452309 0.0274127 0.337624 0.256967 0.0074194 0.0134562 
0.258269 0.0387143 0.026891 0.30611 0.347594 0.00815646 0.014265 
0.32038 0.0558975 0.0222874 0.175054 0.408291 0.00704436 0.0110461 
0.401703 0.0404384 0.0345533 0.194362 0.308007 0.00579847 0.0151373 
0.326666 0.0479017 0.0307759 0.266798 0.30527 0.00823229 0.0143559 
0.399034 0.0494802 0.0279149 0.175364 0.328573 0.00674154 0.0128917 
0.52504 0.0389111 0.0423546 0.177198 0.196297 0.00496447 0.0152346 
0.522408 0.0475546 0.0307967 0.119427 0.261322 0.00559092 0.012901 
0.545953 0.0563643 0.0328598 0.16765 0.177951 0.00539175 0.0138298 
0.544424 0.0657624 0.0296072 0.10226 0.23726 0.00780719 0.0128793 
0.559909 0.0702309 0.0232479 0.0939253 0.232083 0.0058158 0.0147883 
0.49906 0.0624585 0.0194501 0.113308 0.288515 0.00510828 0.0121001 
0.614835 0.0814772 0.0288903 0.12192 0.133992 0.00476215 0.0141229 
0.688199 0.0724567 0.0320668 0.0724041 0.11559 0.00473903 0.0145444 
0.666667 0.0556604 0.0302083 0.108408 0.122301 0.00361634 0.0131391 
0.553795 0.0566876 0.0244126 0.166778 0.181313 0.00408604 0.0129276 
0.622519 0.0550763 0.0242331 0.0955244 0.18652 0.0039972 0.0121293 
0.695914 0.062348 0.0274329 0.0783899 0.118345 0.00390576 0.0136644 
0.634928 0.0574121 0.0314097 0.152276 0.108379 0.00310595 0.0124902 
0.540002 0.0388838 0.0231188 0.217803 0.167142 0.00229743 0.0107519 
0.640325 0.0497111 0.0231895 0.140016 0.133143 0.00238664 0.0112289 
0.697762 0.0395096 0.0301135 0.131387 0.086976 0.0019147 0.0123366 
0.652841 0.0491357 0.0216492 0.11097 0.150207 0.00261808 0.0125796 
0.590361 0.0412082 0.020734 0.113357 0.221336 0.00282095 0.0101835 
0.56594 0.0526067 0.0147986 0.116251 0.239064 0.00297315 0.00836624 
0.746727 0.0506383 0.0312032 0.072881 0.0851398 0.00274831 0.0106622 
0.762833 0.0420872 0.0401786 0.0702801 0.0696069 0.00269466 0.0123196 
0.694758 0.0343409 0.0285041 0.096629 0.133046 0.00247333 0.0102491 
0.712132 0.0419239 0.0284741 0.071728 0.129953 0.00269143 0.0130974 
0.801462 0.0358988 0.0479762 0.0524786 0.0475282 0.00255248 0.0121036 
0.800499 0.0258723 0.0530216 0.0361864 0.0678506 0.00328771 0.0132822 
0.810199 0.0297457 0.0579891 0.055167 0.033143 0.00234091 0.0114152 
0.80618 0.0287974 0.0461911 0.069908 0.0361764 0.0027822 0.00996444 
0.812265 0.0266902 0.0509644 0.0628834 0.034527 0.00294478 0.009725 
0.736654 0.0325726 0.0330916 0.0988811 0.0860872 0.00362783 0.00908607 
0.797908 0.0352217 0.044223 0.0563058 0.0533086 0.00306262 0.00997063 
0.791965 0.0363333 0.0437343 0.0418231 0.0713749 0.003503 0.011266 
0.760778 0.0318223 0.0346088 0.0557811 0.103354 0.00355509 0.0101013 
0.787444 0.0250915 0.0448596 0.0451241 0.0801739 0.00289889 0.0144077 
0.749749 0.0303733 0.0374732 0.072684 0.0962778 0.00222745 0.0112151 
0.730104 0.026829 0.0372262 0.0743289 0.117604 0.00257914 0.0113291 
0.798016 0.0359655 0.0549854 0.0400434 0.0540372 0.00361058 0.0133422 
0.837249 0.0191476 0.0593968 0.0302802 0.0404685 0.0025334 0.0109246 
0.715012 0.0424844 0.0376533 0.0570538 0.12835 0.00388452 0.0155618 
0.677444 0.0480854 0.0283243 0.0406107 0.187806 0.00414525 0.0135844 
0.656663 0.0396823 0.0263533 0.0462147 0.21593 0.00410578 0.0110511 
0.745869 0.0472442 0.0358462 0.0355026 0.116187 0.00475549 0.0145958 
0.761162 0.0565679 0.0385312 0.0275826 0.0919834 0.0052667 0.0189062 
0.718761 0.0442402 0.0526066 0.0343811 0.123253 0.00352055 0.0232376 
0.681669 0.0805607 0.032325 0.0273144 0.151796 0.0051523 0.0211821 
0.762733 0.0528615 0.048416 0.0350756 0.0737793 0.00281412 0.0243203 
0.752749 0.0553326 0.0323103 0.0662995 0.0780082 0.00300819 0.0122925 
0.783193 0.0334485 0.0499986 0.0467883 0.068511 0.00237109 0.0156892 
0.701901 0.029993 0.0275923 0.047961 0.179263 0.00269967 0.01059 
0.751384 0.0278215 0.0345315 0.0461923 0.126771 0.00290704 0.0103928 
0.790734 0.0423 0.0412475 0.0412975 0.0710323 0.00253052 0.0108583 
0.760137 0.0257853 0.0613617 0.0627705 0.072031 0.00260892 0.0153056 
0.782575 0.0248752 0.0806076 0.0447475 0.0441458 0.00394335 0.0191059 
0.73628 0.0210203 0.0589501 0.0629989 0.102351 0.00321401 0.0151854 
0.72993 0.0315939 0.0512778 0.0325057 0.133168 0.00556736 0.0159569 
0.713066 0.0318597 0.0485336 0.0364116 0.149834 0.00437054 0.0159251 
0.805848 0.0361345 0.0734116 0.0193073 0.0409735 0.00843117 0.015894 
0.78794 0.0332469 0.0783033 0.0136173 0.0616642 0.00652571 0.0187026 
0.793705 0.0402344 0.0608912 0.0214804 0.059051 0.00628227 0.0183563 
0.775164 0.0283556 0.073844 0.024691 0.0723273 0.00655353 0.0190645 
0.777942 0.0236898 0.123533 0.0110432 0.0304023 0.00856061 0.0248286 
0.792268 0.0214722 0.118874 0.0109815 0.0262172 0.00793587 0.0222508 
0.815845 0.0341041 0.0687802 0.0196089 0.0359147 0.00896699 0.0167802 
0.799626 0.0213344 0.0821964 0.0190095 0.0482824 0.0109154 0.0186364 
0.777336 0.0210877 0.0693409 0.0269436 0.0783183 0.0095381 0.017435 
0.779807 0.0221552 0.126842 0.0120736 0.028505 0.00617159 0.0244463 
0.815999 0.0220646 0.10132 0.00961975 0.0217027 0.00506134 0.0242322 
0.815042 0.0218557 0.0731862 0.0241602 0.0447638 0.00318164 0.0178102 
0.780329 0.0187822 0.0858509 0.0384012 0.0541802 0.00311681 0.0193396 
0.799062 0.020222 0.0611635 0.0288589 0.0698398 0.00393486 0.0169189 
0.831564 0.0266757 0.0640626 0.0211405 0.0357912 0.00519794 0.0155677 
0.807595 0.0304882 0.0725753 0.01759 0.0498661 0.00672821 0.0151576 
0.787648 0.0190793 0.136098 0.0126846 0.0178418 0.00604735 0.0206014 
0.754907 0.0191993 0.135528 0.0137864 0.0439929 0.00670315 0.0258826 
0.813456 0.0210616 0.107668 0.0168217 0.0157362 0.00481435 0.0204423 
0.805515 0.0255393 0.0869235 0.0259061 0.0324758 0.00374222 0.0198976 
0.810044 0.0302215 0.082015 0.0159245 0.0344644 0.00560072 0.0217295 
0.800213 0.0324453 0.077125 0.0224286 0.0415811 0.00518189 0.0210255 
0.769522 0.0630699 0.0699478 0.0128858 0.0511923 0.00928385 0.0240988 
0.758259 0.0740955 0.0721288 0.0240356 0.0416907 0.00589989 0.0238905 
0.735881 0.107969 0.0640425 0.0345182 0.0341026 0.00654856 0.016938 
0.743059 0.090272 0.0605923 0.0346992 0.0480357 0.00520137 0.01814 
0.702637 0.11564 0.0626601 0.0188321 0.0707915 0.00915257 0.0202867 
0.784605 0.054612 0.0770544 0.0146422 0.0392212 0.00681684 0.0230485 
0.779961 0.0485383 0.0721769 0.020884 0.0524158 0.00485117 0.0211725 
0.758274 0.0606229 0.0538723 0.0245791 0.0782252 0.00512755 0.019299 
0.739156 0.0735865 0.049958 0.0172338 0.0930393 0.00685552 0.0201712 
0.730784 0.0764432 0.0557368 0.0191518 0.0901251 0.00606659 0.0216923 
0.769188 0.0740474 0.0677399 0.021312 0.0415774 0.00594607 0.0201894 
0.757771 0.0885765 0.0486481 0.0299086 0.0514476 0.00427298 0.0193748 
0.777316 0.0733038 0.0470953 0.0407592 0.0411238 0.00368565 0.0167163 
0.767216 0.0724811 0.0405103 0.0413098 0.054017 0.00366086 0.0208047 
0.768234 0.0544924 0.0439199 0.037798 0.0715012 0.00404518 0.0200098 
0.764931 0.0433075 0.0456211 0.046849 0.079191 0.00312013 0.01698 
0.72658 0.0516131 0.0419159 0.0314523 0.12583 0.00355468 0.0190539 
0.758843 0.0383641 0.0469857 0.0291293 0.107603 0.00368024 0.0153949 
0.819874 0.036076 0.073305 0.012406 0.0332679 0.0046362 0.0204352 
0.775867 0.0442083 0.0810996 0.0232585 0.0498208 0.00368055 0.0220656 
0.767777 0.0607764 0.0588152 0.0253358 0.0574434 0.00279789 0.027054 
0.73878 0.118816 0.0455362 0.0176389 0.0425472 0.00355469 0.0331268 
0.767414 0.0760593 0.0421347 0.0254437 0.0615926 0.00354616 0.0238098 
0.73117 0.0347874 0.0403469 0.0985936 0.0791546 0.00230848 0.0136388 
0.81107 0.0573433 0.0464529 0.0314018 0.035978 0.00386925 0.0138846 
0.798266 0.0304827 0.0662488 0.034975 0.0524163 0.00313021 0.0144809 
0.789444 0.0359173 0.058254 0.0297899 0.0653677 0.00322317 0.018004 
0.771282 0.0402917 0.040145 0.0332026 0.0953156 0.00439682 0.0153663 
0.766834 0.0358853 0.0512038 0.0321999 0.0917767 0.00382344 0.0182765 
0.771766 0.0436255 0.0458936 0.0236066 0.0919193 0.00420887 0.0189805 
0.72681 0.0431392 0.0296353 0.03057 0.151799 0.00476943 0.0132767 
0.778757 0.0513158 0.0416631 0.0259313 0.0823267 0.00523406 0.0147722 
0.790721 0.0626844 0.0518377 0.019458 0.0519946 0.00579316 0.0175115 
0.797881 0.0546092 0.0469812 0.0258556 0.0538988 0.00494269 0.0158313 
0.725087 0.0481776 0.031488 0.0423197 0.134442 0.00417625 0.0143095 
0.810991 0.0435782 0.0565702 0.0261107 0.0425536 0.00431551 0.0158808 
0.828614 0.0328901 0.06487 0.0268046 0.0298328 0.00402112 0.0129676 
0.817895 0.0376373 0.0467768 0.031911 0.0493265 0.00341628 0.0130368 
0.733877 0.0436853 0.0309068 0.0338026 0.140593 0.00424413 0.0128905 
0.744616 0.0376983 0.0393626 0.0328739 0.129208 0.0037464 0.0124954 
0.757778 0.0395097 0.0393468 0.0365079 0.110824 0.00386162 0.0121726 
0.730496 0.0674558 0.0367929 0.0185929 0.123224 0.00834918 0.0150898 
0.768708 0.0659811 0.0513263 0.0214239 0.0683421 0.00532733 0.0188918 
0.759561 0.087331 0.0459564 0.0151511 0.0630516 0.00589436 0.0230548 
0.777289 0.0568344 0.0438585 0.0225355 0.0761508 0.00445535 0.0188763 
0.801102 0.0583458 0.0568796 0.0191654 0.03833 0.00431787 0.0218593 
0.741911 0.0407435 0.0405836 0.0423166 0.114192 0.00406747 0.016186 
0.792754 0.0368877 0.0650509 0.0241646 0.0578994 0.0051743 0.0180694 
0.74206 0.0369665 0.0452439 0.0268043 0.128944 0.00574015 0.0142419 
0.783331 0.0322594 0.0492295 0.0264064 0.0886817 0.00501969 0.0150724 
0.779632 0.0395516 0.0524646 0.028074 0.0796034 0.00567529 0.0149991 
0.792869 0.033198 0.0684363 0.0222142 0.0599261 0.00436969 0.0189862 
0.793449 0.0427279 0.065417 0.026396 0.0493526 0.00524482 0.0174122 
0.793325 0.0516645 0.0705061 0.0184488 0.041933 0.00457595 0.0195471 
0.727028 0.0316105 0.046522 0.0377542 0.138143 0.00335488 0.0155875 
0.747204 0.0347713 0.0440746 0.0391129 0.116436 0.00340284 0.0149994 
0.777633 0.0451218 0.0407757 0.0380031 0.0809686 0.00394886 0.0135488 
0.730218 0.0375181 0.0460086 0.0473094 0.121554 0.00327452 0.0141178 
0.722899 0.0505497 0.0486116 0.0303038 0.127525 0.00410086 0.0160094 
0.759456 0.0437121 0.0846615 0.0325776 0.0587682 0.00242001 0.0184041 
0.771449 0.0614796 0.0624209 0.0297731 0.0552113 0.00273732 0.0169284 
0.740531 0.043657 0.0447856 0.0534377 0.102462 0.00317933 0.0119475 
0.753817 0.0433039 0.0873428 0.0437533 0.0467863 0.00356543 0.0214317 
0.70712 0.0762626 0.0423764 0.0239706 0.125714 0.00569474 0.0188615 
0.691436 0.0628646 0.0463841 0.0268477 0.144781 0.00471511 0.0229716 
0.710469 0.0520405 0.0503292 0.0273273 0.135936 0.00405171 0.0198458 
0.710595 0.0492236 0.0494246 0.0225162 0.141626 0.00411992 0.022494 
0.749434 0.0406567 0.0532785 0.0238321 0.10701 0.00461165 0.0211779 
0.76566 0.0399984 0.0572524 0.0246972 0.0897397 0.0039925 0.0186602 
0.676847 0.0540826 0.0283685 0.02562 0.196228 0.00511224 0.0137418 
0.693159 0.0575377 0.0312601 0.0200567 0.176786 0.00684643 0.0143542 
0.714934 0.0456023 0.0374519 0.0395457 0.141476 0.00455267 0.0164372 
0.757646 0.0674031 0.0442022 0.0295424 0.0776821 0.00556891 0.0179558 
0.728556 0.061631 0.0370494 0.0248765 0.125943 0.00650145 0.0154423 
0.77814 0.0561636 0.0610278 0.0162895 0.0607045 0.00541222 0.0222619 
0.79821 0.0357552 0.0547026 0.0246816 0.0674105 0.00370578 0.0155346 
0.773779 0.0437517 0.0658953 0.0191808 0.0698857 0.00452846 0.0229792 
0.770756 0.0359491 0.0683467 0.0275571 0.0758677 0.00386153 0.0176614 
0.783721 0.037571 0.105795 0.0141348 0.0312118 0.00388523 0.0236808 
0.787166 0.0490358 0.0795648 0.01472 0.0457497 0.00506954 0.0186941 
0.778575 0.055497 0.0709595 0.0187735 0.0544188 0.00624499 0.0155311 
0.783007 0.0391888 0.08457 0.0196891 0.0506021 0.00496531 0.017978 
0.789291 0.0390167 0.0747354 0.014329 0.0588099 0.00504666 0.0187713 
0.764978 0.0444277 0.0766259 0.0184859 0.0696474 0.00479407 0.0210415 
0.76582 0.0426937 0.061091 0.0269761 0.0804644 0.00436367 0.0185911 
0.779428 0.0243281 0.0774809 0.0359936 0.0615567 0.00329853 0.0179142 
0.795623 0.0360763 0.0559903 0.0346202 0.0606463 0.00348341 0.0135602 
0.798589 0.0361024 0.079552 0.014477 0.0469046 0.00632601 0.0180491 
0.78522 0.0422323 0.0776744 0.0104773 0.0577453 0.00799207 0.0186588 
0.786714 0.0269213 0.118658 0.0106899 0.0307404 0.00572701 0.0205492 
0.803107 0.0348323 0.0613898 0.0179793 0.0611495 0.00490343 0.0166383 
0.811183 0.0274274 0.0893581 0.0130496 0.0360687 0.00504994 0.0178635 
0.794439 0.0311157 0.071482 0.0275138 0.0549551 0.00310913 0.0173856 
0.782138 0.0435986 0.049661 0.020788 0.0788949 0.00410447 0.0208153 
0.81019 0.0583833 0.0589612 0.0123566 0.0338185 0.00681036 0.0194804 
0.780088 0.0676779 0.061328 0.0188572 0.0437313 0.00619783 0.0221199 
0.787062 0.0382434 0.065754 0.0388791 0.045478 0.00408793 0.0204951 
0.769937 0.0592096 0.0577552 0.0269812 0.0577872 0.00804698 0.0202826 
0.758174 0.0782686 0.0678935 0.0213688 0.0415311 0.0118007 0.0209629 
0.76538 0.0472777 0.0626928 0.0266924 0.0714668 0.00594928 0.0205414 
0.734666 0.0565442 0.059047 0.0313531 0.0961317 0.00721398 0.0150436 
0.749754 0.0394518 0.0645208 0.0477486 0.0770134 0.00567696 0.015834 
0.787842 0.0343919 0.0597759 0.0605402 0.0396638 0.00471214 0.0130741 
0.688003 0.0366593 0.0287802 0.109363 0.123775 0.00264126 0.010778 
0.70514 0.058463 0.0445525 0.0730557 0.0989042 0.00502361 0.014861 
0.649586 0.0597358 0.0341451 0.110913 0.127127 0.00340048 0.0150931 
0.681412 0.0728657 0.0288601 0.0777588 0.119857 0.00423399 0.0150128 
0.530893 0.0422879 0.0183879 0.069346 0.325355 0.00333989 0.0103905 
0.561305 0.0443399 0.0202054 0.105743 0.252975 0.00301556 0.0124158 
0.596019 0.0859843 0.0252664 0.0452902 0.221519 0.00485826 0.0210632 
0.66952 0.0825989 0.0270566 0.0325743 0.155802 0.00528839 0.027159 
0.784312 0.0930305 0.0349872 0.0183701 0.0403925 0.0044164 0.0244917 
0.730845 0.0956265 0.0512653 0.0504023 0.0432991 0.00245484 0.0261067 
0.736452 0.038229 0.049242 0.0751262 0.0785827 0.00181659 0.0205513 
0.814702 0.055551 0.0516545 0.027691 0.0323703 0.00184796 0.0161829 
0.717408 0.0538892 0.0507253 0.0977775 0.0579044 0.00202376 0.0202724 
0.823444 0.0751165 0.0473518 0.0219647 0.0133851 0.00264329 0.016095 
0.777683 0.132732 0.0418122 0.017012 0.010062 0.00374799 0.0169506 
0.751375 0.111859 0.0750065 0.0158705 0.010449 0.013655 0.0217847 
0.721566 0.0757108 0.0370147 0.0238071 0.119676 0.0106672 0.0115586 
0.704092 0.0692264 0.138275 0.00841419 0.0382066 0.0276412 0.0141445 
0.757308 0.0333947 0.112761 0.0141793 0.0557478 0.018595 0.00801475 
0.744437 0.0647477 0.0507006 0.0274045 0.0927691 0.00770979 0.0122311 
0.783797 0.0393153 0.0622758 0.0517393 0.0366239 0.00355268 0.0226963 
0.790156 0.0345238 0.0311843 0.0641106 0.0638474 0.00562413 0.0105532 
0.760325 0.0298379 0.022164 0.127515 0.0443296 0.00211835 0.0137102 
0.803503 0.0350804 0.0277577 0.109149 0.00582717 0.00223895 0.0164432 
0.906915 0.0200904 0.0312794 0.0188354 0.00167544 0.00305527 0.0181494 
0.787902 0.0681496 0.0161241 0.0779598 0.0273895 0.00339891 0.0190757 
0.685802 0.157959 0.0155834 0.0460358 0.0334367 0.00472324 0.0564592 
0.697751 0.141308 0.0155931 0.0230414 0.0500113 0.00611439 0.0661816 
0.597506 0.110269 0.00852346 0.111944 0.151331 0.00599971 0.0144264 
0.361543 0.0779135 0.0127535 0.256405 0.261628 0.00531875 0.0244382 
0.402748 0.013107 0.0163827 0.469676 0.0841671 0.00195751 0.0119614 
0.415072 0.0476662 0.00511253 0.234636 0.285587 0.00268567 0.00924071 
0.561074 0.0695392 0.00933113 0.127644 0.215854 0.00363343 0.0129244 
0.599974 0.0605221 0.0113008 0.214724 0.0975196 0.00273976 0.0132188 
0.491675 0.0610847 0.0108653 0.345434 0.0777277 0.00198411 0.0112286 
0.648351 0.0743904 0.0185804 0.205281 0.0385141 0.00188392 0.012999 
0.446513 0.0314965 0.0434969 0.445473 0.0146534 0.0011633 0.0172034 
0.695936 0.0714147 0.0229858 0.189883 0.00778094 0.00211398 0.0098858 
0.559794 0.0448863 0.0178627 0.351939 0.0154818 0.00129491 0.00874111 
0.623305 0.0599022 0.0144276 0.241598 0.0491591 0.00182838 0.0097793 
0.752732 0.0685394 0.0145778 0.126517 0.0250588 0.00243325 0.010142 
0.651913 0.0645445 0.0182999 0.234959 0.0145768 0.0023433 0.0133634 
0.661077 0.0956027 0.0212539 0.193018 0.00985715 0.00210884 0.0170819 
0.756752 0.0572891 0.0322165 0.124045 0.00606877 0.00163936 0.0219889 
0.673178 0.0934169 0.0190362 0.167027 0.015618 0.00227817 0.0294451 
0.604164 0.0808658 0.0154047 0.262189 0.0218052 0.00201334 0.0135574 
0.741746 0.0951695 0.0175932 0.108928 0.0201367 0.00228434 0.0141423 
0.556434 0.0524625 0.0137555 0.341187 0.0234792 0.00178061 0.0109013 
0.675199 0.0715503 0.0140216 0.169648 0.0493261 0.00263726 0.0176178 
0.715182 0.0868076 0.014777 0.0975675 0.0605349 0.00305645 0.0220751 
0.756784 0.072701 0.0210944 0.0942478 0.0243166 0.00261857 0.0282374 
0.701023 0.0820781 0.0156583 0.140874 0.040834 0.00257597 0.0169562 
0.677397 0.0672684 0.0176892 0.179236 0.0360539 0.00217048 0.0201855 
0.71608 0.0551916 0.0159246 0.1466 0.0472277 0.00220699 0.0167699 
0.769196 0.0774204 0.0193784 0.0765512 0.0285377 0.00264759 0.026269 
0.723811 0.0694521 0.0158707 0.116441 0.0529157 0.00263811 0.0188716 
0.742786 0.0549291 0.0142808 0.11355 0.0580834 0.00275931 0.0136117 
0.712812 0.0592257 0.0130931 0.109196 0.0882903 0.0026784 0.0147053 
0.67983 0.0755663 0.0146596 0.14975 0.0604707 0.00270147 0.0170215 
0.73581 0.0742223 0.0171622 0.105702 0.0428704 0.00243221 0.0218015 
0.757112 0.0853524 0.0180591 0.0807281 0.0352071 0.00218095 0.0213602 
0.811886 0.0625516 0.0185352 0.0556225 0.0311252 0.0020884 0.0181906 
0.756703 0.068216 0.0141482 0.0763425 0.0665346 0.00260911 0.0154466 
0.529648 0.240861 0.00885169 0.0371148 0.153582 0.00759814 0.0223437 
0.472378 0.0917798 0.009301 0.0614014 0.341176 0.00596151 0.0180019 
0.612447 0.0510265 0.00995278 0.0938438 0.213685 0.00290155 0.0161425 
0.694209 0.0658249 0.0162868 0.125125 0.0676869 0.00246908 0.0283989 
0.720742 0.0696588 0.0121163 0.101432 0.0762062 0.00286316 0.0169812 
0.702456 0.0616112 0.0165638 0.16063 0.0389839 0.00177246 0.0179828 
0.684733 0.0585813 0.015896 0.179852 0.0428512 0.00172811 0.0163589 
0.688594 0.0783774 0.0134537 0.132705 0.0660349 0.00253834 0.0182973 
0.705197 0.0993208 0.0163744 0.116693 0.0362062 0.00214188 0.0240668 
0.654418 0.134938 0.0126695 0.0974251 0.0734718 0.00338152 0.0236963 
0.681826 0.0908175 0.0128246 0.0938073 0.0970219 0.00359545 0.0201073 
0.795676 0.0562037 0.0219318 0.0624024 0.0259202 0.00201629 0.0358499 
0.650642 0.106329 0.0125947 0.149358 0.0583709 0.0027753 0.0199302 
0.537914 0.0447439 0.0112511 0.327374 0.0649536 0.00156413 0.0121995 
0.621173 0.033318 0.0143112 0.260096 0.0561016 0.00163813 0.0133618 
0.671937 0.0355422 0.0199947 0.215795 0.0381245 0.00155546 0.0170509 
0.565026 0.0356432 0.0129033 0.324387 0.0499834 0.00129236 0.010765 
0.580248 0.0383078 0.012731 0.312248 0.0452441 0.00130298 0.00991852 
0.590265 0.0359729 0.0119929 0.287198 0.0605763 0.00156495 0.0124306 
0.551099 0.0498169 0.00958063 0.246671 0.126719 0.00212782 0.0139854 
0.414737 0.0409448 0.00841303 0.355826 0.163204 0.00187997 0.0149959 
0.425785 0.0287762 0.00856875 0.416251 0.106236 0.0010236 0.0133597 
0.581695 0.0303854 0.011934 0.262424 0.0966034 0.00139292 0.0155655 
0.607238 0.0324522 0.0160147 0.235975 0.0851801 0.00135947 0.0217808 
0.618264 0.0439054 0.0121671 0.213021 0.0958298 0.00223407 0.0145785 
0.62251 0.0558478 0.011062 0.201121 0.0904705 0.00232102 0.016668 
0.55746 0.0525129 0.0123564 0.276121 0.0793968 0.00182873 0.0203235 
0.59957 0.0437818 0.0125068 0.246073 0.0794399 0.00160667 0.0170222 
0.424622 0.0436485 0.0112236 0.458707 0.0495833 0.00146475 0.0107511 
0.62586 0.0512729 0.0151517 0.255568 0.0365236 0.00181305 0.0138112 
0.514945 0.045341 0.0122095 0.311073 0.0991193 0.00187394 0.0154381 
0.606122 0.0319361 0.0161814 0.271355 0.0596841 0.00142336 0.0132984 
0.674068 0.0555702 0.0158291 0.206704 0.0329631 0.00176731 0.013098 
0.741311 0.0485208 0.0207411 0.137713 0.0306493 0.00201481 0.0190496 
0.785959 0.0745703 0.0214799 0.0679936 0.023438 0.00245731 0.0241024 
0.763847 0.0460985 0.0158257 0.0821296 0.0694942 0.00234101 0.0202638 
0.710285 0.0854549 0.0166005 0.130136 0.0424986 0.00245537 0.0125704 
0.761647 0.0443218 0.0189123 0.127337 0.0331926 0.00155449 0.0130353 
0.746269 0.0585126 0.0214825 0.123831 0.0318319 0.00206746 0.0160057 
0.773779 0.0735066 0.0167867 0.0831752 0.0364886 0.00252019 0.013744 
0.665677 0.0632337 0.0126715 0.137475 0.104143 0.00273929 0.0140603 
0.603893 0.076225 0.0128349 0.145168 0.13977 0.00387851 0.0182306 
0.726012 0.0606956 0.0174651 0.102461 0.0718215 0.00254926 0.0189953 
0.623285 0.088054 0.0121806 0.0990316 0.157059 0.00479653 0.0155934 
0.680567 0.0610774 0.0128281 0.138665 0.0896235 0.00272341 0.0145157 
0.624789 0.0553894 0.011317 0.167344 0.126978 0.00276129 0.011421 
0.647569 0.0567469 0.0128563 0.182143 0.0863879 0.00247571 0.0118208 
0.699932 0.0662239 0.012482 0.122341 0.0842658 0.00287392 0.0118813 
0.723246 0.0703855 0.0163691 0.117016 0.056666 0.00304925 0.0132676 
0.762535 0.055377 0.0183809 0.0996191 0.0445901 0.00224399 0.0172541 
0.674513 0.0521394 0.0166003 0.175169 0.0637072 0.00201692 0.0158547 
0.637544 0.0715253 0.0138144 0.144932 0.110856 0.00309023 0.0182379 
0.741033 0.0591093 0.0190739 0.11213 0.0471665 0.0019196 0.0195674 
0.722814 0.0854071 0.0185813 0.101965 0.0478581 0.00247626 0.0208977 
0.751096 0.0700755 0.0181488 0.0711676 0.0672619 0.0026292 0.0196205 
0.779898 0.0557473 0.0133607 0.0677691 0.0692459 0.00256248 0.0114169 
0.674513 0.0549025 0.0146458 0.12589 0.11237 0.00282419 0.0148549 
0.711147 0.047641 0.0180953 0.134414 0.0714758 0.00213545 0.0150913 
0.606908 0.0503521 0.0115279 0.17448 0.140485 0.00217032 0.0140769 
0.6361 0.0326893 0.0135435 0.158547 0.144574 0.00183392 0.0127124 
0.75592 0.0518503 0.0186972 0.101919 0.0530814 0.0022465 0.0162858 
0.647252 0.0358202 0.0186729 0.189664 0.0891487 0.00160199 0.0178401 
0.655577 0.0302127 0.0234309 0.227716 0.0438491 0.00122886 0.0179861 
0.59742 0.0295985 0.0166593 0.26255 0.0779812 0.00132189 0.014469 
0.469448 0.0433036 0.0111063 0.334716 0.128493 0.00182735 0.0111057 
0.475491 0.0418479 0.00943887 0.278932 0.181975 0.00177037 0.0105448 
0.566133 0.0390902 0.0127099 0.262442 0.10612 0.00168824 0.011817 
0.616688 0.0365801 0.0166719 0.257723 0.0602548 0.00124568 0.0108369 
0.522801 0.038999 0.0145639 0.323996 0.0850254 0.00141409 0.0132014 
0.634195 0.0412148 0.0158003 0.214895 0.0797284 0.00190056 0.0122654 
0.579781 0.0739333 0.0120081 0.221447 0.0988569 0.00284579 0.0111277 
0.652264 0.0424518 0.0179476 0.217096 0.05431 0.00158761 0.0143439 
0.56261 0.0449509 0.016669 0.283854 0.0749555 0.00159801 0.0153634 
0.514641 0.0466227 0.0127446 0.327472 0.0850551 0.0018836 0.0115811 
0.519218 0.0419062 0.0141136 0.328116 0.0817931 0.00162943 0.0132237 
0.537864 0.0319832 0.0155893 0.341385 0.0594074 0.00124084 0.0125299 
0.66664 0.0394159 0.0161628 0.196009 0.0666744 0.00175465 0.0133433 
0.5921 0.0513873 0.0128009 0.194905 0.133234 0.00236383 0.013209 
0.672112 0.0753271 0.0148898 0.105912 0.114066 0.00359405 0.0140983 
0.689924 0.0604794 0.0159502 0.111734 0.103925 0.00276745 0.0152205 
0.738283 0.0405511 0.0185331 0.101651 0.0825542 0.00193933 0.0164875 
0.589908 0.0347038 0.0179012 0.234119 0.10598 0.00136708 0.0160207 
0.686763 0.0529219 0.0212511 0.172142 0.0479894 0.00173019 0.0172026 
0.591186 0.0889467 0.0146157 0.151404 0.13111 0.00355356 0.0191845 
0.58345 0.0655014 0.0159359 0.215748 0.101098 0.00247197 0.0157948 
0.61471 0.0542021 0.0137432 0.201419 0.100472 0.0023073 0.0131474 
0.641999 0.0837357 0.0134996 0.123895 0.115383 0.00369783 0.0177895 
0.517839 0.0578283 0.0146843 0.296118 0.0971894 0.00198386 0.0143568 
0.474379 0.0558786 0.0110666 0.20044 0.241616 0.00248365 0.014136 
0.501018 0.0469239 0.0110742 0.22776 0.199097 0.0021056 0.0120215 
0.637758 0.0704557 0.0140405 0.119995 0.138345 0.00316987 0.0162357 
0.582748 0.0468144 0.0149264 0.227089 0.112803 0.00184625 0.0137739 
0.706306 0.0516726 0.0182989 0.154393 0.05606 0.00171901 0.0115502 
0.654986 0.0622774 0.0155708 0.139739 0.108907 0.00262456 0.015896 
0.682903 0.0411716 0.0201897 0.163985 0.0752664 0.00189131 0.0145927 
0.569287 0.0630938 0.0159087 0.254928 0.0820104 0.00262487 0.0121478 
0.571602 0.0720404 0.0109729 0.180424 0.150323 0.00361071 0.0110278 
0.579684 0.0712945 0.0118213 0.16061 0.160293 0.00360777 0.0126899 
0.633193 0.0682852 0.0150133 0.140645 0.124319 0.00323577 0.0153089 
0.68694 0.053277 0.0166296 0.127163 0.0974945 0.00282697 0.0156694 
0.654164 0.0454765 0.0168959 0.174159 0.0946033 0.00203812 0.0126632 
0.606491 0.042639 0.0149296 0.22554 0.0963767 0.00182424 0.0121994 
0.518483 0.0558341 0.0117976 0.211073 0.187072 0.00264256 0.0130977 
0.522102 0.0389309 0.0137435 0.264215 0.145554 0.00169606 0.0137584 
0.618818 0.0347945 0.0222427 0.218919 0.0871396 0.0014931 0.0165937 
0.567148 0.0395634 0.0163239 0.263909 0.0984201 0.00189288 0.0127427 
0.629455 0.0322438 0.0209887 0.236712 0.0678658 0.00148403 0.0112513 
0.513641 0.0348505 0.0152538 0.334007 0.0913566 0.00157542 0.00931608 
0.684369 0.0491857 0.0167177 0.148733 0.0860839 0.00219662 0.0127141 
0.688128 0.0602754 0.0174937 0.146724 0.0736336 0.0024643 0.0112815 
0.726293 0.0510418 0.0198325 0.148608 0.042495 0.00206378 0.00966603 
0.603061 0.107323 0.0157532 0.192604 0.0672485 0.00272752 0.011283 
0.61539 0.061528 0.018421 0.207867 0.0836149 0.00234643 0.0108322 
0.674636 0.0771498 0.021947 0.145464 0.0683545 0.00284892 0.00959986 
0.700342 0.0479046 0.0273631 0.117953 0.0919941 0.00269724 0.0117458 
0.63108 0.0384895 0.0180601 0.130647 0.169204 0.00223212 0.0102877 
0.642783 0.0557731 0.0211412 0.153729 0.11365 0.00295066 0.00997184 
0.686407 0.0705519 0.0203513 0.119584 0.0882224 0.00322415 0.0116592 
0.674193 0.0491042 0.0206172 0.125913 0.117666 0.00324181 0.0092651 
0.696979 0.0419323 0.0186128 0.0781822 0.152178 0.00310137 0.0090142 
0.714723 0.0537458 0.0227854 0.0690873 0.124385 0.00434521 0.0109287 
0.70562 0.0477143 0.0243093 0.102258 0.105887 0.00338196 0.0108289 
0.6813 0.0543345 0.0212316 0.127632 0.102404 0.00368741 0.0094107 
0.596792 0.0496996 0.0171211 0.136077 0.187436 0.00341412 0.0094593 
0.658134 0.0632324 0.0213782 0.0839376 0.159223 0.00402733 0.0100675 
0.642715 0.0568779 0.0187709 0.108997 0.160053 0.00298544 0.00960098 
0.747919 0.0429203 0.0315713 0.120882 0.0460578 0.00195468 0.00869473 
0.650156 0.021355 0.0325444 0.222695 0.0648452 0.0014194 0.00698533 
0.747744 0.0193245 0.0480572 0.153469 0.0226719 0.00161634 0.00711674 
0.841971 0.0149608 0.0547203 0.0495881 0.023538 0.00271072 0.0125106 
0.8112 0.0159437 0.044104 0.0717152 0.042285 0.00307067 0.011681 
0.807962 0.0180482 0.0339525 0.0778056 0.0480876 0.00232925 0.011815 
0.710468 0.0229672 0.0182161 0.0931168 0.144902 0.00309121 0.00723924 
0.788366 0.0290447 0.0253299 0.047779 0.0918922 0.00315794 0.0144305 
0.798553 0.0259074 0.0249237 0.0769654 0.0608987 0.00249228 0.0102598 
0.812405 0.0270775 0.0275935 0.0648755 0.0522629 0.00227627 0.0135092 
0.805303 0.0280548 0.0219698 0.0593135 0.0699111 0.00351696 0.0119313 
0.714098 0.0235486 0.0182614 0.138335 0.0949466 0.00313117 0.00767837 
0.745704 0.0300779 0.0202332 0.122923 0.0696815 0.0033114 0.00806887 
0.773067 0.0286633 0.0272379 0.107601 0.0490927 0.00262207 0.0117161 
0.622021 0.030326 0.0233936 0.243034 0.0680785 0.00189698 0.0112505 
0.769611 0.0390218 0.0262903 0.102859 0.0469648 0.00239492 0.0128578 
0.805169 0.0428238 0.0268481 0.0732165 0.0376234 0.00284865 0.0114707 
0.811631 0.0356529 0.0294457 0.073837 0.0344432 0.00270629 0.0122842 
0.796259 0.0363914 0.0276121 0.078197 0.0465537 0.00236109 0.0126252 
0.752271 0.0843171 0.0246256 0.0444546 0.0706181 0.00443291 0.019281 
0.658636 0.0625167 0.0211534 0.0805501 0.152386 0.00344443 0.0213136 
0.631013 0.0531614 0.0154944 0.0660447 0.216138 0.00301499 0.0151334 
0.515047 0.0443414 0.0145287 0.174763 0.236852 0.00223362 0.0122333 
0.663003 0.0440908 0.0178232 0.12595 0.132486 0.00228946 0.0143581 
0.664051 0.0559147 0.0155183 0.114528 0.134008 0.00340141 0.0125782 
0.700051 0.0598731 0.0179314 0.122409 0.085712 0.00268404 0.0113401 
0.781425 0.0435922 0.0204668 0.0800849 0.0594362 0.00226494 0.0127299 
0.682241 0.0698976 0.018431 0.0325858 0.161393 0.00460692 0.0308454 
0.798298 0.0359545 0.0283577 0.055139 0.0561582 0.00242807 0.0236646 
0.777521 0.0389623 0.0268131 0.102167 0.0361209 0.00238215 0.0160333 
0.800932 0.0485752 0.027564 0.0793664 0.0272628 0.00262176 0.0136777 
0.816059 0.0324703 0.0305695 0.0735153 0.0262801 0.00280078 0.018305 
0.814107 0.0338934 0.0317662 0.0852897 0.0188245 0.00228916 0.0138303 
0.812459 0.0262903 0.0279159 0.0888213 0.027853 0.00234322 0.0143178 
0.789364 0.0470741 0.0219446 0.0856212 0.0388671 0.002882 0.0142467 
0.750483 0.0483271 0.0224039 0.136081 0.02829 0.00241253 0.0120026 
0.759684 0.040675 0.0226857 0.12822 0.0337147 0.00249834 0.0125228 
0.798412 0.0434107 0.0219394 0.0792787 0.0390734 0.00303629 0.0148496 
0.76688 0.0381652 0.0179246 0.0777629 0.0817667 0.0027194 0.0147812 
0.768754 0.0468758 0.023295 0.118826 0.0251796 0.00198223 0.0150873 
0.829059 0.0472907 0.0225983 0.0519811 0.0280307 0.00335163 0.0176884 
0.836476 0.0442394 0.0232422 0.060032 0.0199326 0.00243309 0.0136448 
0.835942 0.0559875 0.0209802 0.0467333 0.0222305 0.00458251 0.0135436 
0.788923 0.0490174 0.0149692 0.0730824 0.0600019 0.00294 0.0110665 
0.799235 0.0452199 0.0172332 0.0841503 0.0414037 0.00307618 0.00968188 
0.793365 0.0448743 0.0203928 0.0583495 0.0639114 0.00319402 0.0159133 
0.753009 0.0699788 0.0190027 0.0745939 0.0671455 0.00327469 0.0129955 
0.746046 0.0578669 0.017184 0.0677876 0.0928228 0.00344171 0.014851 
0.723827 0.0559449 0.0248215 0.0550593 0.116496 0.00494377 0.0189074 
0.60373 0.0458296 0.0117603 0.0816471 0.242704 0.00335222 0.0109766 
0.660407 0.0453047 0.0169693 0.0677494 0.192675 0.00425047 0.0126441 
0.737831 0.0607794 0.0175364 0.0661394 0.101965 0.00455615 0.0111923 
0.693688 0.044973 0.0186301 0.0911006 0.138696 0.00358664 0.00932564 
0.645271 0.050737 0.0148192 0.0783308 0.197351 0.00373678 0.00975417 
0.72726 0.0533492 0.0205705 0.0897241 0.095249 0.0035007 0.0103467 
0.76588 0.0718487 0.02108 0.0506247 0.0746749 0.00419943 0.0116925 
0.730836 0.059689 0.0219397 0.044845 0.123144 0.00573436 0.0138124 
0.695036 0.0629006 0.0143765 0.0634545 0.150658 0.0052646 0.00830923 
0.70283 0.0601274 0.0155957 0.0803927 0.127003 0.00402139 0.0100305 
0.793518 0.0430591 0.0231536 0.0446284 0.0798397 0.00407846 0.0117229 
0.716543 0.0452543 0.0150483 0.0576459 0.152114 0.00454627 0.00884885 
0.809002 0.0589038 0.0229696 0.0441863 0.0482432 0.00393827 0.0127569 
0.811277 0.0349062 0.0269329 0.0714053 0.0403868 0.00415209 0.0109395 
0.774149 0.039667 0.0253038 0.0952824 0.0519234 0.00330338 0.0103714 
0.808243 0.0338973 0.0213545 0.04838 0.0738683 0.00415195 0.0101048 
0.792046 0.0358269 0.0176274 0.0549539 0.0867903 0.00364805 0.00910747 
0.775362 0.034119 0.0196218 0.0911343 0.0671007 0.00373182 0.00892999 
0.795566 0.0451766 0.0215672 0.0636026 0.0597849 0.00408923 0.0102135 
0.815907 0.038834 0.0310152 0.0540442 0.0453025 0.00316376 0.0117329 
0.833682 0.0312909 0.0302012 0.0575991 0.0350217 0.00308435 0.0091212 
0.777964 0.0459613 0.0238396 0.0694524 0.0670416 0.00388149 0.0118591 
0.803077 0.0304804 0.0301589 0.0701132 0.049798 0.00243235 0.01394 
0.752831 0.0456948 0.0245218 0.059992 0.095918 0.0028429 0.0181992 
0.71353 0.0303873 0.0179332 0.0773843 0.147056 0.00296089 0.0107482 
0.614203 0.0332023 0.0146428 0.097826 0.22783 0.00297689 0.00931869 
0.745663 0.0297516 0.0228352 0.0508731 0.134519 0.00333081 0.0130274 
0.785929 0.0307225 0.0320804 0.070245 0.0621431 0.00253323 0.016347 
0.840888 0.0310529 0.0310476 0.0511588 0.0300901 0.00250079 0.0132618 
0.825666 0.052135 0.0282449 0.0581173 0.0210971 0.00334344 0.0113967 
