0.785088 0.0721824 0.0384049 0.0126154 0.06021 0.00471058 0.0267886 
0.793909 0.0721732 0.0441813 0.0134363 0.047286 0.00556034 0.0234534 
0.815092 0.0581625 0.0521457 0.0109668 0.0343796 0.00417707 0.0250764 
0.818004 0.0472984 0.0705307 0.00973963 0.0185687 0.00485562 0.0310031 
0.816189 0.0353067 0.0750279 0.019383 0.0328897 0.00272309 0.0184806 
0.807505 0.0206394 0.135299 0.00710802 0.00394401 0.00232545 0.023179 
0.855178 0.0233904 0.0798395 0.00891086 0.0111823 0.00336413 0.0181352 
0.842955 0.0233684 0.0730069 0.0125002 0.0271408 0.00312606 0.0179029 
0.826401 0.0305854 0.0466098 0.027136 0.0514256 0.00339051 0.0144514 
0.799683 0.0496491 0.0437983 0.0258192 0.0597349 0.00372035 0.0175956 
0.83834 0.0397923 0.0704692 0.0123703 0.0178213 0.00332652 0.0178804 
0.864949 0.0223011 0.0722889 0.00941212 0.0114631 0.00420727 0.0153789 
0.838036 0.0240753 0.0842002 0.0210794 0.0144576 0.00299313 0.0151586 
0.838874 0.0281582 0.0629573 0.0307048 0.0278161 0.00231733 0.00917276 
0.826186 0.0283416 0.090435 0.0165834 0.0179387 0.00237616 0.0181391 
0.800866 0.0398388 0.044077 0.0149216 0.0774156 0.00407267 0.0188081 
0.784072 0.0314681 0.039064 0.0502862 0.0775925 0.00261188 0.0149057 
0.666708 0.0421629 0.0333222 0.0736721 0.162638 0.00261501 0.0188822 
0.697614 0.0478319 0.029959 0.0717569 0.13588 0.00251851 0.01444 
0.756579 0.0435789 0.0522511 0.0321019 0.0929606 0.00476635 0.0177619 
0.791189 0.0266198 0.0584115 0.0490392 0.0596467 0.00480288 0.0102913 
0.602363 0.0192973 0.0285409 0.131902 0.205575 0.00237495 0.00994772 
0.563733 0.0235519 0.0228551 0.165844 0.211859 0.00341771 0.00873987 
0.823327 0.032004 0.0540635 0.0401168 0.0338087 0.00371177 0.0129683 
0.832097 0.0397304 0.0660263 0.0202069 0.0203223 0.00339187 0.0182254 
0.816627 0.0391882 0.0502312 0.0574689 0.0226229 0.00190026 0.0119612 
0.809127 0.0452278 0.0433678 0.0526253 0.0330286 0.00175515 0.0148683 
0.743417 0.0542381 0.033798 0.0699556 0.0799009 0.00277139 0.0159191 
0.643277 0.0696872 0.0381433 0.0727411 0.149384 0.00357206 0.023196 
0.603785 0.0727893 0.0477623 0.084965 0.160059 0.00432606 0.0263129 
0.609661 0.059792 0.0477165 0.12087 0.13563 0.0037322 0.0225978 
0.614188 0.0455447 0.0423681 0.162406 0.116597 0.0031629 0.0157325 
0.483396 0.0282299 0.0368081 0.273076 0.159295 0.00264961 0.0165456 
0.402394 0.0318458 0.0239952 0.16705 0.361124 0.00344346 0.0101473 
0.625723 0.0266766 0.0651471 0.154908 0.105421 0.00403301 0.0180916 
0.552193 0.0329628 0.0179277 0.073447 0.310243 0.00710799 0.00611891 
0.733185 0.03813 0.10087 0.0110543 0.0576001 0.0311468 0.0280138 
0.72872 0.0736457 0.0716566 0.0365383 0.0512653 0.0150605 0.0231132 
0.64932 0.0585924 0.0392559 0.0846747 0.144582 0.0127101 0.0108644 
0.780006 0.0193062 0.154313 0.0112049 0.00281642 0.0112584 0.0210944 
0.773732 0.0187449 0.117409 0.0347648 0.00938353 0.0322423 0.0137235 
0.767669 0.0154861 0.161108 0.044767 0.00160188 0.00303951 0.0063289 
0.702905 0.00561386 0.249624 0.00417408 3.14193E-4 0.0326171 0.00475225 
0.501549 0.00451245 0.470946 0.00103816 1.15923E-4 0.0163396 0.00549896 
0.602826 0.0550654 0.01293 0.0884367 0.225382 0.00331319 0.0120467 
0.680907 0.0579566 0.0180565 0.0853874 0.139121 0.00303813 0.0155329 
0.794198 0.0519934 0.0215559 0.0506834 0.0635839 0.00284948 0.0151359 
0.764462 0.0643811 0.0165396 0.0434951 0.0902754 0.00409906 0.0167476 
0.762423 0.0850806 0.0192116 0.0505368 0.0637222 0.00323775 0.0157882 
0.727475 0.076041 0.0176967 0.0756897 0.0866401 0.00371812 0.0127393 
0.802049 0.059293 0.0236997 0.0540863 0.0468795 0.0028575 0.0111349 
0.744035 0.0495892 0.0183652 0.0974921 0.0769382 0.00264005 0.0109406 
0.681945 0.0515983 0.0179094 0.0852476 0.145994 0.00319667 0.0141095 
0.615798 0.0604439 0.0143785 0.0603259 0.229724 0.00400056 0.0153293 
0.671507 0.059892 0.0160048 0.0659973 0.169056 0.00419355 0.0133488 
0.760747 0.0557414 0.022981 0.0651486 0.0749878 0.00300815 0.0173857 
0.676654 0.0915549 0.0173111 0.0614952 0.129926 0.00560529 0.0174536 
0.742968 0.0838794 0.0178492 0.0473323 0.08693 0.00461249 0.0164285 
0.739072 0.0697498 0.019972 0.0545705 0.0945611 0.0047889 0.0172855 
0.71247 0.0611792 0.018023 0.0790502 0.111017 0.00348423 0.0147766 
0.789259 0.0571777 0.0236695 0.0542401 0.0588693 0.00273664 0.0140477 
0.786466 0.0427576 0.0212288 0.0626137 0.0706592 0.00250156 0.0137734 
0.763199 0.0622311 0.0211288 0.0669782 0.0664902 0.00284281 0.0171298 
0.78486 0.0652197 0.0249992 0.0596634 0.0455577 0.00303966 0.0166605 
0.746627 0.0435258 0.0181458 0.0785301 0.0973138 0.00296604 0.0128916 
0.73814 0.0642535 0.0197272 0.0761203 0.084108 0.00340381 0.0142475 
0.697165 0.0869195 0.0164504 0.0460153 0.133236 0.0050855 0.0151278 
0.724591 0.0974845 0.017687 0.0394042 0.0990825 0.00409557 0.0176547 
0.776487 0.0780057 0.0226262 0.0492768 0.0522173 0.00325198 0.0181348 
0.689001 0.0725609 0.0148032 0.0772073 0.128527 0.00402109 0.0138798 
0.775418 0.05955 0.0225829 0.0591818 0.0656475 0.00269822 0.0149214 
0.773775 0.049281 0.0228931 0.0729856 0.0638774 0.0022694 0.0149185 
0.809263 0.0531944 0.0230423 0.0475828 0.0494908 0.00243846 0.0149885 
0.747204 0.0652492 0.0176463 0.060247 0.0930255 0.00326756 0.0133608 
0.819829 0.0643858 0.0288485 0.0370513 0.0298753 0.00289052 0.0171194 
0.826271 0.0592013 0.0269218 0.0373989 0.0302271 0.00288298 0.0170975 
0.776084 0.0720933 0.0278155 0.0727837 0.0320839 0.00252145 0.0166183 
0.736445 0.0823741 0.0318842 0.0336191 0.0878848 0.00505765 0.0227348 
0.747347 0.0665036 0.037723 0.0437321 0.0793524 0.00377019 0.0215714 
0.709602 0.0601262 0.0585722 0.064131 0.079904 0.00345797 0.0242065 
0.696246 0.0505551 0.0878883 0.0668552 0.0652207 0.00396432 0.0292703 
0.692596 0.0572036 0.0566279 0.0297009 0.13112 0.00492621 0.0278251 
0.67428 0.0740793 0.0501897 0.0302835 0.137158 0.00575248 0.0282566 
0.689912 0.0594372 0.0574691 0.0431354 0.116386 0.00486792 0.0287929 
0.698519 0.0634705 0.0737599 0.0413209 0.08914 0.00570959 0.0280797 
0.620309 0.0641235 0.070208 0.069553 0.142511 0.00623612 0.0270595 
0.547619 0.0694376 0.0466791 0.0659782 0.241528 0.00700767 0.0217502 
0.563224 0.0789761 0.045329 0.0947489 0.190985 0.0084017 0.0183351 
0.646394 0.0905687 0.0552098 0.0711256 0.108645 0.00762596 0.0204314 
0.637815 0.0819331 0.0616401 0.100049 0.089436 0.00735527 0.0217721 
0.292752 0.0859282 0.0192177 0.111763 0.465707 0.0118659 0.0127661 
0.298744 0.0595601 0.0281273 0.24805 0.334502 0.0102796 0.0207368 
0.178748 0.0460205 0.021988 0.34158 0.385799 0.00926137 0.016603 
0.141588 0.0336683 0.0188267 0.440668 0.344118 0.00796497 0.0131661 
0.149033 0.039351 0.0232517 0.545725 0.220599 0.00895417 0.0130862 
0.157185 0.0295652 0.0210371 0.443864 0.325946 0.00825483 0.0141487 
0.271128 0.0381765 0.0283707 0.303413 0.333013 0.00956307 0.0163354 
0.277611 0.0496369 0.0285252 0.29004 0.327352 0.0110511 0.015784 
0.319745 0.0500282 0.0208283 0.224743 0.364061 0.0081897 0.0124051 
0.267649 0.0318994 0.0222975 0.248069 0.409639 0.00739807 0.0130478 
0.325382 0.0356916 0.0295394 0.245573 0.341894 0.00769565 0.0142244 
0.206261 0.02922 0.0255577 0.247477 0.468277 0.00858621 0.0146214 
0.266935 0.0439851 0.0275496 0.238081 0.398369 0.00900554 0.016075 
0.602826 0.0550654 0.01293 0.0884367 0.225382 0.00331319 0.0120467 
0.680907 0.0579566 0.0180565 0.0853874 0.139121 0.00303813 0.0155329 
0.794198 0.0519934 0.0215559 0.0506834 0.0635839 0.00284948 0.0151359 
0.764462 0.0643811 0.0165396 0.0434951 0.0902754 0.00409906 0.0167476 
0.762423 0.0850806 0.0192116 0.0505368 0.0637222 0.00323775 0.0157882 
0.727475 0.076041 0.0176967 0.0756897 0.0866401 0.00371812 0.0127393 
0.802049 0.059293 0.0236997 0.0540863 0.0468795 0.0028575 0.0111349 
0.744035 0.0495892 0.0183652 0.0974921 0.0769382 0.00264005 0.0109406 
0.681945 0.0515983 0.0179094 0.0852476 0.145994 0.00319667 0.0141095 
0.615798 0.0604439 0.0143785 0.0603259 0.229724 0.00400056 0.0153293 
0.671507 0.059892 0.0160048 0.0659973 0.169056 0.00419355 0.0133488 
0.760747 0.0557414 0.022981 0.0651486 0.0749878 0.00300815 0.0173857 
0.676654 0.0915549 0.0173111 0.0614952 0.129926 0.00560529 0.0174536 
0.742968 0.0838794 0.0178492 0.0473323 0.08693 0.00461249 0.0164285 
0.739072 0.0697498 0.019972 0.0545705 0.0945611 0.0047889 0.0172855 
0.71247 0.0611792 0.018023 0.0790502 0.111017 0.00348423 0.0147766 
0.789259 0.0571777 0.0236695 0.0542401 0.0588693 0.00273664 0.0140477 
0.786466 0.0427576 0.0212288 0.0626137 0.0706592 0.00250156 0.0137734 
0.763199 0.0622311 0.0211288 0.0669782 0.0664902 0.00284281 0.0171298 
0.78486 0.0652197 0.0249992 0.0596634 0.0455577 0.00303966 0.0166605 
0.746627 0.0435258 0.0181458 0.0785301 0.0973138 0.00296604 0.0128916 
0.73814 0.0642535 0.0197272 0.0761203 0.084108 0.00340381 0.0142475 
0.697165 0.0869195 0.0164504 0.0460153 0.133236 0.0050855 0.0151278 
0.724591 0.0974845 0.017687 0.0394042 0.0990825 0.00409557 0.0176547 
0.776487 0.0780057 0.0226262 0.0492768 0.0522173 0.00325198 0.0181348 
0.689001 0.0725609 0.0148032 0.0772073 0.128527 0.00402109 0.0138798 
0.775418 0.05955 0.0225829 0.0591818 0.0656475 0.00269822 0.0149214 
0.773775 0.049281 0.0228931 0.0729856 0.0638774 0.0022694 0.0149185 
0.809263 0.0531944 0.0230423 0.0475828 0.0494908 0.00243846 0.0149885 
0.747204 0.0652492 0.0176463 0.060247 0.0930255 0.00326756 0.0133608 
0.819829 0.0643858 0.0288485 0.0370513 0.0298753 0.00289052 0.0171194 
0.826271 0.0592013 0.0269218 0.0373989 0.0302271 0.00288298 0.0170975 
0.776084 0.0720933 0.0278155 0.0727837 0.0320839 0.00252145 0.0166183 
0.736445 0.0823741 0.0318842 0.0336191 0.0878848 0.00505765 0.0227348 
0.747347 0.0665036 0.037723 0.0437321 0.0793524 0.00377019 0.0215714 
0.709602 0.0601262 0.0585722 0.064131 0.079904 0.00345797 0.0242065 
0.696246 0.0505551 0.0878883 0.0668552 0.0652207 0.00396432 0.0292703 
0.692596 0.0572036 0.0566279 0.0297009 0.13112 0.00492621 0.0278251 
0.67428 0.0740793 0.0501897 0.0302835 0.137158 0.00575248 0.0282566 
0.689912 0.0594372 0.0574691 0.0431354 0.116386 0.00486792 0.0287929 
0.698519 0.0634705 0.0737599 0.0413209 0.08914 0.00570959 0.0280797 
0.620309 0.0641235 0.070208 0.069553 0.142511 0.00623612 0.0270595 
0.547619 0.0694376 0.0466791 0.0659782 0.241528 0.00700767 0.0217502 
0.563224 0.0789761 0.045329 0.0947489 0.190985 0.0084017 0.0183351 
0.646394 0.0905687 0.0552098 0.0711256 0.108645 0.00762596 0.0204314 
0.741849 0.0483588 0.139083 0.00886285 0.0245055 0.00488937 0.032452 
0.783169 0.0683583 0.0743945 0.0190789 0.0355855 0.0035685 0.0158455 
0.811424 0.0272464 0.0972597 0.0288977 0.0230701 0.0019454 0.010157 
0.847333 0.0171672 0.0936584 0.0156131 0.0159218 0.00159707 0.00870959 
0.796622 0.0175398 0.0924909 0.027236 0.0535879 0.00235225 0.0101715 
0.767154 0.0296843 0.0567509 0.0197986 0.110585 0.00262846 0.0133986 
0.736308 0.0296574 0.049818 0.0206893 0.144803 0.00288398 0.0158403 
0.76997 0.0528134 0.0571516 0.0114306 0.086641 0.00476224 0.0172313 
0.804397 0.0261542 0.113113 0.00965778 0.0271167 0.00309067 0.0164701 
0.787659 0.0166619 0.153029 0.00642844 0.0109077 0.00240721 0.0229063 
0.838215 0.0210586 0.0987809 0.00972195 0.0175417 0.00289248 0.0117893 
0.839119 0.0322808 0.0783613 0.0108562 0.0235893 0.00241863 0.0133744 
0.818107 0.0285886 0.0697065 0.0145064 0.0506384 0.00274532 0.0157078 
0.794126 0.0288551 0.114685 0.0084873 0.0276196 0.00266029 0.0235666 
0.807103 0.0225235 0.126755 0.00686125 0.0136289 0.00243601 0.020692 
0.812828 0.0228911 0.10566 0.00839002 0.0254323 0.00233736 0.0224609 
0.736516 0.0151764 0.199073 0.00394133 0.00458183 0.00288279 0.0378288 
0.821349 0.0192724 0.118156 0.00741231 0.0138863 0.00203533 0.0178885 
0.838825 0.0307883 0.0789008 0.00722447 0.0210444 0.00359397 0.019623 
0.832567 0.0388937 0.0848916 0.00646821 0.0141381 0.00307711 0.0199641 
0.83168 0.0253888 0.103206 0.00592516 0.0134805 0.00208583 0.0182334 
0.829704 0.0482279 0.0561025 0.0105045 0.0382301 0.00288905 0.0143423 
0.804892 0.0285191 0.0509893 0.019997 0.0782372 0.00250338 0.0148617 
0.815798 0.0392787 0.043859 0.022062 0.0633132 0.0024264 0.0132625 
0.832537 0.0297169 0.0898374 0.0108177 0.0193865 0.00198292 0.0157219 
0.843719 0.0346559 0.0559249 0.0217198 0.0303755 0.00174082 0.0118641 
0.840214 0.0275853 0.0574526 0.0209037 0.0405382 0.00182435 0.0114818 
0.838218 0.0281578 0.0533127 0.0277497 0.0399882 0.00151311 0.011061 
0.776812 0.0291172 0.0439674 0.0351089 0.101509 0.00181716 0.0116682 
0.816889 0.0342997 0.0523364 0.0175034 0.0620081 0.00271522 0.0142483 
0.822179 0.0234569 0.0672723 0.0267835 0.0460692 0.00184019 0.012399 
0.827894 0.0305465 0.0961619 0.00970897 0.0154419 0.00201282 0.0182343 
0.822079 0.0535947 0.0659352 0.0174404 0.0247575 0.00257448 0.013619 
0.818339 0.0254145 0.078913 0.027448 0.0325175 0.00233464 0.0150336 
0.78511 0.0513063 0.0528082 0.0245566 0.0625483 0.00335531 0.0203151 
0.811223 0.0670439 0.0527127 0.0161369 0.0329691 0.00330572 0.0166092 
0.808866 0.0457154 0.0619471 0.0160691 0.0465164 0.00334098 0.0175449 
0.778104 0.0512175 0.0412313 0.0338493 0.0789022 0.0030949 0.0136013 
0.78996 0.0428475 0.0549578 0.0293424 0.0636124 0.00281986 0.0164602 
0.814744 0.0370051 0.068663 0.0197094 0.0419624 0.00325406 0.0146621 
0.852593 0.0363521 0.0609293 0.0129266 0.0222126 0.00472821 0.0102582 
0.807964 0.0382821 0.0972592 0.0103544 0.0236622 0.0031989 0.0192795 
0.827397 0.0240446 0.0968059 0.0120633 0.0211411 0.00523781 0.0133104 
0.791812 0.0197614 0.0967419 0.0172425 0.0482946 0.00379035 0.0223573 
0.752039 0.0229602 0.0418891 0.0573505 0.111033 0.00255256 0.0121756 
0.828688 0.0232447 0.0651186 0.0221055 0.0433295 0.00315717 0.0143567 
0.789206 0.0244439 0.049896 0.0399552 0.0803184 0.00391436 0.0122666 
0.820617 0.0198919 0.0706607 0.0254574 0.0464854 0.0032485 0.0136391 
0.82103 0.0179092 0.076616 0.0296255 0.0378369 0.00216427 0.0148178 
0.817449 0.0261024 0.0686037 0.0228238 0.0460729 0.00267041 0.0162778 
0.818106 0.0296914 0.0905055 0.0167654 0.02496 0.00283363 0.0171383 
0.820356 0.0277688 0.085859 0.0193228 0.0256681 0.00308051 0.0179447 
0.809288 0.0208113 0.0658856 0.0422128 0.045647 0.00306216 0.0130931 
0.811309 0.0306947 0.0550977 0.0176617 0.0654201 0.00390322 0.0159132 
0.85182 0.0408187 0.0582362 0.00807998 0.0230602 0.00385738 0.0141278 
0.861182 0.0275969 0.0478197 0.00868937 0.0368237 0.00306751 0.0148211 
0.851192 0.0279349 0.0577188 0.0102476 0.0350164 0.00223291 0.0156572 
0.791279 0.0361727 0.0318686 0.0242651 0.0995359 0.00268836 0.0141903 
0.798741 0.0282253 0.0486558 0.03891 0.0675058 0.00208414 0.0158783 
0.820384 0.0243501 0.048332 0.0423035 0.0496002 0.00201208 0.0130184 
0.830523 0.0350137 0.0541509 0.0284126 0.032338 0.00239299 0.0171693 
0.840114 0.0372602 0.0599741 0.028379 0.0169742 0.00223728 0.0150612 
0.866388 0.0268203 0.0684431 0.0122006 0.00881128 0.001673 0.0156636 
0.859356 0.0251327 0.0610239 0.0201036 0.0194567 0.00204543 0.0128814 
0.81744 0.0264954 0.103491 0.00773988 0.0165989 0.00298431 0.0252506 
0.830766 0.028368 0.0686618 0.0124244 0.0354729 0.00244141 0.0218652 
0.816388 0.0285403 0.0637054 0.0248179 0.0432887 0.00210786 0.0211522 
0.817365 0.0209405 0.0701245 0.0356481 0.0368381 0.00182706 0.0172567 
0.841433 0.0249002 0.0923588 0.00781186 0.0123062 0.002774 0.0184157 
0.836941 0.0213289 0.0846298 0.0167893 0.0208668 0.00236882 0.0170756 
0.830851 0.01952 0.0894713 0.0171521 0.0229381 0.00175459 0.0183127 
0.833944 0.018529 0.0789307 0.02013 0.0300789 0.00202204 0.0163658 
0.816379 0.0155667 0.0978671 0.0227393 0.0290698 0.00166713 0.0167107 
0.821697 0.0178561 0.090933 0.0208611 0.0292696 0.00243219 0.0169513 
0.766424 0.0219163 0.1261 0.0207262 0.0360896 0.00229954 0.0264446 
0.785005 0.0285019 0.0768075 0.0253461 0.063017 0.00243593 0.0188861 
0.818957 0.0237639 0.0672263 0.031202 0.0426159 0.00202309 0.0142122 
0.827591 0.0361245 0.0738586 0.0122471 0.0274973 0.00309742 0.019584 
0.82812 0.0361078 0.0763453 0.0132309 0.0243104 0.00233073 0.0195553 
0.831283 0.0504939 0.0734656 0.00669035 0.015877 0.00288356 0.019307 
0.818016 0.0269866 0.0892865 0.0106903 0.0316117 0.00232613 0.0210827 
0.846998 0.0351697 0.0597996 0.0132034 0.0253825 0.00219664 0.01725 
0.834226 0.0498229 0.0496703 0.0162275 0.0337539 0.00241378 0.0138854 
0.85006 0.0360874 0.0480026 0.0123995 0.0348439 0.00206501 0.0165417 
0.821947 0.04488 0.0422071 0.0188543 0.0535761 0.00244241 0.0160934 
0.847562 0.0249655 0.0568757 0.0146915 0.0405207 0.00207314 0.0133113 
0.794545 0.0350094 0.0441841 0.0209279 0.0880842 0.00274479 0.0145045 
0.821817 0.0301387 0.038941 0.0250866 0.0685467 0.00240282 0.0130676 
0.77304 0.054216 0.0314293 0.0266239 0.0991438 0.00387262 0.0116742 
0.763731 0.048589 0.0457256 0.0219311 0.0983206 0.00355248 0.0181505 
0.754236 0.0962069 0.0407846 0.0201055 0.0664408 0.00654236 0.0156842 
0.813908 0.0622141 0.0442868 0.0187453 0.0415324 0.00478853 0.0145246 
0.78634 0.0610159 0.041002 0.0155454 0.0726539 0.00464986 0.0187924 
0.776052 0.0688594 0.0325291 0.0222093 0.0779449 0.00486377 0.0175417 
0.817114 0.0645882 0.0365404 0.0223802 0.0379734 0.00300442 0.0183998 
0.820131 0.066505 0.0389088 0.017849 0.0344523 0.00297196 0.0191814 
0.826599 0.0733086 0.0370555 0.0158326 0.0258708 0.00279817 0.0185358 
0.809778 0.0841216 0.0392398 0.0124521 0.0313715 0.00404129 0.0189953 
0.815204 0.0489819 0.0480899 0.0230239 0.0393038 0.00317289 0.0222232 
0.826412 0.0460881 0.0409509 0.021021 0.0438835 0.00283399 0.0188102 
0.833236 0.0561017 0.0469415 0.00928656 0.0267252 0.00451434 0.0231945 
0.781956 0.0711243 0.0310968 0.0155281 0.0742311 0.00389627 0.0221673 
0.775017 0.070703 0.026081 0.020284 0.0842205 0.00435798 0.0193363 
0.784425 0.0705881 0.0294607 0.0317028 0.0595334 0.00338441 0.0209056 
