0.779632 0.0395516 0.0524646 0.028074 0.0796034 0.00567529 0.0149991 
0.792869 0.033198 0.0684363 0.0222142 0.0599261 0.00436969 0.0189862 
0.793449 0.0427279 0.065417 0.026396 0.0493526 0.00524482 0.0174122 
0.793325 0.0516645 0.0705061 0.0184488 0.041933 0.00457595 0.0195471 
0.727028 0.0316105 0.046522 0.0377542 0.138143 0.00335488 0.0155875 
0.747204 0.0347713 0.0440746 0.0391129 0.116436 0.00340284 0.0149994 
0.777633 0.0451218 0.0407757 0.0380031 0.0809686 0.00394886 0.0135488 
0.730218 0.0375181 0.0460086 0.0473094 0.121554 0.00327452 0.0141178 
0.722899 0.0505497 0.0486116 0.0303038 0.127525 0.00410086 0.0160094 
0.759456 0.0437121 0.0846615 0.0325776 0.0587682 0.00242001 0.0184041 
0.771449 0.0614796 0.0624209 0.0297731 0.0552113 0.00273732 0.0169284 
0.740531 0.043657 0.0447856 0.0534377 0.102462 0.00317933 0.0119475 
0.753817 0.0433039 0.0873428 0.0437533 0.0467863 0.00356543 0.0214317 
0.70712 0.0762626 0.0423764 0.0239706 0.125714 0.00569474 0.0188615 
0.691436 0.0628646 0.0463841 0.0268477 0.144781 0.00471511 0.0229716 
0.710469 0.0520405 0.0503292 0.0273273 0.135936 0.00405171 0.0198458 
0.710595 0.0492236 0.0494246 0.0225162 0.141626 0.00411992 0.022494 
0.749434 0.0406567 0.0532785 0.0238321 0.10701 0.00461165 0.0211779 
0.76566 0.0399984 0.0572524 0.0246972 0.0897397 0.0039925 0.0186602 
0.676847 0.0540826 0.0283685 0.02562 0.196228 0.00511224 0.0137418 
0.693159 0.0575377 0.0312601 0.0200567 0.176786 0.00684643 0.0143542 
0.714934 0.0456023 0.0374519 0.0395457 0.141476 0.00455267 0.0164372 
0.757646 0.0674031 0.0442022 0.0295424 0.0776821 0.00556891 0.0179558 
0.728556 0.061631 0.0370494 0.0248765 0.125943 0.00650145 0.0154423 
0.77814 0.0561636 0.0610278 0.0162895 0.0607045 0.00541222 0.0222619 
0.79821 0.0357552 0.0547026 0.0246816 0.0674105 0.00370578 0.0155346 
0.773779 0.0437517 0.0658953 0.0191808 0.0698857 0.00452846 0.0229792 
0.770756 0.0359491 0.0683467 0.0275571 0.0758677 0.00386153 0.0176614 
0.783721 0.037571 0.105795 0.0141348 0.0312118 0.00388523 0.0236808 
0.787166 0.0490358 0.0795648 0.01472 0.0457497 0.00506954 0.0186941 
0.778575 0.055497 0.0709595 0.0187735 0.0544188 0.00624499 0.0155311 
0.783007 0.0391888 0.08457 0.0196891 0.0506021 0.00496531 0.017978 
0.789291 0.0390167 0.0747354 0.014329 0.0588099 0.00504666 0.0187713 
0.764978 0.0444277 0.0766259 0.0184859 0.0696474 0.00479407 0.0210415 
0.76582 0.0426937 0.061091 0.0269761 0.0804644 0.00436367 0.0185911 
0.779428 0.0243281 0.0774809 0.0359936 0.0615567 0.00329853 0.0179142 
0.795623 0.0360763 0.0559903 0.0346202 0.0606463 0.00348341 0.0135602 
0.798589 0.0361024 0.079552 0.014477 0.0469046 0.00632601 0.0180491 
0.78522 0.0422323 0.0776744 0.0104773 0.0577453 0.00799207 0.0186588 
0.786714 0.0269213 0.118658 0.0106899 0.0307404 0.00572701 0.0205492 
0.803107 0.0348323 0.0613898 0.0179793 0.0611495 0.00490343 0.0166383 
0.811183 0.0274274 0.0893581 0.0130496 0.0360687 0.00504994 0.0178635 
0.794439 0.0311157 0.071482 0.0275138 0.0549551 0.00310913 0.0173856 
0.782138 0.0435986 0.049661 0.020788 0.0788949 0.00410447 0.0208153 
0.81019 0.0583833 0.0589612 0.0123566 0.0338185 0.00681036 0.0194804 
0.780088 0.0676779 0.061328 0.0188572 0.0437313 0.00619783 0.0221199 
0.787062 0.0382434 0.065754 0.0388791 0.045478 0.00408793 0.0204951 
0.769937 0.0592096 0.0577552 0.0269812 0.0577872 0.00804698 0.0202826 
0.758174 0.0782686 0.0678935 0.0213688 0.0415311 0.0118007 0.0209629 
0.76538 0.0472777 0.0626928 0.0266924 0.0714668 0.00594928 0.0205414 
0.734666 0.0565442 0.059047 0.0313531 0.0961317 0.00721398 0.0150436 
0.749754 0.0394518 0.0645208 0.0477486 0.0770134 0.00567696 0.015834 
0.787842 0.0343919 0.0597759 0.0605402 0.0396638 0.00471214 0.0130741 
0.688003 0.0366593 0.0287802 0.109363 0.123775 0.00264126 0.010778 
0.70514 0.058463 0.0445525 0.0730557 0.0989042 0.00502361 0.014861 
0.649586 0.0597358 0.0341451 0.110913 0.127127 0.00340048 0.0150931 
0.681412 0.0728657 0.0288601 0.0777588 0.119857 0.00423399 0.0150128 
0.530893 0.0422879 0.0183879 0.069346 0.325355 0.00333989 0.0103905 
0.561305 0.0443399 0.0202054 0.105743 0.252975 0.00301556 0.0124158 
0.596019 0.0859843 0.0252664 0.0452902 0.221519 0.00485826 0.0210632 
0.66952 0.0825989 0.0270566 0.0325743 0.155802 0.00528839 0.027159 
0.784312 0.0930305 0.0349872 0.0183701 0.0403925 0.0044164 0.0244917 
0.730845 0.0956265 0.0512653 0.0504023 0.0432991 0.00245484 0.0261067 
0.736452 0.038229 0.049242 0.0751262 0.0785827 0.00181659 0.0205513 
0.814702 0.055551 0.0516545 0.027691 0.0323703 0.00184796 0.0161829 
0.717408 0.0538892 0.0507253 0.0977775 0.0579044 0.00202376 0.0202724 
0.823444 0.0751165 0.0473518 0.0219647 0.0133851 0.00264329 0.016095 
0.777683 0.132732 0.0418122 0.017012 0.010062 0.00374799 0.0169506 
0.751375 0.111859 0.0750065 0.0158705 0.010449 0.013655 0.0217847 
0.721566 0.0757108 0.0370147 0.0238071 0.119676 0.0106672 0.0115586 
0.704092 0.0692264 0.138275 0.00841419 0.0382066 0.0276412 0.0141445 
0.757308 0.0333947 0.112761 0.0141793 0.0557478 0.018595 0.00801475 
0.744437 0.0647477 0.0507006 0.0274045 0.0927691 0.00770979 0.0122311 
0.783797 0.0393153 0.0622758 0.0517393 0.0366239 0.00355268 0.0226963 
0.790156 0.0345238 0.0311843 0.0641106 0.0638474 0.00562413 0.0105532 
0.760325 0.0298379 0.022164 0.127515 0.0443296 0.00211835 0.0137102 
0.803503 0.0350804 0.0277577 0.109149 0.00582717 0.00223895 0.0164432 
0.906915 0.0200904 0.0312794 0.0188354 0.00167544 0.00305527 0.0181494 
0.787902 0.0681496 0.0161241 0.0779598 0.0273895 0.00339891 0.0190757 
0.685802 0.157959 0.0155834 0.0460358 0.0334367 0.00472324 0.0564592 
0.697751 0.141308 0.0155931 0.0230414 0.0500113 0.00611439 0.0661816 
0.597506 0.110269 0.00852346 0.111944 0.151331 0.00599971 0.0144264 
0.361543 0.0779135 0.0127535 0.256405 0.261628 0.00531875 0.0244382 
0.402748 0.013107 0.0163827 0.469676 0.0841671 0.00195751 0.0119614 
0.415072 0.0476662 0.00511253 0.234636 0.285587 0.00268567 0.00924071 
0.561074 0.0695392 0.00933113 0.127644 0.215854 0.00363343 0.0129244 
0.599974 0.0605221 0.0113008 0.214724 0.0975196 0.00273976 0.0132188 
0.491675 0.0610847 0.0108653 0.345434 0.0777277 0.00198411 0.0112286 
0.648351 0.0743904 0.0185804 0.205281 0.0385141 0.00188392 0.012999 
0.446513 0.0314965 0.0434969 0.445473 0.0146534 0.0011633 0.0172034 
0.695936 0.0714147 0.0229858 0.189883 0.00778094 0.00211398 0.0098858 
0.559794 0.0448863 0.0178627 0.351939 0.0154818 0.00129491 0.00874111 
0.623305 0.0599022 0.0144276 0.241598 0.0491591 0.00182838 0.0097793 
0.752732 0.0685394 0.0145778 0.126517 0.0250588 0.00243325 0.010142 
0.651913 0.0645445 0.0182999 0.234959 0.0145768 0.0023433 0.0133634 
0.661077 0.0956027 0.0212539 0.193018 0.00985715 0.00210884 0.0170819 
0.756752 0.0572891 0.0322165 0.124045 0.00606877 0.00163936 0.0219889 
0.673178 0.0934169 0.0190362 0.167027 0.015618 0.00227817 0.0294451 
0.604164 0.0808658 0.0154047 0.262189 0.0218052 0.00201334 0.0135574 
0.741746 0.0951695 0.0175932 0.108928 0.0201367 0.00228434 0.0141423 
0.556434 0.0524625 0.0137555 0.341187 0.0234792 0.00178061 0.0109013 
0.675199 0.0715503 0.0140216 0.169648 0.0493261 0.00263726 0.0176178 
0.715182 0.0868076 0.014777 0.0975675 0.0605349 0.00305645 0.0220751 
0.756784 0.072701 0.0210944 0.0942478 0.0243166 0.00261857 0.0282374 
0.701023 0.0820781 0.0156583 0.140874 0.040834 0.00257597 0.0169562 
0.677397 0.0672684 0.0176892 0.179236 0.0360539 0.00217048 0.0201855 
0.71608 0.0551916 0.0159246 0.1466 0.0472277 0.00220699 0.0167699 
0.769196 0.0774204 0.0193784 0.0765512 0.0285377 0.00264759 0.026269 
0.723811 0.0694521 0.0158707 0.116441 0.0529157 0.00263811 0.0188716 
0.742786 0.0549291 0.0142808 0.11355 0.0580834 0.00275931 0.0136117 
0.712812 0.0592257 0.0130931 0.109196 0.0882903 0.0026784 0.0147053 
0.67983 0.0755663 0.0146596 0.14975 0.0604707 0.00270147 0.0170215 
0.73581 0.0742223 0.0171622 0.105702 0.0428704 0.00243221 0.0218015 
0.757112 0.0853524 0.0180591 0.0807281 0.0352071 0.00218095 0.0213602 
0.811886 0.0625516 0.0185352 0.0556225 0.0311252 0.0020884 0.0181906 
0.756703 0.068216 0.0141482 0.0763425 0.0665346 0.00260911 0.0154466 
0.529648 0.240861 0.00885169 0.0371148 0.153582 0.00759814 0.0223437 
0.472378 0.0917798 0.009301 0.0614014 0.341176 0.00596151 0.0180019 
0.612447 0.0510265 0.00995278 0.0938438 0.213685 0.00290155 0.0161425 
0.694209 0.0658249 0.0162868 0.125125 0.0676869 0.00246908 0.0283989 
0.720742 0.0696588 0.0121163 0.101432 0.0762062 0.00286316 0.0169812 
0.702456 0.0616112 0.0165638 0.16063 0.0389839 0.00177246 0.0179828 
0.684733 0.0585813 0.015896 0.179852 0.0428512 0.00172811 0.0163589 
0.688594 0.0783774 0.0134537 0.132705 0.0660349 0.00253834 0.0182973 
0.705197 0.0993208 0.0163744 0.116693 0.0362062 0.00214188 0.0240668 
0.654418 0.134938 0.0126695 0.0974251 0.0734718 0.00338152 0.0236963 
0.681826 0.0908175 0.0128246 0.0938073 0.0970219 0.00359545 0.0201073 
0.795676 0.0562037 0.0219318 0.0624024 0.0259202 0.00201629 0.0358499 
0.650642 0.106329 0.0125947 0.149358 0.0583709 0.0027753 0.0199302 
0.537914 0.0447439 0.0112511 0.327374 0.0649536 0.00156413 0.0121995 
0.621173 0.033318 0.0143112 0.260096 0.0561016 0.00163813 0.0133618 
0.671937 0.0355422 0.0199947 0.215795 0.0381245 0.00155546 0.0170509 
0.565026 0.0356432 0.0129033 0.324387 0.0499834 0.00129236 0.010765 
0.580248 0.0383078 0.012731 0.312248 0.0452441 0.00130298 0.00991852 
0.590265 0.0359729 0.0119929 0.287198 0.0605763 0.00156495 0.0124306 
0.551099 0.0498169 0.00958063 0.246671 0.126719 0.00212782 0.0139854 
0.414737 0.0409448 0.00841303 0.355826 0.163204 0.00187997 0.0149959 
0.425785 0.0287762 0.00856875 0.416251 0.106236 0.0010236 0.0133597 
0.581695 0.0303854 0.011934 0.262424 0.0966034 0.00139292 0.0155655 
0.607238 0.0324522 0.0160147 0.235975 0.0851801 0.00135947 0.0217808 
0.618264 0.0439054 0.0121671 0.213021 0.0958298 0.00223407 0.0145785 
0.62251 0.0558478 0.011062 0.201121 0.0904705 0.00232102 0.016668 
0.55746 0.0525129 0.0123564 0.276121 0.0793968 0.00182873 0.0203235 
0.59957 0.0437818 0.0125068 0.246073 0.0794399 0.00160667 0.0170222 
0.424622 0.0436485 0.0112236 0.458707 0.0495833 0.00146475 0.0107511 
0.62586 0.0512729 0.0151517 0.255568 0.0365236 0.00181305 0.0138112 
0.514945 0.045341 0.0122095 0.311073 0.0991193 0.00187394 0.0154381 
0.606122 0.0319361 0.0161814 0.271355 0.0596841 0.00142336 0.0132984 
0.674068 0.0555702 0.0158291 0.206704 0.0329631 0.00176731 0.013098 
0.741311 0.0485208 0.0207411 0.137713 0.0306493 0.00201481 0.0190496 
0.785959 0.0745703 0.0214799 0.0679936 0.023438 0.00245731 0.0241024 
0.763847 0.0460985 0.0158257 0.0821296 0.0694942 0.00234101 0.0202638 
0.710285 0.0854549 0.0166005 0.130136 0.0424986 0.00245537 0.0125704 
0.761647 0.0443218 0.0189123 0.127337 0.0331926 0.00155449 0.0130353 
0.746269 0.0585126 0.0214825 0.123831 0.0318319 0.00206746 0.0160057 
0.773779 0.0735066 0.0167867 0.0831752 0.0364886 0.00252019 0.013744 
0.665677 0.0632337 0.0126715 0.137475 0.104143 0.00273929 0.0140603 
0.603893 0.076225 0.0128349 0.145168 0.13977 0.00387851 0.0182306 
0.726012 0.0606956 0.0174651 0.102461 0.0718215 0.00254926 0.0189953 
0.623285 0.088054 0.0121806 0.0990316 0.157059 0.00479653 0.0155934 
0.680567 0.0610774 0.0128281 0.138665 0.0896235 0.00272341 0.0145157 
0.624789 0.0553894 0.011317 0.167344 0.126978 0.00276129 0.011421 
0.647569 0.0567469 0.0128563 0.182143 0.0863879 0.00247571 0.0118208 
0.699932 0.0662239 0.012482 0.122341 0.0842658 0.00287392 0.0118813 
0.723246 0.0703855 0.0163691 0.117016 0.056666 0.00304925 0.0132676 
0.762535 0.055377 0.0183809 0.0996191 0.0445901 0.00224399 0.0172541 
0.674513 0.0521394 0.0166003 0.175169 0.0637072 0.00201692 0.0158547 
0.637544 0.0715253 0.0138144 0.144932 0.110856 0.00309023 0.0182379 
0.741033 0.0591093 0.0190739 0.11213 0.0471665 0.0019196 0.0195674 
0.722814 0.0854071 0.0185813 0.101965 0.0478581 0.00247626 0.0208977 
0.751096 0.0700755 0.0181488 0.0711676 0.0672619 0.0026292 0.0196205 
0.779898 0.0557473 0.0133607 0.0677691 0.0692459 0.00256248 0.0114169 
0.674513 0.0549025 0.0146458 0.12589 0.11237 0.00282419 0.0148549 
0.711147 0.047641 0.0180953 0.134414 0.0714758 0.00213545 0.0150913 
0.606908 0.0503521 0.0115279 0.17448 0.140485 0.00217032 0.0140769 
0.6361 0.0326893 0.0135435 0.158547 0.144574 0.00183392 0.0127124 
0.75592 0.0518503 0.0186972 0.101919 0.0530814 0.0022465 0.0162858 
0.647252 0.0358202 0.0186729 0.189664 0.0891487 0.00160199 0.0178401 
0.655577 0.0302127 0.0234309 0.227716 0.0438491 0.00122886 0.0179861 
0.59742 0.0295985 0.0166593 0.26255 0.0779812 0.00132189 0.014469 
0.469448 0.0433036 0.0111063 0.334716 0.128493 0.00182735 0.0111057 
0.475491 0.0418479 0.00943887 0.278932 0.181975 0.00177037 0.0105448 
0.566133 0.0390902 0.0127099 0.262442 0.10612 0.00168824 0.011817 
0.616688 0.0365801 0.0166719 0.257723 0.0602548 0.00124568 0.0108369 
0.522801 0.038999 0.0145639 0.323996 0.0850254 0.00141409 0.0132014 
0.634195 0.0412148 0.0158003 0.214895 0.0797284 0.00190056 0.0122654 
0.579781 0.0739333 0.0120081 0.221447 0.0988569 0.00284579 0.0111277 
0.652264 0.0424518 0.0179476 0.217096 0.05431 0.00158761 0.0143439 
0.56261 0.0449509 0.016669 0.283854 0.0749555 0.00159801 0.0153634 
0.514641 0.0466227 0.0127446 0.327472 0.0850551 0.0018836 0.0115811 
0.519218 0.0419062 0.0141136 0.328116 0.0817931 0.00162943 0.0132237 
0.537864 0.0319832 0.0155893 0.341385 0.0594074 0.00124084 0.0125299 
0.66664 0.0394159 0.0161628 0.196009 0.0666744 0.00175465 0.0133433 
0.5921 0.0513873 0.0128009 0.194905 0.133234 0.00236383 0.013209 
0.672112 0.0753271 0.0148898 0.105912 0.114066 0.00359405 0.0140983 
0.689924 0.0604794 0.0159502 0.111734 0.103925 0.00276745 0.0152205 
0.738283 0.0405511 0.0185331 0.101651 0.0825542 0.00193933 0.0164875 
0.589908 0.0347038 0.0179012 0.234119 0.10598 0.00136708 0.0160207 
0.686763 0.0529219 0.0212511 0.172142 0.0479894 0.00173019 0.0172026 
0.591186 0.0889467 0.0146157 0.151404 0.13111 0.00355356 0.0191845 
0.58345 0.0655014 0.0159359 0.215748 0.101098 0.00247197 0.0157948 
0.61471 0.0542021 0.0137432 0.201419 0.100472 0.0023073 0.0131474 
0.641999 0.0837357 0.0134996 0.123895 0.115383 0.00369783 0.0177895 
0.517839 0.0578283 0.0146843 0.296118 0.0971894 0.00198386 0.0143568 
0.474379 0.0558786 0.0110666 0.20044 0.241616 0.00248365 0.014136 
0.501018 0.0469239 0.0110742 0.22776 0.199097 0.0021056 0.0120215 
0.637758 0.0704557 0.0140405 0.119995 0.138345 0.00316987 0.0162357 
0.582748 0.0468144 0.0149264 0.227089 0.112803 0.00184625 0.0137739 
0.706306 0.0516726 0.0182989 0.154393 0.05606 0.00171901 0.0115502 
0.654986 0.0622774 0.0155708 0.139739 0.108907 0.00262456 0.015896 
0.682903 0.0411716 0.0201897 0.163985 0.0752664 0.00189131 0.0145927 
0.569287 0.0630938 0.0159087 0.254928 0.0820104 0.00262487 0.0121478 
0.571602 0.0720404 0.0109729 0.180424 0.150323 0.00361071 0.0110278 
0.579684 0.0712945 0.0118213 0.16061 0.160293 0.00360777 0.0126899 
0.633193 0.0682852 0.0150133 0.140645 0.124319 0.00323577 0.0153089 
0.68694 0.053277 0.0166296 0.127163 0.0974945 0.00282697 0.0156694 
0.654164 0.0454765 0.0168959 0.174159 0.0946033 0.00203812 0.0126632 
0.606491 0.042639 0.0149296 0.22554 0.0963767 0.00182424 0.0121994 
0.518483 0.0558341 0.0117976 0.211073 0.187072 0.00264256 0.0130977 
0.522102 0.0389309 0.0137435 0.264215 0.145554 0.00169606 0.0137584 
0.618818 0.0347945 0.0222427 0.218919 0.0871396 0.0014931 0.0165937 
0.567148 0.0395634 0.0163239 0.263909 0.0984201 0.00189288 0.0127427 
0.629455 0.0322438 0.0209887 0.236712 0.0678658 0.00148403 0.0112513 
0.513641 0.0348505 0.0152538 0.334007 0.0913566 0.00157542 0.00931608 
0.684369 0.0491857 0.0167177 0.148733 0.0860839 0.00219662 0.0127141 
0.688128 0.0602754 0.0174937 0.146724 0.0736336 0.0024643 0.0112815 
0.726293 0.0510418 0.0198325 0.148608 0.042495 0.00206378 0.00966603 
0.603061 0.107323 0.0157532 0.192604 0.0672485 0.00272752 0.011283 
0.61539 0.061528 0.018421 0.207867 0.0836149 0.00234643 0.0108322 
0.674636 0.0771498 0.021947 0.145464 0.0683545 0.00284892 0.00959986 
0.700342 0.0479046 0.0273631 0.117953 0.0919941 0.00269724 0.0117458 
0.63108 0.0384895 0.0180601 0.130647 0.169204 0.00223212 0.0102877 
0.642783 0.0557731 0.0211412 0.153729 0.11365 0.00295066 0.00997184 
0.686407 0.0705519 0.0203513 0.119584 0.0882224 0.00322415 0.0116592 
0.674193 0.0491042 0.0206172 0.125913 0.117666 0.00324181 0.0092651 
0.696979 0.0419323 0.0186128 0.0781822 0.152178 0.00310137 0.0090142 
0.714723 0.0537458 0.0227854 0.0690873 0.124385 0.00434521 0.0109287 
0.70562 0.0477143 0.0243093 0.102258 0.105887 0.00338196 0.0108289 
0.6813 0.0543345 0.0212316 0.127632 0.102404 0.00368741 0.0094107 
0.596792 0.0496996 0.0171211 0.136077 0.187436 0.00341412 0.0094593 
0.658134 0.0632324 0.0213782 0.0839376 0.159223 0.00402733 0.0100675 
0.642715 0.0568779 0.0187709 0.108997 0.160053 0.00298544 0.00960098 
0.747919 0.0429203 0.0315713 0.120882 0.0460578 0.00195468 0.00869473 
0.650156 0.021355 0.0325444 0.222695 0.0648452 0.0014194 0.00698533 
0.747744 0.0193245 0.0480572 0.153469 0.0226719 0.00161634 0.00711674 
0.841971 0.0149608 0.0547203 0.0495881 0.023538 0.00271072 0.0125106 
0.8112 0.0159437 0.044104 0.0717152 0.042285 0.00307067 0.011681 
0.807962 0.0180482 0.0339525 0.0778056 0.0480876 0.00232925 0.011815 
0.710468 0.0229672 0.0182161 0.0931168 0.144902 0.00309121 0.00723924 
0.788366 0.0290447 0.0253299 0.047779 0.0918922 0.00315794 0.0144305 
0.798553 0.0259074 0.0249237 0.0769654 0.0608987 0.00249228 0.0102598 
0.812405 0.0270775 0.0275935 0.0648755 0.0522629 0.00227627 0.0135092 
0.805303 0.0280548 0.0219698 0.0593135 0.0699111 0.00351696 0.0119313 
0.714098 0.0235486 0.0182614 0.138335 0.0949466 0.00313117 0.00767837 
0.745704 0.0300779 0.0202332 0.122923 0.0696815 0.0033114 0.00806887 
0.773067 0.0286633 0.0272379 0.107601 0.0490927 0.00262207 0.0117161 
0.622021 0.030326 0.0233936 0.243034 0.0680785 0.00189698 0.0112505 
0.769611 0.0390218 0.0262903 0.102859 0.0469648 0.00239492 0.0128578 
0.805169 0.0428238 0.0268481 0.0732165 0.0376234 0.00284865 0.0114707 
0.811631 0.0356529 0.0294457 0.073837 0.0344432 0.00270629 0.0122842 
0.796259 0.0363914 0.0276121 0.078197 0.0465537 0.00236109 0.0126252 
0.752271 0.0843171 0.0246256 0.0444546 0.0706181 0.00443291 0.019281 
0.658636 0.0625167 0.0211534 0.0805501 0.152386 0.00344443 0.0213136 
0.631013 0.0531614 0.0154944 0.0660447 0.216138 0.00301499 0.0151334 
0.515047 0.0443414 0.0145287 0.174763 0.236852 0.00223362 0.0122333 
0.663003 0.0440908 0.0178232 0.12595 0.132486 0.00228946 0.0143581 
0.664051 0.0559147 0.0155183 0.114528 0.134008 0.00340141 0.0125782 
0.700051 0.0598731 0.0179314 0.122409 0.085712 0.00268404 0.0113401 
0.781425 0.0435922 0.0204668 0.0800849 0.0594362 0.00226494 0.0127299 
0.752831 0.0456948 0.0245218 0.059992 0.095918 0.0028429 0.0181992 
0.71353 0.0303873 0.0179332 0.0773843 0.147056 0.00296089 0.0107482 
0.614203 0.0332023 0.0146428 0.097826 0.22783 0.00297689 0.00931869 
0.745663 0.0297516 0.0228352 0.0508731 0.134519 0.00333081 0.0130274 
0.785929 0.0307225 0.0320804 0.070245 0.0621431 0.00253323 0.016347 
0.840888 0.0310529 0.0310476 0.0511588 0.0300901 0.00250079 0.0132618 
0.825666 0.052135 0.0282449 0.0581173 0.0210971 0.00334344 0.0113967 
0.790357 0.0500098 0.0252779 0.0727234 0.0477557 0.00383316 0.0100434 
0.802284 0.0357383 0.0319157 0.0588366 0.0537435 0.0030242 0.0144577 
0.800722 0.0523123 0.0285639 0.0547468 0.0454246 0.003626 0.0146044 
0.802797 0.0393514 0.0321654 0.0638289 0.0442456 0.0024135 0.0151984 
0.814297 0.0519703 0.0431807 0.0375213 0.028671 0.00300409 0.0213556 
0.763728 0.0480353 0.0246361 0.066877 0.0777219 0.00328111 0.015721 
0.732132 0.0891089 0.019892 0.0633397 0.0770483 0.00415114 0.0143283 
0.713502 0.0597744 0.0175301 0.0714178 0.121685 0.0034135 0.0126776 
0.79186 0.0515901 0.0236961 0.0638339 0.0540252 0.00286177 0.0121324 
0.781557 0.0595721 0.0244893 0.0396697 0.072692 0.0030756 0.0189442 
0.695386 0.0820763 0.0174386 0.0551308 0.132972 0.00457661 0.0124197 
0.684122 0.0412045 0.0186184 0.0692303 0.172676 0.00275484 0.0113946 
0.750882 0.0495499 0.0252333 0.0475352 0.106988 0.00356276 0.0162484 
0.756451 0.0461215 0.0244844 0.0797722 0.0778187 0.0031247 0.0122279 
0.73994 0.0347799 0.0238035 0.081612 0.103782 0.003124 0.0129585 
0.617573 0.0517016 0.015879 0.0980185 0.202039 0.00341713 0.0113721 
0.671369 0.0673983 0.0178162 0.073003 0.1545 0.00427269 0.0116413 
0.692192 0.0736743 0.0157906 0.064233 0.138737 0.00495359 0.010419 
0.769633 0.0594099 0.0245538 0.0608353 0.0702044 0.00384867 0.0115145 
0.79036 0.0361643 0.0255413 0.0689694 0.063724 0.00206213 0.013179 
0.790323 0.0312311 0.0530525 0.0638466 0.0343582 0.00196191 0.0252271 
0.781512 0.039066 0.0343195 0.0681636 0.0574585 0.00265518 0.016825 
0.752831 0.0456948 0.0245218 0.059992 0.095918 0.0028429 0.0181992 
0.71353 0.0303873 0.0179332 0.0773843 0.147056 0.00296089 0.0107482 
0.614203 0.0332023 0.0146428 0.097826 0.22783 0.00297689 0.00931869 
0.745663 0.0297516 0.0228352 0.0508731 0.134519 0.00333081 0.0130274 
0.785929 0.0307225 0.0320804 0.070245 0.0621431 0.00253323 0.016347 
0.840888 0.0310529 0.0310476 0.0511588 0.0300901 0.00250079 0.0132618 
0.825666 0.052135 0.0282449 0.0581173 0.0210971 0.00334344 0.0113967 
0.790357 0.0500098 0.0252779 0.0727234 0.0477557 0.00383316 0.0100434 
0.802284 0.0357383 0.0319157 0.0588366 0.0537435 0.0030242 0.0144577 
0.800722 0.0523123 0.0285639 0.0547468 0.0454246 0.003626 0.0146044 
0.802797 0.0393514 0.0321654 0.0638289 0.0442456 0.0024135 0.0151984 
0.814297 0.0519703 0.0431807 0.0375213 0.028671 0.00300409 0.0213556 
0.763728 0.0480353 0.0246361 0.066877 0.0777219 0.00328111 0.015721 
0.732132 0.0891089 0.019892 0.0633397 0.0770483 0.00415114 0.0143283 
0.713502 0.0597744 0.0175301 0.0714178 0.121685 0.0034135 0.0126776 
0.79186 0.0515901 0.0236961 0.0638339 0.0540252 0.00286177 0.0121324 
0.781557 0.0595721 0.0244893 0.0396697 0.072692 0.0030756 0.0189442 
0.695386 0.0820763 0.0174386 0.0551308 0.132972 0.00457661 0.0124197 
0.684122 0.0412045 0.0186184 0.0692303 0.172676 0.00275484 0.0113946 
0.750882 0.0495499 0.0252333 0.0475352 0.106988 0.00356276 0.0162484 
0.756451 0.0461215 0.0244844 0.0797722 0.0778187 0.0031247 0.0122279 
0.73994 0.0347799 0.0238035 0.081612 0.103782 0.003124 0.0129585 
0.617573 0.0517016 0.015879 0.0980185 0.202039 0.00341713 0.0113721 
0.671369 0.0673983 0.0178162 0.073003 0.1545 0.00427269 0.0116413 
0.692192 0.0736743 0.0157906 0.064233 0.138737 0.00495359 0.010419 
0.769633 0.0594099 0.0245538 0.0608353 0.0702044 0.00384867 0.0115145 
0.79036 0.0361643 0.0255413 0.0689694 0.063724 0.00206213 0.013179 
0.790323 0.0312311 0.0530525 0.0638466 0.0343582 0.00196191 0.0252271 
0.781512 0.039066 0.0343195 0.0681636 0.0574585 0.00265518 0.016825 
0.752831 0.0456948 0.0245218 0.059992 0.095918 0.0028429 0.0181992 
0.71353 0.0303873 0.0179332 0.0773843 0.147056 0.00296089 0.0107482 
0.614203 0.0332023 0.0146428 0.097826 0.22783 0.00297689 0.00931869 
0.745663 0.0297516 0.0228352 0.0508731 0.134519 0.00333081 0.0130274 
0.785929 0.0307225 0.0320804 0.070245 0.0621431 0.00253323 0.016347 
0.840888 0.0310529 0.0310476 0.0511588 0.0300901 0.00250079 0.0132618 
0.825666 0.052135 0.0282449 0.0581173 0.0210971 0.00334344 0.0113967 
0.790357 0.0500098 0.0252779 0.0727234 0.0477557 0.00383316 0.0100434 
0.802284 0.0357383 0.0319157 0.0588366 0.0537435 0.0030242 0.0144577 
0.800722 0.0523123 0.0285639 0.0547468 0.0454246 0.003626 0.0146044 
0.802797 0.0393514 0.0321654 0.0638289 0.0442456 0.0024135 0.0151984 
0.814297 0.0519703 0.0431807 0.0375213 0.028671 0.00300409 0.0213556 
0.763728 0.0480353 0.0246361 0.066877 0.0777219 0.00328111 0.015721 
0.732132 0.0891089 0.019892 0.0633397 0.0770483 0.00415114 0.0143283 
0.713502 0.0597744 0.0175301 0.0714178 0.121685 0.0034135 0.0126776 
0.79186 0.0515901 0.0236961 0.0638339 0.0540252 0.00286177 0.0121324 
0.781557 0.0595721 0.0244893 0.0396697 0.072692 0.0030756 0.0189442 
0.695386 0.0820763 0.0174386 0.0551308 0.132972 0.00457661 0.0124197 
0.684122 0.0412045 0.0186184 0.0692303 0.172676 0.00275484 0.0113946 
0.750882 0.0495499 0.0252333 0.0475352 0.106988 0.00356276 0.0162484 
0.756451 0.0461215 0.0244844 0.0797722 0.0778187 0.0031247 0.0122279 
0.73994 0.0347799 0.0238035 0.081612 0.103782 0.003124 0.0129585 
0.617573 0.0517016 0.015879 0.0980185 0.202039 0.00341713 0.0113721 
0.671369 0.0673983 0.0178162 0.073003 0.1545 0.00427269 0.0116413 
0.692192 0.0736743 0.0157906 0.064233 0.138737 0.00495359 0.010419 
0.769633 0.0594099 0.0245538 0.0608353 0.0702044 0.00384867 0.0115145 
0.79036 0.0361643 0.0255413 0.0689694 0.063724 0.00206213 0.013179 
0.790323 0.0312311 0.0530525 0.0638466 0.0343582 0.00196191 0.0252271 
0.781512 0.039066 0.0343195 0.0681636 0.0574585 0.00265518 0.016825 
0.784162 0.0314226 0.0202367 0.0705815 0.0816439 0.00219328 0.00976054 
0.752558 0.0400046 0.0198685 0.0868528 0.0883366 0.00230796 0.0100715 
0.771718 0.0405798 0.0190069 0.0686725 0.0866194 0.00241271 0.0109906 
0.716701 0.0380975 0.0196408 0.0806303 0.126835 0.00207036 0.0160246 
0.640608 0.0348767 0.0195522 0.180645 0.111097 0.00167332 0.0115489 
0.653785 0.0394177 0.0220928 0.129127 0.137022 0.00220229 0.0163537 
0.654161 0.029784 0.0316427 0.220662 0.0477173 0.00143806 0.0145953 
0.623153 0.0343886 0.0190823 0.191736 0.117418 0.00189442 0.0123272 
0.71612 0.0441513 0.0182966 0.0646975 0.140043 0.00305632 0.0136352 
0.725617 0.0311794 0.0233528 0.0722685 0.130476 0.00236123 0.0147445 
0.738799 0.0323847 0.0202108 0.0672284 0.126222 0.00263567 0.0125195 
0.816544 0.0352082 0.0256514 0.0675457 0.0411864 0.00306838 0.0107961 
0.734955 0.0438361 0.0230165 0.0928468 0.0912877 0.00294784 0.01111 
0.580998 0.0439561 0.0175904 0.107309 0.235238 0.00342641 0.0114827 
0.768212 0.0371106 0.0242836 0.0631499 0.0913924 0.00282848 0.013023 
0.687706 0.0295851 0.021983 0.10956 0.136078 0.00213011 0.0129578 
0.773965 0.0270553 0.0300511 0.0516013 0.0987292 0.00245203 0.016146 
0.747626 0.0442838 0.0210409 0.0399482 0.129622 0.00358199 0.0138977 
0.620879 0.0703102 0.0130751 0.049167 0.230681 0.00483923 0.0110485 
0.704882 0.0338971 0.0182025 0.0602059 0.168465 0.0026293 0.0117181 
0.663532 0.0441645 0.0157579 0.0844809 0.177634 0.00332536 0.0111057 
0.701091 0.0350191 0.0186358 0.0611462 0.169014 0.00300936 0.0120844 
0.750261 0.0286355 0.0282215 0.0673142 0.110603 0.00249664 0.0124687 
0.676138 0.0360344 0.0179248 0.0760578 0.179362 0.00249301 0.0119905 
0.726558 0.0324994 0.0226405 0.0745907 0.128194 0.00293879 0.0125789 
0.612811 0.0334517 0.0139076 0.119613 0.208801 0.00255531 0.00886046 
0.691055 0.046828 0.018484 0.0666472 0.161934 0.00426014 0.0107918 
0.628347 0.0397939 0.0146405 0.0854191 0.218968 0.00291512 0.00991627 
0.76959 0.0356128 0.0220981 0.0533555 0.104251 0.00282565 0.0122667 
0.794704 0.0406997 0.0257064 0.0723923 0.0528083 0.00233554 0.011354 
0.734797 0.101691 0.0202376 0.0480019 0.0779037 0.00359872 0.0137702 
0.794823 0.0497806 0.0239057 0.0502759 0.0660508 0.00306082 0.012103 
0.730463 0.0509515 0.0146692 0.0683625 0.122194 0.00365868 0.00970176 
0.735895 0.0461337 0.0169061 0.0871292 0.101364 0.00339583 0.00917634 
0.722069 0.0334382 0.016105 0.101249 0.115162 0.00262179 0.00935427 
0.737463 0.042001 0.0196664 0.0754737 0.111581 0.00315351 0.0106613 
0.586634 0.0421811 0.0140869 0.126673 0.217028 0.00229887 0.0110971 
0.71209 0.0519058 0.0204264 0.095078 0.103652 0.00278237 0.0140659 
0.762634 0.0527224 0.0248307 0.0692319 0.0747658 0.00293207 0.0128835 
0.706872 0.0523021 0.0168732 0.0744446 0.134778 0.00318999 0.0115399 
0.718078 0.0359678 0.0218254 0.0763357 0.130736 0.00262053 0.014436 
0.777668 0.0304259 0.0326994 0.0814222 0.0621319 0.00236884 0.0132833 
0.769825 0.0413983 0.0246757 0.0491128 0.098607 0.00317565 0.0132061 
0.754213 0.0391765 0.0210252 0.0899959 0.0824785 0.00244952 0.0106616 
0.678478 0.0537515 0.0168042 0.0642041 0.171537 0.0032261 0.0119999 
0.678308 0.0392482 0.0181502 0.112364 0.138062 0.0020355 0.0118326 
0.738023 0.0410329 0.0232293 0.0617552 0.11926 0.00285957 0.0138406 
0.744927 0.0407513 0.0202882 0.0954696 0.0855004 0.00308741 0.00997627 
0.760693 0.0582666 0.0227484 0.0683807 0.0739626 0.0029294 0.0130198 
0.70055 0.062724 0.0170662 0.0767532 0.128326 0.00323879 0.0113417 
0.669437 0.0533172 0.0166892 0.0829878 0.162542 0.00318492 0.0118421 
0.651467 0.037795 0.016674 0.142269 0.138324 0.00205104 0.0114195 
0.705114 0.058628 0.0176461 0.0748698 0.126787 0.00345785 0.0134975 
0.684717 0.0535978 0.0135447 0.0682716 0.164044 0.00360428 0.0122202 
0.679726 0.0538835 0.0139185 0.0667255 0.171258 0.00361563 0.0108727 
0.634243 0.0460988 0.0151845 0.0906915 0.198246 0.0034644 0.0120722 
0.601959 0.0356506 0.0116258 0.133233 0.206245 0.00230611 0.00898079 
0.626508 0.0498794 0.0132592 0.0660626 0.229453 0.00338834 0.0114496 
0.656302 0.0526643 0.013001 0.0644738 0.199554 0.00361801 0.0103875 
0.747074 0.0477335 0.0184473 0.0716119 0.100122 0.00295866 0.0120522 
0.684753 0.0489118 0.0164211 0.0784004 0.156008 0.0025177 0.0129872 
0.620011 0.0512708 0.0147501 0.0863021 0.212618 0.00247172 0.0125758 
0.698737 0.0421034 0.0181076 0.0790984 0.146721 0.00305873 0.0121741 
0.74423 0.0430503 0.018977 0.0514538 0.125617 0.00307257 0.013599 
0.74462 0.0330973 0.0235966 0.0715083 0.112999 0.00282572 0.011353 
0.757495 0.0353406 0.0247578 0.0326229 0.132063 0.00335615 0.0143652 
0.756979 0.0314153 0.0268433 0.0407584 0.12922 0.00329159 0.0114916 
0.801326 0.0412717 0.0406366 0.0223636 0.0715796 0.00502213 0.0178001 
0.839751 0.0281324 0.0576207 0.0211275 0.033456 0.00304035 0.0168716 
0.812808 0.0355361 0.0674714 0.0143818 0.0416778 0.00513793 0.0229871 
0.794514 0.0365771 0.0488031 0.0423498 0.0583919 0.00500739 0.0143567 
0.780827 0.043863 0.0347686 0.059771 0.0663197 0.0031349 0.0113161 
0.802428 0.0277559 0.0356103 0.04948 0.0678527 0.00280525 0.014068 
0.809781 0.037465 0.0268902 0.0383945 0.0710992 0.0031402 0.0132301 
0.729573 0.0519385 0.0205455 0.0391699 0.142698 0.00450773 0.0115678 
0.711053 0.057595 0.0171256 0.0432931 0.155551 0.00372975 0.0116523 
0.694898 0.0540199 0.0160527 0.056816 0.164229 0.00318801 0.0107959 
0.673907 0.0404816 0.0173184 0.0870956 0.169154 0.00275458 0.00928908 
0.573603 0.0379828 0.0119083 0.148308 0.218641 0.00244139 0.00711447 
0.744353 0.0546156 0.0228101 0.045544 0.115701 0.00289454 0.0140817 
0.780063 0.0240756 0.0295134 0.0456562 0.102563 0.0023693 0.0157587 
0.735866 0.030049 0.0351898 0.0679756 0.112377 0.00228844 0.0162549 
0.787541 0.0308447 0.0567447 0.021233 0.0721484 0.00330686 0.0281811 
0.828502 0.0399081 0.0552012 0.0173925 0.0308414 0.00456402 0.0235911 
0.83161 0.0373056 0.0370559 0.0363095 0.0408218 0.00355006 0.013347 
0.690396 0.043217 0.0176471 0.0807126 0.153721 0.00380415 0.0105019 
0.802486 0.0410487 0.0298435 0.0286956 0.078275 0.00407244 0.0155786 
0.726585 0.047308 0.0183434 0.0440494 0.147703 0.0040997 0.0119113 
0.770524 0.0545683 0.0212738 0.0455473 0.0914913 0.00317751 0.0134179 
0.806981 0.0444747 0.02426 0.0502385 0.0608987 0.00299791 0.0101488 
0.789931 0.038665 0.0239156 0.055628 0.0774639 0.00273865 0.0116581 
0.767069 0.0499332 0.0218223 0.0399354 0.105726 0.00418385 0.0113297 
0.727184 0.032712 0.023117 0.0513434 0.151849 0.0033533 0.0104413 
0.742185 0.0429703 0.0211589 0.03422 0.143885 0.00399275 0.011588 
0.616199 0.0396835 0.0151391 0.0806713 0.236601 0.00307012 0.00863612 
0.73697 0.0375357 0.0222653 0.0676685 0.122756 0.00315886 0.00964579 
0.757359 0.0286889 0.0276513 0.0766142 0.0960979 0.00250038 0.0110883 
0.716652 0.038692 0.0209922 0.0537254 0.155895 0.00250856 0.0115351 
0.461581 0.0288333 0.0141401 0.141218 0.343653 0.00184209 0.00873294 
0.552775 0.0330151 0.0149783 0.147093 0.240463 0.00212373 0.00955176 
0.630265 0.0393121 0.0164093 0.0860574 0.215815 0.00272413 0.00941741 
0.624214 0.036291 0.01757 0.109325 0.200481 0.00279858 0.00932147 
0.622088 0.053218 0.018989 0.0953341 0.195971 0.00398834 0.0104111 
0.74188 0.0703526 0.0336284 0.0598937 0.0741391 0.00532814 0.0147781 
0.74301 0.0545018 0.0294684 0.076694 0.0789035 0.00392678 0.0134959 
0.721768 0.0647528 0.0268751 0.046745 0.119506 0.00477585 0.0155774 
0.755026 0.0680378 0.029175 0.0286779 0.0982781 0.0080117 0.012794 
0.705366 0.0494609 0.026442 0.0381606 0.163943 0.00590066 0.0107266 
0.814356 0.0323355 0.0356547 0.0470745 0.058049 0.00283302 0.00969706 
0.753648 0.021071 0.0436445 0.0880097 0.0773154 0.00282657 0.0134848 
0.677187 0.022664 0.038451 0.16665 0.0819435 0.00192786 0.0111768 
0.793306 0.0311982 0.049426 0.0412166 0.0651651 0.00370204 0.0159864 
0.797462 0.0354551 0.0378554 0.0272709 0.0811282 0.00407177 0.0167569 
0.764973 0.0353606 0.0280932 0.0410486 0.114606 0.0043717 0.0115468 
0.640691 0.0604941 0.0160078 0.036801 0.229979 0.00507826 0.0109494 
0.489591 0.0367231 0.0101805 0.12268 0.331346 0.00280193 0.00667795 
0.666703 0.0571446 0.0165272 0.0557351 0.189551 0.0040122 0.0103269 
0.714944 0.0599608 0.019224 0.0458482 0.14347 0.003903 0.0126498 
0.704691 0.0419235 0.0212759 0.0630458 0.152986 0.0034284 0.0126491 
0.652289 0.0374016 0.0162847 0.0862631 0.196246 0.00356837 0.00794666 
0.863193 0.011436 0.0532096 0.0295029 0.00268473 0.00370973 0.0362645 
0.856126 0.0138476 0.0584739 0.0259683 0.00169922 0.00469737 0.0391876 
0.854536 0.0139038 0.0505331 0.0283558 0.00258181 0.00471741 0.0453723 
0.869799 0.0200905 0.0425201 0.0298017 0.00270054 0.00408445 0.0310038 
0.816676 0.0189415 0.0580661 0.0719044 0.00201046 0.00293221 0.0294696 
0.818061 0.0153253 0.0626242 0.0614165 0.00164723 0.00312649 0.0377995 
0.857999 0.013009 0.0538826 0.0391497 0.00209799 0.00270048 0.0311614 
0.851907 0.011007 0.0543618 0.042594 0.00351925 0.00316314 0.0334476 
0.836032 0.0128556 0.0583212 0.0573001 0.00279119 0.00274416 0.0299554 
0.83143 0.0126974 0.0593724 0.0387047 0.00192306 0.00356906 0.052303 
0.849421 0.0124703 0.0596263 0.0296949 0.00180811 0.002511 0.0444685 
0.870798 0.0207424 0.0464269 0.0355649 0.00234489 0.00391301 0.0202098 
0.476822 0.0429016 0.0444186 0.215675 0.014076 0.183249 0.022858 
0.126671 0.0667743 0.0142426 0.253804 0.0326129 0.493966 0.0119287 
0.0090859 0.0106298 0.00465765 0.0743209 0.027152 0.868287 0.00586628 
0.0046866 0.0107571 0.00394428 0.063379 0.0179846 0.895649 0.00359961 
0.00203168 0.0156363 0.00315565 0.0108417 0.00420284 0.962325 0.0018069 
0.00209485 0.0141596 0.00658571 0.0191723 0.00332291 0.951894 0.00277097 
0.0021341 0.0130551 0.00536452 0.0109309 0.00591043 0.960871 0.0017341 
0.00265087 0.0160427 0.00692208 0.0261217 0.00590961 0.939919 0.00243383 
0.00319461 0.0214559 0.00830883 0.039726 0.00450312 0.919503 0.003308 
0.00341267 0.0209823 0.00809601 0.0730756 0.0053472 0.88562 0.00346615 
0.00381364 0.0230805 0.00997454 0.0977601 0.00389491 0.855866 0.00560987 
0.00400043 0.0241333 0.0128203 0.0824937 0.00394933 0.867143 0.00546034 
0.003066 0.0199586 0.00653123 0.064356 0.00465495 0.89792 0.00351358 
0.00416546 0.0228979 0.00959874 0.170966 0.00483903 0.781997 0.00553581 
0.00369161 0.0176674 0.00918979 0.172994 0.00728537 0.784092 0.00507969 
0.00332376 0.023286 0.00645844 0.0815426 0.00458622 0.876908 0.00389451 
0.00296697 0.0289891 0.00373479 0.0198862 0.00436764 0.937713 0.00234217 
0.00270143 0.0184265 0.00489127 0.0316593 0.00534221 0.934414 0.00256509 
0.00297099 0.0119612 0.00903326 0.111209 0.00585505 0.853236 0.00573496 
0.00294359 0.0177251 0.00954819 0.0968934 0.00301211 0.863178 0.00669943 
0.00242436 0.0138598 0.00960528 0.0585386 0.00275194 0.907831 0.00498924 
0.00353422 0.0165701 0.0206446 0.0387776 0.0021463 0.911745 0.00658259 
0.00971088 0.0375974 0.0212459 0.0710761 0.00155864 0.84286 0.0159513 
0.0858593 0.111674 0.0381756 0.283059 0.00782411 0.408751 0.0646569 
0.0970568 0.132485 0.0452581 0.299862 0.00802385 0.375646 0.0416694 
0.00971854 0.0405264 0.0162621 0.0167013 4.67083E-4 0.908681 0.00764341 
0.00413936 0.0268488 0.0366617 0.00810647 3.46156E-4 0.917607 0.00629096 
0.00286458 0.0237262 0.0195189 0.00239519 2.21895E-4 0.947649 0.00362443 
0.0203952 0.0185086 0.0354681 0.0223535 0.00179054 0.861668 0.039816 
0.165408 0.0532575 0.169894 0.13719 0.00997599 0.178533 0.285742 
0.563363 0.0702663 0.0665668 0.00381601 0.00217051 0.0551285 0.238689 
0.426392 0.074427 0.137826 0.0102696 0.0105167 0.14988 0.190689 
0.130852 0.391931 0.20054 0.00592764 0.0268737 0.207987 0.0358881 
0.0813801 0.253196 0.342886 0.00410803 0.0145643 0.269819 0.0340462 
0.124093 0.504635 0.190517 0.00818882 0.0464275 0.0980145 0.028124 
0.076006 0.791325 0.050033 0.00276999 0.0194544 0.0467763 0.0136349 
0.121786 0.738403 0.0440334 0.00284003 0.0253814 0.0538972 0.0136592 
0.459078 0.145385 0.14671 0.00769131 0.0454156 0.113941 0.0817787 
0.283017 0.0970364 0.290751 0.00420984 0.0187515 0.228357 0.0778777 
0.334159 0.0692481 0.30442 0.00424446 0.0250722 0.196421 0.0664346 
0.679846 0.0103667 0.102704 0.00510566 0.00182373 0.0493579 0.150796 
0.779207 0.0359712 0.0602868 0.00607428 0.00573354 0.0607292 0.0519984 
0.510734 0.1496 0.0683651 0.00821006 0.0205115 0.190523 0.0520569 
0.642472 0.0287922 0.049137 0.0167547 0.0086989 0.0838945 0.170251 
0.80639 0.0141762 0.0519939 0.0139669 0.00367333 0.00949699 0.100303 
0.752325 0.0466096 0.0932978 0.00619068 0.0102217 0.0604002 0.0309547 
0.31856 0.296076 0.080774 0.00628746 0.0362539 0.238304 0.0237449 
0.267604 0.493592 0.0467199 0.00371223 0.0333903 0.134542 0.0204396 
0.470633 0.3182 0.0505497 0.00665688 0.0425421 0.0707152 0.040704 
0.676033 0.155605 0.0282711 0.0178009 0.0182885 0.0585783 0.0454233 
0.773029 0.121399 0.023476 0.0214802 0.0107157 0.0207155 0.0291845 
0.770231 0.0974247 0.0253813 0.0224589 0.0133274 0.0284039 0.0427731 
0.788111 0.104612 0.0244066 0.0158012 0.0123055 0.0230981 0.0316664 
0.767079 0.11644 0.0192062 0.0172899 0.0264146 0.0226522 0.0309181 
0.552026 0.294536 0.0185734 0.0155983 0.0361769 0.0419531 0.0411356 
0.151915 0.742811 0.00770939 0.00380835 0.0479904 0.0345438 0.0112222 
0.126147 0.766416 0.00615869 0.00522511 0.0501107 0.0365538 0.00938843 
0.0174215 0.955554 0.00147422 0.00104161 0.013189 0.00908578 0.00223356 
0.0050699 0.983524 6.17131E-4 1.68849E-4 0.00258554 0.00681298 0.00122162 
0.00196762 0.992865 3.11387E-4 7.29221E-5 0.00105792 0.00293637 7.88796E-4 
0.00237107 0.992539 3.81086E-4 1.31318E-4 0.00133486 0.00253328 7.09328E-4 
0.00228182 0.992192 3.26855E-4 9.5748E-5 0.00119594 0.00308105 8.2662E-4 
0.00169322 0.993269 2.56745E-4 7.45741E-5 9.60122E-4 0.00301993 7.25948E-4 
0.00212559 0.987035 4.31795E-4 4.99194E-5 0.00158373 0.00810328 6.70761E-4 
0.00659131 0.980344 7.65284E-4 4.23978E-4 0.003814 0.00698001 0.00108127 
0.00642308 0.974798 0.00155707 0.00113768 0.0107404 0.00460729 7.36056E-4 
0.00241806 0.991399 6.5587E-4 4.14398E-4 0.0022729 0.00234606 4.9342E-4 
0.00285127 0.989072 5.4884E-4 5.60075E-4 0.0039685 0.00248962 5.09478E-4 
0.00561276 0.972225 9.00161E-4 0.00123201 0.0159911 0.00339968 6.39525E-4 
0.00550501 0.976592 0.00132318 0.00122939 0.0107523 0.00403625 5.62056E-4 
0.00625155 0.975787 0.00116052 0.0010557 0.0107484 0.00418833 8.08853E-4 
0.00656477 0.974621 0.00138345 0.00101581 0.0116712 0.00402496 7.19075E-4 
0.00725726 0.977222 0.00223659 9.82852E-4 0.00577427 0.00569891 8.2824E-4 
0.00596927 0.978938 0.00164738 0.00154671 0.00642987 0.00463945 8.29057E-4 
0.00770725 0.968116 0.00360103 0.0033006 0.0113333 0.00521133 7.30379E-4 
0.00621632 0.975882 0.00371362 0.00250405 0.00576518 0.00536083 5.57961E-4 
0.0129093 0.922639 0.00660117 0.00648347 0.0431997 0.00716349 0.00100428 
0.0910971 0.330406 0.0202016 0.00904365 0.508936 0.0365674 0.00374766 
0.0810419 0.0318005 0.0412636 0.162277 0.225286 0.424761 0.0335696 
0.00125809 0.00561177 0.00125586 0.00148564 0.00384688 0.985783 7.58744E-4 
0.00192229 0.00510843 0.00214652 0.00206629 0.0110169 0.976279 0.00146003 
0.00220412 0.00457269 0.00714667 0.00239211 0.00451326 0.976699 0.00247237 
0.00915124 0.00776572 0.0299496 0.0109758 0.0017894 0.927987 0.0123811 
0.0037935 0.00907204 0.02134 0.00957999 7.9014E-4 0.943365 0.012059 
