0.748938 0.0299998 0.0285961 0.1039 0.0723592 0.00321046 0.0129962 
0.688419 0.0511161 0.0210433 0.0732965 0.149722 0.00451263 0.0118896 
0.724069 0.0500084 0.0223312 0.0306442 0.153303 0.00553123 0.0141134 
0.733042 0.0574798 0.0263354 0.0264171 0.132892 0.00548221 0.0183516 
0.740738 0.0542868 0.0237826 0.0422911 0.119057 0.00532228 0.0145227 
0.807681 0.0412529 0.0384683 0.0336713 0.056969 0.00320237 0.018755 
0.803209 0.0429136 0.0379621 0.0323335 0.0602579 0.00472369 0.0186005 
0.82101 0.036907 0.038497 0.0411227 0.0447093 0.00295891 0.0147947 
0.759722 0.0543414 0.0317459 0.0321661 0.094671 0.00303396 0.0243193 
0.811902 0.039036 0.0414225 0.0261744 0.054655 0.0033145 0.023496 
0.847968 0.0286954 0.058032 0.01327 0.0205367 0.00296695 0.028531 
0.828863 0.0246639 0.0721937 0.0161773 0.0222616 0.0027302 0.0331103 
0.832873 0.0392963 0.0370768 0.0193483 0.049678 0.00406134 0.0176659 
0.812417 0.0440348 0.0302573 0.0325925 0.05763 0.00288128 0.0201872 
0.83059 0.0445785 0.0328378 0.0262533 0.0424939 0.00376113 0.0194853 
0.787802 0.0401725 0.0323538 0.0201269 0.0959043 0.00518835 0.0184525 
0.823941 0.0418491 0.0329967 0.0257909 0.0552939 0.00524614 0.0148823 
0.756854 0.0789734 0.022157 0.0230111 0.097533 0.00628346 0.0151881 
0.790057 0.0770275 0.0224606 0.0256798 0.0632327 0.00508336 0.0164593 
0.80376 0.0689742 0.0289689 0.0267944 0.0506543 0.0038448 0.0170034 
0.794021 0.0833749 0.0245861 0.0261319 0.049991 0.00453079 0.0173647 
0.806251 0.0963217 0.0258095 0.015061 0.0332111 0.00413885 0.019207 
0.815905 0.0799666 0.0328423 0.0190111 0.0288276 0.00437215 0.0190749 
0.80552 0.0897758 0.0280609 0.016733 0.0367803 0.00503983 0.0180902 
0.841518 0.0726113 0.033262 0.0179461 0.0150113 0.00365008 0.0160013 
0.861658 0.0599453 0.0388783 0.0111796 0.00923948 0.00351081 0.0155884 
0.821194 0.0842562 0.0386826 0.00399796 0.0163396 0.0108566 0.0246734 
0.824892 0.0657686 0.04289 0.0105952 0.024667 0.00690677 0.0242805 
0.830966 0.0637638 0.0429991 0.00955276 0.0237198 0.0055479 0.0234503 
0.85328 0.0340437 0.0638553 0.010404 0.0119065 0.00353751 0.0229729 
0.846569 0.026278 0.0641551 0.0303113 0.0159521 0.00210438 0.0146298 
0.832793 0.0229509 0.0622522 0.0339085 0.0272841 0.00251374 0.0182973 
0.856359 0.0250869 0.0479642 0.0314725 0.0204707 0.00238448 0.0162621 
0.82248 0.0266098 0.0526179 0.0477932 0.0290363 0.00206485 0.0193979 
0.773093 0.0321614 0.0345145 0.104764 0.0392631 0.002276 0.0139282 
0.783728 0.0217978 0.0512766 0.0902189 0.0348921 0.0021515 0.0159349 
0.755007 0.0211347 0.0382875 0.100734 0.0696018 0.00217329 0.0130618 
0.741407 0.0193577 0.0391179 0.115159 0.0683755 0.00209574 0.0144875 
0.71494 0.0239542 0.0341472 0.115514 0.0931932 0.00189899 0.0163519 
0.764075 0.0271591 0.032734 0.0959793 0.063648 0.00222814 0.0141761 
0.763729 0.0284203 0.0449073 0.116721 0.0266902 0.00142244 0.0181091 
0.792661 0.0330741 0.0364483 0.0579702 0.0617625 0.00242677 0.0156572 
0.787638 0.0282962 0.0274841 0.074482 0.0679402 0.00229059 0.0118694 
0.76523 0.0273591 0.027188 0.116378 0.050961 0.00182338 0.011061 
0.695367 0.029067 0.031272 0.172347 0.0574972 0.0019495 0.0125003 
0.793041 0.0218113 0.0429875 0.0835733 0.0421055 0.00213019 0.0143509 
0.785398 0.0273432 0.0383232 0.0742605 0.0557497 0.00228456 0.0166414 
0.827033 0.0307089 0.0647109 0.0478724 0.00875787 0.00191538 0.0190012 
0.761897 0.0236208 0.0304097 0.114465 0.0578251 0.00221794 0.00956493 
0.787268 0.0210601 0.0405521 0.102702 0.0343812 0.00189871 0.0121385 
0.805393 0.0260383 0.0379407 0.0799358 0.0378659 0.00214701 0.0106793 
0.83173 0.0272568 0.0432343 0.0534471 0.027713 0.00200044 0.0146181 
0.822089 0.0240638 0.0478603 0.0619221 0.0275003 0.00195664 0.0146073 
0.777829 0.0214911 0.0329954 0.10311 0.0503202 0.00229109 0.0119627 
0.733716 0.0255163 0.0303054 0.149224 0.0492519 0.00181719 0.0101695 
0.274241 0.327779 0.013106 0.294598 0.0705405 0.00714257 0.0125937 
0.225412 0.194913 0.0185793 0.421798 0.105505 0.0115598 0.022233 
0.258541 0.135027 0.0108066 0.518719 0.0576233 0.00482309 0.01446 
0.339255 0.0666227 0.00530463 0.534859 0.0430916 0.0018163 0.00905122 
0.303476 0.070267 0.0062858 0.567248 0.0416434 0.0021817 0.00889738 
0.216395 0.0495146 0.00526751 0.698702 0.0225969 0.00130066 0.00622326 
0.272474 0.0663453 0.00595044 0.591046 0.0531148 0.00247279 0.008596 
0.202459 0.0544565 0.00448207 0.666569 0.0625584 0.00181666 0.00765805 
0.279121 0.0997181 0.00943736 0.527992 0.0663444 0.00424912 0.0131387 
0.328919 0.0871418 0.00884629 0.487656 0.0744282 0.00356863 0.00943986 
0.281116 0.0835708 0.0128089 0.577303 0.0341751 0.00286981 0.00815661 
0.438269 0.118939 0.0166063 0.386218 0.0280384 0.00287129 0.00905804 
0.45086 0.0844456 0.0115518 0.375929 0.0671319 0.00261392 0.00746765 
0.460576 0.087296 0.0120275 0.372916 0.0549004 0.00289212 0.00939186 
0.504805 0.0876293 0.0108555 0.315382 0.0680188 0.00296174 0.0103477 
0.493452 0.242591 0.0083254 0.119016 0.119695 0.00918041 0.00774121 
0.470315 0.276372 0.0351611 0.0231795 0.0667007 0.123737 0.00453508 
0.75312 0.0545893 0.0419188 0.0510132 0.0661039 0.0239241 0.00933076 
0.7429 0.0397381 0.0192834 0.154864 0.031324 0.00308825 0.00880214 
0.550781 0.0573056 0.0142051 0.255968 0.111105 0.0034088 0.00722677 
0.601527 0.114568 0.0130503 0.112659 0.142885 0.00590995 0.00940065 
0.378389 0.399673 0.00968132 0.0401672 0.137402 0.0304976 0.00418988 
0.310113 0.529002 0.00625555 0.0328902 0.103161 0.0151464 0.00343188 
0.369171 0.132513 0.00855792 0.395457 0.0837219 0.00837399 0.00220482 
0.0139346 0.00922194 7.41157E-4 0.800685 0.173303 0.00175261 3.61878E-4 
0.0133695 0.0327965 9.64837E-4 0.407012 0.542845 0.00230112 7.1072E-4 
0.0157424 0.101054 0.00734772 0.164887 0.689627 0.0149992 0.00634255 
0.00213068 0.984194 2.7189E-5 0.00429486 0.00327063 0.00607075 1.161E-5 
0.00524241 0.939133 9.03238E-5 0.020202 0.0116881 0.0235936 5.02283E-5 
0.00621475 0.851266 0.00110572 0.0391615 0.081703 0.019716 8.33231E-4 
0.0316918 0.12974 0.0148465 0.206447 0.576426 0.0279057 0.0129435 
0.0330959 0.419954 0.00527131 0.121105 0.390149 0.0258809 0.00454277 
0.00482597 0.884254 5.76408E-4 0.025031 0.076467 0.00840164 4.44488E-4 
0.0115194 0.738281 0.00500414 0.0629989 0.159158 0.0186982 0.00434001 
7.02283E-4 0.949688 2.05436E-4 0.0113172 0.0336095 0.00431669 1.60752E-4 
0.00141998 0.919556 6.12185E-4 0.01714 0.0545506 0.00621242 5.0865E-4 
3.01295E-4 0.985377 2.1937E-5 0.00494764 0.00792221 0.00141511 1.49858E-5 
6.97285E-4 0.988358 1.88924E-5 0.00666032 0.00208183 0.0021779 5.79835E-6 
0.00211082 0.955892 6.67363E-5 0.0290819 0.00983571 0.00297184 4.09822E-5 
0.00732018 0.864039 2.20099E-4 0.114092 0.0112351 0.00301886 7.50754E-5 
0.00960831 0.826369 2.69347E-4 0.145546 0.0149019 0.00318608 1.19927E-4 
0.0135204 0.760095 0.00244538 0.120263 0.0936609 0.00795041 0.00206503 
0.0384835 0.479328 0.00366294 0.379682 0.0887831 0.00750456 0.00255551 
0.0390722 0.199658 0.0067 0.641423 0.0992646 0.0089172 0.00496428 
0.0103421 0.0153372 4.44704E-4 0.905838 0.0672402 5.06689E-4 2.90993E-4 
0.0207778 0.0148885 7.4879E-4 0.857503 0.104446 0.00103315 6.0242E-4 
0.0264735 0.026676 0.00134521 0.870601 0.0717838 0.00200276 0.00111803 
0.0506357 0.0870247 0.00377204 0.586559 0.260925 0.00694744 0.00413573 
0.0730182 0.102092 0.00540195 0.442056 0.361272 0.0100806 0.00607891 
0.0606877 0.036862 0.00208791 0.821597 0.0750119 0.00202558 0.00172843 
0.240698 0.0871821 0.00698705 0.629751 0.0300622 0.00188289 0.0034367 
0.195418 0.0804525 0.0100203 0.671036 0.0364606 0.00350156 0.00311122 
0.409479 0.089445 0.0252523 0.395163 0.0652934 0.00901482 0.00635279 
0.119538 0.0587849 0.00688636 0.725968 0.0805786 0.00416371 0.00407997 
0.216627 0.341265 0.101427 0.160055 0.036238 0.0567093 0.0876788 
0.356554 0.119097 0.0963666 0.311767 0.0300356 0.0206249 0.065555 
0.267075 0.497639 0.0416614 0.0391564 0.0468059 0.0328762 0.0747859 
0.0855604 0.824886 0.00898098 0.00451678 0.0347988 0.0150833 0.0261734 
0.128273 0.547962 0.0154615 0.012071 0.240852 0.0226881 0.0326927 
0.128672 0.699654 0.00876471 0.00904137 0.112925 0.0166032 0.0243395 
0.146224 0.400695 0.0141625 0.014993 0.37832 0.0260318 0.0195741 
0.11093 0.557329 0.0111424 0.00884271 0.267154 0.0226358 0.0219656 
0.0514113 0.799792 0.00449637 0.00277983 0.116267 0.0125864 0.0126668 
0.140919 0.660934 0.00618806 0.00640951 0.152009 0.0160845 0.0174561 
0.575467 0.181881 0.0101024 0.0909136 0.0840596 0.0449768 0.0125988 
0.41251 0.0986945 0.0119035 0.384885 0.0623603 0.0195325 0.0101142 
0.558524 0.12844 0.0134911 0.223592 0.0414663 0.0220652 0.0124215 
0.557542 0.101856 0.0148705 0.250656 0.0423696 0.0206067 0.0120987 
0.571969 0.130327 0.016397 0.231944 0.0257684 0.0102588 0.0133361 
0.531078 0.0951315 0.0142275 0.29603 0.0417916 0.0101017 0.0116397 
0.613312 0.115816 0.0155222 0.18272 0.0502934 0.0112082 0.0111281 
0.662054 0.169332 0.0152863 0.103254 0.0202436 0.0173404 0.0124895 
0.758477 0.097129 0.0159165 0.046892 0.0228505 0.039604 0.0191312 
0.503152 0.161014 0.0094786 0.220158 0.0818609 0.0147063 0.00963054 
0.534988 0.0685253 0.0122953 0.283472 0.0807198 0.00945926 0.0105401 
0.526294 0.094724 0.0122339 0.302455 0.0434038 0.0109266 0.00996296 
0.731223 0.0878832 0.0226985 0.0987299 0.00970791 0.0322809 0.0174769 
0.602473 0.0783345 0.0150881 0.244604 0.0282453 0.0213133 0.00994227 
0.505499 0.0805831 0.0131975 0.351915 0.0211372 0.0202974 0.00737075 
0.515742 0.0809558 0.0133724 0.330733 0.0201682 0.0302592 0.0087701 
0.260236 0.0511434 0.010404 0.609583 0.0188129 0.0406283 0.00919223 
0.411399 0.0721415 0.0121535 0.44028 0.0246814 0.0307821 0.00856276 
0.443076 0.0519859 0.0159841 0.437409 0.0146539 0.0271451 0.0097456 
0.506549 0.0619973 0.0160433 0.354357 0.0186447 0.0326335 0.00977561 
0.481548 0.0535961 0.0150307 0.395249 0.0147949 0.031413 0.00836853 
0.305509 0.00992476 0.504335 0.0629555 0.0499064 0.0451661 0.0222028 
0.333664 0.00658447 0.336568 0.232035 0.0125996 0.017408 0.0611415 
0.468429 0.00873513 0.152829 0.263871 0.00313963 0.00751348 0.0954826 
0.284398 0.0137954 0.13812 0.482414 0.00352093 0.00467979 0.0730714 
0.246004 0.0367707 0.348311 0.232984 0.0154353 0.018329 0.102167 
0.498855 0.0348674 0.172171 0.251835 0.0067426 0.00702041 0.0285084 
0.428555 0.0405465 0.113386 0.398508 0.00336476 0.00285744 0.0127827 
0.490763 0.0274989 0.0362888 0.435064 0.00191447 2.64803E-4 0.00820547 
0.370189 0.0188519 0.0123143 0.582608 0.00613568 2.05717E-4 0.0096949 
0.356451 0.0309569 0.0191125 0.526677 0.0122801 0.00233789 0.0521847 
0.206682 0.0621529 0.0355867 0.520922 0.0461161 0.011582 0.116958 
0.100251 0.0549947 0.0188333 0.746868 0.0203712 0.00352042 0.0551619 
0.0991491 0.103336 0.0299156 0.60825 0.0299466 0.00576756 0.123635 
0.119789 0.0692334 0.0330771 0.574483 0.027229 0.00673345 0.169455 
0.194868 0.0786734 0.0394484 0.537943 0.026892 0.0091372 0.113038 
0.171779 0.0228734 0.00936397 0.760819 0.00964007 6.90056E-4 0.0248341 
0.407968 0.0451324 0.0347698 0.373039 0.0231803 0.00705843 0.108852 
0.266678 0.0937729 0.026373 0.39072 0.0970622 0.0115187 0.113876 
0.401991 0.047686 0.0313849 0.347215 0.0500673 0.00915295 0.112503 
0.205227 0.0861679 0.0239528 0.351254 0.218427 0.0118631 0.103108 
0.212362 0.0821197 0.0319711 0.269066 0.191601 0.0154202 0.19746 
0.333929 0.0322244 0.0135155 0.378995 0.151462 0.00484583 0.0850282 
0.422134 0.0371595 0.0189724 0.287114 0.112381 0.00666265 0.115576 
0.490804 0.0416444 0.0234491 0.190267 0.100648 0.0075762 0.145612 
0.614274 0.0270237 0.0138666 0.225927 0.0355364 0.00268959 0.0806822 
0.693323 0.012087 0.0106826 0.199797 0.0369814 0.00110545 0.0460231 
0.629538 0.0340021 0.0140591 0.103419 0.109722 0.00392279 0.105337 
0.546821 0.0520695 0.0129093 0.0929466 0.195919 0.00451003 0.0948242 
0.365882 0.0554224 0.0279961 0.143659 0.180702 0.00998554 0.216353 
0.364484 0.0540055 0.0444296 0.136124 0.07472 0.00911075 0.317126 
0.738512 0.0244842 0.0206607 0.0918814 0.0301145 0.00215114 0.0921959 
0.749626 0.0142034 0.0167635 0.156398 0.0186721 7.04921E-4 0.0436318 
0.708202 0.00623059 0.0233419 0.242974 0.00335941 1.76736E-4 0.0157145 
0.546496 0.00753808 0.0539708 0.341894 0.00153606 5.48689E-4 0.048016 
0.335612 0.00460897 0.0284647 0.58454 0.00161958 3.84328E-4 0.0447704 
0.334562 0.00748526 0.0483337 0.561019 0.00107342 5.68664E-4 0.0469579 
0.375955 0.00467013 0.029902 0.543737 0.00173664 4.48895E-4 0.0435502 
0.391018 0.0030986 0.0140695 0.56599 0.00310576 1.95793E-4 0.0225216 
0.311787 0.00276255 0.0101604 0.654043 0.00364469 1.23582E-4 0.0174792 
0.456868 0.00584099 0.0216408 0.475713 0.00272028 3.69677E-4 0.0368473 
0.173507 0.00181825 0.0123245 0.802078 0.00111861 7.09499E-5 0.00908259 
0.180093 0.00242126 0.00921517 0.79875 0.00113337 9.51685E-5 0.00829271 
0.197227 0.00249591 0.00979415 0.767747 0.00139568 1.38351E-4 0.0212017 
0.226121 0.00388469 0.0179373 0.729147 0.00106083 1.58783E-4 0.0216897 
0.268524 0.00343933 0.0124481 0.684911 0.00193321 1.86234E-4 0.0285577 
0.425404 0.00376657 0.0182262 0.514808 0.00267967 3.13495E-4 0.0348022 
0.429809 0.00538962 0.0266219 0.489363 0.00195667 4.63057E-4 0.0463961 
0.258636 0.00341448 0.022033 0.676382 0.0014181 2.69392E-4 0.0378474 
0.543777 0.00945884 0.0253106 0.360518 0.00243953 6.10062E-4 0.0578852 
0.308684 0.00662315 0.0173012 0.637975 0.00119816 2.22952E-4 0.0279954 
0.282619 0.00600356 0.0277301 0.655897 0.00103 2.13011E-4 0.0265071 
0.31129 0.00332008 0.0120163 0.651887 0.00213477 1.35579E-4 0.0192166 
0.515025 0.0078337 0.0107137 0.444785 0.00342974 2.0754E-4 0.0180059 
0.449258 0.00781134 0.0134537 0.502357 0.00202858 2.46288E-4 0.024845 
0.440418 0.00759776 0.0272976 0.479306 0.00109143 4.22863E-4 0.0438664 
0.313315 0.006103 0.0118192 0.652527 0.00135736 1.74535E-4 0.0147044 
0.589975 0.0152215 0.00912477 0.361582 0.00342365 6.30164E-4 0.0200429 
0.365113 0.0271602 0.0101685 0.587977 0.00155971 7.01607E-4 0.0073199 
0.332448 0.0282627 0.00849854 0.619648 0.00210404 7.4766E-4 0.00829105 
0.689551 0.024575 0.0147029 0.250788 0.00152357 0.00139057 0.0174689 
0.566818 0.0285913 0.0157274 0.379977 0.00152924 0.00140598 0.00595152 
0.686151 0.0222588 0.0148635 0.264422 0.00223504 9.95332E-4 0.0090746 
0.631179 0.0200503 0.00963751 0.32669 0.00375891 0.00107746 0.00760666 
0.750297 0.0303751 0.0096517 0.192259 0.0101605 0.00107015 0.00618721 
0.750565 0.0273431 0.0104956 0.195426 0.00979998 0.00102307 0.00534705 
0.522024 0.0277054 0.0094526 0.425485 0.00840338 0.00125635 0.00567284 
0.713461 0.0313721 0.0132706 0.228952 0.00551443 0.00185832 0.00557126 
0.740362 0.0248355 0.0156316 0.20472 0.00723347 0.00124177 0.00597557 
0.851992 0.0340973 0.0130449 0.08148 0.011151 0.00155288 0.0066819 
0.82237 0.0505429 0.012701 0.0829185 0.0222692 0.00132976 0.00786864 
0.846604 0.0250217 0.0132504 0.0857604 0.0215124 8.25211E-4 0.00702614 
0.852361 0.0252928 0.0178305 0.0832487 0.0126583 0.00116089 0.00744824 
0.699308 0.0304634 0.019992 0.22249 0.0188351 0.00159277 0.00731809 
0.790631 0.0185197 0.0306431 0.141588 0.0104154 0.00123465 0.00696812 
0.881946 0.015698 0.0528556 0.0248843 0.0107876 0.00223655 0.0115924 
0.818375 0.0336787 0.0345013 0.0403463 0.057037 0.00482685 0.0112352 
0.847119 0.027904 0.042027 0.0380595 0.0289162 0.00278187 0.0131925 
0.845338 0.0224107 0.0587812 0.0443635 0.015789 0.00195356 0.0113637 
0.861331 0.0266588 0.046044 0.041987 0.0129874 0.00196411 0.00902745 
0.846416 0.0319987 0.0312005 0.0592934 0.020806 0.00171998 0.00856529 
0.849629 0.0308285 0.0271244 0.0537577 0.028622 0.00177851 0.00826031 
0.836683 0.0356477 0.0250656 0.0466654 0.0444233 0.00259799 0.00891718 
0.814918 0.0304557 0.0221499 0.0576935 0.0639111 0.00201465 0.00885763 
0.823865 0.0284042 0.0269478 0.064129 0.046369 0.00177056 0.00851471 
0.745997 0.0206561 0.0407073 0.174359 0.0104232 0.00146487 0.00639215 
0.763731 0.0231707 0.0277129 0.154522 0.022809 0.0016468 0.0064081 
0.796032 0.0204895 0.0353928 0.119837 0.0198119 0.00140179 0.00703465 
0.866163 0.0250914 0.048259 0.0306334 0.0160367 0.00187614 0.0119402 
0.853275 0.0320756 0.0400186 0.0497488 0.0118512 0.00177821 0.0112526 
0.85402 0.0237552 0.0402894 0.0546485 0.0157436 0.0016008 0.00994206 
0.305509 0.00992476 0.504335 0.0629555 0.0499064 0.0451661 0.0222028 
0.333664 0.00658447 0.336568 0.232035 0.0125996 0.017408 0.0611415 
0.468429 0.00873513 0.152829 0.263871 0.00313963 0.00751348 0.0954826 
0.284398 0.0137954 0.13812 0.482414 0.00352093 0.00467979 0.0730714 
0.246004 0.0367707 0.348311 0.232984 0.0154353 0.018329 0.102167 
0.498855 0.0348674 0.172171 0.251835 0.0067426 0.00702041 0.0285084 
0.428555 0.0405465 0.113386 0.398508 0.00336476 0.00285744 0.0127827 
0.490763 0.0274989 0.0362888 0.435064 0.00191447 2.64803E-4 0.00820547 
0.370189 0.0188519 0.0123143 0.582608 0.00613568 2.05717E-4 0.0096949 
0.356451 0.0309569 0.0191125 0.526677 0.0122801 0.00233789 0.0521847 
0.206682 0.0621529 0.0355867 0.520922 0.0461161 0.011582 0.116958 
0.100251 0.0549947 0.0188333 0.746868 0.0203712 0.00352042 0.0551619 
0.0991491 0.103336 0.0299156 0.60825 0.0299466 0.00576756 0.123635 
0.119789 0.0692334 0.0330771 0.574483 0.027229 0.00673345 0.169455 
0.194868 0.0786734 0.0394484 0.537943 0.026892 0.0091372 0.113038 
0.171779 0.0228734 0.00936397 0.760819 0.00964007 6.90056E-4 0.0248341 
0.407968 0.0451324 0.0347698 0.373039 0.0231803 0.00705843 0.108852 
0.266678 0.0937729 0.026373 0.39072 0.0970622 0.0115187 0.113876 
0.401991 0.047686 0.0313849 0.347215 0.0500673 0.00915295 0.112503 
0.205227 0.0861679 0.0239528 0.351254 0.218427 0.0118631 0.103108 
0.212362 0.0821197 0.0319711 0.269066 0.191601 0.0154202 0.19746 
0.333929 0.0322244 0.0135155 0.378995 0.151462 0.00484583 0.0850282 
0.422134 0.0371595 0.0189724 0.287114 0.112381 0.00666265 0.115576 
0.490804 0.0416444 0.0234491 0.190267 0.100648 0.0075762 0.145612 
0.614274 0.0270237 0.0138666 0.225927 0.0355364 0.00268959 0.0806822 
0.693323 0.012087 0.0106826 0.199797 0.0369814 0.00110545 0.0460231 
0.629538 0.0340021 0.0140591 0.103419 0.109722 0.00392279 0.105337 
0.546821 0.0520695 0.0129093 0.0929466 0.195919 0.00451003 0.0948242 
0.365882 0.0554224 0.0279961 0.143659 0.180702 0.00998554 0.216353 
0.364484 0.0540055 0.0444296 0.136124 0.07472 0.00911075 0.317126 
0.738512 0.0244842 0.0206607 0.0918814 0.0301145 0.00215114 0.0921959 
0.749626 0.0142034 0.0167635 0.156398 0.0186721 7.04921E-4 0.0436318 
0.708202 0.00623059 0.0233419 0.242974 0.00335941 1.76736E-4 0.0157145 
0.546496 0.00753808 0.0539708 0.341894 0.00153606 5.48689E-4 0.048016 
0.335612 0.00460897 0.0284647 0.58454 0.00161958 3.84328E-4 0.0447704 
0.334562 0.00748526 0.0483337 0.561019 0.00107342 5.68664E-4 0.0469579 
0.375955 0.00467013 0.029902 0.543737 0.00173664 4.48895E-4 0.0435502 
0.391018 0.0030986 0.0140695 0.56599 0.00310576 1.95793E-4 0.0225216 
0.311787 0.00276255 0.0101604 0.654043 0.00364469 1.23582E-4 0.0174792 
0.456868 0.00584099 0.0216408 0.475713 0.00272028 3.69677E-4 0.0368473 
0.173507 0.00181825 0.0123245 0.802078 0.00111861 7.09499E-5 0.00908259 
0.180093 0.00242126 0.00921517 0.79875 0.00113337 9.51685E-5 0.00829271 
0.197227 0.00249591 0.00979415 0.767747 0.00139568 1.38351E-4 0.0212017 
0.226121 0.00388469 0.0179373 0.729147 0.00106083 1.58783E-4 0.0216897 
0.268524 0.00343933 0.0124481 0.684911 0.00193321 1.86234E-4 0.0285577 
0.425404 0.00376657 0.0182262 0.514808 0.00267967 3.13495E-4 0.0348022 
0.429809 0.00538962 0.0266219 0.489363 0.00195667 4.63057E-4 0.0463961 
0.258636 0.00341448 0.022033 0.676382 0.0014181 2.69392E-4 0.0378474 
0.543777 0.00945884 0.0253106 0.360518 0.00243953 6.10062E-4 0.0578852 
0.308684 0.00662315 0.0173012 0.637975 0.00119816 2.22952E-4 0.0279954 
0.282619 0.00600356 0.0277301 0.655897 0.00103 2.13011E-4 0.0265071 
0.31129 0.00332008 0.0120163 0.651887 0.00213477 1.35579E-4 0.0192166 
0.515025 0.0078337 0.0107137 0.444785 0.00342974 2.0754E-4 0.0180059 
0.449258 0.00781134 0.0134537 0.502357 0.00202858 2.46288E-4 0.024845 
0.440418 0.00759776 0.0272976 0.479306 0.00109143 4.22863E-4 0.0438664 
0.313315 0.006103 0.0118192 0.652527 0.00135736 1.74535E-4 0.0147044 
0.589975 0.0152215 0.00912477 0.361582 0.00342365 6.30164E-4 0.0200429 
0.365113 0.0271602 0.0101685 0.587977 0.00155971 7.01607E-4 0.0073199 
0.332448 0.0282627 0.00849854 0.619648 0.00210404 7.4766E-4 0.00829105 
0.689551 0.024575 0.0147029 0.250788 0.00152357 0.00139057 0.0174689 
0.566818 0.0285913 0.0157274 0.379977 0.00152924 0.00140598 0.00595152 
0.686151 0.0222588 0.0148635 0.264422 0.00223504 9.95332E-4 0.0090746 
0.631179 0.0200503 0.00963751 0.32669 0.00375891 0.00107746 0.00760666 
0.750297 0.0303751 0.0096517 0.192259 0.0101605 0.00107015 0.00618721 
0.750565 0.0273431 0.0104956 0.195426 0.00979998 0.00102307 0.00534705 
0.522024 0.0277054 0.0094526 0.425485 0.00840338 0.00125635 0.00567284 
0.713461 0.0313721 0.0132706 0.228952 0.00551443 0.00185832 0.00557126 
0.740362 0.0248355 0.0156316 0.20472 0.00723347 0.00124177 0.00597557 
0.851992 0.0340973 0.0130449 0.08148 0.011151 0.00155288 0.0066819 
0.82237 0.0505429 0.012701 0.0829185 0.0222692 0.00132976 0.00786864 
0.846604 0.0250217 0.0132504 0.0857604 0.0215124 8.25211E-4 0.00702614 
0.852361 0.0252928 0.0178305 0.0832487 0.0126583 0.00116089 0.00744824 
0.699308 0.0304634 0.019992 0.22249 0.0188351 0.00159277 0.00731809 
0.790631 0.0185197 0.0306431 0.141588 0.0104154 0.00123465 0.00696812 
0.881946 0.015698 0.0528556 0.0248843 0.0107876 0.00223655 0.0115924 
0.818375 0.0336787 0.0345013 0.0403463 0.057037 0.00482685 0.0112352 
0.847119 0.027904 0.042027 0.0380595 0.0289162 0.00278187 0.0131925 
0.845338 0.0224107 0.0587812 0.0443635 0.015789 0.00195356 0.0113637 
0.861331 0.0266588 0.046044 0.041987 0.0129874 0.00196411 0.00902745 
0.846416 0.0319987 0.0312005 0.0592934 0.020806 0.00171998 0.00856529 
0.849629 0.0308285 0.0271244 0.0537577 0.028622 0.00177851 0.00826031 
0.836683 0.0356477 0.0250656 0.0466654 0.0444233 0.00259799 0.00891718 
0.814918 0.0304557 0.0221499 0.0576935 0.0639111 0.00201465 0.00885763 
0.823865 0.0284042 0.0269478 0.064129 0.046369 0.00177056 0.00851471 
0.745997 0.0206561 0.0407073 0.174359 0.0104232 0.00146487 0.00639215 
0.763731 0.0231707 0.0277129 0.154522 0.022809 0.0016468 0.0064081 
0.796032 0.0204895 0.0353928 0.119837 0.0198119 0.00140179 0.00703465 
0.866163 0.0250914 0.048259 0.0306334 0.0160367 0.00187614 0.0119402 
0.853275 0.0320756 0.0400186 0.0497488 0.0118512 0.00177821 0.0112526 
0.85402 0.0237552 0.0402894 0.0546485 0.0157436 0.0016008 0.00994206 
0.425356 0.0381209 0.0852144 0.287947 0.0277033 0.0093256 0.126333 
0.440324 0.0345252 0.0913598 0.274625 0.0216531 0.00792445 0.129589 
0.170872 0.0507714 0.121309 0.188674 0.0390277 0.0123814 0.416965 
0.116235 0.066127 0.0684307 0.174483 0.074081 0.0116067 0.489036 
0.1589 0.0726985 0.0713785 0.215544 0.101327 0.0151929 0.364958 
0.13499 0.056667 0.0696928 0.281546 0.0565181 0.0109701 0.389616 
0.114993 0.0621604 0.0924886 0.166466 0.0516269 0.011514 0.500751 
0.172428 0.053228 0.10503 0.193633 0.043665 0.0125234 0.419492 
0.173743 0.0534106 0.0943536 0.156097 0.107659 0.0120997 0.402637 
0.134497 0.0453 0.168942 0.0561983 0.0406485 0.00777698 0.546638 
0.44885 0.035175 0.174414 0.066814 0.0186847 0.00460038 0.251462 
0.528112 0.021917 0.19085 0.0226685 0.00873221 0.00230279 0.225418 
0.37437 0.026806 0.237985 0.0229605 0.0104086 0.00480349 0.322667 
0.429184 0.0144378 0.267225 0.0168591 0.00797108 0.00338253 0.260941 
0.505283 0.0174915 0.199568 0.0162953 0.00863968 0.00209009 0.250632 
0.288673 0.0430258 0.163191 0.0329287 0.0415274 0.0055106 0.425143 
0.826359 0.0277395 0.073808 0.0277093 0.0283992 0.00362333 0.0123616 
0.845364 0.0304524 0.0509455 0.021643 0.0374782 0.00328082 0.0108366 
0.825537 0.0285541 0.0626863 0.0225624 0.0424242 0.00465318 0.0135827 
0.819573 0.0238653 0.0549682 0.0334628 0.0502279 0.0047649 0.0131377 
0.775607 0.0496846 0.0371353 0.0393433 0.0803151 0.00630828 0.0116068 
0.82173 0.0214307 0.0351481 0.0372923 0.0717381 0.00343788 0.00922307 
0.828249 0.0298653 0.0324771 0.0349716 0.0613408 0.00394193 0.00915414 
0.844452 0.0287121 0.0445522 0.0247785 0.0437793 0.00304802 0.0106777 
0.832246 0.0225055 0.0391101 0.0362415 0.0573904 0.00357523 0.00893115 
0.852324 0.0233163 0.0576784 0.0243503 0.0257307 0.00340631 0.0131941 
0.820826 0.0298444 0.0598309 0.0351434 0.0347797 0.00294543 0.0166307 
0.823547 0.0228809 0.0653203 0.0255267 0.0427239 0.00228102 0.0177197 
0.781373 0.0182785 0.104644 0.0414117 0.0373696 0.00196795 0.0149551 
0.808922 0.0261135 0.0700319 0.0309212 0.0458077 0.00395577 0.0142476 
0.753251 0.0220227 0.057247 0.0748807 0.0767706 0.00348777 0.0123399 
0.789339 0.0266058 0.0516867 0.0418158 0.0734801 0.00416618 0.0129063 
0.695989 0.0186495 0.0331455 0.088763 0.151535 0.00408276 0.007835 
0.697091 0.0243568 0.0343573 0.0942045 0.13815 0.0038595 0.00798117 
0.64008 0.0179685 0.0353574 0.122184 0.173195 0.00248557 0.0087304 
0.757608 0.0185072 0.0492047 0.0860038 0.0757016 0.00284904 0.0101254 
0.760611 0.0208195 0.0563785 0.0758388 0.0699193 0.00296774 0.0134647 
0.688101 0.0244965 0.0459725 0.142477 0.0842165 0.00325761 0.0114794 
0.84045 0.0264719 0.062226 0.0149345 0.0346484 0.00259837 0.0186703 
0.794144 0.0305994 0.0459685 0.043822 0.0682239 0.00359096 0.0136509 
0.753983 0.0127621 0.157938 0.00974829 0.0294069 0.003096 0.0330652 
0.728171 0.00712263 0.239223 0.00328058 0.00677811 0.00162164 0.0138028 
0.759969 0.00799674 0.199152 0.0056508 0.00282187 0.00225603 0.0221529 
0.800343 0.0105714 0.148278 0.00564897 0.00463943 0.00184503 0.0286747 
0.840067 0.0264678 0.0753156 0.0151527 0.0279625 0.00174634 0.0132878 
0.836321 0.0225442 0.0926558 0.0101317 0.0165873 0.00222262 0.0195378 
0.787076 0.0194903 0.0472817 0.0887681 0.0455843 0.00254349 0.00925576 
0.856974 0.0261568 0.0708136 0.01995 0.011746 0.00275036 0.0116096 
0.835613 0.0212628 0.0754508 0.0298492 0.0231171 0.00197427 0.0127331 
0.809927 0.0234864 0.0685412 0.0515249 0.0290786 0.00235762 0.0150848 
0.746122 0.0128133 0.079914 0.0846806 0.0583937 0.00222047 0.015856 
0.772272 0.0168587 0.0578873 0.0836441 0.0559189 0.00239074 0.0110278 
0.738756 0.0166297 0.0495483 0.0672296 0.11111 0.00336017 0.0133659 
0.803064 0.0153962 0.0498613 0.0543868 0.0637942 0.00264489 0.010853 
0.823779 0.0191507 0.0693179 0.0503338 0.0230727 0.00249992 0.0118456 
0.813869 0.0172613 0.0511155 0.0493415 0.0548733 0.00327368 0.010266 
0.758882 0.0200519 0.0484383 0.0784358 0.0788883 0.00310006 0.0122033 
0.727923 0.0128187 0.0590852 0.0879341 0.0944748 0.00243749 0.0153271 
0.823958 0.0136704 0.0673359 0.0454258 0.0364078 0.00284652 0.010356 
0.828726 0.0152921 0.0665297 0.0323402 0.0420403 0.00359559 0.011476 
0.826216 0.0212561 0.0605185 0.024937 0.0499906 0.00352849 0.013553 
0.817182 0.0276067 0.039787 0.0401967 0.06068 0.00308799 0.0114596 
0.759134 0.0279298 0.0313991 0.0490361 0.119866 0.0025368 0.0100983 
0.811285 0.0257715 0.0403674 0.034468 0.0729746 0.00312745 0.0120061 
0.813006 0.0195061 0.0738238 0.0273364 0.0469994 0.00274518 0.0165829 
0.835766 0.0214084 0.080317 0.0246618 0.0226097 0.00197156 0.0132656 
0.854687 0.0226807 0.0633144 0.0219862 0.0226879 0.00300191 0.0116422 
0.834949 0.0178246 0.0739685 0.030858 0.0260613 0.00201007 0.014329 
0.831038 0.0206769 0.0760698 0.0325851 0.0264051 0.0018882 0.0113368 
0.821805 0.0313075 0.0730083 0.0266575 0.028923 0.00244359 0.0158547 
0.74061 0.0213745 0.0484871 0.0813788 0.0936624 0.00215943 0.0123274 
0.800422 0.0212352 0.0572897 0.0532684 0.0527652 0.00277464 0.0122449 
0.811189 0.0204589 0.0464737 0.0328817 0.0742218 0.00441564 0.0103589 
0.78169 0.0184884 0.0424084 0.0509269 0.0914946 0.00331296 0.0116788 
0.833013 0.0259424 0.0495935 0.0320301 0.0425668 0.00493106 0.0119235 
0.824337 0.0250016 0.0489533 0.0333667 0.0502657 0.00494388 0.0131316 
0.835845 0.0224737 0.0585315 0.037716 0.030729 0.00348239 0.011222 
0.841698 0.0181781 0.0616685 0.0361266 0.0295006 0.00354602 0.00928279 
0.806958 0.0109722 0.0856792 0.0562353 0.0262901 0.0024276 0.0114371 
0.780626 0.00905997 0.099731 0.0800994 0.0180563 0.00183505 0.0105926 
0.82069 0.0197367 0.0684862 0.0395684 0.037874 0.0033702 0.0102746 
0.820602 0.0121493 0.0867403 0.028281 0.033615 0.00350106 0.0151114 
0.831638 0.0190913 0.0752541 0.0311245 0.0245256 0.00425488 0.0141118 
0.798845 0.0126599 0.0730183 0.0651309 0.0370088 0.00246096 0.0108757 
0.847238 0.0139137 0.0784576 0.0268099 0.0187582 0.0036203 0.0112027 
0.793749 0.0154897 0.0567304 0.0722652 0.0476634 0.00565633 0.0084458 
0.641073 0.0130601 0.0528964 0.205942 0.0745274 0.00268958 0.00981116 
0.812465 0.0146161 0.0874938 0.0465596 0.0227641 0.00438853 0.0117128 
0.82936 0.0153045 0.0719541 0.0399223 0.0271546 0.004255 0.0120493 
0.695509 0.0128891 0.0500023 0.0476467 0.178356 0.00281649 0.0127804 
0.778055 0.0152781 0.155844 0.0181524 0.0151338 0.00112131 0.0164159 
0.823141 0.0136632 0.125583 0.0116708 0.0112382 0.00174413 0.01296 
0.743883 0.0172155 0.08307 0.0532052 0.0884338 0.00254402 0.0116489 
0.683241 0.0173631 0.0650174 0.0583195 0.156236 0.00453602 0.0152871 
0.715728 0.0189663 0.0606997 0.0494543 0.137723 0.00442222 0.0130068 
0.710647 0.0176726 0.0692916 0.0789606 0.103256 0.0053375 0.0148352 
0.749223 0.0201941 0.0892351 0.0391696 0.0769065 0.00505941 0.0202122 
0.744669 0.013443 0.0801258 0.113569 0.0363702 0.00195906 0.0098639 
0.775577 0.0169519 0.104814 0.0566065 0.0307321 0.00336606 0.0119527 
0.756955 0.0139045 0.0802491 0.0649812 0.0694021 0.00296665 0.0115416 
0.71837 0.0148571 0.0553133 0.134827 0.0661169 0.00167925 0.00883679 
0.791819 0.021672 0.0739282 0.0489939 0.0476664 0.00405073 0.0118697 
0.731368 0.0160472 0.0717801 0.116027 0.0522384 0.00341049 0.00912804 
0.76496 0.022838 0.0777312 0.0364024 0.0780981 0.00467548 0.015295 
0.777419 0.0320839 0.0747131 0.0302334 0.0657912 0.00627052 0.0134887 
0.781777 0.033169 0.0592813 0.0226685 0.0838258 0.00545926 0.0138195 
