0.795176 0.140618 0.0196811 0.0113371 0.012958 0.00804904 0.0121802 
0.724187 0.209048 0.0164454 0.0119525 0.0166641 0.00839019 0.0133137 
0.694923 0.211665 0.0155297 0.0189775 0.0408013 0.00662171 0.0114822 
0.759407 0.122403 0.0159494 0.0223808 0.0631356 0.00807625 0.00864797 
0.737947 0.153725 0.0199164 0.0149428 0.0520404 0.00779806 0.0136303 
0.874148 0.0532079 0.0359743 0.00273476 0.00559202 0.0135679 0.0147756 
0.874955 0.034343 0.0606183 0.00244662 0.00442026 0.00707246 0.0161444 
0.86025 0.0591227 0.0445692 0.00601053 0.00829424 0.00454645 0.0172068 
0.784441 0.094641 0.0263328 0.00695506 0.0553329 0.00687878 0.0254189 
0.693671 0.165394 0.031521 0.00907698 0.070391 0.0103319 0.0196137 
0.782638 0.106192 0.0370156 0.00674235 0.0316169 0.0156579 0.0201372 
0.788499 0.12263 0.0275304 0.0113944 0.0254018 0.00868065 0.0158635 
0.748843 0.152812 0.0306675 0.0143589 0.0294672 0.00643394 0.017417 
0.834447 0.0678407 0.0568473 0.00310376 0.00397746 0.0126966 0.0210868 
0.835309 0.0699339 0.0601436 0.00712453 0.00626643 0.00732553 0.0138966 
0.872206 0.0335934 0.0607328 0.0114353 0.00682459 0.00422518 0.0109831 
0.888625 0.0288184 0.0555503 0.00771855 0.00581568 0.00391901 0.00955309 
0.876329 0.0436346 0.0428795 0.0126856 0.010598 0.00444619 0.00942741 
0.854293 0.0539411 0.0492 0.00860514 0.0131059 0.0106719 0.010183 
0.871312 0.0377227 0.0541742 0.00682224 0.0103646 0.0111192 0.00848514 
0.872709 0.0368621 0.0479476 0.00830369 0.0119076 0.0110787 0.0111917 
0.848717 0.0614655 0.0545455 0.00867619 0.00583408 0.0123612 0.00840063 
0.842945 0.0654059 0.0540617 0.00857875 0.00830221 0.0104607 0.0102455 
0.830903 0.087286 0.0402634 0.00399373 0.00594241 0.0161532 0.0154585 
0.841086 0.077955 0.0423211 0.00503151 0.0103024 0.0105702 0.0127339 
0.794538 0.111172 0.0310076 0.0129504 0.0300439 0.00722106 0.0130665 
0.8467 0.0679714 0.0304026 0.0156386 0.0228484 0.00799798 0.00844142 
0.843906 0.0728044 0.0322124 0.0193865 0.0165774 0.00588415 0.00922927 
0.868268 0.0440463 0.0386755 0.0223994 0.0125073 0.00413356 0.00996954 
0.889117 0.0277111 0.0473181 0.0181819 0.00434387 0.0049455 0.00838273 
0.888309 0.0320032 0.0395293 0.0209897 0.00321685 0.00633629 0.00961542 
0.886264 0.0316977 0.0377728 0.024319 0.0021211 0.00504589 0.0127797 
0.873362 0.0414021 0.0368751 0.0221326 0.00248229 0.00641811 0.0173282 
0.858558 0.0542599 0.030136 0.0327553 0.00468804 0.00521965 0.0143827 
0.876631 0.0397954 0.0297237 0.0291202 0.00451338 0.00482477 0.0153918 
0.853065 0.0666027 0.030121 0.0191075 0.00330485 0.00912305 0.0186762 
0.859981 0.0669243 0.0275395 0.0152027 0.00447838 0.00568311 0.0201914 
0.833029 0.0957777 0.0214413 0.0138841 0.00743725 0.00737305 0.0210576 
0.828269 0.0852285 0.0219266 0.0173887 0.013026 0.00631519 0.0278457 
0.817856 0.0887834 0.0220451 0.0303973 0.0073297 0.00604793 0.0275406 
0.785383 0.107323 0.0227952 0.03688 0.0125288 0.0060215 0.0290693 
0.764441 0.13689 0.0185779 0.0337985 0.00984707 0.00699117 0.0294538 
0.820503 0.0804009 0.0263013 0.0197926 0.00845682 0.00454162 0.0400034 
0.813374 0.0772923 0.0266459 0.0370921 0.0139494 0.00264288 0.0290036 
0.73628 0.0210203 0.0589501 0.0629989 0.102351 0.00321401 0.0151854 
0.72993 0.0315939 0.0512778 0.0325057 0.133168 0.00556736 0.0159569 
0.713066 0.0318597 0.0485336 0.0364116 0.149834 0.00437054 0.0159251 
0.805848 0.0361345 0.0734116 0.0193073 0.0409735 0.00843117 0.015894 
0.78794 0.0332469 0.0783033 0.0136173 0.0616642 0.00652571 0.0187026 
0.793705 0.0402344 0.0608912 0.0214804 0.059051 0.00628227 0.0183563 
0.775164 0.0283556 0.073844 0.024691 0.0723273 0.00655353 0.0190645 
0.777942 0.0236898 0.123533 0.0110432 0.0304023 0.00856061 0.0248286 
0.792268 0.0214722 0.118874 0.0109815 0.0262172 0.00793587 0.0222508 
0.815845 0.0341041 0.0687802 0.0196089 0.0359147 0.00896699 0.0167802 
0.799626 0.0213344 0.0821964 0.0190095 0.0482824 0.0109154 0.0186364 
0.777336 0.0210877 0.0693409 0.0269436 0.0783183 0.0095381 0.017435 
0.779807 0.0221552 0.126842 0.0120736 0.028505 0.00617159 0.0244463 
0.815999 0.0220646 0.10132 0.00961975 0.0217027 0.00506134 0.0242322 
0.815042 0.0218557 0.0731862 0.0241602 0.0447638 0.00318164 0.0178102 
0.780329 0.0187822 0.0858509 0.0384012 0.0541802 0.00311681 0.0193396 
0.799062 0.020222 0.0611635 0.0288589 0.0698398 0.00393486 0.0169189 
0.831564 0.0266757 0.0640626 0.0211405 0.0357912 0.00519794 0.0155677 
0.807595 0.0304882 0.0725753 0.01759 0.0498661 0.00672821 0.0151576 
0.787648 0.0190793 0.136098 0.0126846 0.0178418 0.00604735 0.0206014 
0.754907 0.0191993 0.135528 0.0137864 0.0439929 0.00670315 0.0258826 
0.813456 0.0210616 0.107668 0.0168217 0.0157362 0.00481435 0.0204423 
0.805515 0.0255393 0.0869235 0.0259061 0.0324758 0.00374222 0.0198976 
0.810044 0.0302215 0.082015 0.0159245 0.0344644 0.00560072 0.0217295 
0.800213 0.0324453 0.077125 0.0224286 0.0415811 0.00518189 0.0210255 
0.769522 0.0630699 0.0699478 0.0128858 0.0511923 0.00928385 0.0240988 
0.758259 0.0740955 0.0721288 0.0240356 0.0416907 0.00589989 0.0238905 
0.735881 0.107969 0.0640425 0.0345182 0.0341026 0.00654856 0.016938 
0.743059 0.090272 0.0605923 0.0346992 0.0480357 0.00520137 0.01814 
0.702637 0.11564 0.0626601 0.0188321 0.0707915 0.00915257 0.0202867 
0.784605 0.054612 0.0770544 0.0146422 0.0392212 0.00681684 0.0230485 
0.779961 0.0485383 0.0721769 0.020884 0.0524158 0.00485117 0.0211725 
0.758274 0.0606229 0.0538723 0.0245791 0.0782252 0.00512755 0.019299 
0.739156 0.0735865 0.049958 0.0172338 0.0930393 0.00685552 0.0201712 
0.730784 0.0764432 0.0557368 0.0191518 0.0901251 0.00606659 0.0216923 
0.769188 0.0740474 0.0677399 0.021312 0.0415774 0.00594607 0.0201894 
0.757771 0.0885765 0.0486481 0.0299086 0.0514476 0.00427298 0.0193748 
0.777316 0.0733038 0.0470953 0.0407592 0.0411238 0.00368565 0.0167163 
0.767216 0.0724811 0.0405103 0.0413098 0.054017 0.00366086 0.0208047 
0.768234 0.0544924 0.0439199 0.037798 0.0715012 0.00404518 0.0200098 
0.764931 0.0433075 0.0456211 0.046849 0.079191 0.00312013 0.01698 
0.72658 0.0516131 0.0419159 0.0314523 0.12583 0.00355468 0.0190539 
0.758843 0.0383641 0.0469857 0.0291293 0.107603 0.00368024 0.0153949 
0.819874 0.036076 0.073305 0.012406 0.0332679 0.0046362 0.0204352 
0.775867 0.0442083 0.0810996 0.0232585 0.0498208 0.00368055 0.0220656 
0.767777 0.0607764 0.0588152 0.0253358 0.0574434 0.00279789 0.027054 
0.73878 0.118816 0.0455362 0.0176389 0.0425472 0.00355469 0.0331268 
0.767414 0.0760593 0.0421347 0.0254437 0.0615926 0.00354616 0.0238098 
0.73117 0.0347874 0.0403469 0.0985936 0.0791546 0.00230848 0.0136388 
0.81107 0.0573433 0.0464529 0.0314018 0.035978 0.00386925 0.0138846 
0.798266 0.0304827 0.0662488 0.034975 0.0524163 0.00313021 0.0144809 
0.789444 0.0359173 0.058254 0.0297899 0.0653677 0.00322317 0.018004 
0.771282 0.0402917 0.040145 0.0332026 0.0953156 0.00439682 0.0153663 
0.766834 0.0358853 0.0512038 0.0321999 0.0917767 0.00382344 0.0182765 
0.771766 0.0436255 0.0458936 0.0236066 0.0919193 0.00420887 0.0189805 
0.72681 0.0431392 0.0296353 0.03057 0.151799 0.00476943 0.0132767 
0.778757 0.0513158 0.0416631 0.0259313 0.0823267 0.00523406 0.0147722 
0.790721 0.0626844 0.0518377 0.019458 0.0519946 0.00579316 0.0175115 
0.797881 0.0546092 0.0469812 0.0258556 0.0538988 0.00494269 0.0158313 
0.725087 0.0481776 0.031488 0.0423197 0.134442 0.00417625 0.0143095 
0.810991 0.0435782 0.0565702 0.0261107 0.0425536 0.00431551 0.0158808 
0.828614 0.0328901 0.06487 0.0268046 0.0298328 0.00402112 0.0129676 
0.817895 0.0376373 0.0467768 0.031911 0.0493265 0.00341628 0.0130368 
0.733877 0.0436853 0.0309068 0.0338026 0.140593 0.00424413 0.0128905 
0.744616 0.0376983 0.0393626 0.0328739 0.129208 0.0037464 0.0124954 
0.757778 0.0395097 0.0393468 0.0365079 0.110824 0.00386162 0.0121726 
0.730496 0.0674558 0.0367929 0.0185929 0.123224 0.00834918 0.0150898 
0.768708 0.0659811 0.0513263 0.0214239 0.0683421 0.00532733 0.0188918 
0.759561 0.087331 0.0459564 0.0151511 0.0630516 0.00589436 0.0230548 
0.777289 0.0568344 0.0438585 0.0225355 0.0761508 0.00445535 0.0188763 
0.801102 0.0583458 0.0568796 0.0191654 0.03833 0.00431787 0.0218593 
0.741911 0.0407435 0.0405836 0.0423166 0.114192 0.00406747 0.016186 
0.792754 0.0368877 0.0650509 0.0241646 0.0578994 0.0051743 0.0180694 
0.74206 0.0369665 0.0452439 0.0268043 0.128944 0.00574015 0.0142419 
0.783331 0.0322594 0.0492295 0.0264064 0.0886817 0.00501969 0.0150724 
0.682241 0.0698976 0.018431 0.0325858 0.161393 0.00460692 0.0308454 
0.798298 0.0359545 0.0283577 0.055139 0.0561582 0.00242807 0.0236646 
0.777521 0.0389623 0.0268131 0.102167 0.0361209 0.00238215 0.0160333 
0.800932 0.0485752 0.027564 0.0793664 0.0272628 0.00262176 0.0136777 
0.816059 0.0324703 0.0305695 0.0735153 0.0262801 0.00280078 0.018305 
0.814107 0.0338934 0.0317662 0.0852897 0.0188245 0.00228916 0.0138303 
0.812459 0.0262903 0.0279159 0.0888213 0.027853 0.00234322 0.0143178 
0.789364 0.0470741 0.0219446 0.0856212 0.0388671 0.002882 0.0142467 
0.750483 0.0483271 0.0224039 0.136081 0.02829 0.00241253 0.0120026 
0.759684 0.040675 0.0226857 0.12822 0.0337147 0.00249834 0.0125228 
0.798412 0.0434107 0.0219394 0.0792787 0.0390734 0.00303629 0.0148496 
0.76688 0.0381652 0.0179246 0.0777629 0.0817667 0.0027194 0.0147812 
0.768754 0.0468758 0.023295 0.118826 0.0251796 0.00198223 0.0150873 
0.829059 0.0472907 0.0225983 0.0519811 0.0280307 0.00335163 0.0176884 
0.836476 0.0442394 0.0232422 0.060032 0.0199326 0.00243309 0.0136448 
0.835942 0.0559875 0.0209802 0.0467333 0.0222305 0.00458251 0.0135436 
0.788923 0.0490174 0.0149692 0.0730824 0.0600019 0.00294 0.0110665 
0.799235 0.0452199 0.0172332 0.0841503 0.0414037 0.00307618 0.00968188 
0.793365 0.0448743 0.0203928 0.0583495 0.0639114 0.00319402 0.0159133 
0.753009 0.0699788 0.0190027 0.0745939 0.0671455 0.00327469 0.0129955 
0.746046 0.0578669 0.017184 0.0677876 0.0928228 0.00344171 0.014851 
0.723827 0.0559449 0.0248215 0.0550593 0.116496 0.00494377 0.0189074 
0.60373 0.0458296 0.0117603 0.0816471 0.242704 0.00335222 0.0109766 
0.660407 0.0453047 0.0169693 0.0677494 0.192675 0.00425047 0.0126441 
0.737831 0.0607794 0.0175364 0.0661394 0.101965 0.00455615 0.0111923 
0.693688 0.044973 0.0186301 0.0911006 0.138696 0.00358664 0.00932564 
0.645271 0.050737 0.0148192 0.0783308 0.197351 0.00373678 0.00975417 
0.72726 0.0533492 0.0205705 0.0897241 0.095249 0.0035007 0.0103467 
0.76588 0.0718487 0.02108 0.0506247 0.0746749 0.00419943 0.0116925 
0.730836 0.059689 0.0219397 0.044845 0.123144 0.00573436 0.0138124 
0.695036 0.0629006 0.0143765 0.0634545 0.150658 0.0052646 0.00830923 
0.70283 0.0601274 0.0155957 0.0803927 0.127003 0.00402139 0.0100305 
0.793518 0.0430591 0.0231536 0.0446284 0.0798397 0.00407846 0.0117229 
0.716543 0.0452543 0.0150483 0.0576459 0.152114 0.00454627 0.00884885 
0.809002 0.0589038 0.0229696 0.0441863 0.0482432 0.00393827 0.0127569 
0.811277 0.0349062 0.0269329 0.0714053 0.0403868 0.00415209 0.0109395 
0.774149 0.039667 0.0253038 0.0952824 0.0519234 0.00330338 0.0103714 
0.808243 0.0338973 0.0213545 0.04838 0.0738683 0.00415195 0.0101048 
0.792046 0.0358269 0.0176274 0.0549539 0.0867903 0.00364805 0.00910747 
0.775362 0.034119 0.0196218 0.0911343 0.0671007 0.00373182 0.00892999 
0.795566 0.0451766 0.0215672 0.0636026 0.0597849 0.00408923 0.0102135 
0.815907 0.038834 0.0310152 0.0540442 0.0453025 0.00316376 0.0117329 
0.833682 0.0312909 0.0302012 0.0575991 0.0350217 0.00308435 0.0091212 
0.777964 0.0459613 0.0238396 0.0694524 0.0670416 0.00388149 0.0118591 
0.803077 0.0304804 0.0301589 0.0701132 0.049798 0.00243235 0.01394 
0.682241 0.0698976 0.018431 0.0325858 0.161393 0.00460692 0.0308454 
0.798298 0.0359545 0.0283577 0.055139 0.0561582 0.00242807 0.0236646 
0.777521 0.0389623 0.0268131 0.102167 0.0361209 0.00238215 0.0160333 
0.800932 0.0485752 0.027564 0.0793664 0.0272628 0.00262176 0.0136777 
0.816059 0.0324703 0.0305695 0.0735153 0.0262801 0.00280078 0.018305 
0.814107 0.0338934 0.0317662 0.0852897 0.0188245 0.00228916 0.0138303 
0.812459 0.0262903 0.0279159 0.0888213 0.027853 0.00234322 0.0143178 
0.789364 0.0470741 0.0219446 0.0856212 0.0388671 0.002882 0.0142467 
0.750483 0.0483271 0.0224039 0.136081 0.02829 0.00241253 0.0120026 
0.759684 0.040675 0.0226857 0.12822 0.0337147 0.00249834 0.0125228 
0.798412 0.0434107 0.0219394 0.0792787 0.0390734 0.00303629 0.0148496 
0.76688 0.0381652 0.0179246 0.0777629 0.0817667 0.0027194 0.0147812 
0.768754 0.0468758 0.023295 0.118826 0.0251796 0.00198223 0.0150873 
0.829059 0.0472907 0.0225983 0.0519811 0.0280307 0.00335163 0.0176884 
0.836476 0.0442394 0.0232422 0.060032 0.0199326 0.00243309 0.0136448 
0.835942 0.0559875 0.0209802 0.0467333 0.0222305 0.00458251 0.0135436 
0.788923 0.0490174 0.0149692 0.0730824 0.0600019 0.00294 0.0110665 
0.799235 0.0452199 0.0172332 0.0841503 0.0414037 0.00307618 0.00968188 
0.793365 0.0448743 0.0203928 0.0583495 0.0639114 0.00319402 0.0159133 
0.753009 0.0699788 0.0190027 0.0745939 0.0671455 0.00327469 0.0129955 
0.746046 0.0578669 0.017184 0.0677876 0.0928228 0.00344171 0.014851 
0.723827 0.0559449 0.0248215 0.0550593 0.116496 0.00494377 0.0189074 
0.60373 0.0458296 0.0117603 0.0816471 0.242704 0.00335222 0.0109766 
0.660407 0.0453047 0.0169693 0.0677494 0.192675 0.00425047 0.0126441 
0.737831 0.0607794 0.0175364 0.0661394 0.101965 0.00455615 0.0111923 
0.693688 0.044973 0.0186301 0.0911006 0.138696 0.00358664 0.00932564 
0.645271 0.050737 0.0148192 0.0783308 0.197351 0.00373678 0.00975417 
0.72726 0.0533492 0.0205705 0.0897241 0.095249 0.0035007 0.0103467 
0.76588 0.0718487 0.02108 0.0506247 0.0746749 0.00419943 0.0116925 
0.730836 0.059689 0.0219397 0.044845 0.123144 0.00573436 0.0138124 
0.695036 0.0629006 0.0143765 0.0634545 0.150658 0.0052646 0.00830923 
0.70283 0.0601274 0.0155957 0.0803927 0.127003 0.00402139 0.0100305 
0.793518 0.0430591 0.0231536 0.0446284 0.0798397 0.00407846 0.0117229 
0.716543 0.0452543 0.0150483 0.0576459 0.152114 0.00454627 0.00884885 
0.809002 0.0589038 0.0229696 0.0441863 0.0482432 0.00393827 0.0127569 
0.811277 0.0349062 0.0269329 0.0714053 0.0403868 0.00415209 0.0109395 
0.774149 0.039667 0.0253038 0.0952824 0.0519234 0.00330338 0.0103714 
0.808243 0.0338973 0.0213545 0.04838 0.0738683 0.00415195 0.0101048 
0.792046 0.0358269 0.0176274 0.0549539 0.0867903 0.00364805 0.00910747 
0.775362 0.034119 0.0196218 0.0911343 0.0671007 0.00373182 0.00892999 
0.795566 0.0451766 0.0215672 0.0636026 0.0597849 0.00408923 0.0102135 
0.815907 0.038834 0.0310152 0.0540442 0.0453025 0.00316376 0.0117329 
0.833682 0.0312909 0.0302012 0.0575991 0.0350217 0.00308435 0.0091212 
0.777964 0.0459613 0.0238396 0.0694524 0.0670416 0.00388149 0.0118591 
0.803077 0.0304804 0.0301589 0.0701132 0.049798 0.00243235 0.01394 
0.682241 0.0698976 0.018431 0.0325858 0.161393 0.00460692 0.0308454 
0.798298 0.0359545 0.0283577 0.055139 0.0561582 0.00242807 0.0236646 
0.777521 0.0389623 0.0268131 0.102167 0.0361209 0.00238215 0.0160333 
0.800932 0.0485752 0.027564 0.0793664 0.0272628 0.00262176 0.0136777 
0.816059 0.0324703 0.0305695 0.0735153 0.0262801 0.00280078 0.018305 
0.814107 0.0338934 0.0317662 0.0852897 0.0188245 0.00228916 0.0138303 
0.812459 0.0262903 0.0279159 0.0888213 0.027853 0.00234322 0.0143178 
0.789364 0.0470741 0.0219446 0.0856212 0.0388671 0.002882 0.0142467 
0.750483 0.0483271 0.0224039 0.136081 0.02829 0.00241253 0.0120026 
0.759684 0.040675 0.0226857 0.12822 0.0337147 0.00249834 0.0125228 
0.798412 0.0434107 0.0219394 0.0792787 0.0390734 0.00303629 0.0148496 
0.76688 0.0381652 0.0179246 0.0777629 0.0817667 0.0027194 0.0147812 
0.768754 0.0468758 0.023295 0.118826 0.0251796 0.00198223 0.0150873 
0.829059 0.0472907 0.0225983 0.0519811 0.0280307 0.00335163 0.0176884 
0.836476 0.0442394 0.0232422 0.060032 0.0199326 0.00243309 0.0136448 
0.835942 0.0559875 0.0209802 0.0467333 0.0222305 0.00458251 0.0135436 
0.788923 0.0490174 0.0149692 0.0730824 0.0600019 0.00294 0.0110665 
0.799235 0.0452199 0.0172332 0.0841503 0.0414037 0.00307618 0.00968188 
0.793365 0.0448743 0.0203928 0.0583495 0.0639114 0.00319402 0.0159133 
0.753009 0.0699788 0.0190027 0.0745939 0.0671455 0.00327469 0.0129955 
0.746046 0.0578669 0.017184 0.0677876 0.0928228 0.00344171 0.014851 
0.723827 0.0559449 0.0248215 0.0550593 0.116496 0.00494377 0.0189074 
0.60373 0.0458296 0.0117603 0.0816471 0.242704 0.00335222 0.0109766 
0.660407 0.0453047 0.0169693 0.0677494 0.192675 0.00425047 0.0126441 
0.737831 0.0607794 0.0175364 0.0661394 0.101965 0.00455615 0.0111923 
0.693688 0.044973 0.0186301 0.0911006 0.138696 0.00358664 0.00932564 
0.645271 0.050737 0.0148192 0.0783308 0.197351 0.00373678 0.00975417 
0.72726 0.0533492 0.0205705 0.0897241 0.095249 0.0035007 0.0103467 
0.76588 0.0718487 0.02108 0.0506247 0.0746749 0.00419943 0.0116925 
0.730836 0.059689 0.0219397 0.044845 0.123144 0.00573436 0.0138124 
0.695036 0.0629006 0.0143765 0.0634545 0.150658 0.0052646 0.00830923 
0.70283 0.0601274 0.0155957 0.0803927 0.127003 0.00402139 0.0100305 
0.793518 0.0430591 0.0231536 0.0446284 0.0798397 0.00407846 0.0117229 
0.716543 0.0452543 0.0150483 0.0576459 0.152114 0.00454627 0.00884885 
0.809002 0.0589038 0.0229696 0.0441863 0.0482432 0.00393827 0.0127569 
0.811277 0.0349062 0.0269329 0.0714053 0.0403868 0.00415209 0.0109395 
0.774149 0.039667 0.0253038 0.0952824 0.0519234 0.00330338 0.0103714 
0.808243 0.0338973 0.0213545 0.04838 0.0738683 0.00415195 0.0101048 
0.792046 0.0358269 0.0176274 0.0549539 0.0867903 0.00364805 0.00910747 
0.775362 0.034119 0.0196218 0.0911343 0.0671007 0.00373182 0.00892999 
0.795566 0.0451766 0.0215672 0.0636026 0.0597849 0.00408923 0.0102135 
0.815907 0.038834 0.0310152 0.0540442 0.0453025 0.00316376 0.0117329 
0.833682 0.0312909 0.0302012 0.0575991 0.0350217 0.00308435 0.0091212 
0.777964 0.0459613 0.0238396 0.0694524 0.0670416 0.00388149 0.0118591 
0.803077 0.0304804 0.0301589 0.0701132 0.049798 0.00243235 0.01394 
0.649372 0.0279565 0.168299 0.0663151 0.0651286 0.0147784 0.0081507 
0.633169 0.016704 0.0898285 0.199639 0.0484561 0.0061284 0.00607519 
0.69756 0.0154136 0.0873495 0.160022 0.0280004 0.00500366 0.00665072 
0.780691 0.0155481 0.0975247 0.0548073 0.031132 0.00736901 0.0129278 
0.821295 0.0236033 0.0971536 0.0219846 0.0161645 0.00615615 0.0136426 
0.770131 0.0304288 0.0722137 0.036955 0.0669054 0.0110888 0.0122777 
0.800024 0.0214156 0.0756425 0.0256496 0.0557142 0.00767378 0.0138801 
0.763761 0.0300399 0.0538695 0.0493299 0.0830848 0.00611586 0.0137987 
0.793142 0.0190822 0.0627436 0.054134 0.0544338 0.00281557 0.0136492 
0.752254 0.0121165 0.0968381 0.069433 0.0507565 0.00327102 0.0153312 
0.805808 0.0227114 0.0535346 0.0628993 0.0412378 0.00305541 0.0107534 
0.810894 0.0215218 0.0605436 0.066248 0.0257742 0.00300077 0.012018 
0.740192 0.0205809 0.0469301 0.136523 0.0438896 0.00162154 0.0102638 
0.716908 0.0160861 0.0433556 0.166425 0.0448439 0.0017066 0.010675 
0.774329 0.0208712 0.0407662 0.115582 0.0343157 0.00189147 0.0122442 
0.645918 0.0187172 0.0372016 0.250668 0.0355029 0.00142132 0.0105712 
0.795224 0.0333802 0.0354721 0.0816839 0.0351324 0.00246645 0.0166412 
0.822884 0.0419786 0.0345908 0.0517374 0.0279834 0.00321945 0.0176064 
0.843625 0.0232952 0.0447461 0.0504196 0.0205162 0.00269641 0.0147016 
0.846573 0.04248 0.0339739 0.0427908 0.0190387 0.00347272 0.0116705 
0.811475 0.0328121 0.0356345 0.0576511 0.0446724 0.00236058 0.015394 
0.744 0.0399905 0.0214473 0.0643267 0.114212 0.00311549 0.0129074 
0.786731 0.040167 0.0260579 0.0652873 0.0654993 0.00333084 0.0129264 
0.791221 0.0272475 0.038637 0.0702601 0.0543286 0.00243947 0.0158664 
0.745981 0.0241722 0.0321323 0.111351 0.0713305 0.00208462 0.012948 
0.81994 0.0310323 0.0418714 0.0422248 0.0464523 0.00358968 0.0148896 
0.846066 0.0268686 0.0425329 0.0494697 0.0242121 0.00206111 0.0087893 
0.844859 0.0237208 0.046954 0.0416147 0.0275042 0.00314379 0.0122038 
0.824853 0.0302917 0.0436482 0.0476006 0.0391315 0.00288909 0.0115861 
0.796814 0.0525422 0.0331644 0.0382321 0.0618336 0.00334457 0.0140692 
0.755989 0.0446462 0.0226283 0.0399081 0.123119 0.00407795 0.00963112 
0.79729 0.0402882 0.0319286 0.033873 0.0804138 0.00410175 0.0121042 
0.801259 0.0371536 0.0321788 0.0360912 0.0778611 0.00368402 0.0117723 
0.821819 0.0214131 0.0559727 0.0406239 0.0435751 0.00281395 0.0137825 
0.788446 0.0189117 0.0560427 0.0670591 0.0534595 0.0026268 0.0134545 
0.807868 0.0205144 0.0682621 0.0478189 0.0365122 0.00228385 0.0167403 
0.820403 0.038197 0.0479028 0.0294559 0.0465762 0.0042959 0.0131695 
0.780312 0.046058 0.0380659 0.030314 0.0866508 0.00450375 0.0140958 
0.783191 0.0516412 0.0318366 0.0395886 0.078504 0.00331881 0.0119198 
0.747785 0.0484404 0.0278378 0.0414295 0.119353 0.00413438 0.0110194 
0.816254 0.0350638 0.0379557 0.0448554 0.0518718 0.00301076 0.0109881 
0.807054 0.0269916 0.0344388 0.0518662 0.0672695 0.0029979 0.00938192 
0.821591 0.0372051 0.046272 0.0277916 0.0489277 0.0054956 0.0127169 
0.812324 0.0427211 0.0467163 0.0255632 0.0531996 0.00624439 0.0132314 
0.845066 0.03035 0.0719618 0.015546 0.0170991 0.00510342 0.0148736 
0.833894 0.0336241 0.053007 0.028922 0.0340364 0.00424046 0.0122761 
0.822447 0.0317492 0.0549041 0.0290004 0.0428056 0.00397093 0.0151231 
0.823108 0.0297612 0.0434894 0.0261735 0.0585861 0.00465549 0.0142264 
0.838742 0.02803 0.0571922 0.0218227 0.034259 0.00382419 0.0161301 
0.831122 0.0231899 0.0659433 0.0245149 0.033711 0.00338904 0.0181304 
0.839128 0.0297899 0.0549459 0.0278247 0.0314951 0.00314553 0.013671 
0.836719 0.0340134 0.0422665 0.0328822 0.0404846 0.00342703 0.010207 
0.780347 0.032458 0.0323286 0.0557611 0.0860588 0.00351344 0.00953304 
0.842486 0.0244117 0.0452824 0.0292106 0.046409 0.00285985 0.00934028 
0.801739 0.0402651 0.0422992 0.0415331 0.0578219 0.00292601 0.0134161 
0.787629 0.0348763 0.0322359 0.0454748 0.0861467 0.00306391 0.0105732 
0.62003 0.0253753 0.0210153 0.135331 0.188989 0.00169138 0.00756871 
0.613942 0.0388579 0.0170864 0.0885272 0.231035 0.00241907 0.00813268 
0.686488 0.0384627 0.0201447 0.0551847 0.186696 0.00289942 0.0101251 
0.70048 0.0427719 0.0241667 0.0458956 0.171881 0.00377604 0.0110281 
0.66874 0.0468531 0.0189375 0.0853821 0.16675 0.00277973 0.0105578 
0.730735 0.0470236 0.0243736 0.0676922 0.116725 0.00298597 0.0104645 
0.658818 0.0404293 0.0193019 0.0795738 0.190899 0.00245297 0.00852534 
0.764466 0.0329484 0.0354311 0.07114 0.0813514 0.00195746 0.0127063 
0.754489 0.0353283 0.0320513 0.0431348 0.119198 0.00267772 0.0131217 
0.75492 0.0263337 0.0383351 0.0734309 0.093797 0.00189378 0.0112899 
0.716753 0.0374746 0.0255124 0.0557453 0.15173 0.00315688 0.00962792 
0.841861 0.0252302 0.0407022 0.0298474 0.048373 0.00307157 0.0109145 
0.860728 0.0220454 0.060004 0.0172939 0.0256283 0.00296878 0.0113316 
0.816921 0.0237409 0.0564931 0.0248008 0.0606767 0.00335985 0.0140074 
0.773065 0.029525 0.0473483 0.0459074 0.0878325 0.00253409 0.0137875 
0.802108 0.0412491 0.0516517 0.0312629 0.0539371 0.00316669 0.0166247 
0.795943 0.0301663 0.0687031 0.0245412 0.058694 0.00353602 0.0184168 
0.821812 0.0286328 0.0634323 0.0240637 0.0419198 0.00329301 0.0168461 
0.82837 0.0316863 0.0882828 0.0147109 0.0142648 0.00430348 0.0183819 
