0.758749 0.0444427 0.041639 0.0284512 0.104077 0.00407796 0.0185635 
0.772568 0.0579794 0.0539653 0.0236253 0.0665164 0.00570637 0.0196395 
0.782636 0.0304504 0.052055 0.037215 0.0786221 0.00388234 0.0151387 
0.777226 0.0348043 0.0593513 0.0334527 0.0756592 0.0039665 0.0155402 
0.773363 0.0429158 0.0604884 0.0405696 0.0610504 0.00502723 0.0165854 
0.781884 0.0438222 0.0749355 0.0238664 0.0478106 0.0044926 0.0231881 
0.772903 0.059502 0.0578872 0.0420728 0.0498712 0.00315785 0.0146056 
0.765744 0.0587699 0.0375749 0.0384185 0.0790119 0.00314143 0.0173398 
0.779214 0.0514496 0.0449913 0.0378992 0.0638999 0.00333165 0.0192144 
0.772061 0.0528673 0.048228 0.0518918 0.0556146 0.00366256 0.0156748 
0.815888 0.0380212 0.0584037 0.0310924 0.0351829 0.00616622 0.0152454 
0.804524 0.0219569 0.0955594 0.0376964 0.0133383 0.00331925 0.023606 
0.807405 0.04356 0.0764488 0.0219165 0.02273 0.00412141 0.0238183 
0.787897 0.043196 0.0952543 0.0275782 0.0209468 0.00313182 0.0219956 
0.790517 0.0329133 0.0926178 0.0215784 0.0318538 0.00467632 0.0258437 
0.805287 0.0300467 0.104201 0.0207191 0.00950531 0.00459178 0.0256489 
0.774295 0.0104501 0.12359 0.0560759 0.00849066 0.00309498 0.0240034 
0.0147328 0.00136289 0.00536673 0.956349 0.0199397 9.23181E-4 0.0013253 
0.010021 9.80314E-4 0.00171458 0.870893 0.115643 4.10997E-4 3.36917E-4 
0.0101388 0.00138772 7.46423E-4 0.654308 0.333003 2.23682E-4 1.92043E-4 
0.0178368 0.00266374 0.00128705 0.696406 0.280994 3.65823E-4 4.46684E-4 
0.0183891 0.0195578 7.08453E-4 0.512078 0.448063 7.28632E-4 4.74748E-4 
0.0243325 0.127169 0.0128433 0.34952 0.458542 0.0165652 0.0110274 
0.0361578 0.170537 0.0205767 0.237835 0.483408 0.0329822 0.0185023 
0.0263093 0.553906 0.0136434 0.149837 0.214881 0.0302485 0.0111749 
0.0457008 0.26816 0.0277499 0.242062 0.333498 0.0601852 0.0226432 
0.0147009 0.59606 0.00908813 0.106596 0.232796 0.0330281 0.00773016 
0.00329346 0.855034 0.00149482 0.0406231 0.0863823 0.0119787 0.00119329 
0.00101967 0.9626 1.47363E-4 0.0142229 0.0186408 0.00327281 9.61245E-5 
7.37742E-4 0.965238 1.32386E-4 0.0106332 0.0196681 0.00349458 9.55905E-5 
2.34936E-4 0.995466 6.12504E-6 0.00194915 0.00102995 0.00130554 8.48452E-6 
9.34295E-5 0.997084 2.90506E-6 5.35735E-4 1.48639E-4 0.00213024 5.36757E-6 
1.2991E-6 0.998031 9.35537E-7 2.30562E-6 8.59509E-5 0.00187272 6.17716E-6 
4.68831E-7 0.998759 3.5659E-7 5.96225E-7 3.0243E-4 9.20818E-4 1.60736E-5 
3.25732E-5 0.996324 9.80505E-6 9.00334E-4 0.00137218 0.00131391 4.68904E-5 
2.20995E-4 0.97657 1.89619E-4 0.00897144 0.00875544 0.00495712 3.35025E-4 
6.08094E-4 0.948951 0.00146392 0.02377 0.0129183 0.0109361 0.00135278 
6.42058E-4 0.950743 0.00167993 0.0220378 0.0129675 0.0104556 0.00147363 
5.93573E-4 0.958643 0.00173427 0.0201262 0.00799027 0.00952654 0.00138631 
0.00129958 0.918581 0.00457855 0.0406303 0.0157806 0.0164996 0.00263008 
0.00215089 0.881677 0.00784511 0.054574 0.0265595 0.0228797 0.0043137 
0.00312302 0.833237 0.0110357 0.0756865 0.0401179 0.031117 0.00568307 
0.00549291 0.746326 0.0215896 0.115351 0.055662 0.046508 0.00907016 
0.00836327 0.670276 0.0341097 0.146798 0.0670832 0.0598737 0.0134964 
0.0132553 0.540573 0.0562254 0.197724 0.0910612 0.0815188 0.019642 
0.0209652 0.361997 0.0873087 0.250772 0.140113 0.108965 0.0298782 
0.0193209 0.377348 0.0842578 0.262194 0.124105 0.105571 0.027203 
0.0183086 0.398836 0.069701 0.23225 0.150882 0.102889 0.0271344 
0.0153777 0.460041 0.0506204 0.181158 0.174956 0.0944989 0.0233484 
0.0111807 0.565498 0.0404129 0.157013 0.135479 0.0728147 0.0176017 
0.00953129 0.579139 0.0304679 0.134528 0.158868 0.0729087 0.0145571 
0.00757738 0.606785 0.0220688 0.126202 0.15584 0.0703132 0.0112141 
0.00618451 0.64258 0.0150086 0.0952967 0.166456 0.0660157 0.00845779 
0.00241779 0.822285 0.00524399 0.0403069 0.0949669 0.0311683 0.00361075 
0.00470243 0.737765 0.0103538 0.052443 0.140296 0.0476651 0.00677519 
7.43373E-4 0.917729 8.87285E-4 0.0116384 0.0537415 0.0143244 9.35869E-4 
0.00138364 0.797347 9.95091E-4 0.0135569 0.158486 0.0273078 9.23564E-4 
0.00125133 0.812533 3.08491E-4 0.00791897 0.160435 0.0172085 3.44345E-4 
0.00235163 0.988208 1.88501E-5 0.00288605 0.00298175 0.00351924 3.41507E-5 
0.00250349 0.984282 2.35491E-5 0.00259129 0.00202525 0.00852863 4.54782E-5 
0.00460064 0.977731 3.95446E-5 0.00338756 0.00310054 0.0110745 6.58564E-5 
0.00661417 0.975347 4.82547E-5 0.00198327 0.00416879 0.0117433 9.57628E-5 
0.00845718 0.972364 6.8853E-5 0.00157988 0.00500274 0.0123388 1.88877E-4 
0.00789592 0.974488 7.11024E-5 0.00139582 0.00519625 0.0107681 1.84346E-4 
0.00908939 0.964456 8.6035E-5 0.00191593 0.00895127 0.0152776 2.23693E-4 
0.0166856 0.95702 1.21734E-4 0.00237662 0.0123663 0.0110438 3.8577E-4 
0.00771692 0.977975 7.37675E-5 9.63147E-4 0.00594625 0.00703588 2.88675E-4 
0.0101319 0.972857 7.67708E-5 7.78317E-4 0.00325882 0.0126069 2.90015E-4 
0.013447 0.965321 9.59812E-5 0.00133148 0.00421502 0.0151814 4.0803E-4 
0.016564 0.966028 1.19606E-4 0.00200599 0.00513396 0.00976769 3.81078E-4 
0.022848 0.957892 1.32203E-4 0.00360673 0.00536821 0.00969124 4.61267E-4 
0.0268797 0.945804 2.01365E-4 0.00294862 0.00851262 0.0145959 0.00105817 
0.0193615 0.955946 1.59675E-4 0.00346514 0.00852059 0.0118507 6.9666E-4 
0.00867726 0.971981 7.29432E-5 0.00149261 0.012093 0.00533197 3.51039E-4 
0.00799359 0.979626 5.7161E-5 9.88116E-4 0.00725255 0.00370187 3.80818E-4 
0.0101196 0.970689 6.74092E-5 0.00212049 0.0126804 0.00386593 4.56678E-4 
0.00848028 0.973552 4.89228E-5 0.00234886 0.0126818 0.00260257 2.85471E-4 
0.0164173 0.895515 7.56806E-5 0.00631069 0.0759793 0.00522019 4.81916E-4 
0.0165087 0.948356 1.08293E-4 0.00376065 0.0265745 0.00405342 6.38284E-4 
0.0186001 0.924325 1.27673E-4 0.00559216 0.0467822 0.00397992 5.93117E-4 
0.0284206 0.695472 1.90729E-4 0.0116676 0.255657 0.00784864 7.42977E-4 
0.0347186 0.664558 2.15145E-4 0.0152782 0.276357 0.00820511 6.68465E-4 
0.0347216 0.722031 1.90097E-4 0.0182948 0.216115 0.0080592 5.89138E-4 
0.0502691 0.514996 3.59195E-4 0.0279183 0.391589 0.0140124 8.55792E-4 
0.0588822 0.771281 2.51771E-4 0.0182126 0.141686 0.00850142 0.00118425 
0.0400288 0.828511 1.84494E-4 0.0116345 0.11313 0.00562409 8.86606E-4 
0.0679435 0.807163 2.60233E-4 0.0149037 0.100458 0.00796142 0.0013095 
0.0979791 0.630198 6.30713E-4 0.0200505 0.237457 0.0114268 0.00225707 
0.11513 0.718856 5.6619E-4 0.022699 0.129891 0.010577 0.0022809 
0.138691 0.586137 0.00109916 0.0232282 0.237606 0.00976471 0.00347462 
0.150334 0.593288 0.00104744 0.0227412 0.218354 0.01046 0.00377487 
0.144654 0.702997 8.69303E-4 0.0216933 0.117807 0.00879713 0.00318313 
0.234271 0.338711 0.00414107 0.0416438 0.361109 0.0132853 0.00683897 
0.208147 0.38813 0.00395197 0.0363723 0.342619 0.0127189 0.008062 
0.170455 0.658539 0.00153201 0.0203664 0.135858 0.00744526 0.0058042 
0.265511 0.604977 0.00202445 0.0164986 0.0852387 0.0188258 0.00692492 
0.380584 0.498499 0.00374909 0.0159616 0.054613 0.0365789 0.0100144 
0.601088 0.270664 0.00550278 0.0362404 0.0572266 0.0213264 0.00795137 
0.631466 0.263188 0.00696116 0.0350467 0.0222235 0.0299526 0.0111623 
0.581872 0.243004 0.00725245 0.099862 0.0405445 0.0177035 0.00976063 
0.601795 0.262771 0.00647205 0.0507106 0.0512603 0.0177332 0.00925766 
0.496721 0.364442 0.00512883 0.0790315 0.033882 0.0133774 0.00741693 
0.555537 0.329439 0.00798846 0.0466509 0.0242409 0.0247941 0.0113497 
0.503661 0.283386 0.00730844 0.133773 0.0405326 0.0234433 0.00789545 
0.686322 0.155519 0.0121511 0.0831843 0.0354785 0.0131518 0.0141941 
0.746084 0.1222 0.017109 0.0625937 0.0264179 0.00883498 0.0167605 
0.684225 0.157435 0.0144623 0.0970823 0.0236178 0.00725984 0.0159175 
0.658764 0.184233 0.0140588 0.0748995 0.0387769 0.00872507 0.0205428 
0.698676 0.124169 0.0127771 0.095158 0.0438157 0.00881677 0.0165877 
0.587136 0.22988 0.00898018 0.0861701 0.0637154 0.00806776 0.01605 
0.648119 0.218889 0.00996384 0.064097 0.0372243 0.00826207 0.0134442 
0.609123 0.228348 0.00970261 0.0882969 0.0435904 0.00761142 0.0133281 
0.609343 0.157453 0.0105937 0.149937 0.0539019 0.00496495 0.0138058 
0.571333 0.217249 0.00847742 0.0965233 0.0840642 0.00756532 0.0147882 
0.616227 0.172391 0.00986484 0.0955412 0.0801528 0.007861 0.0179622 
0.620009 0.192978 0.0106114 0.0856404 0.0655215 0.00734464 0.017895 
0.664405 0.174062 0.0100069 0.0807181 0.0478044 0.00742804 0.0155758 
0.589393 0.161137 0.00890153 0.0908651 0.122986 0.00798511 0.0187323 
0.554459 0.182849 0.00738547 0.0773955 0.154655 0.00876803 0.014488 
0.591971 0.158222 0.00937174 0.0783598 0.13539 0.00776751 0.0189172 
0.708919 0.11864 0.014142 0.0913455 0.0426499 0.00619551 0.0181077 
0.661161 0.148739 0.0103195 0.111173 0.0483546 0.00715855 0.0130955 
0.631403 0.165565 0.00923118 0.0979909 0.0719161 0.00832883 0.0155656 
0.646685 0.0874502 0.0121974 0.184839 0.0470414 0.00422191 0.0175652 
0.648678 0.0901284 0.0122897 0.191973 0.040855 0.00276508 0.0133102 
0.491405 0.0826703 0.00832563 0.300539 0.102362 0.00293881 0.0117591 
0.618002 0.0991346 0.00860577 0.180817 0.0770871 0.00545362 0.0109002 
0.496871 0.0745695 0.00934403 0.307922 0.0960619 0.00312609 0.0121058 
0.516462 0.0801816 0.00995523 0.267176 0.109224 0.00429552 0.0127063 
0.599978 0.13086 0.00981714 0.1405 0.0935926 0.00598346 0.0192684 
0.594912 0.129093 0.0107428 0.170789 0.0736964 0.00502799 0.0157397 
0.579772 0.123223 0.0105086 0.16103 0.102093 0.00510197 0.0182712 
0.618573 0.0924675 0.00983494 0.15592 0.100988 0.00521243 0.0170045 
0.616177 0.0882368 0.0103055 0.185947 0.0792462 0.00499487 0.0150925 
0.591372 0.128427 0.0096427 0.121144 0.124875 0.0074286 0.0171112 
0.552333 0.159858 0.00893487 0.109775 0.147589 0.00703243 0.0144783 
0.57 0.147557 0.0094275 0.0851413 0.160712 0.00909277 0.0180694 
0.661294 0.13474 0.0101806 0.0932341 0.0768804 0.00535765 0.0183134 
0.731769 0.0785524 0.012596 0.107229 0.0504361 0.00471813 0.0146988 
0.807101 0.0497206 0.0156194 0.0742262 0.0297408 0.00457267 0.0190195 
0.756703 0.0652019 0.0146687 0.102846 0.0410125 0.00312066 0.0164474 
0.687633 0.153926 0.0136333 0.0652695 0.0507935 0.00450639 0.024239 
0.757937 0.0825493 0.0179583 0.0811424 0.040531 0.00368181 0.0162002 
0.693674 0.0956194 0.0128384 0.0729047 0.100278 0.00582056 0.0188647 
0.674601 0.115952 0.0130604 0.0461385 0.11714 0.00729012 0.0258177 
0.624196 0.145034 0.0115593 0.11358 0.0841799 0.00549378 0.0159572 
0.652676 0.0749126 0.010779 0.133194 0.111215 0.00483133 0.0123911 
0.691485 0.100549 0.0128106 0.084067 0.0865007 0.00523586 0.0193522 
0.707598 0.115185 0.0144272 0.0774373 0.0607566 0.00516231 0.0194337 
0.672355 0.113484 0.0134516 0.0937432 0.0853729 0.00530467 0.0162885 
0.739675 0.0969583 0.0167237 0.0748416 0.049844 0.00501759 0.0169393 
0.647984 0.0621947 0.0112703 0.0922642 0.165977 0.00534048 0.0149698 
0.693656 0.0958932 0.012893 0.0901106 0.0838318 0.00472102 0.0188942 
0.69676 0.114456 0.0119959 0.0707328 0.0841609 0.00500742 0.0168869 
0.700619 0.129387 0.0121118 0.0861699 0.0523794 0.00448929 0.0148434 
0.659069 0.0563632 0.0117373 0.145981 0.111089 0.00404555 0.0117144 
0.70266 0.087764 0.0136609 0.0938872 0.0837194 0.00444649 0.0138621 
0.721621 0.070663 0.0160245 0.130251 0.0439754 0.00454071 0.0129251 
0.742593 0.0498219 0.0207603 0.142653 0.0266893 0.00385097 0.0136314 
0.746598 0.0507654 0.022439 0.138852 0.0194107 0.00474408 0.0171905 
0.685174 0.0547955 0.0183944 0.186277 0.0368113 0.00406049 0.0144871 
0.724218 0.0614627 0.0166759 0.130041 0.0492802 0.00398053 0.0143413 
0.681014 0.0797852 0.0167132 0.15977 0.0462562 0.00468342 0.0117778 
0.755984 0.0427225 0.0178781 0.110432 0.0529435 0.00619398 0.0138462 
0.76867 0.0379864 0.0224679 0.128333 0.0257993 0.00332129 0.0134223 
0.784418 0.0477995 0.022678 0.0878798 0.0408461 0.00258511 0.0137935 
0.824395 0.0311422 0.0213146 0.0738385 0.0353863 0.00291084 0.0110129 
0.599268 0.114268 0.0110919 0.145172 0.112431 0.00769591 0.0100728 
0.736446 0.0739302 0.0187677 0.100314 0.051154 0.00444881 0.0149394 
0.670952 0.104786 0.0142708 0.135155 0.0576112 0.00542717 0.0117984 
0.776848 0.0734377 0.0227982 0.091752 0.0167786 0.00355421 0.0148313 
0.795514 0.0714235 0.0213255 0.0664865 0.0242801 0.00409955 0.0168707 
0.78272 0.0577483 0.0245497 0.0842303 0.029196 0.00446388 0.0170918 
0.802261 0.062914 0.0263597 0.0618991 0.0255716 0.00375305 0.0172412 
0.769158 0.0795312 0.0177652 0.0608208 0.0542919 0.00454002 0.013893 
0.766958 0.0824251 0.0210566 0.0833336 0.0263691 0.00434055 0.0155175 
0.71533 0.0707621 0.0145048 0.0938653 0.0894429 0.00411996 0.0119752 
0.703951 0.0586488 0.014253 0.11098 0.0970862 0.00390751 0.0111731 
0.242393 0.0393414 0.0209557 0.225761 0.450306 0.00901138 0.0122324 
0.332005 0.0489824 0.0304772 0.326002 0.239885 0.00890295 0.0137453 
0.31189 0.0452309 0.0274127 0.337624 0.256967 0.0074194 0.0134562 
0.258269 0.0387143 0.026891 0.30611 0.347594 0.00815646 0.014265 
0.32038 0.0558975 0.0222874 0.175054 0.408291 0.00704436 0.0110461 
0.401703 0.0404384 0.0345533 0.194362 0.308007 0.00579847 0.0151373 
0.326666 0.0479017 0.0307759 0.266798 0.30527 0.00823229 0.0143559 
0.399034 0.0494802 0.0279149 0.175364 0.328573 0.00674154 0.0128917 
0.52504 0.0389111 0.0423546 0.177198 0.196297 0.00496447 0.0152346 
0.522408 0.0475546 0.0307967 0.119427 0.261322 0.00559092 0.012901 
0.545953 0.0563643 0.0328598 0.16765 0.177951 0.00539175 0.0138298 
0.544424 0.0657624 0.0296072 0.10226 0.23726 0.00780719 0.0128793 
0.559909 0.0702309 0.0232479 0.0939253 0.232083 0.0058158 0.0147883 
0.49906 0.0624585 0.0194501 0.113308 0.288515 0.00510828 0.0121001 
0.614835 0.0814772 0.0288903 0.12192 0.133992 0.00476215 0.0141229 
0.688199 0.0724567 0.0320668 0.0724041 0.11559 0.00473903 0.0145444 
0.666667 0.0556604 0.0302083 0.108408 0.122301 0.00361634 0.0131391 
0.553795 0.0566876 0.0244126 0.166778 0.181313 0.00408604 0.0129276 
0.622519 0.0550763 0.0242331 0.0955244 0.18652 0.0039972 0.0121293 
0.695914 0.062348 0.0274329 0.0783899 0.118345 0.00390576 0.0136644 
0.634928 0.0574121 0.0314097 0.152276 0.108379 0.00310595 0.0124902 
0.540002 0.0388838 0.0231188 0.217803 0.167142 0.00229743 0.0107519 
0.640325 0.0497111 0.0231895 0.140016 0.133143 0.00238664 0.0112289 
0.697762 0.0395096 0.0301135 0.131387 0.086976 0.0019147 0.0123366 
0.652841 0.0491357 0.0216492 0.11097 0.150207 0.00261808 0.0125796 
0.590361 0.0412082 0.020734 0.113357 0.221336 0.00282095 0.0101835 
0.56594 0.0526067 0.0147986 0.116251 0.239064 0.00297315 0.00836624 
0.746727 0.0506383 0.0312032 0.072881 0.0851398 0.00274831 0.0106622 
0.762833 0.0420872 0.0401786 0.0702801 0.0696069 0.00269466 0.0123196 
0.694758 0.0343409 0.0285041 0.096629 0.133046 0.00247333 0.0102491 
0.712132 0.0419239 0.0284741 0.071728 0.129953 0.00269143 0.0130974 
0.801462 0.0358988 0.0479762 0.0524786 0.0475282 0.00255248 0.0121036 
0.800499 0.0258723 0.0530216 0.0361864 0.0678506 0.00328771 0.0132822 
0.810199 0.0297457 0.0579891 0.055167 0.033143 0.00234091 0.0114152 
0.80618 0.0287974 0.0461911 0.069908 0.0361764 0.0027822 0.00996444 
0.812265 0.0266902 0.0509644 0.0628834 0.034527 0.00294478 0.009725 
0.736654 0.0325726 0.0330916 0.0988811 0.0860872 0.00362783 0.00908607 
0.797908 0.0352217 0.044223 0.0563058 0.0533086 0.00306262 0.00997063 
0.791965 0.0363333 0.0437343 0.0418231 0.0713749 0.003503 0.011266 
0.760778 0.0318223 0.0346088 0.0557811 0.103354 0.00355509 0.0101013 
0.787444 0.0250915 0.0448596 0.0451241 0.0801739 0.00289889 0.0144077 
0.749749 0.0303733 0.0374732 0.072684 0.0962778 0.00222745 0.0112151 
0.730104 0.026829 0.0372262 0.0743289 0.117604 0.00257914 0.0113291 
0.798016 0.0359655 0.0549854 0.0400434 0.0540372 0.00361058 0.0133422 
0.837249 0.0191476 0.0593968 0.0302802 0.0404685 0.0025334 0.0109246 
0.715012 0.0424844 0.0376533 0.0570538 0.12835 0.00388452 0.0155618 
0.677444 0.0480854 0.0283243 0.0406107 0.187806 0.00414525 0.0135844 
0.656663 0.0396823 0.0263533 0.0462147 0.21593 0.00410578 0.0110511 
0.745869 0.0472442 0.0358462 0.0355026 0.116187 0.00475549 0.0145958 
0.761162 0.0565679 0.0385312 0.0275826 0.0919834 0.0052667 0.0189062 
0.718761 0.0442402 0.0526066 0.0343811 0.123253 0.00352055 0.0232376 
0.681669 0.0805607 0.032325 0.0273144 0.151796 0.0051523 0.0211821 
0.762733 0.0528615 0.048416 0.0350756 0.0737793 0.00281412 0.0243203 
0.752749 0.0553326 0.0323103 0.0662995 0.0780082 0.00300819 0.0122925 
0.783193 0.0334485 0.0499986 0.0467883 0.068511 0.00237109 0.0156892 
0.701901 0.029993 0.0275923 0.047961 0.179263 0.00269967 0.01059 
0.751384 0.0278215 0.0345315 0.0461923 0.126771 0.00290704 0.0103928 
0.790734 0.0423 0.0412475 0.0412975 0.0710323 0.00253052 0.0108583 
0.760137 0.0257853 0.0613617 0.0627705 0.072031 0.00260892 0.0153056 
0.782575 0.0248752 0.0806076 0.0447475 0.0441458 0.00394335 0.0191059 
0.869115 0.0430181 0.0415144 0.0152893 0.0160866 0.00217214 0.0128043 
0.849834 0.0190088 0.0746257 0.0141605 0.0105575 0.00259893 0.0292145 
0.878252 0.0284334 0.0476018 0.0109678 0.010309 0.00347652 0.0209597 
0.811191 0.0485248 0.0367179 0.0392619 0.0404802 0.00378085 0.0200436 
0.821815 0.0495245 0.0353736 0.0384555 0.0320816 0.0047922 0.017958 
0.799079 0.0619433 0.0280866 0.042608 0.048501 0.00386522 0.0159163 
0.758991 0.0942166 0.0288867 0.0299829 0.0619829 0.00664083 0.0192995 
0.716549 0.0565289 0.0297477 0.0283805 0.141932 0.00465982 0.0222019 
0.71056 0.134612 0.0211259 0.0239366 0.0873363 0.00602221 0.0164064 
0.713238 0.0885682 0.0158724 0.0288861 0.136043 0.00534037 0.0120523 
0.651217 0.108572 0.0178696 0.0254339 0.174923 0.00748724 0.0144976 
0.627999 0.0901579 0.0131795 0.0510097 0.201159 0.00533748 0.0111571 
0.672602 0.117567 0.0153994 0.0425826 0.13341 0.0050673 0.0133709 
0.716763 0.0805016 0.0194197 0.0319323 0.131329 0.00612815 0.0139264 
0.765603 0.0880457 0.0198399 0.0370343 0.0723961 0.00538593 0.0116947 
0.813783 0.0350185 0.0239241 0.0453231 0.0687783 0.00370217 0.00947127 
0.851733 0.0395274 0.0356256 0.0311895 0.0277205 0.00269648 0.011507 
0.824851 0.0620432 0.0260123 0.0322293 0.0395765 0.00350784 0.0117804 
0.801182 0.0702734 0.0350321 0.0298314 0.0407087 0.00368375 0.0192885 
0.816361 0.0491032 0.0302366 0.0399699 0.0470729 0.00313842 0.0141184 
0.838923 0.040432 0.0297495 0.042831 0.0308067 0.00253482 0.014723 
0.84054 0.0213093 0.0264542 0.0479958 0.0425731 0.00353035 0.0175971 
0.757369 0.0341574 0.0209459 0.132761 0.039938 0.00395848 0.0108702 
0.540922 0.0790704 0.00875342 0.124287 0.231333 0.00636061 0.00927363 
0.486874 0.0577505 0.00737194 0.123043 0.313378 0.00419407 0.00738869 
0.291624 0.0610731 0.00467039 0.159011 0.474509 0.0039877 0.00512457 
0.490291 0.0793565 0.00694612 0.174565 0.236899 0.00451645 0.00742604 
0.619464 0.0954714 0.0103329 0.183685 0.0782404 0.00307548 0.00973066 
0.540724 0.126939 0.00990998 0.213761 0.0940899 0.00358757 0.0109892 
0.516747 0.216675 0.00871625 0.154955 0.0878485 0.00410115 0.0109567 
0.346234 0.166206 0.00995747 0.282715 0.175753 0.00723941 0.011896 
0.355191 0.118012 0.00664568 0.395512 0.113531 0.00489873 0.00620992 
0.155426 0.263675 0.0207189 0.282189 0.236969 0.0192003 0.0218218 
0.133583 0.275714 0.0145516 0.396981 0.151326 0.0119738 0.0158704 
0.0990836 0.17253 0.0158643 0.458356 0.224402 0.0134743 0.0162894 
0.10984 0.141179 0.0104291 0.546318 0.172304 0.00882688 0.0111026 
0.0887695 0.152685 0.0164506 0.350172 0.358637 0.0156366 0.0176487 
0.0765113 0.101071 0.0131659 0.205068 0.576494 0.0135476 0.0141425 
0.0633019 0.178323 0.0246811 0.333439 0.349526 0.0265082 0.0242209 
0.0599029 0.331412 0.0267284 0.213655 0.308171 0.0382102 0.0219204 
0.0261596 0.452331 0.0121449 0.131446 0.334873 0.0322223 0.0108242 
0.0411138 0.195581 0.0238104 0.22253 0.445401 0.050784 0.0207796 
0.00880121 0.695883 0.00530891 0.0771415 0.188736 0.0192422 0.00488673 
5.5307E-4 0.969544 7.68885E-5 0.00817212 0.019279 0.00230268 7.19864E-5 
3.95606E-4 0.992176 7.99076E-6 0.00303561 0.0032383 0.00111973 2.63136E-5 
3.22547E-4 0.996229 4.83634E-6 0.00141799 0.00105621 9.44392E-4 2.53718E-5 
2.61214E-4 0.996645 4.09654E-6 0.00116791 8.97098E-4 9.98636E-4 2.63735E-5 
2.02793E-4 0.996387 3.43609E-6 0.00119222 0.00101514 0.00117684 2.21456E-5 
1.39135E-4 0.997485 2.47082E-6 7.19237E-4 5.92507E-4 0.00104538 1.6768E-5 
0.814195 0.0333396 0.0215555 0.0913194 0.0291139 0.00306792 0.00740894 
0.868222 0.0216647 0.0263996 0.0452753 0.0223243 0.00478672 0.011327 
0.808155 0.032788 0.0247437 0.0848949 0.0322699 0.00400001 0.0131483 
0.758169 0.0813951 0.0173025 0.0631834 0.0588528 0.00636488 0.0147321 
0.684309 0.125711 0.0112372 0.0908222 0.0734052 0.00477807 0.00973708 
0.685535 0.073583 0.010877 0.107907 0.105768 0.00648214 0.00984769 
0.70273 0.0822757 0.0127854 0.126276 0.0598866 0.00597134 0.0100759 
0.728206 0.0965416 0.0147192 0.0932827 0.0503272 0.00614604 0.010777 
0.798524 0.0912144 0.0157022 0.0457936 0.0288812 0.00699492 0.0128896 
0.661633 0.0863544 0.0119749 0.144759 0.0802328 0.00599779 0.00904786 
0.692628 0.0910964 0.0126186 0.124032 0.0652781 0.00554215 0.00880475 
0.649326 0.0613319 0.0114638 0.187299 0.0787554 0.00361805 0.00820622 
0.755519 0.09096 0.0161939 0.0746489 0.0460035 0.00543909 0.0112358 
0.851538 0.0484682 0.0283956 0.0408602 0.0133498 0.00342828 0.01396 
0.851023 0.0255836 0.0227811 0.0525171 0.0284859 0.00553307 0.0140763 
0.773114 0.0313018 0.020378 0.129553 0.032125 0.00301745 0.0105109 
0.69594 0.0379791 0.014535 0.13788 0.096635 0.0051402 0.0118911 
0.53862 0.0293049 0.0127278 0.304044 0.104259 0.00410115 0.0069435 
0.716107 0.065973 0.0134463 0.0992477 0.0901339 0.00476494 0.0103269 
0.711935 0.0556787 0.0122887 0.122776 0.0851203 0.00457184 0.00762895 
0.701028 0.0466704 0.0124293 0.13922 0.086938 0.0046948 0.00901968 
0.787944 0.0397234 0.0165261 0.107296 0.0369075 0.00333819 0.00826536 
0.801191 0.0328811 0.0239372 0.108829 0.0190837 0.00331171 0.0107668 
0.737064 0.0487992 0.0211568 0.1551 0.0256416 0.00277218 0.00946647 
0.752484 0.0223171 0.0221684 0.165167 0.0277871 0.00209569 0.00798061 
0.760924 0.0233665 0.0207696 0.142419 0.0406449 0.0028384 0.00903795 
0.818438 0.0245315 0.0260688 0.0859988 0.0293023 0.00267109 0.0129897 
0.80797 0.0388741 0.0212668 0.0803036 0.0367142 0.00337498 0.0114962 
0.800108 0.0233074 0.0262979 0.114521 0.021946 0.00242584 0.0113944 
0.710806 0.027901 0.0198711 0.193314 0.0359716 0.00283815 0.00929869 
0.749105 0.0345388 0.018582 0.155087 0.0308544 0.00311198 0.00872035 
0.79302 0.045976 0.0178783 0.103178 0.0267336 0.00351018 0.00970405 
0.726606 0.0367506 0.0197807 0.164826 0.0386805 0.00272257 0.0106333 
0.720667 0.0635747 0.0153922 0.150576 0.036649 0.00339659 0.00974468 
0.715038 0.058983 0.0181322 0.164779 0.0292856 0.00314533 0.0106362 
0.736545 0.067649 0.0159984 0.128377 0.0364501 0.00290733 0.0120724 
0.659533 0.0570959 0.011971 0.195017 0.0646628 0.00344693 0.00827378 
0.752681 0.0870091 0.0155891 0.0859858 0.04252 0.00423759 0.011977 
0.741061 0.0822933 0.0141953 0.0960803 0.0514854 0.00452951 0.0103554 
0.687291 0.0562164 0.0149733 0.176782 0.0521012 0.00341621 0.0092204 
0.762442 0.0541304 0.0163867 0.118068 0.0368374 0.00382428 0.0083105 
0.720299 0.0601797 0.0177925 0.166967 0.024701 0.00230185 0.00775924 
0.780406 0.0532992 0.0176438 0.114712 0.0219407 0.00305684 0.00894089 
0.666697 0.0299094 0.0163443 0.25129 0.0266246 0.00265481 0.00647984 
0.736316 0.0225907 0.0225317 0.192234 0.0166063 0.0019539 0.00776745 
0.650728 0.0221646 0.0164178 0.266362 0.0353586 0.00209878 0.00686996 
0.726573 0.0389029 0.0209399 0.180824 0.0229092 0.00234333 0.00750817 
0.662773 0.0482044 0.0148063 0.216796 0.0465819 0.00350638 0.00733181 
0.729699 0.0387606 0.0159784 0.168288 0.0363115 0.00339723 0.00756433 
0.598422 0.0370671 0.016549 0.309403 0.0295561 0.00242441 0.00657903 
0.64185 0.026281 0.0172747 0.263711 0.0411698 0.00226107 0.00745229 
0.715689 0.0284898 0.0177694 0.203169 0.0250054 0.00291243 0.00696509 
0.732632 0.0257107 0.0189909 0.178222 0.032489 0.00237917 0.00957613 
0.776761 0.052519 0.0163426 0.0920885 0.0478666 0.00369816 0.0107247 
0.792329 0.0253218 0.0289777 0.0854925 0.0496472 0.00316388 0.0150679 
0.83725 0.0392016 0.0295959 0.0461495 0.0307429 0.00315227 0.0139077 
0.770354 0.0314107 0.0194757 0.0831866 0.0810063 0.00292806 0.0116386 
0.77441 0.0517946 0.0214698 0.057996 0.0773393 0.00363909 0.0133517 
0.808126 0.0618812 0.0246557 0.0365393 0.0494396 0.00381756 0.0155404 
0.825077 0.0422498 0.0207801 0.0518739 0.0469365 0.00333346 0.00974943 
0.844666 0.0643996 0.0301248 0.0275767 0.0153408 0.00389023 0.0140016 
0.824965 0.0739543 0.0240317 0.0351208 0.0261877 0.00438201 0.0113584 
0.829122 0.0685632 0.0254784 0.0318623 0.0289647 0.00346346 0.0125459 
0.832801 0.0484007 0.0240978 0.0411241 0.0384802 0.00428992 0.0108064 
0.801854 0.0404781 0.0259688 0.0719997 0.0455378 0.00296471 0.0111973 
0.844677 0.0336145 0.0306993 0.0492229 0.028825 0.00242491 0.0105366 
0.813066 0.0406923 0.0288076 0.0487446 0.0537816 0.00346225 0.0114452 
0.822206 0.0333192 0.0205442 0.0542308 0.0585386 0.00244459 0.0087167 
0.819652 0.0451685 0.0226443 0.0618502 0.0389837 0.00356345 0.00813764 
0.835961 0.0300495 0.0235726 0.0589315 0.0392715 0.00316939 0.00904441 
0.796937 0.0586308 0.0181352 0.0508821 0.0617028 0.00340456 0.0103077 
0.777493 0.0271864 0.0192846 0.0952677 0.0699199 0.00246487 0.00838328 
0.850197 0.0468128 0.0212728 0.0473459 0.0252014 0.00196827 0.0072013 
0.821492 0.0242773 0.0279063 0.0852176 0.0300662 0.00232773 0.00871333 
0.829397 0.0435604 0.0296451 0.0579811 0.0253216 0.00288863 0.0112063 
0.77728 0.0544687 0.021258 0.091229 0.0429945 0.00292657 0.00984304 
0.839219 0.0349241 0.0309764 0.0652887 0.0170649 0.0027259 0.0098005 
0.831317 0.034104 0.0220039 0.0660026 0.0333766 0.00314398 0.0100518 
0.763051 0.0263112 0.0214385 0.124986 0.0506718 0.00320864 0.0103323 
0.849397 0.0301759 0.0261175 0.0522661 0.0274929 0.00378684 0.0107639 
0.818039 0.0520314 0.0243283 0.0467832 0.0401796 0.0049518 0.0136863 
0.814764 0.0395238 0.0265414 0.0682788 0.0343625 0.0038377 0.0126917 
0.475053 0.0206503 0.0183847 0.43903 0.0384243 0.00209528 0.0063624 
0.0158825 0.00256182 0.00227784 0.898965 0.0787544 6.89293E-4 8.69536E-4 
0.00984947 0.00220183 0.00170306 0.958956 0.0262704 5.48303E-4 4.70544E-4 
0.150525 0.0282697 0.00898595 0.763882 0.0409676 0.00427919 0.0030902 
0.770484 0.10579 0.0214695 0.0398355 0.0433891 0.0106188 0.008413 
0.740174 0.0349375 0.0242571 0.143871 0.0445213 0.0043457 0.00789383 
0.754948 0.0436185 0.0323837 0.111608 0.0413149 0.00592277 0.0102036 
0.323353 0.0327698 0.0159431 0.558842 0.0564253 0.00540519 0.00726143 
0.43675 0.0645742 0.0157691 0.317017 0.146541 0.00925199 0.0100973 
0.571074 0.119429 0.0140414 0.0941187 0.173901 0.01076 0.0166762 
0.0915312 0.0445382 0.00675775 0.764401 0.0849951 0.00343327 0.00434299 
0.0609293 0.0186251 0.00485595 0.743782 0.164792 0.00368744 0.00332734 
0.0504468 0.00962237 0.00367903 0.85891 0.0737707 0.00135888 0.00221255 
0.103368 0.0133945 0.00597757 0.829228 0.0439182 0.00150784 0.00260563 
0.137589 0.0154576 0.00789105 0.771775 0.0607925 0.00282601 0.00366958 
0.333373 0.041724 0.0108338 0.564351 0.0396522 0.00557421 0.0044921 
0.29963 0.0134633 0.0141673 0.627574 0.0383207 0.0022384 0.00460553 
0.154859 0.00673291 0.00941096 0.788135 0.0369823 0.00124654 0.00263369 
0.186515 0.0120129 0.0101962 0.737619 0.0480207 0.00185039 0.00378543 
0.255185 0.0235496 0.012262 0.648244 0.0527961 0.00256889 0.00539393 
0.3658 0.0207855 0.014391 0.551359 0.0394465 0.00349926 0.00471914 
0.522768 0.0262514 0.0196231 0.403562 0.0197137 0.00309115 0.00499038 
0.464397 0.0324632 0.0167608 0.433916 0.0419747 0.00430322 0.00618521 
0.523488 0.0598071 0.0202401 0.325574 0.0550989 0.00591406 0.00987736 
0.306294 0.0335924 0.0142923 0.566696 0.0693844 0.00315593 0.00658509 
0.335148 0.0315489 0.0149648 0.521648 0.0846472 0.00353629 0.00850624 
0.811017 0.0244317 0.0378267 0.102949 0.0138718 0.00111423 0.00878979 
0.865796 0.0277383 0.0305029 0.0413491 0.0232149 0.00205246 0.00934602 
0.84514 0.0587898 0.0225674 0.0384449 0.0239367 0.00222137 0.0088998 
0.851768 0.0343728 0.0251457 0.0335257 0.0424432 0.00215727 0.0105869 
0.838392 0.0407793 0.022756 0.0298314 0.054323 0.00243056 0.0114878 
0.838807 0.0561428 0.0259087 0.0322027 0.0319647 0.00237378 0.0125998 
0.870033 0.0340414 0.041612 0.0279074 0.0127338 0.00145564 0.0122166 
0.816795 0.0335737 0.0240347 0.0596543 0.0538005 0.00162432 0.0105174 
0.840228 0.0308498 0.0263926 0.057237 0.033921 0.00152315 0.00984893 
0.805202 0.0480573 0.0166648 0.0424587 0.0751283 0.00247909 0.01001 
0.830307 0.0405939 0.0187742 0.0441406 0.0552626 0.00252037 0.00840151 
0.801294 0.0765376 0.0202913 0.0362627 0.051397 0.00297448 0.0112431 
0.814647 0.0769265 0.0213775 0.0261593 0.0456716 0.00316211 0.0120559 
0.797943 0.06622 0.0170916 0.0334813 0.0706023 0.00313099 0.0115305 
0.797243 0.0742684 0.0181021 0.0282952 0.0665809 0.00377539 0.0117347 
0.82098 0.0510051 0.0224272 0.0345467 0.0567713 0.00369357 0.0105757 
0.821499 0.0445301 0.0181297 0.0384239 0.0654399 0.00269214 0.00928488 
0.722746 0.0788841 0.0175873 0.0348089 0.127392 0.0042764 0.0143044 
0.835385 0.0332162 0.0285688 0.0259858 0.0599818 0.00212064 0.0147414 
0.796037 0.036077 0.0267513 0.0394904 0.0863995 0.00246569 0.012779 
0.815813 0.0438744 0.0267077 0.0329555 0.0670972 0.00254714 0.0110053 
0.79966 0.0520869 0.0288208 0.0341429 0.0707304 0.0031204 0.0114388 
0.694095 0.0267297 0.109391 0.0178742 0.127686 0.00846949 0.0157547 
0.375496 0.0122058 0.489896 0.0136231 0.075103 0.0190834 0.0145925 
0.565963 0.00320796 0.342124 0.0374026 0.00888993 0.0134501 0.0289631 
0.8207 0.00501523 0.0643403 0.0253226 0.00146054 7.32326E-4 0.0824294 
0.78483 0.00790731 0.060621 0.036829 0.00113275 0.0010697 0.10761 
0.741416 0.00992167 0.0365269 0.195043 0.00124819 3.35124E-4 0.0155093 
0.594038 0.0392356 0.0277116 0.330974 0.0012864 2.98945E-4 0.00645537 
0.449758 0.0304479 0.0251926 0.486524 0.00176221 1.52333E-4 0.00616292 
0.465506 0.0424125 0.0115622 0.457677 0.00782531 2.82966E-4 0.0147344 
0.493357 0.0420874 0.0140308 0.42784 0.00672779 3.23811E-4 0.0156324 
0.179733 0.0935817 0.0380457 0.395392 0.0801182 0.0143811 0.198749 
0.139671 0.150063 0.0405863 0.21493 0.0999468 0.0165243 0.338279 
0.146304 0.140404 0.0323335 0.17656 0.203596 0.0155413 0.285262 
0.153955 0.140612 0.0383819 0.0785352 0.269693 0.017341 0.301482 
0.164744 0.161127 0.0447895 0.0727891 0.222955 0.0205044 0.31309 
0.187708 0.121375 0.0499893 0.162706 0.167399 0.018734 0.292087 
0.333778 0.0776974 0.0624534 0.261533 0.0667067 0.0167671 0.181064 
0.524203 0.0379201 0.0443848 0.265484 0.0224903 0.00596644 0.0995509 
0.278677 0.0609686 0.0706661 0.337356 0.0488949 0.0156397 0.187798 
0.274822 0.0556924 0.0961641 0.30751 0.0445751 0.0156708 0.205566 
0.44558 0.0249227 0.0693314 0.355272 0.0147454 0.00433416 0.0858142 
0.404131 0.0379521 0.0804277 0.326447 0.0257668 0.00834744 0.116928 
0.357913 0.0509284 0.133864 0.113484 0.0727082 0.00962578 0.261477 
0.637867 0.0232281 0.0986324 0.0791779 0.0443441 0.00255362 0.114197 
0.381492 0.0386278 0.1864 0.0760647 0.0537514 0.00806055 0.255603 
0.301497 0.0527597 0.19739 0.0659315 0.0483016 0.0115688 0.322551 
0.349807 0.0256055 0.248341 0.0269946 0.0169284 0.00692062 0.325403 
0.33502 0.0428304 0.22322 0.0729848 0.0284663 0.00887474 0.288603 
0.317139 0.0552012 0.151552 0.0637086 0.0396746 0.00868807 0.364037 
0.102457 0.052711 0.106859 0.0298288 0.0656425 0.00757327 0.634929 
0.178247 0.0509928 0.10233 0.0416767 0.0830123 0.00742066 0.536321 
0.219347 0.0382945 0.0952498 0.0366442 0.094223 0.00564005 0.510602 
0.195545 0.0355713 0.143561 0.0356842 0.0622172 0.00608215 0.521339 
0.176655 0.0386553 0.167873 0.0280191 0.0459367 0.0070646 0.535797 
0.35548 0.0437051 0.172618 0.0298687 0.0176247 0.00587268 0.374831 
0.302045 0.0429724 0.182789 0.0234501 0.0273164 0.00660637 0.414821 
0.405247 0.0330891 0.199796 0.0368709 0.0169986 0.00447413 0.303524 
0.498411 0.0411902 0.118934 0.0644801 0.0348128 0.00400041 0.238172 
0.676681 0.0185262 0.0857743 0.054358 0.0522061 0.00144835 0.111006 
0.668338 0.0158353 0.109964 0.0484573 0.0258561 0.00137144 0.130178 
0.725052 0.0156433 0.0971877 0.0294015 0.0185863 0.00102825 0.113101 
0.786394 0.0127659 0.0986716 0.0186579 0.0076157 4.84667E-4 0.07541 
0.829541 0.0125755 0.0657191 0.0367426 0.0133368 5.58469E-4 0.0415268 
0.882241 0.00735788 0.0504287 0.030664 0.010562 2.75159E-4 0.0184709 
0.805575 0.0117046 0.0943566 0.0297675 0.0100091 4.56288E-4 0.0481306 
0.776326 0.00797775 0.141129 0.0131254 0.00381045 2.50511E-4 0.057381 
0.690803 0.0194819 0.0987836 0.0417279 0.0224285 0.00179914 0.124976 
0.728364 0.0165756 0.105744 0.0195433 0.0082448 0.00121147 0.120317 
0.667419 0.0197488 0.0990431 0.0232792 0.0133543 0.0012624 0.175894 
0.296286 0.0428103 0.136257 0.04183 0.0298767 0.00550399 0.447436 
0.580708 0.0150443 0.127472 0.0275327 0.00974012 0.00108506 0.238418 
0.505254 0.0201592 0.122203 0.0158788 0.013863 0.0013961 0.321245 
0.347853 0.0196885 0.145674 0.0164214 0.0121519 0.00206807 0.456143 
0.4697 0.017409 0.152942 0.0233223 0.00916749 0.00129382 0.326166 
0.681177 0.00960649 0.138335 0.0307135 0.00431668 2.89211E-4 0.135562 
0.419485 0.0181082 0.145027 0.0701242 0.00717212 0.00136631 0.338717 
0.505151 0.0146498 0.179728 0.0764864 0.00450355 9.89276E-4 0.218491 
0.428542 0.0239226 0.163799 0.109047 0.00772806 0.0020158 0.264945 
0.313511 0.0328617 0.17639 0.184937 0.00998735 0.00374475 0.278569 
0.37856 0.0230635 0.138442 0.285085 0.0099692 0.00265831 0.162222 
0.238165 0.0239785 0.123887 0.432134 0.00945874 0.00257897 0.169797 
0.386656 0.0282815 0.0876553 0.296679 0.0179565 0.00314333 0.179629 
0.391221 0.0298804 0.0620759 0.304513 0.0333331 0.00402565 0.174951 
0.495606 0.0260927 0.0744854 0.145275 0.0362107 0.00288956 0.21944 
0.525355 0.0972456 0.0620246 0.0204564 0.140854 0.00825555 0.145809 
0.843521 0.021408 0.0769609 0.014876 0.0166588 0.00283847 0.0237371 
0.855461 0.0106073 0.0731646 0.0335044 0.0038604 0.00447321 0.0189295 
0.357913 0.0509284 0.133864 0.113484 0.0727082 0.00962578 0.261477 
0.637867 0.0232281 0.0986324 0.0791779 0.0443441 0.00255362 0.114197 
0.381492 0.0386278 0.1864 0.0760647 0.0537514 0.00806055 0.255603 
0.301497 0.0527597 0.19739 0.0659315 0.0483016 0.0115688 0.322551 
0.349807 0.0256055 0.248341 0.0269946 0.0169284 0.00692062 0.325403 
0.33502 0.0428304 0.22322 0.0729848 0.0284663 0.00887474 0.288603 
0.317139 0.0552012 0.151552 0.0637086 0.0396746 0.00868807 0.364037 
0.102457 0.052711 0.106859 0.0298288 0.0656425 0.00757327 0.634929 
0.178247 0.0509928 0.10233 0.0416767 0.0830123 0.00742066 0.536321 
0.219347 0.0382945 0.0952498 0.0366442 0.094223 0.00564005 0.510602 
0.195545 0.0355713 0.143561 0.0356842 0.0622172 0.00608215 0.521339 
0.176655 0.0386553 0.167873 0.0280191 0.0459367 0.0070646 0.535797 
0.35548 0.0437051 0.172618 0.0298687 0.0176247 0.00587268 0.374831 
0.302045 0.0429724 0.182789 0.0234501 0.0273164 0.00660637 0.414821 
0.405247 0.0330891 0.199796 0.0368709 0.0169986 0.00447413 0.303524 
0.498411 0.0411902 0.118934 0.0644801 0.0348128 0.00400041 0.238172 
0.676681 0.0185262 0.0857743 0.054358 0.0522061 0.00144835 0.111006 
0.668338 0.0158353 0.109964 0.0484573 0.0258561 0.00137144 0.130178 
0.725052 0.0156433 0.0971877 0.0294015 0.0185863 0.00102825 0.113101 
0.786394 0.0127659 0.0986716 0.0186579 0.0076157 4.84667E-4 0.07541 
0.829541 0.0125755 0.0657191 0.0367426 0.0133368 5.58469E-4 0.0415268 
0.882241 0.00735788 0.0504287 0.030664 0.010562 2.75159E-4 0.0184709 
0.805575 0.0117046 0.0943566 0.0297675 0.0100091 4.56288E-4 0.0481306 
0.776326 0.00797775 0.141129 0.0131254 0.00381045 2.50511E-4 0.057381 
0.690803 0.0194819 0.0987836 0.0417279 0.0224285 0.00179914 0.124976 
0.728364 0.0165756 0.105744 0.0195433 0.0082448 0.00121147 0.120317 
0.667419 0.0197488 0.0990431 0.0232792 0.0133543 0.0012624 0.175894 
0.296286 0.0428103 0.136257 0.04183 0.0298767 0.00550399 0.447436 
0.580708 0.0150443 0.127472 0.0275327 0.00974012 0.00108506 0.238418 
0.505254 0.0201592 0.122203 0.0158788 0.013863 0.0013961 0.321245 
0.347853 0.0196885 0.145674 0.0164214 0.0121519 0.00206807 0.456143 
0.4697 0.017409 0.152942 0.0233223 0.00916749 0.00129382 0.326166 
0.681177 0.00960649 0.138335 0.0307135 0.00431668 2.89211E-4 0.135562 
0.419485 0.0181082 0.145027 0.0701242 0.00717212 0.00136631 0.338717 
0.505151 0.0146498 0.179728 0.0764864 0.00450355 9.89276E-4 0.218491 
0.428542 0.0239226 0.163799 0.109047 0.00772806 0.0020158 0.264945 
0.313511 0.0328617 0.17639 0.184937 0.00998735 0.00374475 0.278569 
0.37856 0.0230635 0.138442 0.285085 0.0099692 0.00265831 0.162222 
0.238165 0.0239785 0.123887 0.432134 0.00945874 0.00257897 0.169797 
0.386656 0.0282815 0.0876553 0.296679 0.0179565 0.00314333 0.179629 
0.391221 0.0298804 0.0620759 0.304513 0.0333331 0.00402565 0.174951 
0.495606 0.0260927 0.0744854 0.145275 0.0362107 0.00288956 0.21944 
0.525355 0.0972456 0.0620246 0.0204564 0.140854 0.00825555 0.145809 
0.843521 0.021408 0.0769609 0.014876 0.0166588 0.00283847 0.0237371 
0.855461 0.0106073 0.0731646 0.0335044 0.0038604 0.00447321 0.0189295 
0.758774 0.0476797 0.026436 0.081116 0.0722128 0.00350659 0.0102753 
0.764966 0.0347006 0.0282975 0.0806888 0.0773901 0.00302567 0.0109315 
0.790321 0.0303961 0.0300775 0.0670766 0.0670575 0.00293373 0.0121378 
0.781757 0.0477893 0.0270588 0.0912165 0.0407127 0.00376923 0.00769606 
0.805518 0.0329173 0.0353965 0.0757287 0.0354502 0.00345653 0.0115329 
0.730505 0.0341519 0.021912 0.0939624 0.10734 0.00332566 0.00880316 
0.791258 0.0388446 0.0294302 0.0587556 0.0666817 0.00393855 0.0110914 
0.810188 0.0345358 0.0321619 0.0533944 0.0556437 0.00328986 0.0107867 
0.836021 0.0317261 0.0480954 0.0293124 0.0359229 0.00432702 0.0145955 
0.779866 0.0505538 0.0259072 0.0595688 0.0693465 0.00352768 0.0112301 
0.819298 0.0399987 0.0434027 0.0402059 0.0394486 0.00444442 0.0132021 
0.813085 0.0255419 0.0396038 0.0491563 0.0531582 0.00723378 0.0122205 
0.758471 0.0431966 0.0283753 0.0430594 0.109402 0.00500132 0.0124943 
0.84704 0.0334486 0.0444167 0.0347492 0.0231754 0.00405906 0.0131105 
0.798883 0.0530058 0.0341265 0.0555786 0.04465 0.00353135 0.0102246 
0.835131 0.0409754 0.0351987 0.0412822 0.0325181 0.0040275 0.0108667 
0.852088 0.0322138 0.0428563 0.0261579 0.0287917 0.00472459 0.0131674 
0.813917 0.0402287 0.0325635 0.0314329 0.0641047 0.00509833 0.0126545 
0.778948 0.0276853 0.0319138 0.046698 0.100013 0.00324148 0.0115004 
0.761773 0.031145 0.0235012 0.0638214 0.106896 0.00353456 0.0093281 
0.828192 0.0338748 0.0379798 0.0413021 0.0443609 0.0048527 0.00943792 
0.823594 0.0266722 0.0382054 0.0392945 0.0552234 0.00543507 0.0115755 
0.815461 0.0403317 0.0320905 0.0421132 0.0558715 0.00461493 0.00951753 
0.811704 0.0365789 0.0295774 0.0357872 0.0692854 0.00625285 0.0108141 
0.830347 0.0352659 0.0305369 0.0337905 0.0553865 0.0053563 0.0093167 
0.838009 0.0336247 0.034808 0.0355621 0.044505 0.00462896 0.00886278 
0.838646 0.02997 0.0346048 0.0317611 0.0515732 0.00449792 0.00894654 
0.784765 0.0288123 0.0280969 0.0388397 0.101968 0.00653544 0.0109827 
0.816531 0.0254847 0.0392242 0.0397653 0.0621782 0.00405559 0.0127607 
0.82709 0.0363502 0.0325224 0.0255985 0.0613175 0.00491926 0.0122024 
0.805151 0.0372876 0.0288774 0.0392956 0.0754996 0.0040346 0.00985382 
0.851651 0.0313508 0.0414282 0.0239582 0.035315 0.00453397 0.0117631 
0.853128 0.0307737 0.0347193 0.0260854 0.0437037 0.00384111 0.00774843 
0.830529 0.0375782 0.0289229 0.035147 0.0553551 0.0036304 0.00883744 
0.825522 0.0356806 0.0275539 0.0383669 0.0606717 0.00358167 0.00862363 
0.819353 0.0533371 0.032588 0.0271283 0.0516662 0.00349615 0.0124311 
0.816004 0.0566196 0.0359719 0.0285943 0.0440905 0.00324129 0.015478 
0.802417 0.0530552 0.0374913 0.0313242 0.0597725 0.00403323 0.0119063 
0.824718 0.0411685 0.0447388 0.0322328 0.0396811 0.0032891 0.0141719 
0.814117 0.0368188 0.0360821 0.0368156 0.0609097 0.00297563 0.0122816 
0.822321 0.0402862 0.0287921 0.0348126 0.061567 0.00334826 0.00887332 
0.864912 0.0298871 0.0415893 0.0249301 0.0251166 0.00431397 0.00925144 
