0.0969918 0.247418 0.00857432 0.121258 0.037547 0.475861 0.0123496 
0.105274 0.167438 0.0156156 0.158509 0.0230267 0.510293 0.0198425 
0.0823509 0.18936 0.00735763 0.109918 0.0224 0.575682 0.0129309 
0.102511 0.216901 0.0103145 0.12843 0.0205963 0.50598 0.0152673 
0.0602814 0.174283 0.00650307 0.100403 0.0174517 0.631168 0.00991014 
0.0824086 0.233283 0.00571693 0.0909661 0.0216598 0.55636 0.00960623 
0.0605902 0.176356 0.0045235 0.0729699 0.0189989 0.658868 0.0076934 
0.0997292 0.288032 0.00402155 0.0515676 0.0181807 0.52886 0.00960943 
0.0915049 0.198437 0.00757568 0.0924891 0.0149391 0.580638 0.0144161 
0.122632 0.273237 0.00876333 0.0966341 0.0159003 0.464832 0.0180009 
0.149905 0.258585 0.00612146 0.0556992 0.0149129 0.497683 0.0170927 
0.148318 0.378467 0.00539759 0.0575748 0.0241518 0.37277 0.0133203 
0.138029 0.308982 0.00663821 0.0810577 0.0184458 0.430958 0.0158899 
0.186868 0.262027 0.011099 0.0892973 0.00842129 0.41741 0.0248768 
0.136015 0.213998 0.024488 0.245595 0.0228842 0.324258 0.0327618 
0.21991 0.251337 0.0167036 0.154773 0.0215441 0.309122 0.026611 
0.261361 0.362426 0.0086567 0.0314469 0.0160295 0.296573 0.0235066 
0.218683 0.289448 0.00855902 0.0343548 0.0125049 0.407673 0.0287771 
0.175505 0.307592 0.00669327 0.0337763 0.0098949 0.442015 0.0245235 
0.228708 0.410695 0.00591567 0.0279268 0.0535894 0.253415 0.0197499 
0.257848 0.407896 0.00675635 0.0525155 0.0557256 0.197506 0.0217527 
0.315792 0.312544 0.00924335 0.0820732 0.0349213 0.220196 0.0252299 
0.288146 0.256716 0.011711 0.156398 0.0264288 0.228155 0.0324449 
0.384098 0.47381 0.00814109 0.0375647 0.0212757 0.0497789 0.025331 
0.468187 0.189003 0.0094949 0.0653955 0.215738 0.0180358 0.0341457 
0.580217 0.148001 0.0160352 0.0579074 0.138672 0.0272847 0.0318825 
0.668446 0.153912 0.0232425 0.0440761 0.0200446 0.0529685 0.0373097 
0.636087 0.225539 0.0184307 0.0322746 0.0229595 0.0281273 0.036582 
0.704527 0.153074 0.0232312 0.032662 0.01466 0.0308918 0.0409533 
0.729853 0.116921 0.0232888 0.0402425 0.0170272 0.0410281 0.0316395 
0.707318 0.123546 0.0248557 0.0443008 0.00973954 0.0567626 0.0334774 
0.686422 0.108437 0.0279045 0.03222 0.00930361 0.0928612 0.0428517 
0.726808 0.115074 0.025904 0.0381344 0.0107061 0.0494206 0.0339529 
0.704619 0.0743458 0.0337941 0.0443574 0.0113909 0.0875788 0.0439136 
0.693453 0.096526 0.030202 0.0410657 0.00900361 0.0807776 0.0489724 
0.654351 0.133275 0.0267057 0.0399078 0.0106115 0.0866123 0.0485363 
0.684455 0.117952 0.0289352 0.0397428 0.011476 0.0724384 0.0450004 
0.689109 0.0884707 0.0349211 0.0265024 0.0103162 0.0926486 0.0580317 
0.750125 0.0713713 0.026899 0.0262364 0.00937497 0.061436 0.054557 
0.743128 0.0598701 0.0306424 0.0215539 0.00886547 0.0704357 0.0655047 
0.752136 0.0676212 0.0264071 0.0222559 0.00881626 0.0630735 0.0596904 
0.751514 0.0603168 0.028776 0.0205192 0.00784083 0.0714324 0.0596004 
0.736613 0.0446804 0.0316835 0.0353292 0.00737935 0.070817 0.073498 
0.752208 0.0281494 0.037304 0.01861 0.00632689 0.0527773 0.104625 
0.726636 0.0353431 0.0392285 0.0202317 0.00702771 0.0669512 0.104582 
0.756691 0.0688881 0.0262896 0.020824 0.0100478 0.0679437 0.0493163 
0.750019 0.0510553 0.0334516 0.0177643 0.00603183 0.0686277 0.0730507 
0.731352 0.0750804 0.0246533 0.0322471 0.0129673 0.0708601 0.0528401 
0.737073 0.0864012 0.021309 0.0415277 0.0108366 0.0568536 0.0459987 
0.687478 0.113474 0.0192416 0.0543367 0.015887 0.0689176 0.0406645 
0.651139 0.162469 0.0170477 0.0533643 0.0192763 0.0607239 0.03598 
0.691552 0.131195 0.0182625 0.0442189 0.0156206 0.058186 0.0409649 
0.748023 0.0939335 0.0226797 0.037204 0.00938221 0.0422538 0.0465242 
0.691629 0.140519 0.0232683 0.0325656 0.0102725 0.0498809 0.0518648 
0.667989 0.111154 0.0341445 0.0200426 0.00546702 0.0622919 0.0989107 
0.742946 0.108952 0.0230243 0.037804 0.00903392 0.0266983 0.0515414 
0.702776 0.118816 0.02816 0.0247434 0.00614011 0.0439847 0.0753798 
0.659469 0.159162 0.020383 0.0529991 0.0154433 0.0477501 0.0447935 
0.667305 0.155719 0.0168367 0.0470363 0.0278377 0.0387045 0.0465614 
0.71743 0.118431 0.0203645 0.0304898 0.0205087 0.0290732 0.0637028 
0.620382 0.199252 0.0161208 0.0328071 0.0306321 0.0324582 0.0683483 
0.392601 0.365143 0.00794221 0.0881942 0.0901208 0.0194752 0.0365236 
0.376972 0.0988331 0.0162279 0.24447 0.203499 0.0190045 0.040993 
0.482197 0.134568 0.0300055 0.0410348 0.238138 0.0265185 0.047538 
0.441326 0.0495794 0.0350589 0.0580835 0.329381 0.00807157 0.0784998 
0.329328 0.0518497 0.0376384 0.017941 0.506361 0.0103083 0.0465735 
0.356582 0.0591818 0.0757236 0.0116946 0.438063 0.0231219 0.0356337 
0.0678263 0.0128515 0.7005 0.0153156 0.0373438 0.134461 0.0317024 
0.0636507 0.0116583 0.678171 0.0181685 0.0290078 0.167547 0.0317967 
0.127475 0.0217372 0.63818 0.00890753 0.0762139 0.101934 0.0255511 
0.157189 0.0599998 0.504902 0.0112341 0.157897 0.0868643 0.0219146 
0.267899 0.0331869 0.453345 0.0111134 0.111327 0.0863218 0.0368069 
0.423969 0.0300208 0.239254 0.0354268 0.0972195 0.118417 0.0556923 
0.763236 0.0113465 0.082008 0.00896381 0.00669358 0.0169104 0.110842 
0.652058 0.010444 0.0892903 0.00878275 0.00778809 0.0204352 0.211202 
0.676315 0.00936775 0.0880286 0.0112871 0.0126651 0.0072721 0.195064 
0.662453 0.00962553 0.0903248 0.00816709 0.00742963 0.0100062 0.211994 
0.716717 0.0101856 0.0810906 0.00714361 0.00851917 0.00867717 0.167667 
0.677329 0.00710501 0.102687 0.0137759 0.00742095 0.00763377 0.184049 
0.517255 0.00733154 0.135849 0.00839361 0.00532645 0.0151327 0.310711 
0.7179 0.0073696 0.0950293 0.0198365 0.00715362 0.00777669 0.144934 
0.679226 0.0136847 0.0545457 0.00920898 0.013074 0.00444897 0.225812 
0.796423 0.0380749 0.0205706 0.0289606 0.0282685 0.00184704 0.0858552 
0.778579 0.0411138 0.0208134 0.0258646 0.0250548 0.00245292 0.106121 
0.663631 0.12604 0.0108608 0.0394513 0.0621131 0.00382018 0.0940833 
0.386735 0.175423 0.0105558 0.020315 0.270972 0.0107406 0.125259 
0.410792 0.462037 0.00507147 0.0558716 0.038659 0.00348072 0.0240885 
0.398199 0.398776 0.00555396 0.043457 0.0960808 0.00482111 0.0531126 
0.204265 0.516093 0.00591828 0.0414198 0.166884 0.00674386 0.0586765 
0.399185 0.360191 0.00532546 0.0559606 0.124267 0.00547959 0.0495905 
0.269484 0.590646 0.00282201 0.0426935 0.0469526 0.00376399 0.0436376 
0.401466 0.482357 0.00391391 0.0431237 0.0321774 0.00401233 0.0329499 
0.446785 0.482541 0.00381413 0.020045 0.0214936 0.00366733 0.0216545 
0.00217644 0.00301251 0.991668 3.77497E-4 2.43382E-4 5.33493E-4 0.00198846 
0.337319 0.0557627 0.104401 0.0766969 0.171851 0.031763 0.222206 
0.0543665 0.617454 0.0162118 0.28844 0.0170303 0.00279465 0.00370237 
0.0742748 0.240215 0.075843 0.209286 0.270119 0.0839661 0.0462964 
0.196993 0.00616121 0.370782 0.0096568 0.00966991 0.0234495 0.383288 
0.169449 0.0076983 0.273075 0.00992275 0.0119903 0.0215506 0.506314 
0.300833 0.0229073 0.0760004 0.00752898 0.0321356 0.00641294 0.554182 
0.332508 0.0165462 0.0762899 0.00543179 0.00888833 0.00666555 0.55367 
0.34301 0.0252866 0.0527042 0.0203193 0.0101719 0.00282547 0.545682 
0.195015 0.41471 0.00994605 0.0488445 0.0721128 0.0063288 0.253043 
0.40953 0.19602 0.0113937 0.118467 0.0963079 0.00511069 0.163171 
0.391334 0.132686 0.0105629 0.110311 0.185123 0.00793586 0.162046 
0.430193 0.107557 0.014408 0.0943665 0.0830145 0.0059045 0.264557 
0.172016 0.00843916 0.162525 0.00961738 0.0095619 0.0355741 0.602267 
0.164365 0.00930852 0.172978 0.0105811 0.0142105 0.0425888 0.585968 
0.220761 0.00891916 0.163115 0.0108388 0.0102882 0.0341783 0.551899 
0.34439 0.00903606 0.144153 0.00699095 0.00882632 0.0238419 0.462762 
0.207485 0.00930582 0.150819 0.00935973 0.00772136 0.0451075 0.570202 
0.51227 0.0125149 0.0887913 0.00562502 0.00674929 0.0142998 0.35975 
0.486661 0.0108192 0.0946465 0.00649124 0.00461387 0.0159544 0.380814 
0.650703 0.0115813 0.0774572 0.0104224 0.00571751 0.012979 0.231139 
0.682875 0.017204 0.0523168 0.0184893 0.00732537 0.00734063 0.214449 
0.73635 0.0545374 0.0170188 0.0921669 0.0220891 0.00404371 0.0737944 
0.728655 0.0411086 0.0248266 0.0766401 0.0330224 0.0153401 0.0804075 
0.710897 0.0258899 0.0232332 0.056092 0.0318437 0.00588255 0.146162 
0.765182 0.0277359 0.0391169 0.0686334 0.0179365 0.0203922 0.0610031 
0.750686 0.0227751 0.0309646 0.0791347 0.021386 0.00955651 0.0854973 
0.720564 0.0269638 0.014287 0.126073 0.0392525 0.00293435 0.0699251 
0.706851 0.0358679 0.0316828 0.120297 0.0289817 0.0256705 0.0506497 
0.692221 0.0281729 0.0480307 0.108539 0.0121142 0.0672954 0.0436266 
0.794421 0.0365913 0.0328822 0.032176 0.0209705 0.0344877 0.0484715 
0.736034 0.0399211 0.0169477 0.0274302 0.0869948 0.00562358 0.0870487 
0.764769 0.0500311 0.0244878 0.0217344 0.0723975 0.00866139 0.0579193 
0.776164 0.0622201 0.0186283 0.0259953 0.0623598 0.00828694 0.0463459 
0.854714 0.0346646 0.0194955 0.0234421 0.0188139 0.00805131 0.0408186 
0.800154 0.0211965 0.0326225 0.0229939 0.0220183 0.014538 0.0864768 
0.826514 0.0248323 0.0301283 0.0207829 0.0176342 0.0140154 0.0660926 
0.81403 0.0205402 0.0365184 0.020715 0.0217861 0.015179 0.071231 
0.792302 0.0202544 0.0421983 0.0159359 0.0215346 0.0200341 0.0877404 
0.829272 0.0189166 0.0391845 0.0145744 0.0182169 0.0146249 0.0652106 
0.816802 0.0191049 0.0456567 0.0111579 0.0100587 0.015876 0.0813433 
0.805771 0.0171541 0.041876 0.0175734 0.0111366 0.0177499 0.0887388 
0.795923 0.0168031 0.045999 0.0106235 0.00850441 0.0170162 0.10513 
0.752915 0.0164347 0.0488153 0.0139868 0.00990277 0.0235064 0.134439 
0.740552 0.013808 0.0568863 0.00971905 0.00693315 0.023613 0.148488 
0.786369 0.0130474 0.0513259 0.011388 0.00736994 0.0195815 0.110919 
0.726885 0.0133065 0.0541013 0.00947976 0.00719745 0.0196161 0.169414 
0.696246 0.012351 0.0611892 0.0107113 0.00850072 0.0204192 0.190583 
0.662464 0.0130311 0.0670117 0.0096247 0.00714488 0.0240341 0.21669 
0.59267 0.0122105 0.0730682 0.0130731 0.0084689 0.0267236 0.273785 
0.542959 0.0097907 0.0800496 0.0148074 0.00718687 0.0190177 0.326189 
0.571852 0.00981082 0.0792639 0.0145747 0.00594442 0.024524 0.29403 
0.629227 0.00926161 0.0742415 0.0148195 0.00844418 0.0152267 0.24878 
0.746119 0.0168111 0.0482157 0.0154822 0.00594234 0.005943 0.161487 
0.67517 0.0152352 0.052284 0.0184929 0.00784766 0.00929673 0.221674 
0.679236 0.0137892 0.0549767 0.0216187 0.00938131 0.0101235 0.210875 
0.725094 0.014721 0.0527159 0.0268516 0.00989727 0.0126513 0.158069 
0.743181 0.0136904 0.0476735 0.03019 0.0179101 0.01217 0.135185 
0.687541 0.0162721 0.0511454 0.0246476 0.0206012 0.0162905 0.183502 
0.723978 0.0310768 0.0361069 0.0296221 0.0340389 0.0239966 0.121181 
0.684631 0.0264773 0.038655 0.0551895 0.035334 0.0179365 0.141776 
0.71712 0.0316646 0.035969 0.0664944 0.0227773 0.0221294 0.103845 
0.718866 0.0272166 0.0378081 0.0476372 0.0131792 0.0184775 0.136815 
0.758115 0.0260673 0.0415926 0.0389042 0.0110978 0.0140279 0.110195 
0.781529 0.0291667 0.0424337 0.0493788 0.0104213 0.0147519 0.0723185 
0.792338 0.0195039 0.0476927 0.0365676 0.012289 0.0137929 0.0778158 
0.798027 0.0187366 0.0421898 0.0166204 0.0119105 0.0150735 0.097442 
0.818488 0.0193801 0.0399835 0.0269904 0.0197426 0.00924277 0.0661726 
0.795913 0.0185385 0.0486396 0.0155354 0.0161234 0.0144107 0.0908392 
0.794657 0.0177554 0.0440831 0.0289403 0.0207017 0.0113835 0.0824789 
0.784718 0.0188128 0.0397338 0.0351404 0.0187213 0.00722535 0.0956487 
0.737076 0.0217834 0.0303702 0.0505424 0.0295295 0.0100215 0.120677 
0.75628 0.018391 0.0377949 0.0360425 0.0194716 0.00848457 0.123535 
0.798223 0.0212057 0.030802 0.0378846 0.025763 0.00992843 0.0761937 
0.776354 0.019409 0.0405858 0.0228279 0.0171406 0.0114878 0.112195 
0.731294 0.0176108 0.0392983 0.0486588 0.0327085 0.014227 0.116202 
0.82192 0.0218931 0.0386686 0.028043 0.0134314 0.00861068 0.0674328 
0.758518 0.0194959 0.0385067 0.0589369 0.0210334 0.013845 0.0896639 
0.697523 0.0179738 0.0358196 0.124251 0.0265574 0.0111677 0.0867075 
0.745967 0.0171388 0.0462509 0.0536427 0.0126822 0.0125088 0.11181 
0.726595 0.0179129 0.0375852 0.0729909 0.0249259 0.0113496 0.10864 
0.661298 0.016346 0.0448477 0.100694 0.011486 0.0158647 0.149464 
0.669277 0.0166928 0.0455341 0.0626906 0.0105632 0.0158721 0.17937 
0.689996 0.0147636 0.0635971 0.0209942 0.00922596 0.0138847 0.187538 
0.669871 0.0171307 0.0446064 0.0570422 0.0232568 0.0205191 0.167574 
0.79495 0.0195174 0.0430189 0.0308399 0.0125343 0.0122377 0.0869017 
0.780992 0.0194436 0.0533582 0.0255857 0.00903495 0.0157609 0.095825 
0.755576 0.0170705 0.0506608 0.0338053 0.0149985 0.0167932 0.111096 
0.745154 0.0162382 0.0595879 0.0165793 0.00825596 0.0220412 0.132143 
0.723732 0.0156133 0.0596447 0.0242146 0.0113439 0.0158342 0.149617 
0.638921 0.0151232 0.0709434 0.0176284 0.0139874 0.020114 0.223282 
0.592293 0.0125149 0.0756072 0.0206662 0.0127325 0.0214345 0.264752 
0.63639 0.0127453 0.090257 0.0180034 0.00457519 0.0201063 0.217922 
0.40754 0.0149439 0.105909 0.0167733 0.025409 0.0508646 0.37856 
0.681305 0.012538 0.0684783 0.0113778 0.00861975 0.0114198 0.206261 
0.576894 0.0120607 0.0779642 0.0105024 0.00586427 0.019979 0.296735 
0.531397 0.0109786 0.0901615 0.0102412 0.00987743 0.0243713 0.322973 
0.281473 0.0126422 0.111181 0.021182 0.0313374 0.0424267 0.499757 
0.627155 0.0107379 0.0896055 0.0167461 0.0138538 0.0144443 0.227457 
0.481585 0.0122279 0.0916786 0.0193522 0.00917218 0.0284264 0.357558 
0.627485 0.0128789 0.0664653 0.0282771 0.0101386 0.0210089 0.233747 
0.669179 0.0115264 0.0868902 0.0116957 0.00843511 0.0252764 0.186997 
0.592554 0.0156789 0.069634 0.011841 0.0102041 0.0282756 0.271812 
0.628837 0.012647 0.071921 0.0186142 0.00722992 0.0215895 0.239162 
0.563408 0.0124869 0.0821705 0.023728 0.0108884 0.0220428 0.285275 
0.57007 0.0113157 0.0880327 0.0105939 0.00648309 0.0262715 0.287233 
0.557271 0.0110328 0.0917779 0.0100346 0.00613803 0.0285215 0.295224 
0.621856 0.00975877 0.0907794 0.0148927 0.00643975 0.0186885 0.237585 
0.646381 0.0101986 0.0884732 0.0135075 0.00689532 0.0204596 0.214085 
0.555167 0.0105976 0.0971616 0.0111753 0.00626753 0.0236177 0.296013 
0.582115 0.0116119 0.095203 0.0115563 0.0096029 0.0294895 0.260421 
0.63584 0.010383 0.0910853 0.0137409 0.0067684 0.0294502 0.212732 
0.646464 0.0112742 0.0837066 0.0147609 0.00956409 0.0276684 0.206562 
0.653837 0.0114438 0.0814239 0.0108021 0.00665883 0.0280626 0.207771 
0.640151 0.0111777 0.0807634 0.0129652 0.00990641 0.0267994 0.218237 
0.615198 0.0114235 0.0803802 0.0110821 0.0103594 0.0253636 0.246193 
0.613576 0.0115273 0.0766881 0.0104177 0.0101857 0.0252013 0.252404 
0.674118 0.0126122 0.0702821 0.0107877 0.00999434 0.0237423 0.198463 
0.707212 0.0120248 0.0669955 0.0142171 0.0125584 0.0218508 0.165141 
0.642037 0.0129709 0.0723774 0.020772 0.0133428 0.0302494 0.20825 
0.621126 0.0139523 0.0802504 0.0214617 0.0110462 0.0291594 0.223004 
0.658424 0.0138327 0.08149 0.0108965 0.00707983 0.029747 0.19853 
0.691509 0.0118806 0.079299 0.0167113 0.00621348 0.0222276 0.172159 
0.631514 0.0132269 0.082789 0.0160461 0.00853336 0.0259595 0.221931 
0.602632 0.0122077 0.0876765 0.0083861 0.00916536 0.0215917 0.25834 
0.520807 0.0117696 0.0963496 0.00785416 0.00881113 0.025101 0.329307 
0.531929 0.0118518 0.0900014 0.0111197 0.0107354 0.0228625 0.3215 
0.655104 0.00976256 0.0929446 0.00882967 0.00732157 0.0157604 0.210277 
0.535084 0.0102675 0.0948966 0.0126094 0.00913445 0.0223855 0.315622 
0.604601 0.011381 0.0879955 0.0131531 0.0109876 0.0189141 0.252968 
0.545824 0.0104546 0.086406 0.0127032 0.0072234 0.018638 0.318751 
0.506273 0.0119097 0.0885925 0.0204578 0.0106167 0.0241723 0.337978 
0.475923 0.0124371 0.0950316 0.0154199 0.00763062 0.0270898 0.366468 
0.494425 0.0151082 0.0761103 0.0114355 0.00650771 0.0257924 0.370621 
0.393266 0.0112789 0.0848196 0.011733 0.00479539 0.0234842 0.470623 
0.42832 0.0119904 0.0815052 0.0121712 0.00783959 0.0288922 0.429282 
0.411664 0.00942016 0.102459 0.0107084 0.00495736 0.019668 0.441123 
0.390729 0.00986129 0.11045 0.00763839 0.00548738 0.0214208 0.454413 
0.314747 0.00929839 0.119704 0.00723524 0.00559199 0.0246596 0.518764 
0.35351 0.00980668 0.111029 0.00983458 0.00618176 0.0243414 0.485297 
0.424576 0.0109353 0.0954133 0.00884634 0.0106379 0.0237063 0.425885 
0.387444 0.0100251 0.0901421 0.00469074 0.00825125 0.00848939 0.490957 
0.407373 0.0102883 0.0846825 0.0101296 0.0109743 0.0121907 0.464362 
0.293393 0.00920384 0.0824807 0.00873393 0.0113054 0.0100083 0.584875 
0.383963 0.0104207 0.0783075 0.00760787 0.00993286 0.00706767 0.5027 
0.334336 0.0103062 0.0896339 0.0148029 0.0154407 0.0158071 0.519673 
0.3103 0.00958333 0.0903766 0.00685027 0.00807871 0.0156319 0.559179 
0.372722 0.00982586 0.106291 0.0122696 0.0077979 0.0227923 0.468301 
0.331467 0.00982485 0.10831 0.00913991 0.00923857 0.0193709 0.512649 
0.374624 0.0101428 0.107534 0.0132908 0.0114818 0.0230264 0.4599 
0.424199 0.00832669 0.122025 0.00842252 0.00655577 0.0170849 0.413386 
0.408631 0.00950403 0.107745 0.00965452 0.00820198 0.0182149 0.438049 
0.456463 0.00858831 0.105595 0.019889 0.00894558 0.0141975 0.386322 
0.463653 0.00837184 0.108798 0.0152046 0.00523086 0.0134981 0.385243 
0.650727 0.00860491 0.0955481 0.0252056 0.0067684 0.0142884 0.198857 
0.454896 0.0099533 0.104881 0.0125593 0.00769998 0.0272928 0.382718 
0.636986 0.00931514 0.0875241 0.0124763 0.00840847 0.0181303 0.22716 
0.586599 0.00912302 0.102536 0.00993403 0.00743303 0.0208928 0.263482 
0.340461 0.0125003 0.108915 0.0192448 0.0173034 0.0486701 0.452906 
0.58125 0.00983121 0.0867441 0.0104886 0.00885547 0.0225688 0.280262 
0.651701 0.00933525 0.0947459 0.0152582 0.00664328 0.0214774 0.200839 
0.472209 0.00848683 0.116412 0.010978 0.00575142 0.0230658 0.363097 
0.329401 0.00957569 0.122011 0.0112 0.0105133 0.0366676 0.480631 
0.333152 0.00888133 0.12379 0.00732258 0.00819246 0.02771 0.490952 
0.445052 0.00911355 0.116297 0.00593867 0.00646587 0.0277885 0.389345 
0.353494 0.008859 0.116668 0.00646247 0.00536134 0.0297634 0.479391 
0.179865 0.00925705 0.126113 0.0126136 0.00985094 0.0555896 0.606712 
0.259998 0.00960413 0.112824 0.00822644 0.00536406 0.0433801 0.560604 
0.245991 0.0101986 0.113123 0.00877613 0.00811877 0.0488321 0.56496 
0.214825 0.0102351 0.109526 0.00917875 0.00665747 0.0511904 0.598387 
0.226972 0.0104905 0.116411 0.00872472 0.0085752 0.0494268 0.5794 
0.129274 0.0102921 0.106206 0.010628 0.0090342 0.067189 0.667376 
0.200622 0.010808 0.103116 0.00926527 0.0076325 0.0527652 0.615791 
0.204942 0.0103639 0.111162 0.00820495 0.00632148 0.0483941 0.610612 
0.217291 0.0102659 0.104136 0.00835461 0.0057295 0.0445207 0.609702 
0.174959 0.011122 0.105099 0.00958913 0.00902894 0.0511025 0.639099 
0.206708 0.0120639 0.100784 0.00958529 0.00946355 0.0517626 0.609632 
0.192277 0.0106612 0.0900997 0.00758502 0.00608293 0.0465585 0.646736 
0.288193 0.0110645 0.0979603 0.00757885 0.00826016 0.0360403 0.550903 
0.25551 0.0112515 0.0949532 0.00758602 0.00808882 0.0430179 0.579592 
0.25872 0.0107241 0.0864107 0.00780187 0.0062908 0.0377665 0.592286 
0.331237 0.0118507 0.0832553 0.00915988 0.00850325 0.0320265 0.523968 
0.327576 0.0125812 0.0833787 0.0105611 0.00726167 0.040068 0.518573 
0.366921 0.0128325 0.0860574 0.00859733 0.00727109 0.0355406 0.48278 
0.340351 0.0133691 0.0907484 0.0088812 0.00852766 0.0449168 0.493205 
0.360641 0.0121295 0.086321 0.00845055 0.00645754 0.0324482 0.493552 
0.363889 0.0117113 0.0907264 0.0116802 0.00886953 0.0332189 0.479905 
0.312727 0.0111707 0.0893796 0.0106534 0.00770001 0.0319274 0.536442 
0.35088 0.0112401 0.0908107 0.00945004 0.00826457 0.0295788 0.499776 
0.373472 0.0111709 0.0836553 0.00743789 0.00703322 0.0197227 0.497508 
0.450619 0.0125903 0.0697215 0.00733357 0.00438056 0.0148951 0.44046 
0.558187 0.0155863 0.0663621 0.00735566 0.00429283 0.0105224 0.337694 
0.682554 0.0160051 0.0569774 0.0093214 0.00428747 0.0107114 0.220143 
0.656955 0.0167832 0.0542612 0.0107063 0.00604691 0.0101911 0.245056 
0.707601 0.0168 0.0565363 0.0084692 0.00648671 0.00870457 0.195402 
0.724101 0.0152352 0.0485001 0.0142933 0.0106001 0.0119371 0.175333 
0.642067 0.0140154 0.0581087 0.0101679 0.00820662 0.0108904 0.256544 
0.664441 0.0140695 0.0543381 0.0157109 0.0137267 0.0114671 0.226246 
0.718253 0.0142998 0.0520847 0.0151012 0.0137552 0.0113186 0.175187 
0.695646 0.0146076 0.0572608 0.0108092 0.0102877 0.013197 0.198192 
0.740846 0.0166633 0.0520468 0.0118785 0.0103701 0.0132088 0.154987 
0.720324 0.0142202 0.0542499 0.0119082 0.00813602 0.0125998 0.178562 
0.734745 0.0152206 0.0523568 0.012962 0.00986254 0.0154041 0.159449 
0.733913 0.0159462 0.0502587 0.010415 0.0084943 0.0129479 0.168025 
0.677871 0.0144762 0.055376 0.010395 0.00686877 0.0136482 0.221365 
0.617512 0.0136554 0.0656029 0.00991948 0.00494359 0.0116699 0.276697 
0.561086 0.012338 0.0734434 0.00792731 0.00438564 0.0138913 0.326929 
0.594327 0.0117446 0.0744067 0.00992523 0.00658558 0.0135834 0.289427 
0.632131 0.0111012 0.0776367 0.0114256 0.00556684 0.0140388 0.2481 
0.624122 0.0126696 0.0738272 0.0113487 0.00815639 0.0192797 0.250596 
0.566747 0.0103166 0.0889518 0.00907461 0.00578672 0.0169452 0.302178 
0.47612 0.0111159 0.0899095 0.00871622 0.00802662 0.0216311 0.38448 
0.458947 0.0101366 0.0926041 0.00680314 0.0039391 0.0222288 0.405341 
0.382441 0.00957484 0.0999815 0.00815464 0.0037622 0.021376 0.47471 
0.422065 0.00945397 0.0955468 0.00778128 0.00449093 0.0174725 0.44319 
0.373568 0.00960444 0.0977082 0.00848505 0.00655349 0.0190114 0.48507 
0.383473 0.00957462 0.0931852 0.00894378 0.00604688 0.0209979 0.477778 
0.457881 0.00935634 0.099705 0.00702174 0.00560191 0.0205311 0.399903 
0.296679 0.00973707 0.109198 0.0088751 0.0070674 0.0314457 0.536998 
0.480285 0.00974774 0.101149 0.00859615 0.00916496 0.0162129 0.374844 
0.38212 0.00903989 0.106238 0.0129863 0.0105058 0.0173055 0.461804 
0.415442 0.00902219 0.101824 0.0109764 0.0121926 0.0159906 0.434552 
0.297302 0.00962523 0.121227 0.00855079 0.0112004 0.0257611 0.526334 
0.34653 0.00888193 0.113853 0.0147826 0.0130985 0.0206475 0.482206 
0.329889 0.0104082 0.110017 0.0097136 0.00853203 0.0258444 0.505596 
0.17168 0.0107991 0.117186 0.0129023 0.0119519 0.0383723 0.637109 
0.32792 0.0101249 0.10306 0.00769562 0.0106093 0.021913 0.518677 
0.364749 0.0105502 0.104108 0.00806242 0.00834581 0.0239252 0.480259 
0.368764 0.0109067 0.103456 0.0070061 0.0127108 0.0224855 0.474672 
0.399013 0.0101731 0.101861 0.00975501 0.0131803 0.0202291 0.445788 
0.359827 0.0092998 0.114406 0.00624965 0.0100116 0.0193195 0.480886 
0.204041 0.00861905 0.122585 0.0107886 0.0128503 0.0263563 0.61476 
0.342386 0.00930478 0.110867 0.00914257 0.0133929 0.0184742 0.496432 
0.222352 0.0085343 0.127834 0.00745506 0.00772233 0.0282901 0.597812 
0.182395 0.00970505 0.123112 0.010318 0.0146322 0.0393075 0.62053 
0.219789 0.00917206 0.137645 0.00923886 0.0127796 0.0281251 0.583251 
0.204184 0.0105569 0.14626 0.0135268 0.0176816 0.039952 0.567839 
0.23393 0.00994539 0.130582 0.00902453 0.00876413 0.0338384 0.573916 
0.282047 0.00951897 0.120745 0.0098493 0.00912814 0.0280453 0.540666 
0.251023 0.00974553 0.116154 0.00888922 0.00967034 0.035885 0.568633 
0.347317 0.0110397 0.110812 0.00777149 0.00955775 0.0359604 0.477542 
0.30073 0.00989771 0.118708 0.00744025 0.00620079 0.038046 0.518978 
0.227411 0.0104688 0.102722 0.00902304 0.00617403 0.0498669 0.594334 
0.32805 0.0106679 0.104824 0.0076803 0.00683658 0.0376584 0.504283 
0.243882 0.0105542 0.0988433 0.00698544 0.00671551 0.0361999 0.59682 
0.35884 0.0106787 0.0930479 0.00689181 0.00675233 0.0283643 0.495425 
0.229643 0.0100969 0.0956097 0.00848998 0.00771886 0.0339374 0.614504 
0.255856 0.00899491 0.0993063 0.00705683 0.00591141 0.02458 0.598294 
0.205513 0.00872365 0.101588 0.00659853 0.00550572 0.028694 0.643377 
0.372249 0.0086728 0.112869 0.00738941 0.00456967 0.0247069 0.469543 
0.230462 0.0101142 0.117068 0.0121449 0.0102592 0.0384847 0.581467 
0.209563 0.00925832 0.123947 0.00875278 0.00730137 0.0425296 0.598648 
0.235798 0.0104362 0.116186 0.0094032 0.0106733 0.0448445 0.572658 
0.276554 0.00992087 0.119772 0.00981328 0.00853083 0.0346122 0.540796 
0.210099 0.00895912 0.121911 0.00831433 0.00736561 0.036115 0.607236 
0.204943 0.00920163 0.113013 0.00800091 0.00890573 0.0322281 0.623707 
0.246187 0.00969655 0.129718 0.00760805 0.0128937 0.0308422 0.563055 
0.187753 0.00844216 0.145597 0.00812001 0.00924933 0.0363188 0.60452 
0.245214 0.00929574 0.128174 0.00725472 0.00818 0.0366202 0.565261 
0.227202 0.00880613 0.134791 0.00812841 0.00763516 0.0381003 0.575338 
0.0884376 0.00700223 0.171638 0.0130272 0.00771589 0.0742662 0.637912 
0.182681 0.00835204 0.146304 0.00922147 0.00664179 0.0426917 0.604108 
0.125677 0.00943833 0.150336 0.0155476 0.00869274 0.0708582 0.61945 
0.168354 0.00911565 0.136464 0.0105272 0.00930925 0.0462167 0.620013 
0.244156 0.00918068 0.158568 0.00606422 0.00749434 0.0399518 0.534585 
0.0967125 0.0083712 0.129139 0.0114509 0.00698737 0.0611864 0.686153 
0.26374 0.00886824 0.136862 0.00612144 0.00649447 0.029694 0.548219 
0.193985 0.00762469 0.156939 0.00717622 0.0069979 0.0337087 0.593569 
0.191343 0.00845234 0.159213 0.00941673 0.0100438 0.0408978 0.580633 
0.268284 0.00872216 0.161126 0.00938252 0.00723513 0.044063 0.501187 
0.317816 0.00996106 0.143294 0.00914533 0.00973143 0.049242 0.46081 
0.22943 0.00885946 0.126695 0.0077663 0.00663376 0.0495923 0.571024 
0.264446 0.00956154 0.118389 0.00829598 0.00625659 0.0492001 0.54385 
0.355143 0.0111735 0.100547 0.0114261 0.00795913 0.0392472 0.474504 
0.450752 0.0105256 0.105755 0.00596287 0.00641235 0.036144 0.384448 
0.415586 0.0106361 0.10135 0.00764199 0.00612044 0.0418138 0.416852 
0.333251 0.011326 0.0976832 0.0102711 0.00495208 0.0513777 0.491139 
0.373922 0.0104856 0.10661 0.00744624 0.00524613 0.0455692 0.45072 
0.270193 0.0112076 0.099931 0.00786294 0.00586592 0.0522086 0.552731 
0.309723 0.0115254 0.104756 0.0081644 0.00617109 0.0560394 0.503621 
0.273276 0.0113335 0.10489 0.00835721 0.00533373 0.0675833 0.529226 
0.340838 0.0123462 0.0947167 0.00654111 0.0064553 0.047868 0.491234 
0.321512 0.0107554 0.111288 0.00706325 0.00576782 0.0443919 0.499222 
0.194836 0.00967912 0.109089 0.00800884 0.00648552 0.0510881 0.620813 
0.344984 0.00968997 0.110246 0.0065364 0.00427294 0.0378268 0.486443 
0.319218 0.00954133 0.117165 0.00744456 0.0058153 0.0331215 0.507694 
0.348497 0.0094129 0.125805 0.00763903 0.00792246 0.0305226 0.470201 
0.395937 0.0104493 0.115826 0.00959919 0.00812418 0.0381084 0.421956 
0.304926 0.00889009 0.147292 0.00747591 0.00761206 0.0337104 0.490094 
0.264416 0.0127723 0.112296 0.0218443 0.0158776 0.0609839 0.511809 
0.44454 0.0107806 0.123772 0.00801292 0.0110936 0.0383519 0.363449 
0.383515 0.0107259 0.13874 0.0118918 0.010945 0.0423373 0.401844 
0.332181 0.0102686 0.152946 0.0119388 0.0114999 0.0446726 0.436493 
0.30117 0.011491 0.137787 0.0126101 0.0121361 0.0519425 0.472863 
0.388042 0.0103204 0.126655 0.0078503 0.00729903 0.0374837 0.42235 
0.351863 0.0095785 0.129184 0.00640465 0.00426688 0.0413902 0.457312 
0.358305 0.010733 0.110536 0.00864493 0.00703643 0.042351 0.462393 
0.357597 0.00978595 0.12515 0.0070844 0.00713541 0.0367392 0.456509 
0.330458 0.0108089 0.121809 0.00815278 0.010792 0.0456476 0.472332 
0.486273 0.0096756 0.1167 0.0069157 0.00791583 0.0347214 0.337799 
0.439071 0.0103929 0.127172 0.00734136 0.00766283 0.0409723 0.367388 
0.465488 0.0100418 0.120201 0.0076285 0.00905253 0.0388344 0.348754 
0.567896 0.00883923 0.12214 0.00681165 0.00734322 0.0265965 0.260374 
0.378984 0.0116306 0.120284 0.00917548 0.00961797 0.0516902 0.418617 
0.496148 0.00864763 0.123029 0.00506899 0.0077998 0.0238477 0.335459 
0.31722 0.00928353 0.130935 0.0072545 0.00734688 0.0323632 0.495597 
0.263961 0.0104245 0.159093 0.00902504 0.00874679 0.0468078 0.501943 
0.202765 0.0101166 0.134826 0.0096962 0.0078539 0.0537038 0.581039 
0.202748 0.00848975 0.133569 0.00682998 0.0044961 0.0422916 0.601575 
0.258289 0.00978782 0.140903 0.00843665 0.0078145 0.0444137 0.530356 
0.235203 0.00993901 0.1581 0.00818831 0.00907013 0.0443378 0.535162 
0.22709 0.0103952 0.146592 0.00976158 0.00880114 0.0527252 0.544636 
0.343478 0.0103285 0.127962 0.00679205 0.00740343 0.0365225 0.467513 
0.395722 0.0100664 0.131197 0.00656509 0.00618477 0.0377532 0.412511 
0.375248 0.0115957 0.11447 0.00823625 0.0110227 0.05048 0.428948 
0.43223 0.0089415 0.131115 0.00671907 0.00650632 0.0286775 0.385811 
0.363564 0.00856457 0.121026 0.00702952 0.00612596 0.0282375 0.465452 
0.250521 0.00812972 0.144389 0.00845587 0.00594542 0.0311112 0.551447 
0.302329 0.00880698 0.137671 0.00882918 0.00708653 0.0387102 0.496567 
0.267543 0.00837493 0.140657 0.00767272 0.00575713 0.0396906 0.530304 
0.314361 0.00828129 0.137501 0.0075963 0.00576593 0.0348687 0.491626 
0.288416 0.00833275 0.143354 0.00881381 0.00785034 0.0315253 0.511707 
0.299978 0.00858341 0.135393 0.00677194 0.00794456 0.0293058 0.512023 
0.340047 0.00832214 0.138083 0.00726386 0.00739767 0.0298575 0.469029 
0.304608 0.0083052 0.141776 0.00801592 0.00687208 0.0321076 0.498315 
0.315293 0.00837385 0.146251 0.00755383 0.00787913 0.0310197 0.48363 
0.320107 0.00800935 0.153951 0.00658646 0.00713501 0.0332308 0.470981 
0.286165 0.00874453 0.149636 0.00700008 0.00834233 0.0352916 0.504821 
0.293011 0.00858106 0.143012 0.0072276 0.00854316 0.0359502 0.503675 
0.216356 0.00824936 0.156903 0.00782637 0.00810271 0.0357185 0.566844 
0.258397 0.00833727 0.152224 0.00713589 0.00721098 0.0325158 0.534179 
0.279391 0.00879398 0.139845 0.00526486 0.00677083 0.0277688 0.532165 
0.285548 0.00922362 0.141117 0.00604112 0.00547412 0.0346568 0.51794 
0.263614 0.00904545 0.131383 0.006008 0.00487491 0.0324632 0.552612 
0.254528 0.00896258 0.128687 0.00630762 0.00816707 0.0232432 0.570104 
0.268294 0.00892527 0.136002 0.00740364 0.0100477 0.0238435 0.545484 
0.250175 0.00899452 0.130703 0.00740302 0.00845298 0.0302829 0.563988 
0.252811 0.00908598 0.120154 0.00771926 0.0089404 0.0297695 0.57152 
0.236765 0.00950889 0.141815 0.00866842 0.00743437 0.0407477 0.55506 
0.373338 0.00891752 0.126396 0.01221 0.00486986 0.0268059 0.447463 
0.206466 0.00987928 0.141193 0.0135209 0.00716544 0.0464708 0.575304 
0.210848 0.00892621 0.143767 0.00980482 0.00594567 0.039457 0.581252 
0.155185 0.00914511 0.167635 0.0145958 0.00778547 0.0441098 0.601543 
0.152889 0.00800264 0.131555 0.00910923 0.00558199 0.0347129 0.658149 
0.17739 0.00680348 0.149966 0.00662426 0.00336322 0.0197756 0.636078 
0.204105 0.00737804 0.127455 0.00867487 0.00343813 0.0235163 0.625433 
0.429151 0.00759843 0.108899 0.00458085 0.00327075 0.0101353 0.436364 
0.197417 0.00762559 0.142361 0.00691415 0.00455307 0.0285268 0.612602 
0.164416 0.00818815 0.107684 0.00997489 0.0106805 0.0280404 0.671016 
0.16799 0.00759907 0.120172 0.00607992 0.00388742 0.0389769 0.655295 
0.291954 0.00732288 0.106996 0.00383024 0.00231277 0.017255 0.570329 
0.114746 0.0056529 0.129748 0.00584335 0.00288346 0.0267726 0.714354 
0.167056 0.00644694 0.131417 0.00665106 0.00366829 0.0239055 0.660856 
0.467304 0.00803956 0.106869 0.0167938 0.00370987 0.0117632 0.385521 
0.432646 0.00798088 0.115571 0.0478077 0.00690086 0.0184078 0.370685 
0.808601 0.00925971 0.0692737 0.0255604 0.00536063 0.0072477 0.0746969 
0.814417 0.00867857 0.0696172 0.00990767 0.00421981 0.0101083 0.0830515 
0.810226 0.0115234 0.0714184 0.00998826 0.00246535 0.00755084 0.0868281 
0.754766 0.0119781 0.0864036 0.0471766 0.00322244 0.011676 0.084777 
0.670184 0.0111705 0.151743 0.0232067 0.00316297 0.0192734 0.121259 
0.676137 0.00955879 0.155519 0.0121857 0.0048911 0.019138 0.12257 
0.642121 0.00993203 0.156464 0.011625 0.00553222 0.0294263 0.1449 
0.728288 0.00747529 0.167126 0.00820581 0.00287411 0.0128672 0.073163 
0.69932 0.00750052 0.169408 0.0106464 0.00265335 0.0120145 0.0984576 
0.636958 0.00728761 0.15847 0.0110676 0.00385186 0.0168259 0.165539 
0.662447 0.00759579 0.155574 0.0102459 0.00444284 0.014198 0.145496 
0.651262 0.00764311 0.150093 0.015129 0.00609129 0.0217237 0.148058 
0.731708 0.00918781 0.123992 0.00867726 0.00677371 0.0177002 0.101961 
0.746408 0.0132483 0.112643 0.0133269 0.0172205 0.026396 0.0707573 
0.767986 0.0113147 0.0963524 0.0112924 0.0040368 0.0300749 0.0789432 
0.724471 0.0105927 0.112121 0.0188327 0.00479399 0.0353865 0.0938022 
0.780758 0.0142203 0.0932436 0.0191734 0.00847181 0.0224257 0.0617076 
0.763902 0.0103632 0.100767 0.023071 0.00808521 0.0159324 0.0778798 
0.72492 0.0117534 0.10044 0.015119 0.0104893 0.0140818 0.123197 
0.764026 0.0119225 0.0954508 0.0223254 0.0089588 0.0119613 0.0853552 
0.725702 0.0199463 0.0883041 0.0180606 0.0143731 0.0222616 0.111352 
0.775118 0.012266 0.0932361 0.00741428 0.00506554 0.0116582 0.0952421 
0.678288 0.0141542 0.0944149 0.0130739 0.0175629 0.0179761 0.16453 
