0.42832 0.0119904 0.0815052 0.0121712 0.00783959 0.0288922 0.429282 
0.411664 0.00942016 0.102459 0.0107084 0.00495736 0.019668 0.441123 
0.390729 0.00986129 0.11045 0.00763839 0.00548738 0.0214208 0.454413 
0.314747 0.00929839 0.119704 0.00723524 0.00559199 0.0246596 0.518764 
0.35351 0.00980668 0.111029 0.00983458 0.00618176 0.0243414 0.485297 
0.424576 0.0109353 0.0954133 0.00884634 0.0106379 0.0237063 0.425885 
0.387444 0.0100251 0.0901421 0.00469074 0.00825125 0.00848939 0.490957 
0.407373 0.0102883 0.0846825 0.0101296 0.0109743 0.0121907 0.464362 
0.293393 0.00920384 0.0824807 0.00873393 0.0113054 0.0100083 0.584875 
0.383963 0.0104207 0.0783075 0.00760787 0.00993286 0.00706767 0.5027 
0.334336 0.0103062 0.0896339 0.0148029 0.0154407 0.0158071 0.519673 
0.3103 0.00958333 0.0903766 0.00685027 0.00807871 0.0156319 0.559179 
0.372722 0.00982586 0.106291 0.0122696 0.0077979 0.0227923 0.468301 
0.331467 0.00982485 0.10831 0.00913991 0.00923857 0.0193709 0.512649 
0.374624 0.0101428 0.107534 0.0132908 0.0114818 0.0230264 0.4599 
0.424199 0.00832669 0.122025 0.00842252 0.00655577 0.0170849 0.413386 
0.408631 0.00950403 0.107745 0.00965452 0.00820198 0.0182149 0.438049 
0.456463 0.00858831 0.105595 0.019889 0.00894558 0.0141975 0.386322 
0.463653 0.00837184 0.108798 0.0152046 0.00523086 0.0134981 0.385243 
0.650727 0.00860491 0.0955481 0.0252056 0.0067684 0.0142884 0.198857 
0.454896 0.0099533 0.104881 0.0125593 0.00769998 0.0272928 0.382718 
0.636986 0.00931514 0.0875241 0.0124763 0.00840847 0.0181303 0.22716 
0.586599 0.00912302 0.102536 0.00993403 0.00743303 0.0208928 0.263482 
0.340461 0.0125003 0.108915 0.0192448 0.0173034 0.0486701 0.452906 
0.58125 0.00983121 0.0867441 0.0104886 0.00885547 0.0225688 0.280262 
0.651701 0.00933525 0.0947459 0.0152582 0.00664328 0.0214774 0.200839 
0.472209 0.00848683 0.116412 0.010978 0.00575142 0.0230658 0.363097 
0.329401 0.00957569 0.122011 0.0112 0.0105133 0.0366676 0.480631 
0.333152 0.00888133 0.12379 0.00732258 0.00819246 0.02771 0.490952 
0.445052 0.00911355 0.116297 0.00593867 0.00646587 0.0277885 0.389345 
0.353494 0.008859 0.116668 0.00646247 0.00536134 0.0297634 0.479391 
0.179865 0.00925705 0.126113 0.0126136 0.00985094 0.0555896 0.606712 
0.259998 0.00960413 0.112824 0.00822644 0.00536406 0.0433801 0.560604 
0.245991 0.0101986 0.113123 0.00877613 0.00811877 0.0488321 0.56496 
0.214825 0.0102351 0.109526 0.00917875 0.00665747 0.0511904 0.598387 
0.226972 0.0104905 0.116411 0.00872472 0.0085752 0.0494268 0.5794 
0.129274 0.0102921 0.106206 0.010628 0.0090342 0.067189 0.667376 
0.200622 0.010808 0.103116 0.00926527 0.0076325 0.0527652 0.615791 
0.204942 0.0103639 0.111162 0.00820495 0.00632148 0.0483941 0.610612 
0.217291 0.0102659 0.104136 0.00835461 0.0057295 0.0445207 0.609702 
0.174959 0.011122 0.105099 0.00958913 0.00902894 0.0511025 0.639099 
0.206708 0.0120639 0.100784 0.00958529 0.00946355 0.0517626 0.609632 
0.192277 0.0106612 0.0900997 0.00758502 0.00608293 0.0465585 0.646736 
0.288193 0.0110645 0.0979603 0.00757885 0.00826016 0.0360403 0.550903 
0.25551 0.0112515 0.0949532 0.00758602 0.00808882 0.0430179 0.579592 
0.25872 0.0107241 0.0864107 0.00780187 0.0062908 0.0377665 0.592286 
0.331237 0.0118507 0.0832553 0.00915988 0.00850325 0.0320265 0.523968 
0.327576 0.0125812 0.0833787 0.0105611 0.00726167 0.040068 0.518573 
0.366921 0.0128325 0.0860574 0.00859733 0.00727109 0.0355406 0.48278 
0.340351 0.0133691 0.0907484 0.0088812 0.00852766 0.0449168 0.493205 
0.360641 0.0121295 0.086321 0.00845055 0.00645754 0.0324482 0.493552 
0.363889 0.0117113 0.0907264 0.0116802 0.00886953 0.0332189 0.479905 
0.312727 0.0111707 0.0893796 0.0106534 0.00770001 0.0319274 0.536442 
0.35088 0.0112401 0.0908107 0.00945004 0.00826457 0.0295788 0.499776 
0.373472 0.0111709 0.0836553 0.00743789 0.00703322 0.0197227 0.497508 
0.450619 0.0125903 0.0697215 0.00733357 0.00438056 0.0148951 0.44046 
0.558187 0.0155863 0.0663621 0.00735566 0.00429283 0.0105224 0.337694 
0.682554 0.0160051 0.0569774 0.0093214 0.00428747 0.0107114 0.220143 
0.656955 0.0167832 0.0542612 0.0107063 0.00604691 0.0101911 0.245056 
