0.241847 0.44899 0.00623617 0.0628697 0.205182 0.00926397 0.0256107 
0.253665 0.466311 0.00582071 0.0765789 0.164482 0.00848357 0.0246599 
0.242501 0.468222 0.00575932 0.0500377 0.198335 0.0100661 0.0250796 
0.326286 0.277715 0.00841105 0.0583825 0.283088 0.0123151 0.0338028 
0.407567 0.278382 0.00992872 0.0902557 0.169062 0.00815011 0.0366549 
0.394923 0.230102 0.00957115 0.0437669 0.265736 0.0124217 0.0434787 
0.255511 0.13634 0.00757543 0.0384575 0.520447 0.0126194 0.029049 
0.467257 0.274092 0.0109326 0.0619986 0.126981 0.00620026 0.0525391 
0.470901 0.181895 0.00992362 0.0677506 0.206539 0.00889839 0.0540923 
0.520798 0.188616 0.0109547 0.0588753 0.166168 0.00734683 0.0472411 
0.544169 0.1057 0.0100992 0.0572571 0.227098 0.00621858 0.0494584 
0.629881 0.153533 0.0125257 0.053186 0.0812895 0.00463036 0.0649541 
0.645997 0.114761 0.0108849 0.0602873 0.106797 0.00595833 0.0553147 
0.61155 0.112234 0.00950601 0.0839329 0.132714 0.00583877 0.0442236 
0.722554 0.0782969 0.0118958 0.0820588 0.0651686 0.0033902 0.0366359 
0.681425 0.114583 0.0158183 0.0554501 0.0396781 0.00385305 0.0891922 
0.736583 0.101406 0.0207833 0.0280897 0.0258161 0.00366717 0.083654 
0.736229 0.0810971 0.023402 0.0123563 0.0388588 0.00968826 0.0983682 
0.651573 0.0608265 0.0433568 0.00185689 0.00842699 0.0206093 0.21335 
0.3758 0.00731867 0.267859 6.39787E-4 0.00153235 0.249489 0.0973617 
0.58962 0.0118109 0.0992786 0.00336838 0.00218604 0.11447 0.179266 
0.818344 0.0498763 0.0172354 0.0960701 0.00320299 0.0034822 0.0117889 
0.695742 0.131773 0.0205131 0.0183451 0.0206438 0.00295248 0.110031 
0.444338 0.148569 0.0231751 0.0119393 0.0611175 0.00498695 0.305874 
0.511811 0.263169 0.0204506 0.0136416 0.0945177 0.00974805 0.086662 
0.35298 0.400675 0.00819907 0.0219566 0.168234 0.00913641 0.0388192 
0.633302 0.218155 0.0140246 0.0212961 0.0523032 0.00545568 0.055464 
0.660547 0.206997 0.0151585 0.0215563 0.0307821 0.00535014 0.059609 
0.459026 0.399476 0.0106574 0.0118455 0.025941 0.00790649 0.085147 
0.157611 0.675782 0.00569523 0.00339625 0.0712964 0.0153967 0.0708218 
0.178404 0.323076 0.00798976 0.0153605 0.419742 0.0121709 0.043257 
0.123977 0.309612 0.00670003 0.0133173 0.490605 0.011079 0.0447098 
0.087556 0.124857 0.00622365 0.0206711 0.712601 0.0120879 0.0360033 
0.120994 0.333676 0.00814857 0.0339703 0.469154 0.0114652 0.022591 
0.155901 0.303723 0.0169126 0.122811 0.356233 0.0153902 0.0290283 
0.130932 0.48111 0.0194124 0.129505 0.195143 0.0155156 0.0283827 
0.200976 0.2154 0.0166135 0.118084 0.406547 0.0154205 0.0269594 
0.18783 0.548126 0.00977266 0.0930857 0.130692 0.00744596 0.0230474 
0.20367 0.619184 0.00433774 0.0402167 0.107697 0.00480671 0.0200882 
0.143135 0.723421 0.0031093 0.0299817 0.0728852 0.00308841 0.0243796 
0.32456 0.562393 0.00485703 0.0284421 0.0220045 0.00268545 0.0550576 
0.283856 0.56178 0.00471611 0.0360166 0.0734299 0.00370588 0.0364954 
0.36362 0.459031 0.0052415 0.0411851 0.067034 0.00407116 0.0598171 
0.320243 0.441496 0.00563519 0.0269364 0.13591 0.00620092 0.0635787 
0.443354 0.247528 0.00740502 0.0502554 0.201259 0.0092485 0.0409509 
0.316967 0.211643 0.00962509 0.0639539 0.355034 0.0123956 0.0303817 
0.25047 0.12547 0.00977032 0.0549337 0.522855 0.0112259 0.025275 
0.339022 0.20485 0.0097072 0.0703614 0.336426 0.0122284 0.0274052 
0.351188 0.203177 0.0087978 0.061789 0.336859 0.0126119 0.0255768 
0.69154 0.0474464 0.0297752 0.0295455 0.119518 0.029196 0.0529791 
0.262237 0.016015 0.136371 0.110518 0.0172169 0.0575755 0.400067 
0.0914775 0.0143911 0.294551 0.0796278 0.0146105 0.165308 0.340034 
0.122971 0.0167904 0.34794 0.0972731 0.0125649 0.0877572 0.314703 
0.249049 0.0164744 0.182288 0.190567 0.0324579 0.0209039 0.308259 
0.257559 0.0173403 0.179114 0.186647 0.0325235 0.0236923 0.303123 
0.264716 0.0177542 0.180472 0.163873 0.0314493 0.0246787 0.317056 
0.705089 0.0172458 0.0958192 0.0353343 0.0386835 0.0146387 0.093189 
0.692825 0.0172323 0.101963 0.0293544 0.0256164 0.0189645 0.114044 
0.742444 0.0284528 0.0677306 0.031598 0.023831 0.0291355 0.0768085 
0.698728 0.0314215 0.0955203 0.0167538 0.0594597 0.0329349 0.0651817 
0.648296 0.106715 0.0114552 0.0362898 0.119796 0.00542145 0.072026 
0.741357 0.0269954 0.0410582 0.0912816 0.0117011 0.0572107 0.0303957 
0.831976 0.0254925 0.0301689 0.0472405 0.0136576 0.0246755 0.0267894 
0.826272 0.0314881 0.0265605 0.0564397 0.0149369 0.0197657 0.0245366 
0.866896 0.0207858 0.0268216 0.026124 0.0121135 0.00999724 0.0372617 
0.851223 0.0178786 0.0374111 0.02481 0.00481053 0.0131216 0.0507454 
0.863051 0.0174385 0.0337956 0.0232204 0.00778972 0.00926298 0.0454416 
0.876125 0.0195738 0.0338594 0.0187844 0.00511718 0.00877499 0.0377655 
0.861637 0.0197803 0.0319788 0.0226419 0.0073653 0.0140969 0.0424999 
0.859906 0.0236294 0.0329391 0.0199266 0.00791926 0.0163011 0.0393788 
0.860016 0.0204524 0.0346023 0.0170142 0.00723681 0.0134262 0.0472523 
0.861812 0.0255448 0.0313272 0.0137759 0.0121578 0.0145248 0.0408573 
0.856343 0.0256624 0.0313947 0.0131411 0.00903719 0.0182573 0.0461643 
0.85575 0.0255518 0.0325617 0.0102876 0.013745 0.0178892 0.0442144 
0.829926 0.0276589 0.0385101 0.00934831 0.00541076 0.0284212 0.0607246 
0.764605 0.0332103 0.0330776 0.00787501 0.0102315 0.011729 0.139272 
0.558394 0.174112 0.0184027 0.00598352 0.165283 0.020418 0.0574075 
0.708117 0.113487 0.0198294 0.0065472 0.0590196 0.016511 0.0764887 
0.739052 0.0695232 0.0243408 0.0124612 0.0884784 0.0145439 0.0516002 
0.721249 0.0805035 0.0183793 0.0159485 0.0986709 0.0117864 0.0534622 
0.693879 0.056572 0.0162402 0.0187936 0.142029 0.00608837 0.0663982 
0.615136 0.075523 0.0124015 0.0251555 0.211889 0.0062161 0.053679 
0.635098 0.0687085 0.0119551 0.035844 0.190838 0.0056041 0.0519531 
0.608906 0.113067 0.0112422 0.0488362 0.158483 0.00519402 0.0542722 
0.49546 0.16764 0.00967867 0.0847703 0.197224 0.00710592 0.0381213 
0.25369 0.246189 0.0143372 0.133763 0.3082 0.0123671 0.031454 
0.333048 0.273455 0.0115609 0.0808457 0.248847 0.00967432 0.0425697 
0.23601 0.271165 0.0125309 0.0507899 0.367566 0.0124996 0.049438 
0.241865 0.408071 0.0158665 0.00307884 0.0165439 0.0107451 0.30383 
0.191919 0.241306 0.0404038 0.00515887 0.0119331 0.0215135 0.487766 
0.270713 0.194597 0.0359188 0.00386043 0.00935072 0.0181449 0.467415 
0.636006 0.191525 0.0121799 0.00701972 0.0316967 0.0049234 0.11665 
0.151329 0.280811 0.00667255 0.00891064 0.504851 0.0115461 0.0358802 
0.215128 0.242674 0.00938008 0.0118796 0.457495 0.0124182 0.0510252 
0.594907 0.231652 0.0104779 0.00786628 0.0400625 0.00505356 0.109981 
0.553233 0.243299 0.0120049 0.00637179 0.0491669 0.00690765 0.129016 
0.517173 0.267918 0.0104203 0.00630708 0.0774598 0.00828882 0.112433 
0.59527 0.186007 0.0120954 0.00810564 0.0605106 0.00530505 0.132705 
0.629378 0.169604 0.0122833 0.00986287 0.0562615 0.00483439 0.117776 
0.628745 0.184307 0.0110061 0.0102016 0.0594027 0.00625259 0.100086 
0.602371 0.133558 0.0136828 0.0111523 0.0842256 0.00610863 0.148902 
0.538908 0.164325 0.0144705 0.00741819 0.0730713 0.0075417 0.194265 
0.528959 0.166897 0.0130434 0.0100642 0.094432 0.00605848 0.180545 
0.571958 0.15629 0.0124082 0.0114633 0.108608 0.0063987 0.132873 
0.643422 0.134446 0.0127755 0.0141883 0.0639698 0.00570423 0.125494 
0.553421 0.177792 0.0127982 0.00949845 0.0653716 0.00573655 0.175382 
0.595161 0.173012 0.01143 0.0137882 0.092809 0.00559809 0.108202 
0.56681 0.146874 0.0107047 0.0182382 0.170549 0.0071768 0.0796479 
0.553198 0.210916 0.0108001 0.0122185 0.112562 0.00725451 0.0930522 
0.586819 0.194779 0.0102204 0.0189034 0.092109 0.00578306 0.0913863 
0.604431 0.151274 0.0109066 0.0211008 0.103716 0.00562009 0.102952 
0.564146 0.17763 0.0106984 0.0188355 0.122417 0.00629163 0.0999809 
0.593793 0.125798 0.0126247 0.0174255 0.117468 0.00570193 0.12719 
0.563975 0.129228 0.0128175 0.0160331 0.155325 0.00625981 0.116361 
0.575104 0.158022 0.0143974 0.0123054 0.109379 0.00649311 0.124299 
0.624487 0.145596 0.0136151 0.0173834 0.102738 0.00618776 0.0899922 
0.704443 0.00805662 0.0765655 0.0102416 0.00530357 0.00468592 0.190704 
0.490465 0.00927096 0.075624 0.0109174 0.0116442 0.00963561 0.392443 
0.690803 0.0104793 0.0706381 0.00668688 0.00583904 0.00419924 0.211354 
0.578429 0.00919502 0.0740748 0.00833192 0.00640792 0.00552701 0.318034 
0.586713 0.0112861 0.0630975 0.00988255 0.010602 0.00642879 0.31199 
0.520915 0.0257574 0.0430484 0.0137071 0.0379448 0.0041207 0.354506 
0.698023 0.0570748 0.0301458 0.0185208 0.0204164 0.00205078 0.173768 
0.80639 0.0131694 0.0350869 0.0183845 0.00610534 0.00556543 0.115298 
0.799017 0.0148325 0.0342506 0.0175167 0.0095461 0.00347251 0.121364 
0.738562 0.0131476 0.0431539 0.0139524 0.00858816 0.00283733 0.179759 
0.681221 0.023317 0.0385194 0.0133006 0.00756347 0.00308395 0.232995 
0.760014 0.0274096 0.0297564 0.035962 0.0126735 0.0012526 0.132932 
0.760205 0.0167684 0.034054 0.043299 0.0124032 0.00270562 0.130564 
0.712156 0.0153021 0.0460061 0.0234341 0.00694581 0.00295446 0.193201 
0.688771 0.0103897 0.0623067 0.0147874 0.00571609 0.00665689 0.211372 
0.764098 0.00911557 0.0510256 0.0135245 0.00482745 0.00723659 0.150173 
0.724662 0.00741521 0.0658269 0.0112676 0.00365337 0.00565388 0.181521 
0.736102 0.00908752 0.0537875 0.0184874 0.00669589 0.00626735 0.169572 
0.651324 0.0230347 0.0300049 0.0135959 0.0308118 0.00296729 0.248261 
0.68226 0.0647811 0.0164818 0.0104679 0.130631 0.00627506 0.0891024 
0.742411 0.0408947 0.0219568 0.0104046 0.0645354 0.00513991 0.114657 
0.775528 0.0177554 0.0395801 0.0089332 0.0114256 0.00556229 0.141215 
0.823613 0.0141348 0.0346585 0.0150886 0.0109312 0.00550106 0.0960725 
0.6092 0.0104171 0.0629399 0.0150704 0.0153002 0.0101641 0.276908 
0.499105 0.010958 0.0640733 0.00588416 0.00839845 0.00587142 0.405709 
0.641154 0.0103585 0.0567699 0.00660475 0.00701661 0.00613848 0.271958 
0.468797 0.00958615 0.0671766 0.00488526 0.00593161 0.00578002 0.437844 
0.528627 0.00855318 0.0845459 0.00505998 0.00890394 0.0097213 0.354589 
0.616738 0.00859586 0.0780634 0.0075398 0.00889152 0.00831718 0.271854 
0.530477 0.0109381 0.0754818 0.00670687 0.0117301 0.0123806 0.352286 
0.567592 0.0107102 0.0820875 0.00745146 0.0133223 0.0111295 0.307707 
0.606759 0.010126 0.0822551 0.00592764 0.00946483 0.0097344 0.275733 
0.59603 0.00877701 0.090775 0.00524543 0.00801576 0.00966034 0.281497 
0.675666 0.00841044 0.0791002 0.0083513 0.0107182 0.00860792 0.209146 
0.531775 0.00954017 0.091222 0.00534713 0.00780689 0.0110332 0.343276 
0.629277 0.0101099 0.0836931 0.00683913 0.014805 0.00865491 0.246621 
0.644218 0.0104596 0.0763027 0.00635344 0.010814 0.00934646 0.242506 
0.537865 0.00991055 0.0855741 0.00519951 0.00934039 0.0104465 0.341664 
0.506539 0.0113475 0.0759149 0.00643941 0.0140922 0.00955812 0.376109 
0.550447 0.0110065 0.0747696 0.00675627 0.011867 0.00919802 0.335956 
0.532218 0.0120834 0.0737424 0.00631735 0.0118315 0.0115962 0.352212 
0.606598 0.0131397 0.0630933 0.00599997 0.010437 0.0117032 0.289028 
0.612731 0.0126742 0.0656124 0.00604445 0.0122677 0.0102365 0.280434 
0.566636 0.0130943 0.0639247 0.00751833 0.0150728 0.00882891 0.324925 
0.577626 0.0116879 0.0670152 0.00717265 0.0148937 0.0082586 0.313346 
0.541008 0.0123328 0.0670758 0.00580153 0.0135091 0.00835847 0.351914 
0.565928 0.0143899 0.0656486 0.00582462 0.0188673 0.00951761 0.319824 
0.629529 0.0130535 0.0634721 0.00620041 0.0161495 0.00749114 0.264104 
0.507261 0.0137576 0.0651251 0.00582962 0.0148505 0.00678447 0.386392 
0.630659 0.0123715 0.0604735 0.00924176 0.025049 0.00576126 0.256444 
0.561596 0.0119563 0.0680916 0.00742414 0.0220871 0.00611943 0.322725 
0.50782 0.0132545 0.0736549 0.00746442 0.0242018 0.00872504 0.36488 
0.59776 0.0135688 0.0693159 0.0075562 0.0277345 0.0085359 0.275529 
0.633875 0.0141991 0.0594285 0.00976399 0.0241692 0.00945801 0.249106 
0.613328 0.0119738 0.0674049 0.00802538 0.0196009 0.00870675 0.27096 
0.533687 0.013892 0.0727656 0.00846143 0.0281218 0.0107655 0.332306 
0.586589 0.0126672 0.0615972 0.00700101 0.0173358 0.00814431 0.306666 
0.328048 0.00881529 0.152254 0.00875414 0.00418947 0.0259984 0.471941 
0.260986 0.00913366 0.169273 0.0109774 0.00565069 0.0377542 0.506224 
0.295913 0.00875113 0.142577 0.00747292 0.00405619 0.0350644 0.506165 
0.303447 0.00779311 0.156313 0.00633256 0.00341159 0.0249271 0.497776 
0.246651 0.0115297 0.129651 0.010479 0.00779943 0.0678804 0.52601 
0.345302 0.010401 0.12958 0.0072089 0.00598938 0.0355484 0.46597 
0.319219 0.00849993 0.146196 0.00790012 0.00315742 0.0331999 0.481828 
0.339942 0.0100513 0.119404 0.00832104 0.00510709 0.0413635 0.475811 
0.310993 0.00902295 0.11801 0.0044513 0.00362121 0.0211005 0.532801 
0.277024 0.00854597 0.108364 0.00597197 0.00562102 0.0209724 0.5735 
0.608053 0.00941419 0.0906967 0.0033402 0.00322846 0.0135147 0.271753 
0.508021 0.0106962 0.0937284 0.00351754 0.0051748 0.00977466 0.369087 
0.511 0.00875639 0.101903 0.00404379 0.00467823 0.00636908 0.363249 
0.408667 0.00892418 0.115895 0.00435927 0.00433158 0.0162132 0.441609 
0.488694 0.00827341 0.117515 0.00392024 0.00288049 0.0181137 0.360604 
0.425175 0.00858757 0.122338 0.00404277 0.00365454 0.0221092 0.414092 
0.471458 0.00830624 0.116897 0.0047138 0.00311708 0.0163256 0.379182 
0.530678 0.00788371 0.121468 0.00586463 0.00324812 0.0166897 0.314168 
0.415074 0.00839299 0.168635 0.0171836 0.00304076 0.0443895 0.343284 
0.468007 0.00811117 0.12544 0.00740509 0.00336942 0.0257593 0.361908 
0.147267 0.0335799 0.179308 0.451313 0.00567889 0.0143696 0.168484 
0.565247 0.0134961 0.0611822 0.0113736 0.00521886 0.00604213 0.33744 
0.652552 0.0104132 0.0732654 0.0122037 0.00333545 0.011844 0.236386 
0.544073 0.0143726 0.0584556 0.0118386 0.00283082 0.0181241 0.350305 
0.583619 0.0167825 0.0502802 0.0123263 0.00523442 0.00923654 0.322521 
0.203308 0.0130799 0.0695776 0.00327851 0.00784391 0.00985586 0.693057 
0.243019 0.00999421 0.0877174 0.00529858 0.0124323 0.0117458 0.629793 
0.33818 0.0115187 0.0854376 0.00796412 0.0107385 0.0149862 0.531174 
0.287099 0.0138735 0.0685864 0.00490628 0.00805812 0.0106727 0.606804 
0.339812 0.0126863 0.0784866 0.00626765 0.00840915 0.0105422 0.543797 
0.361944 0.0113038 0.0837577 0.00740067 0.00518204 0.00709041 0.523321 
0.374242 0.0111627 0.0834786 0.00859285 0.00360347 0.0078263 0.511094 
0.343609 0.0101925 0.0911291 0.00740598 0.00622304 0.00934666 0.532094 
0.251839 0.00867744 0.109602 0.00685682 0.00443372 0.0140506 0.60454 
0.324691 0.00843201 0.110097 0.00996025 0.00892771 0.0101106 0.527782 
0.524323 0.00764942 0.113609 0.00511943 0.00206452 0.0194191 0.327816 
0.480845 0.00883929 0.109759 0.00475948 0.00406879 0.0180499 0.373678 
0.466403 0.00936713 0.100816 0.00537271 0.00359361 0.0227902 0.391658 
0.433243 0.0224606 0.094177 0.00469348 0.0146134 0.0540573 0.376755 
0.661638 0.0207207 0.0579291 0.00386709 0.00896475 0.0243267 0.222553 
0.632607 0.0146163 0.0676693 0.00395913 0.00529339 0.0188402 0.257015 
0.778506 0.0194125 0.0415559 0.00459445 0.00484066 0.0185228 0.132567 
0.780383 0.0132397 0.0519108 0.00354217 0.00358061 0.0183365 0.129007 
0.676976 0.0144776 0.0495538 0.00631187 0.00691469 0.0230228 0.222744 
0.749869 0.0177615 0.0420035 0.00671822 0.00665386 0.023302 0.153692 
0.73781 0.0258684 0.0370454 0.00602025 0.00819348 0.024658 0.160404 
0.702976 0.0201196 0.0388863 0.00656368 0.0062953 0.0266435 0.198515 
0.725022 0.0193631 0.0376549 0.0103288 0.00947084 0.0272893 0.170871 
0.78945 0.0211297 0.0365262 0.00926071 0.0101172 0.0227846 0.110731 
0.763405 0.022243 0.0380987 0.00957957 0.0112126 0.0277182 0.127743 
0.762533 0.0173379 0.0499657 0.00917536 0.0116184 0.0241158 0.125253 
0.779308 0.0207786 0.0524932 0.00728894 0.0115656 0.0276432 0.100923 
0.780779 0.0294779 0.0503027 0.00355353 0.00610703 0.0451388 0.0846413 
0.756729 0.0237033 0.0591355 0.00871425 0.00817467 0.0720093 0.071534 
0.775193 0.0184561 0.0647138 0.00712289 0.00736059 0.0475093 0.0796447 
0.668592 0.0147723 0.0871561 0.00463345 0.00463835 0.0672315 0.152977 
0.426623 0.0144935 0.129847 0.00472058 0.0142664 0.0750708 0.334979 
0.763236 0.0113465 0.082008 0.00896381 0.00669358 0.0169104 0.110842 
0.652058 0.010444 0.0892903 0.00878275 0.00778809 0.0204352 0.211202 
0.676315 0.00936775 0.0880286 0.0112871 0.0126651 0.0072721 0.195064 
0.662453 0.00962553 0.0903248 0.00816709 0.00742963 0.0100062 0.211994 
0.716717 0.0101856 0.0810906 0.00714361 0.00851917 0.00867717 0.167667 
0.677329 0.00710501 0.102687 0.0137759 0.00742095 0.00763377 0.184049 
0.517255 0.00733154 0.135849 0.00839361 0.00532645 0.0151327 0.310711 
0.7179 0.0073696 0.0950293 0.0198365 0.00715362 0.00777669 0.144934 
0.679226 0.0136847 0.0545457 0.00920898 0.013074 0.00444897 0.225812 
0.796423 0.0380749 0.0205706 0.0289606 0.0282685 0.00184704 0.0858552 
0.778579 0.0411138 0.0208134 0.0258646 0.0250548 0.00245292 0.106121 
0.663631 0.12604 0.0108608 0.0394513 0.0621131 0.00382018 0.0940833 
0.386735 0.175423 0.0105558 0.020315 0.270972 0.0107406 0.125259 
0.410792 0.462037 0.00507147 0.0558716 0.038659 0.00348072 0.0240885 
0.398199 0.398776 0.00555396 0.043457 0.0960808 0.00482111 0.0531126 
0.204265 0.516093 0.00591828 0.0414198 0.166884 0.00674386 0.0586765 
0.399185 0.360191 0.00532546 0.0559606 0.124267 0.00547959 0.0495905 
0.269484 0.590646 0.00282201 0.0426935 0.0469526 0.00376399 0.0436376 
0.401466 0.482357 0.00391391 0.0431237 0.0321774 0.00401233 0.0329499 
0.446785 0.482541 0.00381413 0.020045 0.0214936 0.00366733 0.0216545 
0.00217644 0.00301251 0.991668 3.77497E-4 2.43382E-4 5.33493E-4 0.00198846 
0.337319 0.0557627 0.104401 0.0766969 0.171851 0.031763 0.222206 
0.0543665 0.617454 0.0162118 0.28844 0.0170303 0.00279465 0.00370237 
0.0742748 0.240215 0.075843 0.209286 0.270119 0.0839661 0.0462964 
0.196993 0.00616121 0.370782 0.0096568 0.00966991 0.0234495 0.383288 
0.169449 0.0076983 0.273075 0.00992275 0.0119903 0.0215506 0.506314 
0.300833 0.0229073 0.0760004 0.00752898 0.0321356 0.00641294 0.554182 
0.332508 0.0165462 0.0762899 0.00543179 0.00888833 0.00666555 0.55367 
0.34301 0.0252866 0.0527042 0.0203193 0.0101719 0.00282547 0.545682 
0.195015 0.41471 0.00994605 0.0488445 0.0721128 0.0063288 0.253043 
0.40953 0.19602 0.0113937 0.118467 0.0963079 0.00511069 0.163171 
0.391334 0.132686 0.0105629 0.110311 0.185123 0.00793586 0.162046 
0.430193 0.107557 0.014408 0.0943665 0.0830145 0.0059045 0.264557 
0.763236 0.0113465 0.082008 0.00896381 0.00669358 0.0169104 0.110842 
0.652058 0.010444 0.0892903 0.00878275 0.00778809 0.0204352 0.211202 
0.676315 0.00936775 0.0880286 0.0112871 0.0126651 0.0072721 0.195064 
0.662453 0.00962553 0.0903248 0.00816709 0.00742963 0.0100062 0.211994 
0.716717 0.0101856 0.0810906 0.00714361 0.00851917 0.00867717 0.167667 
0.677329 0.00710501 0.102687 0.0137759 0.00742095 0.00763377 0.184049 
0.517255 0.00733154 0.135849 0.00839361 0.00532645 0.0151327 0.310711 
0.7179 0.0073696 0.0950293 0.0198365 0.00715362 0.00777669 0.144934 
0.679226 0.0136847 0.0545457 0.00920898 0.013074 0.00444897 0.225812 
0.796423 0.0380749 0.0205706 0.0289606 0.0282685 0.00184704 0.0858552 
0.778579 0.0411138 0.0208134 0.0258646 0.0250548 0.00245292 0.106121 
0.663631 0.12604 0.0108608 0.0394513 0.0621131 0.00382018 0.0940833 
0.386735 0.175423 0.0105558 0.020315 0.270972 0.0107406 0.125259 
0.410792 0.462037 0.00507147 0.0558716 0.038659 0.00348072 0.0240885 
0.398199 0.398776 0.00555396 0.043457 0.0960808 0.00482111 0.0531126 
0.204265 0.516093 0.00591828 0.0414198 0.166884 0.00674386 0.0586765 
0.399185 0.360191 0.00532546 0.0559606 0.124267 0.00547959 0.0495905 
0.269484 0.590646 0.00282201 0.0426935 0.0469526 0.00376399 0.0436376 
0.401466 0.482357 0.00391391 0.0431237 0.0321774 0.00401233 0.0329499 
0.446785 0.482541 0.00381413 0.020045 0.0214936 0.00366733 0.0216545 
0.00217644 0.00301251 0.991668 3.77497E-4 2.43382E-4 5.33493E-4 0.00198846 
0.337319 0.0557627 0.104401 0.0766969 0.171851 0.031763 0.222206 
0.0543665 0.617454 0.0162118 0.28844 0.0170303 0.00279465 0.00370237 
0.0742748 0.240215 0.075843 0.209286 0.270119 0.0839661 0.0462964 
0.196993 0.00616121 0.370782 0.0096568 0.00966991 0.0234495 0.383288 
0.169449 0.0076983 0.273075 0.00992275 0.0119903 0.0215506 0.506314 
0.300833 0.0229073 0.0760004 0.00752898 0.0321356 0.00641294 0.554182 
0.332508 0.0165462 0.0762899 0.00543179 0.00888833 0.00666555 0.55367 
0.34301 0.0252866 0.0527042 0.0203193 0.0101719 0.00282547 0.545682 
0.195015 0.41471 0.00994605 0.0488445 0.0721128 0.0063288 0.253043 
0.40953 0.19602 0.0113937 0.118467 0.0963079 0.00511069 0.163171 
0.391334 0.132686 0.0105629 0.110311 0.185123 0.00793586 0.162046 
0.430193 0.107557 0.014408 0.0943665 0.0830145 0.0059045 0.264557 
0.172016 0.00843916 0.162525 0.00961738 0.0095619 0.0355741 0.602267 
0.164365 0.00930852 0.172978 0.0105811 0.0142105 0.0425888 0.585968 
0.220761 0.00891916 0.163115 0.0108388 0.0102882 0.0341783 0.551899 
0.34439 0.00903606 0.144153 0.00699095 0.00882632 0.0238419 0.462762 
0.207485 0.00930582 0.150819 0.00935973 0.00772136 0.0451075 0.570202 
0.51227 0.0125149 0.0887913 0.00562502 0.00674929 0.0142998 0.35975 
0.486661 0.0108192 0.0946465 0.00649124 0.00461387 0.0159544 0.380814 
0.650703 0.0115813 0.0774572 0.0104224 0.00571751 0.012979 0.231139 
0.682875 0.017204 0.0523168 0.0184893 0.00732537 0.00734063 0.214449 
0.73635 0.0545374 0.0170188 0.0921669 0.0220891 0.00404371 0.0737944 
0.728655 0.0411086 0.0248266 0.0766401 0.0330224 0.0153401 0.0804075 
0.710897 0.0258899 0.0232332 0.056092 0.0318437 0.00588255 0.146162 
0.765182 0.0277359 0.0391169 0.0686334 0.0179365 0.0203922 0.0610031 
0.750686 0.0227751 0.0309646 0.0791347 0.021386 0.00955651 0.0854973 
0.720564 0.0269638 0.014287 0.126073 0.0392525 0.00293435 0.0699251 
0.706851 0.0358679 0.0316828 0.120297 0.0289817 0.0256705 0.0506497 
0.692221 0.0281729 0.0480307 0.108539 0.0121142 0.0672954 0.0436266 
0.794421 0.0365913 0.0328822 0.032176 0.0209705 0.0344877 0.0484715 
0.736034 0.0399211 0.0169477 0.0274302 0.0869948 0.00562358 0.0870487 
0.764769 0.0500311 0.0244878 0.0217344 0.0723975 0.00866139 0.0579193 
0.776164 0.0622201 0.0186283 0.0259953 0.0623598 0.00828694 0.0463459 
0.854714 0.0346646 0.0194955 0.0234421 0.0188139 0.00805131 0.0408186 
0.800154 0.0211965 0.0326225 0.0229939 0.0220183 0.014538 0.0864768 
0.826514 0.0248323 0.0301283 0.0207829 0.0176342 0.0140154 0.0660926 
0.81403 0.0205402 0.0365184 0.020715 0.0217861 0.015179 0.071231 
0.792302 0.0202544 0.0421983 0.0159359 0.0215346 0.0200341 0.0877404 
0.829272 0.0189166 0.0391845 0.0145744 0.0182169 0.0146249 0.0652106 
0.816802 0.0191049 0.0456567 0.0111579 0.0100587 0.015876 0.0813433 
0.805771 0.0171541 0.041876 0.0175734 0.0111366 0.0177499 0.0887388 
0.795923 0.0168031 0.045999 0.0106235 0.00850441 0.0170162 0.10513 
0.752915 0.0164347 0.0488153 0.0139868 0.00990277 0.0235064 0.134439 
0.740552 0.013808 0.0568863 0.00971905 0.00693315 0.023613 0.148488 
0.786369 0.0130474 0.0513259 0.011388 0.00736994 0.0195815 0.110919 
0.726885 0.0133065 0.0541013 0.00947976 0.00719745 0.0196161 0.169414 
0.696246 0.012351 0.0611892 0.0107113 0.00850072 0.0204192 0.190583 
0.662464 0.0130311 0.0670117 0.0096247 0.00714488 0.0240341 0.21669 
0.59267 0.0122105 0.0730682 0.0130731 0.0084689 0.0267236 0.273785 
0.542959 0.0097907 0.0800496 0.0148074 0.00718687 0.0190177 0.326189 
0.571852 0.00981082 0.0792639 0.0145747 0.00594442 0.024524 0.29403 
0.629227 0.00926161 0.0742415 0.0148195 0.00844418 0.0152267 0.24878 
0.746119 0.0168111 0.0482157 0.0154822 0.00594234 0.005943 0.161487 
0.67517 0.0152352 0.052284 0.0184929 0.00784766 0.00929673 0.221674 
0.679236 0.0137892 0.0549767 0.0216187 0.00938131 0.0101235 0.210875 
0.725094 0.014721 0.0527159 0.0268516 0.00989727 0.0126513 0.158069 
0.743181 0.0136904 0.0476735 0.03019 0.0179101 0.01217 0.135185 
0.687541 0.0162721 0.0511454 0.0246476 0.0206012 0.0162905 0.183502 
0.723978 0.0310768 0.0361069 0.0296221 0.0340389 0.0239966 0.121181 
0.684631 0.0264773 0.038655 0.0551895 0.035334 0.0179365 0.141776 
0.71712 0.0316646 0.035969 0.0664944 0.0227773 0.0221294 0.103845 
0.718866 0.0272166 0.0378081 0.0476372 0.0131792 0.0184775 0.136815 
0.758115 0.0260673 0.0415926 0.0389042 0.0110978 0.0140279 0.110195 
0.781529 0.0291667 0.0424337 0.0493788 0.0104213 0.0147519 0.0723185 
0.792338 0.0195039 0.0476927 0.0365676 0.012289 0.0137929 0.0778158 
0.798027 0.0187366 0.0421898 0.0166204 0.0119105 0.0150735 0.097442 
0.818488 0.0193801 0.0399835 0.0269904 0.0197426 0.00924277 0.0661726 
0.795913 0.0185385 0.0486396 0.0155354 0.0161234 0.0144107 0.0908392 
0.794657 0.0177554 0.0440831 0.0289403 0.0207017 0.0113835 0.0824789 
0.784718 0.0188128 0.0397338 0.0351404 0.0187213 0.00722535 0.0956487 
0.737076 0.0217834 0.0303702 0.0505424 0.0295295 0.0100215 0.120677 
0.75628 0.018391 0.0377949 0.0360425 0.0194716 0.00848457 0.123535 
0.798223 0.0212057 0.030802 0.0378846 0.025763 0.00992843 0.0761937 
0.776354 0.019409 0.0405858 0.0228279 0.0171406 0.0114878 0.112195 
0.731294 0.0176108 0.0392983 0.0486588 0.0327085 0.014227 0.116202 
0.82192 0.0218931 0.0386686 0.028043 0.0134314 0.00861068 0.0674328 
0.758518 0.0194959 0.0385067 0.0589369 0.0210334 0.013845 0.0896639 
0.697523 0.0179738 0.0358196 0.124251 0.0265574 0.0111677 0.0867075 
0.745967 0.0171388 0.0462509 0.0536427 0.0126822 0.0125088 0.11181 
0.726595 0.0179129 0.0375852 0.0729909 0.0249259 0.0113496 0.10864 
0.661298 0.016346 0.0448477 0.100694 0.011486 0.0158647 0.149464 
0.669277 0.0166928 0.0455341 0.0626906 0.0105632 0.0158721 0.17937 
0.689996 0.0147636 0.0635971 0.0209942 0.00922596 0.0138847 0.187538 
0.669871 0.0171307 0.0446064 0.0570422 0.0232568 0.0205191 0.167574 
0.79495 0.0195174 0.0430189 0.0308399 0.0125343 0.0122377 0.0869017 
0.780992 0.0194436 0.0533582 0.0255857 0.00903495 0.0157609 0.095825 
0.755576 0.0170705 0.0506608 0.0338053 0.0149985 0.0167932 0.111096 
0.745154 0.0162382 0.0595879 0.0165793 0.00825596 0.0220412 0.132143 
0.723732 0.0156133 0.0596447 0.0242146 0.0113439 0.0158342 0.149617 
0.638921 0.0151232 0.0709434 0.0176284 0.0139874 0.020114 0.223282 
0.592293 0.0125149 0.0756072 0.0206662 0.0127325 0.0214345 0.264752 
0.63639 0.0127453 0.090257 0.0180034 0.00457519 0.0201063 0.217922 
0.40754 0.0149439 0.105909 0.0167733 0.025409 0.0508646 0.37856 
0.681305 0.012538 0.0684783 0.0113778 0.00861975 0.0114198 0.206261 
0.576894 0.0120607 0.0779642 0.0105024 0.00586427 0.019979 0.296735 
0.531397 0.0109786 0.0901615 0.0102412 0.00987743 0.0243713 0.322973 
0.281473 0.0126422 0.111181 0.021182 0.0313374 0.0424267 0.499757 
0.627155 0.0107379 0.0896055 0.0167461 0.0138538 0.0144443 0.227457 
0.481585 0.0122279 0.0916786 0.0193522 0.00917218 0.0284264 0.357558 
0.627485 0.0128789 0.0664653 0.0282771 0.0101386 0.0210089 0.233747 
0.669179 0.0115264 0.0868902 0.0116957 0.00843511 0.0252764 0.186997 
0.592554 0.0156789 0.069634 0.011841 0.0102041 0.0282756 0.271812 
0.628837 0.012647 0.071921 0.0186142 0.00722992 0.0215895 0.239162 
0.563408 0.0124869 0.0821705 0.023728 0.0108884 0.0220428 0.285275 
0.57007 0.0113157 0.0880327 0.0105939 0.00648309 0.0262715 0.287233 
0.557271 0.0110328 0.0917779 0.0100346 0.00613803 0.0285215 0.295224 
0.621856 0.00975877 0.0907794 0.0148927 0.00643975 0.0186885 0.237585 
0.646381 0.0101986 0.0884732 0.0135075 0.00689532 0.0204596 0.214085 
0.555167 0.0105976 0.0971616 0.0111753 0.00626753 0.0236177 0.296013 
0.582115 0.0116119 0.095203 0.0115563 0.0096029 0.0294895 0.260421 
0.63584 0.010383 0.0910853 0.0137409 0.0067684 0.0294502 0.212732 
0.646464 0.0112742 0.0837066 0.0147609 0.00956409 0.0276684 0.206562 
0.653837 0.0114438 0.0814239 0.0108021 0.00665883 0.0280626 0.207771 
0.640151 0.0111777 0.0807634 0.0129652 0.00990641 0.0267994 0.218237 
0.615198 0.0114235 0.0803802 0.0110821 0.0103594 0.0253636 0.246193 
0.613576 0.0115273 0.0766881 0.0104177 0.0101857 0.0252013 0.252404 
0.674118 0.0126122 0.0702821 0.0107877 0.00999434 0.0237423 0.198463 
0.707212 0.0120248 0.0669955 0.0142171 0.0125584 0.0218508 0.165141 
