0.859577 0.0272952 0.0495886 0.00822008 0.00641074 0.0158143 0.0330939 
0.841097 0.0279312 0.0506711 0.0107675 0.00739574 0.024908 0.0372292 
0.860805 0.0265556 0.0462585 0.00946494 0.00781013 0.0185952 0.0305104 
0.83655 0.0206242 0.0520377 0.0141352 0.00909487 0.0234417 0.0441164 
0.849648 0.0246429 0.0515058 0.00871567 0.00845894 0.0192363 0.037792 
0.841915 0.0205572 0.0548802 0.00604796 0.0111957 0.0198813 0.0455227 
0.839564 0.0192528 0.0600209 0.00651324 0.0075496 0.0159103 0.0511892 
0.828662 0.0175077 0.0611597 0.00575179 0.00723677 0.0162583 0.0634237 
0.835834 0.0174794 0.0510732 0.00572247 0.00580972 0.0145649 0.0695165 
0.862452 0.0170667 0.0524015 0.00684713 0.00662076 0.0118778 0.0427338 
0.854502 0.01593 0.052117 0.00734029 0.0068059 0.0149437 0.0483609 
0.861806 0.0171692 0.0498283 0.00954063 0.00741868 0.0105108 0.0437261 
0.807108 0.0170836 0.0585759 0.00559561 0.00579254 0.021846 0.0839985 
0.838428 0.0186693 0.0529061 0.00711374 0.00623521 0.0171861 0.0594614 
0.83986 0.0178048 0.0502049 0.00571053 0.00722976 0.0215185 0.0576711 
0.838027 0.0167483 0.051909 0.00696479 0.00738863 0.0216417 0.0573203 
0.825173 0.0193986 0.0520478 0.00606719 0.00513989 0.0249264 0.0672474 
0.784917 0.0171695 0.0525221 0.00556248 0.00403479 0.0154265 0.120368 
0.773283 0.0150576 0.0551885 0.00553552 0.00401873 0.0144829 0.132434 
0.780967 0.0126833 0.0608378 0.00516615 0.00354957 0.0169017 0.119894 
0.80655 0.0138681 0.0545652 0.00492578 0.00486024 0.0137848 0.101446 
0.846442 0.0198226 0.0443747 0.00559035 0.00742951 0.0124506 0.0638904 
0.703224 0.0187522 0.0928237 0.00325325 0.00907936 0.0183823 0.154485 
0.744481 0.0143968 0.0812061 0.00319629 0.00434584 0.0175458 0.134828 
0.557226 0.0456864 0.0833657 0.00290953 0.0204228 0.0968399 0.193549 
0.501986 0.0175501 0.115096 0.00248499 0.00528513 0.0828768 0.274721 
0.460455 0.0124052 0.168778 0.00273094 0.00474847 0.128154 0.222728 
0.436728 0.0175175 0.126989 0.00260479 0.00601602 0.159353 0.250791 
0.449247 0.0249582 0.101143 0.00349831 0.0121533 0.187137 0.221863 
0.422075 0.0202191 0.0888081 0.00253857 0.00599569 0.21109 0.249273 
0.155677 0.0193773 0.108129 0.00796164 0.0180603 0.479893 0.210902 
0.270009 0.020641 0.0829781 0.0051862 0.0100725 0.237984 0.37313 
0.285725 0.0525896 0.07604 0.0100245 0.0523798 0.248404 0.274838 
0.418003 0.107865 0.0585978 0.0050509 0.0586149 0.225866 0.126003 
0.307746 0.0700292 0.110122 0.0146559 0.118867 0.147199 0.231381 
0.338248 0.0515954 0.0994019 0.0131478 0.0978631 0.0645427 0.335201 
0.55091 0.0444319 0.0728951 0.00514223 0.0275856 0.0260961 0.272939 
0.178243 0.0357861 0.0951418 0.0051692 0.0236285 0.0246252 0.637406 
0.369571 0.0196046 0.114442 0.00495895 0.0193435 0.0103953 0.461685 
0.559199 0.0164553 0.116028 0.00597489 0.0173815 0.00947511 0.275487 
0.753771 0.0649099 0.0472639 0.0111152 0.048101 0.0134947 0.0613441 
0.709954 0.0894543 0.0345987 0.012503 0.059342 0.00873604 0.0854118 
0.679336 0.0356892 0.0355234 0.0180189 0.042063 0.00655658 0.182813 
0.303561 0.115062 0.0158706 0.0704863 0.142047 0.00718497 0.345788 
0.375891 0.122523 0.0177559 0.0292777 0.216011 0.00785531 0.230686 
0.494375 0.164166 0.0130426 0.0206345 0.178163 0.00785263 0.121767 
0.728701 0.127183 0.00957305 0.0574705 0.044004 0.00618694 0.0268818 
0.772543 0.0901148 0.017519 0.0340211 0.00650203 0.00989529 0.069405 
0.760006 0.106631 0.0153472 0.0508245 0.0054973 0.00413714 0.0575569 
0.486657 0.251892 0.0095549 0.0200089 0.0599915 0.00329693 0.168599 
0.198749 0.234561 0.0174648 0.0314266 0.319289 0.0151266 0.183382 
0.387405 0.356371 0.00743378 0.0403066 0.0998225 0.00450109 0.10416 
0.423865 0.342864 0.00743798 0.0488743 0.106675 0.00512834 0.065156 
0.501506 0.26806 0.00820765 0.0756024 0.091897 0.00472861 0.0499978 
0.480839 0.147442 0.0124047 0.0838447 0.14152 0.00706942 0.12688 
0.61671 0.192286 0.0111083 0.0632445 0.0331092 0.00197671 0.0815655 
0.285548 0.00922362 0.141117 0.00604112 0.00547412 0.0346568 0.51794 
0.263614 0.00904545 0.131383 0.006008 0.00487491 0.0324632 0.552612 
0.254528 0.00896258 0.128687 0.00630762 0.00816707 0.0232432 0.570104 
0.268294 0.00892527 0.136002 0.00740364 0.0100477 0.0238435 0.545484 
0.250175 0.00899452 0.130703 0.00740302 0.00845298 0.0302829 0.563988 
0.252811 0.00908598 0.120154 0.00771926 0.0089404 0.0297695 0.57152 
0.236765 0.00950889 0.141815 0.00866842 0.00743437 0.0407477 0.55506 
0.373338 0.00891752 0.126396 0.01221 0.00486986 0.0268059 0.447463 
0.206466 0.00987928 0.141193 0.0135209 0.00716544 0.0464708 0.575304 
0.210848 0.00892621 0.143767 0.00980482 0.00594567 0.039457 0.581252 
0.155185 0.00914511 0.167635 0.0145958 0.00778547 0.0441098 0.601543 
0.152889 0.00800264 0.131555 0.00910923 0.00558199 0.0347129 0.658149 
0.17739 0.00680348 0.149966 0.00662426 0.00336322 0.0197756 0.636078 
0.204105 0.00737804 0.127455 0.00867487 0.00343813 0.0235163 0.625433 
0.429151 0.00759843 0.108899 0.00458085 0.00327075 0.0101353 0.436364 
0.197417 0.00762559 0.142361 0.00691415 0.00455307 0.0285268 0.612602 
0.164416 0.00818815 0.107684 0.00997489 0.0106805 0.0280404 0.671016 
0.16799 0.00759907 0.120172 0.00607992 0.00388742 0.0389769 0.655295 
0.291954 0.00732288 0.106996 0.00383024 0.00231277 0.017255 0.570329 
0.114746 0.0056529 0.129748 0.00584335 0.00288346 0.0267726 0.714354 
0.167056 0.00644694 0.131417 0.00665106 0.00366829 0.0239055 0.660856 
0.467304 0.00803956 0.106869 0.0167938 0.00370987 0.0117632 0.385521 
0.432646 0.00798088 0.115571 0.0478077 0.00690086 0.0184078 0.370685 
0.808601 0.00925971 0.0692737 0.0255604 0.00536063 0.0072477 0.0746969 
0.814417 0.00867857 0.0696172 0.00990767 0.00421981 0.0101083 0.0830515 
0.810226 0.0115234 0.0714184 0.00998826 0.00246535 0.00755084 0.0868281 
0.754766 0.0119781 0.0864036 0.0471766 0.00322244 0.011676 0.084777 
0.670184 0.0111705 0.151743 0.0232067 0.00316297 0.0192734 0.121259 
0.676137 0.00955879 0.155519 0.0121857 0.0048911 0.019138 0.12257 
0.642121 0.00993203 0.156464 0.011625 0.00553222 0.0294263 0.1449 
0.728288 0.00747529 0.167126 0.00820581 0.00287411 0.0128672 0.073163 
0.69932 0.00750052 0.169408 0.0106464 0.00265335 0.0120145 0.0984576 
0.636958 0.00728761 0.15847 0.0110676 0.00385186 0.0168259 0.165539 
0.662447 0.00759579 0.155574 0.0102459 0.00444284 0.014198 0.145496 
0.651262 0.00764311 0.150093 0.015129 0.00609129 0.0217237 0.148058 
0.731708 0.00918781 0.123992 0.00867726 0.00677371 0.0177002 0.101961 
0.746408 0.0132483 0.112643 0.0133269 0.0172205 0.026396 0.0707573 
0.767986 0.0113147 0.0963524 0.0112924 0.0040368 0.0300749 0.0789432 
0.724471 0.0105927 0.112121 0.0188327 0.00479399 0.0353865 0.0938022 
0.780758 0.0142203 0.0932436 0.0191734 0.00847181 0.0224257 0.0617076 
0.763902 0.0103632 0.100767 0.023071 0.00808521 0.0159324 0.0778798 
0.72492 0.0117534 0.10044 0.015119 0.0104893 0.0140818 0.123197 
0.764026 0.0119225 0.0954508 0.0223254 0.0089588 0.0119613 0.0853552 
0.725702 0.0199463 0.0883041 0.0180606 0.0143731 0.0222616 0.111352 
0.775118 0.012266 0.0932361 0.00741428 0.00506554 0.0116582 0.0952421 
0.678288 0.0141542 0.0944149 0.0130739 0.0175629 0.0179761 0.16453 
