0.707601 0.0168 0.0565363 0.0084692 0.00648671 0.00870457 0.195402 
0.724101 0.0152352 0.0485001 0.0142933 0.0106001 0.0119371 0.175333 
0.642067 0.0140154 0.0581087 0.0101679 0.00820662 0.0108904 0.256544 
0.664441 0.0140695 0.0543381 0.0157109 0.0137267 0.0114671 0.226246 
0.718253 0.0142998 0.0520847 0.0151012 0.0137552 0.0113186 0.175187 
0.695646 0.0146076 0.0572608 0.0108092 0.0102877 0.013197 0.198192 
0.740846 0.0166633 0.0520468 0.0118785 0.0103701 0.0132088 0.154987 
0.720324 0.0142202 0.0542499 0.0119082 0.00813602 0.0125998 0.178562 
0.734745 0.0152206 0.0523568 0.012962 0.00986254 0.0154041 0.159449 
0.733913 0.0159462 0.0502587 0.010415 0.0084943 0.0129479 0.168025 
0.677871 0.0144762 0.055376 0.010395 0.00686877 0.0136482 0.221365 
0.617512 0.0136554 0.0656029 0.00991948 0.00494359 0.0116699 0.276697 
0.561086 0.012338 0.0734434 0.00792731 0.00438564 0.0138913 0.326929 
0.594327 0.0117446 0.0744067 0.00992523 0.00658558 0.0135834 0.289427 
0.632131 0.0111012 0.0776367 0.0114256 0.00556684 0.0140388 0.2481 
0.624122 0.0126696 0.0738272 0.0113487 0.00815639 0.0192797 0.250596 
0.566747 0.0103166 0.0889518 0.00907461 0.00578672 0.0169452 0.302178 
0.47612 0.0111159 0.0899095 0.00871622 0.00802662 0.0216311 0.38448 
0.458947 0.0101366 0.0926041 0.00680314 0.0039391 0.0222288 0.405341 
0.382441 0.00957484 0.0999815 0.00815464 0.0037622 0.021376 0.47471 
0.422065 0.00945397 0.0955468 0.00778128 0.00449093 0.0174725 0.44319 
0.373568 0.00960444 0.0977082 0.00848505 0.00655349 0.0190114 0.48507 
0.383473 0.00957462 0.0931852 0.00894378 0.00604688 0.0209979 0.477778 
0.457881 0.00935634 0.099705 0.00702174 0.00560191 0.0205311 0.399903 
0.296679 0.00973707 0.109198 0.0088751 0.0070674 0.0314457 0.536998 
0.480285 0.00974774 0.101149 0.00859615 0.00916496 0.0162129 0.374844 
0.38212 0.00903989 0.106238 0.0129863 0.0105058 0.0173055 0.461804 
0.415442 0.00902219 0.101824 0.0109764 0.0121926 0.0159906 0.434552 
0.297302 0.00962523 0.121227 0.00855079 0.0112004 0.0257611 0.526334 
0.34653 0.00888193 0.113853 0.0147826 0.0130985 0.0206475 0.482206 
0.329889 0.0104082 0.110017 0.0097136 0.00853203 0.0258444 0.505596 
0.17168 0.0107991 0.117186 0.0129023 0.0119519 0.0383723 0.637109 
0.32792 0.0101249 0.10306 0.00769562 0.0106093 0.021913 0.518677 
0.364749 0.0105502 0.104108 0.00806242 0.00834581 0.0239252 0.480259 
0.368764 0.0109067 0.103456 0.0070061 0.0127108 0.0224855 0.474672 
0.399013 0.0101731 0.101861 0.00975501 0.0131803 0.0202291 0.445788 
0.359827 0.0092998 0.114406 0.00624965 0.0100116 0.0193195 0.480886 
0.204041 0.00861905 0.122585 0.0107886 0.0128503 0.0263563 0.61476 
0.342386 0.00930478 0.110867 0.00914257 0.0133929 0.0184742 0.496432 
0.222352 0.0085343 0.127834 0.00745506 0.00772233 0.0282901 0.597812 
0.182395 0.00970505 0.123112 0.010318 0.0146322 0.0393075 0.62053 
0.219789 0.00917206 0.137645 0.00923886 0.0127796 0.0281251 0.583251 
0.204184 0.0105569 0.14626 0.0135268 0.0176816 0.039952 0.567839 
0.23393 0.00994539 0.130582 0.00902453 0.00876413 0.0338384 0.573916 
0.282047 0.00951897 0.120745 0.0098493 0.00912814 0.0280453 0.540666 
0.251023 0.00974553 0.116154 0.00888922 0.00967034 0.035885 0.568633 
0.347317 0.0110397 0.110812 0.00777149 0.00955775 0.0359604 0.477542 
0.30073 0.00989771 0.118708 0.00744025 0.00620079 0.038046 0.518978 
0.227411 0.0104688 0.102722 0.00902304 0.00617403 0.0498669 0.594334 
0.32805 0.0106679 0.104824 0.0076803 0.00683658 0.0376584 0.504283 
0.243882 0.0105542 0.0988433 0.00698544 0.00671551 0.0361999 0.59682 
0.35884 0.0106787 0.0930479 0.00689181 0.00675233 0.0283643 0.495425 
0.229643 0.0100969 0.0956097 0.00848998 0.00771886 0.0339374 0.614504 
0.255856 0.00899491 0.0993063 0.00705683 0.00591141 0.02458 0.598294 
0.205513 0.00872365 0.101588 0.00659853 0.00550572 0.028694 0.643377 
0.372249 0.0086728 0.112869 0.00738941 0.00456967 0.0247069 0.469543 
0.230462 0.0101142 0.117068 0.0121449 0.0102592 0.0384847 0.581467 
0.209563 0.00925832 0.123947 0.00875278 0.00730137 0.0425296 0.598648 
0.235798 0.0104362 0.116186 0.0094032 0.0106733 0.0448445 0.572658 
0.276554 0.00992087 0.119772 0.00981328 0.00853083 0.0346122 0.540796 
0.210099 0.00895912 0.121911 0.00831433 0.00736561 0.036115 0.607236 
0.204943 0.00920163 0.113013 0.00800091 0.00890573 0.0322281 0.623707 
0.246187 0.00969655 0.129718 0.00760805 0.0128937 0.0308422 0.563055 
0.187753 0.00844216 0.145597 0.00812001 0.00924933 0.0363188 0.60452 
0.245214 0.00929574 0.128174 0.00725472 0.00818 0.0366202 0.565261 
0.227202 0.00880613 0.134791 0.00812841 0.00763516 0.0381003 0.575338 
0.0884376 0.00700223 0.171638 0.0130272 0.00771589 0.0742662 0.637912 
0.182681 0.00835204 0.146304 0.00922147 0.00664179 0.0426917 0.604108 
0.125677 0.00943833 0.150336 0.0155476 0.00869274 0.0708582 0.61945 
0.168354 0.00911565 0.136464 0.0105272 0.00930925 0.0462167 0.620013 
0.244156 0.00918068 0.158568 0.00606422 0.00749434 0.0399518 0.534585 
0.0967125 0.0083712 0.129139 0.0114509 0.00698737 0.0611864 0.686153 
0.26374 0.00886824 0.136862 0.00612144 0.00649447 0.029694 0.548219 
0.193985 0.00762469 0.156939 0.00717622 0.0069979 0.0337087 0.593569 
0.191343 0.00845234 0.159213 0.00941673 0.0100438 0.0408978 0.580633 
0.268284 0.00872216 0.161126 0.00938252 0.00723513 0.044063 0.501187 
0.317816 0.00996106 0.143294 0.00914533 0.00973143 0.049242 0.46081 
0.22943 0.00885946 0.126695 0.0077663 0.00663376 0.0495923 0.571024 
0.264446 0.00956154 0.118389 0.00829598 0.00625659 0.0492001 0.54385 
0.355143 0.0111735 0.100547 0.0114261 0.00795913 0.0392472 0.474504 
0.450752 0.0105256 0.105755 0.00596287 0.00641235 0.036144 0.384448 
0.415586 0.0106361 0.10135 0.00764199 0.00612044 0.0418138 0.416852 
0.333251 0.011326 0.0976832 0.0102711 0.00495208 0.0513777 0.491139 
0.373922 0.0104856 0.10661 0.00744624 0.00524613 0.0455692 0.45072 
0.270193 0.0112076 0.099931 0.00786294 0.00586592 0.0522086 0.552731 
0.309723 0.0115254 0.104756 0.0081644 0.00617109 0.0560394 0.503621 
0.273276 0.0113335 0.10489 0.00835721 0.00533373 0.0675833 0.529226 
0.340838 0.0123462 0.0947167 0.00654111 0.0064553 0.047868 0.491234 
0.321512 0.0107554 0.111288 0.00706325 0.00576782 0.0443919 0.499222 
0.194836 0.00967912 0.109089 0.00800884 0.00648552 0.0510881 0.620813 
0.344984 0.00968997 0.110246 0.0065364 0.00427294 0.0378268 0.486443 
0.319218 0.00954133 0.117165 0.00744456 0.0058153 0.0331215 0.507694 
0.348497 0.0094129 0.125805 0.00763903 0.00792246 0.0305226 0.470201 
0.395937 0.0104493 0.115826 0.00959919 0.00812418 0.0381084 0.421956 
0.304926 0.00889009 0.147292 0.00747591 0.00761206 0.0337104 0.490094 
0.264416 0.0127723 0.112296 0.0218443 0.0158776 0.0609839 0.511809 
0.44454 0.0107806 0.123772 0.00801292 0.0110936 0.0383519 0.363449 
0.383515 0.0107259 0.13874 0.0118918 0.010945 0.0423373 0.401844 
0.332181 0.0102686 0.152946 0.0119388 0.0114999 0.0446726 0.436493 
0.30117 0.011491 0.137787 0.0126101 0.0121361 0.0519425 0.472863 
0.388042 0.0103204 0.126655 0.0078503 0.00729903 0.0374837 0.42235 
0.351863 0.0095785 0.129184 0.00640465 0.00426688 0.0413902 0.457312 
0.358305 0.010733 0.110536 0.00864493 0.00703643 0.042351 0.462393 
0.357597 0.00978595 0.12515 0.0070844 0.00713541 0.0367392 0.456509 
0.330458 0.0108089 0.121809 0.00815278 0.010792 0.0456476 0.472332 
0.486273 0.0096756 0.1167 0.0069157 0.00791583 0.0347214 0.337799 
0.439071 0.0103929 0.127172 0.00734136 0.00766283 0.0409723 0.367388 
0.465488 0.0100418 0.120201 0.0076285 0.00905253 0.0388344 0.348754 
0.567896 0.00883923 0.12214 0.00681165 0.00734322 0.0265965 0.260374 
0.378984 0.0116306 0.120284 0.00917548 0.00961797 0.0516902 0.418617 
0.496148 0.00864763 0.123029 0.00506899 0.0077998 0.0238477 0.335459 
0.31722 0.00928353 0.130935 0.0072545 0.00734688 0.0323632 0.495597 
0.263961 0.0104245 0.159093 0.00902504 0.00874679 0.0468078 0.501943 
0.202765 0.0101166 0.134826 0.0096962 0.0078539 0.0537038 0.581039 
0.202748 0.00848975 0.133569 0.00682998 0.0044961 0.0422916 0.601575 
0.258289 0.00978782 0.140903 0.00843665 0.0078145 0.0444137 0.530356 
0.235203 0.00993901 0.1581 0.00818831 0.00907013 0.0443378 0.535162 
0.22709 0.0103952 0.146592 0.00976158 0.00880114 0.0527252 0.544636 
0.343478 0.0103285 0.127962 0.00679205 0.00740343 0.0365225 0.467513 
0.395722 0.0100664 0.131197 0.00656509 0.00618477 0.0377532 0.412511 
0.375248 0.0115957 0.11447 0.00823625 0.0110227 0.05048 0.428948 
0.43223 0.0089415 0.131115 0.00671907 0.00650632 0.0286775 0.385811 
0.363564 0.00856457 0.121026 0.00702952 0.00612596 0.0282375 0.465452 
0.250521 0.00812972 0.144389 0.00845587 0.00594542 0.0311112 0.551447 
0.302329 0.00880698 0.137671 0.00882918 0.00708653 0.0387102 0.496567 
0.267543 0.00837493 0.140657 0.00767272 0.00575713 0.0396906 0.530304 
0.314361 0.00828129 0.137501 0.0075963 0.00576593 0.0348687 0.491626 
0.288416 0.00833275 0.143354 0.00881381 0.00785034 0.0315253 0.511707 
0.299978 0.00858341 0.135393 0.00677194 0.00794456 0.0293058 0.512023 
0.340047 0.00832214 0.138083 0.00726386 0.00739767 0.0298575 0.469029 
0.304608 0.0083052 0.141776 0.00801592 0.00687208 0.0321076 0.498315 
0.315293 0.00837385 0.146251 0.00755383 0.00787913 0.0310197 0.48363 
0.320107 0.00800935 0.153951 0.00658646 0.00713501 0.0332308 0.470981 
0.286165 0.00874453 0.149636 0.00700008 0.00834233 0.0352916 0.504821 
0.293011 0.00858106 0.143012 0.0072276 0.00854316 0.0359502 0.503675 
0.216356 0.00824936 0.156903 0.00782637 0.00810271 0.0357185 0.566844 
0.258397 0.00833727 0.152224 0.00713589 0.00721098 0.0325158 0.534179 
0.279391 0.00879398 0.139845 0.00526486 0.00677083 0.0277688 0.532165 
